Date & time of file creation	13/06/2018 1:47 PM													
Data file path	C:\Users\ameli\Desktop\Diego Barneche\13_06_2018\26_C_old_witrox_12.txt													
														
														
CALIBRATION DATA														
Parameter/Channel	N moving average	LO phase [r.U.]	HI phase [r.U.]	LO oxygen [%air saturation]	HI oxygen [%air saturation]	LO temperature [°C]	HI temperature [°C]	Salinity [‰]						
S WOT 0041 000001   , CH 1	1	59.69	27.94	0.00	100.00	26.12	26.14	0.000						
S WOT 0041 000001   , CH 2	1	59.69	27.94	0.00	100.00	26.12	26.14	0.000						
S WOT 0041 000001   , CH 3	1	59.69	27.94	0.00	100.00	26.12	26.14	0.000						
S WOT 0041 000001   , CH 4	1	59.69	27.94	0.00	100.00	26.12	26.14	0.000						
														
														
Date &Time [DD-MM-YYYY HH:MM:SS]	Time stamp code	Barometric pressure [hPa]	S WOT 0041 000001   , CH 1 phase [r.U.]	S WOT 0041 000001   , CH 1 temp [°C]	S WOT 0041 000001   , CH 1 O2 [% air saturation]	S WOT 0041 000001   , CH 2 phase [r.U.]	S WOT 0041 000001   , CH 2 temp [°C]	S WOT 0041 000001   , CH 2 O2 [% air saturation]	S WOT 0041 000001   , CH 3 phase [r.U.]	S WOT 0041 000001   , CH 3 temp [°C]	S WOT 0041 000001   , CH 3 O2 [% air saturation]	S WOT 0041 000001   , CH 4 phase [r.U.]	S WOT 0041 000001   , CH 4 temp [°C]	S WOT 0041 000001   , CH 4 O2 [% air saturation]
13/06/2018 1:48:34 PM	3611706514	1013.00	27.18	26.16	107.4	27.33	26.16	105.8	27.25	26.16	106.6	NaN	26.16	NaN
13/06/2018 1:48:35 PM	3611706515	1013.00	27.20	26.17	107.1	27.28	26.17	106.3	27.28	26.17	106.3	NaN	26.17	NaN
13/06/2018 1:48:36 PM	3611706516	1013.00	27.22	26.16	106.9	27.29	26.16	106.2	27.23	26.16	106.8	NaN	26.16	NaN
13/06/2018 1:48:37 PM	3611706517	1013.00	27.19	26.16	107.3	27.31	26.16	106.0	27.26	26.16	106.5	NaN	26.16	NaN
13/06/2018 1:48:38 PM	3611706518	1013.00	27.20	26.15	107.2	27.30	26.15	106.2	27.24	26.15	106.8	NaN	26.15	NaN
13/06/2018 1:48:39 PM	3611706519	1013.00	27.20	26.15	107.2	27.30	26.15	106.2	27.33	26.15	105.9	NaN	26.15	NaN
13/06/2018 1:48:40 PM	3611706520	1013.00	27.22	26.15	107.0	27.30	26.15	106.2	27.29	26.15	106.3	NaN	26.15	NaN
13/06/2018 1:48:41 PM	3611706521	1013.00	27.23	26.15	106.9	27.29	26.15	106.3	27.26	26.15	106.6	NaN	26.15	NaN
13/06/2018 1:48:42 PM	3611706522	1013.00	27.18	26.15	107.4	27.25	26.15	106.7	27.24	26.15	106.8	NaN	26.15	NaN
13/06/2018 1:48:43 PM	3611706523	1013.00	27.21	26.16	107.0	27.28	26.16	106.3	27.24	26.16	106.7	NaN	26.16	NaN
13/06/2018 1:48:44 PM	3611706524	1013.00	27.20	26.16	107.2	27.28	26.16	106.3	27.26	26.16	106.5	NaN	26.16	NaN
13/06/2018 1:48:45 PM	3611706525	1013.00	27.22	26.16	106.9	27.32	26.16	105.9	27.24	26.16	106.7	NaN	26.16	NaN
13/06/2018 1:48:46 PM	3611706526	1013.00	27.20	26.16	107.2	27.29	26.16	106.2	27.30	26.16	106.1	NaN	26.16	NaN
13/06/2018 1:48:47 PM	3611706527	1013.00	27.20	26.15	107.2	27.27	26.15	106.5	27.25	26.15	106.7	NaN	26.15	NaN
13/06/2018 1:48:48 PM	3611706528	1013.00	27.20	26.15	107.2	27.32	26.15	106.0	27.25	26.15	106.7	NaN	26.15	NaN
13/06/2018 1:48:49 PM	3611706529	1013.00	27.21	26.16	107.0	27.29	26.16	106.2	27.30	26.16	106.1	NaN	26.16	NaN
13/06/2018 1:48:50 PM	3611706530	1013.00	27.20	26.15	107.2	27.30	26.15	106.2	27.25	26.15	106.7	NaN	26.15	NaN
13/06/2018 1:48:51 PM	3611706531	1013.00	27.19	26.16	107.3	27.32	26.16	105.9	27.25	26.16	106.6	NaN	26.16	NaN
13/06/2018 1:48:52 PM	3611706532	1013.00	27.20	26.16	107.2	27.30	26.16	106.1	27.23	26.16	106.8	NaN	26.16	NaN
13/06/2018 1:48:53 PM	3611706533	1013.00	27.21	26.16	107.0	27.32	26.16	105.9	27.27	26.16	106.4	NaN	26.16	NaN
13/06/2018 1:48:54 PM	3611706534	1013.00	27.19	26.16	107.3	27.31	26.16	106.0	27.23	26.16	106.8	NaN	26.16	NaN
13/06/2018 1:48:55 PM	3611706535	1013.00	27.20	26.17	107.1	27.32	26.17	105.9	27.25	26.17	106.6	NaN	26.17	NaN
13/06/2018 1:48:56 PM	3611706536	1013.00	27.20	26.16	107.2	27.32	26.16	105.9	27.27	26.16	106.4	NaN	26.16	NaN
13/06/2018 1:48:57 PM	3611706537	1013.00	27.17	26.16	107.5	27.29	26.16	106.2	27.23	26.16	106.8	NaN	26.16	NaN
13/06/2018 1:48:58 PM	3611706538	1013.00	27.19	26.16	107.3	27.30	26.16	106.1	27.29	26.16	106.2	NaN	26.16	NaN
13/06/2018 1:48:59 PM	3611706539	1013.00	27.18	26.16	107.4	27.31	26.16	106.0	27.26	26.16	106.5	NaN	26.16	NaN
13/06/2018 1:49:00 PM	3611706540	1013.00	27.19	26.16	107.3	27.29	26.16	106.2	27.24	26.16	106.7	NaN	26.16	NaN
13/06/2018 1:49:01 PM	3611706541	1013.00	27.21	26.16	107.0	27.29	26.16	106.2	27.22	26.16	106.9	NaN	26.16	NaN
13/06/2018 1:49:02 PM	3611706542	1013.00	27.19	26.16	107.3	27.28	26.16	106.3	27.23	26.16	106.8	NaN	26.16	NaN
13/06/2018 1:49:03 PM	3611706543	1013.00	27.20	26.17	107.1	27.27	26.17	106.4	27.29	26.17	106.2	NaN	26.17	NaN
13/06/2018 1:49:04 PM	3611706544	1013.00	27.19	26.17	107.2	27.27	26.17	106.4	27.31	26.17	106.0	NaN	26.17	NaN
13/06/2018 1:49:05 PM	3611706545	1013.00	27.20	26.16	107.2	27.31	26.16	106.0	27.26	26.16	106.5	NaN	26.16	NaN
13/06/2018 1:49:06 PM	3611706546	1013.00	27.21	26.17	107.0	27.28	26.17	106.3	27.28	26.17	106.3	NaN	26.17	NaN
13/06/2018 1:49:07 PM	3611706547	1013.00	27.22	26.17	106.9	27.32	26.17	105.9	27.24	26.17	106.7	NaN	26.17	NaN
13/06/2018 1:49:08 PM	3611706548	1013.00	27.21	26.17	107.0	27.31	26.17	106.0	27.25	26.17	106.6	NaN	26.17	NaN
13/06/2018 1:49:09 PM	3611706549	1013.00	27.20	26.17	107.1	27.30	26.17	106.1	27.30	26.17	106.1	NaN	26.17	NaN
13/06/2018 1:49:10 PM	3611706550	1013.00	27.20	26.17	107.1	27.29	26.17	106.2	27.25	26.17	106.6	NaN	26.17	NaN
13/06/2018 1:49:11 PM	3611706551	1013.00	27.22	26.17	106.9	27.32	26.17	105.9	27.23	26.17	106.8	NaN	26.17	NaN
13/06/2018 1:49:12 PM	3611706552	1013.00	27.20	26.16	107.2	27.29	26.16	106.2	27.25	26.16	106.6	NaN	26.16	NaN
13/06/2018 1:49:13 PM	3611706553	1013.00	27.21	26.16	107.0	27.30	26.16	106.1	27.25	26.16	106.6	NaN	26.16	NaN
13/06/2018 1:49:14 PM	3611706554	1013.00	27.20	26.16	107.2	27.32	26.16	105.9	27.27	26.16	106.4	NaN	26.16	NaN
13/06/2018 1:49:15 PM	3611706555	1013.00	27.20	26.16	107.2	27.31	26.16	106.0	27.30	26.16	106.1	NaN	26.16	NaN
13/06/2018 1:49:16 PM	3611706556	1013.00	27.20	26.16	107.2	27.30	26.16	106.1	27.25	26.16	106.6	NaN	26.16	NaN
13/06/2018 1:49:17 PM	3611706557	1013.00	27.21	26.17	107.0	27.28	26.17	106.3	27.26	26.17	106.5	NaN	26.17	NaN
13/06/2018 1:49:18 PM	3611706558	1013.00	27.19	26.17	107.2	27.31	26.17	106.0	27.27	26.17	106.4	NaN	26.17	NaN
13/06/2018 1:49:19 PM	3611706559	1013.00	27.21	26.17	107.0	27.29	26.17	106.2	27.34	26.17	105.7	NaN	26.17	NaN
13/06/2018 1:49:20 PM	3611706560	1013.00	27.20	26.18	107.1	27.31	26.18	106.0	27.23	26.18	106.8	NaN	26.18	NaN
13/06/2018 1:49:21 PM	3611706561	1013.00	27.21	26.17	107.0	27.28	26.17	106.3	27.30	26.17	106.1	NaN	26.17	NaN
13/06/2018 1:49:22 PM	3611706562	1013.00	27.20	26.17	107.1	27.29	26.17	106.2	27.24	26.17	106.7	NaN	26.17	NaN
13/06/2018 1:49:23 PM	3611706563	1013.00	27.21	26.17	107.0	27.32	26.17	105.9	27.24	26.17	106.7	NaN	26.17	NaN
13/06/2018 1:49:24 PM	3611706564	1013.00	27.20	26.17	107.1	27.32	26.17	105.9	27.29	26.17	106.2	NaN	26.17	NaN
13/06/2018 1:49:25 PM	3611706565	1013.00	27.21	26.17	107.0	27.30	26.17	106.1	27.29	26.17	106.2	NaN	26.17	NaN
13/06/2018 1:49:26 PM	3611706566	1013.00	27.20	26.17	107.1	27.27	26.17	106.4	27.28	26.17	106.3	NaN	26.17	NaN
13/06/2018 1:49:27 PM	3611706567	1013.00	27.21	26.17	107.0	27.32	26.17	105.9	27.25	26.17	106.6	NaN	26.17	NaN
13/06/2018 1:49:28 PM	3611706568	1013.00	27.20	26.18	107.1	27.29	26.18	106.2	27.28	26.18	106.3	NaN	26.18	NaN
13/06/2018 1:49:29 PM	3611706569	1013.00	27.21	26.17	107.0	27.32	26.17	105.9	27.29	26.17	106.2	NaN	26.17	NaN
13/06/2018 1:49:30 PM	3611706570	1013.00	27.20	26.17	107.1	27.30	26.17	106.1	27.22	26.17	106.9	NaN	26.17	NaN
13/06/2018 1:49:31 PM	3611706571	1013.00	27.23	26.17	106.8	27.31	26.17	106.0	27.26	26.17	106.5	NaN	26.17	NaN
13/06/2018 1:49:32 PM	3611706572	1013.00	27.20	26.17	107.1	27.32	26.17	105.9	27.24	26.17	106.7	NaN	26.17	NaN
13/06/2018 1:49:33 PM	3611706573	1013.00	27.21	26.17	107.0	27.26	26.17	106.5	27.30	26.17	106.1	NaN	26.17	NaN
13/06/2018 1:49:34 PM	3611706574	1013.00	27.22	26.17	106.9	27.29	26.17	106.2	27.27	26.17	106.4	NaN	26.17	NaN
13/06/2018 1:49:35 PM	3611706575	1013.00	27.19	26.17	107.2	27.30	26.17	106.1	27.24	26.17	106.7	NaN	26.17	NaN
13/06/2018 1:49:36 PM	3611706576	1013.00	27.22	26.17	106.9	27.32	26.17	105.9	27.25	26.17	106.6	NaN	26.17	NaN
13/06/2018 1:49:37 PM	3611706577	1013.00	27.22	26.17	106.9	27.31	26.17	106.0	27.26	26.17	106.5	NaN	26.17	NaN
13/06/2018 1:49:38 PM	3611706578	1013.00	27.21	26.17	107.0	27.30	26.17	106.1	27.25	26.17	106.6	NaN	26.17	NaN
13/06/2018 1:49:39 PM	3611706579	1013.00	27.21	26.17	107.0	27.31	26.17	106.0	27.28	26.17	106.3	NaN	26.17	NaN
13/06/2018 1:49:40 PM	3611706580	1013.00	27.21	26.17	107.0	27.29	26.17	106.2	27.23	26.17	106.8	NaN	26.17	NaN
13/06/2018 1:49:41 PM	3611706581	1013.00	27.23	26.18	106.8	27.29	26.18	106.2	27.26	26.18	106.5	NaN	26.18	NaN
13/06/2018 1:49:42 PM	3611706582	1013.00	27.23	26.17	106.8	27.30	26.17	106.1	27.23	26.17	106.8	NaN	26.17	NaN
13/06/2018 1:49:43 PM	3611706583	1013.00	27.23	26.18	106.8	27.34	26.18	105.7	27.25	26.18	106.6	NaN	26.18	NaN
13/06/2018 1:49:44 PM	3611706584	1013.00	27.21	26.19	107.0	27.29	26.19	106.2	27.29	26.19	106.2	NaN	26.19	NaN
13/06/2018 1:49:45 PM	3611706585	1013.00	27.20	26.18	107.1	27.33	26.18	105.8	27.24	26.18	106.7	NaN	26.18	NaN
13/06/2018 1:49:46 PM	3611706586	1013.00	27.20	26.18	107.1	27.27	26.18	106.4	27.23	26.18	106.8	NaN	26.18	NaN
13/06/2018 1:49:47 PM	3611706587	1013.00	27.20	26.18	107.1	27.30	26.18	106.1	27.25	26.18	106.6	NaN	26.18	NaN
13/06/2018 1:49:48 PM	3611706588	1013.00	27.23	26.18	106.8	27.30	26.18	106.1	27.26	26.18	106.5	NaN	26.18	NaN
13/06/2018 1:49:49 PM	3611706589	1013.00	27.21	26.17	107.0	27.32	26.17	105.9	27.25	26.17	106.6	NaN	26.17	NaN
13/06/2018 1:49:50 PM	3611706590	1013.00	27.21	26.17	107.0	27.27	26.17	106.4	27.28	26.17	106.3	NaN	26.17	NaN
13/06/2018 1:49:51 PM	3611706591	1013.00	27.21	26.18	107.0	27.32	26.18	105.9	27.24	26.18	106.7	NaN	26.18	NaN
13/06/2018 1:49:52 PM	3611706592	1013.00	27.20	26.18	107.1	27.30	26.18	106.1	27.28	26.18	106.3	NaN	26.18	NaN
13/06/2018 1:49:53 PM	3611706593	1013.00	27.22	26.18	106.9	27.30	26.18	106.1	27.27	26.18	106.4	NaN	26.18	NaN
13/06/2018 1:49:54 PM	3611706594	1013.00	27.21	26.18	107.0	27.28	26.18	106.3	27.27	26.18	106.4	NaN	26.18	NaN
13/06/2018 1:49:55 PM	3611706595	1013.00	27.20	26.18	107.1	27.32	26.18	105.9	27.25	26.18	106.6	NaN	26.18	NaN
13/06/2018 1:49:56 PM	3611706596	1013.00	27.23	26.17	106.8	27.30	26.17	106.1	27.27	26.17	106.4	NaN	26.17	NaN
13/06/2018 1:49:57 PM	3611706597	1013.00	27.23	26.18	106.8	27.30	26.18	106.1	27.31	26.18	106.0	NaN	26.18	NaN
13/06/2018 1:49:58 PM	3611706598	1013.00	27.23	26.18	106.8	27.30	26.18	106.1	27.25	26.18	106.6	NaN	26.18	NaN
13/06/2018 1:49:59 PM	3611706599	1013.00	27.22	26.18	106.9	27.31	26.18	106.0	27.26	26.18	106.5	NaN	26.18	NaN
13/06/2018 1:50:00 PM	3611706600	1013.00	27.20	26.18	107.1	27.30	26.18	106.1	27.27	26.18	106.4	NaN	26.18	NaN
13/06/2018 1:50:01 PM	3611706601	1013.00	27.21	26.19	107.0	27.31	26.19	106.0	27.27	26.19	106.4	NaN	26.19	NaN
13/06/2018 1:50:02 PM	3611706602	1013.00	27.22	26.19	106.9	27.31	26.19	106.0	27.27	26.19	106.4	NaN	26.19	NaN
13/06/2018 1:50:03 PM	3611706603	1013.00	27.23	26.19	106.8	27.29	26.19	106.2	27.23	26.19	106.8	NaN	26.19	NaN
13/06/2018 1:50:04 PM	3611706604	1013.00	27.23	26.18	106.8	27.31	26.18	106.0	27.27	26.18	106.4	NaN	26.18	NaN
13/06/2018 1:50:05 PM	3611706605	1013.00	27.23	26.18	106.8	27.29	26.18	106.2	27.27	26.18	106.4	NaN	26.18	NaN
13/06/2018 1:50:06 PM	3611706606	1013.00	27.21	26.18	107.0	27.30	26.18	106.1	27.29	26.18	106.2	NaN	26.18	NaN
13/06/2018 1:50:07 PM	3611706607	1013.00	27.22	26.18	106.9	27.27	26.18	106.4	27.21	26.18	107.0	NaN	26.18	NaN
13/06/2018 1:50:08 PM	3611706608	1013.00	27.21	26.18	107.0	27.26	26.18	106.5	27.27	26.18	106.4	NaN	26.18	NaN
13/06/2018 1:50:09 PM	3611706609	1013.00	27.22	26.18	106.9	27.27	26.18	106.4	27.26	26.18	106.5	NaN	26.18	NaN
13/06/2018 1:50:10 PM	3611706610	1013.00	27.22	26.18	106.9	27.29	26.18	106.2	27.30	26.18	106.1	NaN	26.18	NaN
13/06/2018 1:50:11 PM	3611706611	1013.00	27.21	26.17	107.0	27.30	26.17	106.1	27.27	26.17	106.4	NaN	26.17	NaN
13/06/2018 1:50:12 PM	3611706612	1013.00	27.21	26.17	107.0	27.30	26.17	106.1	27.27	26.17	106.4	NaN	26.17	NaN
13/06/2018 1:50:13 PM	3611706613	1013.00	27.22	26.17	106.9	27.28	26.17	106.3	27.24	26.17	106.7	NaN	26.17	NaN
13/06/2018 1:50:14 PM	3611706614	1013.00	27.23	26.17	106.8	27.27	26.17	106.4	27.32	26.17	105.9	NaN	26.17	NaN
13/06/2018 1:50:15 PM	3611706615	1013.00	27.24	26.17	106.7	27.30	26.17	106.1	27.26	26.17	106.5	NaN	26.17	NaN
13/06/2018 1:50:16 PM	3611706616	1013.00	27.23	26.17	106.8	27.30	26.17	106.1	27.27	26.17	106.4	NaN	26.17	NaN
13/06/2018 1:50:17 PM	3611706617	1013.00	27.23	26.18	106.8	27.32	26.18	105.9	27.30	26.18	106.1	NaN	26.18	NaN
13/06/2018 1:50:18 PM	3611706618	1013.00	27.22	26.17	106.9	27.29	26.17	106.2	27.28	26.17	106.3	NaN	26.17	NaN
13/06/2018 1:50:19 PM	3611706619	1013.00	27.20	26.18	107.1	27.29	26.18	106.2	27.23	26.18	106.8	NaN	26.18	NaN
13/06/2018 1:50:20 PM	3611706620	1013.00	27.24	26.18	106.7	27.29	26.18	106.2	27.29	26.18	106.2	NaN	26.18	NaN
13/06/2018 1:50:21 PM	3611706621	1013.00	27.23	26.18	106.8	27.33	26.18	105.8	27.31	26.18	106.0	NaN	26.18	NaN
13/06/2018 1:50:22 PM	3611706622	1013.00	27.21	26.17	107.0	27.27	26.17	106.4	27.24	26.17	106.7	NaN	26.17	NaN
13/06/2018 1:50:23 PM	3611706623	1013.00	27.21	26.19	107.0	27.29	26.19	106.2	27.25	26.19	106.6	NaN	26.19	NaN
13/06/2018 1:50:24 PM	3611706624	1013.00	27.22	26.18	106.9	27.32	26.18	105.9	27.28	26.18	106.3	NaN	26.18	NaN
13/06/2018 1:50:25 PM	3611706625	1013.00	27.23	26.18	106.8	27.30	26.18	106.1	27.29	26.18	106.2	NaN	26.18	NaN
13/06/2018 1:50:26 PM	3611706626	1013.00	27.22	26.19	106.9	27.25	26.19	106.6	27.27	26.19	106.4	NaN	26.19	NaN
13/06/2018 1:50:27 PM	3611706627	1013.00	27.23	26.19	106.8	27.31	26.19	106.0	27.30	26.19	106.1	NaN	26.19	NaN
13/06/2018 1:50:28 PM	3611706628	1013.00	27.21	26.19	107.0	27.29	26.19	106.2	27.28	26.19	106.3	NaN	26.19	NaN
13/06/2018 1:50:29 PM	3611706629	1013.00	27.21	26.19	107.0	27.29	26.19	106.2	27.29	26.19	106.2	NaN	26.19	NaN
13/06/2018 1:50:30 PM	3611706630	1013.00	27.21	26.19	107.0	27.30	26.19	106.1	27.25	26.19	106.6	NaN	26.19	NaN
13/06/2018 1:50:31 PM	3611706631	1013.00	27.23	26.19	106.8	27.30	26.19	106.1	27.25	26.19	106.6	NaN	26.19	NaN
13/06/2018 1:50:32 PM	3611706632	1013.00	27.21	26.19	107.0	27.31	26.19	106.0	27.30	26.19	106.1	NaN	26.19	NaN
13/06/2018 1:50:33 PM	3611706633	1013.00	27.24	26.19	106.7	27.28	26.19	106.3	27.28	26.19	106.3	NaN	26.19	NaN
13/06/2018 1:50:34 PM	3611706634	1013.00	27.22	26.19	106.9	27.29	26.19	106.2	27.29	26.19	106.2	NaN	26.19	NaN
13/06/2018 1:50:35 PM	3611706635	1013.00	27.22	26.19	106.9	27.31	26.19	106.0	27.28	26.19	106.3	NaN	26.19	NaN
13/06/2018 1:50:36 PM	3611706636	1013.00	27.23	26.19	106.8	27.33	26.19	105.8	27.30	26.19	106.1	NaN	26.19	NaN
13/06/2018 1:50:37 PM	3611706637	1013.00	27.21	26.19	107.0	27.33	26.19	105.8	27.24	26.19	106.7	NaN	26.19	NaN
13/06/2018 1:50:38 PM	3611706638	1013.00	27.22	26.19	106.9	27.30	26.19	106.1	27.25	26.19	106.6	NaN	26.19	NaN
13/06/2018 1:50:39 PM	3611706639	1013.00	27.22	26.19	106.9	27.24	26.19	106.7	27.26	26.19	106.5	NaN	26.19	NaN
13/06/2018 1:50:40 PM	3611706640	1013.00	27.23	26.19	106.8	27.30	26.19	106.1	27.27	26.19	106.4	NaN	26.19	NaN
13/06/2018 1:50:41 PM	3611706641	1013.00	27.23	26.19	106.8	27.30	26.19	106.1	27.25	26.19	106.6	NaN	26.19	NaN
13/06/2018 1:50:42 PM	3611706642	1013.00	27.23	26.19	106.8	27.30	26.19	106.1	27.32	26.19	105.9	NaN	26.19	NaN
13/06/2018 1:50:43 PM	3611706643	1013.00	27.20	26.19	107.1	27.31	26.19	106.0	27.29	26.19	106.2	NaN	26.19	NaN
13/06/2018 1:50:44 PM	3611706644	1013.00	27.21	26.19	107.0	27.30	26.19	106.1	27.29	26.19	106.2	NaN	26.19	NaN
13/06/2018 1:50:45 PM	3611706645	1013.00	27.23	26.20	106.8	27.32	26.20	105.9	27.30	26.20	106.1	NaN	26.20	NaN
13/06/2018 1:50:46 PM	3611706646	1013.00	27.21	26.20	107.0	27.30	26.20	106.1	27.28	26.20	106.3	NaN	26.20	NaN
13/06/2018 1:50:47 PM	3611706647	1013.00	27.24	26.20	106.7	27.29	26.20	106.2	27.25	26.20	106.6	NaN	26.20	NaN
13/06/2018 1:50:48 PM	3611706648	1013.00	27.25	26.20	106.6	27.29	26.20	106.2	27.30	26.20	106.1	NaN	26.20	NaN
13/06/2018 1:50:49 PM	3611706649	1013.00	27.23	26.19	106.8	27.30	26.19	106.1	27.28	26.19	106.3	NaN	26.19	NaN
13/06/2018 1:50:50 PM	3611706650	1013.00	27.22	26.19	106.9	27.30	26.19	106.1	27.33	26.19	105.8	NaN	26.19	NaN
13/06/2018 1:50:51 PM	3611706651	1013.00	27.24	26.18	106.7	27.30	26.18	106.1	27.30	26.18	106.1	NaN	26.18	NaN
13/06/2018 1:50:52 PM	3611706652	1013.00	27.25	26.18	106.6	27.32	26.18	105.9	27.31	26.18	106.0	NaN	26.18	NaN
13/06/2018 1:50:53 PM	3611706653	1013.00	27.24	26.18	106.7	27.30	26.18	106.1	27.26	26.18	106.5	NaN	26.18	NaN
13/06/2018 1:50:54 PM	3611706654	1013.00	27.26	26.19	106.5	27.29	26.19	106.2	27.30	26.19	106.1	NaN	26.19	NaN
13/06/2018 1:50:55 PM	3611706655	1013.00	27.22	26.19	106.9	27.33	26.19	105.8	27.36	26.19	105.5	NaN	26.19	NaN
13/06/2018 1:50:56 PM	3611706656	1013.00	27.23	26.19	106.8	27.33	26.19	105.8	27.27	26.19	106.4	NaN	26.19	NaN
13/06/2018 1:50:57 PM	3611706657	1013.00	27.22	26.19	106.9	27.32	26.19	105.9	27.26	26.19	106.5	NaN	26.19	NaN
13/06/2018 1:50:58 PM	3611706658	1013.00	27.24	26.19	106.7	27.34	26.19	105.7	27.27	26.19	106.4	NaN	26.19	NaN
13/06/2018 1:50:59 PM	3611706659	1013.00	27.22	26.19	106.9	27.32	26.19	105.9	27.27	26.19	106.4	NaN	26.19	NaN
13/06/2018 1:51:00 PM	3611706660	1013.00	27.24	26.19	106.7	27.34	26.19	105.7	27.28	26.19	106.3	NaN	26.19	NaN
13/06/2018 1:51:01 PM	3611706661	1013.00	27.22	26.19	106.9	27.32	26.19	105.9	27.26	26.19	106.5	NaN	26.19	NaN
13/06/2018 1:51:02 PM	3611706662	1013.00	27.23	26.20	106.8	27.32	26.20	105.9	27.32	26.20	105.9	NaN	26.20	NaN
13/06/2018 1:51:03 PM	3611706663	1013.00	27.22	26.20	106.9	27.30	26.20	106.1	27.24	26.20	106.7	NaN	26.20	NaN
13/06/2018 1:51:04 PM	3611706664	1013.00	27.24	26.20	106.7	27.29	26.20	106.2	27.25	26.20	106.6	NaN	26.20	NaN
13/06/2018 1:51:05 PM	3611706665	1013.00	27.22	26.19	106.9	27.31	26.19	106.0	27.28	26.19	106.3	NaN	26.19	NaN
13/06/2018 1:51:06 PM	3611706666	1013.00	27.22	26.19	106.9	27.34	26.19	105.7	27.27	26.19	106.4	NaN	26.19	NaN
13/06/2018 1:51:07 PM	3611706667	1013.00	27.24	26.20	106.7	27.30	26.20	106.1	27.27	26.20	106.4	NaN	26.20	NaN
13/06/2018 1:51:08 PM	3611706668	1013.00	27.23	26.19	106.8	27.31	26.19	106.0	27.28	26.19	106.3	NaN	26.19	NaN
13/06/2018 1:51:09 PM	3611706669	1013.00	27.25	26.18	106.6	27.32	26.18	105.9	27.27	26.18	106.4	NaN	26.18	NaN
13/06/2018 1:51:10 PM	3611706670	1013.00	27.23	26.19	106.8	27.32	26.19	105.9	27.29	26.19	106.2	NaN	26.19	NaN
13/06/2018 1:51:11 PM	3611706671	1013.00	27.23	26.18	106.8	27.30	26.18	106.1	27.25	26.18	106.6	NaN	26.18	NaN
13/06/2018 1:51:12 PM	3611706672	1013.00	27.22	26.18	106.9	27.34	26.18	105.7	27.31	26.18	106.0	NaN	26.18	NaN
13/06/2018 1:51:13 PM	3611706673	1013.00	27.24	26.18	106.7	27.34	26.18	105.7	27.21	26.18	107.0	NaN	26.18	NaN
13/06/2018 1:51:14 PM	3611706674	1013.00	27.25	26.19	106.6	27.32	26.19	105.9	27.27	26.19	106.4	NaN	26.19	NaN
13/06/2018 1:51:15 PM	3611706675	1013.00	27.24	26.18	106.7	27.34	26.18	105.7	27.30	26.18	106.1	NaN	26.18	NaN
13/06/2018 1:51:16 PM	3611706676	1013.00	27.23	26.18	106.8	27.30	26.18	106.1	27.30	26.18	106.1	NaN	26.18	NaN
13/06/2018 1:51:17 PM	3611706677	1013.00	27.23	26.18	106.8	27.34	26.18	105.7	27.35	26.18	105.6	NaN	26.18	NaN
13/06/2018 1:51:18 PM	3611706678	1013.00	27.23	26.18	106.8	27.30	26.18	106.1	27.30	26.18	106.1	NaN	26.18	NaN
13/06/2018 1:51:19 PM	3611706679	1013.00	27.22	26.18	106.9	27.34	26.18	105.7	27.29	26.18	106.2	NaN	26.18	NaN
13/06/2018 1:51:20 PM	3611706680	1013.00	27.27	26.18	106.4	27.36	26.18	105.5	27.26	26.18	106.5	NaN	26.18	NaN
13/06/2018 1:51:21 PM	3611706681	1013.00	27.25	26.19	106.6	27.35	26.19	105.6	27.35	26.19	105.6	NaN	26.19	NaN
13/06/2018 1:51:22 PM	3611706682	1013.00	27.25	26.19	106.6	27.32	26.19	105.9	27.30	26.19	106.1	NaN	26.19	NaN
13/06/2018 1:51:23 PM	3611706683	1013.00	27.23	26.20	106.8	27.30	26.20	106.1	27.30	26.20	106.1	NaN	26.20	NaN
13/06/2018 1:51:24 PM	3611706684	1013.00	27.25	26.19	106.6	27.34	26.19	105.7	27.33	26.19	105.8	NaN	26.19	NaN
13/06/2018 1:51:25 PM	3611706685	1013.00	27.24	26.19	106.7	27.33	26.19	105.8	27.29	26.19	106.2	NaN	26.19	NaN
13/06/2018 1:51:26 PM	3611706686	1013.00	27.25	26.19	106.6	27.30	26.19	106.1	27.32	26.19	105.9	NaN	26.19	NaN
13/06/2018 1:51:27 PM	3611706687	1013.00	27.25	26.19	106.6	27.35	26.19	105.6	27.31	26.19	106.0	NaN	26.19	NaN
13/06/2018 1:51:28 PM	3611706688	1013.00	27.24	26.18	106.7	27.34	26.18	105.7	27.31	26.18	106.0	NaN	26.18	NaN
13/06/2018 1:51:29 PM	3611706689	1013.00	27.26	26.19	106.5	27.34	26.19	105.7	27.28	26.19	106.3	NaN	26.19	NaN
13/06/2018 1:51:30 PM	3611706690	1013.00	27.24	26.18	106.7	27.36	26.18	105.5	27.32	26.18	105.9	NaN	26.18	NaN
13/06/2018 1:51:31 PM	3611706691	1013.00	27.25	26.18	106.6	27.34	26.18	105.7	27.32	26.18	105.9	NaN	26.18	NaN
13/06/2018 1:51:32 PM	3611706692	1013.00	27.26	26.18	106.5	27.36	26.18	105.5	27.28	26.18	106.3	NaN	26.18	NaN
13/06/2018 1:51:33 PM	3611706693	1013.00	27.25	26.18	106.6	27.33	26.18	105.8	27.27	26.18	106.4	NaN	26.18	NaN
13/06/2018 1:51:34 PM	3611706694	1013.00	27.26	26.17	106.5	27.33	26.17	105.8	27.31	26.17	106.0	NaN	26.17	NaN
13/06/2018 1:51:35 PM	3611706695	1013.00	27.26	26.18	106.5	27.37	26.18	105.4	27.30	26.18	106.1	NaN	26.18	NaN
13/06/2018 1:51:36 PM	3611706696	1013.00	27.25	26.19	106.6	27.32	26.19	105.9	27.33	26.19	105.8	NaN	26.19	NaN
13/06/2018 1:51:37 PM	3611706697	1013.00	27.26	26.20	106.5	27.35	26.20	105.6	27.24	26.20	106.7	NaN	26.20	NaN
13/06/2018 1:51:38 PM	3611706698	1013.00	27.26	26.20	106.5	27.32	26.20	105.9	27.34	26.20	105.7	NaN	26.20	NaN
13/06/2018 1:51:39 PM	3611706699	1013.00	27.28	26.20	106.3	27.35	26.20	105.6	27.32	26.20	105.9	NaN	26.20	NaN
13/06/2018 1:51:40 PM	3611706700	1013.00	27.23	26.19	106.8	27.33	26.19	105.8	27.24	26.19	106.7	NaN	26.19	NaN
13/06/2018 1:51:41 PM	3611706701	1013.00	27.26	26.19	106.5	27.35	26.19	105.6	27.29	26.19	106.2	NaN	26.19	NaN
13/06/2018 1:51:42 PM	3611706702	1013.00	27.27	26.18	106.4	27.34	26.18	105.7	27.33	26.18	105.8	NaN	26.18	NaN
13/06/2018 1:51:43 PM	3611706703	1013.00	27.27	26.19	106.4	27.35	26.19	105.6	27.29	26.19	106.2	NaN	26.19	NaN
13/06/2018 1:51:44 PM	3611706704	1013.00	27.28	26.19	106.3	27.34	26.19	105.7	27.29	26.19	106.2	NaN	26.19	NaN
13/06/2018 1:51:45 PM	3611706705	1013.00	27.25	26.18	106.6	27.36	26.18	105.5	27.29	26.18	106.2	NaN	26.18	NaN
13/06/2018 1:51:46 PM	3611706706	1013.00	27.26	26.18	106.5	27.36	26.18	105.5	27.32	26.18	105.9	NaN	26.18	NaN
13/06/2018 1:51:47 PM	3611706707	1013.00	27.25	26.18	106.6	27.36	26.18	105.5	27.32	26.18	105.9	NaN	26.18	NaN
13/06/2018 1:51:48 PM	3611706708	1013.00	27.23	26.18	106.8	27.35	26.18	105.6	27.33	26.18	105.8	NaN	26.18	NaN
13/06/2018 1:51:49 PM	3611706709	1013.00	27.28	26.17	106.3	27.35	26.17	105.6	27.30	26.17	106.1	NaN	26.17	NaN
13/06/2018 1:51:50 PM	3611706710	1013.00	27.27	26.18	106.4	27.33	26.18	105.8	27.30	26.18	106.1	NaN	26.18	NaN
13/06/2018 1:51:51 PM	3611706711	1013.00	27.25	26.18	106.6	27.33	26.18	105.8	27.33	26.18	105.8	NaN	26.18	NaN
13/06/2018 1:51:52 PM	3611706712	1013.00	27.23	26.18	106.8	27.35	26.18	105.6	27.32	26.18	105.9	NaN	26.18	NaN
13/06/2018 1:51:53 PM	3611706713	1013.00	27.25	26.18	106.6	27.39	26.18	105.2	27.28	26.18	106.3	NaN	26.18	NaN
13/06/2018 1:51:54 PM	3611706714	1013.00	27.27	26.18	106.4	27.34	26.18	105.7	27.31	26.18	106.0	NaN	26.18	NaN
13/06/2018 1:51:55 PM	3611706715	1013.00	27.27	26.18	106.4	27.35	26.18	105.6	27.30	26.18	106.1	NaN	26.18	NaN
13/06/2018 1:51:56 PM	3611706716	1013.00	27.26	26.18	106.5	27.36	26.18	105.5	27.32	26.18	105.9	NaN	26.18	NaN
13/06/2018 1:51:57 PM	3611706717	1013.00	27.25	26.18	106.6	27.32	26.18	105.9	27.31	26.18	106.0	NaN	26.18	NaN
13/06/2018 1:51:58 PM	3611706718	1013.00	27.25	26.18	106.6	27.34	26.18	105.7	27.31	26.18	106.0	NaN	26.18	NaN
13/06/2018 1:51:59 PM	3611706719	1013.00	27.25	26.18	106.6	27.35	26.18	105.6	27.30	26.18	106.1	NaN	26.18	NaN
13/06/2018 1:52:00 PM	3611706720	1013.00	27.25	26.18	106.6	27.37	26.18	105.4	27.25	26.18	106.6	NaN	26.18	NaN
13/06/2018 1:52:01 PM	3611706721	1013.00	27.27	26.17	106.4	27.37	26.17	105.4	27.29	26.17	106.2	NaN	26.17	NaN
13/06/2018 1:52:02 PM	3611706722	1013.00	27.27	26.18	106.4	27.34	26.18	105.7	27.33	26.18	105.8	NaN	26.18	NaN
13/06/2018 1:52:03 PM	3611706723	1013.00	27.26	26.17	106.5	27.38	26.17	105.3	27.31	26.17	106.0	NaN	26.17	NaN
13/06/2018 1:52:04 PM	3611706724	1013.00	27.31	26.17	106.0	27.37	26.17	105.4	27.30	26.17	106.1	NaN	26.17	NaN
13/06/2018 1:52:05 PM	3611706725	1013.00	27.27	26.17	106.4	27.35	26.17	105.6	27.28	26.17	106.3	NaN	26.17	NaN
13/06/2018 1:52:06 PM	3611706726	1013.00	27.25	26.17	106.6	27.37	26.17	105.4	27.30	26.17	106.1	NaN	26.17	NaN
13/06/2018 1:52:07 PM	3611706727	1013.00	27.26	26.18	106.5	27.36	26.18	105.5	27.28	26.18	106.3	NaN	26.18	NaN
13/06/2018 1:52:08 PM	3611706728	1013.00	27.25	26.18	106.6	27.36	26.18	105.5	27.34	26.18	105.7	NaN	26.18	NaN
13/06/2018 1:52:09 PM	3611706729	1013.00	27.25	26.18	106.6	27.35	26.18	105.6	27.31	26.18	106.0	NaN	26.18	NaN
13/06/2018 1:52:10 PM	3611706730	1013.00	27.29	26.19	106.2	27.38	26.19	105.3	27.31	26.19	106.0	NaN	26.19	NaN
13/06/2018 1:52:11 PM	3611706731	1013.00	27.29	26.18	106.2	27.39	26.18	105.2	27.29	26.18	106.2	NaN	26.18	NaN
13/06/2018 1:52:12 PM	3611706732	1013.00	27.30	26.17	106.1	27.40	26.17	105.1	27.30	26.17	106.1	NaN	26.17	NaN
13/06/2018 1:52:13 PM	3611706733	1013.00	27.26	26.18	106.5	27.33	26.18	105.8	27.31	26.18	106.0	NaN	26.18	NaN
13/06/2018 1:52:14 PM	3611706734	1013.00	27.26	26.16	106.5	27.37	26.16	105.4	27.33	26.16	105.8	NaN	26.16	NaN
13/06/2018 1:52:15 PM	3611706735	1013.00	27.27	26.17	106.4	27.36	26.17	105.5	27.35	26.17	105.6	NaN	26.17	NaN
13/06/2018 1:52:16 PM	3611706736	1013.00	27.28	26.17	106.3	27.38	26.17	105.3	27.34	26.17	105.7	NaN	26.17	NaN
13/06/2018 1:52:17 PM	3611706737	1013.00	27.26	26.17	106.5	27.35	26.17	105.6	27.28	26.17	106.3	NaN	26.17	NaN
13/06/2018 1:52:18 PM	3611706738	1013.00	27.25	26.17	106.6	27.33	26.17	105.8	27.31	26.17	106.0	NaN	26.17	NaN
13/06/2018 1:52:19 PM	3611706739	1013.00	27.29	26.18	106.2	27.36	26.18	105.5	27.30	26.18	106.1	NaN	26.18	NaN
13/06/2018 1:52:20 PM	3611706740	1013.00	27.29	26.18	106.2	27.37	26.18	105.4	27.31	26.18	106.0	NaN	26.18	NaN
13/06/2018 1:52:21 PM	3611706741	1013.00	27.29	26.17	106.2	27.37	26.17	105.4	27.33	26.17	105.8	NaN	26.17	NaN
13/06/2018 1:52:22 PM	3611706742	1013.00	27.24	26.17	106.7	27.38	26.17	105.3	27.32	26.17	105.9	NaN	26.17	NaN
13/06/2018 1:52:23 PM	3611706743	1013.00	27.26	26.16	106.5	27.36	26.16	105.5	27.34	26.16	105.7	NaN	26.16	NaN
13/06/2018 1:52:24 PM	3611706744	1013.00	27.27	26.17	106.4	27.37	26.17	105.4	27.33	26.17	105.8	NaN	26.17	NaN
13/06/2018 1:52:25 PM	3611706745	1013.00	27.29	26.16	106.2	27.36	26.16	105.5	27.29	26.16	106.2	NaN	26.16	NaN
13/06/2018 1:52:26 PM	3611706746	1013.00	27.24	26.17	106.7	27.35	26.17	105.6	27.34	26.17	105.7	NaN	26.17	NaN
13/06/2018 1:52:27 PM	3611706747	1013.00	27.26	26.18	106.5	27.37	26.18	105.4	27.30	26.18	106.1	NaN	26.18	NaN
13/06/2018 1:52:28 PM	3611706748	1013.00	27.27	26.18	106.4	27.36	26.18	105.5	27.34	26.18	105.7	NaN	26.18	NaN
13/06/2018 1:52:29 PM	3611706749	1013.00	27.28	26.17	106.3	27.37	26.17	105.4	27.31	26.17	106.0	NaN	26.17	NaN
13/06/2018 1:52:30 PM	3611706750	1013.00	27.26	26.17	106.5	27.34	26.17	105.7	27.30	26.17	106.1	NaN	26.17	NaN
13/06/2018 1:52:31 PM	3611706751	1013.00	27.27	26.18	106.4	27.36	26.18	105.5	27.31	26.18	106.0	NaN	26.18	NaN
13/06/2018 1:52:32 PM	3611706752	1013.00	27.28	26.18	106.3	27.35	26.18	105.6	27.31	26.18	106.0	NaN	26.18	NaN
13/06/2018 1:52:33 PM	3611706753	1013.00	27.27	26.17	106.4	27.37	26.17	105.4	27.33	26.17	105.8	NaN	26.17	NaN
13/06/2018 1:52:34 PM	3611706754	1013.00	27.26	26.17	106.5	27.33	26.17	105.8	27.26	26.17	106.5	NaN	26.17	NaN
13/06/2018 1:52:35 PM	3611706755	1013.00	27.27	26.18	106.4	27.38	26.18	105.3	27.27	26.18	106.4	NaN	26.18	NaN
13/06/2018 1:52:36 PM	3611706756	1013.00	27.29	26.17	106.2	27.38	26.17	105.3	27.31	26.17	106.0	NaN	26.17	NaN
13/06/2018 1:52:37 PM	3611706757	1013.00	27.29	26.17	106.2	27.39	26.17	105.2	27.33	26.17	105.8	NaN	26.17	NaN
13/06/2018 1:52:38 PM	3611706758	1013.00	27.28	26.17	106.3	27.36	26.17	105.5	27.29	26.17	106.2	NaN	26.17	NaN
13/06/2018 1:52:39 PM	3611706759	1013.00	27.28	26.17	106.3	27.37	26.17	105.4	27.36	26.17	105.5	NaN	26.17	NaN
13/06/2018 1:52:40 PM	3611706760	1013.00	27.29	26.17	106.2	27.36	26.17	105.5	27.26	26.17	106.5	NaN	26.17	NaN
13/06/2018 1:52:41 PM	3611706761	1013.00	27.29	26.17	106.2	27.37	26.17	105.4	27.33	26.17	105.8	NaN	26.17	NaN
13/06/2018 1:52:42 PM	3611706762	1013.00	27.30	26.18	106.1	27.39	26.18	105.2	27.30	26.18	106.1	NaN	26.18	NaN
13/06/2018 1:52:43 PM	3611706763	1013.00	27.29	26.17	106.2	27.39	26.17	105.2	27.27	26.17	106.4	NaN	26.17	NaN
13/06/2018 1:52:44 PM	3611706764	1013.00	27.27	26.17	106.4	27.36	26.17	105.5	27.32	26.17	105.9	NaN	26.17	NaN
13/06/2018 1:52:45 PM	3611706765	1013.00	27.32	26.18	105.9	27.39	26.18	105.2	27.35	26.18	105.6	NaN	26.18	NaN
13/06/2018 1:52:46 PM	3611706766	1013.00	27.28	26.18	106.3	27.36	26.18	105.5	27.33	26.18	105.8	NaN	26.18	NaN
13/06/2018 1:52:47 PM	3611706767	1013.00	27.26	26.17	106.5	27.38	26.17	105.3	27.31	26.17	106.0	NaN	26.17	NaN
13/06/2018 1:52:48 PM	3611706768	1013.00	27.28	26.17	106.3	27.38	26.17	105.3	27.34	26.17	105.7	NaN	26.17	NaN
13/06/2018 1:52:49 PM	3611706769	1013.00	27.28	26.17	106.3	27.37	26.17	105.4	27.31	26.17	106.0	NaN	26.17	NaN
13/06/2018 1:52:50 PM	3611706770	1013.00	27.27	26.16	106.4	27.37	26.16	105.4	27.31	26.16	106.0	NaN	26.16	NaN
13/06/2018 1:52:51 PM	3611706771	1013.00	27.28	26.16	106.3	27.40	26.16	105.1	27.30	26.16	106.1	NaN	26.16	NaN
13/06/2018 1:52:52 PM	3611706772	1013.00	27.30	26.17	106.1	27.39	26.17	105.2	27.34	26.17	105.7	NaN	26.17	NaN
13/06/2018 1:52:53 PM	3611706773	1013.00	27.29	26.17	106.2	27.39	26.17	105.2	27.32	26.17	105.9	NaN	26.17	NaN
13/06/2018 1:52:54 PM	3611706774	1013.00	27.29	26.17	106.2	27.36	26.17	105.5	27.29	26.17	106.2	NaN	26.17	NaN
13/06/2018 1:52:55 PM	3611706775	1013.00	27.29	26.17	106.2	27.38	26.17	105.3	27.32	26.17	105.9	NaN	26.17	NaN
13/06/2018 1:52:56 PM	3611706776	1013.00	27.28	26.17	106.3	27.37	26.17	105.4	27.29	26.17	106.2	NaN	26.17	NaN
13/06/2018 1:52:57 PM	3611706777	1013.00	27.29	26.17	106.2	27.40	26.17	105.1	27.31	26.17	106.0	NaN	26.17	NaN
13/06/2018 1:52:58 PM	3611706778	1013.00	27.28	26.17	106.3	27.40	26.17	105.1	27.33	26.17	105.8	NaN	26.17	NaN
13/06/2018 1:52:59 PM	3611706779	1013.00	27.30	26.17	106.1	27.39	26.17	105.2	27.32	26.17	105.9	NaN	26.17	NaN
13/06/2018 1:53:00 PM	3611706780	1013.00	27.27	26.18	106.4	27.40	26.18	105.1	27.29	26.18	106.2	NaN	26.18	NaN
13/06/2018 1:53:01 PM	3611706781	1013.00	27.32	26.18	105.9	27.41	26.18	105.0	27.36	26.18	105.5	NaN	26.18	NaN
13/06/2018 1:53:02 PM	3611706782	1013.00	27.31	26.17	106.0	27.38	26.17	105.3	27.31	26.17	106.0	NaN	26.17	NaN
13/06/2018 1:53:03 PM	3611706783	1013.00	27.31	26.17	106.0	27.40	26.17	105.1	27.33	26.17	105.8	NaN	26.17	NaN
13/06/2018 1:53:04 PM	3611706784	1013.00	27.32	26.16	105.9	27.42	26.16	104.9	27.29	26.16	106.2	NaN	26.16	NaN
13/06/2018 1:53:05 PM	3611706785	1013.00	27.29	26.16	106.2	27.40	26.16	105.1	27.32	26.16	105.9	NaN	26.16	NaN
13/06/2018 1:53:06 PM	3611706786	1013.00	27.31	26.16	106.0	27.39	26.16	105.2	27.29	26.16	106.2	NaN	26.16	NaN
13/06/2018 1:53:07 PM	3611706787	1013.00	27.33	26.17	105.8	27.40	26.17	105.1	27.33	26.17	105.8	NaN	26.17	NaN
13/06/2018 1:53:08 PM	3611706788	1013.00	27.32	26.17	105.9	27.42	26.17	104.9	27.32	26.17	105.9	NaN	26.17	NaN
13/06/2018 1:53:09 PM	3611706789	1013.00	27.31	26.17	106.0	27.38	26.17	105.3	27.34	26.17	105.7	NaN	26.17	NaN
13/06/2018 1:53:10 PM	3611706790	1013.00	27.30	26.16	106.1	27.42	26.16	104.9	27.30	26.16	106.1	NaN	26.16	NaN
13/06/2018 1:53:11 PM	3611706791	1013.00	27.31	26.17	106.0	27.41	26.17	105.0	27.33	26.17	105.8	NaN	26.17	NaN
13/06/2018 1:53:12 PM	3611706792	1013.00	27.32	26.16	105.9	27.44	26.16	104.8	27.36	26.16	105.5	NaN	26.16	NaN
13/06/2018 1:53:13 PM	3611706793	1013.00	27.32	26.17	105.9	27.44	26.17	104.7	27.27	26.17	106.4	NaN	26.17	NaN
13/06/2018 1:53:14 PM	3611706794	1013.00	27.31	26.17	106.0	27.39	26.17	105.2	27.33	26.17	105.8	NaN	26.17	NaN
13/06/2018 1:53:15 PM	3611706795	1013.00	27.30	26.17	106.1	27.48	26.17	104.3	27.31	26.17	106.0	NaN	26.17	NaN
13/06/2018 1:53:16 PM	3611706796	1013.00	27.33	26.18	105.8	27.46	26.18	104.5	27.36	26.18	105.5	NaN	26.18	NaN
13/06/2018 1:53:17 PM	3611706797	1013.00	27.33	26.18	105.8	27.43	26.18	104.8	27.36	26.18	105.5	NaN	26.18	NaN
13/06/2018 1:53:18 PM	3611706798	1013.00	27.34	26.18	105.7	27.43	26.18	104.8	27.34	26.18	105.7	NaN	26.18	NaN
13/06/2018 1:53:19 PM	3611706799	1013.00	27.34	26.18	105.7	27.45	26.18	104.6	27.35	26.18	105.6	NaN	26.18	NaN
13/06/2018 1:53:20 PM	3611706800	1013.00	27.33	26.18	105.8	27.43	26.18	104.8	27.33	26.18	105.8	NaN	26.18	NaN
13/06/2018 1:53:21 PM	3611706801	1013.00	27.34	26.18	105.7	27.45	26.18	104.6	27.33	26.18	105.8	NaN	26.18	NaN
13/06/2018 1:53:22 PM	3611706802	1013.00	27.34	26.18	105.7	27.42	26.18	104.9	27.27	26.18	106.4	NaN	26.18	NaN
13/06/2018 1:53:23 PM	3611706803	1013.00	27.33	26.17	105.8	27.45	26.17	104.6	27.35	26.17	105.6	NaN	26.17	NaN
13/06/2018 1:53:24 PM	3611706804	1013.00	27.34	26.17	105.7	27.46	26.17	104.5	27.34	26.17	105.7	NaN	26.17	NaN
13/06/2018 1:53:25 PM	3611706805	1013.00	27.33	26.18	105.8	27.47	26.18	104.4	27.32	26.18	105.9	NaN	26.18	NaN
13/06/2018 1:53:26 PM	3611706806	1013.00	27.34	26.18	105.7	27.44	26.18	104.7	27.31	26.18	106.0	NaN	26.18	NaN
13/06/2018 1:53:27 PM	3611706807	1013.00	27.34	26.18	105.7	27.45	26.18	104.6	27.29	26.18	106.2	NaN	26.18	NaN
13/06/2018 1:53:28 PM	3611706808	1013.00	27.36	26.16	105.5	27.48	26.16	104.4	27.28	26.16	106.3	NaN	26.16	NaN
13/06/2018 1:53:29 PM	3611706809	1013.00	27.34	26.16	105.7	27.49	26.16	104.3	27.35	26.16	105.6	NaN	26.16	NaN
13/06/2018 1:53:30 PM	3611706810	1013.00	27.35	26.16	105.6	27.47	26.16	104.5	27.35	26.16	105.6	NaN	26.16	NaN
13/06/2018 1:53:31 PM	3611706811	1013.00	27.35	26.16	105.6	27.50	26.16	104.2	27.31	26.16	106.0	NaN	26.16	NaN
13/06/2018 1:53:32 PM	3611706812	1013.00	27.36	26.16	105.5	27.47	26.16	104.5	27.31	26.16	106.0	NaN	26.16	NaN
13/06/2018 1:53:33 PM	3611706813	1013.00	27.36	26.17	105.5	27.48	26.17	104.3	27.34	26.17	105.7	NaN	26.17	NaN
13/06/2018 1:53:34 PM	3611706814	1013.00	27.36	26.17	105.5	27.48	26.17	104.3	27.36	26.17	105.5	NaN	26.17	NaN
13/06/2018 1:53:35 PM	3611706815	1013.00	27.38	26.16	105.3	27.53	26.16	103.9	27.36	26.16	105.5	NaN	26.16	NaN
13/06/2018 1:53:36 PM	3611706816	1013.00	27.37	26.17	105.4	27.47	26.17	104.4	27.37	26.17	105.4	NaN	26.17	NaN
13/06/2018 1:53:37 PM	3611706817	1013.00	27.36	26.16	105.5	27.48	26.16	104.4	27.32	26.16	105.9	NaN	26.16	NaN
13/06/2018 1:53:38 PM	3611706818	1013.00	27.36	26.16	105.5	27.49	26.16	104.3	27.27	26.16	106.4	NaN	26.16	NaN
13/06/2018 1:53:39 PM	3611706819	1013.00	27.37	26.16	105.4	27.50	26.16	104.2	27.29	26.16	106.2	NaN	26.16	NaN
13/06/2018 1:53:40 PM	3611706820	1013.00	27.34	26.17	105.7	27.52	26.17	103.9	27.32	26.17	105.9	NaN	26.17	NaN
13/06/2018 1:53:41 PM	3611706821	1013.00	27.36	26.17	105.5	27.51	26.17	104.0	27.34	26.17	105.7	NaN	26.17	NaN
13/06/2018 1:53:42 PM	3611706822	1013.00	27.38	26.17	105.3	27.49	26.17	104.2	27.32	26.17	105.9	NaN	26.17	NaN
13/06/2018 1:53:43 PM	3611706823	1013.00	27.38	26.17	105.3	27.50	26.17	104.1	27.33	26.17	105.8	NaN	26.17	NaN
13/06/2018 1:53:44 PM	3611706824	1013.00	27.37	26.17	105.4	27.51	26.17	104.0	27.33	26.17	105.8	NaN	26.17	NaN
13/06/2018 1:53:45 PM	3611706825	1013.00	27.36	26.17	105.5	27.51	26.17	104.0	27.34	26.17	105.7	NaN	26.17	NaN
13/06/2018 1:53:46 PM	3611706826	1013.00	27.36	26.17	105.5	27.49	26.17	104.2	27.34	26.17	105.7	NaN	26.17	NaN
13/06/2018 1:53:47 PM	3611706827	1013.00	27.36	26.17	105.5	27.51	26.17	104.0	27.35	26.17	105.6	NaN	26.17	NaN
13/06/2018 1:53:48 PM	3611706828	1013.00	27.39	26.16	105.2	27.52	26.16	104.0	27.30	26.16	106.1	NaN	26.16	NaN
13/06/2018 1:53:49 PM	3611706829	1013.00	27.38	26.16	105.3	27.53	26.16	103.9	27.29	26.16	106.2	NaN	26.16	NaN
13/06/2018 1:53:50 PM	3611706830	1013.00	27.38	26.15	105.4	27.50	26.15	104.2	27.29	26.15	106.3	NaN	26.15	NaN
13/06/2018 1:53:51 PM	3611706831	1013.00	27.40	26.15	105.2	27.51	26.15	104.1	27.35	26.15	105.7	NaN	26.15	NaN
13/06/2018 1:53:52 PM	3611706832	1013.00	27.40	26.15	105.2	27.53	26.15	103.9	27.32	26.15	106.0	NaN	26.15	NaN
13/06/2018 1:53:53 PM	3611706833	1013.00	27.37	26.15	105.5	27.54	26.15	103.8	27.33	26.15	105.9	NaN	26.15	NaN
13/06/2018 1:53:54 PM	3611706834	1013.00	27.41	26.15	105.1	27.52	26.15	104.0	27.34	26.15	105.8	NaN	26.15	NaN
13/06/2018 1:53:55 PM	3611706835	1013.00	27.39	26.15	105.3	27.52	26.15	104.0	27.34	26.15	105.8	NaN	26.15	NaN
13/06/2018 1:53:56 PM	3611706836	1013.00	27.39	26.15	105.3	27.53	26.15	103.9	27.31	26.15	106.1	NaN	26.15	NaN
13/06/2018 1:53:57 PM	3611706837	1013.00	27.40	26.14	105.2	27.54	26.14	103.8	27.30	26.14	106.2	NaN	26.14	NaN
13/06/2018 1:53:58 PM	3611706838	1013.00	27.41	26.16	105.0	27.53	26.16	103.9	27.34	26.16	105.7	NaN	26.16	NaN
13/06/2018 1:53:59 PM	3611706839	1013.00	27.40	26.16	105.1	27.53	26.16	103.9	27.34	26.16	105.7	NaN	26.16	NaN
13/06/2018 1:54:00 PM	3611706840	1013.00	27.42	26.15	105.0	27.52	26.15	104.0	27.31	26.15	106.1	NaN	26.15	NaN
13/06/2018 1:54:01 PM	3611706841	1013.00	27.42	26.15	105.0	27.55	26.15	103.7	27.33	26.15	105.9	NaN	26.15	NaN
13/06/2018 1:54:02 PM	3611706842	1013.00	27.41	26.16	105.0	27.54	26.16	103.8	27.35	26.16	105.6	NaN	26.16	NaN
13/06/2018 1:54:03 PM	3611706843	1013.00	27.42	26.16	104.9	27.53	26.16	103.9	27.34	26.16	105.7	NaN	26.16	NaN
13/06/2018 1:54:04 PM	3611706844	1013.00	27.41	26.15	105.1	27.52	26.15	104.0	27.33	26.15	105.9	NaN	26.15	NaN
13/06/2018 1:54:05 PM	3611706845	1013.00	27.41	26.16	105.0	27.54	26.16	103.8	27.32	26.16	105.9	NaN	26.16	NaN
13/06/2018 1:54:06 PM	3611706846	1013.00	27.41	26.16	105.0	27.50	26.16	104.2	27.36	26.16	105.5	NaN	26.16	NaN
13/06/2018 1:54:07 PM	3611706847	1013.00	27.41	26.16	105.0	27.55	26.16	103.7	27.33	26.16	105.8	NaN	26.16	NaN
13/06/2018 1:54:08 PM	3611706848	1013.00	27.41	26.16	105.0	27.55	26.16	103.7	27.33	26.16	105.8	NaN	26.16	NaN
13/06/2018 1:54:09 PM	3611706849	1013.00	27.42	26.16	104.9	27.54	26.16	103.8	27.38	26.16	105.3	NaN	26.16	NaN
13/06/2018 1:54:10 PM	3611706850	1013.00	27.41	26.16	105.0	27.56	26.16	103.6	27.30	26.16	106.1	NaN	26.16	NaN
13/06/2018 1:54:11 PM	3611706851	1013.00	27.43	26.16	104.9	27.55	26.16	103.7	27.36	26.16	105.5	NaN	26.16	NaN
13/06/2018 1:54:12 PM	3611706852	1013.00	27.44	26.16	104.8	27.56	26.16	103.6	27.36	26.16	105.5	NaN	26.16	NaN
13/06/2018 1:54:13 PM	3611706853	1013.00	27.45	26.15	104.7	27.53	26.15	103.9	27.37	26.15	105.5	NaN	26.15	NaN
13/06/2018 1:54:14 PM	3611706854	1013.00	27.47	26.16	104.5	27.53	26.16	103.9	27.36	26.16	105.5	NaN	26.16	NaN
13/06/2018 1:54:15 PM	3611706855	1013.00	27.45	26.16	104.7	27.54	26.16	103.8	27.35	26.16	105.6	NaN	26.16	NaN
13/06/2018 1:54:16 PM	3611706856	1013.00	27.46	26.15	104.6	27.55	26.15	103.7	27.29	26.15	106.3	NaN	26.15	NaN
13/06/2018 1:54:17 PM	3611706857	1013.00	27.44	26.16	104.8	27.55	26.16	103.7	27.33	26.16	105.8	NaN	26.16	NaN
13/06/2018 1:54:18 PM	3611706858	1013.00	27.44	26.17	104.7	27.56	26.17	103.6	27.31	26.17	106.0	NaN	26.17	NaN
13/06/2018 1:54:19 PM	3611706859	1013.00	27.45	26.17	104.6	27.56	26.17	103.6	27.33	26.17	105.8	NaN	26.17	NaN
13/06/2018 1:54:20 PM	3611706860	1013.00	27.45	26.17	104.6	27.53	26.17	103.9	27.31	26.17	106.0	NaN	26.17	NaN
13/06/2018 1:54:21 PM	3611706861	1013.00	27.43	26.18	104.8	27.58	26.18	103.3	27.32	26.18	105.9	NaN	26.18	NaN
13/06/2018 1:54:22 PM	3611706862	1013.00	27.47	26.17	104.4	27.53	26.17	103.9	27.33	26.17	105.8	NaN	26.17	NaN
13/06/2018 1:54:23 PM	3611706863	1013.00	27.45	26.17	104.6	27.56	26.17	103.6	27.36	26.17	105.5	NaN	26.17	NaN
13/06/2018 1:54:24 PM	3611706864	1013.00	27.47	26.16	104.5	27.57	26.16	103.5	27.34	26.16	105.7	NaN	26.16	NaN
13/06/2018 1:54:25 PM	3611706865	1013.00	27.46	26.17	104.5	27.56	26.17	103.6	27.36	26.17	105.5	NaN	26.17	NaN
13/06/2018 1:54:26 PM	3611706866	1013.00	27.45	26.16	104.7	27.56	26.16	103.6	27.33	26.16	105.8	NaN	26.16	NaN
13/06/2018 1:54:27 PM	3611706867	1013.00	27.47	26.16	104.5	27.58	26.16	103.4	27.33	26.16	105.8	NaN	26.16	NaN
13/06/2018 1:54:28 PM	3611706868	1013.00	27.47	26.16	104.5	27.56	26.16	103.6	27.34	26.16	105.7	NaN	26.16	NaN
13/06/2018 1:54:29 PM	3611706869	1013.00	27.48	26.16	104.4	27.57	26.16	103.5	27.32	26.16	105.9	NaN	26.16	NaN
13/06/2018 1:54:30 PM	3611706870	1013.00	27.45	26.16	104.7	27.55	26.16	103.7	27.35	26.16	105.6	NaN	26.16	NaN
13/06/2018 1:54:31 PM	3611706871	1013.00	27.48	26.16	104.4	27.60	26.16	103.2	27.34	26.16	105.7	NaN	26.16	NaN
13/06/2018 1:54:32 PM	3611706872	1013.00	27.47	26.16	104.5	27.58	26.16	103.4	27.36	26.16	105.5	NaN	26.16	NaN
13/06/2018 1:54:33 PM	3611706873	1013.00	27.49	26.17	104.2	27.59	26.17	103.3	27.35	26.17	105.6	NaN	26.17	NaN
13/06/2018 1:54:34 PM	3611706874	1013.00	27.47	26.16	104.5	27.57	26.16	103.5	27.38	26.16	105.3	NaN	26.16	NaN
13/06/2018 1:54:35 PM	3611706875	1013.00	27.48	26.16	104.4	27.57	26.16	103.5	27.33	26.16	105.8	NaN	26.16	NaN
13/06/2018 1:54:36 PM	3611706876	1013.00	27.47	26.16	104.5	27.57	26.16	103.5	27.33	26.16	105.8	NaN	26.16	NaN
13/06/2018 1:54:37 PM	3611706877	1013.00	27.49	26.16	104.3	27.61	26.16	103.1	27.36	26.16	105.5	NaN	26.16	NaN
13/06/2018 1:54:38 PM	3611706878	1013.00	27.47	26.15	104.5	27.59	26.15	103.3	27.35	26.15	105.7	NaN	26.15	NaN
13/06/2018 1:54:39 PM	3611706879	1013.00	27.50	26.16	104.2	27.61	26.16	103.1	27.33	26.16	105.8	NaN	26.16	NaN
13/06/2018 1:54:40 PM	3611706880	1013.00	27.47	26.16	104.5	27.62	26.16	103.0	27.34	26.16	105.7	NaN	26.16	NaN
13/06/2018 1:54:41 PM	3611706881	1013.00	27.50	26.17	104.1	27.62	26.17	103.0	27.34	26.17	105.7	NaN	26.17	NaN
13/06/2018 1:54:42 PM	3611706882	1013.00	27.48	26.17	104.3	27.61	26.17	103.1	27.32	26.17	105.9	NaN	26.17	NaN
13/06/2018 1:54:43 PM	3611706883	1013.00	27.48	26.17	104.3	27.62	26.17	103.0	27.31	26.17	106.0	NaN	26.17	NaN
13/06/2018 1:54:44 PM	3611706884	1013.00	27.49	26.16	104.3	27.61	26.16	103.1	27.34	26.16	105.7	NaN	26.16	NaN
13/06/2018 1:54:45 PM	3611706885	1013.00	27.50	26.17	104.1	27.63	26.17	102.9	27.28	26.17	106.3	NaN	26.17	NaN
13/06/2018 1:54:46 PM	3611706886	1013.00	27.48	26.16	104.4	27.62	26.16	103.0	27.39	26.16	105.2	NaN	26.16	NaN
13/06/2018 1:54:47 PM	3611706887	1013.00	27.49	26.16	104.3	27.63	26.16	102.9	27.36	26.16	105.5	NaN	26.16	NaN
13/06/2018 1:54:48 PM	3611706888	1013.00	27.50	26.16	104.2	27.65	26.16	102.7	27.32	26.16	105.9	NaN	26.16	NaN
13/06/2018 1:54:49 PM	3611706889	1013.00	27.50	26.16	104.2	27.64	26.16	102.8	27.38	26.16	105.3	NaN	26.16	NaN
13/06/2018 1:54:50 PM	3611706890	1013.00	27.50	26.16	104.2	27.65	26.16	102.7	27.33	26.16	105.8	NaN	26.16	NaN
13/06/2018 1:54:51 PM	3611706891	1013.00	27.50	26.15	104.2	27.66	26.15	102.6	27.31	26.15	106.1	NaN	26.15	NaN
13/06/2018 1:54:52 PM	3611706892	1013.00	27.51	26.14	104.1	27.64	26.14	102.8	27.33	26.14	105.9	NaN	26.14	NaN
13/06/2018 1:54:53 PM	3611706893	1013.00	27.51	26.15	104.1	27.66	26.15	102.6	27.35	26.15	105.7	NaN	26.15	NaN
13/06/2018 1:54:54 PM	3611706894	1013.00	27.53	26.14	103.9	27.63	26.14	102.9	27.29	26.14	106.3	NaN	26.14	NaN
13/06/2018 1:54:55 PM	3611706895	1013.00	27.53	26.15	103.9	27.68	26.15	102.4	27.37	26.15	105.5	NaN	26.15	NaN
13/06/2018 1:54:56 PM	3611706896	1013.00	27.53	26.15	103.9	27.66	26.15	102.6	27.37	26.15	105.5	NaN	26.15	NaN
13/06/2018 1:54:57 PM	3611706897	1013.00	27.51	26.16	104.1	27.70	26.16	102.2	27.34	26.16	105.7	NaN	26.16	NaN
13/06/2018 1:54:58 PM	3611706898	1013.00	27.52	26.16	104.0	27.67	26.16	102.5	27.27	26.16	106.4	NaN	26.16	NaN
13/06/2018 1:54:59 PM	3611706899	1013.00	27.51	26.17	104.0	27.68	26.17	102.4	27.34	26.17	105.7	NaN	26.17	NaN
13/06/2018 1:55:00 PM	3611706900	1013.00	27.51	26.17	104.0	27.68	26.17	102.4	27.34	26.17	105.7	NaN	26.17	NaN
13/06/2018 1:55:01 PM	3611706901	1013.00	27.54	26.17	103.8	27.69	26.17	102.3	27.30	26.17	106.1	NaN	26.17	NaN
13/06/2018 1:55:02 PM	3611706902	1013.00	27.52	26.17	103.9	27.68	26.17	102.4	27.37	26.17	105.4	NaN	26.17	NaN
13/06/2018 1:55:03 PM	3611706903	1013.00	27.50	26.16	104.2	27.68	26.16	102.4	27.33	26.16	105.8	NaN	26.16	NaN
13/06/2018 1:55:04 PM	3611706904	1013.00	27.52	26.16	104.0	27.68	26.16	102.4	27.35	26.16	105.6	NaN	26.16	NaN
13/06/2018 1:55:05 PM	3611706905	1013.00	27.54	26.15	103.8	27.68	26.15	102.4	27.32	26.15	106.0	NaN	26.15	NaN
13/06/2018 1:55:06 PM	3611706906	1013.00	27.54	26.15	103.8	27.67	26.15	102.5	27.32	26.15	106.0	NaN	26.15	NaN
13/06/2018 1:55:07 PM	3611706907	1013.00	27.51	26.15	104.1	27.68	26.15	102.4	27.33	26.15	105.9	NaN	26.15	NaN
13/06/2018 1:55:08 PM	3611706908	1013.00	27.52	26.15	104.0	27.71	26.15	102.2	27.32	26.15	106.0	NaN	26.15	NaN
13/06/2018 1:55:09 PM	3611706909	1013.00	27.53	26.15	103.9	27.74	26.15	101.9	27.37	26.15	105.5	NaN	26.15	NaN
13/06/2018 1:55:10 PM	3611706910	1013.00	27.53	26.15	103.9	27.70	26.15	102.2	27.34	26.15	105.8	NaN	26.15	NaN
13/06/2018 1:55:11 PM	3611706911	1013.00	27.52	26.15	104.0	27.71	26.15	102.2	27.31	26.15	106.1	NaN	26.15	NaN
13/06/2018 1:55:12 PM	3611706912	1013.00	27.55	26.15	103.7	27.70	26.15	102.2	27.36	26.15	105.6	NaN	26.15	NaN
13/06/2018 1:55:13 PM	3611706913	1013.00	27.57	26.15	103.5	27.72	26.15	102.1	27.41	26.15	105.1	NaN	26.15	NaN
13/06/2018 1:55:14 PM	3611706914	1013.00	27.54	26.15	103.8	27.68	26.15	102.4	27.33	26.15	105.9	NaN	26.15	NaN
13/06/2018 1:55:15 PM	3611706915	1013.00	27.54	26.16	103.8	27.74	26.16	101.8	27.31	26.16	106.0	NaN	26.16	NaN
13/06/2018 1:55:16 PM	3611706916	1013.00	27.56	26.16	103.6	27.71	26.16	102.1	27.30	26.16	106.1	NaN	26.16	NaN
13/06/2018 1:55:17 PM	3611706917	1013.00	27.54	26.16	103.8	27.71	26.16	102.1	27.34	26.16	105.7	NaN	26.16	NaN
13/06/2018 1:55:18 PM	3611706918	1013.00	27.55	26.16	103.7	27.71	26.16	102.1	27.31	26.16	106.0	NaN	26.16	NaN
13/06/2018 1:55:19 PM	3611706919	1013.00	27.56	26.15	103.6	27.72	26.15	102.1	27.38	26.15	105.4	NaN	26.15	NaN
13/06/2018 1:55:20 PM	3611706920	1013.00	27.56	26.15	103.6	27.75	26.15	101.8	27.31	26.15	106.1	NaN	26.15	NaN
13/06/2018 1:55:21 PM	3611706921	1013.00	27.56	26.15	103.6	27.73	26.15	102.0	27.34	26.15	105.8	NaN	26.15	NaN
13/06/2018 1:55:22 PM	3611706922	1013.00	27.52	26.15	104.0	27.74	26.15	101.9	27.31	26.15	106.1	NaN	26.15	NaN
13/06/2018 1:55:23 PM	3611706923	1013.00	27.58	26.16	103.4	27.75	26.16	101.8	27.28	26.16	106.3	NaN	26.16	NaN
13/06/2018 1:55:24 PM	3611706924	1013.00	27.58	26.17	103.4	27.74	26.17	101.8	27.32	26.17	105.9	NaN	26.17	NaN
13/06/2018 1:55:25 PM	3611706925	1013.00	27.56	26.16	103.6	27.75	26.16	101.8	27.35	26.16	105.6	NaN	26.16	NaN
13/06/2018 1:55:26 PM	3611706926	1013.00	27.58	26.16	103.4	27.72	26.16	102.0	27.36	26.16	105.5	NaN	26.16	NaN
13/06/2018 1:55:27 PM	3611706927	1013.00	27.57	26.15	103.5	27.75	26.15	101.8	27.34	26.15	105.8	NaN	26.15	NaN
13/06/2018 1:55:28 PM	3611706928	1013.00	27.57	26.15	103.5	27.75	26.15	101.8	27.36	26.15	105.6	NaN	26.15	NaN
13/06/2018 1:55:29 PM	3611706929	1013.00	27.56	26.15	103.6	27.72	26.15	102.1	27.34	26.15	105.8	NaN	26.15	NaN
13/06/2018 1:55:30 PM	3611706930	1013.00	27.60	26.15	103.2	27.77	26.15	101.6	27.34	26.15	105.8	NaN	26.15	NaN
13/06/2018 1:55:31 PM	3611706931	1013.00	27.58	26.15	103.4	27.76	26.15	101.7	27.33	26.15	105.9	NaN	26.15	NaN
13/06/2018 1:55:32 PM	3611706932	1013.00	27.59	26.16	103.3	27.76	26.16	101.7	27.31	26.16	106.0	NaN	26.16	NaN
13/06/2018 1:55:33 PM	3611706933	1013.00	27.60	26.17	103.2	27.75	26.17	101.7	27.33	26.17	105.8	NaN	26.17	NaN
13/06/2018 1:55:34 PM	3611706934	1013.00	27.61	26.17	103.1	27.75	26.17	101.7	27.36	26.17	105.5	NaN	26.17	NaN
13/06/2018 1:55:35 PM	3611706935	1013.00	27.59	26.16	103.3	27.77	26.16	101.6	27.33	26.16	105.8	NaN	26.16	NaN
13/06/2018 1:55:36 PM	3611706936	1013.00	27.60	26.16	103.2	27.74	26.16	101.8	27.33	26.16	105.8	NaN	26.16	NaN
13/06/2018 1:55:37 PM	3611706937	1013.00	27.61	26.16	103.1	27.78	26.16	101.5	27.35	26.16	105.6	NaN	26.16	NaN
13/06/2018 1:55:38 PM	3611706938	1013.00	27.62	26.15	103.0	27.80	26.15	101.3	27.36	26.15	105.6	NaN	26.15	NaN
13/06/2018 1:55:39 PM	3611706939	1013.00	27.61	26.15	103.1	27.80	26.15	101.3	27.30	26.15	106.2	NaN	26.15	NaN
13/06/2018 1:55:40 PM	3611706940	1013.00	27.64	26.16	102.8	27.81	26.16	101.2	27.41	26.16	105.0	NaN	26.16	NaN
13/06/2018 1:55:41 PM	3611706941	1013.00	27.62	26.16	103.0	27.80	26.16	101.3	27.33	26.16	105.8	NaN	26.16	NaN
13/06/2018 1:55:42 PM	3611706942	1013.00	27.60	26.16	103.2	27.78	26.16	101.5	27.36	26.16	105.5	NaN	26.16	NaN
13/06/2018 1:55:43 PM	3611706943	1013.00	27.62	26.17	103.0	27.81	26.17	101.2	27.31	26.17	106.0	NaN	26.17	NaN
13/06/2018 1:55:44 PM	3611706944	1013.00	27.63	26.17	102.9	27.80	26.17	101.3	27.31	26.17	106.0	NaN	26.17	NaN
13/06/2018 1:55:45 PM	3611706945	1013.00	27.63	26.17	102.9	27.79	26.17	101.4	27.37	26.17	105.4	NaN	26.17	NaN
13/06/2018 1:55:46 PM	3611706946	1013.00	27.59	26.16	103.3	27.80	26.16	101.3	27.36	26.16	105.5	NaN	26.16	NaN
13/06/2018 1:55:47 PM	3611706947	1013.00	27.65	26.16	102.7	27.80	26.16	101.3	27.30	26.16	106.1	NaN	26.16	NaN
13/06/2018 1:55:48 PM	3611706948	1013.00	27.64	26.16	102.8	27.82	26.16	101.1	27.32	26.16	105.9	NaN	26.16	NaN
13/06/2018 1:55:49 PM	3611706949	1013.00	27.63	26.15	102.9	27.80	26.15	101.3	27.36	26.15	105.6	NaN	26.15	NaN
13/06/2018 1:55:50 PM	3611706950	1013.00	27.64	26.15	102.8	27.81	26.15	101.2	27.34	26.15	105.8	NaN	26.15	NaN
13/06/2018 1:55:51 PM	3611706951	1013.00	27.62	26.15	103.0	27.83	26.15	101.0	27.29	26.15	106.3	NaN	26.15	NaN
13/06/2018 1:55:52 PM	3611706952	1013.00	27.64	26.14	102.8	27.83	26.14	101.0	27.34	26.14	105.8	NaN	26.14	NaN
13/06/2018 1:55:53 PM	3611706953	1013.00	27.65	26.14	102.7	27.83	26.14	101.0	27.36	26.14	105.6	NaN	26.14	NaN
13/06/2018 1:55:54 PM	3611706954	1013.00	27.65	26.15	102.7	27.79	26.15	101.4	27.33	26.15	105.9	NaN	26.15	NaN
13/06/2018 1:55:55 PM	3611706955	1013.00	27.64	26.15	102.8	27.80	26.15	101.3	27.36	26.15	105.6	NaN	26.15	NaN
13/06/2018 1:55:56 PM	3611706956	1013.00	27.64	26.15	102.8	27.82	26.15	101.1	27.36	26.15	105.6	NaN	26.15	NaN
13/06/2018 1:55:57 PM	3611706957	1013.00	27.66	26.15	102.6	27.81	26.15	101.2	27.38	26.15	105.4	NaN	26.15	NaN
13/06/2018 1:55:58 PM	3611706958	1013.00	27.63	26.15	102.9	27.82	26.15	101.1	27.36	26.15	105.6	NaN	26.15	NaN
13/06/2018 1:55:59 PM	3611706959	1013.00	27.65	26.16	102.7	27.83	26.16	101.0	27.35	26.16	105.6	NaN	26.16	NaN
13/06/2018 1:56:00 PM	3611706960	1013.00	27.65	26.15	102.7	27.81	26.15	101.2	27.32	26.15	106.0	NaN	26.15	NaN
13/06/2018 1:56:01 PM	3611706961	1013.00	27.68	26.16	102.4	27.82	26.16	101.1	27.34	26.16	105.7	NaN	26.16	NaN
13/06/2018 1:56:02 PM	3611706962	1013.00	27.65	26.15	102.7	27.82	26.15	101.1	27.31	26.15	106.1	NaN	26.15	NaN
13/06/2018 1:56:03 PM	3611706963	1013.00	27.66	26.15	102.6	27.86	26.15	100.7	27.39	26.15	105.3	NaN	26.15	NaN
13/06/2018 1:56:04 PM	3611706964	1013.00	27.67	26.14	102.6	27.85	26.14	100.8	27.33	26.14	105.9	NaN	26.14	NaN
13/06/2018 1:56:05 PM	3611706965	1013.00	27.63	26.14	102.9	27.80	26.14	101.3	27.33	26.14	105.9	NaN	26.14	NaN
13/06/2018 1:56:06 PM	3611706966	1013.00	27.70	26.14	102.3	27.85	26.14	100.8	27.29	26.14	106.3	NaN	26.14	NaN
13/06/2018 1:56:07 PM	3611706967	1013.00	27.67	26.14	102.6	27.86	26.14	100.7	27.34	26.14	105.8	NaN	26.14	NaN
13/06/2018 1:56:08 PM	3611706968	1013.00	27.68	26.14	102.5	27.85	26.14	100.8	27.39	26.14	105.3	NaN	26.14	NaN
13/06/2018 1:56:09 PM	3611706969	1013.00	27.65	26.13	102.8	27.82	26.13	101.1	27.34	26.13	105.8	NaN	26.13	NaN
13/06/2018 1:56:10 PM	3611706970	1013.00	27.69	26.14	102.4	27.82	26.14	101.1	27.30	26.14	106.2	NaN	26.14	NaN
13/06/2018 1:56:11 PM	3611706971	1013.00	27.68	26.14	102.5	27.84	26.14	100.9	27.35	26.14	105.7	NaN	26.14	NaN
13/06/2018 1:56:12 PM	3611706972	1013.00	27.69	26.15	102.3	27.85	26.15	100.8	27.32	26.15	106.0	NaN	26.15	NaN
13/06/2018 1:56:13 PM	3611706973	1013.00	27.67	26.15	102.5	27.85	26.15	100.8	27.34	26.15	105.8	NaN	26.15	NaN
13/06/2018 1:56:14 PM	3611706974	1013.00	27.68	26.15	102.4	27.88	26.15	100.5	27.36	26.15	105.6	NaN	26.15	NaN
13/06/2018 1:56:15 PM	3611706975	1013.00	27.68	26.15	102.4	27.88	26.15	100.5	27.38	26.15	105.4	NaN	26.15	NaN
13/06/2018 1:56:16 PM	3611706976	1013.00	27.68	26.15	102.4	27.87	26.15	100.6	27.32	26.15	106.0	NaN	26.15	NaN
13/06/2018 1:56:17 PM	3611706977	1013.00	27.68	26.14	102.5	27.85	26.14	100.8	27.32	26.14	106.0	NaN	26.14	NaN
13/06/2018 1:56:18 PM	3611706978	1013.00	27.71	26.14	102.2	27.87	26.14	100.7	27.36	26.14	105.6	NaN	26.14	NaN
13/06/2018 1:56:19 PM	3611706979	1013.00	27.70	26.14	102.3	27.87	26.14	100.7	27.38	26.14	105.4	NaN	26.14	NaN
13/06/2018 1:56:20 PM	3611706980	1013.00	27.70	26.14	102.3	27.90	26.14	100.4	27.36	26.14	105.6	NaN	26.14	NaN
13/06/2018 1:56:21 PM	3611706981	1013.00	27.69	26.15	102.3	27.85	26.15	100.8	27.36	26.15	105.6	NaN	26.15	NaN
13/06/2018 1:56:22 PM	3611706982	1013.00	27.71	26.14	102.2	27.86	26.14	100.7	27.34	26.14	105.8	NaN	26.14	NaN
13/06/2018 1:56:23 PM	3611706983	1013.00	27.71	26.15	102.2	27.90	26.15	100.4	27.34	26.15	105.8	NaN	26.15	NaN
13/06/2018 1:56:24 PM	3611706984	1013.00	27.70	26.14	102.3	27.92	26.14	100.2	27.36	26.14	105.6	NaN	26.14	NaN
13/06/2018 1:56:25 PM	3611706985	1013.00	27.71	26.14	102.2	27.88	26.14	100.6	27.37	26.14	105.5	NaN	26.14	NaN
13/06/2018 1:56:26 PM	3611706986	1013.00	27.71	26.14	102.2	27.92	26.14	100.2	27.38	26.14	105.4	NaN	26.14	NaN
13/06/2018 1:56:27 PM	3611706987	1013.00	27.71	26.15	102.2	27.90	26.15	100.4	27.30	26.15	106.2	NaN	26.15	NaN
13/06/2018 1:56:28 PM	3611706988	1013.00	27.71	26.15	102.2	27.92	26.15	100.2	27.29	26.15	106.3	NaN	26.15	NaN
13/06/2018 1:56:29 PM	3611706989	1013.00	27.70	26.15	102.2	27.92	26.15	100.2	27.33	26.15	105.9	NaN	26.15	NaN
13/06/2018 1:56:30 PM	3611706990	1013.00	27.70	26.14	102.3	27.90	26.14	100.4	27.37	26.14	105.5	NaN	26.14	NaN
13/06/2018 1:56:31 PM	3611706991	1013.00	27.74	26.15	101.9	27.92	26.15	100.2	27.38	26.15	105.4	NaN	26.15	NaN
13/06/2018 1:56:32 PM	3611706992	1013.00	27.73	26.14	102.0	27.90	26.14	100.4	27.35	26.14	105.7	NaN	26.14	NaN
13/06/2018 1:56:33 PM	3611706993	1013.00	27.70	26.14	102.3	27.92	26.14	100.2	27.35	26.14	105.7	NaN	26.14	NaN
13/06/2018 1:56:34 PM	3611706994	1013.00	27.72	26.14	102.1	27.93	26.14	100.1	27.37	26.14	105.5	NaN	26.14	NaN
13/06/2018 1:56:35 PM	3611706995	1013.00	27.73	26.15	102.0	27.91	26.15	100.3	27.40	26.15	105.2	NaN	26.15	NaN
13/06/2018 1:56:36 PM	3611706996	1013.00	27.77	26.14	101.6	27.92	26.14	100.2	27.37	26.14	105.5	NaN	26.14	NaN
13/06/2018 1:56:37 PM	3611706997	1013.00	27.73	26.14	102.0	27.92	26.14	100.2	27.35	26.14	105.7	NaN	26.14	NaN
13/06/2018 1:56:38 PM	3611706998	1013.00	27.76	26.15	101.7	27.93	26.15	100.1	27.37	26.15	105.5	NaN	26.15	NaN
13/06/2018 1:56:39 PM	3611706999	1013.00	27.75	26.15	101.8	27.93	26.15	100.1	27.37	26.15	105.5	NaN	26.15	NaN
13/06/2018 1:56:40 PM	3611707000	1013.00	27.75	26.15	101.8	27.95	26.15	99.9	27.37	26.15	105.5	NaN	26.15	NaN
13/06/2018 1:56:41 PM	3611707001	1013.00	27.72	26.14	102.1	27.93	26.14	100.1	27.33	26.14	105.9	NaN	26.14	NaN
13/06/2018 1:56:42 PM	3611707002	1013.00	27.74	26.15	101.9	27.92	26.15	100.2	27.38	26.15	105.4	NaN	26.15	NaN
13/06/2018 1:56:43 PM	3611707003	1013.00	27.76	26.15	101.7	27.94	26.15	100.0	27.32	26.15	106.0	NaN	26.15	NaN
13/06/2018 1:56:44 PM	3611707004	1013.00	27.76	26.14	101.7	27.93	26.14	100.1	27.35	26.14	105.7	NaN	26.14	NaN
13/06/2018 1:56:45 PM	3611707005	1013.00	27.76	26.13	101.7	27.96	26.13	99.8	27.35	26.13	105.7	NaN	26.13	NaN
13/06/2018 1:56:46 PM	3611707006	1013.00	27.77	26.15	101.6	27.94	26.15	100.0	27.35	26.15	105.7	NaN	26.15	NaN
13/06/2018 1:56:47 PM	3611707007	1013.00	27.74	26.14	101.9	27.95	26.14	99.9	27.34	26.14	105.8	NaN	26.14	NaN
13/06/2018 1:56:48 PM	3611707008	1013.00	27.76	26.14	101.7	27.94	26.14	100.0	27.37	26.14	105.5	NaN	26.14	NaN
13/06/2018 1:56:49 PM	3611707009	1013.00	27.77	26.15	101.6	27.99	26.15	99.5	27.35	26.15	105.7	NaN	26.15	NaN
13/06/2018 1:56:50 PM	3611707010	1013.00	27.75	26.15	101.8	27.94	26.15	100.0	27.36	26.15	105.6	NaN	26.15	NaN
13/06/2018 1:56:51 PM	3611707011	1013.00	27.78	26.15	101.5	27.97	26.15	99.7	27.37	26.15	105.5	NaN	26.15	NaN
13/06/2018 1:56:52 PM	3611707012	1013.00	27.78	26.14	101.5	27.96	26.14	99.8	27.35	26.14	105.7	NaN	26.14	NaN
13/06/2018 1:56:53 PM	3611707013	1013.00	27.78	26.14	101.5	27.96	26.14	99.8	27.35	26.14	105.7	NaN	26.14	NaN
13/06/2018 1:56:54 PM	3611707014	1013.00	27.77	26.15	101.6	27.96	26.15	99.8	27.33	26.15	105.9	NaN	26.15	NaN
13/06/2018 1:56:55 PM	3611707015	1013.00	27.79	26.14	101.4	27.97	26.14	99.7	27.34	26.14	105.8	NaN	26.14	NaN
13/06/2018 1:56:56 PM	3611707016	1013.00	27.74	26.14	101.9	27.97	26.14	99.7	27.35	26.14	105.7	NaN	26.14	NaN
13/06/2018 1:56:57 PM	3611707017	1013.00	27.79	26.16	101.4	27.95	26.16	99.9	27.33	26.16	105.8	NaN	26.16	NaN
13/06/2018 1:56:58 PM	3611707018	1013.00	27.77	26.15	101.6	27.96	26.15	99.8	27.36	26.15	105.6	NaN	26.15	NaN
13/06/2018 1:56:59 PM	3611707019	1013.00	27.80	26.16	101.3	27.98	26.16	99.6	27.38	26.16	105.3	NaN	26.16	NaN
13/06/2018 1:57:00 PM	3611707020	1013.00	27.78	26.16	101.5	27.97	26.16	99.7	27.31	26.16	106.0	NaN	26.16	NaN
13/06/2018 1:57:01 PM	3611707021	1013.00	27.82	26.16	101.1	27.93	26.16	100.1	27.38	26.16	105.3	NaN	26.16	NaN
13/06/2018 1:57:02 PM	3611707022	1013.00	27.79	26.15	101.4	27.95	26.15	99.9	27.34	26.15	105.8	NaN	26.15	NaN
13/06/2018 1:57:03 PM	3611707023	1013.00	27.79	26.16	101.4	27.97	26.16	99.7	27.36	26.16	105.5	NaN	26.16	NaN
13/06/2018 1:57:04 PM	3611707024	1013.00	27.80	26.15	101.3	27.99	26.15	99.5	27.30	26.15	106.2	NaN	26.15	NaN
13/06/2018 1:57:05 PM	3611707025	1013.00	27.79	26.15	101.4	27.98	26.15	99.6	27.35	26.15	105.7	NaN	26.15	NaN
13/06/2018 1:57:06 PM	3611707026	1013.00	27.78	26.14	101.5	27.95	26.14	99.9	27.34	26.14	105.8	NaN	26.14	NaN
13/06/2018 1:57:07 PM	3611707027	1013.00	27.79	26.15	101.4	28.00	26.15	99.4	27.32	26.15	106.0	NaN	26.15	NaN
13/06/2018 1:57:08 PM	3611707028	1013.00	27.79	26.15	101.4	27.98	26.15	99.6	27.32	26.15	106.0	NaN	26.15	NaN
13/06/2018 1:57:09 PM	3611707029	1013.00	27.81	26.15	101.2	27.98	26.15	99.6	27.35	26.15	105.7	NaN	26.15	NaN
13/06/2018 1:57:10 PM	3611707030	1013.00	27.80	26.15	101.3	27.96	26.15	99.8	27.33	26.15	105.9	NaN	26.15	NaN
13/06/2018 1:57:11 PM	3611707031	1013.00	27.79	26.15	101.4	28.01	26.15	99.3	27.35	26.15	105.7	NaN	26.15	NaN
13/06/2018 1:57:12 PM	3611707032	1013.00	27.77	26.15	101.6	27.99	26.15	99.5	27.34	26.15	105.8	NaN	26.15	NaN
13/06/2018 1:57:13 PM	3611707033	1013.00	27.79	26.15	101.4	27.98	26.15	99.6	27.36	26.15	105.6	NaN	26.15	NaN
13/06/2018 1:57:14 PM	3611707034	1013.00	27.79	26.14	101.4	27.98	26.14	99.6	27.39	26.14	105.3	NaN	26.14	NaN
13/06/2018 1:57:15 PM	3611707035	1013.00	27.82	26.15	101.1	28.00	26.15	99.4	27.39	26.15	105.3	NaN	26.15	NaN
13/06/2018 1:57:16 PM	3611707036	1013.00	27.81	26.15	101.2	28.01	26.15	99.3	27.35	26.15	105.7	NaN	26.15	NaN
13/06/2018 1:57:17 PM	3611707037	1013.00	27.80	26.15	101.3	27.98	26.15	99.6	27.34	26.15	105.8	NaN	26.15	NaN
13/06/2018 1:57:18 PM	3611707038	1013.00	27.80	26.15	101.3	27.98	26.15	99.6	27.33	26.15	105.9	NaN	26.15	NaN
13/06/2018 1:57:19 PM	3611707039	1013.00	27.81	26.15	101.2	28.03	26.15	99.1	27.40	26.15	105.2	NaN	26.15	NaN
13/06/2018 1:57:20 PM	3611707040	1013.00	27.79	26.14	101.4	28.00	26.14	99.4	27.35	26.14	105.7	NaN	26.14	NaN
13/06/2018 1:57:21 PM	3611707041	1013.00	27.80	26.13	101.3	28.02	26.13	99.3	27.35	26.13	105.7	NaN	26.13	NaN
13/06/2018 1:57:22 PM	3611707042	1013.00	27.83	26.14	101.0	28.03	26.14	99.2	27.41	26.14	105.1	NaN	26.14	NaN
13/06/2018 1:57:23 PM	3611707043	1013.00	27.80	26.13	101.3	28.03	26.13	99.2	27.36	26.13	105.6	NaN	26.13	NaN
13/06/2018 1:57:24 PM	3611707044	1013.00	27.82	26.13	101.1	28.01	26.13	99.4	27.36	26.13	105.6	NaN	26.13	NaN
13/06/2018 1:57:25 PM	3611707045	1013.00	27.83	26.13	101.0	27.99	26.13	99.6	27.35	26.13	105.7	NaN	26.13	NaN
13/06/2018 1:57:26 PM	3611707046	1013.00	27.82	26.14	101.1	28.01	26.14	99.4	27.33	26.14	105.9	NaN	26.14	NaN
13/06/2018 1:57:27 PM	3611707047	1013.00	27.82	26.14	101.1	28.03	26.14	99.2	27.32	26.14	106.0	NaN	26.14	NaN
13/06/2018 1:57:28 PM	3611707048	1013.00	27.85	26.14	100.8	27.99	26.14	99.5	27.39	26.14	105.3	NaN	26.14	NaN
13/06/2018 1:57:29 PM	3611707049	1013.00	27.81	26.14	101.2	28.01	26.14	99.4	27.38	26.14	105.4	NaN	26.14	NaN
13/06/2018 1:57:30 PM	3611707050	1013.00	27.83	26.15	101.0	28.00	26.15	99.4	27.36	26.15	105.6	NaN	26.15	NaN
13/06/2018 1:57:31 PM	3611707051	1013.00	27.84	26.15	100.9	28.02	26.15	99.2	27.35	26.15	105.7	NaN	26.15	NaN
13/06/2018 1:57:32 PM	3611707052	1013.00	27.84	26.14	100.9	28.02	26.14	99.3	27.31	26.14	106.1	NaN	26.14	NaN
13/06/2018 1:57:33 PM	3611707053	1013.00	27.83	26.15	101.0	28.00	26.15	99.4	27.32	26.15	106.0	NaN	26.15	NaN
13/06/2018 1:57:34 PM	3611707054	1013.00	27.86	26.14	100.7	28.00	26.14	99.4	27.40	26.14	105.2	NaN	26.14	NaN
13/06/2018 1:57:35 PM	3611707055	1013.00	27.84	26.14	100.9	27.99	26.14	99.5	27.32	26.14	106.0	NaN	26.14	NaN
13/06/2018 1:57:36 PM	3611707056	1013.00	27.88	26.15	100.5	28.05	26.15	99.0	27.30	26.15	106.2	NaN	26.15	NaN
13/06/2018 1:57:37 PM	3611707057	1013.00	27.83	26.15	101.0	28.01	26.15	99.3	27.35	26.15	105.7	NaN	26.15	NaN
13/06/2018 1:57:38 PM	3611707058	1013.00	27.85	26.14	100.8	28.03	26.14	99.2	27.35	26.14	105.7	NaN	26.14	NaN
13/06/2018 1:57:39 PM	3611707059	1013.00	27.86	26.15	100.7	28.04	26.15	99.1	27.38	26.15	105.4	NaN	26.15	NaN
13/06/2018 1:57:40 PM	3611707060	1013.00	27.85	26.15	100.8	28.05	26.15	99.0	27.35	26.15	105.7	NaN	26.15	NaN
13/06/2018 1:57:41 PM	3611707061	1013.00	27.85	26.15	100.8	28.05	26.15	99.0	27.34	26.15	105.8	NaN	26.15	NaN
13/06/2018 1:57:42 PM	3611707062	1013.00	27.87	26.15	100.6	28.03	26.15	99.1	27.33	26.15	105.9	NaN	26.15	NaN
13/06/2018 1:57:43 PM	3611707063	1013.00	27.85	26.15	100.8	28.04	26.15	99.1	27.36	26.15	105.6	NaN	26.15	NaN
13/06/2018 1:57:44 PM	3611707064	1013.00	27.86	26.16	100.7	28.07	26.16	98.8	27.36	26.16	105.5	NaN	26.16	NaN
13/06/2018 1:57:45 PM	3611707065	1013.00	27.88	26.16	100.5	28.05	26.16	98.9	27.38	26.16	105.3	NaN	26.16	NaN
13/06/2018 1:57:46 PM	3611707066	1013.00	27.90	26.15	100.4	28.03	26.15	99.1	27.30	26.15	106.2	NaN	26.15	NaN
13/06/2018 1:57:47 PM	3611707067	1013.00	27.89	26.16	100.4	28.07	26.16	98.8	27.38	26.16	105.3	NaN	26.16	NaN
13/06/2018 1:57:48 PM	3611707068	1013.00	27.89	26.15	100.4	28.06	26.15	98.9	27.35	26.15	105.7	NaN	26.15	NaN
13/06/2018 1:57:49 PM	3611707069	1013.00	27.91	26.15	100.3	28.07	26.15	98.8	27.36	26.15	105.6	NaN	26.15	NaN
13/06/2018 1:57:50 PM	3611707070	1013.00	27.90	26.14	100.4	28.08	26.14	98.7	27.35	26.14	105.7	NaN	26.14	NaN
13/06/2018 1:57:51 PM	3611707071	1013.00	27.88	26.15	100.5	28.06	26.15	98.9	27.38	26.15	105.4	NaN	26.15	NaN
13/06/2018 1:57:52 PM	3611707072	1013.00	27.89	26.14	100.5	28.04	26.14	99.1	27.33	26.14	105.9	NaN	26.14	NaN
13/06/2018 1:57:53 PM	3611707073	1013.00	27.87	26.15	100.6	28.08	26.15	98.7	27.35	26.15	105.7	NaN	26.15	NaN
13/06/2018 1:57:54 PM	3611707074	1013.00	27.91	26.15	100.3	28.06	26.15	98.9	27.37	26.15	105.5	NaN	26.15	NaN
13/06/2018 1:57:55 PM	3611707075	1013.00	27.90	26.15	100.4	28.08	26.15	98.7	27.35	26.15	105.7	NaN	26.15	NaN
13/06/2018 1:57:56 PM	3611707076	1013.00	27.92	26.13	100.2	28.10	26.13	98.5	27.37	26.13	105.5	NaN	26.13	NaN
13/06/2018 1:57:57 PM	3611707077	1013.00	27.93	26.14	100.1	28.07	26.14	98.8	27.37	26.14	105.5	NaN	26.14	NaN
13/06/2018 1:57:58 PM	3611707078	1013.00	27.94	26.14	100.0	28.06	26.14	98.9	27.33	26.14	105.9	NaN	26.14	NaN
13/06/2018 1:57:59 PM	3611707079	1013.00	27.92	26.14	100.2	28.08	26.14	98.7	27.38	26.14	105.4	NaN	26.14	NaN
13/06/2018 1:58:00 PM	3611707080	1013.00	27.91	26.14	100.3	28.10	26.14	98.5	27.42	26.14	105.0	NaN	26.14	NaN
13/06/2018 1:58:01 PM	3611707081	1013.00	27.93	26.15	100.1	28.08	26.15	98.7	27.37	26.15	105.5	NaN	26.15	NaN
13/06/2018 1:58:02 PM	3611707082	1013.00	27.92	26.15	100.2	28.09	26.15	98.6	27.35	26.15	105.7	NaN	26.15	NaN
13/06/2018 1:58:03 PM	3611707083	1013.00	27.94	26.15	100.0	28.10	26.15	98.5	27.41	26.15	105.1	NaN	26.15	NaN
13/06/2018 1:58:04 PM	3611707084	1013.00	27.92	26.14	100.2	28.11	26.14	98.4	27.36	26.14	105.6	NaN	26.14	NaN
13/06/2018 1:58:05 PM	3611707085	1013.00	27.94	26.14	100.0	28.10	26.14	98.5	27.37	26.14	105.5	NaN	26.14	NaN
13/06/2018 1:58:06 PM	3611707086	1013.00	27.92	26.15	100.2	28.07	26.15	98.8	27.34	26.15	105.8	NaN	26.15	NaN
13/06/2018 1:58:07 PM	3611707087	1013.00	27.93	26.14	100.1	28.10	26.14	98.5	27.41	26.14	105.1	NaN	26.14	NaN
13/06/2018 1:58:08 PM	3611707088	1013.00	27.94	26.14	100.0	28.10	26.14	98.5	27.29	26.14	106.3	NaN	26.14	NaN
13/06/2018 1:58:09 PM	3611707089	1013.00	27.95	26.14	99.9	28.10	26.14	98.5	27.36	26.14	105.6	NaN	26.14	NaN
13/06/2018 1:58:10 PM	3611707090	1013.00	27.95	26.14	99.9	28.10	26.14	98.5	27.40	26.14	105.2	NaN	26.14	NaN
13/06/2018 1:58:11 PM	3611707091	1013.00	27.98	26.14	99.6	28.13	26.14	98.3	27.28	26.14	106.4	NaN	26.14	NaN
13/06/2018 1:58:12 PM	3611707092	1013.00	27.96	26.14	99.8	28.10	26.14	98.5	27.36	26.14	105.6	NaN	26.14	NaN
13/06/2018 1:58:13 PM	3611707093	1013.00	27.97	26.14	99.7	28.09	26.14	98.6	27.33	26.14	105.9	NaN	26.14	NaN
13/06/2018 1:58:14 PM	3611707094	1013.00	27.95	26.15	99.9	28.11	26.15	98.4	27.34	26.15	105.8	NaN	26.15	NaN
13/06/2018 1:58:15 PM	3611707095	1013.00	27.98	26.14	99.6	28.13	26.14	98.3	27.35	26.14	105.7	NaN	26.14	NaN
13/06/2018 1:58:16 PM	3611707096	1013.00	27.97	26.14	99.7	28.11	26.14	98.4	27.35	26.14	105.7	NaN	26.14	NaN
13/06/2018 1:58:17 PM	3611707097	1013.00	27.96	26.15	99.8	28.12	26.15	98.3	27.34	26.15	105.8	NaN	26.15	NaN
13/06/2018 1:58:18 PM	3611707098	1013.00	28.00	26.15	99.4	28.13	26.15	98.2	27.36	26.15	105.6	NaN	26.15	NaN
13/06/2018 1:58:19 PM	3611707099	1013.00	27.99	26.15	99.5	28.08	26.15	98.7	27.36	26.15	105.6	NaN	26.15	NaN
13/06/2018 1:58:20 PM	3611707100	1013.00	27.96	26.16	99.8	28.11	26.16	98.4	27.33	26.16	105.8	NaN	26.16	NaN
13/06/2018 1:58:21 PM	3611707101	1013.00	28.00	26.15	99.4	28.14	26.15	98.1	27.38	26.15	105.4	NaN	26.15	NaN
13/06/2018 1:58:22 PM	3611707102	1013.00	27.99	26.15	99.5	28.11	26.15	98.4	27.38	26.15	105.4	NaN	26.15	NaN
13/06/2018 1:58:23 PM	3611707103	1013.00	28.02	26.14	99.3	28.14	26.14	98.2	27.32	26.14	106.0	NaN	26.14	NaN
13/06/2018 1:58:24 PM	3611707104	1013.00	27.99	26.14	99.5	28.16	26.14	98.0	27.32	26.14	106.0	NaN	26.14	NaN
13/06/2018 1:58:25 PM	3611707105	1013.00	27.99	26.13	99.6	28.13	26.13	98.3	27.34	26.13	105.8	NaN	26.13	NaN
13/06/2018 1:58:26 PM	3611707106	1013.00	28.00	26.14	99.4	28.13	26.14	98.3	27.33	26.14	105.9	NaN	26.14	NaN
13/06/2018 1:58:27 PM	3611707107	1013.00	28.02	26.13	99.3	28.12	26.13	98.4	27.37	26.13	105.5	NaN	26.13	NaN
13/06/2018 1:58:28 PM	3611707108	1013.00	27.99	26.14	99.5	28.13	26.14	98.3	27.36	26.14	105.6	NaN	26.14	NaN
13/06/2018 1:58:29 PM	3611707109	1013.00	28.01	26.15	99.3	28.14	26.15	98.1	27.39	26.15	105.3	NaN	26.15	NaN
13/06/2018 1:58:30 PM	3611707110	1013.00	28.00	26.15	99.4	28.15	26.15	98.1	27.37	26.15	105.5	NaN	26.15	NaN
13/06/2018 1:58:31 PM	3611707111	1013.00	28.00	26.15	99.4	28.14	26.15	98.1	27.32	26.15	106.0	NaN	26.15	NaN
13/06/2018 1:58:32 PM	3611707112	1013.00	27.98	26.15	99.6	28.16	26.15	98.0	27.40	26.15	105.2	NaN	26.15	NaN
13/06/2018 1:58:33 PM	3611707113	1013.00	28.02	26.15	99.2	28.16	26.15	98.0	27.36	26.15	105.6	NaN	26.15	NaN
13/06/2018 1:58:34 PM	3611707114	1013.00	28.00	26.13	99.5	28.15	26.13	98.1	27.34	26.13	105.8	NaN	26.13	NaN
13/06/2018 1:58:35 PM	3611707115	1013.00	28.00	26.13	99.5	28.17	26.13	97.9	27.31	26.13	106.1	NaN	26.13	NaN
13/06/2018 1:58:36 PM	3611707116	1013.00	28.04	26.13	99.1	28.13	26.13	98.3	27.37	26.13	105.5	NaN	26.13	NaN
13/06/2018 1:58:37 PM	3611707117	1013.00	28.03	26.13	99.2	28.16	26.13	98.0	27.41	26.13	105.1	NaN	26.13	NaN
13/06/2018 1:58:38 PM	3611707118	1013.00	28.01	26.14	99.4	28.12	26.14	98.3	27.34	26.14	105.8	NaN	26.14	NaN
13/06/2018 1:58:39 PM	3611707119	1013.00	28.05	26.15	99.0	28.16	26.15	98.0	27.35	26.15	105.7	NaN	26.15	NaN
13/06/2018 1:58:40 PM	3611707120	1013.00	28.04	26.16	99.0	28.17	26.16	97.9	27.37	26.16	105.4	NaN	26.16	NaN
13/06/2018 1:58:41 PM	3611707121	1013.00	28.03	26.16	99.1	28.15	26.16	98.0	27.42	26.16	104.9	NaN	26.16	NaN
13/06/2018 1:58:42 PM	3611707122	1013.00	28.05	26.16	98.9	28.18	26.16	97.8	27.37	26.16	105.4	NaN	26.16	NaN
13/06/2018 1:58:43 PM	3611707123	1013.00	28.04	26.15	99.1	28.17	26.15	97.9	27.42	26.15	105.0	NaN	26.15	NaN
13/06/2018 1:58:44 PM	3611707124	1013.00	28.02	26.15	99.2	28.18	26.15	97.8	27.30	26.15	106.2	NaN	26.15	NaN
13/06/2018 1:58:45 PM	3611707125	1013.00	28.06	26.15	98.9	28.19	26.15	97.7	27.37	26.15	105.5	NaN	26.15	NaN
13/06/2018 1:58:46 PM	3611707126	1013.00	28.05	26.16	98.9	28.14	26.16	98.1	27.37	26.16	105.4	NaN	26.16	NaN
13/06/2018 1:58:47 PM	3611707127	1013.00	28.04	26.15	99.1	28.18	26.15	97.8	27.32	26.15	106.0	NaN	26.15	NaN
13/06/2018 1:58:48 PM	3611707128	1013.00	28.05	26.14	99.0	28.16	26.14	98.0	27.34	26.14	105.8	NaN	26.14	NaN
13/06/2018 1:58:49 PM	3611707129	1013.00	28.06	26.14	98.9	28.20	26.14	97.6	27.37	26.14	105.5	NaN	26.14	NaN
13/06/2018 1:58:50 PM	3611707130	1013.00	28.04	26.14	99.1	28.16	26.14	98.0	27.41	26.14	105.1	NaN	26.14	NaN
13/06/2018 1:58:51 PM	3611707131	1013.00	28.07	26.14	98.8	28.18	26.14	97.8	27.35	26.14	105.7	NaN	26.14	NaN
13/06/2018 1:58:52 PM	3611707132	1013.00	28.05	26.14	99.0	28.17	26.14	97.9	27.30	26.14	106.2	NaN	26.14	NaN
13/06/2018 1:58:53 PM	3611707133	1013.00	28.07	26.14	98.8	28.21	26.14	97.5	27.36	26.14	105.6	NaN	26.14	NaN
13/06/2018 1:58:54 PM	3611707134	1013.00	28.06	26.13	98.9	28.18	26.13	97.8	27.33	26.13	105.9	NaN	26.13	NaN
13/06/2018 1:58:55 PM	3611707135	1013.00	28.06	26.14	98.9	28.19	26.14	97.7	27.38	26.14	105.4	NaN	26.14	NaN
13/06/2018 1:58:56 PM	3611707136	1013.00	28.07	26.14	98.8	28.19	26.14	97.7	27.35	26.14	105.7	NaN	26.14	NaN
13/06/2018 1:58:57 PM	3611707137	1013.00	28.07	26.14	98.8	28.16	26.14	98.0	27.41	26.14	105.1	NaN	26.14	NaN
13/06/2018 1:58:58 PM	3611707138	1013.00	28.07	26.15	98.8	28.18	26.15	97.8	27.34	26.15	105.8	NaN	26.15	NaN
13/06/2018 1:58:59 PM	3611707139	1013.00	28.08	26.16	98.7	28.20	26.16	97.6	27.32	26.16	105.9	NaN	26.16	NaN
13/06/2018 1:59:00 PM	3611707140	1013.00	28.11	26.16	98.4	28.19	26.16	97.7	27.35	26.16	105.6	NaN	26.16	NaN
13/06/2018 1:59:01 PM	3611707141	1013.00	28.10	26.16	98.5	28.21	26.16	97.5	27.36	26.16	105.5	NaN	26.16	NaN
13/06/2018 1:59:02 PM	3611707142	1013.00	28.10	26.16	98.5	28.20	26.16	97.6	27.34	26.16	105.7	NaN	26.16	NaN
13/06/2018 1:59:03 PM	3611707143	1013.00	28.10	26.14	98.5	28.21	26.14	97.5	27.33	26.14	105.9	NaN	26.14	NaN
13/06/2018 1:59:04 PM	3611707144	1013.00	28.08	26.14	98.7	28.20	26.14	97.6	27.35	26.14	105.7	NaN	26.14	NaN
13/06/2018 1:59:05 PM	3611707145	1013.00	28.10	26.14	98.5	28.26	26.14	97.1	27.38	26.14	105.4	NaN	26.14	NaN
13/06/2018 1:59:06 PM	3611707146	1013.00	28.08	26.14	98.7	28.20	26.14	97.6	27.42	26.14	105.0	NaN	26.14	NaN
13/06/2018 1:59:07 PM	3611707147	1013.00	28.12	26.15	98.3	28.20	26.15	97.6	27.40	26.15	105.2	NaN	26.15	NaN
13/06/2018 1:59:08 PM	3611707148	1013.00	28.11	26.16	98.4	28.21	26.16	97.5	27.36	26.16	105.5	NaN	26.16	NaN
13/06/2018 1:59:09 PM	3611707149	1013.00	28.12	26.16	98.3	28.22	26.16	97.4	27.35	26.16	105.6	NaN	26.16	NaN
13/06/2018 1:59:10 PM	3611707150	1013.00	28.12	26.15	98.3	28.20	26.15	97.6	27.36	26.15	105.6	NaN	26.15	NaN
13/06/2018 1:59:11 PM	3611707151	1013.00	28.11	26.15	98.4	28.25	26.15	97.1	27.38	26.15	105.4	NaN	26.15	NaN
13/06/2018 1:59:12 PM	3611707152	1013.00	28.11	26.16	98.4	28.24	26.16	97.2	27.37	26.16	105.4	NaN	26.16	NaN
13/06/2018 1:59:13 PM	3611707153	1013.00	28.10	26.15	98.5	28.26	26.15	97.1	27.39	26.15	105.3	NaN	26.15	NaN
13/06/2018 1:59:14 PM	3611707154	1013.00	28.13	26.15	98.2	28.22	26.15	97.4	27.40	26.15	105.2	NaN	26.15	NaN
13/06/2018 1:59:15 PM	3611707155	1013.00	28.13	26.15	98.2	28.25	26.15	97.1	27.35	26.15	105.7	NaN	26.15	NaN
13/06/2018 1:59:16 PM	3611707156	1013.00	28.11	26.14	98.4	28.29	26.14	96.8	27.44	26.14	104.8	NaN	26.14	NaN
13/06/2018 1:59:17 PM	3611707157	1013.00	28.10	26.15	98.5	28.26	26.15	97.1	27.38	26.15	105.4	NaN	26.15	NaN
13/06/2018 1:59:18 PM	3611707158	1013.00	28.11	26.15	98.4	28.26	26.15	97.1	27.37	26.15	105.5	NaN	26.15	NaN
13/06/2018 1:59:19 PM	3611707159	1013.00	28.13	26.14	98.3	28.25	26.14	97.2	27.37	26.14	105.5	NaN	26.14	NaN
13/06/2018 1:59:20 PM	3611707160	1013.00	28.13	26.15	98.2	28.27	26.15	97.0	27.35	26.15	105.7	NaN	26.15	NaN
13/06/2018 1:59:21 PM	3611707161	1013.00	28.13	26.15	98.2	28.29	26.15	96.8	27.33	26.15	105.9	NaN	26.15	NaN
13/06/2018 1:59:22 PM	3611707162	1013.00	28.14	26.14	98.2	28.25	26.14	97.2	27.36	26.14	105.6	NaN	26.14	NaN
13/06/2018 1:59:23 PM	3611707163	1013.00	28.14	26.15	98.1	28.26	26.15	97.1	27.32	26.15	106.0	NaN	26.15	NaN
13/06/2018 1:59:24 PM	3611707164	1013.00	28.14	26.14	98.2	28.26	26.14	97.1	27.38	26.14	105.4	NaN	26.14	NaN
13/06/2018 1:59:25 PM	3611707165	1013.00	28.13	26.14	98.3	28.28	26.14	96.9	27.32	26.14	106.0	NaN	26.14	NaN
13/06/2018 1:59:26 PM	3611707166	1013.00	28.15	26.15	98.1	28.28	26.15	96.9	27.32	26.15	106.0	NaN	26.15	NaN
13/06/2018 1:59:27 PM	3611707167	1013.00	28.16	26.14	98.0	28.30	26.14	96.7	27.37	26.14	105.5	NaN	26.14	NaN
13/06/2018 1:59:28 PM	3611707168	1013.00	28.16	26.15	98.0	28.31	26.15	96.6	27.34	26.15	105.8	NaN	26.15	NaN
13/06/2018 1:59:29 PM	3611707169	1013.00	28.17	26.15	97.9	28.31	26.15	96.6	27.33	26.15	105.9	NaN	26.15	NaN
13/06/2018 1:59:30 PM	3611707170	1013.00	28.17	26.15	97.9	28.26	26.15	97.1	27.37	26.15	105.5	NaN	26.15	NaN
13/06/2018 1:59:31 PM	3611707171	1013.00	28.18	26.15	97.8	28.28	26.15	96.9	27.36	26.15	105.6	NaN	26.15	NaN
13/06/2018 1:59:32 PM	3611707172	1013.00	28.21	26.15	97.5	28.30	26.15	96.7	27.36	26.15	105.6	NaN	26.15	NaN
13/06/2018 1:59:33 PM	3611707173	1013.00	28.16	26.15	98.0	28.32	26.15	96.5	27.37	26.15	105.5	NaN	26.15	NaN
13/06/2018 1:59:34 PM	3611707174	1013.00	28.19	26.15	97.7	28.29	26.15	96.8	27.39	26.15	105.3	NaN	26.15	NaN
13/06/2018 1:59:35 PM	3611707175	1013.00	28.20	26.15	97.6	28.31	26.15	96.6	27.33	26.15	105.9	NaN	26.15	NaN
13/06/2018 1:59:36 PM	3611707176	1013.00	28.17	26.14	97.9	28.32	26.14	96.5	27.39	26.14	105.3	NaN	26.14	NaN
13/06/2018 1:59:37 PM	3611707177	1013.00	28.19	26.14	97.7	28.33	26.14	96.4	27.35	26.14	105.7	NaN	26.14	NaN
13/06/2018 1:59:38 PM	3611707178	1013.00	28.20	26.14	97.6	28.29	26.14	96.8	27.35	26.14	105.7	NaN	26.14	NaN
13/06/2018 1:59:39 PM	3611707179	1013.00	28.20	26.14	97.6	28.30	26.14	96.7	27.39	26.14	105.3	NaN	26.14	NaN
13/06/2018 1:59:40 PM	3611707180	1013.00	28.21	26.13	97.5	28.32	26.13	96.6	27.35	26.13	105.7	NaN	26.13	NaN
13/06/2018 1:59:41 PM	3611707181	1013.00	28.23	26.13	97.4	28.35	26.13	96.3	27.33	26.13	105.9	NaN	26.13	NaN
13/06/2018 1:59:42 PM	3611707182	1013.00	28.22	26.13	97.5	28.33	26.13	96.5	27.38	26.13	105.4	NaN	26.13	NaN
13/06/2018 1:59:43 PM	3611707183	1013.00	28.22	26.13	97.5	28.33	26.13	96.5	27.35	26.13	105.7	NaN	26.13	NaN
13/06/2018 1:59:44 PM	3611707184	1013.00	28.23	26.14	97.3	28.36	26.14	96.2	27.36	26.14	105.6	NaN	26.14	NaN
13/06/2018 1:59:45 PM	3611707185	1013.00	28.24	26.15	97.2	28.34	26.15	96.3	27.36	26.15	105.6	NaN	26.15	NaN
13/06/2018 1:59:46 PM	3611707186	1013.00	28.23	26.15	97.3	28.30	26.15	96.7	27.34	26.15	105.8	NaN	26.15	NaN
13/06/2018 1:59:47 PM	3611707187	1013.00	28.20	26.15	97.6	28.34	26.15	96.3	27.39	26.15	105.3	NaN	26.15	NaN
13/06/2018 1:59:48 PM	3611707188	1013.00	28.23	26.15	97.3	28.34	26.15	96.3	27.39	26.15	105.3	NaN	26.15	NaN
13/06/2018 1:59:49 PM	3611707189	1013.00	28.23	26.14	97.3	28.34	26.14	96.4	27.35	26.14	105.7	NaN	26.14	NaN
13/06/2018 1:59:50 PM	3611707190	1013.00	28.22	26.14	97.4	28.32	26.14	96.5	27.37	26.14	105.5	NaN	26.14	NaN
13/06/2018 1:59:51 PM	3611707191	1013.00	28.20	26.13	97.6	28.33	26.13	96.5	27.30	26.13	106.2	NaN	26.13	NaN
13/06/2018 1:59:52 PM	3611707192	1013.00	28.24	26.14	97.3	28.35	26.14	96.3	27.37	26.14	105.5	NaN	26.14	NaN
13/06/2018 1:59:53 PM	3611707193	1013.00	28.23	26.14	97.3	28.36	26.14	96.2	27.35	26.14	105.7	NaN	26.14	NaN
13/06/2018 1:59:54 PM	3611707194	1013.00	28.26	26.14	97.1	28.36	26.14	96.2	27.31	26.14	106.1	NaN	26.14	NaN
13/06/2018 1:59:55 PM	3611707195	1013.00	28.25	26.14	97.2	28.34	26.14	96.4	27.42	26.14	105.0	NaN	26.14	NaN
13/06/2018 1:59:56 PM	3611707196	1013.00	28.25	26.15	97.1	28.36	26.15	96.2	27.34	26.15	105.8	NaN	26.15	NaN
13/06/2018 1:59:57 PM	3611707197	1013.00	28.24	26.14	97.3	28.34	26.14	96.4	27.34	26.14	105.8	NaN	26.14	NaN
13/06/2018 1:59:58 PM	3611707198	1013.00	28.27	26.14	97.0	28.32	26.14	96.5	27.36	26.14	105.6	NaN	26.14	NaN
13/06/2018 1:59:59 PM	3611707199	1013.00	28.26	26.14	97.1	28.37	26.14	96.1	27.37	26.14	105.5	NaN	26.14	NaN
13/06/2018 2:00:00 PM	3611707200	1013.00	28.26	26.14	97.1	28.34	26.14	96.4	27.35	26.14	105.7	NaN	26.14	NaN
13/06/2018 2:00:01 PM	3611707201	1013.00	28.26	26.13	97.1	28.35	26.13	96.3	27.39	26.13	105.3	NaN	26.13	NaN
13/06/2018 2:00:02 PM	3611707202	1013.00	28.24	26.14	97.3	28.35	26.14	96.3	27.38	26.14	105.4	NaN	26.14	NaN
13/06/2018 2:00:03 PM	3611707203	1013.00	28.27	26.14	97.0	28.37	26.14	96.1	27.35	26.14	105.7	NaN	26.14	NaN
13/06/2018 2:00:04 PM	3611707204	1013.00	28.26	26.15	97.1	28.35	26.15	96.3	27.36	26.15	105.6	NaN	26.15	NaN
13/06/2018 2:00:05 PM	3611707205	1013.00	28.27	26.15	97.0	28.38	26.15	96.0	27.31	26.15	106.1	NaN	26.15	NaN
13/06/2018 2:00:06 PM	3611707206	1013.00	28.26	26.15	97.1	28.34	26.15	96.3	27.39	26.15	105.3	NaN	26.15	NaN
13/06/2018 2:00:07 PM	3611707207	1013.00	28.27	26.15	97.0	28.39	26.15	95.9	27.34	26.15	105.8	NaN	26.15	NaN
13/06/2018 2:00:08 PM	3611707208	1013.00	28.27	26.14	97.0	28.36	26.14	96.2	27.38	26.14	105.4	NaN	26.14	NaN
13/06/2018 2:00:09 PM	3611707209	1013.00	28.27	26.14	97.0	28.35	26.14	96.3	27.38	26.14	105.4	NaN	26.14	NaN
13/06/2018 2:00:10 PM	3611707210	1013.00	28.26	26.15	97.1	28.35	26.15	96.3	27.35	26.15	105.7	NaN	26.15	NaN
13/06/2018 2:00:11 PM	3611707211	1013.00	28.27	26.14	97.0	28.37	26.14	96.1	27.37	26.14	105.5	NaN	26.14	NaN
13/06/2018 2:00:12 PM	3611707212	1013.00	28.28	26.14	96.9	28.37	26.14	96.1	27.36	26.14	105.6	NaN	26.14	NaN
13/06/2018 2:00:13 PM	3611707213	1013.00	28.28	26.14	96.9	28.35	26.14	96.3	27.40	26.14	105.2	NaN	26.14	NaN
13/06/2018 2:00:14 PM	3611707214	1013.00	28.28	26.14	96.9	28.35	26.14	96.3	27.43	26.14	104.9	NaN	26.14	NaN
13/06/2018 2:00:15 PM	3611707215	1013.00	28.29	26.14	96.8	28.39	26.14	95.9	27.38	26.14	105.4	NaN	26.14	NaN
13/06/2018 2:00:16 PM	3611707216	1013.00	28.29	26.14	96.8	28.38	26.14	96.0	27.34	26.14	105.8	NaN	26.14	NaN
13/06/2018 2:00:17 PM	3611707217	1013.00	28.31	26.14	96.6	28.35	26.14	96.3	27.40	26.14	105.2	NaN	26.14	NaN
13/06/2018 2:00:18 PM	3611707218	1013.00	28.28	26.14	96.9	28.34	26.14	96.4	27.37	26.14	105.5	NaN	26.14	NaN
13/06/2018 2:00:19 PM	3611707219	1013.00	28.29	26.14	96.8	28.38	26.14	96.0	27.36	26.14	105.6	NaN	26.14	NaN
13/06/2018 2:00:20 PM	3611707220	1013.00	28.31	26.13	96.6	28.38	26.13	96.0	27.33	26.13	105.9	NaN	26.13	NaN
13/06/2018 2:00:21 PM	3611707221	1013.00	28.30	26.13	96.7	28.41	26.13	95.8	27.37	26.13	105.5	NaN	26.13	NaN
13/06/2018 2:00:22 PM	3611707222	1013.00	28.30	26.13	96.7	28.40	26.13	95.8	27.36	26.13	105.6	NaN	26.13	NaN
13/06/2018 2:00:23 PM	3611707223	1013.00	28.29	26.13	96.8	28.42	26.13	95.7	27.39	26.13	105.3	NaN	26.13	NaN
13/06/2018 2:00:24 PM	3611707224	1013.00	28.31	26.13	96.6	28.40	26.13	95.8	27.36	26.13	105.6	NaN	26.13	NaN
13/06/2018 2:00:25 PM	3611707225	1013.00	28.31	26.13	96.6	28.36	26.13	96.2	27.35	26.13	105.7	NaN	26.13	NaN
13/06/2018 2:00:26 PM	3611707226	1013.00	28.32	26.13	96.6	28.36	26.13	96.2	27.37	26.13	105.5	NaN	26.13	NaN
13/06/2018 2:00:27 PM	3611707227	1013.00	28.34	26.12	96.4	28.41	26.12	95.8	27.38	26.12	105.4	NaN	26.12	NaN
13/06/2018 2:00:28 PM	3611707228	1013.00	28.32	26.13	96.6	28.42	26.13	95.7	27.31	26.13	106.1	NaN	26.13	NaN
13/06/2018 2:00:29 PM	3611707229	1013.00	28.33	26.12	96.5	28.40	26.12	95.9	27.36	26.12	105.6	NaN	26.12	NaN
13/06/2018 2:00:30 PM	3611707230	1013.00	28.34	26.13	96.4	28.41	26.13	95.8	27.37	26.13	105.5	NaN	26.13	NaN
13/06/2018 2:00:31 PM	3611707231	1013.00	28.35	26.14	96.3	28.37	26.14	96.1	27.36	26.14	105.6	NaN	26.14	NaN
13/06/2018 2:00:32 PM	3611707232	1013.00	28.36	26.14	96.2	28.41	26.14	95.7	27.39	26.14	105.3	NaN	26.14	NaN
13/06/2018 2:00:33 PM	3611707233	1013.00	28.36	26.14	96.2	28.41	26.14	95.7	27.30	26.14	106.2	NaN	26.14	NaN
13/06/2018 2:00:34 PM	3611707234	1013.00	28.36	26.14	96.2	28.43	26.14	95.6	27.37	26.14	105.5	NaN	26.14	NaN
13/06/2018 2:00:35 PM	3611707235	1013.00	28.33	26.14	96.4	28.39	26.14	95.9	27.39	26.14	105.3	NaN	26.14	NaN
13/06/2018 2:00:36 PM	3611707236	1013.00	28.35	26.14	96.3	28.42	26.14	95.7	27.33	26.14	105.9	NaN	26.14	NaN
13/06/2018 2:00:37 PM	3611707237	1013.00	28.36	26.14	96.2	28.42	26.14	95.7	27.35	26.14	105.7	NaN	26.14	NaN
13/06/2018 2:00:38 PM	3611707238	1013.00	28.35	26.13	96.3	28.38	26.13	96.0	27.34	26.13	105.8	NaN	26.13	NaN
13/06/2018 2:00:39 PM	3611707239	1013.00	28.36	26.14	96.2	28.43	26.14	95.6	27.28	26.14	106.4	NaN	26.14	NaN
13/06/2018 2:00:40 PM	3611707240	1013.00	28.37	26.14	96.1	28.42	26.14	95.7	27.39	26.14	105.3	NaN	26.14	NaN
13/06/2018 2:00:41 PM	3611707241	1013.00	28.34	26.13	96.4	28.43	26.13	95.6	27.35	26.13	105.7	NaN	26.13	NaN
13/06/2018 2:00:42 PM	3611707242	1013.00	28.35	26.14	96.3	28.45	26.14	95.4	27.35	26.14	105.7	NaN	26.14	NaN
13/06/2018 2:00:43 PM	3611707243	1013.00	28.38	26.15	96.0	28.42	26.15	95.6	27.35	26.15	105.7	NaN	26.15	NaN
13/06/2018 2:00:44 PM	3611707244	1013.00	28.39	26.14	95.9	28.44	26.14	95.5	27.35	26.14	105.7	NaN	26.14	NaN
13/06/2018 2:00:45 PM	3611707245	1013.00	28.39	26.13	95.9	28.46	26.13	95.3	27.38	26.13	105.4	NaN	26.13	NaN
13/06/2018 2:00:46 PM	3611707246	1013.00	28.39	26.13	95.9	28.48	26.13	95.1	27.37	26.13	105.5	NaN	26.13	NaN
13/06/2018 2:00:47 PM	3611707247	1013.00	28.37	26.13	96.1	28.45	26.13	95.4	27.29	26.13	106.3	NaN	26.13	NaN
13/06/2018 2:00:48 PM	3611707248	1013.00	28.36	26.13	96.2	28.48	26.13	95.1	27.40	26.13	105.2	NaN	26.13	NaN
13/06/2018 2:00:49 PM	3611707249	1013.00	28.39	26.13	95.9	28.46	26.13	95.3	27.37	26.13	105.5	NaN	26.13	NaN
13/06/2018 2:00:50 PM	3611707250	1013.00	28.38	26.14	96.0	28.45	26.14	95.4	27.36	26.14	105.6	NaN	26.14	NaN
13/06/2018 2:00:51 PM	3611707251	1013.00	28.39	26.14	95.9	28.47	26.14	95.2	27.39	26.14	105.3	NaN	26.14	NaN
13/06/2018 2:00:52 PM	3611707252	1013.00	28.39	26.14	95.9	28.48	26.14	95.1	27.39	26.14	105.3	NaN	26.14	NaN
13/06/2018 2:00:53 PM	3611707253	1013.00	28.41	26.14	95.7	28.49	26.14	95.0	27.35	26.14	105.7	NaN	26.14	NaN
13/06/2018 2:00:54 PM	3611707254	1013.00	28.41	26.15	95.7	28.45	26.15	95.4	27.43	26.15	104.9	NaN	26.15	NaN
13/06/2018 2:00:55 PM	3611707255	1013.00	28.42	26.14	95.7	28.49	26.14	95.0	27.43	26.14	104.9	NaN	26.14	NaN
13/06/2018 2:00:56 PM	3611707256	1013.00	28.40	26.15	95.8	28.50	26.15	94.9	27.33	26.15	105.9	NaN	26.15	NaN
13/06/2018 2:00:57 PM	3611707257	1013.00	28.40	26.15	95.8	28.47	26.15	95.2	27.36	26.15	105.6	NaN	26.15	NaN
13/06/2018 2:00:58 PM	3611707258	1013.00	28.41	26.14	95.7	28.50	26.14	95.0	27.38	26.14	105.4	NaN	26.14	NaN
13/06/2018 2:00:59 PM	3611707259	1013.00	28.42	26.14	95.7	28.51	26.14	94.9	27.36	26.14	105.6	NaN	26.14	NaN
13/06/2018 2:01:00 PM	3611707260	1013.00	28.39	26.14	95.9	28.53	26.14	94.7	27.37	26.14	105.5	NaN	26.14	NaN
13/06/2018 2:01:01 PM	3611707261	1013.00	28.43	26.13	95.6	28.54	26.13	94.6	27.38	26.13	105.4	NaN	26.13	NaN
13/06/2018 2:01:02 PM	3611707262	1013.00	28.43	26.13	95.6	28.51	26.13	94.9	27.37	26.13	105.5	NaN	26.13	NaN
13/06/2018 2:01:03 PM	3611707263	1013.00	28.41	26.13	95.8	28.55	26.13	94.5	27.38	26.13	105.4	NaN	26.13	NaN
13/06/2018 2:01:04 PM	3611707264	1013.00	28.42	26.13	95.7	28.51	26.13	94.9	27.37	26.13	105.5	NaN	26.13	NaN
13/06/2018 2:01:05 PM	3611707265	1013.00	28.44	26.14	95.5	28.52	26.14	94.8	27.35	26.14	105.7	NaN	26.14	NaN
13/06/2018 2:01:06 PM	3611707266	1013.00	28.44	26.13	95.5	28.52	26.13	94.8	27.36	26.13	105.6	NaN	26.13	NaN
13/06/2018 2:01:07 PM	3611707267	1013.00	28.44	26.13	95.5	28.56	26.13	94.4	27.34	26.13	105.8	NaN	26.13	NaN
13/06/2018 2:01:08 PM	3611707268	1013.00	28.43	26.14	95.6	28.54	26.14	94.6	27.32	26.14	106.0	NaN	26.14	NaN
13/06/2018 2:01:09 PM	3611707269	1013.00	28.45	26.14	95.4	28.54	26.14	94.6	27.38	26.14	105.4	NaN	26.14	NaN
13/06/2018 2:01:10 PM	3611707270	1013.00	28.43	26.14	95.6	28.52	26.14	94.8	27.35	26.14	105.7	NaN	26.14	NaN
13/06/2018 2:01:11 PM	3611707271	1013.00	28.43	26.14	95.6	28.54	26.14	94.6	27.37	26.14	105.5	NaN	26.14	NaN
13/06/2018 2:01:12 PM	3611707272	1013.00	28.43	26.14	95.6	28.58	26.14	94.3	27.32	26.14	106.0	NaN	26.14	NaN
13/06/2018 2:01:13 PM	3611707273	1013.00	28.45	26.13	95.4	28.57	26.13	94.4	27.37	26.13	105.5	NaN	26.13	NaN
13/06/2018 2:01:14 PM	3611707274	1013.00	28.47	26.13	95.2	28.50	26.13	95.0	27.37	26.13	105.5	NaN	26.13	NaN
13/06/2018 2:01:15 PM	3611707275	1013.00	28.47	26.13	95.2	28.57	26.13	94.4	27.38	26.13	105.4	NaN	26.13	NaN
13/06/2018 2:01:16 PM	3611707276	1013.00	28.46	26.12	95.3	28.57	26.12	94.4	27.36	26.12	105.6	NaN	26.12	NaN
13/06/2018 2:01:17 PM	3611707277	1013.00	28.44	26.12	95.5	28.57	26.12	94.4	27.40	26.12	105.2	NaN	26.12	NaN
13/06/2018 2:01:18 PM	3611707278	1013.00	28.46	26.12	95.3	28.56	26.12	94.5	27.38	26.12	105.4	NaN	26.12	NaN
13/06/2018 2:01:19 PM	3611707279	1013.00	28.48	26.12	95.2	28.57	26.12	94.4	27.39	26.12	105.3	NaN	26.12	NaN
13/06/2018 2:01:20 PM	3611707280	1013.00	28.44	26.12	95.5	28.58	26.12	94.3	27.37	26.12	105.5	NaN	26.12	NaN
13/06/2018 2:01:21 PM	3611707281	1013.00	28.47	26.12	95.2	28.57	26.12	94.4	27.40	26.12	105.2	NaN	26.12	NaN
13/06/2018 2:01:22 PM	3611707282	1013.00	28.47	26.12	95.2	28.55	26.12	94.5	27.38	26.12	105.4	NaN	26.12	NaN
13/06/2018 2:01:23 PM	3611707283	1013.00	28.49	26.12	95.1	28.57	26.12	94.4	27.37	26.12	105.5	NaN	26.12	NaN
13/06/2018 2:01:24 PM	3611707284	1013.00	28.46	26.13	95.3	28.59	26.13	94.2	27.34	26.13	105.8	NaN	26.13	NaN
13/06/2018 2:01:25 PM	3611707285	1013.00	28.51	26.13	94.9	28.60	26.13	94.1	27.36	26.13	105.6	NaN	26.13	NaN
13/06/2018 2:01:26 PM	3611707286	1013.00	28.50	26.13	95.0	28.61	26.13	94.0	27.35	26.13	105.7	NaN	26.13	NaN
13/06/2018 2:01:27 PM	3611707287	1013.00	28.50	26.13	95.0	28.60	26.13	94.1	27.40	26.13	105.2	NaN	26.13	NaN
13/06/2018 2:01:28 PM	3611707288	1013.00	28.49	26.13	95.1	28.60	26.13	94.1	27.39	26.13	105.3	NaN	26.13	NaN
13/06/2018 2:01:29 PM	3611707289	1013.00	28.50	26.13	95.0	28.60	26.13	94.1	27.34	26.13	105.8	NaN	26.13	NaN
13/06/2018 2:01:30 PM	3611707290	1013.00	28.48	26.13	95.1	28.59	26.13	94.2	27.34	26.13	105.8	NaN	26.13	NaN
13/06/2018 2:01:31 PM	3611707291	1013.00	28.49	26.12	95.1	28.59	26.12	94.2	27.37	26.12	105.5	NaN	26.12	NaN
13/06/2018 2:01:32 PM	3611707292	1013.00	28.51	26.11	94.9	28.59	26.11	94.2	27.42	26.11	105.0	NaN	26.11	NaN
13/06/2018 2:01:33 PM	3611707293	1013.00	28.52	26.12	94.8	28.63	26.12	93.9	27.37	26.12	105.5	NaN	26.12	NaN
13/06/2018 2:01:34 PM	3611707294	1013.00	28.51	26.11	94.9	28.60	26.11	94.1	27.35	26.11	105.7	NaN	26.11	NaN
13/06/2018 2:01:35 PM	3611707295	1013.00	28.56	26.11	94.5	28.60	26.11	94.1	27.38	26.11	105.4	NaN	26.11	NaN
13/06/2018 2:01:36 PM	3611707296	1013.00	28.54	26.12	94.6	28.62	26.12	93.9	27.36	26.12	105.6	NaN	26.12	NaN
13/06/2018 2:01:37 PM	3611707297	1013.00	28.50	26.13	95.0	28.63	26.13	93.8	27.35	26.13	105.7	NaN	26.13	NaN
13/06/2018 2:01:38 PM	3611707298	1013.00	28.52	26.13	94.8	28.62	26.13	93.9	27.29	26.13	106.3	NaN	26.13	NaN
13/06/2018 2:01:39 PM	3611707299	1013.00	28.54	26.12	94.6	28.62	26.12	93.9	27.39	26.12	105.3	NaN	26.12	NaN
13/06/2018 2:01:40 PM	3611707300	1013.00	28.51	26.13	94.9	28.66	26.13	93.6	27.35	26.13	105.7	NaN	26.13	NaN
13/06/2018 2:01:41 PM	3611707301	1013.00	28.54	26.13	94.6	28.63	26.13	93.8	27.37	26.13	105.5	NaN	26.13	NaN
13/06/2018 2:01:42 PM	3611707302	1013.00	28.53	26.13	94.7	28.60	26.13	94.1	27.39	26.13	105.3	NaN	26.13	NaN
13/06/2018 2:01:43 PM	3611707303	1013.00	28.55	26.12	94.5	28.63	26.12	93.9	27.36	26.12	105.6	NaN	26.12	NaN
13/06/2018 2:01:44 PM	3611707304	1013.00	28.56	26.12	94.5	28.65	26.12	93.7	27.36	26.12	105.6	NaN	26.12	NaN
13/06/2018 2:01:45 PM	3611707305	1013.00	28.55	26.12	94.5	28.62	26.12	93.9	27.34	26.12	105.8	NaN	26.12	NaN
13/06/2018 2:01:46 PM	3611707306	1013.00	28.56	26.12	94.5	28.63	26.12	93.9	27.38	26.12	105.4	NaN	26.12	NaN
13/06/2018 2:01:47 PM	3611707307	1013.00	28.53	26.12	94.7	28.64	26.12	93.8	27.38	26.12	105.4	NaN	26.12	NaN
13/06/2018 2:01:48 PM	3611707308	1013.00	28.58	26.12	94.3	28.66	26.12	93.6	27.39	26.12	105.3	NaN	26.12	NaN
13/06/2018 2:01:49 PM	3611707309	1013.00	28.57	26.12	94.4	28.66	26.12	93.6	27.35	26.12	105.7	NaN	26.12	NaN
13/06/2018 2:01:50 PM	3611707310	1013.00	28.58	26.12	94.3	28.62	26.12	93.9	27.36	26.12	105.6	NaN	26.12	NaN
13/06/2018 2:01:51 PM	3611707311	1013.00	28.55	26.12	94.5	28.66	26.12	93.6	27.37	26.12	105.5	NaN	26.12	NaN
13/06/2018 2:01:52 PM	3611707312	1013.00	28.58	26.12	94.3	28.64	26.12	93.8	27.38	26.12	105.4	NaN	26.12	NaN
13/06/2018 2:01:53 PM	3611707313	1013.00	28.58	26.12	94.3	28.65	26.12	93.7	27.38	26.12	105.4	NaN	26.12	NaN
13/06/2018 2:01:54 PM	3611707314	1013.00	28.58	26.12	94.3	28.63	26.12	93.9	27.37	26.12	105.5	NaN	26.12	NaN
13/06/2018 2:01:55 PM	3611707315	1013.00	28.59	26.12	94.2	28.66	26.12	93.6	27.40	26.12	105.2	NaN	26.12	NaN
13/06/2018 2:01:56 PM	3611707316	1013.00	28.60	26.12	94.1	28.69	26.12	93.3	27.35	26.12	105.7	NaN	26.12	NaN
13/06/2018 2:01:57 PM	3611707317	1013.00	28.59	26.11	94.2	28.70	26.11	93.3	27.39	26.11	105.3	NaN	26.11	NaN
13/06/2018 2:01:58 PM	3611707318	1013.00	28.58	26.12	94.3	28.66	26.12	93.6	27.38	26.12	105.4	NaN	26.12	NaN
13/06/2018 2:01:59 PM	3611707319	1013.00	28.60	26.12	94.1	28.66	26.12	93.6	27.37	26.12	105.5	NaN	26.12	NaN
13/06/2018 2:02:00 PM	3611707320	1013.00	28.59	26.12	94.2	28.68	26.12	93.4	27.35	26.12	105.7	NaN	26.12	NaN
13/06/2018 2:02:01 PM	3611707321	1013.00	28.61	26.12	94.0	28.69	26.12	93.3	27.42	26.12	105.0	NaN	26.12	NaN
13/06/2018 2:02:02 PM	3611707322	1013.00	28.63	26.11	93.9	28.68	26.11	93.4	27.34	26.11	105.8	NaN	26.11	NaN
13/06/2018 2:02:03 PM	3611707323	1013.00	28.63	26.11	93.9	28.70	26.11	93.3	27.35	26.11	105.7	NaN	26.11	NaN
13/06/2018 2:02:04 PM	3611707324	1013.00	28.63	26.11	93.9	28.68	26.11	93.4	27.42	26.11	105.0	NaN	26.11	NaN
13/06/2018 2:02:05 PM	3611707325	1013.00	28.61	26.11	94.0	28.66	26.11	93.6	27.39	26.11	105.3	NaN	26.11	NaN
13/06/2018 2:02:06 PM	3611707326	1013.00	28.60	26.12	94.1	28.71	26.12	93.2	27.37	26.12	105.5	NaN	26.12	NaN
13/06/2018 2:02:07 PM	3611707327	1013.00	28.64	26.12	93.8	28.72	26.12	93.1	27.39	26.12	105.3	NaN	26.12	NaN
13/06/2018 2:02:08 PM	3611707328	1013.00	28.62	26.12	93.9	28.70	26.12	93.3	27.37	26.12	105.5	NaN	26.12	NaN
13/06/2018 2:02:09 PM	3611707329	1013.00	28.60	26.12	94.1	28.70	26.12	93.3	27.36	26.12	105.6	NaN	26.12	NaN
13/06/2018 2:02:10 PM	3611707330	1013.00	28.63	26.12	93.9	28.70	26.12	93.3	27.40	26.12	105.2	NaN	26.12	NaN
13/06/2018 2:02:11 PM	3611707331	1013.00	28.62	26.12	93.9	28.69	26.12	93.3	27.32	26.12	106.0	NaN	26.12	NaN
13/06/2018 2:02:12 PM	3611707332	1013.00	28.65	26.11	93.7	28.69	26.11	93.4	27.39	26.11	105.3	NaN	26.11	NaN
13/06/2018 2:02:13 PM	3611707333	1013.00	28.65	26.11	93.7	28.69	26.11	93.4	27.33	26.11	105.9	NaN	26.11	NaN
13/06/2018 2:02:14 PM	3611707334	1013.00	28.63	26.12	93.9	28.70	26.12	93.3	27.39	26.12	105.3	NaN	26.12	NaN
13/06/2018 2:02:15 PM	3611707335	1013.00	28.63	26.11	93.9	28.72	26.11	93.1	27.43	26.11	104.9	NaN	26.11	NaN
13/06/2018 2:02:16 PM	3611707336	1013.00	28.65	26.11	93.7	28.73	26.11	93.0	27.32	26.11	106.0	NaN	26.11	NaN
13/06/2018 2:02:17 PM	3611707337	1013.00	28.63	26.12	93.9	28.74	26.12	92.9	27.43	26.12	104.9	NaN	26.12	NaN
13/06/2018 2:02:18 PM	3611707338	1013.00	28.67	26.11	93.5	28.74	26.11	92.9	27.33	26.11	105.9	NaN	26.11	NaN
13/06/2018 2:02:19 PM	3611707339	1013.00	28.65	26.11	93.7	28.73	26.11	93.0	27.35	26.11	105.7	NaN	26.11	NaN
13/06/2018 2:02:20 PM	3611707340	1013.00	28.65	26.12	93.7	28.73	26.12	93.0	27.33	26.12	105.9	NaN	26.12	NaN
13/06/2018 2:02:21 PM	3611707341	1013.00	28.67	26.12	93.5	28.72	26.12	93.1	27.41	26.12	105.1	NaN	26.12	NaN
13/06/2018 2:02:22 PM	3611707342	1013.00	28.65	26.11	93.7	28.69	26.11	93.4	27.37	26.11	105.5	NaN	26.11	NaN
13/06/2018 2:02:23 PM	3611707343	1013.00	28.66	26.11	93.6	28.74	26.11	92.9	27.39	26.11	105.3	NaN	26.11	NaN
13/06/2018 2:02:24 PM	3611707344	1013.00	28.65	26.12	93.7	28.71	26.12	93.2	27.37	26.12	105.5	NaN	26.12	NaN
13/06/2018 2:02:25 PM	3611707345	1013.00	28.68	26.11	93.4	28.73	26.11	93.0	27.41	26.11	105.1	NaN	26.11	NaN
13/06/2018 2:02:26 PM	3611707346	1013.00	28.65	26.11	93.7	28.73	26.11	93.0	27.39	26.11	105.3	NaN	26.11	NaN
13/06/2018 2:02:27 PM	3611707347	1013.00	28.66	26.11	93.6	28.78	26.11	92.6	27.41	26.11	105.1	NaN	26.11	NaN
13/06/2018 2:02:28 PM	3611707348	1013.00	28.67	26.11	93.5	28.75	26.11	92.8	27.36	26.11	105.6	NaN	26.11	NaN
13/06/2018 2:02:29 PM	3611707349	1013.00	28.68	26.11	93.4	28.72	26.11	93.1	27.35	26.11	105.7	NaN	26.11	NaN
13/06/2018 2:02:30 PM	3611707350	1013.00	28.68	26.11	93.4	28.75	26.11	92.8	27.35	26.11	105.7	NaN	26.11	NaN
13/06/2018 2:02:31 PM	3611707351	1013.00	28.69	26.11	93.4	28.76	26.11	92.8	27.38	26.11	105.4	NaN	26.11	NaN
13/06/2018 2:02:32 PM	3611707352	1013.00	28.69	26.11	93.4	28.76	26.11	92.8	27.34	26.11	105.8	NaN	26.11	NaN
13/06/2018 2:02:33 PM	3611707353	1013.00	28.68	26.11	93.4	28.75	26.11	92.8	27.36	26.11	105.6	NaN	26.11	NaN
13/06/2018 2:02:34 PM	3611707354	1013.00	28.69	26.10	93.4	28.74	26.10	92.9	27.35	26.10	105.8	NaN	26.10	NaN
13/06/2018 2:02:35 PM	3611707355	1013.00	28.67	26.10	93.5	28.75	26.10	92.9	27.37	26.10	105.6	NaN	26.10	NaN
13/06/2018 2:02:36 PM	3611707356	1013.00	28.68	26.11	93.4	28.75	26.11	92.8	27.37	26.11	105.5	NaN	26.11	NaN
13/06/2018 2:02:37 PM	3611707357	1013.00	28.68	26.11	93.4	28.79	26.11	92.5	27.36	26.11	105.6	NaN	26.11	NaN
13/06/2018 2:02:38 PM	3611707358	1013.00	28.70	26.11	93.3	28.76	26.11	92.8	27.37	26.11	105.5	NaN	26.11	NaN
13/06/2018 2:02:39 PM	3611707359	1013.00	28.70	26.13	93.2	28.73	26.13	93.0	27.38	26.13	105.4	NaN	26.13	NaN
13/06/2018 2:02:40 PM	3611707360	1013.00	28.68	26.13	93.4	28.75	26.13	92.8	27.34	26.13	105.8	NaN	26.13	NaN
13/06/2018 2:02:41 PM	3611707361	1013.00	28.67	26.12	93.5	28.72	26.12	93.1	27.38	26.12	105.4	NaN	26.12	NaN
13/06/2018 2:02:42 PM	3611707362	1013.00	28.69	26.12	93.3	28.76	26.12	92.7	27.38	26.12	105.4	NaN	26.12	NaN
13/06/2018 2:02:43 PM	3611707363	1013.00	28.70	26.11	93.3	28.72	26.11	93.1	27.39	26.11	105.3	NaN	26.11	NaN
13/06/2018 2:02:44 PM	3611707364	1013.00	28.69	26.10	93.4	28.77	26.10	92.7	27.43	26.10	105.0	NaN	26.10	NaN
13/06/2018 2:02:45 PM	3611707365	1013.00	28.69	26.10	93.4	28.78	26.10	92.6	27.34	26.10	105.9	NaN	26.10	NaN
13/06/2018 2:02:46 PM	3611707366	1013.00	28.71	26.10	93.2	28.75	26.10	92.9	27.38	26.10	105.5	NaN	26.10	NaN
13/06/2018 2:02:47 PM	3611707367	1013.00	28.70	26.10	93.3	28.76	26.10	92.8	27.40	26.10	105.3	NaN	26.10	NaN
13/06/2018 2:02:48 PM	3611707368	1013.00	28.70	26.10	93.3	28.78	26.10	92.6	27.37	26.10	105.6	NaN	26.10	NaN
13/06/2018 2:02:49 PM	3611707369	1013.00	28.71	26.11	93.2	28.77	26.11	92.7	27.36	26.11	105.6	NaN	26.11	NaN
13/06/2018 2:02:50 PM	3611707370	1013.00	28.72	26.12	93.1	28.77	26.12	92.7	27.34	26.12	105.8	NaN	26.12	NaN
13/06/2018 2:02:51 PM	3611707371	1013.00	28.71	26.11	93.2	28.76	26.11	92.8	27.35	26.11	105.7	NaN	26.11	NaN
13/06/2018 2:02:52 PM	3611707372	1013.00	28.72	26.11	93.1	28.78	26.11	92.6	27.40	26.11	105.2	NaN	26.11	NaN
13/06/2018 2:02:53 PM	3611707373	1013.00	28.70	26.12	93.3	28.77	26.12	92.7	27.38	26.12	105.4	NaN	26.12	NaN
13/06/2018 2:02:54 PM	3611707374	1013.00	28.72	26.12	93.1	28.75	26.12	92.8	27.39	26.12	105.3	NaN	26.12	NaN
13/06/2018 2:02:55 PM	3611707375	1013.00	28.71	26.11	93.2	28.77	26.11	92.7	27.39	26.11	105.3	NaN	26.11	NaN
13/06/2018 2:02:56 PM	3611707376	1013.00	28.73	26.11	93.0	28.78	26.11	92.6	27.39	26.11	105.3	NaN	26.11	NaN
13/06/2018 2:02:57 PM	3611707377	1013.00	28.73	26.11	93.0	28.78	26.11	92.6	27.39	26.11	105.3	NaN	26.11	NaN
13/06/2018 2:02:58 PM	3611707378	1013.00	28.72	26.12	93.1	28.77	26.12	92.7	27.43	26.12	104.9	NaN	26.12	NaN
13/06/2018 2:02:59 PM	3611707379	1013.00	28.73	26.11	93.0	28.77	26.11	92.7	27.41	26.11	105.1	NaN	26.11	NaN
13/06/2018 2:03:00 PM	3611707380	1013.00	28.74	26.12	92.9	28.77	26.12	92.7	27.42	26.12	105.0	NaN	26.12	NaN
13/06/2018 2:03:01 PM	3611707381	1013.00	28.73	26.12	93.0	28.77	26.12	92.7	27.43	26.12	104.9	NaN	26.12	NaN
13/06/2018 2:03:02 PM	3611707382	1013.00	28.74	26.11	92.9	28.79	26.11	92.5	27.40	26.11	105.2	NaN	26.11	NaN
13/06/2018 2:03:03 PM	3611707383	1013.00	28.75	26.11	92.8	28.79	26.11	92.5	27.34	26.11	105.8	NaN	26.11	NaN
13/06/2018 2:03:04 PM	3611707384	1013.00	28.74	26.11	92.9	28.80	26.11	92.4	27.39	26.11	105.3	NaN	26.11	NaN
13/06/2018 2:03:05 PM	3611707385	1013.00	28.74	26.11	92.9	28.80	26.11	92.4	27.41	26.11	105.1	NaN	26.11	NaN
13/06/2018 2:03:06 PM	3611707386	1013.00	28.74	26.10	92.9	28.78	26.10	92.6	27.39	26.10	105.4	NaN	26.10	NaN
13/06/2018 2:03:07 PM	3611707387	1013.00	28.74	26.10	92.9	28.80	26.10	92.4	27.39	26.10	105.4	NaN	26.10	NaN
13/06/2018 2:03:08 PM	3611707388	1013.00	28.72	26.10	93.1	28.79	26.10	92.5	27.45	26.10	104.8	NaN	26.10	NaN
13/06/2018 2:03:09 PM	3611707389	1013.00	28.75	26.10	92.9	28.78	26.10	92.6	27.40	26.10	105.3	NaN	26.10	NaN
13/06/2018 2:03:10 PM	3611707390	1013.00	28.73	26.10	93.0	28.81	26.10	92.4	27.32	26.10	106.1	NaN	26.10	NaN
13/06/2018 2:03:11 PM	3611707391	1013.00	28.74	26.10	92.9	28.80	26.10	92.4	27.37	26.10	105.6	NaN	26.10	NaN
13/06/2018 2:03:12 PM	3611707392	1013.00	28.74	26.10	92.9	28.81	26.10	92.4	27.38	26.10	105.5	NaN	26.10	NaN
13/06/2018 2:03:13 PM	3611707393	1013.00	28.75	26.10	92.9	28.82	26.10	92.3	27.37	26.10	105.6	NaN	26.10	NaN
13/06/2018 2:03:14 PM	3611707394	1013.00	28.75	26.10	92.9	28.82	26.10	92.3	27.37	26.10	105.6	NaN	26.10	NaN
13/06/2018 2:03:15 PM	3611707395	1013.00	28.76	26.10	92.8	28.80	26.10	92.4	27.37	26.10	105.6	NaN	26.10	NaN
13/06/2018 2:03:16 PM	3611707396	1013.00	28.73	26.10	93.0	28.80	26.10	92.4	27.46	26.10	104.7	NaN	26.10	NaN
13/06/2018 2:03:17 PM	3611707397	1013.00	28.76	26.11	92.8	28.83	26.11	92.2	27.36	26.11	105.6	NaN	26.11	NaN
13/06/2018 2:03:18 PM	3611707398	1013.00	28.76	26.10	92.8	28.83	26.10	92.2	27.42	26.10	105.1	NaN	26.10	NaN
13/06/2018 2:03:19 PM	3611707399	1013.00	28.78	26.10	92.6	28.84	26.10	92.1	27.37	26.10	105.6	NaN	26.10	NaN
13/06/2018 2:03:20 PM	3611707400	1013.00	28.77	26.09	92.7	28.83	26.09	92.2	27.40	26.09	105.3	NaN	26.09	NaN
13/06/2018 2:03:21 PM	3611707401	1013.00	28.75	26.09	92.9	28.86	26.09	92.0	27.38	26.09	105.5	NaN	26.09	NaN
13/06/2018 2:03:22 PM	3611707402	1013.00	28.78	26.09	92.6	28.82	26.09	92.3	27.36	26.09	105.7	NaN	26.09	NaN
13/06/2018 2:03:23 PM	3611707403	1013.00	28.76	26.10	92.8	28.85	26.10	92.0	27.42	26.10	105.1	NaN	26.10	NaN
13/06/2018 2:03:24 PM	3611707404	1013.00	28.77	26.10	92.7	28.85	26.10	92.0	27.38	26.10	105.5	NaN	26.10	NaN
13/06/2018 2:03:25 PM	3611707405	1013.00	28.78	26.10	92.6	28.81	26.10	92.4	27.43	26.10	105.0	NaN	26.10	NaN
13/06/2018 2:03:26 PM	3611707406	1013.00	28.79	26.11	92.5	28.86	26.11	91.9	27.43	26.11	104.9	NaN	26.11	NaN
13/06/2018 2:03:27 PM	3611707407	1013.00	28.81	26.10	92.4	28.87	26.10	91.8	27.42	26.10	105.1	NaN	26.10	NaN
13/06/2018 2:03:28 PM	3611707408	1013.00	28.80	26.10	92.4	28.88	26.10	91.8	27.37	26.10	105.6	NaN	26.10	NaN
13/06/2018 2:03:29 PM	3611707409	1013.00	28.78	26.09	92.6	28.87	26.09	91.9	27.38	26.09	105.5	NaN	26.09	NaN
13/06/2018 2:03:30 PM	3611707410	1013.00	28.79	26.10	92.5	28.83	26.10	92.2	27.44	26.10	104.9	NaN	26.10	NaN
13/06/2018 2:03:31 PM	3611707411	1013.00	28.78	26.09	92.6	28.87	26.09	91.9	27.39	26.09	105.4	NaN	26.09	NaN
13/06/2018 2:03:32 PM	3611707412	1013.00	28.82	26.09	92.3	28.87	26.09	91.9	27.39	26.09	105.4	NaN	26.09	NaN
13/06/2018 2:03:33 PM	3611707413	1013.00	28.84	26.09	92.1	28.88	26.09	91.8	27.38	26.09	105.5	NaN	26.09	NaN
13/06/2018 2:03:34 PM	3611707414	1013.00	28.79	26.08	92.6	28.86	26.08	92.0	27.38	26.08	105.5	NaN	26.08	NaN
