Date & time of file creation	13/06/2018 2:05 PM													
Data file path	C:\Users\ameli\Desktop\Diego Barneche\13_06_2018\32_C_old_witrox_10.txt													
														
														
CALIBRATION DATA														
Parameter/Channel	N moving average	LO phase [r.U.]	HI phase [r.U.]	LO oxygen [%air saturation]	HI oxygen [%air saturation]	LO temperature [°C]	HI temperature [°C]	Salinity [‰]						
S WOT 0041 000001   , CH 1	1	59.69	27.94	0.00	100.00	26.12	26.14	0.000						
S WOT 0041 000001   , CH 2	1	59.69	27.94	0.00	100.00	26.12	26.14	0.000						
S WOT 0041 000001   , CH 3	1	59.69	27.94	0.00	100.00	26.12	26.14	0.000						
S WOT 0041 000001   , CH 4	1	59.69	27.94	0.00	100.00	26.12	26.14	0.000						
														
														
Date &Time [DD-MM-YYYY HH:MM:SS]	Time stamp code	Barometric pressure [hPa]	S WOT 0041 000001   , CH 1 phase [r.U.]	S WOT 0041 000001   , CH 1 temp [°C]	S WOT 0041 000001   , CH 1 O2 [% air saturation]	S WOT 0041 000001   , CH 2 phase [r.U.]	S WOT 0041 000001   , CH 2 temp [°C]	S WOT 0041 000001   , CH 2 O2 [% air saturation]	S WOT 0041 000001   , CH 3 phase [r.U.]	S WOT 0041 000001   , CH 3 temp [°C]	S WOT 0041 000001   , CH 3 O2 [% air saturation]	S WOT 0041 000001   , CH 4 phase [r.U.]	S WOT 0041 000001   , CH 4 temp [°C]	S WOT 0041 000001   , CH 4 O2 [% air saturation]
13/06/2018 2:07:50 PM	3611707670	1013.00	26.43	32.26	103.6	26.36	32.26	104.3	26.41	32.26	103.8	26.29	32.26	105.0
13/06/2018 2:07:51 PM	3611707671	1013.00	26.42	32.26	103.7	26.39	32.26	104.0	26.39	32.26	104.0	26.35	32.26	104.4
13/06/2018 2:07:52 PM	3611707672	1013.00	26.47	32.26	103.2	26.38	32.26	104.1	26.37	32.26	104.2	26.30	32.26	104.9
13/06/2018 2:07:53 PM	3611707673	1013.00	26.45	32.27	103.4	26.39	32.27	104.0	26.38	32.27	104.1	26.26	32.27	105.3
13/06/2018 2:07:54 PM	3611707674	1013.00	26.44	32.26	103.5	26.29	32.26	105.0	26.37	32.26	104.2	26.32	32.26	104.7
13/06/2018 2:07:55 PM	3611707675	1013.00	26.44	32.27	103.5	26.37	32.27	104.2	26.37	32.27	104.2	26.29	32.27	105.0
13/06/2018 2:07:56 PM	3611707676	1013.00	26.45	32.26	103.4	26.36	32.26	104.3	26.44	32.26	103.5	26.31	32.26	104.8
13/06/2018 2:07:57 PM	3611707677	1013.00	26.43	32.26	103.6	26.32	32.26	104.7	26.40	32.26	103.9	26.32	32.26	104.7
13/06/2018 2:07:58 PM	3611707678	1013.00	26.43	32.26	103.6	26.34	32.26	104.5	26.44	32.26	103.5	26.31	32.26	104.8
13/06/2018 2:07:59 PM	3611707679	1013.00	26.46	32.25	103.3	26.39	32.25	104.0	26.39	32.25	104.0	26.31	32.25	104.8
13/06/2018 2:08:00 PM	3611707680	1013.00	26.47	32.25	103.2	26.35	32.25	104.4	26.37	32.25	104.2	26.30	32.25	104.9
13/06/2018 2:08:01 PM	3611707681	1013.00	26.42	32.26	103.7	26.44	32.26	103.5	26.40	32.26	103.9	26.28	32.26	105.1
13/06/2018 2:08:02 PM	3611707682	1013.00	26.44	32.26	103.5	26.40	32.26	103.9	26.37	32.26	104.2	26.29	32.26	105.0
13/06/2018 2:08:03 PM	3611707683	1013.00	26.42	32.26	103.7	26.36	32.26	104.3	26.42	32.26	103.7	26.31	32.26	104.8
13/06/2018 2:08:04 PM	3611707684	1013.00	26.45	32.27	103.4	26.40	32.27	103.9	26.44	32.27	103.5	26.30	32.27	104.9
13/06/2018 2:08:05 PM	3611707685	1013.00	26.46	32.26	103.3	26.44	32.26	103.5	26.40	32.26	103.9	26.26	32.26	105.3
13/06/2018 2:08:06 PM	3611707686	1013.00	26.46	32.25	103.3	26.35	32.25	104.4	26.36	32.25	104.3	26.31	32.25	104.8
13/06/2018 2:08:07 PM	3611707687	1013.00	26.44	32.26	103.5	26.43	32.26	103.6	26.41	32.26	103.8	26.31	32.26	104.8
13/06/2018 2:08:08 PM	3611707688	1013.00	26.46	32.25	103.3	26.45	32.25	103.4	26.40	32.25	103.9	26.31	32.25	104.8
13/06/2018 2:08:09 PM	3611707689	1013.00	26.44	32.25	103.5	26.45	32.25	103.4	26.40	32.25	103.9	26.29	32.25	105.0
13/06/2018 2:08:10 PM	3611707690	1013.00	26.46	32.25	103.3	26.38	32.25	104.1	26.39	32.25	104.0	26.28	32.25	105.1
13/06/2018 2:08:11 PM	3611707691	1013.00	26.47	32.25	103.2	26.45	32.25	103.4	26.38	32.25	104.1	26.33	32.25	104.6
13/06/2018 2:08:12 PM	3611707692	1013.00	26.44	32.25	103.5	26.44	32.25	103.5	26.36	32.25	104.3	26.30	32.25	104.9
13/06/2018 2:08:13 PM	3611707693	1013.00	26.44	32.24	103.5	26.44	32.24	103.5	26.38	32.24	104.1	26.28	32.24	105.2
13/06/2018 2:08:14 PM	3611707694	1013.00	26.46	32.24	103.3	26.44	32.24	103.5	26.38	32.24	104.1	26.30	32.24	105.0
13/06/2018 2:08:15 PM	3611707695	1013.00	26.42	32.25	103.7	26.43	32.25	103.6	26.39	32.25	104.0	26.33	32.25	104.6
13/06/2018 2:08:16 PM	3611707696	1013.00	26.44	32.25	103.5	26.46	32.25	103.3	26.37	32.25	104.2	26.31	32.25	104.8
13/06/2018 2:08:17 PM	3611707697	1013.00	26.44	32.26	103.5	26.47	32.26	103.2	26.35	32.26	104.4	26.30	32.26	104.9
13/06/2018 2:08:18 PM	3611707698	1013.00	26.48	32.26	103.1	26.42	32.26	103.7	26.38	32.26	104.1	26.29	32.26	105.0
13/06/2018 2:08:19 PM	3611707699	1013.00	26.45	32.26	103.4	26.45	32.26	103.4	26.41	32.26	103.8	26.29	32.26	105.0
13/06/2018 2:08:20 PM	3611707700	1013.00	26.44	32.26	103.5	26.48	32.26	103.1	26.42	32.26	103.7	26.29	32.26	105.0
13/06/2018 2:08:21 PM	3611707701	1013.00	26.45	32.26	103.4	26.44	32.26	103.5	26.42	32.26	103.7	26.34	32.26	104.5
13/06/2018 2:08:22 PM	3611707702	1013.00	26.47	32.25	103.2	26.42	32.25	103.7	26.45	32.25	103.4	26.31	32.25	104.8
13/06/2018 2:08:23 PM	3611707703	1013.00	26.45	32.25	103.4	26.37	32.25	104.2	26.38	32.25	104.1	26.30	32.25	104.9
13/06/2018 2:08:24 PM	3611707704	1013.00	26.48	32.25	103.1	26.34	32.25	104.5	26.44	32.25	103.5	26.28	32.25	105.1
13/06/2018 2:08:25 PM	3611707705	1013.00	26.46	32.25	103.3	26.39	32.25	104.0	26.38	32.25	104.1	26.27	32.25	105.2
13/06/2018 2:08:26 PM	3611707706	1013.00	26.46	32.25	103.3	26.46	32.25	103.3	26.39	32.25	104.0	26.33	32.25	104.6
13/06/2018 2:08:27 PM	3611707707	1013.00	26.47	32.24	103.2	26.40	32.24	103.9	26.42	32.24	103.7	26.31	32.24	104.9
13/06/2018 2:08:28 PM	3611707708	1013.00	26.46	32.24	103.3	26.42	32.24	103.7	26.39	32.24	104.0	26.28	32.24	105.2
13/06/2018 2:08:29 PM	3611707709	1013.00	26.44	32.24	103.5	26.49	32.24	103.0	26.41	32.24	103.8	26.27	32.24	105.3
13/06/2018 2:08:30 PM	3611707710	1013.00	26.47	32.24	103.2	26.46	32.24	103.3	26.43	32.24	103.6	26.28	32.24	105.2
13/06/2018 2:08:31 PM	3611707711	1013.00	26.47	32.25	103.2	26.40	32.25	103.9	26.39	32.25	104.0	26.31	32.25	104.8
13/06/2018 2:08:32 PM	3611707712	1013.00	26.47	32.25	103.2	26.42	32.25	103.7	26.40	32.25	103.9	26.25	32.25	105.4
13/06/2018 2:08:33 PM	3611707713	1013.00	26.47	32.25	103.2	26.44	32.25	103.5	26.41	32.25	103.8	26.32	32.25	104.7
13/06/2018 2:08:34 PM	3611707714	1013.00	26.45	32.25	103.4	26.47	32.25	103.2	26.37	32.25	104.2	26.32	32.25	104.7
13/06/2018 2:08:35 PM	3611707715	1013.00	26.46	32.25	103.3	26.47	32.25	103.2	26.41	32.25	103.8	26.28	32.25	105.1
13/06/2018 2:08:36 PM	3611707716	1013.00	26.48	32.24	103.1	26.46	32.24	103.3	26.40	32.24	103.9	26.30	32.24	105.0
13/06/2018 2:08:37 PM	3611707717	1013.00	26.48	32.24	103.1	26.50	32.24	102.9	26.44	32.24	103.5	26.35	32.24	104.4
13/06/2018 2:08:38 PM	3611707718	1013.00	26.45	32.23	103.5	26.50	32.23	103.0	26.44	32.23	103.6	26.31	32.23	104.9
13/06/2018 2:08:39 PM	3611707719	1013.00	26.48	32.22	103.2	26.38	32.22	104.2	26.40	32.22	104.0	26.28	32.22	105.2
13/06/2018 2:08:40 PM	3611707720	1013.00	26.48	32.23	103.2	26.45	32.23	103.5	26.37	32.23	104.3	26.30	32.23	105.0
13/06/2018 2:08:41 PM	3611707721	1013.00	26.45	32.23	103.5	26.44	32.23	103.6	26.40	32.23	104.0	26.32	32.23	104.8
13/06/2018 2:08:42 PM	3611707722	1013.00	26.44	32.23	103.6	26.39	32.23	104.1	26.44	32.23	103.6	26.30	32.23	105.0
13/06/2018 2:08:43 PM	3611707723	1013.00	26.45	32.24	103.4	26.47	32.24	103.2	26.44	32.24	103.5	26.32	32.24	104.8
13/06/2018 2:08:44 PM	3611707724	1013.00	26.49	32.25	103.0	26.48	32.25	103.1	26.36	32.25	104.3	26.31	32.25	104.8
13/06/2018 2:08:45 PM	3611707725	1013.00	26.46	32.25	103.3	26.44	32.25	103.5	26.41	32.25	103.8	26.36	32.25	104.3
13/06/2018 2:08:46 PM	3611707726	1013.00	26.47	32.23	103.3	26.46	32.23	103.4	26.48	32.23	103.2	26.29	32.23	105.1
13/06/2018 2:08:47 PM	3611707727	1013.00	26.46	32.23	103.4	26.47	32.23	103.3	26.39	32.23	104.1	26.30	32.23	105.0
13/06/2018 2:08:48 PM	3611707728	1013.00	26.47	32.23	103.3	26.48	32.23	103.2	26.42	32.23	103.8	26.29	32.23	105.1
13/06/2018 2:08:49 PM	3611707729	1013.00	26.49	32.22	103.1	26.44	32.22	103.6	26.42	32.22	103.8	26.32	32.22	104.8
13/06/2018 2:08:50 PM	3611707730	1013.00	26.49	32.22	103.1	26.50	32.22	103.0	26.39	32.22	104.1	26.33	32.22	104.7
13/06/2018 2:08:51 PM	3611707731	1013.00	26.46	32.23	103.4	26.45	32.23	103.5	26.40	32.23	104.0	26.29	32.23	105.1
13/06/2018 2:08:52 PM	3611707732	1013.00	26.47	32.23	103.3	26.49	32.23	103.1	26.39	32.23	104.1	26.31	32.23	104.9
13/06/2018 2:08:53 PM	3611707733	1013.00	26.47	32.23	103.3	26.56	32.23	102.4	26.42	32.23	103.8	26.29	32.23	105.1
13/06/2018 2:08:54 PM	3611707734	1013.00	26.43	32.22	103.7	26.51	32.22	102.9	26.41	32.22	103.9	26.34	32.22	104.6
13/06/2018 2:08:55 PM	3611707735	1013.00	26.46	32.23	103.4	26.45	32.23	103.5	26.45	32.23	103.5	26.33	32.23	104.7
13/06/2018 2:08:56 PM	3611707736	1013.00	26.47	32.23	103.3	26.50	32.23	103.0	26.45	32.23	103.5	26.29	32.23	105.1
13/06/2018 2:08:57 PM	3611707737	1013.00	26.47	32.23	103.3	26.51	32.23	102.9	26.40	32.23	104.0	26.30	32.23	105.0
13/06/2018 2:08:58 PM	3611707738	1013.00	26.51	32.23	102.9	26.47	32.23	103.3	26.43	32.23	103.7	26.29	32.23	105.1
13/06/2018 2:08:59 PM	3611707739	1013.00	26.45	32.24	103.4	26.50	32.24	102.9	26.43	32.24	103.6	26.34	32.24	104.5
13/06/2018 2:09:00 PM	3611707740	1013.00	26.45	32.23	103.5	26.48	32.23	103.2	26.40	32.23	104.0	26.30	32.23	105.0
13/06/2018 2:09:01 PM	3611707741	1013.00	26.49	32.23	103.1	26.48	32.23	103.2	26.48	32.23	103.2	26.32	32.23	104.8
13/06/2018 2:09:02 PM	3611707742	1013.00	26.45	32.23	103.5	26.52	32.23	102.8	26.44	32.23	103.6	26.33	32.23	104.7
13/06/2018 2:09:03 PM	3611707743	1013.00	26.49	32.23	103.1	26.52	32.23	102.8	26.42	32.23	103.8	26.31	32.23	104.9
13/06/2018 2:09:04 PM	3611707744	1013.00	26.46	32.23	103.4	26.58	32.23	102.2	26.44	32.23	103.6	26.28	32.23	105.2
13/06/2018 2:09:05 PM	3611707745	1013.00	26.46	32.23	103.4	26.49	32.23	103.1	26.44	32.23	103.6	26.27	32.23	105.3
13/06/2018 2:09:06 PM	3611707746	1013.00	26.46	32.23	103.4	26.56	32.23	102.4	26.41	32.23	103.9	26.28	32.23	105.2
13/06/2018 2:09:07 PM	3611707747	1013.00	26.46	32.23	103.4	26.55	32.23	102.5	26.44	32.23	103.6	26.31	32.23	104.9
13/06/2018 2:09:08 PM	3611707748	1013.00	26.50	32.22	103.0	26.53	32.22	102.7	26.40	32.22	104.0	26.28	32.22	105.2
13/06/2018 2:09:09 PM	3611707749	1013.00	26.50	32.22	103.0	26.53	32.22	102.7	26.42	32.22	103.8	26.31	32.22	104.9
13/06/2018 2:09:10 PM	3611707750	1013.00	26.48	32.22	103.2	26.52	32.22	102.8	26.44	32.22	103.6	26.31	32.22	104.9
13/06/2018 2:09:11 PM	3611707751	1013.00	26.50	32.21	103.0	26.53	32.21	102.7	26.41	32.21	103.9	26.30	32.21	105.0
13/06/2018 2:09:12 PM	3611707752	1013.00	26.48	32.21	103.2	26.57	32.21	102.3	26.44	32.21	103.6	26.29	32.21	105.1
13/06/2018 2:09:13 PM	3611707753	1013.00	26.48	32.21	103.2	26.55	32.21	102.5	26.45	32.21	103.5	26.32	32.21	104.8
13/06/2018 2:09:14 PM	3611707754	1013.00	26.53	32.21	102.7	26.59	32.21	102.1	26.42	32.21	103.8	26.32	32.21	104.8
13/06/2018 2:09:15 PM	3611707755	1013.00	26.49	32.21	103.1	26.50	32.21	103.0	26.40	32.21	104.0	26.30	32.21	105.0
13/06/2018 2:09:16 PM	3611707756	1013.00	26.46	32.21	103.4	26.64	32.21	101.6	26.43	32.21	103.7	26.29	32.21	105.1
13/06/2018 2:09:17 PM	3611707757	1013.00	26.49	32.22	103.1	26.61	32.22	101.9	26.42	32.22	103.8	26.31	32.22	104.9
13/06/2018 2:09:18 PM	3611707758	1013.00	26.47	32.22	103.3	26.59	32.22	102.1	26.43	32.22	103.7	26.31	32.22	104.9
13/06/2018 2:09:19 PM	3611707759	1013.00	26.49	32.21	103.1	26.44	32.21	103.6	26.41	32.21	103.9	26.32	32.21	104.8
13/06/2018 2:09:20 PM	3611707760	1013.00	26.49	32.22	103.1	26.59	32.22	102.1	26.42	32.22	103.8	26.32	32.22	104.8
13/06/2018 2:09:21 PM	3611707761	1013.00	26.49	32.22	103.1	26.55	32.22	102.5	26.41	32.22	103.9	26.34	32.22	104.6
13/06/2018 2:09:22 PM	3611707762	1013.00	26.49	32.21	103.1	26.58	32.21	102.2	26.42	32.21	103.8	26.33	32.21	104.7
13/06/2018 2:09:23 PM	3611707763	1013.00	26.50	32.21	103.0	26.52	32.21	102.8	26.40	32.21	104.0	26.32	32.21	104.8
13/06/2018 2:09:24 PM	3611707764	1013.00	26.49	32.21	103.1	26.54	32.21	102.6	26.42	32.21	103.8	26.31	32.21	104.9
13/06/2018 2:09:25 PM	3611707765	1013.00	26.48	32.19	103.2	26.58	32.19	102.2	26.44	32.19	103.6	26.31	32.19	104.9
13/06/2018 2:09:26 PM	3611707766	1013.00	26.50	32.19	103.0	26.56	32.19	102.4	26.45	32.19	103.5	26.27	32.19	105.3
13/06/2018 2:09:27 PM	3611707767	1013.00	26.50	32.20	103.0	26.56	32.20	102.4	26.44	32.20	103.6	26.31	32.20	104.9
13/06/2018 2:09:28 PM	3611707768	1013.00	26.51	32.20	102.9	26.59	32.20	102.1	26.43	32.20	103.7	26.34	32.20	104.6
13/06/2018 2:09:29 PM	3611707769	1013.00	26.49	32.20	103.1	26.63	32.20	101.7	26.45	32.20	103.5	26.29	32.20	105.1
13/06/2018 2:09:30 PM	3611707770	1013.00	26.51	32.21	102.9	26.59	32.21	102.1	26.45	32.21	103.5	26.32	32.21	104.8
13/06/2018 2:09:31 PM	3611707771	1013.00	26.50	32.21	103.0	26.59	32.21	102.1	26.46	32.21	103.4	26.31	32.21	104.9
13/06/2018 2:09:32 PM	3611707772	1013.00	26.55	32.21	102.5	26.53	32.21	102.7	26.41	32.21	103.9	26.32	32.21	104.8
13/06/2018 2:09:33 PM	3611707773	1013.00	26.53	32.21	102.7	26.60	32.21	102.0	26.50	32.21	103.0	26.33	32.21	104.7
13/06/2018 2:09:34 PM	3611707774	1013.00	26.50	32.20	103.0	26.50	32.20	103.0	26.43	32.20	103.7	26.27	32.20	105.3
13/06/2018 2:09:35 PM	3611707775	1013.00	26.54	32.20	102.6	26.55	32.20	102.5	26.45	32.20	103.5	26.34	32.20	104.6
13/06/2018 2:09:36 PM	3611707776	1013.00	26.50	32.20	103.0	26.50	32.20	103.0	26.47	32.20	103.3	26.32	32.20	104.8
13/06/2018 2:09:37 PM	3611707777	1013.00	26.53	32.20	102.7	26.58	32.20	102.2	26.50	32.20	103.0	26.34	32.20	104.6
13/06/2018 2:09:38 PM	3611707778	1013.00	26.53	32.19	102.7	26.67	32.19	101.4	26.44	32.19	103.6	26.34	32.19	104.6
13/06/2018 2:09:39 PM	3611707779	1013.00	26.52	32.19	102.8	26.53	32.19	102.7	26.42	32.19	103.8	26.33	32.19	104.7
13/06/2018 2:09:40 PM	3611707780	1013.00	26.52	32.19	102.8	26.61	32.19	102.0	26.43	32.19	103.7	26.31	32.19	104.9
13/06/2018 2:09:41 PM	3611707781	1013.00	26.53	32.19	102.7	26.66	32.19	101.5	26.49	32.19	103.1	26.29	32.19	105.1
13/06/2018 2:09:42 PM	3611707782	1013.00	26.54	32.18	102.7	26.58	32.18	102.3	26.47	32.18	103.4	26.31	32.18	105.0
13/06/2018 2:09:43 PM	3611707783	1013.00	26.52	32.19	102.8	26.59	32.19	102.1	26.50	32.19	103.0	26.31	32.19	104.9
13/06/2018 2:09:44 PM	3611707784	1013.00	26.53	32.18	102.8	26.64	32.18	101.7	26.46	32.18	103.5	26.34	32.18	104.7
13/06/2018 2:09:45 PM	3611707785	1013.00	26.53	32.18	102.8	26.59	32.18	102.2	26.49	32.18	103.2	26.34	32.18	104.7
13/06/2018 2:09:46 PM	3611707786	1013.00	26.55	32.19	102.5	26.66	32.19	101.5	26.43	32.19	103.7	26.34	32.19	104.6
13/06/2018 2:09:47 PM	3611707787	1013.00	26.55	32.18	102.6	26.57	32.18	102.4	26.48	32.18	103.3	26.32	32.18	104.9
13/06/2018 2:09:48 PM	3611707788	1013.00	26.52	32.18	102.9	26.59	32.18	102.2	26.45	32.18	103.6	26.32	32.18	104.9
13/06/2018 2:09:49 PM	3611707789	1013.00	26.58	32.18	102.3	26.61	32.18	102.0	26.44	32.18	103.7	26.30	32.18	105.1
13/06/2018 2:09:50 PM	3611707790	1013.00	26.54	32.17	102.7	26.61	32.17	102.0	26.51	32.17	103.0	26.31	32.17	105.0
13/06/2018 2:09:51 PM	3611707791	1013.00	26.52	32.18	102.9	26.62	32.18	101.9	26.44	32.18	103.7	26.34	32.18	104.7
13/06/2018 2:09:52 PM	3611707792	1013.00	26.56	32.18	102.5	26.64	32.18	101.7	26.45	32.18	103.6	26.33	32.18	104.8
13/06/2018 2:09:53 PM	3611707793	1013.00	26.55	32.19	102.5	26.61	32.19	102.0	26.47	32.19	103.3	26.32	32.19	104.8
13/06/2018 2:09:54 PM	3611707794	1013.00	26.54	32.19	102.6	26.58	32.19	102.2	26.47	32.19	103.3	26.28	32.19	105.2
13/06/2018 2:09:55 PM	3611707795	1013.00	26.55	32.18	102.6	26.63	32.18	101.8	26.47	32.18	103.4	26.32	32.18	104.9
13/06/2018 2:09:56 PM	3611707796	1013.00	26.56	32.18	102.5	26.60	32.18	102.1	26.48	32.18	103.3	26.32	32.18	104.9
13/06/2018 2:09:57 PM	3611707797	1013.00	26.56	32.18	102.5	26.63	32.18	101.8	26.45	32.18	103.6	26.32	32.18	104.9
13/06/2018 2:09:58 PM	3611707798	1013.00	26.58	32.17	102.3	26.65	32.17	101.6	26.51	32.17	103.0	26.32	32.17	104.9
13/06/2018 2:09:59 PM	3611707799	1013.00	26.56	32.17	102.5	26.63	32.17	101.8	26.49	32.17	103.2	26.30	32.17	105.1
13/06/2018 2:10:00 PM	3611707800	1013.00	26.55	32.17	102.6	26.65	32.17	101.6	26.45	32.17	103.6	26.32	32.17	104.9
13/06/2018 2:10:01 PM	3611707801	1013.00	26.56	32.17	102.5	26.64	32.17	101.7	26.48	32.17	103.3	26.33	32.17	104.8
13/06/2018 2:10:02 PM	3611707802	1013.00	26.55	32.16	102.6	26.62	32.16	101.9	26.46	32.16	103.5	26.31	32.16	105.0
13/06/2018 2:10:03 PM	3611707803	1013.00	26.55	32.17	102.6	26.65	32.17	101.6	26.46	32.17	103.5	26.34	32.17	104.7
13/06/2018 2:10:04 PM	3611707804	1013.00	26.58	32.17	102.3	26.67	32.17	101.4	26.49	32.17	103.2	26.32	32.17	104.9
13/06/2018 2:10:05 PM	3611707805	1013.00	26.60	32.17	102.1	26.68	32.17	101.3	26.47	32.17	103.4	26.29	32.17	105.2
13/06/2018 2:10:06 PM	3611707806	1013.00	26.56	32.17	102.5	26.61	32.17	102.0	26.43	32.17	103.8	26.35	32.17	104.6
13/06/2018 2:10:07 PM	3611707807	1013.00	26.56	32.17	102.5	26.64	32.17	101.7	26.44	32.17	103.7	26.35	32.17	104.6
13/06/2018 2:10:08 PM	3611707808	1013.00	26.56	32.17	102.5	26.68	32.17	101.3	26.48	32.17	103.3	26.33	32.17	104.8
13/06/2018 2:10:09 PM	3611707809	1013.00	26.57	32.17	102.4	26.67	32.17	101.4	26.50	32.17	103.1	26.34	32.17	104.7
13/06/2018 2:10:10 PM	3611707810	1013.00	26.57	32.17	102.4	26.67	32.17	101.4	26.48	32.17	103.3	26.31	32.17	105.0
13/06/2018 2:10:11 PM	3611707811	1013.00	26.56	32.17	102.5	26.72	32.17	100.9	26.50	32.17	103.1	26.34	32.17	104.7
13/06/2018 2:10:12 PM	3611707812	1013.00	26.62	32.17	101.9	26.74	32.17	100.7	26.43	32.17	103.8	26.33	32.17	104.8
13/06/2018 2:10:13 PM	3611707813	1013.00	26.57	32.17	102.4	26.70	32.17	101.1	26.49	32.17	103.2	26.32	32.17	104.9
13/06/2018 2:10:14 PM	3611707814	1013.00	26.55	32.18	102.6	26.74	32.18	100.7	26.46	32.18	103.5	26.28	32.18	105.3
13/06/2018 2:10:15 PM	3611707815	1013.00	26.57	32.17	102.4	26.68	32.17	101.3	26.51	32.17	103.0	26.34	32.17	104.7
13/06/2018 2:10:16 PM	3611707816	1013.00	26.58	32.17	102.3	26.71	32.17	101.0	26.53	32.17	102.8	26.33	32.17	104.8
13/06/2018 2:10:17 PM	3611707817	1013.00	26.58	32.17	102.3	26.73	32.17	100.8	26.49	32.17	103.2	26.30	32.17	105.1
13/06/2018 2:10:18 PM	3611707818	1013.00	26.59	32.16	102.2	26.68	32.16	101.3	26.51	32.16	103.0	26.30	32.16	105.1
13/06/2018 2:10:19 PM	3611707819	1013.00	26.60	32.16	102.1	26.70	32.16	101.1	26.50	32.16	103.1	26.33	32.16	104.8
13/06/2018 2:10:20 PM	3611707820	1013.00	26.59	32.15	102.2	26.67	32.15	101.4	26.48	32.15	103.3	26.30	32.15	105.1
13/06/2018 2:10:21 PM	3611707821	1013.00	26.61	32.15	102.0	26.73	32.15	100.9	26.49	32.15	103.2	26.32	32.15	104.9
13/06/2018 2:10:22 PM	3611707822	1013.00	26.60	32.15	102.1	26.70	32.15	101.1	26.44	32.15	103.7	26.34	32.15	104.7
13/06/2018 2:10:23 PM	3611707823	1013.00	26.58	32.15	102.3	26.70	32.15	101.1	26.50	32.15	103.1	26.31	32.15	105.0
13/06/2018 2:10:24 PM	3611707824	1013.00	26.58	32.14	102.3	26.71	32.14	101.1	26.51	32.14	103.0	26.33	32.14	104.8
13/06/2018 2:10:25 PM	3611707825	1013.00	26.57	32.15	102.4	26.67	32.15	101.4	26.53	32.15	102.8	26.34	32.15	104.7
13/06/2018 2:10:26 PM	3611707826	1013.00	26.57	32.14	102.4	26.72	32.14	101.0	26.48	32.14	103.3	26.33	32.14	104.8
13/06/2018 2:10:27 PM	3611707827	1013.00	26.60	32.15	102.1	26.74	32.15	100.8	26.54	32.15	102.7	26.31	32.15	105.0
13/06/2018 2:10:28 PM	3611707828	1013.00	26.59	32.15	102.2	26.74	32.15	100.8	26.51	32.15	103.0	26.33	32.15	104.8
13/06/2018 2:10:29 PM	3611707829	1013.00	26.60	32.15	102.1	26.76	32.15	100.6	26.49	32.15	103.2	26.32	32.15	104.9
13/06/2018 2:10:30 PM	3611707830	1013.00	26.59	32.15	102.2	26.75	32.15	100.7	26.53	32.15	102.8	26.31	32.15	105.0
13/06/2018 2:10:31 PM	3611707831	1013.00	26.62	32.15	101.9	26.81	32.15	100.1	26.53	32.15	102.8	26.33	32.15	104.8
13/06/2018 2:10:32 PM	3611707832	1013.00	26.60	32.15	102.1	26.75	32.15	100.7	26.56	32.15	102.5	26.33	32.15	104.8
13/06/2018 2:10:33 PM	3611707833	1013.00	26.62	32.15	101.9	26.83	32.15	99.9	26.59	32.15	102.2	26.35	32.15	104.6
13/06/2018 2:10:34 PM	3611707834	1013.00	26.60	32.14	102.1	26.76	32.14	100.6	26.56	32.14	102.5	26.31	32.14	105.0
13/06/2018 2:10:35 PM	3611707835	1013.00	26.58	32.14	102.3	26.80	32.14	100.2	26.53	32.14	102.8	26.32	32.14	104.9
13/06/2018 2:10:36 PM	3611707836	1013.00	26.59	32.15	102.2	26.79	32.15	100.3	26.54	32.15	102.7	26.34	32.15	104.7
13/06/2018 2:10:37 PM	3611707837	1013.00	26.61	32.15	102.0	26.79	32.15	100.3	26.54	32.15	102.7	26.34	32.15	104.7
13/06/2018 2:10:38 PM	3611707838	1013.00	26.61	32.15	102.0	26.83	32.15	99.9	26.53	32.15	102.8	26.32	32.15	104.9
13/06/2018 2:10:39 PM	3611707839	1013.00	26.62	32.15	101.9	26.83	32.15	99.9	26.52	32.15	102.9	26.33	32.15	104.8
13/06/2018 2:10:40 PM	3611707840	1013.00	26.61	32.15	102.0	26.76	32.15	100.6	26.55	32.15	102.6	26.34	32.15	104.7
13/06/2018 2:10:41 PM	3611707841	1013.00	26.60	32.14	102.1	26.78	32.14	100.4	26.56	32.14	102.5	26.34	32.14	104.7
13/06/2018 2:10:42 PM	3611707842	1013.00	26.61	32.13	102.1	26.76	32.13	100.6	26.55	32.13	102.6	26.31	32.13	105.1
13/06/2018 2:10:43 PM	3611707843	1013.00	26.59	32.14	102.2	26.78	32.14	100.4	26.55	32.14	102.6	26.31	32.14	105.0
13/06/2018 2:10:44 PM	3611707844	1013.00	26.62	32.15	101.9	26.82	32.15	100.0	26.54	32.15	102.7	26.34	32.15	104.7
13/06/2018 2:10:45 PM	3611707845	1013.00	26.59	32.14	102.2	26.83	32.14	99.9	26.58	32.14	102.3	26.30	32.14	105.1
13/06/2018 2:10:46 PM	3611707846	1013.00	26.61	32.15	102.0	26.76	32.15	100.6	26.57	32.15	102.4	26.30	32.15	105.1
13/06/2018 2:10:47 PM	3611707847	1013.00	26.61	32.15	102.0	26.77	32.15	100.5	26.57	32.15	102.4	26.35	32.15	104.6
13/06/2018 2:10:48 PM	3611707848	1013.00	26.63	32.14	101.8	26.81	32.14	100.1	26.58	32.14	102.3	26.32	32.14	104.9
13/06/2018 2:10:49 PM	3611707849	1013.00	26.62	32.14	101.9	26.79	32.14	100.3	26.54	32.14	102.7	26.33	32.14	104.8
13/06/2018 2:10:50 PM	3611707850	1013.00	26.60	32.15	102.1	26.79	32.15	100.3	26.57	32.15	102.4	26.34	32.15	104.7
13/06/2018 2:10:51 PM	3611707851	1013.00	26.60	32.15	102.1	26.75	32.15	100.7	26.60	32.15	102.1	26.28	32.15	105.3
13/06/2018 2:10:52 PM	3611707852	1013.00	26.63	32.15	101.8	26.82	32.15	100.0	26.52	32.15	102.9	26.32	32.15	104.9
13/06/2018 2:10:53 PM	3611707853	1013.00	26.61	32.14	102.0	26.82	32.14	100.0	26.53	32.14	102.8	26.32	32.14	104.9
13/06/2018 2:10:54 PM	3611707854	1013.00	26.66	32.14	101.6	26.84	32.14	99.8	26.57	32.14	102.4	26.32	32.14	104.9
13/06/2018 2:10:55 PM	3611707855	1013.00	26.61	32.13	102.1	26.82	32.13	100.0	26.50	32.13	103.1	26.32	32.13	104.9
13/06/2018 2:10:56 PM	3611707856	1013.00	26.63	32.12	101.9	26.86	32.12	99.7	26.50	32.12	103.2	26.32	32.12	105.0
13/06/2018 2:10:57 PM	3611707857	1013.00	26.65	32.12	101.7	26.80	32.12	100.2	26.53	32.12	102.9	26.34	32.12	104.8
13/06/2018 2:10:58 PM	3611707858	1013.00	26.65	32.13	101.7	26.76	32.13	100.6	26.55	32.13	102.6	26.33	32.13	104.8
13/06/2018 2:10:59 PM	3611707859	1013.00	26.62	32.12	102.0	26.83	32.12	99.9	26.55	32.12	102.7	26.32	32.12	105.0
13/06/2018 2:11:00 PM	3611707860	1013.00	26.62	32.13	102.0	26.79	32.13	100.3	26.53	32.13	102.8	26.35	32.13	104.6
13/06/2018 2:11:01 PM	3611707861	1013.00	26.66	32.13	101.6	26.81	32.13	100.1	26.56	32.13	102.5	26.34	32.13	104.7
13/06/2018 2:11:02 PM	3611707862	1013.00	26.67	32.12	101.5	26.80	32.12	100.2	26.57	32.12	102.5	26.32	32.12	105.0
13/06/2018 2:11:03 PM	3611707863	1013.00	26.63	32.12	101.9	26.84	32.12	99.9	26.59	32.12	102.3	26.34	32.12	104.8
13/06/2018 2:11:04 PM	3611707864	1013.00	26.65	32.12	101.7	26.82	32.12	100.0	26.56	32.12	102.6	26.33	32.12	104.9
13/06/2018 2:11:05 PM	3611707865	1013.00	26.66	32.12	101.6	26.84	32.12	99.9	26.54	32.12	102.8	26.34	32.12	104.8
13/06/2018 2:11:06 PM	3611707866	1013.00	26.63	32.13	101.9	26.84	32.13	99.8	26.52	32.13	102.9	26.36	32.13	104.5
13/06/2018 2:11:07 PM	3611707867	1013.00	26.67	32.13	101.5	26.86	32.13	99.6	26.57	32.13	102.5	26.33	32.13	104.8
13/06/2018 2:11:08 PM	3611707868	1013.00	26.64	32.12	101.8	26.92	32.12	99.1	26.56	32.12	102.6	26.31	32.12	105.1
13/06/2018 2:11:09 PM	3611707869	1013.00	26.69	32.13	101.3	26.89	32.13	99.4	26.57	32.13	102.5	26.37	32.13	104.4
13/06/2018 2:11:10 PM	3611707870	1013.00	26.67	32.12	101.5	26.92	32.12	99.1	26.57	32.12	102.5	26.30	32.12	105.2
13/06/2018 2:11:11 PM	3611707871	1013.00	26.68	32.12	101.4	26.93	32.12	99.0	26.58	32.12	102.4	26.32	32.12	105.0
13/06/2018 2:11:12 PM	3611707872	1013.00	26.68	32.12	101.4	26.96	32.12	98.7	26.55	32.12	102.7	26.33	32.12	104.9
13/06/2018 2:11:13 PM	3611707873	1013.00	26.69	32.13	101.3	26.91	32.13	99.2	26.58	32.13	102.4	26.29	32.13	105.3
13/06/2018 2:11:14 PM	3611707874	1013.00	26.67	32.12	101.5	26.94	32.12	98.9	26.56	32.12	102.6	26.33	32.12	104.9
13/06/2018 2:11:15 PM	3611707875	1013.00	26.68	32.12	101.4	26.90	32.12	99.3	26.62	32.12	102.0	26.32	32.12	105.0
13/06/2018 2:11:16 PM	3611707876	1013.00	26.72	32.11	101.0	26.97	32.11	98.6	26.59	32.11	102.3	26.36	32.11	104.6
13/06/2018 2:11:17 PM	3611707877	1013.00	26.71	32.11	101.1	26.92	32.11	99.1	26.58	32.11	102.4	26.33	32.11	104.9
13/06/2018 2:11:18 PM	3611707878	1013.00	26.71	32.11	101.1	26.92	32.11	99.1	26.57	32.11	102.5	26.32	32.11	105.0
13/06/2018 2:11:19 PM	3611707879	1013.00	26.71	32.11	101.1	26.88	32.11	99.5	26.58	32.11	102.4	26.36	32.11	104.6
13/06/2018 2:11:20 PM	3611707880	1013.00	26.70	32.11	101.2	26.97	32.11	98.6	26.56	32.11	102.6	26.36	32.11	104.6
13/06/2018 2:11:21 PM	3611707881	1013.00	26.71	32.11	101.1	26.98	32.11	98.5	26.52	32.11	103.0	26.33	32.11	104.9
13/06/2018 2:11:22 PM	3611707882	1013.00	26.70	32.11	101.2	26.94	32.11	98.9	26.57	32.11	102.5	26.36	32.11	104.6
13/06/2018 2:11:23 PM	3611707883	1013.00	26.70	32.11	101.2	26.96	32.11	98.7	26.54	32.11	102.8	26.32	32.11	105.0
13/06/2018 2:11:24 PM	3611707884	1013.00	26.70	32.11	101.2	26.96	32.11	98.7	26.57	32.11	102.5	26.30	32.11	105.2
13/06/2018 2:11:25 PM	3611707885	1013.00	26.73	32.11	100.9	26.93	32.11	99.0	26.59	32.11	102.3	26.31	32.11	105.1
13/06/2018 2:11:26 PM	3611707886	1013.00	26.74	32.11	100.8	26.94	32.11	98.9	26.60	32.11	102.2	26.35	32.11	104.7
13/06/2018 2:11:27 PM	3611707887	1013.00	26.69	32.10	101.3	26.91	32.10	99.2	26.58	32.10	102.4	26.35	32.10	104.7
13/06/2018 2:11:28 PM	3611707888	1013.00	26.74	32.10	100.8	26.96	32.10	98.8	26.58	32.10	102.4	26.34	32.10	104.8
13/06/2018 2:11:29 PM	3611707889	1013.00	26.74	32.10	100.8	26.96	32.10	98.8	26.58	32.10	102.4	26.31	32.10	105.1
13/06/2018 2:11:30 PM	3611707890	1013.00	26.72	32.10	101.0	26.98	32.10	98.6	26.58	32.10	102.4	26.33	32.10	104.9
13/06/2018 2:11:31 PM	3611707891	1013.00	26.75	32.10	100.8	27.00	32.10	98.4	26.59	32.10	102.3	26.30	32.10	105.2
13/06/2018 2:11:32 PM	3611707892	1013.00	26.74	32.10	100.8	26.95	32.10	98.8	26.63	32.10	101.9	26.34	32.10	104.8
13/06/2018 2:11:33 PM	3611707893	1013.00	26.76	32.10	100.7	26.90	32.10	99.3	26.57	32.10	102.5	26.34	32.10	104.8
13/06/2018 2:11:34 PM	3611707894	1013.00	26.75	32.10	100.8	26.90	32.10	99.3	26.57	32.10	102.5	26.32	32.10	105.0
13/06/2018 2:11:35 PM	3611707895	1013.00	26.75	32.09	100.8	26.90	32.09	99.3	26.60	32.09	102.2	26.32	32.09	105.0
13/06/2018 2:11:36 PM	3611707896	1013.00	26.73	32.10	100.9	26.91	32.10	99.2	26.54	32.10	102.8	26.34	32.10	104.8
13/06/2018 2:11:37 PM	3611707897	1013.00	26.75	32.10	100.8	26.89	32.10	99.4	26.60	32.10	102.2	26.35	32.10	104.7
13/06/2018 2:11:38 PM	3611707898	1013.00	26.75	32.09	100.8	26.94	32.09	99.0	26.60	32.09	102.2	26.35	32.09	104.7
13/06/2018 2:11:39 PM	3611707899	1013.00	26.78	32.10	100.5	26.98	32.10	98.6	26.60	32.10	102.2	26.35	32.10	104.7
13/06/2018 2:11:40 PM	3611707900	1013.00	26.73	32.10	100.9	26.93	32.10	99.0	26.59	32.10	102.3	26.36	32.10	104.6
13/06/2018 2:11:41 PM	3611707901	1013.00	26.78	32.10	100.5	26.97	32.10	98.7	26.65	32.10	101.7	26.35	32.10	104.7
13/06/2018 2:11:42 PM	3611707902	1013.00	26.79	32.10	100.4	26.98	32.10	98.6	26.59	32.10	102.3	26.34	32.10	104.8
13/06/2018 2:11:43 PM	3611707903	1013.00	26.78	32.10	100.5	26.95	32.10	98.8	26.63	32.10	101.9	26.36	32.10	104.6
13/06/2018 2:11:44 PM	3611707904	1013.00	26.78	32.10	100.5	26.97	32.10	98.7	26.56	32.10	102.6	26.33	32.10	104.9
13/06/2018 2:11:45 PM	3611707905	1013.00	26.79	32.10	100.4	26.93	32.10	99.0	26.62	32.10	102.0	26.33	32.10	104.9
13/06/2018 2:11:46 PM	3611707906	1013.00	26.81	32.10	100.2	26.97	32.10	98.7	26.61	32.10	102.1	26.37	32.10	104.5
13/06/2018 2:11:47 PM	3611707907	1013.00	26.82	32.10	100.1	26.99	32.10	98.5	26.68	32.10	101.4	26.37	32.10	104.5
13/06/2018 2:11:48 PM	3611707908	1013.00	26.80	32.09	100.3	26.92	32.09	99.1	26.61	32.09	102.1	26.32	32.09	105.0
13/06/2018 2:11:49 PM	3611707909	1013.00	26.79	32.10	100.4	26.92	32.10	99.1	26.61	32.10	102.1	26.33	32.10	104.9
13/06/2018 2:11:50 PM	3611707910	1013.00	26.82	32.10	100.1	26.99	32.10	98.5	26.60	32.10	102.2	26.35	32.10	104.7
13/06/2018 2:11:51 PM	3611707911	1013.00	26.83	32.09	100.0	27.04	32.09	98.0	26.59	32.09	102.3	26.37	32.09	104.5
13/06/2018 2:11:52 PM	3611707912	1013.00	26.80	32.09	100.3	26.99	32.09	98.5	26.65	32.09	101.7	26.34	32.09	104.8
13/06/2018 2:11:53 PM	3611707913	1013.00	26.84	32.09	99.9	27.02	32.09	98.2	26.64	32.09	101.8	26.36	32.09	104.6
13/06/2018 2:11:54 PM	3611707914	1013.00	26.84	32.08	99.9	27.09	32.08	97.6	26.64	32.08	101.9	26.33	32.08	104.9
13/06/2018 2:11:55 PM	3611707915	1013.00	26.81	32.09	100.2	26.95	32.09	98.9	26.64	32.09	101.8	26.31	32.09	105.1
13/06/2018 2:11:56 PM	3611707916	1013.00	26.85	32.08	99.8	27.03	32.08	98.1	26.60	32.08	102.2	26.35	32.08	104.7
13/06/2018 2:11:57 PM	3611707917	1013.00	26.83	32.08	100.0	27.00	32.08	98.4	26.62	32.08	102.0	26.37	32.08	104.5
13/06/2018 2:11:58 PM	3611707918	1013.00	26.82	32.08	100.1	27.04	32.08	98.0	26.67	32.08	101.6	26.34	32.08	104.8
13/06/2018 2:11:59 PM	3611707919	1013.00	26.86	32.08	99.7	27.04	32.08	98.0	26.66	32.08	101.7	26.34	32.08	104.8
13/06/2018 2:12:00 PM	3611707920	1013.00	26.84	32.07	99.9	27.06	32.07	97.9	26.64	32.07	101.9	26.35	32.07	104.8
13/06/2018 2:12:01 PM	3611707921	1013.00	26.85	32.08	99.8	27.04	32.08	98.0	26.60	32.08	102.2	26.34	32.08	104.8
13/06/2018 2:12:02 PM	3611707922	1013.00	26.82	32.08	100.1	27.10	32.08	97.5	26.64	32.08	101.9	26.34	32.08	104.8
13/06/2018 2:12:03 PM	3611707923	1013.00	26.84	32.08	99.9	27.05	32.08	97.9	26.63	32.08	102.0	26.33	32.08	104.9
13/06/2018 2:12:04 PM	3611707924	1013.00	26.82	32.08	100.1	27.12	32.08	97.3	26.65	32.08	101.8	26.36	32.08	104.6
13/06/2018 2:12:05 PM	3611707925	1013.00	26.85	32.08	99.8	27.10	32.08	97.5	26.64	32.08	101.9	26.33	32.08	104.9
13/06/2018 2:12:06 PM	3611707926	1013.00	26.85	32.08	99.8	27.08	32.08	97.7	26.64	32.08	101.9	26.34	32.08	104.8
13/06/2018 2:12:07 PM	3611707927	1013.00	26.86	32.08	99.7	27.11	32.08	97.4	26.66	32.08	101.7	26.32	32.08	105.0
13/06/2018 2:12:08 PM	3611707928	1013.00	26.86	32.09	99.7	27.13	32.09	97.2	26.65	32.09	101.7	26.32	32.09	105.0
13/06/2018 2:12:09 PM	3611707929	1013.00	26.85	32.09	99.8	27.11	32.09	97.4	26.62	32.09	102.0	26.30	32.09	105.2
13/06/2018 2:12:10 PM	3611707930	1013.00	26.84	32.09	99.9	27.08	32.09	97.6	26.63	32.09	101.9	26.33	32.09	104.9
13/06/2018 2:12:11 PM	3611707931	1013.00	26.88	32.09	99.5	27.05	32.09	97.9	26.66	32.09	101.6	26.36	32.09	104.6
13/06/2018 2:12:12 PM	3611707932	1013.00	26.84	32.09	99.9	27.10	32.09	97.5	26.67	32.09	101.5	26.35	32.09	104.7
13/06/2018 2:12:13 PM	3611707933	1013.00	26.86	32.08	99.7	27.19	32.08	96.7	26.65	32.08	101.8	26.33	32.08	104.9
13/06/2018 2:12:14 PM	3611707934	1013.00	26.87	32.08	99.6	27.13	32.08	97.2	26.66	32.08	101.7	26.32	32.08	105.0
13/06/2018 2:12:15 PM	3611707935	1013.00	26.87	32.08	99.6	27.15	32.08	97.0	26.64	32.08	101.9	26.32	32.08	105.0
13/06/2018 2:12:16 PM	3611707936	1013.00	26.89	32.08	99.4	27.18	32.08	96.7	26.69	32.08	101.4	26.32	32.08	105.0
13/06/2018 2:12:17 PM	3611707937	1013.00	26.86	32.07	99.7	27.19	32.07	96.7	26.67	32.07	101.6	26.38	32.07	104.5
13/06/2018 2:12:18 PM	3611707938	1013.00	26.89	32.07	99.5	27.06	32.07	97.9	26.66	32.07	101.7	26.33	32.07	105.0
13/06/2018 2:12:19 PM	3611707939	1013.00	26.91	32.07	99.3	27.13	32.07	97.2	26.69	32.07	101.4	26.36	32.07	104.7
13/06/2018 2:12:20 PM	3611707940	1013.00	26.85	32.07	99.8	27.17	32.07	96.9	26.67	32.07	101.6	26.34	32.07	104.9
13/06/2018 2:12:21 PM	3611707941	1013.00	26.91	32.07	99.3	27.20	32.07	96.6	26.68	32.07	101.5	26.34	32.07	104.9
13/06/2018 2:12:22 PM	3611707942	1013.00	26.90	32.07	99.4	27.17	32.07	96.9	26.72	32.07	101.1	26.36	32.07	104.7
13/06/2018 2:12:23 PM	3611707943	1013.00	26.88	32.07	99.6	27.21	32.07	96.5	26.66	32.07	101.7	26.34	32.07	104.9
13/06/2018 2:12:24 PM	3611707944	1013.00	26.89	32.07	99.5	27.23	32.07	96.3	26.72	32.07	101.1	26.33	32.07	105.0
13/06/2018 2:12:25 PM	3611707945	1013.00	26.87	32.06	99.7	27.22	32.06	96.4	26.66	32.06	101.7	26.35	32.06	104.8
13/06/2018 2:12:26 PM	3611707946	1013.00	26.91	32.07	99.3	27.19	32.07	96.7	26.66	32.07	101.7	26.32	32.07	105.1
13/06/2018 2:12:27 PM	3611707947	1013.00	26.88	32.06	99.6	27.24	32.06	96.2	26.67	32.06	101.6	26.35	32.06	104.8
13/06/2018 2:12:28 PM	3611707948	1013.00	26.92	32.06	99.2	27.28	32.06	95.9	26.72	32.06	101.1	26.33	32.06	105.0
13/06/2018 2:12:29 PM	3611707949	1013.00	26.88	32.06	99.6	27.26	32.06	96.0	26.73	32.06	101.0	26.34	32.06	104.9
13/06/2018 2:12:30 PM	3611707950	1013.00	26.88	32.07	99.6	27.21	32.07	96.5	26.65	32.07	101.8	26.30	32.07	105.3
13/06/2018 2:12:31 PM	3611707951	1013.00	26.89	32.06	99.5	27.21	32.06	96.5	26.72	32.06	101.1	26.34	32.06	104.9
13/06/2018 2:12:32 PM	3611707952	1013.00	26.90	32.07	99.4	27.25	32.07	96.1	26.68	32.07	101.5	26.37	32.07	104.6
13/06/2018 2:12:33 PM	3611707953	1013.00	26.90	32.06	99.4	27.18	32.06	96.8	26.78	32.06	100.5	26.33	32.06	105.0
13/06/2018 2:12:34 PM	3611707954	1013.00	26.89	32.07	99.5	27.31	32.07	95.6	26.72	32.07	101.1	26.33	32.07	105.0
13/06/2018 2:12:35 PM	3611707955	1013.00	26.90	32.06	99.4	27.22	32.06	96.4	26.69	32.06	101.4	26.32	32.06	105.1
13/06/2018 2:12:36 PM	3611707956	1013.00	26.89	32.06	99.5	27.23	32.06	96.3	26.69	32.06	101.4	26.33	32.06	105.0
13/06/2018 2:12:37 PM	3611707957	1013.00	26.93	32.06	99.1	27.30	32.06	95.7	26.73	32.06	101.0	26.36	32.06	104.7
13/06/2018 2:12:38 PM	3611707958	1013.00	26.94	32.06	99.0	27.26	32.06	96.0	26.75	32.06	100.8	26.32	32.06	105.1
13/06/2018 2:12:39 PM	3611707959	1013.00	26.89	32.06	99.5	27.31	32.06	95.6	26.71	32.06	101.2	26.31	32.06	105.2
13/06/2018 2:12:40 PM	3611707960	1013.00	26.89	32.07	99.5	27.31	32.07	95.6	26.72	32.07	101.1	26.31	32.07	105.2
13/06/2018 2:12:41 PM	3611707961	1013.00	26.93	32.07	99.1	27.26	32.07	96.0	26.73	32.07	101.0	26.36	32.07	104.7
13/06/2018 2:12:42 PM	3611707962	1013.00	26.90	32.07	99.4	27.30	32.07	95.7	26.71	32.07	101.2	26.34	32.07	104.9
13/06/2018 2:12:43 PM	3611707963	1013.00	26.89	32.07	99.5	27.35	32.07	95.2	26.75	32.07	100.8	26.34	32.07	104.9
13/06/2018 2:12:44 PM	3611707964	1013.00	26.92	32.07	99.2	27.26	32.07	96.0	26.79	32.07	100.4	26.34	32.07	104.9
13/06/2018 2:12:45 PM	3611707965	1013.00	26.91	32.07	99.3	27.26	32.07	96.0	26.75	32.07	100.8	26.37	32.07	104.6
13/06/2018 2:12:46 PM	3611707966	1013.00	26.91	32.07	99.3	27.32	32.07	95.5	26.77	32.07	100.6	26.35	32.07	104.8
13/06/2018 2:12:47 PM	3611707967	1013.00	26.88	32.06	99.6	27.34	32.06	95.3	26.76	32.06	100.7	26.35	32.06	104.8
13/06/2018 2:12:48 PM	3611707968	1013.00	26.90	32.07	99.4	27.37	32.07	95.0	26.76	32.07	100.7	26.34	32.07	104.9
13/06/2018 2:12:49 PM	3611707969	1013.00	26.93	32.06	99.1	27.30	32.06	95.7	26.74	32.06	100.9	26.35	32.06	104.8
13/06/2018 2:12:50 PM	3611707970	1013.00	26.94	32.06	99.0	27.29	32.06	95.8	26.77	32.06	100.6	26.33	32.06	105.0
13/06/2018 2:12:51 PM	3611707971	1013.00	26.94	32.06	99.0	27.30	32.06	95.7	26.76	32.06	100.7	26.36	32.06	104.7
13/06/2018 2:12:52 PM	3611707972	1013.00	26.91	32.06	99.3	27.31	32.06	95.6	26.75	32.06	100.8	26.35	32.06	104.8
13/06/2018 2:12:53 PM	3611707973	1013.00	26.93	32.06	99.1	27.33	32.06	95.4	26.78	32.06	100.5	26.36	32.06	104.7
13/06/2018 2:12:54 PM	3611707974	1013.00	26.94	32.06	99.0	27.32	32.06	95.5	26.72	32.06	101.1	26.35	32.06	104.8
13/06/2018 2:12:55 PM	3611707975	1013.00	26.93	32.05	99.1	27.31	32.05	95.6	26.80	32.05	100.4	26.38	32.05	104.5
13/06/2018 2:12:56 PM	3611707976	1013.00	26.94	32.05	99.0	27.29	32.05	95.8	26.74	32.05	100.9	26.33	32.05	105.0
13/06/2018 2:12:57 PM	3611707977	1013.00	26.93	32.04	99.1	27.25	32.04	96.2	26.76	32.04	100.8	26.39	32.04	104.4
13/06/2018 2:12:58 PM	3611707978	1013.00	26.91	32.05	99.3	27.34	32.05	95.3	26.79	32.05	100.5	26.35	32.05	104.8
13/06/2018 2:12:59 PM	3611707979	1013.00	26.92	32.05	99.2	27.32	32.05	95.5	26.75	32.05	100.8	26.33	32.05	105.0
13/06/2018 2:13:00 PM	3611707980	1013.00	26.94	32.05	99.0	27.34	32.05	95.3	26.73	32.05	101.0	26.35	32.05	104.8
13/06/2018 2:13:01 PM	3611707981	1013.00	26.95	32.05	98.9	27.29	32.05	95.8	26.80	32.05	100.4	26.33	32.05	105.0
13/06/2018 2:13:02 PM	3611707982	1013.00	26.93	32.06	99.1	27.31	32.06	95.6	26.77	32.06	100.6	26.33	32.06	105.0
13/06/2018 2:13:03 PM	3611707983	1013.00	26.96	32.05	98.8	27.29	32.05	95.8	26.70	32.05	101.3	26.36	32.05	104.7
13/06/2018 2:13:04 PM	3611707984	1013.00	26.96	32.05	98.8	27.33	32.05	95.4	26.76	32.05	100.7	26.35	32.05	104.8
13/06/2018 2:13:05 PM	3611707985	1013.00	26.96	32.04	98.9	27.34	32.04	95.4	26.76	32.04	100.8	26.31	32.04	105.2
13/06/2018 2:13:06 PM	3611707986	1013.00	26.97	32.05	98.7	27.39	32.05	94.9	26.79	32.05	100.5	26.36	32.05	104.7
13/06/2018 2:13:07 PM	3611707987	1013.00	26.95	32.05	98.9	27.32	32.05	95.5	26.72	32.05	101.1	26.32	32.05	105.1
13/06/2018 2:13:08 PM	3611707988	1013.00	26.93	32.04	99.1	27.38	32.04	95.0	26.77	32.04	100.7	26.38	32.04	104.5
13/06/2018 2:13:09 PM	3611707989	1013.00	26.93	32.05	99.1	27.34	32.05	95.3	26.76	32.05	100.7	26.36	32.05	104.7
13/06/2018 2:13:10 PM	3611707990	1013.00	26.95	32.05	98.9	27.35	32.05	95.2	26.74	32.05	100.9	26.35	32.05	104.8
13/06/2018 2:13:11 PM	3611707991	1013.00	26.94	32.05	99.0	27.45	32.05	94.4	26.80	32.05	100.4	26.32	32.05	105.1
13/06/2018 2:13:12 PM	3611707992	1013.00	26.97	32.04	98.8	27.38	32.04	95.0	26.80	32.04	100.4	26.34	32.04	104.9
13/06/2018 2:13:13 PM	3611707993	1013.00	26.95	32.04	98.9	27.48	32.04	94.1	26.80	32.04	100.4	26.36	32.04	104.7
13/06/2018 2:13:14 PM	3611707994	1013.00	26.99	32.04	98.6	27.39	32.04	94.9	26.80	32.04	100.4	26.38	32.04	104.5
13/06/2018 2:13:15 PM	3611707995	1013.00	26.96	32.04	98.9	27.38	32.04	95.0	26.77	32.04	100.7	26.35	32.04	104.8
13/06/2018 2:13:16 PM	3611707996	1013.00	26.96	32.04	98.9	27.41	32.04	94.7	26.79	32.04	100.5	26.37	32.04	104.6
13/06/2018 2:13:17 PM	3611707997	1013.00	26.94	32.04	99.0	27.37	32.04	95.1	26.76	32.04	100.8	26.37	32.04	104.6
13/06/2018 2:13:18 PM	3611707998	1013.00	26.95	32.05	98.9	27.45	32.05	94.4	26.81	32.05	100.3	26.35	32.05	104.8
13/06/2018 2:13:19 PM	3611707999	1013.00	26.94	32.04	99.0	27.45	32.04	94.4	26.77	32.04	100.7	26.33	32.04	105.0
13/06/2018 2:13:20 PM	3611708000	1013.00	26.97	32.03	98.8	27.43	32.03	94.6	26.77	32.03	100.7	26.35	32.03	104.8
13/06/2018 2:13:21 PM	3611708001	1013.00	27.00	32.03	98.5	27.35	32.03	95.3	26.77	32.03	100.7	26.36	32.03	104.7
13/06/2018 2:13:22 PM	3611708002	1013.00	26.97	32.03	98.8	27.44	32.03	94.5	26.77	32.03	100.7	26.35	32.03	104.8
13/06/2018 2:13:23 PM	3611708003	1013.00	26.98	32.02	98.7	27.46	32.02	94.3	26.79	32.02	100.5	26.33	32.02	105.0
13/06/2018 2:13:24 PM	3611708004	1013.00	26.97	32.02	98.8	27.42	32.02	94.7	26.81	32.02	100.3	26.38	32.02	104.5
13/06/2018 2:13:25 PM	3611708005	1013.00	26.98	32.03	98.7	27.46	32.03	94.3	26.80	32.03	100.4	26.37	32.03	104.6
13/06/2018 2:13:26 PM	3611708006	1013.00	26.94	32.03	99.1	27.43	32.03	94.6	26.79	32.03	100.5	26.37	32.03	104.6
13/06/2018 2:13:27 PM	3611708007	1013.00	27.01	32.03	98.4	27.42	32.03	94.7	26.79	32.03	100.5	26.40	32.03	104.3
13/06/2018 2:13:28 PM	3611708008	1013.00	26.98	32.03	98.7	27.43	32.03	94.6	26.86	32.03	99.8	26.36	32.03	104.7
13/06/2018 2:13:29 PM	3611708009	1013.00	26.95	32.03	99.0	27.44	32.03	94.5	26.78	32.03	100.6	26.31	32.03	105.2
13/06/2018 2:13:30 PM	3611708010	1013.00	26.99	32.02	98.6	27.42	32.02	94.7	26.83	32.02	100.1	26.35	32.02	104.8
13/06/2018 2:13:31 PM	3611708011	1013.00	27.00	32.03	98.5	27.48	32.03	94.1	26.81	32.03	100.3	26.33	32.03	105.0
13/06/2018 2:13:32 PM	3611708012	1013.00	26.98	32.02	98.7	27.47	32.02	94.2	26.79	32.02	100.5	26.39	32.02	104.4
13/06/2018 2:13:33 PM	3611708013	1013.00	27.02	32.01	98.3	27.43	32.01	94.6	26.84	32.01	100.0	26.36	32.01	104.8
13/06/2018 2:13:34 PM	3611708014	1013.00	26.99	32.01	98.6	27.44	32.01	94.5	26.79	32.01	100.5	26.37	32.01	104.7
13/06/2018 2:13:35 PM	3611708015	1013.00	26.98	32.00	98.7	27.52	32.00	93.8	26.81	32.00	100.3	26.35	32.00	104.9
13/06/2018 2:13:36 PM	3611708016	1013.00	26.97	32.00	98.8	27.48	32.00	94.2	26.79	32.00	100.5	26.35	32.00	104.9
13/06/2018 2:13:37 PM	3611708017	1013.00	26.99	32.00	98.6	27.47	32.00	94.3	26.79	32.00	100.5	26.37	32.00	104.7
13/06/2018 2:13:38 PM	3611708018	1013.00	27.01	32.01	98.4	27.47	32.01	94.2	26.80	32.01	100.4	26.38	32.01	104.6
13/06/2018 2:13:39 PM	3611708019	1013.00	27.01	32.01	98.4	27.44	32.01	94.5	26.78	32.01	100.6	26.34	32.01	105.0
13/06/2018 2:13:40 PM	3611708020	1013.00	27.00	32.02	98.5	27.49	32.02	94.0	26.76	32.02	100.8	26.36	32.02	104.7
13/06/2018 2:13:41 PM	3611708021	1013.00	27.02	32.01	98.3	27.49	32.01	94.1	26.84	32.01	100.0	26.35	32.01	104.9
13/06/2018 2:13:42 PM	3611708022	1013.00	27.00	32.02	98.5	27.47	32.02	94.2	26.79	32.02	100.5	26.35	32.02	104.8
13/06/2018 2:13:43 PM	3611708023	1013.00	26.98	32.02	98.7	27.46	32.02	94.3	26.82	32.02	100.2	26.38	32.02	104.5
13/06/2018 2:13:44 PM	3611708024	1013.00	27.04	32.01	98.2	27.42	32.01	94.7	26.82	32.01	100.2	26.33	32.01	105.1
13/06/2018 2:13:45 PM	3611708025	1013.00	26.97	32.01	98.8	27.48	32.01	94.2	26.79	32.01	100.5	26.37	32.01	104.7
13/06/2018 2:13:46 PM	3611708026	1013.00	27.02	32.02	98.3	27.59	32.02	93.2	26.83	32.02	100.1	26.37	32.02	104.6
13/06/2018 2:13:47 PM	3611708027	1013.00	26.98	32.01	98.7	27.49	32.01	94.1	26.80	32.01	100.4	26.32	32.01	105.2
13/06/2018 2:13:48 PM	3611708028	1013.00	27.00	32.00	98.5	27.55	32.00	93.6	26.81	32.00	100.3	26.33	32.00	105.1
13/06/2018 2:13:49 PM	3611708029	1013.00	27.00	32.01	98.5	27.52	32.01	93.8	26.80	32.01	100.4	26.37	32.01	104.7
13/06/2018 2:13:50 PM	3611708030	1013.00	26.99	32.00	98.6	27.55	32.00	93.6	26.81	32.00	100.3	26.33	32.00	105.1
13/06/2018 2:13:51 PM	3611708031	1013.00	27.03	32.00	98.3	27.54	32.00	93.6	26.80	32.00	100.4	26.31	32.00	105.3
13/06/2018 2:13:52 PM	3611708032	1013.00	27.00	32.00	98.5	27.50	32.00	94.0	26.86	32.00	99.9	26.32	32.00	105.2
13/06/2018 2:13:53 PM	3611708033	1013.00	26.97	32.00	98.8	27.54	32.00	93.6	26.83	32.00	100.2	26.36	32.00	104.8
13/06/2018 2:13:54 PM	3611708034	1013.00	27.00	31.99	98.6	27.64	31.99	92.8	26.79	31.99	100.6	26.33	31.99	105.1
13/06/2018 2:13:55 PM	3611708035	1013.00	27.01	31.99	98.5	27.56	31.99	93.5	26.81	31.99	100.4	26.35	31.99	104.9
13/06/2018 2:13:56 PM	3611708036	1013.00	27.01	31.99	98.5	27.61	31.99	93.0	26.84	31.99	100.1	26.36	31.99	104.8
13/06/2018 2:13:57 PM	3611708037	1013.00	27.00	31.99	98.6	27.63	31.99	92.9	26.82	31.99	100.3	26.36	31.99	104.8
13/06/2018 2:13:58 PM	3611708038	1013.00	27.03	31.99	98.3	27.60	31.99	93.1	26.83	31.99	100.2	26.37	31.99	104.7
13/06/2018 2:13:59 PM	3611708039	1013.00	27.03	31.98	98.3	27.56	31.98	93.5	26.84	31.98	100.1	26.36	31.98	104.8
13/06/2018 2:14:00 PM	3611708040	1013.00	27.00	31.99	98.6	27.63	31.99	92.9	26.83	31.99	100.2	26.36	31.99	104.8
13/06/2018 2:14:01 PM	3611708041	1013.00	27.00	31.99	98.6	27.70	31.99	92.3	26.84	31.99	100.1	26.35	31.99	104.9
13/06/2018 2:14:02 PM	3611708042	1013.00	27.02	31.99	98.4	27.66	31.99	92.6	26.81	31.99	100.4	26.37	31.99	104.7
13/06/2018 2:14:03 PM	3611708043	1013.00	27.00	31.99	98.6	27.66	31.99	92.6	26.81	31.99	100.4	26.32	31.99	105.2
13/06/2018 2:14:04 PM	3611708044	1013.00	27.02	32.00	98.4	27.61	32.00	93.0	26.83	32.00	100.2	26.37	32.00	104.7
13/06/2018 2:14:05 PM	3611708045	1013.00	27.01	31.99	98.5	27.70	31.99	92.3	26.83	31.99	100.2	26.34	31.99	105.0
13/06/2018 2:14:06 PM	3611708046	1013.00	27.03	31.98	98.3	27.67	31.98	92.5	26.85	31.98	100.0	26.33	31.98	105.1
13/06/2018 2:14:07 PM	3611708047	1013.00	27.02	31.97	98.4	27.64	31.97	92.8	26.88	31.97	99.7	26.37	31.97	104.7
13/06/2018 2:14:08 PM	3611708048	1013.00	27.01	31.98	98.5	27.63	31.98	92.9	26.84	31.98	100.1	26.36	31.98	104.8
13/06/2018 2:14:09 PM	3611708049	1013.00	27.01	31.97	98.5	27.63	31.97	92.9	26.84	31.97	100.1	26.36	31.97	104.8
13/06/2018 2:14:10 PM	3611708050	1013.00	27.03	31.98	98.3	27.73	31.98	92.0	26.88	31.98	99.7	26.38	31.98	104.6
13/06/2018 2:14:11 PM	3611708051	1013.00	27.03	31.98	98.3	27.78	31.98	91.6	26.88	31.98	99.7	26.36	31.98	104.8
13/06/2018 2:14:12 PM	3611708052	1013.00	27.02	31.98	98.4	27.76	31.98	91.8	26.90	31.98	99.5	26.36	31.98	104.8
13/06/2018 2:14:13 PM	3611708053	1013.00	27.05	31.98	98.1	27.72	31.98	92.1	26.86	31.98	99.9	26.35	31.98	104.9
13/06/2018 2:14:14 PM	3611708054	1013.00	27.02	31.98	98.4	27.71	31.98	92.2	26.88	31.98	99.7	26.36	31.98	104.8
13/06/2018 2:14:15 PM	3611708055	1013.00	27.03	31.98	98.3	27.74	31.98	91.9	26.89	31.98	99.6	26.36	31.98	104.8
13/06/2018 2:14:16 PM	3611708056	1013.00	27.04	31.98	98.2	27.77	31.98	91.7	26.90	31.98	99.5	26.38	31.98	104.6
13/06/2018 2:14:17 PM	3611708057	1013.00	27.04	31.98	98.2	27.78	31.98	91.6	26.86	31.98	99.9	26.37	31.98	104.7
13/06/2018 2:14:18 PM	3611708058	1013.00	27.06	31.97	98.0	27.83	31.97	91.2	26.88	31.97	99.7	26.32	31.97	105.2
13/06/2018 2:14:19 PM	3611708059	1013.00	27.07	31.97	97.9	27.77	31.97	91.7	26.91	31.97	99.4	26.35	31.97	104.9
13/06/2018 2:14:20 PM	3611708060	1013.00	27.10	31.97	97.7	27.79	31.97	91.5	26.87	31.97	99.8	26.34	31.97	105.0
13/06/2018 2:14:21 PM	3611708061	1013.00	27.09	31.97	97.8	27.85	31.97	91.0	26.88	31.97	99.7	26.35	31.97	104.9
13/06/2018 2:14:22 PM	3611708062	1013.00	27.08	31.97	97.8	27.76	31.97	91.8	26.88	31.97	99.7	26.34	31.97	105.0
13/06/2018 2:14:23 PM	3611708063	1013.00	27.13	31.98	97.4	27.81	31.98	91.3	26.87	31.98	99.8	26.37	31.98	104.7
13/06/2018 2:14:24 PM	3611708064	1013.00	27.08	31.98	97.8	27.86	31.98	90.9	26.93	31.98	99.2	26.37	31.98	104.7
13/06/2018 2:14:25 PM	3611708065	1013.00	27.09	31.98	97.7	27.79	31.98	91.5	26.90	31.98	99.5	26.36	31.98	104.8
13/06/2018 2:14:26 PM	3611708066	1013.00	27.11	31.98	97.6	27.81	31.98	91.3	26.85	31.98	100.0	26.37	31.98	104.7
13/06/2018 2:14:27 PM	3611708067	1013.00	27.14	31.98	97.3	27.84	31.98	91.1	26.94	31.98	99.1	26.36	31.98	104.8
13/06/2018 2:14:28 PM	3611708068	1013.00	27.08	31.97	97.8	27.86	31.97	90.9	26.91	31.97	99.4	26.37	31.97	104.7
13/06/2018 2:14:29 PM	3611708069	1013.00	27.14	31.97	97.3	27.81	31.97	91.3	26.94	31.97	99.2	26.37	31.97	104.7
13/06/2018 2:14:30 PM	3611708070	1013.00	27.13	31.97	97.4	27.87	31.97	90.8	26.93	31.97	99.3	26.38	31.97	104.6
13/06/2018 2:14:31 PM	3611708071	1013.00	27.13	31.97	97.4	27.90	31.97	90.6	26.94	31.97	99.2	26.38	31.97	104.6
13/06/2018 2:14:32 PM	3611708072	1013.00	27.12	31.96	97.5	27.85	31.96	91.0	26.93	31.96	99.3	26.36	31.96	104.9
13/06/2018 2:14:33 PM	3611708073	1013.00	27.14	31.97	97.3	27.89	31.97	90.7	26.98	31.97	98.8	26.35	31.97	104.9
13/06/2018 2:14:34 PM	3611708074	1013.00	27.13	31.97	97.4	27.87	31.97	90.8	27.01	31.97	98.5	26.36	31.97	104.8
13/06/2018 2:14:35 PM	3611708075	1013.00	27.14	31.98	97.3	27.89	31.98	90.7	27.00	31.98	98.6	26.34	31.98	105.0
13/06/2018 2:14:36 PM	3611708076	1013.00	27.09	31.98	97.7	27.86	31.98	90.9	26.95	31.98	99.0	26.40	31.98	104.4
13/06/2018 2:14:37 PM	3611708077	1013.00	27.15	31.98	97.2	27.90	31.98	90.6	26.97	31.98	98.9	26.37	31.98	104.7
13/06/2018 2:14:38 PM	3611708078	1013.00	27.14	31.97	97.3	27.92	31.97	90.4	26.99	31.97	98.7	26.35	31.97	104.9
13/06/2018 2:14:39 PM	3611708079	1013.00	27.12	31.97	97.5	27.85	31.97	91.0	26.97	31.97	98.9	26.37	31.97	104.7
13/06/2018 2:14:40 PM	3611708080	1013.00	27.15	31.96	97.2	27.94	31.96	90.3	26.94	31.96	99.2	26.37	31.96	104.8
13/06/2018 2:14:41 PM	3611708081	1013.00	27.13	31.96	97.4	27.95	31.96	90.2	26.97	31.96	98.9	26.39	31.96	104.5
13/06/2018 2:14:42 PM	3611708082	1013.00	27.16	31.96	97.1	27.95	31.96	90.2	26.96	31.96	99.0	26.37	31.96	104.8
13/06/2018 2:14:43 PM	3611708083	1013.00	27.17	31.96	97.0	27.88	31.96	90.8	26.97	31.96	98.9	26.38	31.96	104.6
13/06/2018 2:14:44 PM	3611708084	1013.00	27.14	31.96	97.3	27.96	31.96	90.1	26.97	31.96	98.9	26.37	31.96	104.8
13/06/2018 2:14:45 PM	3611708085	1013.00	27.15	31.96	97.2	27.91	31.96	90.5	27.01	31.96	98.5	26.37	31.96	104.8
13/06/2018 2:14:46 PM	3611708086	1013.00	27.16	31.96	97.1	27.93	31.96	90.3	27.03	31.96	98.3	26.37	31.96	104.8
13/06/2018 2:14:47 PM	3611708087	1013.00	27.15	31.96	97.2	27.96	31.96	90.1	27.01	31.96	98.5	26.38	31.96	104.6
13/06/2018 2:14:48 PM	3611708088	1013.00	27.14	31.95	97.3	27.94	31.95	90.3	27.03	31.95	98.3	26.37	31.95	104.8
13/06/2018 2:14:49 PM	3611708089	1013.00	27.16	31.96	97.1	27.87	31.96	90.9	27.04	31.96	98.2	26.39	31.96	104.5
13/06/2018 2:14:50 PM	3611708090	1013.00	27.17	31.95	97.1	28.02	31.95	89.6	27.03	31.95	98.3	26.40	31.95	104.5
13/06/2018 2:14:51 PM	3611708091	1013.00	27.15	31.95	97.2	27.93	31.95	90.4	27.01	31.95	98.5	26.36	31.95	104.9
13/06/2018 2:14:52 PM	3611708092	1013.00	27.16	31.95	97.1	27.97	31.95	90.0	27.04	31.95	98.3	26.34	31.95	105.1
13/06/2018 2:14:53 PM	3611708093	1013.00	27.18	31.95	97.0	27.97	31.95	90.0	27.02	31.95	98.4	26.33	31.95	105.2
13/06/2018 2:14:54 PM	3611708094	1013.00	27.19	31.95	96.9	27.96	31.95	90.1	27.04	31.95	98.3	26.37	31.95	104.8
13/06/2018 2:14:55 PM	3611708095	1013.00	27.18	31.95	97.0	27.96	31.95	90.1	27.05	31.95	98.2	26.36	31.95	104.9
13/06/2018 2:14:56 PM	3611708096	1013.00	27.20	31.95	96.8	27.95	31.95	90.2	27.06	31.95	98.1	26.40	31.95	104.5
13/06/2018 2:14:57 PM	3611708097	1013.00	27.19	31.95	96.9	27.99	31.95	89.9	27.08	31.95	97.9	26.37	31.95	104.8
13/06/2018 2:14:58 PM	3611708098	1013.00	27.17	31.95	97.1	27.99	31.95	89.9	27.05	31.95	98.2	26.35	31.95	105.0
13/06/2018 2:14:59 PM	3611708099	1013.00	27.18	31.94	97.0	27.97	31.94	90.0	27.08	31.94	97.9	26.37	31.94	104.8
13/06/2018 2:15:00 PM	3611708100	1013.00	27.19	31.94	96.9	27.94	31.94	90.3	27.03	31.94	98.4	26.38	31.94	104.7
13/06/2018 2:15:01 PM	3611708101	1013.00	27.18	31.94	97.0	27.93	31.94	90.4	27.08	31.94	97.9	26.37	31.94	104.8
13/06/2018 2:15:02 PM	3611708102	1013.00	27.18	31.94	97.0	27.95	31.94	90.2	27.12	31.94	97.5	26.38	31.94	104.7
13/06/2018 2:15:03 PM	3611708103	1013.00	27.21	31.95	96.7	27.98	31.95	89.9	27.12	31.95	97.5	26.36	31.95	104.9
13/06/2018 2:15:04 PM	3611708104	1013.00	27.20	31.94	96.8	27.94	31.94	90.3	27.05	31.94	98.2	26.36	31.94	104.9
13/06/2018 2:15:05 PM	3611708105	1013.00	27.21	31.95	96.7	28.01	31.95	89.7	27.06	31.95	98.1	26.37	31.95	104.8
13/06/2018 2:15:06 PM	3611708106	1013.00	27.22	31.95	96.6	27.98	31.95	89.9	27.11	31.95	97.6	26.37	31.95	104.8
13/06/2018 2:15:07 PM	3611708107	1013.00	27.20	31.95	96.8	28.02	31.95	89.6	27.10	31.95	97.7	26.36	31.95	104.9
13/06/2018 2:15:08 PM	3611708108	1013.00	27.21	31.96	96.7	27.96	31.96	90.1	27.10	31.96	97.7	26.39	31.96	104.5
13/06/2018 2:15:09 PM	3611708109	1013.00	27.23	31.96	96.5	27.97	31.96	90.0	27.07	31.96	98.0	26.38	31.96	104.6
13/06/2018 2:15:10 PM	3611708110	1013.00	27.24	31.96	96.4	28.02	31.96	89.6	27.08	31.96	97.9	26.36	31.96	104.9
13/06/2018 2:15:11 PM	3611708111	1013.00	27.25	31.96	96.3	28.04	31.96	89.4	27.10	31.96	97.7	26.37	31.96	104.8
13/06/2018 2:15:12 PM	3611708112	1013.00	27.22	31.95	96.6	27.95	31.95	90.2	27.12	31.95	97.5	26.37	31.95	104.8
13/06/2018 2:15:13 PM	3611708113	1013.00	27.25	31.95	96.3	27.98	31.95	89.9	27.11	31.95	97.6	26.37	31.95	104.8
13/06/2018 2:15:14 PM	3611708114	1013.00	27.23	31.95	96.5	27.92	31.95	90.4	27.07	31.95	98.0	26.36	31.95	104.9
13/06/2018 2:15:15 PM	3611708115	1013.00	27.25	31.94	96.3	28.11	31.94	88.9	27.09	31.94	97.8	26.37	31.94	104.8
13/06/2018 2:15:16 PM	3611708116	1013.00	27.25	31.94	96.3	28.07	31.94	89.2	27.09	31.94	97.8	26.34	31.94	105.1
13/06/2018 2:15:17 PM	3611708117	1013.00	27.24	31.95	96.4	27.99	31.95	89.9	27.09	31.95	97.8	26.35	31.95	105.0
13/06/2018 2:15:18 PM	3611708118	1013.00	27.26	31.94	96.2	28.06	31.94	89.3	27.08	31.94	97.9	26.35	31.94	105.0
13/06/2018 2:15:19 PM	3611708119	1013.00	27.26	31.94	96.2	27.93	31.94	90.4	27.09	31.94	97.8	26.39	31.94	104.6
13/06/2018 2:15:20 PM	3611708120	1013.00	27.25	31.94	96.3	28.07	31.94	89.2	27.08	31.94	97.9	26.38	31.94	104.7
13/06/2018 2:15:21 PM	3611708121	1013.00	27.29	31.95	96.0	28.00	31.95	89.8	27.10	31.95	97.7	26.34	31.95	105.1
13/06/2018 2:15:22 PM	3611708122	1013.00	27.27	31.94	96.2	27.95	31.94	90.2	27.11	31.94	97.6	26.36	31.94	104.9
13/06/2018 2:15:23 PM	3611708123	1013.00	27.32	31.94	95.7	28.03	31.94	89.5	27.10	31.94	97.7	26.38	31.94	104.7
13/06/2018 2:15:24 PM	3611708124	1013.00	27.27	31.94	96.2	27.99	31.94	89.9	27.10	31.94	97.7	26.36	31.94	104.9
13/06/2018 2:15:25 PM	3611708125	1013.00	27.34	31.94	95.5	28.05	31.94	89.4	27.09	31.94	97.8	26.34	31.94	105.1
13/06/2018 2:15:26 PM	3611708126	1013.00	27.30	31.93	95.9	28.02	31.93	89.6	27.10	31.93	97.7	26.37	31.93	104.8
13/06/2018 2:15:27 PM	3611708127	1013.00	27.31	31.93	95.8	28.01	31.93	89.7	27.08	31.93	97.9	26.37	31.93	104.8
13/06/2018 2:15:28 PM	3611708128	1013.00	27.29	31.93	96.0	28.02	31.93	89.6	27.08	31.93	97.9	26.36	31.93	104.9
13/06/2018 2:15:29 PM	3611708129	1013.00	27.30	31.92	95.9	28.03	31.92	89.6	27.13	31.92	97.5	26.38	31.92	104.7
13/06/2018 2:15:30 PM	3611708130	1013.00	27.32	31.92	95.7	28.02	31.92	89.7	27.12	31.92	97.6	26.38	31.92	104.7
13/06/2018 2:15:31 PM	3611708131	1013.00	27.30	31.92	95.9	28.05	31.92	89.4	27.07	31.92	98.0	26.35	31.92	105.0
13/06/2018 2:15:32 PM	3611708132	1013.00	27.31	31.92	95.8	28.06	31.92	89.3	27.16	31.92	97.2	26.35	31.92	105.0
13/06/2018 2:15:33 PM	3611708133	1013.00	27.34	31.92	95.6	28.13	31.92	88.7	27.12	31.92	97.6	26.34	31.92	105.1
13/06/2018 2:15:34 PM	3611708134	1013.00	27.31	31.93	95.8	28.05	31.93	89.4	27.12	31.93	97.5	26.35	31.93	105.0
13/06/2018 2:15:35 PM	3611708135	1013.00	27.30	31.94	95.9	28.10	31.94	89.0	27.10	31.94	97.7	26.36	31.94	104.9
13/06/2018 2:15:36 PM	3611708136	1013.00	27.33	31.94	95.6	28.07	31.94	89.2	27.09	31.94	97.8	26.35	31.94	105.0
13/06/2018 2:15:37 PM	3611708137	1013.00	27.34	31.93	95.5	28.12	31.93	88.8	27.12	31.93	97.5	26.38	31.93	104.7
13/06/2018 2:15:38 PM	3611708138	1013.00	27.32	31.93	95.7	28.17	31.93	88.4	27.10	31.93	97.7	26.39	31.93	104.6
13/06/2018 2:15:39 PM	3611708139	1013.00	27.32	31.93	95.7	28.21	31.93	88.1	27.11	31.93	97.6	26.39	31.93	104.6
13/06/2018 2:15:40 PM	3611708140	1013.00	27.30	31.91	95.9	28.23	31.91	87.9	27.17	31.91	97.1	26.35	31.91	105.0
13/06/2018 2:15:41 PM	3611708141	1013.00	27.33	31.92	95.6	28.17	31.92	88.4	27.17	31.92	97.1	26.38	31.92	104.7
13/06/2018 2:15:42 PM	3611708142	1013.00	27.37	31.92	95.3	28.18	31.92	88.3	27.12	31.92	97.6	26.39	31.92	104.6
13/06/2018 2:15:43 PM	3611708143	1013.00	27.33	31.92	95.6	28.15	31.92	88.6	27.17	31.92	97.1	26.39	31.92	104.6
13/06/2018 2:15:44 PM	3611708144	1013.00	27.33	31.92	95.6	28.15	31.92	88.6	27.14	31.92	97.4	26.38	31.92	104.7
13/06/2018 2:15:45 PM	3611708145	1013.00	27.34	31.92	95.6	28.14	31.92	88.7	27.14	31.92	97.4	26.36	31.92	104.9
13/06/2018 2:15:46 PM	3611708146	1013.00	27.33	31.91	95.7	28.18	31.91	88.3	27.12	31.91	97.6	26.35	31.91	105.0
13/06/2018 2:15:47 PM	3611708147	1013.00	27.36	31.91	95.4	28.18	31.91	88.3	27.16	31.91	97.2	26.40	31.91	104.5
13/06/2018 2:15:48 PM	3611708148	1013.00	27.31	31.89	95.9	28.19	31.89	88.3	27.15	31.89	97.3	26.36	31.89	105.0
13/06/2018 2:15:49 PM	3611708149	1013.00	27.36	31.89	95.4	28.22	31.89	88.1	27.19	31.89	97.0	26.34	31.89	105.2
13/06/2018 2:15:50 PM	3611708150	1013.00	27.36	31.88	95.4	28.22	31.88	88.1	27.15	31.88	97.4	26.39	31.88	104.7
13/06/2018 2:15:51 PM	3611708151	1013.00	27.36	31.88	95.4	28.20	31.88	88.2	27.16	31.88	97.3	26.37	31.88	104.9
13/06/2018 2:15:52 PM	3611708152	1013.00	27.33	31.87	95.7	28.18	31.87	88.4	27.19	31.87	97.0	26.37	31.87	104.9
13/06/2018 2:15:53 PM	3611708153	1013.00	27.34	31.87	95.6	28.29	31.87	87.5	27.19	31.87	97.0	26.36	31.87	105.0
13/06/2018 2:15:54 PM	3611708154	1013.00	27.35	31.87	95.5	28.22	31.87	88.1	27.17	31.87	97.2	26.40	31.87	104.6
13/06/2018 2:15:55 PM	3611708155	1013.00	27.38	31.87	95.3	28.21	31.87	88.2	27.24	31.87	96.5	26.39	31.87	104.7
13/06/2018 2:15:56 PM	3611708156	1013.00	27.37	31.87	95.4	28.27	31.87	87.7	27.18	31.87	97.1	26.39	31.87	104.7
13/06/2018 2:15:57 PM	3611708157	1013.00	27.32	31.87	95.8	28.16	31.87	88.6	27.19	31.87	97.0	26.39	31.87	104.7
13/06/2018 2:15:58 PM	3611708158	1013.00	27.40	31.87	95.1	28.21	31.87	88.2	27.19	31.87	97.0	26.35	31.87	105.1
13/06/2018 2:15:59 PM	3611708159	1013.00	27.40	31.86	95.1	28.21	31.86	88.2	27.24	31.86	96.6	26.38	31.86	104.8
13/06/2018 2:16:00 PM	3611708160	1013.00	27.40	31.86	95.1	28.31	31.86	87.4	27.26	31.86	96.4	26.38	31.86	104.8
13/06/2018 2:16:01 PM	3611708161	1013.00	27.37	31.86	95.4	28.24	31.86	87.9	27.25	31.86	96.5	26.40	31.86	104.6
13/06/2018 2:16:02 PM	3611708162	1013.00	27.34	31.85	95.7	28.20	31.85	88.3	27.21	31.85	96.9	26.36	31.85	105.1
13/06/2018 2:16:03 PM	3611708163	1013.00	27.38	31.85	95.3	28.27	31.85	87.7	27.19	31.85	97.0	26.37	31.85	104.9
13/06/2018 2:16:04 PM	3611708164	1013.00	27.37	31.85	95.4	28.31	31.85	87.4	27.21	31.85	96.9	26.38	31.85	104.8
13/06/2018 2:16:05 PM	3611708165	1013.00	27.42	31.84	95.0	28.27	31.84	87.7	27.18	31.84	97.1	26.35	31.84	105.2
13/06/2018 2:16:06 PM	3611708166	1013.00	27.39	31.85	95.2	28.46	31.85	86.2	27.22	31.85	96.8	26.40	31.85	104.6
13/06/2018 2:16:07 PM	3611708167	1013.00	27.42	31.86	94.9	28.26	31.86	87.8	27.21	31.86	96.8	26.39	31.86	104.7
13/06/2018 2:16:08 PM	3611708168	1013.00	27.41	31.85	95.0	28.31	31.85	87.4	27.21	31.85	96.9	26.36	31.85	105.1
13/06/2018 2:16:09 PM	3611708169	1013.00	27.40	31.85	95.1	28.32	31.85	87.3	27.23	31.85	96.7	26.38	31.85	104.8
13/06/2018 2:16:10 PM	3611708170	1013.00	27.41	31.84	95.1	28.41	31.84	86.6	27.25	31.84	96.5	26.37	31.84	105.0
13/06/2018 2:16:11 PM	3611708171	1013.00	27.42	31.84	95.0	28.37	31.84	86.9	27.21	31.84	96.9	26.39	31.84	104.8
13/06/2018 2:16:12 PM	3611708172	1013.00	27.42	31.84	95.0	28.31	31.84	87.4	27.27	31.84	96.3	26.39	31.84	104.8
13/06/2018 2:16:13 PM	3611708173	1013.00	27.39	31.84	95.2	28.37	31.84	86.9	27.23	31.84	96.7	26.37	31.84	105.0
13/06/2018 2:16:14 PM	3611708174	1013.00	27.40	31.83	95.2	28.29	31.83	87.6	27.29	31.83	96.2	26.38	31.83	104.9
13/06/2018 2:16:15 PM	3611708175	1013.00	27.43	31.85	94.9	28.40	31.85	86.7	27.27	31.85	96.3	26.37	31.85	104.9
13/06/2018 2:16:16 PM	3611708176	1013.00	27.43	31.85	94.9	28.40	31.85	86.7	27.25	31.85	96.5	26.38	31.85	104.8
13/06/2018 2:16:17 PM	3611708177	1013.00	27.47	31.84	94.5	28.35	31.84	87.1	27.24	31.84	96.6	26.40	31.84	104.7
13/06/2018 2:16:18 PM	3611708178	1013.00	27.46	31.84	94.6	28.44	31.84	86.4	27.26	31.84	96.4	26.37	31.84	105.0
13/06/2018 2:16:19 PM	3611708179	1013.00	27.44	31.84	94.8	28.46	31.84	86.2	27.26	31.84	96.4	26.37	31.84	105.0
13/06/2018 2:16:20 PM	3611708180	1013.00	27.45	31.84	94.7	28.45	31.84	86.3	27.31	31.84	96.0	26.40	31.84	104.7
13/06/2018 2:16:21 PM	3611708181	1013.00	27.47	31.83	94.5	28.48	31.83	86.1	27.31	31.83	96.0	26.37	31.83	105.0
13/06/2018 2:16:22 PM	3611708182	1013.00	27.48	31.83	94.4	28.44	31.83	86.4	27.26	31.83	96.4	26.36	31.83	105.1
13/06/2018 2:16:23 PM	3611708183	1013.00	27.48	31.84	94.4	28.46	31.84	86.2	27.23	31.84	96.7	26.38	31.84	104.9
13/06/2018 2:16:24 PM	3611708184	1013.00	27.50	31.83	94.3	28.50	31.83	85.9	27.29	31.83	96.2	26.34	31.83	105.3
13/06/2018 2:16:25 PM	3611708185	1013.00	27.46	31.83	94.6	28.51	31.83	85.8	27.28	31.83	96.2	26.39	31.83	104.8
13/06/2018 2:16:26 PM	3611708186	1013.00	27.48	31.83	94.4	28.48	31.83	86.1	27.28	31.83	96.2	26.39	31.83	104.8
13/06/2018 2:16:27 PM	3611708187	1013.00	27.50	31.83	94.3	28.49	31.83	86.0	27.26	31.83	96.4	26.37	31.83	105.0
13/06/2018 2:16:28 PM	3611708188	1013.00	27.49	31.83	94.4	28.56	31.83	85.4	27.28	31.83	96.2	26.38	31.83	104.9
13/06/2018 2:16:29 PM	3611708189	1013.00	27.47	31.83	94.5	28.52	31.83	85.7	27.24	31.83	96.6	26.37	31.83	105.0
13/06/2018 2:16:30 PM	3611708190	1013.00	27.45	31.82	94.7	28.52	31.82	85.7	27.35	31.82	95.6	26.42	31.82	104.5
13/06/2018 2:16:31 PM	3611708191	1013.00	27.48	31.82	94.5	28.53	31.82	85.7	27.30	31.82	96.1	26.36	31.82	105.1
13/06/2018 2:16:32 PM	3611708192	1013.00	27.49	31.81	94.4	28.51	31.81	85.8	27.37	31.81	95.5	26.37	31.81	105.0
13/06/2018 2:16:33 PM	3611708193	1013.00	27.47	31.81	94.6	28.56	31.81	85.4	27.31	31.81	96.0	26.36	31.81	105.1
13/06/2018 2:16:34 PM	3611708194	1013.00	27.49	31.83	94.4	28.60	31.83	85.1	27.36	31.83	95.5	26.38	31.83	104.9
13/06/2018 2:16:35 PM	3611708195	1013.00	27.45	31.82	94.7	28.54	31.82	85.6	27.26	31.82	96.4	26.37	31.82	105.0
13/06/2018 2:16:36 PM	3611708196	1013.00	27.48	31.82	94.5	28.58	31.82	85.3	27.35	31.82	95.6	26.40	31.82	104.7
13/06/2018 2:16:37 PM	3611708197	1013.00	27.51	31.82	94.2	28.57	31.82	85.4	27.36	31.82	95.5	26.38	31.82	104.9
13/06/2018 2:16:38 PM	3611708198	1013.00	27.50	31.82	94.3	28.57	31.82	85.4	27.37	31.82	95.4	26.38	31.82	104.9
13/06/2018 2:16:39 PM	3611708199	1013.00	27.50	31.81	94.3	28.57	31.81	85.4	27.30	31.81	96.1	26.36	31.81	105.1
13/06/2018 2:16:40 PM	3611708200	1013.00	27.53	31.81	94.0	28.58	31.81	85.3	27.36	31.81	95.6	26.36	31.81	105.1
13/06/2018 2:16:41 PM	3611708201	1013.00	27.55	31.81	93.9	28.62	31.81	85.0	27.36	31.81	95.6	26.37	31.81	105.0
13/06/2018 2:16:42 PM	3611708202	1013.00	27.54	31.81	93.9	28.55	31.81	85.5	27.33	31.81	95.8	26.40	31.81	104.7
13/06/2018 2:16:43 PM	3611708203	1013.00	27.52	31.81	94.1	28.62	31.81	85.0	27.36	31.81	95.6	26.36	31.81	105.1
13/06/2018 2:16:44 PM	3611708204	1013.00	27.52	31.81	94.1	28.61	31.81	85.1	27.31	31.81	96.0	26.36	31.81	105.1
13/06/2018 2:16:45 PM	3611708205	1013.00	27.54	31.81	93.9	28.66	31.81	84.7	27.29	31.81	96.2	26.38	31.81	104.9
13/06/2018 2:16:46 PM	3611708206	1013.00	27.54	31.81	93.9	28.56	31.81	85.4	27.38	31.81	95.4	26.37	31.81	105.0
13/06/2018 2:16:47 PM	3611708207	1013.00	27.52	31.81	94.1	28.60	31.81	85.1	27.37	31.81	95.5	26.38	31.81	104.9
13/06/2018 2:16:48 PM	3611708208	1013.00	27.53	31.82	94.0	28.62	31.82	85.0	27.37	31.82	95.4	26.41	31.82	104.6
13/06/2018 2:16:49 PM	3611708209	1013.00	27.55	31.82	93.8	28.67	31.82	84.6	27.31	31.82	96.0	26.39	31.82	104.8
13/06/2018 2:16:50 PM	3611708210	1013.00	27.54	31.82	93.9	28.66	31.82	84.7	27.38	31.82	95.4	26.40	31.82	104.7
13/06/2018 2:16:51 PM	3611708211	1013.00	27.55	31.82	93.8	28.66	31.82	84.7	27.36	31.82	95.5	26.35	31.82	105.2
13/06/2018 2:16:52 PM	3611708212	1013.00	27.55	31.82	93.8	28.67	31.82	84.6	27.42	31.82	95.0	26.36	31.82	105.1
13/06/2018 2:16:53 PM	3611708213	1013.00	27.54	31.81	93.9	28.68	31.81	84.5	27.37	31.81	95.5	26.39	31.81	104.8
13/06/2018 2:16:54 PM	3611708214	1013.00	27.57	31.81	93.7	28.68	31.81	84.5	27.40	31.81	95.2	26.37	31.81	105.0
13/06/2018 2:16:55 PM	3611708215	1013.00	27.56	31.81	93.8	28.65	31.81	84.7	27.36	31.81	95.6	26.35	31.81	105.2
13/06/2018 2:16:56 PM	3611708216	1013.00	27.58	31.81	93.6	28.61	31.81	85.1	27.39	31.81	95.3	26.36	31.81	105.1
13/06/2018 2:16:57 PM	3611708217	1013.00	27.54	31.79	94.0	28.66	31.79	84.7	27.40	31.79	95.2	26.40	31.79	104.8
13/06/2018 2:16:58 PM	3611708218	1013.00	27.56	31.79	93.8	28.72	31.79	84.2	27.36	31.79	95.6	26.36	31.79	105.2
13/06/2018 2:16:59 PM	3611708219	1013.00	27.54	31.79	94.0	28.66	31.79	84.7	27.28	31.79	96.3	26.41	31.79	104.7
13/06/2018 2:17:00 PM	3611708220	1013.00	27.57	31.80	93.7	28.68	31.80	84.5	27.34	31.80	95.8	26.38	31.80	104.9
13/06/2018 2:17:01 PM	3611708221	1013.00	27.58	31.80	93.6	28.60	31.80	85.1	27.32	31.80	95.9	26.37	31.80	105.0
13/06/2018 2:17:02 PM	3611708222	1013.00	27.56	31.81	93.8	28.74	31.81	84.0	27.32	31.81	95.9	26.34	31.81	105.3
13/06/2018 2:17:03 PM	3611708223	1013.00	27.56	31.81	93.8	28.68	31.81	84.5	27.38	31.81	95.4	26.41	31.81	104.6
13/06/2018 2:17:04 PM	3611708224	1013.00	27.56	31.82	93.8	28.63	31.82	84.9	27.36	31.82	95.5	26.40	31.82	104.7
13/06/2018 2:17:05 PM	3611708225	1013.00	27.57	31.81	93.7	28.71	31.81	84.3	27.34	31.81	95.7	26.38	31.81	104.9
13/06/2018 2:17:06 PM	3611708226	1013.00	27.57	31.81	93.7	28.74	31.81	84.0	27.32	31.81	95.9	26.38	31.81	104.9
13/06/2018 2:17:07 PM	3611708227	1013.00	27.56	31.81	93.8	28.73	31.81	84.1	27.33	31.81	95.8	26.39	31.81	104.8
13/06/2018 2:17:08 PM	3611708228	1013.00	27.54	31.79	94.0	28.78	31.79	83.8	27.39	31.79	95.3	26.39	31.79	104.9
13/06/2018 2:17:09 PM	3611708229	1013.00	27.57	31.78	93.7	28.74	31.78	84.1	27.36	31.78	95.6	26.38	31.78	105.0
13/06/2018 2:17:10 PM	3611708230	1013.00	27.58	31.79	93.6	28.82	31.79	83.5	27.35	31.79	95.7	26.39	31.79	104.9
13/06/2018 2:17:11 PM	3611708231	1013.00	27.57	31.79	93.7	28.76	31.79	83.9	27.40	31.79	95.2	26.42	31.79	104.6
13/06/2018 2:17:12 PM	3611708232	1013.00	27.58	31.79	93.6	28.72	31.79	84.2	27.33	31.79	95.9	26.42	31.79	104.6
13/06/2018 2:17:13 PM	3611708233	1013.00	27.58	31.79	93.6	28.86	31.79	83.2	27.42	31.79	95.0	26.37	31.79	105.1
13/06/2018 2:17:14 PM	3611708234	1013.00	27.62	31.79	93.3	28.86	31.79	83.2	27.35	31.79	95.7	26.37	31.79	105.1
13/06/2018 2:17:15 PM	3611708235	1013.00	27.56	31.79	93.8	28.83	31.79	83.4	27.40	31.79	95.2	26.36	31.79	105.2
13/06/2018 2:17:16 PM	3611708236	1013.00	27.57	31.79	93.7	28.82	31.79	83.5	27.35	31.79	95.7	26.39	31.79	104.9
13/06/2018 2:17:17 PM	3611708237	1013.00	27.56	31.78	93.8	28.93	31.78	82.6	27.37	31.78	95.5	26.39	31.78	104.9
13/06/2018 2:17:18 PM	3611708238	1013.00	27.61	31.79	93.4	28.84	31.79	83.3	27.39	31.79	95.3	26.38	31.79	105.0
13/06/2018 2:17:19 PM	3611708239	1013.00	27.58	31.79	93.6	28.88	31.79	83.0	27.39	31.79	95.3	26.38	31.79	105.0
13/06/2018 2:17:20 PM	3611708240	1013.00	27.58	31.80	93.6	28.86	31.80	83.1	27.37	31.80	95.5	26.38	31.80	104.9
13/06/2018 2:17:21 PM	3611708241	1013.00	27.60	31.80	93.4	28.85	31.80	83.2	27.34	31.80	95.8	26.36	31.80	105.1
13/06/2018 2:17:22 PM	3611708242	1013.00	27.57	31.80	93.7	28.88	31.80	83.0	27.33	31.80	95.8	26.39	31.80	104.8
13/06/2018 2:17:23 PM	3611708243	1013.00	27.60	31.79	93.5	28.87	31.79	83.1	27.37	31.79	95.5	26.36	31.79	105.2
13/06/2018 2:17:24 PM	3611708244	1013.00	27.62	31.80	93.3	28.88	31.80	83.0	27.39	31.80	95.3	26.41	31.80	104.6
13/06/2018 2:17:25 PM	3611708245	1013.00	27.61	31.79	93.4	28.92	31.79	82.7	27.40	31.79	95.2	26.41	31.79	104.7
13/06/2018 2:17:26 PM	3611708246	1013.00	27.58	31.79	93.6	28.91	31.79	82.8	27.35	31.79	95.7	26.35	31.79	105.3
13/06/2018 2:17:27 PM	3611708247	1013.00	27.64	31.79	93.1	28.91	31.79	82.8	27.37	31.79	95.5	26.38	31.79	105.0
13/06/2018 2:17:28 PM	3611708248	1013.00	27.59	31.79	93.5	28.99	31.79	82.2	27.42	31.79	95.0	26.39	31.79	104.9
13/06/2018 2:17:29 PM	3611708249	1013.00	27.56	31.79	93.8	28.92	31.79	82.7	27.40	31.79	95.2	26.39	31.79	104.9
13/06/2018 2:17:30 PM	3611708250	1013.00	27.64	31.78	93.1	28.93	31.78	82.6	27.40	31.78	95.2	26.37	31.78	105.1
13/06/2018 2:17:31 PM	3611708251	1013.00	27.60	31.77	93.5	28.92	31.77	82.7	27.39	31.77	95.4	26.38	31.77	105.0
13/06/2018 2:17:32 PM	3611708252	1013.00	27.59	31.78	93.6	28.87	31.78	83.1	27.36	31.78	95.6	26.39	31.78	104.9
13/06/2018 2:17:33 PM	3611708253	1013.00	27.62	31.77	93.3	28.97	31.77	82.4	27.43	31.77	95.0	26.35	31.77	105.3
13/06/2018 2:17:34 PM	3611708254	1013.00	27.58	31.77	93.7	28.95	31.77	82.5	27.41	31.77	95.2	26.38	31.77	105.0
13/06/2018 2:17:35 PM	3611708255	1013.00	27.63	31.78	93.2	28.92	31.78	82.7	27.38	31.78	95.4	26.37	31.78	105.1
13/06/2018 2:17:36 PM	3611708256	1013.00	27.61	31.79	93.4	28.99	31.79	82.2	27.39	31.79	95.3	26.37	31.79	105.1
13/06/2018 2:17:37 PM	3611708257	1013.00	27.63	31.79	93.2	28.93	31.79	82.6	27.40	31.79	95.2	26.41	31.79	104.7
13/06/2018 2:17:38 PM	3611708258	1013.00	27.62	31.78	93.3	28.96	31.78	82.4	27.39	31.78	95.3	26.39	31.78	104.9
13/06/2018 2:17:39 PM	3611708259	1013.00	27.63	31.78	93.2	29.02	31.78	82.0	27.38	31.78	95.4	26.35	31.78	105.3
13/06/2018 2:17:40 PM	3611708260	1013.00	27.61	31.79	93.4	28.98	31.79	82.3	27.42	31.79	95.0	26.36	31.79	105.2
13/06/2018 2:17:41 PM	3611708261	1013.00	27.63	31.79	93.2	28.93	31.79	82.6	27.42	31.79	95.0	26.40	31.79	104.8
13/06/2018 2:17:42 PM	3611708262	1013.00	27.62	31.79	93.3	28.98	31.79	82.3	27.43	31.79	95.0	26.36	31.79	105.2
13/06/2018 2:17:43 PM	3611708263	1013.00	27.60	31.79	93.5	28.95	31.79	82.5	27.41	31.79	95.1	26.40	31.79	104.8
13/06/2018 2:17:44 PM	3611708264	1013.00	27.62	31.78	93.3	28.98	31.78	82.3	27.45	31.78	94.8	26.37	31.78	105.1
13/06/2018 2:17:45 PM	3611708265	1013.00	27.61	31.78	93.4	28.99	31.78	82.2	27.39	31.78	95.3	26.35	31.78	105.3
13/06/2018 2:17:46 PM	3611708266	1013.00	27.61	31.78	93.4	28.97	31.78	82.3	27.39	31.78	95.3	26.37	31.78	105.1
13/06/2018 2:17:47 PM	3611708267	1013.00	27.62	31.77	93.3	29.02	31.77	82.0	27.39	31.77	95.4	26.37	31.77	105.1
13/06/2018 2:17:48 PM	3611708268	1013.00	27.63	31.77	93.2	28.99	31.77	82.2	27.41	31.77	95.2	26.36	31.77	105.2
13/06/2018 2:17:49 PM	3611708269	1013.00	27.63	31.77	93.2	28.99	31.77	82.2	27.43	31.77	95.0	26.39	31.77	104.9
13/06/2018 2:17:50 PM	3611708270	1013.00	27.62	31.77	93.3	28.94	31.77	82.6	27.41	31.77	95.2	26.42	31.77	104.6
13/06/2018 2:17:51 PM	3611708271	1013.00	27.62	31.77	93.3	28.99	31.77	82.2	27.45	31.77	94.8	26.39	31.77	104.9
13/06/2018 2:17:52 PM	3611708272	1013.00	27.63	31.76	93.2	28.94	31.76	82.6	27.46	31.76	94.7	26.38	31.76	105.0
13/06/2018 2:17:53 PM	3611708273	1013.00	27.62	31.77	93.3	28.99	31.77	82.2	27.45	31.77	94.8	26.41	31.77	104.7
13/06/2018 2:17:54 PM	3611708274	1013.00	27.65	31.77	93.0	29.03	31.77	81.9	27.45	31.77	94.8	26.38	31.77	105.0
13/06/2018 2:17:55 PM	3611708275	1013.00	27.65	31.77	93.0	29.00	31.77	82.1	27.43	31.77	95.0	26.38	31.77	105.0
13/06/2018 2:17:56 PM	3611708276	1013.00	27.65	31.76	93.1	28.99	31.76	82.2	27.42	31.76	95.1	26.41	31.76	104.7
13/06/2018 2:17:57 PM	3611708277	1013.00	27.64	31.77	93.1	29.06	31.77	81.7	27.43	31.77	95.0	26.39	31.77	104.9
13/06/2018 2:17:58 PM	3611708278	1013.00	27.67	31.76	92.9	29.02	31.76	82.0	27.45	31.76	94.8	26.39	31.76	104.9
13/06/2018 2:17:59 PM	3611708279	1013.00	27.67	31.77	92.9	29.04	31.77	81.8	27.44	31.77	94.9	26.37	31.77	105.1
13/06/2018 2:18:00 PM	3611708280	1013.00	27.65	31.76	93.1	29.00	31.76	82.1	27.47	31.76	94.7	26.38	31.76	105.0
13/06/2018 2:18:01 PM	3611708281	1013.00	27.65	31.77	93.0	29.08	31.77	81.5	27.45	31.77	94.8	26.41	31.77	104.7
13/06/2018 2:18:02 PM	3611708282	1013.00	27.66	31.77	93.0	29.01	31.77	82.1	27.42	31.77	95.1	26.37	31.77	105.1
13/06/2018 2:18:03 PM	3611708283	1013.00	27.66	31.77	93.0	29.07	31.77	81.6	27.42	31.77	95.1	26.37	31.77	105.1
13/06/2018 2:18:04 PM	3611708284	1013.00	27.65	31.77	93.0	29.08	31.77	81.5	27.39	31.77	95.4	26.38	31.77	105.0
13/06/2018 2:18:05 PM	3611708285	1013.00	27.66	31.77	93.0	29.05	31.77	81.8	27.47	31.77	94.6	26.40	31.77	104.8
13/06/2018 2:18:06 PM	3611708286	1013.00	27.67	31.77	92.9	29.02	31.77	82.0	27.46	31.77	94.7	26.40	31.77	104.8
13/06/2018 2:18:07 PM	3611708287	1013.00	27.63	31.77	93.2	29.00	31.77	82.1	27.47	31.77	94.6	26.36	31.77	105.2
13/06/2018 2:18:08 PM	3611708288	1013.00	27.65	31.77	93.0	28.99	31.77	82.2	27.43	31.77	95.0	26.39	31.77	104.9
13/06/2018 2:18:09 PM	3611708289	1013.00	27.67	31.77	92.9	29.07	31.77	81.6	27.51	31.77	94.3	26.38	31.77	105.0
13/06/2018 2:18:10 PM	3611708290	1013.00	27.68	31.76	92.8	28.98	31.76	82.3	27.45	31.76	94.8	26.36	31.76	105.2
13/06/2018 2:18:11 PM	3611708291	1013.00	27.67	31.76	92.9	29.05	31.76	81.8	27.44	31.76	94.9	26.37	31.76	105.1
