Date & time of file creation	13/07/2018 10:05 AM													
Data file path	C:\Users\ameli\Desktop\Diego Barneche\2018_07_13\29_C_old_witrox_24.txt													
														
														
CALIBRATION DATA														
Parameter/Channel	N moving average	LO phase [r.U.]	HI phase [r.U.]	LO oxygen [%air saturation]	HI oxygen [%air saturation]	LO temperature [°C]	HI temperature [°C]	Salinity [‰]						
S WOT 0041 000001   , CH 1	1	60.10	28.65	0.00	100.00	20.16	20.12	0.000						
S WOT 0041 000001   , CH 2	1	60.10	28.65	0.00	100.00	20.16	20.12	0.000						
S WOT 0041 000001   , CH 3	1	60.10	28.65	0.00	100.00	20.16	20.12	0.000						
S WOT 0041 000001   , CH 4	1	60.10	28.65	0.00	100.00	20.16	20.12	0.000						
														
														
Date &Time [DD-MM-YYYY HH:MM:SS]	Time stamp code	Barometric pressure [hPa]	S WOT 0041 000001   , CH 1 phase [r.U.]	S WOT 0041 000001   , CH 1 temp [°C]	S WOT 0041 000001   , CH 1 O2 [% air saturation]	S WOT 0041 000001   , CH 2 phase [r.U.]	S WOT 0041 000001   , CH 2 temp [°C]	S WOT 0041 000001   , CH 2 O2 [% air saturation]	S WOT 0041 000001   , CH 3 phase [r.U.]	S WOT 0041 000001   , CH 3 temp [°C]	S WOT 0041 000001   , CH 3 O2 [% air saturation]	S WOT 0041 000001   , CH 4 phase [r.U.]	S WOT 0041 000001   , CH 4 temp [°C]	S WOT 0041 000001   , CH 4 O2 [% air saturation]
13/07/2018 10:14:50 AM	3614285690	1013.00	26.79	29.30	101.1	26.79	29.30	101.1	26.45	29.30	104.5	NaN	29.30	NaN
13/07/2018 10:14:51 AM	3614285691	1013.00	26.80	29.30	101.0	26.71	29.30	101.9	26.47	29.30	104.3	NaN	29.30	NaN
13/07/2018 10:14:52 AM	3614285692	1013.00	26.81	29.31	100.9	26.79	29.31	101.1	26.46	29.31	104.3	NaN	29.31	NaN
13/07/2018 10:14:53 AM	3614285693	1013.00	26.82	29.31	100.8	26.73	29.31	101.7	26.43	29.31	104.7	NaN	29.31	NaN
13/07/2018 10:14:54 AM	3614285694	1013.00	26.79	29.31	101.1	26.78	29.31	101.2	26.47	29.31	104.2	NaN	29.31	NaN
13/07/2018 10:14:55 AM	3614285695	1013.00	26.81	29.30	100.9	26.80	29.30	101.0	26.45	29.30	104.5	NaN	29.30	NaN
13/07/2018 10:14:56 AM	3614285696	1013.00	26.79	29.30	101.1	26.75	29.30	101.5	26.46	29.30	104.4	NaN	29.30	NaN
13/07/2018 10:14:57 AM	3614285697	1013.00	26.78	29.29	101.2	26.78	29.29	101.2	26.42	29.29	104.8	NaN	29.29	NaN
13/07/2018 10:14:58 AM	3614285698	1013.00	26.83	29.28	100.8	26.81	29.28	101.0	26.46	29.28	104.4	NaN	29.28	NaN
13/07/2018 10:14:59 AM	3614285699	1013.00	26.84	29.29	100.7	26.77	29.29	101.3	26.51	29.29	103.9	NaN	29.29	NaN
13/07/2018 10:15:00 AM	3614285700	1013.00	26.80	29.29	101.0	26.75	29.29	101.5	26.50	29.29	104.0	NaN	29.29	NaN
13/07/2018 10:15:01 AM	3614285701	1013.00	26.80	29.29	101.0	26.80	29.29	101.0	26.44	29.29	104.6	NaN	29.29	NaN
13/07/2018 10:15:02 AM	3614285702	1013.00	26.83	29.30	100.7	26.84	29.30	100.6	26.47	29.30	104.3	NaN	29.30	NaN
13/07/2018 10:15:03 AM	3614285703	1013.00	26.80	29.30	101.0	26.83	29.30	100.7	26.51	29.30	103.9	NaN	29.30	NaN
13/07/2018 10:15:04 AM	3614285704	1013.00	26.82	29.29	100.8	26.77	29.29	101.3	26.48	29.29	104.2	NaN	29.29	NaN
13/07/2018 10:15:05 AM	3614285705	1013.00	26.81	29.30	100.9	26.78	29.30	101.2	26.45	29.30	104.5	NaN	29.30	NaN
13/07/2018 10:15:06 AM	3614285706	1013.00	26.81	29.30	100.9	26.79	29.30	101.1	26.48	29.30	104.2	NaN	29.30	NaN
13/07/2018 10:15:07 AM	3614285707	1013.00	26.83	29.30	100.7	26.75	29.30	101.5	26.52	29.30	103.8	NaN	29.30	NaN
13/07/2018 10:15:08 AM	3614285708	1013.00	26.84	29.29	100.7	26.74	29.29	101.6	26.52	29.29	103.8	NaN	29.29	NaN
13/07/2018 10:15:09 AM	3614285709	1013.00	26.83	29.30	100.7	26.78	29.30	101.2	26.52	29.30	103.8	NaN	29.30	NaN
13/07/2018 10:15:10 AM	3614285710	1013.00	26.84	29.30	100.6	26.79	29.30	101.1	26.42	29.30	104.8	NaN	29.30	NaN
13/07/2018 10:15:11 AM	3614285711	1013.00	26.82	29.29	100.8	26.78	29.29	101.2	26.47	29.29	104.3	NaN	29.29	NaN
13/07/2018 10:15:12 AM	3614285712	1013.00	26.82	29.29	100.8	26.75	29.29	101.5	26.52	29.29	103.8	NaN	29.29	NaN
13/07/2018 10:15:13 AM	3614285713	1013.00	26.79	29.30	101.1	26.79	29.30	101.1	26.50	29.30	104.0	NaN	29.30	NaN
13/07/2018 10:15:14 AM	3614285714	1013.00	26.80	29.30	101.0	26.85	29.30	100.5	26.44	29.30	104.6	NaN	29.30	NaN
13/07/2018 10:15:15 AM	3614285715	1013.00	26.81	29.30	100.9	26.79	29.30	101.1	26.50	29.30	104.0	NaN	29.30	NaN
13/07/2018 10:15:16 AM	3614285716	1013.00	26.83	29.30	100.7	26.81	29.30	100.9	26.49	29.30	104.1	NaN	29.30	NaN
13/07/2018 10:15:17 AM	3614285717	1013.00	26.85	29.30	100.5	26.83	29.30	100.7	26.46	29.30	104.4	NaN	29.30	NaN
13/07/2018 10:15:18 AM	3614285718	1013.00	26.84	29.30	100.6	26.83	29.30	100.7	26.48	29.30	104.2	NaN	29.30	NaN
13/07/2018 10:15:19 AM	3614285719	1013.00	26.83	29.29	100.7	26.79	29.29	101.1	26.45	29.29	104.5	NaN	29.29	NaN
13/07/2018 10:15:20 AM	3614285720	1013.00	26.80	29.29	101.0	26.79	29.29	101.1	26.45	29.29	104.5	NaN	29.29	NaN
13/07/2018 10:15:21 AM	3614285721	1013.00	26.82	29.29	100.8	26.81	29.29	100.9	26.49	29.29	104.1	NaN	29.29	NaN
13/07/2018 10:15:22 AM	3614285722	1013.00	26.80	29.28	101.1	26.81	29.28	101.0	26.44	29.28	104.6	NaN	29.28	NaN
13/07/2018 10:15:23 AM	3614285723	1013.00	26.83	29.27	100.8	26.76	29.27	101.5	26.43	29.27	104.7	NaN	29.27	NaN
13/07/2018 10:15:24 AM	3614285724	1013.00	26.83	29.28	100.8	26.74	29.28	101.6	26.50	29.28	104.0	NaN	29.28	NaN
13/07/2018 10:15:25 AM	3614285725	1013.00	26.82	29.28	100.9	26.81	29.28	101.0	26.47	29.28	104.3	NaN	29.28	NaN
13/07/2018 10:15:26 AM	3614285726	1013.00	26.82	29.29	100.8	26.83	29.29	100.7	26.44	29.29	104.6	NaN	29.29	NaN
13/07/2018 10:15:27 AM	3614285727	1013.00	26.83	29.29	100.7	26.85	29.29	100.6	26.50	29.29	104.0	NaN	29.29	NaN
13/07/2018 10:15:28 AM	3614285728	1013.00	26.84	29.29	100.7	26.79	29.29	101.1	26.50	29.29	104.0	NaN	29.29	NaN
13/07/2018 10:15:29 AM	3614285729	1013.00	26.86	29.29	100.5	26.85	29.29	100.6	26.46	29.29	104.4	NaN	29.29	NaN
13/07/2018 10:15:30 AM	3614285730	1013.00	26.84	29.28	100.7	26.91	29.28	100.0	26.48	29.28	104.2	NaN	29.28	NaN
13/07/2018 10:15:31 AM	3614285731	1013.00	26.82	29.27	100.9	26.84	29.27	100.7	26.49	29.27	104.1	NaN	29.27	NaN
13/07/2018 10:15:32 AM	3614285732	1013.00	26.83	29.27	100.8	26.83	29.27	100.8	26.45	29.27	104.5	NaN	29.27	NaN
13/07/2018 10:15:33 AM	3614285733	1013.00	26.80	29.27	101.1	26.86	29.27	100.5	26.48	29.27	104.2	NaN	29.27	NaN
13/07/2018 10:15:34 AM	3614285734	1013.00	26.82	29.27	100.9	26.87	29.27	100.4	26.45	29.27	104.5	NaN	29.27	NaN
13/07/2018 10:15:35 AM	3614285735	1013.00	26.81	29.27	101.0	26.86	29.27	100.5	26.45	29.27	104.5	NaN	29.27	NaN
13/07/2018 10:15:36 AM	3614285736	1013.00	26.79	29.27	101.2	26.79	29.27	101.2	26.45	29.27	104.5	NaN	29.27	NaN
13/07/2018 10:15:37 AM	3614285737	1013.00	26.86	29.28	100.5	26.86	29.28	100.5	26.48	29.28	104.2	NaN	29.28	NaN
13/07/2018 10:15:38 AM	3614285738	1013.00	26.79	29.28	101.1	26.84	29.28	100.7	26.49	29.28	104.1	NaN	29.28	NaN
13/07/2018 10:15:39 AM	3614285739	1013.00	26.82	29.28	100.9	26.82	29.28	100.9	26.51	29.28	103.9	NaN	29.28	NaN
13/07/2018 10:15:40 AM	3614285740	1013.00	26.84	29.28	100.7	26.76	29.28	101.4	26.46	29.28	104.4	NaN	29.28	NaN
13/07/2018 10:15:41 AM	3614285741	1013.00	26.79	29.28	101.1	26.84	29.28	100.7	26.45	29.28	104.5	NaN	29.28	NaN
13/07/2018 10:15:42 AM	3614285742	1013.00	26.83	29.27	100.8	26.79	29.27	101.2	26.49	29.27	104.1	NaN	29.27	NaN
13/07/2018 10:15:43 AM	3614285743	1013.00	26.86	29.26	100.5	26.78	29.26	101.3	26.42	29.26	104.8	NaN	29.26	NaN
13/07/2018 10:15:44 AM	3614285744	1013.00	26.81	29.26	101.0	26.84	29.26	100.7	26.44	29.26	104.6	NaN	29.26	NaN
13/07/2018 10:15:45 AM	3614285745	1013.00	26.81	29.25	101.0	26.88	29.25	100.3	26.50	29.25	104.1	NaN	29.25	NaN
13/07/2018 10:15:46 AM	3614285746	1013.00	26.82	29.26	100.9	26.86	29.26	100.5	26.49	29.26	104.1	NaN	29.26	NaN
13/07/2018 10:15:47 AM	3614285747	1013.00	26.80	29.26	101.1	26.82	29.26	100.9	26.50	29.26	104.0	NaN	29.26	NaN
13/07/2018 10:15:48 AM	3614285748	1013.00	26.83	29.26	100.8	26.85	29.26	100.6	26.44	29.26	104.6	NaN	29.26	NaN
13/07/2018 10:15:49 AM	3614285749	1013.00	26.83	29.26	100.8	26.79	29.26	101.2	26.48	29.26	104.2	NaN	29.26	NaN
13/07/2018 10:15:50 AM	3614285750	1013.00	26.81	29.27	101.0	26.87	29.27	100.4	26.47	29.27	104.3	NaN	29.27	NaN
13/07/2018 10:15:51 AM	3614285751	1013.00	26.80	29.26	101.1	26.82	29.26	100.9	26.52	29.26	103.8	NaN	29.26	NaN
13/07/2018 10:15:52 AM	3614285752	1013.00	26.84	29.25	100.7	26.82	29.25	100.9	26.46	29.25	104.5	NaN	29.25	NaN
13/07/2018 10:15:53 AM	3614285753	1013.00	26.83	29.26	100.8	26.80	29.26	101.1	26.49	29.26	104.1	NaN	29.26	NaN
13/07/2018 10:15:54 AM	3614285754	1013.00	26.84	29.26	100.7	26.86	29.26	100.5	26.50	29.26	104.0	NaN	29.26	NaN
13/07/2018 10:15:55 AM	3614285755	1013.00	26.82	29.24	100.9	26.81	29.24	101.0	26.44	29.24	104.7	NaN	29.24	NaN
13/07/2018 10:15:56 AM	3614285756	1013.00	26.83	29.25	100.8	26.87	29.25	100.4	26.50	29.25	104.1	NaN	29.25	NaN
13/07/2018 10:15:57 AM	3614285757	1013.00	26.81	29.25	101.0	26.86	29.25	100.5	26.48	29.25	104.3	NaN	29.25	NaN
13/07/2018 10:15:58 AM	3614285758	1013.00	26.86	29.24	100.5	26.85	29.24	100.6	26.53	29.24	103.8	NaN	29.24	NaN
13/07/2018 10:15:59 AM	3614285759	1013.00	26.87	29.24	100.4	26.83	29.24	100.8	26.47	29.24	104.4	NaN	29.24	NaN
13/07/2018 10:16:00 AM	3614285760	1013.00	26.84	29.25	100.7	26.85	29.25	100.6	26.49	29.25	104.2	NaN	29.25	NaN
13/07/2018 10:16:01 AM	3614285761	1013.00	26.83	29.25	100.8	26.85	29.25	100.6	26.45	29.25	104.6	NaN	29.25	NaN
13/07/2018 10:16:02 AM	3614285762	1013.00	26.81	29.25	101.0	26.90	29.25	100.1	26.48	29.25	104.3	NaN	29.25	NaN
13/07/2018 10:16:03 AM	3614285763	1013.00	26.85	29.25	100.6	26.77	29.25	101.4	26.52	29.25	103.9	NaN	29.25	NaN
13/07/2018 10:16:04 AM	3614285764	1013.00	26.86	29.24	100.5	26.88	29.24	100.4	26.50	29.24	104.1	NaN	29.24	NaN
13/07/2018 10:16:05 AM	3614285765	1013.00	26.84	29.24	100.7	26.84	29.24	100.7	26.48	29.24	104.3	NaN	29.24	NaN
13/07/2018 10:16:06 AM	3614285766	1013.00	26.86	29.23	100.6	26.88	29.23	100.4	26.52	29.23	103.9	NaN	29.23	NaN
13/07/2018 10:16:07 AM	3614285767	1013.00	26.82	29.23	100.9	26.84	29.23	100.8	26.45	29.23	104.6	NaN	29.23	NaN
13/07/2018 10:16:08 AM	3614285768	1013.00	26.82	29.23	100.9	26.82	29.23	100.9	26.51	29.23	104.0	NaN	29.23	NaN
13/07/2018 10:16:09 AM	3614285769	1013.00	26.84	29.23	100.8	26.89	29.23	100.3	26.48	29.23	104.3	NaN	29.23	NaN
13/07/2018 10:16:10 AM	3614285770	1013.00	26.86	29.22	100.6	26.89	29.22	100.3	26.50	29.22	104.1	NaN	29.22	NaN
13/07/2018 10:16:11 AM	3614285771	1013.00	26.83	29.22	100.9	26.83	29.22	100.9	26.48	29.22	104.3	NaN	29.22	NaN
13/07/2018 10:16:12 AM	3614285772	1013.00	26.84	29.22	100.8	26.86	29.22	100.6	26.47	29.22	104.4	NaN	29.22	NaN
13/07/2018 10:16:13 AM	3614285773	1013.00	26.84	29.21	100.8	26.84	29.21	100.8	26.52	29.21	103.9	NaN	29.21	NaN
13/07/2018 10:16:14 AM	3614285774	1013.00	26.86	29.21	100.6	26.91	29.21	100.1	26.47	29.21	104.4	NaN	29.21	NaN
13/07/2018 10:16:15 AM	3614285775	1013.00	26.85	29.21	100.7	26.83	29.21	100.9	26.49	29.21	104.2	NaN	29.21	NaN
13/07/2018 10:16:16 AM	3614285776	1013.00	26.86	29.22	100.6	26.89	29.22	100.3	26.48	29.22	104.3	NaN	29.22	NaN
13/07/2018 10:16:17 AM	3614285777	1013.00	26.83	29.21	100.9	26.91	29.21	100.1	26.52	29.21	103.9	NaN	29.21	NaN
13/07/2018 10:16:18 AM	3614285778	1013.00	26.83	29.21	100.9	26.85	29.21	100.7	26.49	29.21	104.2	NaN	29.21	NaN
13/07/2018 10:16:19 AM	3614285779	1013.00	26.81	29.22	101.1	26.89	29.22	100.3	26.50	29.22	104.1	NaN	29.22	NaN
13/07/2018 10:16:20 AM	3614285780	1013.00	26.86	29.21	100.6	26.85	29.21	100.7	26.49	29.21	104.2	NaN	29.21	NaN
13/07/2018 10:16:21 AM	3614285781	1013.00	26.84	29.21	100.8	26.88	29.21	100.4	26.47	29.21	104.4	NaN	29.21	NaN
13/07/2018 10:16:22 AM	3614285782	1013.00	26.82	29.21	101.0	26.90	29.21	100.2	26.51	29.21	104.0	NaN	29.21	NaN
13/07/2018 10:16:23 AM	3614285783	1013.00	26.85	29.20	100.7	26.90	29.20	100.2	26.50	29.20	104.1	NaN	29.20	NaN
13/07/2018 10:16:24 AM	3614285784	1013.00	26.84	29.20	100.8	26.90	29.20	100.2	26.50	29.20	104.1	NaN	29.20	NaN
13/07/2018 10:16:25 AM	3614285785	1013.00	26.84	29.20	100.8	26.87	29.20	100.5	26.51	29.20	104.0	NaN	29.20	NaN
13/07/2018 10:16:26 AM	3614285786	1013.00	26.86	29.20	100.6	26.88	29.20	100.4	26.47	29.20	104.4	NaN	29.20	NaN
13/07/2018 10:16:27 AM	3614285787	1013.00	26.85	29.20	100.7	26.88	29.20	100.4	26.51	29.20	104.0	NaN	29.20	NaN
13/07/2018 10:16:28 AM	3614285788	1013.00	26.83	29.19	100.9	26.94	29.19	99.9	26.49	29.19	104.3	NaN	29.19	NaN
13/07/2018 10:16:29 AM	3614285789	1013.00	26.83	29.19	100.9	26.91	29.19	100.2	26.53	29.19	103.9	NaN	29.19	NaN
13/07/2018 10:16:30 AM	3614285790	1013.00	26.86	29.19	100.6	26.93	29.19	100.0	26.49	29.19	104.3	NaN	29.19	NaN
13/07/2018 10:16:31 AM	3614285791	1013.00	26.89	29.19	100.3	26.94	29.19	99.9	26.47	29.19	104.5	NaN	29.19	NaN
13/07/2018 10:16:32 AM	3614285792	1013.00	26.84	29.20	100.8	26.92	29.20	100.0	26.49	29.20	104.2	NaN	29.20	NaN
13/07/2018 10:16:33 AM	3614285793	1013.00	26.86	29.20	100.6	26.89	29.20	100.3	26.45	29.20	104.6	NaN	29.20	NaN
13/07/2018 10:16:34 AM	3614285794	1013.00	26.87	29.20	100.5	26.90	29.20	100.2	26.50	29.20	104.1	NaN	29.20	NaN
13/07/2018 10:16:35 AM	3614285795	1013.00	26.83	29.20	100.9	26.97	29.20	99.6	26.49	29.20	104.2	NaN	29.20	NaN
13/07/2018 10:16:36 AM	3614285796	1013.00	26.88	29.20	100.4	26.93	29.20	99.9	26.53	29.20	103.8	NaN	29.20	NaN
13/07/2018 10:16:37 AM	3614285797	1013.00	26.86	29.20	100.6	26.94	29.20	99.8	26.47	29.20	104.4	NaN	29.20	NaN
13/07/2018 10:16:38 AM	3614285798	1013.00	26.84	29.20	100.8	26.93	29.20	99.9	26.48	29.20	104.3	NaN	29.20	NaN
13/07/2018 10:16:39 AM	3614285799	1013.00	26.87	29.19	100.5	26.91	29.19	100.2	26.51	29.19	104.1	NaN	29.19	NaN
13/07/2018 10:16:40 AM	3614285800	1013.00	26.85	29.18	100.7	26.92	29.18	100.1	26.54	29.18	103.8	NaN	29.18	NaN
13/07/2018 10:16:41 AM	3614285801	1013.00	26.85	29.18	100.7	26.90	29.18	100.3	26.55	29.18	103.7	NaN	29.18	NaN
13/07/2018 10:16:42 AM	3614285802	1013.00	26.85	29.17	100.8	26.90	29.17	100.3	26.53	29.17	103.9	NaN	29.17	NaN
13/07/2018 10:16:43 AM	3614285803	1013.00	26.86	29.17	100.7	26.92	29.17	100.1	26.53	29.17	103.9	NaN	29.17	NaN
13/07/2018 10:16:44 AM	3614285804	1013.00	26.86	29.17	100.7	26.97	29.17	99.6	26.49	29.17	104.3	NaN	29.17	NaN
13/07/2018 10:16:45 AM	3614285805	1013.00	26.85	29.18	100.7	26.85	29.18	100.7	26.48	29.18	104.4	NaN	29.18	NaN
13/07/2018 10:16:46 AM	3614285806	1013.00	26.86	29.17	100.7	26.99	29.17	99.4	26.41	29.17	105.1	NaN	29.17	NaN
13/07/2018 10:16:47 AM	3614285807	1013.00	26.85	29.17	100.8	26.95	29.17	99.8	26.51	29.17	104.1	NaN	29.17	NaN
13/07/2018 10:16:48 AM	3614285808	1013.00	26.85	29.16	100.8	26.94	29.16	99.9	26.54	29.16	103.8	NaN	29.16	NaN
13/07/2018 10:16:49 AM	3614285809	1013.00	26.84	29.16	100.9	26.95	29.16	99.8	26.51	29.16	104.1	NaN	29.16	NaN
13/07/2018 10:16:50 AM	3614285810	1013.00	26.87	29.15	100.6	26.97	29.15	99.7	26.47	29.15	104.5	NaN	29.15	NaN
13/07/2018 10:16:51 AM	3614285811	1013.00	26.84	29.15	100.9	26.98	29.15	99.6	26.50	29.15	104.2	NaN	29.15	NaN
13/07/2018 10:16:52 AM	3614285812	1013.00	26.88	29.15	100.5	26.96	29.15	99.7	26.51	29.15	104.1	NaN	29.15	NaN
13/07/2018 10:16:53 AM	3614285813	1013.00	26.85	29.15	100.8	26.98	29.15	99.6	26.51	29.15	104.1	NaN	29.15	NaN
13/07/2018 10:16:54 AM	3614285814	1013.00	26.86	29.15	100.7	26.97	29.15	99.7	26.46	29.15	104.6	NaN	29.15	NaN
13/07/2018 10:16:55 AM	3614285815	1013.00	26.89	29.15	100.4	26.97	29.15	99.7	26.51	29.15	104.1	NaN	29.15	NaN
13/07/2018 10:16:56 AM	3614285816	1013.00	26.86	29.16	100.7	26.99	29.16	99.4	26.49	29.16	104.3	NaN	29.16	NaN
13/07/2018 10:16:57 AM	3614285817	1013.00	26.87	29.15	100.6	26.99	29.15	99.5	26.51	29.15	104.1	NaN	29.15	NaN
13/07/2018 10:16:58 AM	3614285818	1013.00	26.86	29.15	100.7	26.98	29.15	99.6	26.48	29.15	104.4	NaN	29.15	NaN
13/07/2018 10:16:59 AM	3614285819	1013.00	26.84	29.16	100.9	26.93	29.16	100.0	26.51	29.16	104.1	NaN	29.16	NaN
13/07/2018 10:17:00 AM	3614285820	1013.00	26.91	29.16	100.2	26.96	29.16	99.7	26.51	29.16	104.1	NaN	29.16	NaN
13/07/2018 10:17:01 AM	3614285821	1013.00	26.85	29.15	100.8	27.03	29.15	99.1	26.48	29.15	104.4	NaN	29.15	NaN
13/07/2018 10:17:02 AM	3614285822	1013.00	26.89	29.15	100.4	27.02	29.15	99.2	26.51	29.15	104.1	NaN	29.15	NaN
13/07/2018 10:17:03 AM	3614285823	1013.00	26.91	29.15	100.2	27.06	29.15	98.8	26.53	29.15	103.9	NaN	29.15	NaN
13/07/2018 10:17:04 AM	3614285824	1013.00	26.87	29.14	100.6	26.91	29.14	100.2	26.46	29.14	104.7	NaN	29.14	NaN
13/07/2018 10:17:05 AM	3614285825	1013.00	26.91	29.14	100.2	27.03	29.14	99.1	26.44	29.14	104.9	NaN	29.14	NaN
13/07/2018 10:17:06 AM	3614285826	1013.00	26.87	29.14	100.6	27.01	29.14	99.3	26.47	29.14	104.6	NaN	29.14	NaN
13/07/2018 10:17:07 AM	3614285827	1013.00	26.87	29.14	100.6	26.99	29.14	99.5	26.50	29.14	104.3	NaN	29.14	NaN
13/07/2018 10:17:08 AM	3614285828	1013.00	26.89	29.14	100.4	27.04	29.14	99.0	26.50	29.14	104.3	NaN	29.14	NaN
13/07/2018 10:17:09 AM	3614285829	1013.00	26.87	29.14	100.6	27.00	29.14	99.4	26.48	29.14	104.5	NaN	29.14	NaN
13/07/2018 10:17:10 AM	3614285830	1013.00	26.87	29.13	100.6	27.11	29.13	98.4	26.54	29.13	103.9	NaN	29.13	NaN
13/07/2018 10:17:11 AM	3614285831	1013.00	26.88	29.13	100.5	27.05	29.13	98.9	26.50	29.13	104.3	NaN	29.13	NaN
13/07/2018 10:17:12 AM	3614285832	1013.00	26.92	29.12	100.2	27.05	29.12	98.9	26.46	29.12	104.7	NaN	29.12	NaN
13/07/2018 10:17:13 AM	3614285833	1013.00	26.90	29.11	100.4	27.03	29.11	99.2	26.53	29.11	104.0	NaN	29.11	NaN
13/07/2018 10:17:14 AM	3614285834	1013.00	26.87	29.12	100.7	27.05	29.12	98.9	26.49	29.12	104.4	NaN	29.12	NaN
13/07/2018 10:17:15 AM	3614285835	1013.00	26.88	29.12	100.6	27.10	29.12	98.5	26.48	29.12	104.5	NaN	29.12	NaN
13/07/2018 10:17:16 AM	3614285836	1013.00	26.90	29.11	100.4	27.07	29.11	98.8	26.47	29.11	104.6	NaN	29.11	NaN
13/07/2018 10:17:17 AM	3614285837	1013.00	26.89	29.12	100.5	27.08	29.12	98.7	26.50	29.12	104.3	NaN	29.12	NaN
13/07/2018 10:17:18 AM	3614285838	1013.00	26.91	29.12	100.3	27.10	29.12	98.5	26.50	29.12	104.3	NaN	29.12	NaN
13/07/2018 10:17:19 AM	3614285839	1013.00	26.91	29.12	100.3	27.04	29.12	99.0	26.53	29.12	104.0	NaN	29.12	NaN
13/07/2018 10:17:20 AM	3614285840	1013.00	26.87	29.12	100.7	27.13	29.12	98.2	26.50	29.12	104.3	NaN	29.12	NaN
13/07/2018 10:17:21 AM	3614285841	1013.00	26.87	29.12	100.7	27.12	29.12	98.3	26.51	29.12	104.2	NaN	29.12	NaN
13/07/2018 10:17:22 AM	3614285842	1013.00	26.86	29.12	100.8	27.03	29.12	99.1	26.48	29.12	104.5	NaN	29.12	NaN
13/07/2018 10:17:23 AM	3614285843	1013.00	26.90	29.11	100.4	27.08	29.11	98.7	26.48	29.11	104.5	NaN	29.11	NaN
13/07/2018 10:17:24 AM	3614285844	1013.00	26.87	29.10	100.7	27.08	29.10	98.7	26.53	29.10	104.0	NaN	29.10	NaN
13/07/2018 10:17:25 AM	3614285845	1013.00	26.90	29.11	100.4	27.02	29.11	99.2	26.50	29.11	104.3	NaN	29.11	NaN
13/07/2018 10:17:26 AM	3614285846	1013.00	26.91	29.11	100.3	27.12	29.11	98.3	26.51	29.11	104.2	NaN	29.11	NaN
13/07/2018 10:17:27 AM	3614285847	1013.00	26.91	29.10	100.3	27.13	29.10	98.2	26.49	29.10	104.4	NaN	29.10	NaN
13/07/2018 10:17:28 AM	3614285848	1013.00	26.92	29.11	100.2	27.12	29.11	98.3	26.58	29.11	103.5	NaN	29.11	NaN
13/07/2018 10:17:29 AM	3614285849	1013.00	26.92	29.11	100.2	27.06	29.11	98.9	26.48	29.11	104.5	NaN	29.11	NaN
13/07/2018 10:17:30 AM	3614285850	1013.00	26.89	29.11	100.5	27.14	29.11	98.1	26.49	29.11	104.4	NaN	29.11	NaN
13/07/2018 10:17:31 AM	3614285851	1013.00	26.89	29.11	100.5	27.14	29.11	98.1	26.50	29.11	104.3	NaN	29.11	NaN
13/07/2018 10:17:32 AM	3614285852	1013.00	26.92	29.11	100.2	27.11	29.11	98.4	26.49	29.11	104.4	NaN	29.11	NaN
13/07/2018 10:17:33 AM	3614285853	1013.00	26.90	29.11	100.4	27.12	29.11	98.3	26.47	29.11	104.6	NaN	29.11	NaN
13/07/2018 10:17:34 AM	3614285854	1013.00	26.92	29.09	100.2	27.13	29.09	98.2	26.52	29.09	104.1	NaN	29.09	NaN
13/07/2018 10:17:35 AM	3614285855	1013.00	26.91	29.09	100.3	27.10	29.09	98.5	26.49	29.09	104.4	NaN	29.09	NaN
13/07/2018 10:17:36 AM	3614285856	1013.00	26.94	29.09	100.0	27.13	29.09	98.2	26.49	29.09	104.4	NaN	29.09	NaN
13/07/2018 10:17:37 AM	3614285857	1013.00	26.90	29.09	100.4	27.15	29.09	98.1	26.56	29.09	103.7	NaN	29.09	NaN
13/07/2018 10:17:38 AM	3614285858	1013.00	26.86	29.10	100.8	27.14	29.10	98.1	26.48	29.10	104.5	NaN	29.10	NaN
13/07/2018 10:17:39 AM	3614285859	1013.00	26.92	29.11	100.2	27.11	29.11	98.4	26.51	29.11	104.2	NaN	29.11	NaN
13/07/2018 10:17:40 AM	3614285860	1013.00	26.92	29.10	100.2	27.17	29.10	97.9	26.51	29.10	104.2	NaN	29.10	NaN
13/07/2018 10:17:41 AM	3614285861	1013.00	26.89	29.10	100.5	27.15	29.10	98.0	26.51	29.10	104.2	NaN	29.10	NaN
13/07/2018 10:17:42 AM	3614285862	1013.00	26.89	29.10	100.5	27.20	29.10	97.6	26.50	29.10	104.3	NaN	29.10	NaN
13/07/2018 10:17:43 AM	3614285863	1013.00	26.90	29.10	100.4	27.21	29.10	97.5	26.51	29.10	104.2	NaN	29.10	NaN
13/07/2018 10:17:44 AM	3614285864	1013.00	26.90	29.09	100.4	27.18	29.09	97.8	26.53	29.09	104.0	NaN	29.09	NaN
13/07/2018 10:17:45 AM	3614285865	1013.00	26.91	29.09	100.3	27.15	29.09	98.1	26.53	29.09	104.0	NaN	29.09	NaN
13/07/2018 10:17:46 AM	3614285866	1013.00	26.90	29.09	100.4	27.15	29.09	98.1	26.53	29.09	104.0	NaN	29.09	NaN
13/07/2018 10:17:47 AM	3614285867	1013.00	26.93	29.09	100.1	27.20	29.09	97.6	26.49	29.09	104.4	NaN	29.09	NaN
13/07/2018 10:17:48 AM	3614285868	1013.00	26.93	29.08	100.2	27.23	29.08	97.3	26.52	29.08	104.2	NaN	29.08	NaN
13/07/2018 10:17:49 AM	3614285869	1013.00	26.92	29.07	100.3	27.20	29.07	97.6	26.53	29.07	104.1	NaN	29.07	NaN
13/07/2018 10:17:50 AM	3614285870	1013.00	26.92	29.07	100.3	27.17	29.07	97.9	26.52	29.07	104.2	NaN	29.07	NaN
13/07/2018 10:17:51 AM	3614285871	1013.00	26.94	29.06	100.1	27.19	29.06	97.7	26.51	29.06	104.3	NaN	29.06	NaN
13/07/2018 10:17:52 AM	3614285872	1013.00	26.92	29.06	100.3	27.20	29.06	97.7	26.57	29.06	103.7	NaN	29.06	NaN
13/07/2018 10:17:53 AM	3614285873	1013.00	26.93	29.06	100.2	27.18	29.06	97.8	26.54	29.06	104.0	NaN	29.06	NaN
13/07/2018 10:17:54 AM	3614285874	1013.00	26.94	29.06	100.1	27.17	29.06	97.9	26.51	29.06	104.3	NaN	29.06	NaN
13/07/2018 10:17:55 AM	3614285875	1013.00	26.95	29.06	100.0	27.15	29.06	98.1	26.52	29.06	104.2	NaN	29.06	NaN
13/07/2018 10:17:56 AM	3614285876	1013.00	26.92	29.06	100.3	27.24	29.06	97.3	26.49	29.06	104.5	NaN	29.06	NaN
13/07/2018 10:17:57 AM	3614285877	1013.00	26.93	29.05	100.2	27.18	29.05	97.9	26.52	29.05	104.2	NaN	29.05	NaN
13/07/2018 10:17:58 AM	3614285878	1013.00	26.92	29.05	100.3	27.23	29.05	97.4	26.55	29.05	103.9	NaN	29.05	NaN
13/07/2018 10:17:59 AM	3614285879	1013.00	26.93	29.05	100.2	27.22	29.05	97.5	26.52	29.05	104.2	NaN	29.05	NaN
13/07/2018 10:18:00 AM	3614285880	1013.00	26.95	29.05	100.0	27.21	29.05	97.6	26.51	29.05	104.3	NaN	29.05	NaN
13/07/2018 10:18:01 AM	3614285881	1013.00	26.96	29.06	99.9	27.23	29.06	97.4	26.54	29.06	104.0	NaN	29.06	NaN
13/07/2018 10:18:02 AM	3614285882	1013.00	26.94	29.06	100.1	27.22	29.06	97.5	26.53	29.06	104.1	NaN	29.06	NaN
13/07/2018 10:18:03 AM	3614285883	1013.00	26.96	29.06	99.9	27.22	29.06	97.5	26.51	29.06	104.3	NaN	29.06	NaN
13/07/2018 10:18:04 AM	3614285884	1013.00	26.95	29.07	100.0	27.20	29.07	97.6	26.52	29.07	104.2	NaN	29.07	NaN
13/07/2018 10:18:05 AM	3614285885	1013.00	26.98	29.07	99.7	27.28	29.07	96.9	26.55	29.07	103.9	NaN	29.07	NaN
13/07/2018 10:18:06 AM	3614285886	1013.00	26.95	29.06	100.0	27.22	29.06	97.5	26.52	29.06	104.2	NaN	29.06	NaN
13/07/2018 10:18:07 AM	3614285887	1013.00	26.94	29.06	100.1	27.25	29.06	97.2	26.52	29.06	104.2	NaN	29.06	NaN
13/07/2018 10:18:08 AM	3614285888	1013.00	26.98	29.05	99.7	27.24	29.05	97.3	26.45	29.05	104.9	NaN	29.05	NaN
13/07/2018 10:18:09 AM	3614285889	1013.00	26.97	29.05	99.8	27.24	29.05	97.3	26.51	29.05	104.3	NaN	29.05	NaN
13/07/2018 10:18:10 AM	3614285890	1013.00	26.95	29.04	100.0	27.25	29.04	97.2	26.49	29.04	104.5	NaN	29.04	NaN
13/07/2018 10:18:11 AM	3614285891	1013.00	26.95	29.04	100.0	27.25	29.04	97.2	26.50	29.04	104.4	NaN	29.04	NaN
13/07/2018 10:18:12 AM	3614285892	1013.00	26.97	29.04	99.8	27.28	29.04	96.9	26.47	29.04	104.7	NaN	29.04	NaN
13/07/2018 10:18:13 AM	3614285893	1013.00	26.95	29.04	100.0	27.21	29.04	97.6	26.54	29.04	104.0	NaN	29.04	NaN
13/07/2018 10:18:14 AM	3614285894	1013.00	26.94	29.04	100.1	27.26	29.04	97.1	26.50	29.04	104.4	NaN	29.04	NaN
13/07/2018 10:18:15 AM	3614285895	1013.00	26.92	29.04	100.3	27.26	29.04	97.1	26.50	29.04	104.4	NaN	29.04	NaN
13/07/2018 10:18:16 AM	3614285896	1013.00	26.97	29.04	99.8	27.31	29.04	96.7	26.54	29.04	104.0	NaN	29.04	NaN
13/07/2018 10:18:17 AM	3614285897	1013.00	26.97	29.05	99.8	27.29	29.05	96.8	26.53	29.05	104.1	NaN	29.05	NaN
13/07/2018 10:18:18 AM	3614285898	1013.00	26.99	29.04	99.7	27.28	29.04	96.9	26.53	29.04	104.1	NaN	29.04	NaN
13/07/2018 10:18:19 AM	3614285899	1013.00	27.00	29.04	99.6	27.32	29.04	96.6	26.53	29.04	104.1	NaN	29.04	NaN
13/07/2018 10:18:20 AM	3614285900	1013.00	26.97	29.05	99.8	27.29	29.05	96.8	26.50	29.05	104.4	NaN	29.05	NaN
13/07/2018 10:18:21 AM	3614285901	1013.00	26.93	29.04	100.2	27.33	29.04	96.5	26.54	29.04	104.0	NaN	29.04	NaN
13/07/2018 10:18:22 AM	3614285902	1013.00	26.95	29.03	100.0	27.26	29.03	97.1	26.51	29.03	104.3	NaN	29.03	NaN
13/07/2018 10:18:23 AM	3614285903	1013.00	26.94	29.04	100.1	27.30	29.04	96.8	26.53	29.04	104.1	NaN	29.04	NaN
13/07/2018 10:18:24 AM	3614285904	1013.00	27.00	29.03	99.6	27.36	29.03	96.2	26.53	29.03	104.1	NaN	29.03	NaN
13/07/2018 10:18:25 AM	3614285905	1013.00	26.96	29.04	99.9	27.27	29.04	97.0	26.50	29.04	104.4	NaN	29.04	NaN
13/07/2018 10:18:26 AM	3614285906	1013.00	27.00	29.04	99.6	27.36	29.04	96.2	26.57	29.04	103.7	NaN	29.04	NaN
13/07/2018 10:18:27 AM	3614285907	1013.00	26.99	29.04	99.7	27.37	29.04	96.1	26.51	29.04	104.3	NaN	29.04	NaN
13/07/2018 10:18:28 AM	3614285908	1013.00	26.99	29.04	99.7	27.30	29.04	96.8	26.50	29.04	104.4	NaN	29.04	NaN
13/07/2018 10:18:29 AM	3614285909	1013.00	26.99	29.04	99.7	27.31	29.04	96.7	26.54	29.04	104.0	NaN	29.04	NaN
13/07/2018 10:18:30 AM	3614285910	1013.00	26.98	29.03	99.8	27.32	29.03	96.6	26.53	29.03	104.1	NaN	29.03	NaN
13/07/2018 10:18:31 AM	3614285911	1013.00	26.99	29.04	99.7	27.32	29.04	96.6	26.51	29.04	104.3	NaN	29.04	NaN
13/07/2018 10:18:32 AM	3614285912	1013.00	26.99	29.04	99.7	27.33	29.04	96.5	26.50	29.04	104.4	NaN	29.04	NaN
13/07/2018 10:18:33 AM	3614285913	1013.00	26.99	29.04	99.7	27.37	29.04	96.1	26.53	29.04	104.1	NaN	29.04	NaN
13/07/2018 10:18:34 AM	3614285914	1013.00	26.97	29.04	99.8	27.37	29.04	96.1	26.54	29.04	104.0	NaN	29.04	NaN
13/07/2018 10:18:35 AM	3614285915	1013.00	27.00	29.04	99.6	27.36	29.04	96.2	26.50	29.04	104.4	NaN	29.04	NaN
13/07/2018 10:18:36 AM	3614285916	1013.00	26.98	29.03	99.8	27.36	29.03	96.2	26.53	29.03	104.1	NaN	29.03	NaN
13/07/2018 10:18:37 AM	3614285917	1013.00	26.98	29.03	99.8	27.37	29.03	96.1	26.50	29.03	104.4	NaN	29.03	NaN
13/07/2018 10:18:38 AM	3614285918	1013.00	26.99	29.03	99.7	27.42	29.03	95.7	26.52	29.03	104.2	NaN	29.03	NaN
13/07/2018 10:18:39 AM	3614285919	1013.00	27.00	29.03	99.6	27.43	29.03	95.6	26.53	29.03	104.1	NaN	29.03	NaN
13/07/2018 10:18:40 AM	3614285920	1013.00	27.01	29.03	99.5	27.41	29.03	95.8	26.55	29.03	103.9	NaN	29.03	NaN
13/07/2018 10:18:41 AM	3614285921	1013.00	27.00	29.03	99.6	27.38	29.03	96.1	26.52	29.03	104.2	NaN	29.03	NaN
13/07/2018 10:18:42 AM	3614285922	1013.00	26.99	29.03	99.7	27.37	29.03	96.1	26.51	29.03	104.3	NaN	29.03	NaN
13/07/2018 10:18:43 AM	3614285923	1013.00	26.98	29.02	99.8	27.41	29.02	95.8	26.50	29.02	104.5	NaN	29.02	NaN
13/07/2018 10:18:44 AM	3614285924	1013.00	26.95	29.02	100.1	27.44	29.02	95.5	26.53	29.02	104.2	NaN	29.02	NaN
13/07/2018 10:18:45 AM	3614285925	1013.00	26.98	29.03	99.8	27.42	29.03	95.7	26.50	29.03	104.4	NaN	29.03	NaN
13/07/2018 10:18:46 AM	3614285926	1013.00	27.00	29.02	99.6	27.45	29.02	95.4	26.54	29.02	104.1	NaN	29.02	NaN
13/07/2018 10:18:47 AM	3614285927	1013.00	26.98	29.01	99.8	27.44	29.01	95.5	26.54	29.01	104.1	NaN	29.01	NaN
13/07/2018 10:18:48 AM	3614285928	1013.00	27.04	29.01	99.2	27.41	29.01	95.8	26.54	29.01	104.1	NaN	29.01	NaN
13/07/2018 10:18:49 AM	3614285929	1013.00	27.00	29.02	99.6	27.44	29.02	95.5	26.52	29.02	104.3	NaN	29.02	NaN
13/07/2018 10:18:50 AM	3614285930	1013.00	26.99	29.01	99.7	27.47	29.01	95.3	26.53	29.01	104.2	NaN	29.01	NaN
13/07/2018 10:18:51 AM	3614285931	1013.00	27.00	29.01	99.6	27.45	29.01	95.5	26.57	29.01	103.8	NaN	29.01	NaN
13/07/2018 10:18:52 AM	3614285932	1013.00	27.02	29.01	99.4	27.42	29.01	95.7	26.55	29.01	104.0	NaN	29.01	NaN
13/07/2018 10:18:53 AM	3614285933	1013.00	27.02	29.01	99.4	27.45	29.01	95.5	26.55	29.01	104.0	NaN	29.01	NaN
13/07/2018 10:18:54 AM	3614285934	1013.00	27.01	29.01	99.5	27.43	29.01	95.6	26.55	29.01	104.0	NaN	29.01	NaN
13/07/2018 10:18:55 AM	3614285935	1013.00	27.01	29.01	99.5	27.47	29.01	95.3	26.51	29.01	104.4	NaN	29.01	NaN
13/07/2018 10:18:56 AM	3614285936	1013.00	27.00	29.01	99.6	27.52	29.01	94.8	26.54	29.01	104.1	NaN	29.01	NaN
13/07/2018 10:18:57 AM	3614285937	1013.00	27.00	29.01	99.6	27.46	29.01	95.4	26.47	29.01	104.8	NaN	29.01	NaN
13/07/2018 10:18:58 AM	3614285938	1013.00	26.99	29.02	99.7	27.53	29.02	94.7	26.54	29.02	104.1	NaN	29.02	NaN
13/07/2018 10:18:59 AM	3614285939	1013.00	27.02	29.02	99.4	27.48	29.02	95.2	26.52	29.02	104.3	NaN	29.02	NaN
13/07/2018 10:19:00 AM	3614285940	1013.00	27.01	29.02	99.5	27.51	29.02	94.9	26.56	29.02	103.9	NaN	29.02	NaN
13/07/2018 10:19:01 AM	3614285941	1013.00	27.02	29.02	99.4	27.49	29.02	95.1	26.53	29.02	104.2	NaN	29.02	NaN
13/07/2018 10:19:02 AM	3614285942	1013.00	27.02	29.01	99.4	27.44	29.01	95.5	26.52	29.01	104.3	NaN	29.01	NaN
13/07/2018 10:19:03 AM	3614285943	1013.00	27.03	29.00	99.3	27.50	29.00	95.0	26.53	29.00	104.2	NaN	29.00	NaN
13/07/2018 10:19:04 AM	3614285944	1013.00	27.02	29.00	99.4	27.47	29.00	95.3	26.52	29.00	104.3	NaN	29.00	NaN
13/07/2018 10:19:05 AM	3614285945	1013.00	27.01	28.99	99.5	27.49	28.99	95.1	26.57	28.99	103.8	NaN	28.99	NaN
13/07/2018 10:19:06 AM	3614285946	1013.00	27.01	29.00	99.5	27.50	29.00	95.0	26.52	29.00	104.3	NaN	29.00	NaN
13/07/2018 10:19:07 AM	3614285947	1013.00	27.06	29.00	99.1	27.55	29.00	94.6	26.53	29.00	104.2	NaN	29.00	NaN
13/07/2018 10:19:08 AM	3614285948	1013.00	27.05	28.99	99.2	27.55	28.99	94.6	26.56	28.99	103.9	NaN	28.99	NaN
13/07/2018 10:19:09 AM	3614285949	1013.00	27.01	28.99	99.5	27.51	28.99	95.0	26.49	28.99	104.6	NaN	28.99	NaN
13/07/2018 10:19:10 AM	3614285950	1013.00	27.07	29.00	99.0	27.49	29.00	95.1	26.54	29.00	104.1	NaN	29.00	NaN
13/07/2018 10:19:11 AM	3614285951	1013.00	27.07	28.99	99.0	27.57	28.99	94.4	26.47	28.99	104.8	NaN	28.99	NaN
13/07/2018 10:19:12 AM	3614285952	1013.00	27.06	28.99	99.1	27.52	28.99	94.9	26.56	28.99	103.9	NaN	28.99	NaN
13/07/2018 10:19:13 AM	3614285953	1013.00	27.07	28.99	99.0	27.60	28.99	94.2	26.57	28.99	103.8	NaN	28.99	NaN
13/07/2018 10:19:14 AM	3614285954	1013.00	27.02	28.99	99.5	27.57	28.99	94.4	26.49	28.99	104.6	NaN	28.99	NaN
13/07/2018 10:19:15 AM	3614285955	1013.00	27.01	28.98	99.6	27.50	28.98	95.1	26.56	28.98	103.9	NaN	28.98	NaN
13/07/2018 10:19:16 AM	3614285956	1013.00	27.06	28.98	99.1	27.53	28.98	94.8	26.50	28.98	104.5	NaN	28.98	NaN
13/07/2018 10:19:17 AM	3614285957	1013.00	27.06	28.97	99.1	27.55	28.97	94.6	26.56	28.97	104.0	NaN	28.97	NaN
13/07/2018 10:19:18 AM	3614285958	1013.00	27.02	28.98	99.5	27.54	28.98	94.7	26.49	28.98	104.6	NaN	28.98	NaN
13/07/2018 10:19:19 AM	3614285959	1013.00	27.07	28.97	99.0	27.58	28.97	94.4	26.58	28.97	103.8	NaN	28.97	NaN
13/07/2018 10:19:20 AM	3614285960	1013.00	27.04	28.98	99.3	27.62	28.98	94.0	26.53	28.98	104.2	NaN	28.98	NaN
13/07/2018 10:19:21 AM	3614285961	1013.00	27.06	28.98	99.1	27.57	28.98	94.4	26.52	28.98	104.3	NaN	28.98	NaN
13/07/2018 10:19:22 AM	3614285962	1013.00	27.06	28.97	99.1	27.58	28.97	94.4	26.57	28.97	103.9	NaN	28.97	NaN
13/07/2018 10:19:23 AM	3614285963	1013.00	27.06	28.97	99.1	27.61	28.97	94.1	26.51	28.97	104.5	NaN	28.97	NaN
13/07/2018 10:19:24 AM	3614285964	1013.00	27.09	28.97	98.8	27.61	28.97	94.1	26.57	28.97	103.9	NaN	28.97	NaN
13/07/2018 10:19:25 AM	3614285965	1013.00	27.08	28.96	98.9	27.58	28.96	94.4	26.55	28.96	104.1	NaN	28.96	NaN
13/07/2018 10:19:26 AM	3614285966	1013.00	27.05	28.96	99.2	27.58	28.96	94.4	26.54	28.96	104.2	NaN	28.96	NaN
13/07/2018 10:19:27 AM	3614285967	1013.00	27.09	28.96	98.8	27.59	28.96	94.3	26.50	28.96	104.6	NaN	28.96	NaN
13/07/2018 10:19:28 AM	3614285968	1013.00	27.05	28.96	99.2	27.65	28.96	93.8	26.55	28.96	104.1	NaN	28.96	NaN
13/07/2018 10:19:29 AM	3614285969	1013.00	27.08	28.96	98.9	27.57	28.96	94.5	26.53	28.96	104.3	NaN	28.96	NaN
13/07/2018 10:19:30 AM	3614285970	1013.00	27.05	28.96	99.2	27.68	28.96	93.5	26.53	28.96	104.3	NaN	28.96	NaN
13/07/2018 10:19:31 AM	3614285971	1013.00	27.07	28.96	99.0	27.67	28.96	93.6	26.55	28.96	104.1	NaN	28.96	NaN
13/07/2018 10:19:32 AM	3614285972	1013.00	27.08	28.96	98.9	27.69	28.96	93.4	26.56	28.96	104.0	NaN	28.96	NaN
13/07/2018 10:19:33 AM	3614285973	1013.00	27.06	28.96	99.1	27.64	28.96	93.8	26.58	28.96	103.8	NaN	28.96	NaN
13/07/2018 10:19:34 AM	3614285974	1013.00	27.07	28.97	99.0	27.66	28.97	93.7	26.53	28.97	104.3	NaN	28.97	NaN
13/07/2018 10:19:35 AM	3614285975	1013.00	27.07	28.97	99.0	27.60	28.97	94.2	26.53	28.97	104.3	NaN	28.97	NaN
13/07/2018 10:19:36 AM	3614285976	1013.00	27.08	28.98	98.9	27.62	28.98	94.0	26.54	28.98	104.1	NaN	28.98	NaN
13/07/2018 10:19:37 AM	3614285977	1013.00	27.08	28.98	98.9	27.63	28.98	93.9	26.55	28.98	104.0	NaN	28.98	NaN
13/07/2018 10:19:38 AM	3614285978	1013.00	27.07	28.97	99.0	27.70	28.97	93.3	26.58	28.97	103.8	NaN	28.97	NaN
13/07/2018 10:19:39 AM	3614285979	1013.00	27.07	28.97	99.0	27.66	28.97	93.7	26.57	28.97	103.9	NaN	28.97	NaN
13/07/2018 10:19:40 AM	3614285980	1013.00	27.10	28.98	98.7	27.70	28.98	93.3	26.53	28.98	104.2	NaN	28.98	NaN
13/07/2018 10:19:41 AM	3614285981	1013.00	27.09	28.97	98.8	27.72	28.97	93.1	26.52	28.97	104.4	NaN	28.97	NaN
13/07/2018 10:19:42 AM	3614285982	1013.00	27.09	28.96	98.8	27.64	28.96	93.8	26.58	28.96	103.8	NaN	28.96	NaN
13/07/2018 10:19:43 AM	3614285983	1013.00	27.11	28.97	98.6	27.71	28.97	93.2	26.53	28.97	104.3	NaN	28.97	NaN
13/07/2018 10:19:44 AM	3614285984	1013.00	27.09	28.97	98.8	27.68	28.97	93.5	26.51	28.97	104.5	NaN	28.97	NaN
13/07/2018 10:19:45 AM	3614285985	1013.00	27.08	28.96	98.9	27.66	28.96	93.7	26.54	28.96	104.2	NaN	28.96	NaN
13/07/2018 10:19:46 AM	3614285986	1013.00	27.08	28.96	98.9	27.63	28.96	93.9	26.55	28.96	104.1	NaN	28.96	NaN
13/07/2018 10:19:47 AM	3614285987	1013.00	27.10	28.97	98.7	27.71	28.97	93.2	26.56	28.97	104.0	NaN	28.97	NaN
13/07/2018 10:19:48 AM	3614285988	1013.00	27.08	28.97	98.9	27.74	28.97	93.0	26.52	28.97	104.4	NaN	28.97	NaN
13/07/2018 10:19:49 AM	3614285989	1013.00	27.08	28.96	98.9	27.71	28.96	93.2	26.55	28.96	104.1	NaN	28.96	NaN
13/07/2018 10:19:50 AM	3614285990	1013.00	27.08	28.97	98.9	27.65	28.97	93.7	26.56	28.97	104.0	NaN	28.97	NaN
13/07/2018 10:19:51 AM	3614285991	1013.00	27.11	28.97	98.6	27.76	28.97	92.8	26.55	28.97	104.1	NaN	28.97	NaN
13/07/2018 10:19:52 AM	3614285992	1013.00	27.07	28.96	99.0	27.68	28.96	93.5	26.54	28.96	104.2	NaN	28.96	NaN
13/07/2018 10:19:53 AM	3614285993	1013.00	27.12	28.96	98.6	27.76	28.96	92.8	26.56	28.96	104.0	NaN	28.96	NaN
13/07/2018 10:19:54 AM	3614285994	1013.00	27.10	28.96	98.8	27.72	28.96	93.1	26.57	28.96	103.9	NaN	28.96	NaN
13/07/2018 10:19:55 AM	3614285995	1013.00	27.11	28.95	98.7	27.75	28.95	92.9	26.57	28.95	103.9	NaN	28.95	NaN
13/07/2018 10:19:56 AM	3614285996	1013.00	27.12	28.95	98.6	27.73	28.95	93.1	26.57	28.95	103.9	NaN	28.95	NaN
13/07/2018 10:19:57 AM	3614285997	1013.00	27.12	28.95	98.6	27.79	28.95	92.6	26.55	28.95	104.1	NaN	28.95	NaN
13/07/2018 10:19:58 AM	3614285998	1013.00	27.07	28.95	99.0	27.74	28.95	93.0	26.54	28.95	104.2	NaN	28.95	NaN
13/07/2018 10:19:59 AM	3614285999	1013.00	27.11	28.96	98.7	27.78	28.96	92.6	26.56	28.96	104.0	NaN	28.96	NaN
13/07/2018 10:20:00 AM	3614286000	1013.00	27.10	28.96	98.8	27.81	28.96	92.4	26.57	28.96	103.9	NaN	28.96	NaN
13/07/2018 10:20:01 AM	3614286001	1013.00	27.12	28.95	98.6	27.75	28.95	92.9	26.58	28.95	103.8	NaN	28.95	NaN
13/07/2018 10:20:02 AM	3614286002	1013.00	27.13	28.95	98.5	27.79	28.95	92.6	26.51	28.95	104.5	NaN	28.95	NaN
13/07/2018 10:20:03 AM	3614286003	1013.00	27.13	28.95	98.5	27.75	28.95	92.9	26.58	28.95	103.8	NaN	28.95	NaN
13/07/2018 10:20:04 AM	3614286004	1013.00	27.13	28.94	98.5	27.84	28.94	92.1	26.55	28.94	104.1	NaN	28.94	NaN
13/07/2018 10:20:05 AM	3614286005	1013.00	27.12	28.94	98.6	27.82	28.94	92.3	26.55	28.94	104.1	NaN	28.94	NaN
13/07/2018 10:20:06 AM	3614286006	1013.00	27.15	28.95	98.3	27.80	28.95	92.5	26.53	28.95	104.3	NaN	28.95	NaN
13/07/2018 10:20:07 AM	3614286007	1013.00	27.13	28.94	98.5	27.86	28.94	92.0	26.57	28.94	103.9	NaN	28.94	NaN
13/07/2018 10:20:08 AM	3614286008	1013.00	27.11	28.95	98.7	27.78	28.95	92.6	26.55	28.95	104.1	NaN	28.95	NaN
13/07/2018 10:20:09 AM	3614286009	1013.00	27.12	28.95	98.6	27.82	28.95	92.3	26.53	28.95	104.3	NaN	28.95	NaN
13/07/2018 10:20:10 AM	3614286010	1013.00	27.13	28.94	98.5	27.85	28.94	92.1	26.51	28.94	104.5	NaN	28.94	NaN
13/07/2018 10:20:11 AM	3614286011	1013.00	27.13	28.94	98.5	27.86	28.94	92.0	26.55	28.94	104.1	NaN	28.94	NaN
13/07/2018 10:20:12 AM	3614286012	1013.00	27.14	28.93	98.4	27.87	28.93	91.9	26.50	28.93	104.6	NaN	28.93	NaN
13/07/2018 10:20:13 AM	3614286013	1013.00	27.17	28.93	98.1	27.90	28.93	91.6	26.51	28.93	104.5	NaN	28.93	NaN
13/07/2018 10:20:14 AM	3614286014	1013.00	27.12	28.93	98.6	27.90	28.93	91.6	26.52	28.93	104.4	NaN	28.93	NaN
13/07/2018 10:20:15 AM	3614286015	1013.00	27.14	28.93	98.4	27.85	28.93	92.1	26.53	28.93	104.3	NaN	28.93	NaN
13/07/2018 10:20:16 AM	3614286016	1013.00	27.11	28.94	98.7	27.91	28.94	91.5	26.57	28.94	103.9	NaN	28.94	NaN
13/07/2018 10:20:17 AM	3614286017	1013.00	27.15	28.94	98.3	27.85	28.94	92.1	26.56	28.94	104.0	NaN	28.94	NaN
13/07/2018 10:20:18 AM	3614286018	1013.00	27.15	28.94	98.3	27.88	28.94	91.8	26.62	28.94	103.4	NaN	28.94	NaN
13/07/2018 10:20:19 AM	3614286019	1013.00	27.14	28.94	98.4	27.90	28.94	91.6	26.54	28.94	104.2	NaN	28.94	NaN
13/07/2018 10:20:20 AM	3614286020	1013.00	27.16	28.94	98.2	27.96	28.94	91.1	26.56	28.94	104.0	NaN	28.94	NaN
13/07/2018 10:20:21 AM	3614286021	1013.00	27.16	28.93	98.2	27.91	28.93	91.6	26.57	28.93	103.9	NaN	28.93	NaN
13/07/2018 10:20:22 AM	3614286022	1013.00	27.17	28.92	98.2	27.91	28.92	91.6	26.58	28.92	103.8	NaN	28.92	NaN
13/07/2018 10:20:23 AM	3614286023	1013.00	27.15	28.92	98.4	27.88	28.92	91.8	26.53	28.92	104.3	NaN	28.92	NaN
13/07/2018 10:20:24 AM	3614286024	1013.00	27.17	28.93	98.1	27.89	28.93	91.7	26.56	28.93	104.0	NaN	28.93	NaN
13/07/2018 10:20:25 AM	3614286025	1013.00	27.18	28.93	98.1	27.95	28.93	91.2	26.55	28.93	104.1	NaN	28.93	NaN
13/07/2018 10:20:26 AM	3614286026	1013.00	27.16	28.93	98.2	27.94	28.93	91.3	26.60	28.93	103.6	NaN	28.93	NaN
13/07/2018 10:20:27 AM	3614286027	1013.00	27.17	28.93	98.1	27.89	28.93	91.7	26.55	28.93	104.1	NaN	28.93	NaN
13/07/2018 10:20:28 AM	3614286028	1013.00	27.18	28.93	98.1	27.93	28.93	91.4	26.55	28.93	104.1	NaN	28.93	NaN
13/07/2018 10:20:29 AM	3614286029	1013.00	27.20	28.93	97.9	27.94	28.93	91.3	26.54	28.93	104.2	NaN	28.93	NaN
13/07/2018 10:20:30 AM	3614286030	1013.00	27.18	28.93	98.1	27.93	28.93	91.4	26.56	28.93	104.0	NaN	28.93	NaN
13/07/2018 10:20:31 AM	3614286031	1013.00	27.19	28.93	98.0	27.98	28.93	91.0	26.54	28.93	104.2	NaN	28.93	NaN
13/07/2018 10:20:32 AM	3614286032	1013.00	27.19	28.92	98.0	27.95	28.92	91.2	26.54	28.92	104.2	NaN	28.92	NaN
13/07/2018 10:20:33 AM	3614286033	1013.00	27.21	28.92	97.8	27.96	28.92	91.1	26.56	28.92	104.0	NaN	28.92	NaN
13/07/2018 10:20:34 AM	3614286034	1013.00	27.18	28.92	98.1	27.99	28.92	90.9	26.56	28.92	104.0	NaN	28.92	NaN
13/07/2018 10:20:35 AM	3614286035	1013.00	27.19	28.92	98.0	27.96	28.92	91.1	26.58	28.92	103.8	NaN	28.92	NaN
13/07/2018 10:20:36 AM	3614286036	1013.00	27.19	28.91	98.0	27.98	28.91	91.0	26.58	28.91	103.9	NaN	28.91	NaN
13/07/2018 10:20:37 AM	3614286037	1013.00	27.19	28.91	98.0	28.00	28.91	90.8	26.55	28.91	104.2	NaN	28.91	NaN
13/07/2018 10:20:38 AM	3614286038	1013.00	27.18	28.92	98.1	27.95	28.92	91.2	26.58	28.92	103.8	NaN	28.92	NaN
13/07/2018 10:20:39 AM	3614286039	1013.00	27.21	28.91	97.8	27.99	28.91	90.9	26.52	28.91	104.5	NaN	28.91	NaN
13/07/2018 10:20:40 AM	3614286040	1013.00	27.18	28.91	98.1	27.98	28.91	91.0	26.54	28.91	104.3	NaN	28.91	NaN
13/07/2018 10:20:41 AM	3614286041	1013.00	27.22	28.92	97.7	28.03	28.92	90.6	26.58	28.92	103.8	NaN	28.92	NaN
13/07/2018 10:20:42 AM	3614286042	1013.00	27.22	28.92	97.7	28.00	28.92	90.8	26.52	28.92	104.4	NaN	28.92	NaN
13/07/2018 10:20:43 AM	3614286043	1013.00	27.21	28.93	97.8	28.00	28.93	90.8	26.57	28.93	103.9	NaN	28.93	NaN
13/07/2018 10:20:44 AM	3614286044	1013.00	27.21	28.93	97.8	28.00	28.93	90.8	26.61	28.93	103.5	NaN	28.93	NaN
13/07/2018 10:20:45 AM	3614286045	1013.00	27.23	28.92	97.6	28.02	28.92	90.6	26.53	28.92	104.3	NaN	28.92	NaN
13/07/2018 10:20:46 AM	3614286046	1013.00	27.21	28.92	97.8	28.04	28.92	90.5	26.58	28.92	103.8	NaN	28.92	NaN
13/07/2018 10:20:47 AM	3614286047	1013.00	27.24	28.92	97.5	28.05	28.92	90.4	26.55	28.92	104.1	NaN	28.92	NaN
13/07/2018 10:20:48 AM	3614286048	1013.00	27.22	28.91	97.7	28.04	28.91	90.5	26.55	28.91	104.2	NaN	28.91	NaN
13/07/2018 10:20:49 AM	3614286049	1013.00	27.20	28.91	97.9	28.09	28.91	90.1	26.59	28.91	103.8	NaN	28.91	NaN
13/07/2018 10:20:50 AM	3614286050	1013.00	27.25	28.91	97.4	28.07	28.91	90.2	26.55	28.91	104.2	NaN	28.91	NaN
13/07/2018 10:20:51 AM	3614286051	1013.00	27.22	28.92	97.7	28.08	28.92	90.1	26.51	28.92	104.5	NaN	28.92	NaN
13/07/2018 10:20:52 AM	3614286052	1013.00	27.24	28.91	97.5	28.09	28.91	90.1	26.55	28.91	104.2	NaN	28.91	NaN
13/07/2018 10:20:53 AM	3614286053	1013.00	27.23	28.91	97.6	28.12	28.91	89.8	26.61	28.91	103.6	NaN	28.91	NaN
13/07/2018 10:20:54 AM	3614286054	1013.00	27.25	28.91	97.4	28.11	28.91	89.9	26.53	28.91	104.4	NaN	28.91	NaN
13/07/2018 10:20:55 AM	3614286055	1013.00	27.24	28.92	97.5	28.10	28.92	90.0	26.58	28.92	103.8	NaN	28.92	NaN
13/07/2018 10:20:56 AM	3614286056	1013.00	27.25	28.91	97.4	28.14	28.91	89.6	26.57	28.91	104.0	NaN	28.91	NaN
13/07/2018 10:20:57 AM	3614286057	1013.00	27.23	28.92	97.6	28.13	28.92	89.7	26.50	28.92	104.6	NaN	28.92	NaN
13/07/2018 10:20:58 AM	3614286058	1013.00	27.25	28.92	97.4	28.09	28.92	90.1	26.57	28.92	103.9	NaN	28.92	NaN
13/07/2018 10:20:59 AM	3614286059	1013.00	27.24	28.91	97.5	28.16	28.91	89.5	26.53	28.91	104.4	NaN	28.91	NaN
13/07/2018 10:21:00 AM	3614286060	1013.00	27.25	28.91	97.4	28.12	28.91	89.8	26.52	28.91	104.5	NaN	28.91	NaN
13/07/2018 10:21:01 AM	3614286061	1013.00	27.26	28.90	97.4	28.16	28.90	89.5	26.55	28.90	104.2	NaN	28.90	NaN
13/07/2018 10:21:02 AM	3614286062	1013.00	27.24	28.90	97.6	28.17	28.90	89.4	26.52	28.90	104.5	NaN	28.90	NaN
13/07/2018 10:21:03 AM	3614286063	1013.00	27.25	28.90	97.5	28.20	28.90	89.2	26.52	28.90	104.5	NaN	28.90	NaN
13/07/2018 10:21:04 AM	3614286064	1013.00	27.26	28.90	97.4	28.14	28.90	89.7	26.53	28.90	104.4	NaN	28.90	NaN
13/07/2018 10:21:05 AM	3614286065	1013.00	27.27	28.90	97.3	28.19	28.90	89.3	26.54	28.90	104.3	NaN	28.90	NaN
13/07/2018 10:21:06 AM	3614286066	1013.00	27.24	28.91	97.5	28.13	28.91	89.7	26.53	28.91	104.4	NaN	28.91	NaN
13/07/2018 10:21:07 AM	3614286067	1013.00	27.27	28.91	97.3	28.17	28.91	89.4	26.55	28.91	104.2	NaN	28.91	NaN
13/07/2018 10:21:08 AM	3614286068	1013.00	27.24	28.90	97.6	28.15	28.90	89.6	26.60	28.90	103.7	NaN	28.90	NaN
13/07/2018 10:21:09 AM	3614286069	1013.00	27.26	28.90	97.4	28.21	28.90	89.1	26.60	28.90	103.7	NaN	28.90	NaN
13/07/2018 10:21:10 AM	3614286070	1013.00	27.26	28.89	97.4	28.10	28.89	90.0	26.57	28.89	104.0	NaN	28.89	NaN
13/07/2018 10:21:11 AM	3614286071	1013.00	27.24	28.89	97.6	28.20	28.89	89.2	26.54	28.89	104.3	NaN	28.89	NaN
13/07/2018 10:21:12 AM	3614286072	1013.00	27.24	28.88	97.6	28.21	28.88	89.1	26.52	28.88	104.5	NaN	28.88	NaN
13/07/2018 10:21:13 AM	3614286073	1013.00	27.26	28.88	97.4	28.21	28.88	89.1	26.58	28.88	103.9	NaN	28.88	NaN
13/07/2018 10:21:14 AM	3614286074	1013.00	27.29	28.88	97.1	28.17	28.88	89.4	26.58	28.88	103.9	NaN	28.88	NaN
13/07/2018 10:21:15 AM	3614286075	1013.00	27.30	28.88	97.0	28.19	28.88	89.3	26.57	28.88	104.0	NaN	28.88	NaN
13/07/2018 10:21:16 AM	3614286076	1013.00	27.28	28.88	97.2	28.17	28.88	89.4	26.50	28.88	104.7	NaN	28.88	NaN
13/07/2018 10:21:17 AM	3614286077	1013.00	27.27	28.88	97.3	28.24	28.88	88.9	26.59	28.88	103.8	NaN	28.88	NaN
13/07/2018 10:21:18 AM	3614286078	1013.00	27.30	28.89	97.0	28.15	28.89	89.6	26.51	28.89	104.6	NaN	28.89	NaN
13/07/2018 10:21:19 AM	3614286079	1013.00	27.29	28.89	97.1	28.26	28.89	88.7	26.54	28.89	104.3	NaN	28.89	NaN
13/07/2018 10:21:20 AM	3614286080	1013.00	27.27	28.88	97.3	28.24	28.88	88.9	26.52	28.88	104.5	NaN	28.88	NaN
13/07/2018 10:21:21 AM	3614286081	1013.00	27.27	28.88	97.3	28.28	28.88	88.5	26.55	28.88	104.2	NaN	28.88	NaN
13/07/2018 10:21:22 AM	3614286082	1013.00	27.26	28.88	97.4	28.25	28.88	88.8	26.58	28.88	103.9	NaN	28.88	NaN
13/07/2018 10:21:23 AM	3614286083	1013.00	27.26	28.88	97.4	28.25	28.88	88.8	26.58	28.88	103.9	NaN	28.88	NaN
13/07/2018 10:21:24 AM	3614286084	1013.00	27.29	28.88	97.1	28.28	28.88	88.5	26.54	28.88	104.3	NaN	28.88	NaN
13/07/2018 10:21:25 AM	3614286085	1013.00	27.26	28.88	97.4	28.23	28.88	89.0	26.57	28.88	104.0	NaN	28.88	NaN
13/07/2018 10:21:26 AM	3614286086	1013.00	27.27	28.88	97.3	28.29	28.88	88.5	26.57	28.88	104.0	NaN	28.88	NaN
13/07/2018 10:21:27 AM	3614286087	1013.00	27.27	28.88	97.3	28.29	28.88	88.5	26.60	28.88	103.7	NaN	28.88	NaN
13/07/2018 10:21:28 AM	3614286088	1013.00	27.32	28.89	96.8	28.33	28.89	88.1	26.58	28.89	103.9	NaN	28.89	NaN
13/07/2018 10:21:29 AM	3614286089	1013.00	27.30	28.88	97.0	28.29	28.88	88.5	26.57	28.88	104.0	NaN	28.88	NaN
13/07/2018 10:21:30 AM	3614286090	1013.00	27.28	28.87	97.2	28.28	28.87	88.6	26.57	28.87	104.0	NaN	28.87	NaN
13/07/2018 10:21:31 AM	3614286091	1013.00	27.26	28.88	97.4	28.30	28.88	88.4	26.54	28.88	104.3	NaN	28.88	NaN
13/07/2018 10:21:32 AM	3614286092	1013.00	27.26	28.88	97.4	28.34	28.88	88.1	26.55	28.88	104.2	NaN	28.88	NaN
13/07/2018 10:21:33 AM	3614286093	1013.00	27.32	28.87	96.9	28.36	28.87	87.9	26.55	28.87	104.2	NaN	28.87	NaN
13/07/2018 10:21:34 AM	3614286094	1013.00	27.30	28.87	97.0	28.29	28.87	88.5	26.54	28.87	104.3	NaN	28.87	NaN
13/07/2018 10:21:35 AM	3614286095	1013.00	27.29	28.88	97.1	28.34	28.88	88.1	26.56	28.88	104.1	NaN	28.88	NaN
13/07/2018 10:21:36 AM	3614286096	1013.00	27.32	28.88	96.8	28.36	28.88	87.9	26.58	28.88	103.9	NaN	28.88	NaN
13/07/2018 10:21:37 AM	3614286097	1013.00	27.28	28.88	97.2	28.42	28.88	87.4	26.56	28.88	104.1	NaN	28.88	NaN
13/07/2018 10:21:38 AM	3614286098	1013.00	27.29	28.88	97.1	28.33	28.88	88.1	26.53	28.88	104.4	NaN	28.88	NaN
13/07/2018 10:21:39 AM	3614286099	1013.00	27.29	28.87	97.1	28.33	28.87	88.1	26.59	28.87	103.8	NaN	28.87	NaN
13/07/2018 10:21:40 AM	3614286100	1013.00	27.31	28.87	97.0	28.32	28.87	88.2	26.56	28.87	104.1	NaN	28.87	NaN
13/07/2018 10:21:41 AM	3614286101	1013.00	27.26	28.88	97.4	28.38	28.88	87.7	26.60	28.88	103.7	NaN	28.88	NaN
13/07/2018 10:21:42 AM	3614286102	1013.00	27.27	28.87	97.3	28.33	28.87	88.1	26.58	28.87	103.9	NaN	28.87	NaN
13/07/2018 10:21:43 AM	3614286103	1013.00	27.31	28.86	97.0	28.40	28.86	87.6	26.55	28.86	104.3	NaN	28.86	NaN
13/07/2018 10:21:44 AM	3614286104	1013.00	27.28	28.87	97.2	28.38	28.87	87.7	26.55	28.87	104.2	NaN	28.87	NaN
13/07/2018 10:21:45 AM	3614286105	1013.00	27.29	28.86	97.2	28.40	28.86	87.6	26.56	28.86	104.2	NaN	28.86	NaN
13/07/2018 10:21:46 AM	3614286106	1013.00	27.29	28.86	97.2	28.40	28.86	87.6	26.57	28.86	104.1	NaN	28.86	NaN
13/07/2018 10:21:47 AM	3614286107	1013.00	27.30	28.87	97.0	28.42	28.87	87.4	26.53	28.87	104.4	NaN	28.87	NaN
13/07/2018 10:21:48 AM	3614286108	1013.00	27.30	28.88	97.0	28.40	28.88	87.6	26.57	28.88	104.0	NaN	28.88	NaN
13/07/2018 10:21:49 AM	3614286109	1013.00	27.30	28.88	97.0	28.38	28.88	87.7	26.57	28.88	104.0	NaN	28.88	NaN
13/07/2018 10:21:50 AM	3614286110	1013.00	27.32	28.88	96.8	28.40	28.88	87.6	26.59	28.88	103.8	NaN	28.88	NaN
13/07/2018 10:21:51 AM	3614286111	1013.00	27.32	28.88	96.8	28.40	28.88	87.6	26.57	28.88	104.0	NaN	28.88	NaN
13/07/2018 10:21:52 AM	3614286112	1013.00	27.32	28.87	96.9	28.40	28.87	87.6	26.60	28.87	103.7	NaN	28.87	NaN
13/07/2018 10:21:53 AM	3614286113	1013.00	27.31	28.86	97.0	28.43	28.86	87.4	26.56	28.86	104.2	NaN	28.86	NaN
13/07/2018 10:21:54 AM	3614286114	1013.00	27.30	28.86	97.1	28.41	28.86	87.5	26.54	28.86	104.4	NaN	28.86	NaN
13/07/2018 10:21:55 AM	3614286115	1013.00	27.34	28.86	96.7	28.39	28.86	87.7	26.55	28.86	104.3	NaN	28.86	NaN
13/07/2018 10:21:56 AM	3614286116	1013.00	27.33	28.85	96.8	28.43	28.85	87.4	26.56	28.85	104.2	NaN	28.85	NaN
13/07/2018 10:21:57 AM	3614286117	1013.00	27.32	28.85	96.9	28.44	28.85	87.3	26.54	28.85	104.4	NaN	28.85	NaN
13/07/2018 10:21:58 AM	3614286118	1013.00	27.31	28.85	97.0	28.47	28.85	87.0	26.53	28.85	104.5	NaN	28.85	NaN
13/07/2018 10:21:59 AM	3614286119	1013.00	27.30	28.84	97.1	28.46	28.84	87.1	26.56	28.84	104.2	NaN	28.84	NaN
13/07/2018 10:22:00 AM	3614286120	1013.00	27.31	28.84	97.0	28.45	28.84	87.2	26.56	28.84	104.2	NaN	28.84	NaN
13/07/2018 10:22:01 AM	3614286121	1013.00	27.30	28.85	97.1	28.42	28.85	87.4	26.55	28.85	104.3	NaN	28.85	NaN
13/07/2018 10:22:02 AM	3614286122	1013.00	27.34	28.85	96.7	28.41	28.85	87.5	26.57	28.85	104.1	NaN	28.85	NaN
13/07/2018 10:22:03 AM	3614286123	1013.00	27.33	28.86	96.8	28.47	28.86	87.0	26.56	28.86	104.2	NaN	28.86	NaN
13/07/2018 10:22:04 AM	3614286124	1013.00	27.33	28.86	96.8	28.48	28.86	87.0	26.59	28.86	103.9	NaN	28.86	NaN
13/07/2018 10:22:05 AM	3614286125	1013.00	27.31	28.86	97.0	28.49	28.86	86.9	26.60	28.86	103.8	NaN	28.86	NaN
13/07/2018 10:22:06 AM	3614286126	1013.00	27.35	28.86	96.6	28.47	28.86	87.0	26.59	28.86	103.9	NaN	28.86	NaN
13/07/2018 10:22:07 AM	3614286127	1013.00	27.33	28.86	96.8	28.49	28.86	86.9	26.60	28.86	103.8	NaN	28.86	NaN
13/07/2018 10:22:08 AM	3614286128	1013.00	27.34	28.85	96.7	28.49	28.85	86.9	26.55	28.85	104.3	NaN	28.85	NaN
13/07/2018 10:22:09 AM	3614286129	1013.00	27.33	28.85	96.8	28.54	28.85	86.5	26.58	28.85	104.0	NaN	28.85	NaN
13/07/2018 10:22:10 AM	3614286130	1013.00	27.35	28.84	96.6	28.43	28.84	87.4	26.55	28.84	104.3	NaN	28.84	NaN
13/07/2018 10:22:11 AM	3614286131	1013.00	27.32	28.85	96.9	28.52	28.85	86.6	26.56	28.85	104.2	NaN	28.85	NaN
13/07/2018 10:22:12 AM	3614286132	1013.00	27.34	28.85	96.7	28.56	28.85	86.3	26.57	28.85	104.1	NaN	28.85	NaN
13/07/2018 10:22:13 AM	3614286133	1013.00	27.33	28.85	96.8	28.48	28.85	87.0	26.54	28.85	104.4	NaN	28.85	NaN
13/07/2018 10:22:14 AM	3614286134	1013.00	27.35	28.85	96.6	28.44	28.85	87.3	26.53	28.85	104.5	NaN	28.85	NaN
13/07/2018 10:22:15 AM	3614286135	1013.00	27.35	28.85	96.6	28.53	28.85	86.6	26.49	28.85	104.9	NaN	28.85	NaN
13/07/2018 10:22:16 AM	3614286136	1013.00	27.32	28.85	96.9	28.55	28.85	86.4	26.63	28.85	103.5	NaN	28.85	NaN
13/07/2018 10:22:17 AM	3614286137	1013.00	27.35	28.86	96.6	28.50	28.86	86.8	26.56	28.86	104.2	NaN	28.86	NaN
13/07/2018 10:22:18 AM	3614286138	1013.00	27.34	28.85	96.7	28.51	28.85	86.7	26.55	28.85	104.3	NaN	28.85	NaN
13/07/2018 10:22:19 AM	3614286139	1013.00	27.38	28.85	96.4	28.52	28.85	86.6	26.56	28.85	104.2	NaN	28.85	NaN
13/07/2018 10:22:20 AM	3614286140	1013.00	27.34	28.86	96.7	28.57	28.86	86.2	26.59	28.86	103.9	NaN	28.86	NaN
13/07/2018 10:22:21 AM	3614286141	1013.00	27.34	28.85	96.7	28.50	28.85	86.8	26.56	28.85	104.2	NaN	28.85	NaN
13/07/2018 10:22:22 AM	3614286142	1013.00	27.35	28.84	96.6	28.57	28.84	86.3	26.56	28.84	104.2	NaN	28.84	NaN
13/07/2018 10:22:23 AM	3614286143	1013.00	27.37	28.85	96.4	28.53	28.85	86.6	26.55	28.85	104.3	NaN	28.85	NaN
13/07/2018 10:22:24 AM	3614286144	1013.00	27.31	28.84	97.0	28.53	28.84	86.6	26.54	28.84	104.4	NaN	28.84	NaN
13/07/2018 10:22:25 AM	3614286145	1013.00	27.34	28.83	96.7	28.60	28.83	86.0	26.58	28.83	104.0	NaN	28.83	NaN
13/07/2018 10:22:26 AM	3614286146	1013.00	27.36	28.83	96.6	28.52	28.83	86.7	26.55	28.83	104.3	NaN	28.83	NaN
13/07/2018 10:22:27 AM	3614286147	1013.00	27.35	28.83	96.7	28.53	28.83	86.6	26.54	28.83	104.4	NaN	28.83	NaN
13/07/2018 10:22:28 AM	3614286148	1013.00	27.34	28.83	96.7	28.57	28.83	86.3	26.55	28.83	104.3	NaN	28.83	NaN
13/07/2018 10:22:29 AM	3614286149	1013.00	27.33	28.82	96.9	28.58	28.82	86.2	26.55	28.82	104.3	NaN	28.82	NaN
13/07/2018 10:22:30 AM	3614286150	1013.00	27.34	28.83	96.7	28.56	28.83	86.4	26.59	28.83	103.9	NaN	28.83	NaN
13/07/2018 10:22:31 AM	3614286151	1013.00	27.36	28.84	96.6	28.56	28.84	86.3	26.57	28.84	104.1	NaN	28.84	NaN
13/07/2018 10:22:32 AM	3614286152	1013.00	27.34	28.84	96.7	28.56	28.84	86.3	26.59	28.84	103.9	NaN	28.84	NaN
13/07/2018 10:22:33 AM	3614286153	1013.00	27.37	28.83	96.5	28.58	28.83	86.2	26.54	28.83	104.4	NaN	28.83	NaN
13/07/2018 10:22:34 AM	3614286154	1013.00	27.38	28.83	96.4	28.61	28.83	86.0	26.55	28.83	104.3	NaN	28.83	NaN
13/07/2018 10:22:35 AM	3614286155	1013.00	27.33	28.83	96.8	28.62	28.83	85.9	26.55	28.83	104.3	NaN	28.83	NaN
13/07/2018 10:22:36 AM	3614286156	1013.00	27.36	28.83	96.6	28.60	28.83	86.0	26.54	28.83	104.4	NaN	28.83	NaN
13/07/2018 10:22:37 AM	3614286157	1013.00	27.37	28.82	96.5	28.66	28.82	85.6	26.58	28.82	104.0	NaN	28.82	NaN
13/07/2018 10:22:38 AM	3614286158	1013.00	27.39	28.83	96.3	28.57	28.83	86.3	26.60	28.83	103.8	NaN	28.83	NaN
13/07/2018 10:22:39 AM	3614286159	1013.00	27.39	28.83	96.3	28.61	28.83	86.0	26.53	28.83	104.5	NaN	28.83	NaN
13/07/2018 10:22:40 AM	3614286160	1013.00	27.39	28.82	96.3	28.68	28.82	85.4	26.54	28.82	104.4	NaN	28.82	NaN
13/07/2018 10:22:41 AM	3614286161	1013.00	27.37	28.82	96.5	28.64	28.82	85.7	26.52	28.82	104.6	NaN	28.82	NaN
13/07/2018 10:22:42 AM	3614286162	1013.00	27.36	28.83	96.6	28.65	28.83	85.6	26.58	28.83	104.0	NaN	28.83	NaN
13/07/2018 10:22:43 AM	3614286163	1013.00	27.38	28.82	96.4	28.68	28.82	85.4	26.54	28.82	104.4	NaN	28.82	NaN
13/07/2018 10:22:44 AM	3614286164	1013.00	27.36	28.81	96.6	28.59	28.81	86.2	26.62	28.81	103.6	NaN	28.81	NaN
13/07/2018 10:22:45 AM	3614286165	1013.00	27.40	28.82	96.2	28.67	28.82	85.5	26.56	28.82	104.2	NaN	28.82	NaN
13/07/2018 10:22:46 AM	3614286166	1013.00	27.40	28.82	96.2	28.63	28.82	85.8	26.55	28.82	104.3	NaN	28.82	NaN
13/07/2018 10:22:47 AM	3614286167	1013.00	27.43	28.82	95.9	28.69	28.82	85.3	26.53	28.82	104.5	NaN	28.82	NaN
13/07/2018 10:22:48 AM	3614286168	1013.00	27.41	28.82	96.1	28.70	28.82	85.3	26.55	28.82	104.3	NaN	28.82	NaN
13/07/2018 10:22:49 AM	3614286169	1013.00	27.39	28.83	96.3	28.64	28.83	85.7	26.60	28.83	103.8	NaN	28.83	NaN
13/07/2018 10:22:50 AM	3614286170	1013.00	27.40	28.83	96.2	28.67	28.83	85.5	26.61	28.83	103.7	NaN	28.83	NaN
13/07/2018 10:22:51 AM	3614286171	1013.00	27.42	28.83	96.0	28.68	28.83	85.4	26.58	28.83	104.0	NaN	28.83	NaN
13/07/2018 10:22:52 AM	3614286172	1013.00	27.40	28.83	96.2	28.67	28.83	85.5	26.57	28.83	104.1	NaN	28.83	NaN
13/07/2018 10:22:53 AM	3614286173	1013.00	27.44	28.84	95.8	28.69	28.84	85.3	26.51	28.84	104.7	NaN	28.84	NaN
13/07/2018 10:22:54 AM	3614286174	1013.00	27.39	28.83	96.3	28.69	28.83	85.3	26.63	28.83	103.5	NaN	28.83	NaN
13/07/2018 10:22:55 AM	3614286175	1013.00	27.43	28.82	95.9	28.77	28.82	84.7	26.53	28.82	104.5	NaN	28.82	NaN
13/07/2018 10:22:56 AM	3614286176	1013.00	27.42	28.83	96.0	28.71	28.83	85.2	26.53	28.83	104.5	NaN	28.83	NaN
13/07/2018 10:22:57 AM	3614286177	1013.00	27.36	28.83	96.6	28.73	28.83	85.0	26.60	28.83	103.8	NaN	28.83	NaN
13/07/2018 10:22:58 AM	3614286178	1013.00	27.44	28.82	95.9	28.67	28.82	85.5	26.52	28.82	104.6	NaN	28.82	NaN
13/07/2018 10:22:59 AM	3614286179	1013.00	27.43	28.82	95.9	28.75	28.82	84.9	26.55	28.82	104.3	NaN	28.82	NaN
13/07/2018 10:23:00 AM	3614286180	1013.00	27.41	28.81	96.1	28.73	28.81	85.1	26.56	28.81	104.2	NaN	28.81	NaN
13/07/2018 10:23:01 AM	3614286181	1013.00	27.43	28.81	96.0	28.73	28.81	85.1	26.58	28.81	104.0	NaN	28.81	NaN
13/07/2018 10:23:02 AM	3614286182	1013.00	27.45	28.80	95.8	28.74	28.80	85.0	26.57	28.80	104.2	NaN	28.80	NaN
13/07/2018 10:23:03 AM	3614286183	1013.00	27.43	28.80	96.0	28.77	28.80	84.8	26.54	28.80	104.5	NaN	28.80	NaN
13/07/2018 10:23:04 AM	3614286184	1013.00	27.46	28.81	95.7	28.79	28.81	84.6	26.59	28.81	103.9	NaN	28.81	NaN
13/07/2018 10:23:05 AM	3614286185	1013.00	27.44	28.81	95.9	28.77	28.81	84.7	26.57	28.81	104.1	NaN	28.81	NaN
13/07/2018 10:23:06 AM	3614286186	1013.00	27.45	28.81	95.8	28.82	28.81	84.4	26.60	28.81	103.8	NaN	28.81	NaN
13/07/2018 10:23:07 AM	3614286187	1013.00	27.46	28.81	95.7	28.79	28.81	84.6	26.51	28.81	104.7	NaN	28.81	NaN
13/07/2018 10:23:08 AM	3614286188	1013.00	27.44	28.80	95.9	28.77	28.80	84.8	26.59	28.80	104.0	NaN	28.80	NaN
13/07/2018 10:23:09 AM	3614286189	1013.00	27.47	28.81	95.6	28.81	28.81	84.4	26.56	28.81	104.2	NaN	28.81	NaN
13/07/2018 10:23:10 AM	3614286190	1013.00	27.45	28.81	95.8	28.77	28.81	84.7	26.56	28.81	104.2	NaN	28.81	NaN
13/07/2018 10:23:11 AM	3614286191	1013.00	27.45	28.82	95.8	28.80	28.82	84.5	26.57	28.82	104.1	NaN	28.82	NaN
13/07/2018 10:23:12 AM	3614286192	1013.00	27.44	28.82	95.9	28.81	28.82	84.4	26.53	28.82	104.5	NaN	28.82	NaN
13/07/2018 10:23:13 AM	3614286193	1013.00	27.45	28.82	95.8	28.81	28.82	84.4	26.60	28.82	103.8	NaN	28.82	NaN
13/07/2018 10:23:14 AM	3614286194	1013.00	27.44	28.82	95.9	28.86	28.82	84.0	26.59	28.82	103.9	NaN	28.82	NaN
13/07/2018 10:23:15 AM	3614286195	1013.00	27.47	28.83	95.6	28.81	28.83	84.4	26.57	28.83	104.1	NaN	28.83	NaN
13/07/2018 10:23:16 AM	3614286196	1013.00	27.46	28.82	95.7	28.77	28.82	84.7	26.55	28.82	104.3	NaN	28.82	NaN
13/07/2018 10:23:17 AM	3614286197	1013.00	27.47	28.82	95.6	28.84	28.82	84.2	26.58	28.82	104.0	NaN	28.82	NaN
13/07/2018 10:23:18 AM	3614286198	1013.00	27.49	28.83	95.4	28.82	28.83	84.3	26.54	28.83	104.4	NaN	28.83	NaN
13/07/2018 10:23:19 AM	3614286199	1013.00	27.46	28.83	95.7	28.89	28.83	83.8	26.62	28.83	103.6	NaN	28.83	NaN
13/07/2018 10:23:20 AM	3614286200	1013.00	27.43	28.82	95.9	28.86	28.82	84.0	26.60	28.82	103.8	NaN	28.82	NaN
13/07/2018 10:23:21 AM	3614286201	1013.00	27.49	28.82	95.4	28.86	28.82	84.0	26.57	28.82	104.1	NaN	28.82	NaN
13/07/2018 10:23:22 AM	3614286202	1013.00	27.45	28.82	95.8	28.89	28.82	83.8	26.58	28.82	104.0	NaN	28.82	NaN
13/07/2018 10:23:23 AM	3614286203	1013.00	27.48	28.81	95.5	28.87	28.81	84.0	26.61	28.81	103.7	NaN	28.81	NaN
13/07/2018 10:23:24 AM	3614286204	1013.00	27.49	28.81	95.4	28.88	28.81	83.9	26.56	28.81	104.2	NaN	28.81	NaN
13/07/2018 10:23:25 AM	3614286205	1013.00	27.48	28.82	95.5	28.85	28.82	84.1	26.58	28.82	104.0	NaN	28.82	NaN
13/07/2018 10:23:26 AM	3614286206	1013.00	27.49	28.81	95.4	28.92	28.81	83.6	26.57	28.81	104.1	NaN	28.81	NaN
13/07/2018 10:23:27 AM	3614286207	1013.00	27.47	28.81	95.6	28.89	28.81	83.8	26.62	28.81	103.6	NaN	28.81	NaN
13/07/2018 10:23:28 AM	3614286208	1013.00	27.47	28.80	95.6	28.94	28.80	83.4	26.57	28.80	104.2	NaN	28.80	NaN
13/07/2018 10:23:29 AM	3614286209	1013.00	27.47	28.80	95.6	28.92	28.80	83.6	26.54	28.80	104.5	NaN	28.80	NaN
13/07/2018 10:23:30 AM	3614286210	1013.00	27.52	28.79	95.2	28.87	28.79	84.0	26.58	28.79	104.1	NaN	28.79	NaN
13/07/2018 10:23:31 AM	3614286211	1013.00	27.49	28.80	95.4	28.91	28.80	83.7	26.52	28.80	104.7	NaN	28.80	NaN
13/07/2018 10:23:32 AM	3614286212	1013.00	27.51	28.80	95.3	28.94	28.80	83.4	26.58	28.80	104.1	NaN	28.80	NaN
13/07/2018 10:23:33 AM	3614286213	1013.00	27.48	28.81	95.5	28.96	28.81	83.3	26.55	28.81	104.3	NaN	28.81	NaN
13/07/2018 10:23:34 AM	3614286214	1013.00	27.48	28.81	95.5	28.95	28.81	83.4	26.57	28.81	104.1	NaN	28.81	NaN
13/07/2018 10:23:35 AM	3614286215	1013.00	27.50	28.81	95.3	28.98	28.81	83.1	26.59	28.81	103.9	NaN	28.81	NaN
13/07/2018 10:23:36 AM	3614286216	1013.00	27.49	28.81	95.4	28.92	28.81	83.6	26.62	28.81	103.6	NaN	28.81	NaN
13/07/2018 10:23:37 AM	3614286217	1013.00	27.50	28.81	95.3	29.00	28.81	83.0	26.59	28.81	103.9	NaN	28.81	NaN
13/07/2018 10:23:38 AM	3614286218	1013.00	27.49	28.80	95.4	29.00	28.80	83.0	26.58	28.80	104.1	NaN	28.80	NaN
13/07/2018 10:23:39 AM	3614286219	1013.00	27.51	28.81	95.2	29.00	28.81	83.0	26.61	28.81	103.7	NaN	28.81	NaN
13/07/2018 10:23:40 AM	3614286220	1013.00	27.51	28.82	95.2	28.98	28.82	83.1	26.57	28.82	104.1	NaN	28.82	NaN
13/07/2018 10:23:41 AM	3614286221	1013.00	27.53	28.81	95.1	29.00	28.81	83.0	26.53	28.81	104.5	NaN	28.81	NaN
13/07/2018 10:23:42 AM	3614286222	1013.00	27.49	28.80	95.4	29.03	28.80	82.8	26.53	28.80	104.6	NaN	28.80	NaN
13/07/2018 10:23:43 AM	3614286223	1013.00	27.51	28.80	95.3	28.99	28.80	83.1	26.56	28.80	104.3	NaN	28.80	NaN
13/07/2018 10:23:44 AM	3614286224	1013.00	27.51	28.79	95.3	29.00	28.79	83.0	26.58	28.79	104.1	NaN	28.79	NaN
13/07/2018 10:23:45 AM	3614286225	1013.00	27.52	28.79	95.2	29.02	28.79	82.9	26.61	28.79	103.8	NaN	28.79	NaN
13/07/2018 10:23:46 AM	3614286226	1013.00	27.53	28.79	95.1	29.02	28.79	82.9	26.56	28.79	104.3	NaN	28.79	NaN
13/07/2018 10:23:47 AM	3614286227	1013.00	27.53	28.80	95.1	29.05	28.80	82.6	26.58	28.80	104.1	NaN	28.80	NaN
13/07/2018 10:23:48 AM	3614286228	1013.00	27.56	28.79	94.8	29.02	28.79	82.9	26.55	28.79	104.4	NaN	28.79	NaN
13/07/2018 10:23:49 AM	3614286229	1013.00	27.54	28.79	95.0	29.07	28.79	82.5	26.57	28.79	104.2	NaN	28.79	NaN
13/07/2018 10:23:50 AM	3614286230	1013.00	27.54	28.78	95.0	29.01	28.78	82.9	26.55	28.78	104.4	NaN	28.78	NaN
13/07/2018 10:23:51 AM	3614286231	1013.00	27.51	28.79	95.3	29.07	28.79	82.5	26.56	28.79	104.3	NaN	28.79	NaN
13/07/2018 10:23:52 AM	3614286232	1013.00	27.55	28.79	94.9	29.03	28.79	82.8	26.55	28.79	104.4	NaN	28.79	NaN
13/07/2018 10:23:53 AM	3614286233	1013.00	27.53	28.79	95.1	29.02	28.79	82.9	26.57	28.79	104.2	NaN	28.79	NaN
13/07/2018 10:23:54 AM	3614286234	1013.00	27.53	28.80	95.1	29.07	28.80	82.5	26.52	28.80	104.7	NaN	28.80	NaN
13/07/2018 10:23:55 AM	3614286235	1013.00	27.51	28.80	95.3	29.07	28.80	82.5	26.56	28.80	104.3	NaN	28.80	NaN
13/07/2018 10:23:56 AM	3614286236	1013.00	27.49	28.81	95.4	29.07	28.81	82.4	26.57	28.81	104.1	NaN	28.81	NaN
13/07/2018 10:23:57 AM	3614286237	1013.00	27.53	28.81	95.1	29.13	28.81	82.0	26.52	28.81	104.6	NaN	28.81	NaN
13/07/2018 10:23:58 AM	3614286238	1013.00	27.53	28.80	95.1	29.09	28.80	82.3	26.57	28.80	104.2	NaN	28.80	NaN
13/07/2018 10:23:59 AM	3614286239	1013.00	27.54	28.80	95.0	29.10	28.80	82.2	26.59	28.80	104.0	NaN	28.80	NaN
13/07/2018 10:24:00 AM	3614286240	1013.00	27.54	28.79	95.0	29.10	28.79	82.3	26.55	28.79	104.4	NaN	28.79	NaN
13/07/2018 10:24:01 AM	3614286241	1013.00	27.52	28.79	95.2	29.11	28.79	82.2	26.56	28.79	104.3	NaN	28.79	NaN
13/07/2018 10:24:02 AM	3614286242	1013.00	27.52	28.79	95.2	29.09	28.79	82.3	26.61	28.79	103.8	NaN	28.79	NaN
13/07/2018 10:24:03 AM	3614286243	1013.00	27.54	28.79	95.0	29.14	28.79	82.0	26.56	28.79	104.3	NaN	28.79	NaN
13/07/2018 10:24:04 AM	3614286244	1013.00	27.58	28.79	94.7	29.09	28.79	82.3	26.62	28.79	103.7	NaN	28.79	NaN
13/07/2018 10:24:05 AM	3614286245	1013.00	27.54	28.79	95.0	29.16	28.79	81.8	26.58	28.79	104.1	NaN	28.79	NaN
13/07/2018 10:24:06 AM	3614286246	1013.00	27.54	28.80	95.0	29.14	28.80	81.9	26.57	28.80	104.2	NaN	28.80	NaN
13/07/2018 10:24:07 AM	3614286247	1013.00	27.57	28.79	94.7	29.15	28.79	81.9	26.58	28.79	104.1	NaN	28.79	NaN
13/07/2018 10:24:08 AM	3614286248	1013.00	27.56	28.78	94.8	29.18	28.78	81.7	26.56	28.78	104.3	NaN	28.78	NaN
13/07/2018 10:24:09 AM	3614286249	1013.00	27.55	28.78	94.9	29.09	28.78	82.3	26.56	28.78	104.3	NaN	28.78	NaN
13/07/2018 10:24:10 AM	3614286250	1013.00	27.54	28.78	95.0	29.20	28.78	81.5	26.61	28.78	103.8	NaN	28.78	NaN
13/07/2018 10:24:11 AM	3614286251	1013.00	27.55	28.77	95.0	29.18	28.77	81.7	26.58	28.77	104.1	NaN	28.77	NaN
13/07/2018 10:24:12 AM	3614286252	1013.00	27.56	28.77	94.9	29.21	28.77	81.5	26.57	28.77	104.2	NaN	28.77	NaN
13/07/2018 10:24:13 AM	3614286253	1013.00	27.56	28.78	94.8	29.18	28.78	81.7	26.61	28.78	103.8	NaN	28.78	NaN
13/07/2018 10:24:14 AM	3614286254	1013.00	27.56	28.78	94.8	29.22	28.78	81.4	26.58	28.78	104.1	NaN	28.78	NaN
13/07/2018 10:24:15 AM	3614286255	1013.00	27.56	28.78	94.8	29.16	28.78	81.8	26.58	28.78	104.1	NaN	28.78	NaN
13/07/2018 10:24:16 AM	3614286256	1013.00	27.57	28.78	94.8	29.19	28.78	81.6	26.57	28.78	104.2	NaN	28.78	NaN
13/07/2018 10:24:17 AM	3614286257	1013.00	27.59	28.79	94.6	29.24	28.79	81.2	26.57	28.79	104.2	NaN	28.79	NaN
13/07/2018 10:24:18 AM	3614286258	1013.00	27.59	28.78	94.6	29.26	28.78	81.1	26.61	28.78	103.8	NaN	28.78	NaN
13/07/2018 10:24:19 AM	3614286259	1013.00	27.59	28.79	94.6	29.19	28.79	81.6	26.55	28.79	104.4	NaN	28.79	NaN
13/07/2018 10:24:20 AM	3614286260	1013.00	27.58	28.79	94.7	29.18	28.79	81.7	26.55	28.79	104.4	NaN	28.79	NaN
13/07/2018 10:24:21 AM	3614286261	1013.00	27.58	28.79	94.7	29.24	28.79	81.2	26.56	28.79	104.3	NaN	28.79	NaN
13/07/2018 10:24:22 AM	3614286262	1013.00	27.61	28.78	94.4	29.24	28.78	81.2	26.61	28.78	103.8	NaN	28.78	NaN
13/07/2018 10:24:23 AM	3614286263	1013.00	27.57	28.78	94.8	29.23	28.78	81.3	26.51	28.78	104.8	NaN	28.78	NaN
13/07/2018 10:24:24 AM	3614286264	1013.00	27.59	28.78	94.6	29.23	28.78	81.3	26.56	28.78	104.3	NaN	28.78	NaN
13/07/2018 10:24:25 AM	3614286265	1013.00	27.57	28.77	94.8	29.26	28.77	81.1	26.58	28.77	104.1	NaN	28.77	NaN
13/07/2018 10:24:26 AM	3614286266	1013.00	27.55	28.77	95.0	29.27	28.77	81.0	26.58	28.77	104.1	NaN	28.77	NaN
13/07/2018 10:24:27 AM	3614286267	1013.00	27.59	28.78	94.6	29.19	28.78	81.6	26.56	28.78	104.3	NaN	28.78	NaN
13/07/2018 10:24:28 AM	3614286268	1013.00	27.57	28.77	94.8	29.25	28.77	81.2	26.60	28.77	103.9	NaN	28.77	NaN
13/07/2018 10:24:29 AM	3614286269	1013.00	27.58	28.78	94.7	29.23	28.78	81.3	26.54	28.78	104.5	NaN	28.78	NaN
13/07/2018 10:24:30 AM	3614286270	1013.00	27.59	28.78	94.6	29.22	28.78	81.4	26.61	28.78	103.8	NaN	28.78	NaN
13/07/2018 10:24:31 AM	3614286271	1013.00	27.57	28.78	94.8	29.27	28.78	81.0	26.57	28.78	104.2	NaN	28.78	NaN
13/07/2018 10:24:32 AM	3614286272	1013.00	27.56	28.78	94.8	29.27	28.78	81.0	26.59	28.78	104.0	NaN	28.78	NaN
13/07/2018 10:24:33 AM	3614286273	1013.00	27.57	28.78	94.8	29.27	28.78	81.0	26.57	28.78	104.2	NaN	28.78	NaN
13/07/2018 10:24:34 AM	3614286274	1013.00	27.60	28.78	94.5	29.27	28.78	81.0	26.57	28.78	104.2	NaN	28.78	NaN
13/07/2018 10:24:35 AM	3614286275	1013.00	27.61	28.77	94.4	29.32	28.77	80.7	26.59	28.77	104.0	NaN	28.77	NaN
13/07/2018 10:24:36 AM	3614286276	1013.00	27.57	28.77	94.8	29.28	28.77	80.9	26.54	28.77	104.5	NaN	28.77	NaN
13/07/2018 10:24:37 AM	3614286277	1013.00	27.63	28.77	94.2	29.31	28.77	80.7	26.60	28.77	103.9	NaN	28.77	NaN
13/07/2018 10:24:38 AM	3614286278	1013.00	27.61	28.77	94.4	29.24	28.77	81.2	26.57	28.77	104.2	NaN	28.77	NaN
13/07/2018 10:24:39 AM	3614286279	1013.00	27.63	28.77	94.2	29.25	28.77	81.2	26.57	28.77	104.2	NaN	28.77	NaN
13/07/2018 10:24:40 AM	3614286280	1013.00	27.61	28.78	94.4	29.32	28.78	80.6	26.55	28.78	104.4	NaN	28.78	NaN
13/07/2018 10:24:41 AM	3614286281	1013.00	27.59	28.78	94.6	29.35	28.78	80.4	26.60	28.78	103.9	NaN	28.78	NaN
13/07/2018 10:24:42 AM	3614286282	1013.00	27.59	28.78	94.6	29.33	28.78	80.6	26.59	28.78	104.0	NaN	28.78	NaN
13/07/2018 10:24:43 AM	3614286283	1013.00	27.57	28.79	94.7	29.31	28.79	80.7	26.60	28.79	103.9	NaN	28.79	NaN
13/07/2018 10:24:44 AM	3614286284	1013.00	27.61	28.78	94.4	29.31	28.78	80.7	26.56	28.78	104.3	NaN	28.78	NaN
13/07/2018 10:24:45 AM	3614286285	1013.00	27.62	28.77	94.3	29.38	28.77	80.2	26.58	28.77	104.1	NaN	28.77	NaN
13/07/2018 10:24:46 AM	3614286286	1013.00	27.62	28.77	94.3	29.33	28.77	80.6	26.62	28.77	103.7	NaN	28.77	NaN
13/07/2018 10:24:47 AM	3614286287	1013.00	27.61	28.77	94.4	29.34	28.77	80.5	26.56	28.77	104.3	NaN	28.77	NaN
13/07/2018 10:24:48 AM	3614286288	1013.00	27.63	28.77	94.2	29.39	28.77	80.1	26.55	28.77	104.4	NaN	28.77	NaN
13/07/2018 10:24:49 AM	3614286289	1013.00	27.60	28.77	94.5	29.40	28.77	80.1	26.59	28.77	104.0	NaN	28.77	NaN
13/07/2018 10:24:50 AM	3614286290	1013.00	27.60	28.77	94.5	29.41	28.77	80.0	26.58	28.77	104.1	NaN	28.77	NaN
13/07/2018 10:24:51 AM	3614286291	1013.00	27.62	28.76	94.3	29.37	28.76	80.3	26.58	28.76	104.1	NaN	28.76	NaN
13/07/2018 10:24:52 AM	3614286292	1013.00	27.59	28.76	94.6	29.40	28.76	80.1	26.57	28.76	104.2	NaN	28.76	NaN
13/07/2018 10:24:53 AM	3614286293	1013.00	27.65	28.76	94.1	29.42	28.76	79.9	26.62	28.76	103.7	NaN	28.76	NaN
