Date & time of file creation	6/07/2018 10:14 AM													
Data file path	C:\Users\ameli\Desktop\Diego Barneche\06_07_2018\29_C_new_witrox_21.txt													
														
														
CALIBRATION DATA														
Parameter/Channel	N moving average	LO phase [r.U.]	HI phase [r.U.]	LO oxygen [%air saturation]	HI oxygen [%air saturation]	LO temperature [°C]	HI temperature [°C]	Salinity [‰]						
SDWD0003000199      , CH 1	1	59.80	28.15	0.00	100.00	20.06	20.17	0.000						
SDWD0003000199      , CH 2	1	59.80	28.15	0.00	100.00	20.06	20.17	0.000						
SDWD0003000199      , CH 3	1	59.80	28.15	0.00	100.00	20.06	20.17	0.000						
SDWD0003000199      , CH 4	1	59.80	28.15	0.00	100.00	20.06	20.17	0.000						
														
														
Date &Time [DD-MM-YYYY HH:MM:SS]	Time stamp code	Barometric pressure [hPa]	SDWD0003000199      , CH 1 phase [r.U.]	SDWD0003000199      , CH 1 temp [°C]	SDWD0003000199      , CH 1 O2 [% air saturation]	SDWD0003000199      , CH 2 phase [r.U.]	SDWD0003000199      , CH 2 temp [°C]	SDWD0003000199      , CH 2 O2 [% air saturation]	SDWD0003000199      , CH 3 phase [r.U.]	SDWD0003000199      , CH 3 temp [°C]	SDWD0003000199      , CH 3 O2 [% air saturation]	SDWD0003000199      , CH 4 phase [r.U.]	SDWD0003000199      , CH 4 temp [°C]	SDWD0003000199      , CH 4 O2 [% air saturation]
6/07/2018 10:20:41 AM	3613681241	1013.00	27.57	29.24	90.0	27.05	29.24	94.6	27.00	29.24	95.0	26.90	29.24	95.9
6/07/2018 10:20:42 AM	3613681242	1013.00	27.56	29.25	90.1	27.09	29.25	94.2	27.02	29.25	94.8	26.89	29.25	96.0
6/07/2018 10:20:43 AM	3613681243	1013.00	27.52	29.25	90.4	27.03	29.25	94.7	27.09	29.25	94.2	26.93	29.25	95.6
6/07/2018 10:20:44 AM	3613681244	1013.00	27.51	29.25	90.5	27.00	29.25	95.0	27.02	29.25	94.8	26.91	29.25	95.8
6/07/2018 10:20:45 AM	3613681245	1013.00	27.55	29.25	90.2	27.01	29.25	94.9	27.00	29.25	95.0	26.89	29.25	96.0
6/07/2018 10:20:46 AM	3613681246	1013.00	27.58	29.25	89.9	27.02	29.25	94.8	27.03	29.25	94.7	26.83	29.25	96.6
6/07/2018 10:20:47 AM	3613681247	1013.00	27.53	29.25	90.4	27.04	29.25	94.6	27.03	29.25	94.7	26.88	29.25	96.1
6/07/2018 10:20:48 AM	3613681248	1013.00	27.54	29.24	90.3	27.09	29.24	94.2	26.99	29.24	95.1	26.89	29.24	96.0
6/07/2018 10:20:49 AM	3613681249	1013.00	27.63	29.24	89.5	27.05	29.24	94.6	27.04	29.24	94.7	26.89	29.24	96.0
6/07/2018 10:20:50 AM	3613681250	1013.00	27.52	29.24	90.5	27.07	29.24	94.4	27.01	29.24	94.9	26.92	29.24	95.8
6/07/2018 10:20:51 AM	3613681251	1013.00	27.53	29.24	90.4	27.08	29.24	94.3	27.01	29.24	94.9	26.91	29.24	95.8
6/07/2018 10:20:52 AM	3613681252	1013.00	27.52	29.24	90.5	27.09	29.24	94.2	27.01	29.24	94.9	26.90	29.24	95.9
6/07/2018 10:20:53 AM	3613681253	1013.00	27.54	29.24	90.3	27.10	29.24	94.1	27.00	29.24	95.0	26.85	29.24	96.4
6/07/2018 10:20:54 AM	3613681254	1013.00	27.55	29.23	90.2	27.06	29.23	94.5	27.03	29.23	94.8	26.82	29.23	96.7
6/07/2018 10:20:55 AM	3613681255	1013.00	27.58	29.24	90.0	27.08	29.24	94.3	27.01	29.24	94.9	26.84	29.24	96.5
6/07/2018 10:20:56 AM	3613681256	1013.00	27.56	29.25	90.1	27.11	29.25	94.0	27.06	29.25	94.5	26.89	29.25	96.0
6/07/2018 10:20:57 AM	3613681257	1013.00	27.55	29.25	90.2	27.05	29.25	94.6	27.06	29.25	94.5	26.85	29.25	96.4
6/07/2018 10:20:58 AM	3613681258	1013.00	27.53	29.25	90.4	27.05	29.25	94.6	27.07	29.25	94.4	26.86	29.25	96.3
6/07/2018 10:20:59 AM	3613681259	1013.00	27.52	29.25	90.4	27.07	29.25	94.4	27.00	29.25	95.0	26.81	29.25	96.7
6/07/2018 10:21:00 AM	3613681260	1013.00	27.58	29.25	89.9	27.07	29.25	94.4	27.03	29.25	94.7	26.90	29.25	95.9
6/07/2018 10:21:01 AM	3613681261	1013.00	27.56	29.24	90.1	27.03	29.24	94.8	27.00	29.24	95.0	26.81	29.24	96.8
6/07/2018 10:21:02 AM	3613681262	1013.00	27.55	29.25	90.2	27.05	29.25	94.6	27.08	29.25	94.3	26.93	29.25	95.6
6/07/2018 10:21:03 AM	3613681263	1013.00	27.55	29.25	90.2	27.02	29.25	94.8	27.04	29.25	94.6	26.90	29.25	95.9
6/07/2018 10:21:04 AM	3613681264	1013.00	27.55	29.25	90.2	27.08	29.25	94.3	27.03	29.25	94.7	26.89	29.25	96.0
6/07/2018 10:21:05 AM	3613681265	1013.00	27.54	29.24	90.3	27.04	29.24	94.7	27.07	29.24	94.4	26.87	29.24	96.2
6/07/2018 10:21:06 AM	3613681266	1013.00	27.60	29.24	89.8	27.01	29.24	94.9	27.03	29.24	94.8	26.84	29.24	96.5
6/07/2018 10:21:07 AM	3613681267	1013.00	27.55	29.24	90.2	27.11	29.24	94.0	26.96	29.24	95.4	26.90	29.24	95.9
6/07/2018 10:21:08 AM	3613681268	1013.00	27.55	29.24	90.2	27.08	29.24	94.3	27.01	29.24	94.9	26.98	29.24	95.2
6/07/2018 10:21:09 AM	3613681269	1013.00	27.57	29.24	90.0	27.13	29.24	93.9	27.06	29.24	94.5	26.94	29.24	95.6
6/07/2018 10:21:10 AM	3613681270	1013.00	27.56	29.24	90.1	27.00	29.24	95.0	27.03	29.24	94.8	26.90	29.24	95.9
6/07/2018 10:21:11 AM	3613681271	1013.00	27.56	29.24	90.1	27.08	29.24	94.3	27.06	29.24	94.5	26.91	29.24	95.8
6/07/2018 10:21:12 AM	3613681272	1013.00	27.57	29.25	90.0	27.07	29.25	94.4	27.07	29.25	94.4	26.91	29.25	95.8
6/07/2018 10:21:13 AM	3613681273	1013.00	27.57	29.24	90.0	27.08	29.24	94.3	27.03	29.24	94.8	26.90	29.24	95.9
6/07/2018 10:21:14 AM	3613681274	1013.00	27.52	29.25	90.4	27.07	29.25	94.4	27.09	29.25	94.2	26.91	29.25	95.8
6/07/2018 10:21:15 AM	3613681275	1013.00	27.52	29.25	90.4	27.13	29.25	93.8	27.03	29.25	94.7	26.94	29.25	95.6
6/07/2018 10:21:16 AM	3613681276	1013.00	27.53	29.25	90.4	27.04	29.25	94.6	27.06	29.25	94.5	26.93	29.25	95.6
6/07/2018 10:21:17 AM	3613681277	1013.00	27.60	29.25	89.8	27.09	29.25	94.2	27.04	29.25	94.6	26.87	29.25	96.2
6/07/2018 10:21:18 AM	3613681278	1013.00	27.54	29.25	90.3	27.15	29.25	93.7	27.05	29.25	94.6	26.87	29.25	96.2
6/07/2018 10:21:19 AM	3613681279	1013.00	27.56	29.25	90.1	27.15	29.25	93.7	27.03	29.25	94.7	26.96	29.25	95.4
6/07/2018 10:21:20 AM	3613681280	1013.00	27.51	29.25	90.5	27.06	29.25	94.5	27.10	29.25	94.1	26.89	29.25	96.0
6/07/2018 10:21:21 AM	3613681281	1013.00	27.57	29.25	90.0	27.10	29.25	94.1	27.06	29.25	94.5	26.89	29.25	96.0
6/07/2018 10:21:22 AM	3613681282	1013.00	27.58	29.25	89.9	27.12	29.25	93.9	27.07	29.25	94.4	26.93	29.25	95.6
6/07/2018 10:21:23 AM	3613681283	1013.00	27.53	29.25	90.4	27.04	29.25	94.6	27.04	29.25	94.6	26.92	29.25	95.7
6/07/2018 10:21:24 AM	3613681284	1013.00	27.53	29.24	90.4	27.04	29.24	94.7	27.02	29.24	94.8	26.91	29.24	95.8
6/07/2018 10:21:25 AM	3613681285	1013.00	27.57	29.24	90.0	27.11	29.24	94.0	27.04	29.24	94.7	26.91	29.24	95.8
6/07/2018 10:21:26 AM	3613681286	1013.00	27.56	29.24	90.1	27.04	29.24	94.7	27.01	29.24	94.9	26.87	29.24	96.2
6/07/2018 10:21:27 AM	3613681287	1013.00	27.61	29.23	89.7	27.19	29.23	93.3	27.08	29.23	94.3	27.01	29.23	95.0
6/07/2018 10:21:28 AM	3613681288	1013.00	27.61	29.23	89.7	27.07	29.23	94.4	27.08	29.23	94.3	26.93	29.23	95.7
6/07/2018 10:21:29 AM	3613681289	1013.00	27.56	29.23	90.1	27.03	29.23	94.8	27.04	29.23	94.7	26.92	29.23	95.8
6/07/2018 10:21:30 AM	3613681290	1013.00	27.51	29.23	90.6	27.02	29.23	94.9	27.01	29.23	95.0	26.92	29.23	95.8
6/07/2018 10:21:31 AM	3613681291	1013.00	27.58	29.23	90.0	27.09	29.23	94.2	27.07	29.23	94.4	26.85	29.23	96.4
6/07/2018 10:21:32 AM	3613681292	1013.00	27.61	29.24	89.7	27.06	29.24	94.5	27.04	29.24	94.7	26.97	29.24	95.3
6/07/2018 10:21:33 AM	3613681293	1013.00	27.57	29.24	90.0	27.12	29.24	93.9	27.00	29.24	95.0	26.96	29.24	95.4
6/07/2018 10:21:34 AM	3613681294	1013.00	27.60	29.25	89.8	27.10	29.25	94.1	27.08	29.25	94.3	26.96	29.25	95.4
6/07/2018 10:21:35 AM	3613681295	1013.00	27.59	29.25	89.9	27.11	29.25	94.0	27.05	29.25	94.6	26.93	29.25	95.6
6/07/2018 10:21:36 AM	3613681296	1013.00	27.58	29.25	89.9	27.10	29.25	94.1	27.01	29.25	94.9	26.94	29.25	95.6
6/07/2018 10:21:37 AM	3613681297	1013.00	27.57	29.25	90.0	27.03	29.25	94.7	27.03	29.25	94.7	26.95	29.25	95.5
6/07/2018 10:21:38 AM	3613681298	1013.00	27.55	29.24	90.2	27.09	29.24	94.2	27.05	29.24	94.6	26.89	29.24	96.0
6/07/2018 10:21:39 AM	3613681299	1013.00	27.58	29.24	90.0	27.03	29.24	94.8	27.08	29.24	94.3	26.95	29.24	95.5
6/07/2018 10:21:40 AM	3613681300	1013.00	27.61	29.24	89.7	27.06	29.24	94.5	27.06	29.24	94.5	26.98	29.24	95.2
6/07/2018 10:21:41 AM	3613681301	1013.00	27.60	29.24	89.8	27.13	29.24	93.9	27.09	29.24	94.2	26.96	29.24	95.4
6/07/2018 10:21:42 AM	3613681302	1013.00	27.56	29.24	90.1	27.05	29.24	94.6	27.08	29.24	94.3	27.00	29.24	95.0
6/07/2018 10:21:43 AM	3613681303	1013.00	27.59	29.24	89.9	27.10	29.24	94.1	27.05	29.24	94.6	26.98	29.24	95.2
6/07/2018 10:21:44 AM	3613681304	1013.00	27.58	29.23	90.0	27.19	29.23	93.3	27.05	29.23	94.6	26.96	29.23	95.4
6/07/2018 10:21:45 AM	3613681305	1013.00	27.60	29.24	89.8	27.12	29.24	93.9	27.07	29.24	94.4	26.93	29.24	95.7
6/07/2018 10:21:46 AM	3613681306	1013.00	27.62	29.24	89.6	27.12	29.24	93.9	27.05	29.24	94.6	26.97	29.24	95.3
6/07/2018 10:21:47 AM	3613681307	1013.00	27.61	29.24	89.7	27.18	29.24	93.4	27.06	29.24	94.5	26.97	29.24	95.3
6/07/2018 10:21:48 AM	3613681308	1013.00	27.60	29.23	89.8	27.12	29.23	94.0	27.09	29.23	94.2	26.97	29.23	95.3
6/07/2018 10:21:49 AM	3613681309	1013.00	27.65	29.23	89.4	27.10	29.23	94.1	27.04	29.23	94.7	26.94	29.23	95.6
6/07/2018 10:21:50 AM	3613681310	1013.00	27.61	29.23	89.7	27.14	29.23	93.8	27.10	29.23	94.1	26.95	29.23	95.5
6/07/2018 10:21:51 AM	3613681311	1013.00	27.61	29.23	89.7	27.14	29.23	93.8	27.07	29.23	94.4	26.98	29.23	95.2
6/07/2018 10:21:52 AM	3613681312	1013.00	27.66	29.24	89.3	27.18	29.24	93.4	27.07	29.24	94.4	26.97	29.24	95.3
6/07/2018 10:21:53 AM	3613681313	1013.00	27.58	29.24	90.0	27.13	29.24	93.9	27.04	29.24	94.7	26.96	29.24	95.4
6/07/2018 10:21:54 AM	3613681314	1013.00	27.59	29.25	89.9	27.10	29.25	94.1	27.02	29.25	94.8	26.98	29.25	95.2
6/07/2018 10:21:55 AM	3613681315	1013.00	27.59	29.24	89.9	27.15	29.24	93.7	27.05	29.24	94.6	27.04	29.24	94.7
6/07/2018 10:21:56 AM	3613681316	1013.00	27.65	29.24	89.4	27.09	29.24	94.2	27.01	29.24	94.9	26.98	29.24	95.2
6/07/2018 10:21:57 AM	3613681317	1013.00	27.64	29.24	89.5	27.14	29.24	93.8	27.02	29.24	94.8	27.02	29.24	94.8
6/07/2018 10:21:58 AM	3613681318	1013.00	27.64	29.24	89.5	27.12	29.24	93.9	27.07	29.24	94.4	26.99	29.24	95.1
6/07/2018 10:21:59 AM	3613681319	1013.00	27.67	29.24	89.2	27.16	29.24	93.6	27.08	29.24	94.3	26.97	29.24	95.3
6/07/2018 10:22:00 AM	3613681320	1013.00	27.64	29.23	89.5	27.16	29.23	93.6	27.06	29.23	94.5	26.94	29.23	95.6
6/07/2018 10:22:01 AM	3613681321	1013.00	27.68	29.24	89.1	27.15	29.24	93.7	27.05	29.24	94.6	27.01	29.24	94.9
6/07/2018 10:22:02 AM	3613681322	1013.00	27.63	29.24	89.5	27.15	29.24	93.7	27.08	29.24	94.3	27.04	29.24	94.7
6/07/2018 10:22:03 AM	3613681323	1013.00	27.66	29.24	89.3	27.09	29.24	94.2	27.05	29.24	94.6	27.00	29.24	95.0
6/07/2018 10:22:04 AM	3613681324	1013.00	27.64	29.25	89.4	27.18	29.25	93.4	27.06	29.25	94.5	27.03	29.25	94.7
6/07/2018 10:22:05 AM	3613681325	1013.00	27.65	29.25	89.4	27.15	29.25	93.7	27.06	29.25	94.5	26.97	29.25	95.3
6/07/2018 10:22:06 AM	3613681326	1013.00	27.70	29.25	88.9	27.13	29.25	93.8	27.04	29.25	94.6	27.00	29.25	95.0
6/07/2018 10:22:07 AM	3613681327	1013.00	27.67	29.24	89.2	27.16	29.24	93.6	27.12	29.24	93.9	27.00	29.24	95.0
6/07/2018 10:22:08 AM	3613681328	1013.00	27.65	29.24	89.4	27.18	29.24	93.4	27.09	29.24	94.2	27.06	29.24	94.5
6/07/2018 10:22:09 AM	3613681329	1013.00	27.64	29.25	89.4	27.17	29.25	93.5	27.03	29.25	94.7	27.04	29.25	94.6
6/07/2018 10:22:10 AM	3613681330	1013.00	27.62	29.25	89.6	27.13	29.25	93.8	27.05	29.25	94.6	27.03	29.25	94.7
6/07/2018 10:22:11 AM	3613681331	1013.00	27.67	29.25	89.2	27.21	29.25	93.1	27.05	29.25	94.6	27.05	29.25	94.6
6/07/2018 10:22:12 AM	3613681332	1013.00	27.66	29.25	89.3	27.17	29.25	93.5	27.09	29.25	94.2	27.06	29.25	94.5
6/07/2018 10:22:13 AM	3613681333	1013.00	27.68	29.25	89.1	27.19	29.25	93.3	27.09	29.25	94.2	27.05	29.25	94.6
6/07/2018 10:22:14 AM	3613681334	1013.00	27.64	29.25	89.4	27.16	29.25	93.6	27.10	29.25	94.1	26.99	29.25	95.1
6/07/2018 10:22:15 AM	3613681335	1013.00	27.66	29.24	89.3	27.13	29.24	93.9	27.12	29.24	93.9	27.04	29.24	94.7
6/07/2018 10:22:16 AM	3613681336	1013.00	27.67	29.24	89.2	27.18	29.24	93.4	27.12	29.24	93.9	27.07	29.24	94.4
6/07/2018 10:22:17 AM	3613681337	1013.00	27.66	29.24	89.3	27.22	29.24	93.1	27.07	29.24	94.4	27.04	29.24	94.7
6/07/2018 10:22:18 AM	3613681338	1013.00	27.66	29.24	89.3	27.19	29.24	93.3	27.06	29.24	94.5	27.10	29.24	94.1
6/07/2018 10:22:19 AM	3613681339	1013.00	27.69	29.24	89.0	27.15	29.24	93.7	27.08	29.24	94.3	27.04	29.24	94.7
6/07/2018 10:22:20 AM	3613681340	1013.00	27.69	29.24	89.0	27.23	29.24	93.0	27.08	29.24	94.3	27.04	29.24	94.7
6/07/2018 10:22:21 AM	3613681341	1013.00	27.70	29.24	88.9	27.15	29.24	93.7	27.09	29.24	94.2	27.05	29.24	94.6
6/07/2018 10:22:22 AM	3613681342	1013.00	27.71	29.23	88.9	27.19	29.23	93.3	27.08	29.23	94.3	27.10	29.23	94.1
6/07/2018 10:22:23 AM	3613681343	1013.00	27.66	29.23	89.3	27.17	29.23	93.5	27.05	29.23	94.6	27.04	29.23	94.7
6/07/2018 10:22:24 AM	3613681344	1013.00	27.71	29.22	88.9	27.17	29.22	93.5	27.11	29.22	94.1	27.09	29.22	94.2
6/07/2018 10:22:25 AM	3613681345	1013.00	27.68	29.23	89.1	27.17	29.23	93.5	27.10	29.23	94.1	27.07	29.23	94.4
6/07/2018 10:22:26 AM	3613681346	1013.00	27.69	29.23	89.0	27.18	29.23	93.4	27.13	29.23	93.9	27.10	29.23	94.1
6/07/2018 10:22:27 AM	3613681347	1013.00	27.69	29.23	89.0	27.19	29.23	93.3	27.11	29.23	94.1	27.10	29.23	94.1
6/07/2018 10:22:28 AM	3613681348	1013.00	27.69	29.23	89.0	27.19	29.23	93.3	27.08	29.23	94.3	27.07	29.23	94.4
6/07/2018 10:22:29 AM	3613681349	1013.00	27.73	29.23	88.7	27.20	29.23	93.3	27.11	29.23	94.1	27.07	29.23	94.4
6/07/2018 10:22:30 AM	3613681350	1013.00	27.69	29.23	89.0	27.16	29.23	93.6	27.08	29.23	94.3	27.17	29.23	93.5
6/07/2018 10:22:31 AM	3613681351	1013.00	27.74	29.23	88.6	27.23	29.23	93.0	27.06	29.23	94.5	27.09	29.23	94.2
6/07/2018 10:22:32 AM	3613681352	1013.00	27.73	29.23	88.7	27.19	29.23	93.3	27.11	29.23	94.1	27.11	29.23	94.1
6/07/2018 10:22:33 AM	3613681353	1013.00	27.72	29.23	88.8	27.17	29.23	93.5	27.11	29.23	94.1	27.11	29.23	94.1
6/07/2018 10:22:34 AM	3613681354	1013.00	27.71	29.23	88.9	27.14	29.23	93.8	27.10	29.23	94.1	27.14	29.23	93.8
6/07/2018 10:22:35 AM	3613681355	1013.00	27.73	29.23	88.7	27.23	29.23	93.0	27.09	29.23	94.2	27.16	29.23	93.6
6/07/2018 10:22:36 AM	3613681356	1013.00	27.75	29.22	88.6	27.16	29.22	93.6	27.04	29.22	94.7	27.10	29.22	94.2
6/07/2018 10:22:37 AM	3613681357	1013.00	27.75	29.22	88.6	27.19	29.22	93.4	27.10	29.22	94.2	27.13	29.22	93.9
6/07/2018 10:22:38 AM	3613681358	1013.00	27.75	29.23	88.5	27.26	29.23	92.7	27.11	29.23	94.1	27.12	29.23	94.0
6/07/2018 10:22:39 AM	3613681359	1013.00	27.71	29.22	88.9	27.21	29.22	93.2	27.15	29.22	93.7	27.14	29.22	93.8
6/07/2018 10:22:40 AM	3613681360	1013.00	27.74	29.23	88.6	27.22	29.23	93.1	27.09	29.23	94.2	27.17	29.23	93.5
6/07/2018 10:22:41 AM	3613681361	1013.00	27.78	29.22	88.3	27.26	29.22	92.7	27.09	29.22	94.2	27.17	29.22	93.5
6/07/2018 10:22:42 AM	3613681362	1013.00	27.72	29.23	88.8	27.18	29.23	93.4	27.12	29.23	94.0	27.08	29.23	94.3
6/07/2018 10:22:43 AM	3613681363	1013.00	27.74	29.22	88.6	27.23	29.22	93.0	27.14	29.22	93.8	27.08	29.22	94.3
6/07/2018 10:22:44 AM	3613681364	1013.00	27.75	29.23	88.5	27.25	29.23	92.8	27.10	29.23	94.1	27.12	29.23	94.0
6/07/2018 10:22:45 AM	3613681365	1013.00	27.73	29.22	88.7	27.27	29.22	92.7	27.14	29.22	93.8	27.14	29.22	93.8
6/07/2018 10:22:46 AM	3613681366	1013.00	27.76	29.22	88.5	27.18	29.22	93.4	27.13	29.22	93.9	27.17	29.22	93.5
6/07/2018 10:22:47 AM	3613681367	1013.00	27.74	29.22	88.6	27.27	29.22	92.7	27.09	29.22	94.2	27.16	29.22	93.6
6/07/2018 10:22:48 AM	3613681368	1013.00	27.76	29.21	88.5	27.19	29.21	93.4	27.10	29.21	94.2	27.12	29.21	94.0
6/07/2018 10:22:49 AM	3613681369	1013.00	27.75	29.21	88.6	27.24	29.21	92.9	27.16	29.21	93.6	27.13	29.21	93.9
6/07/2018 10:22:50 AM	3613681370	1013.00	27.76	29.21	88.5	27.26	29.21	92.8	27.12	29.21	94.0	27.18	29.21	93.5
6/07/2018 10:22:51 AM	3613681371	1013.00	27.78	29.22	88.3	27.18	29.22	93.4	27.06	29.22	94.5	27.15	29.22	93.7
6/07/2018 10:22:52 AM	3613681372	1013.00	27.79	29.22	88.2	27.24	29.22	92.9	27.12	29.22	94.0	27.19	29.22	93.4
6/07/2018 10:22:53 AM	3613681373	1013.00	27.77	29.22	88.4	27.27	29.22	92.7	27.14	29.22	93.8	27.15	29.22	93.7
6/07/2018 10:22:54 AM	3613681374	1013.00	27.77	29.21	88.4	27.25	29.21	92.8	27.13	29.21	93.9	27.18	29.21	93.5
6/07/2018 10:22:55 AM	3613681375	1013.00	27.72	29.21	88.8	27.28	29.21	92.6	27.14	29.21	93.8	27.14	29.21	93.8
6/07/2018 10:22:56 AM	3613681376	1013.00	27.77	29.21	88.4	27.21	29.21	93.2	27.11	29.21	94.1	27.11	29.21	94.1
6/07/2018 10:22:57 AM	3613681377	1013.00	27.80	29.21	88.2	27.24	29.21	92.9	27.17	29.21	93.6	27.16	29.21	93.6
6/07/2018 10:22:58 AM	3613681378	1013.00	27.79	29.20	88.3	27.29	29.20	92.5	27.17	29.20	93.6	27.17	29.20	93.6
6/07/2018 10:22:59 AM	3613681379	1013.00	27.78	29.21	88.3	27.20	29.21	93.3	27.10	29.21	94.2	27.19	29.21	93.4
6/07/2018 10:23:00 AM	3613681380	1013.00	27.81	29.20	88.1	27.21	29.20	93.2	27.17	29.20	93.6	27.17	29.20	93.6
6/07/2018 10:23:01 AM	3613681381	1013.00	27.80	29.20	88.2	27.24	29.20	92.9	27.15	29.20	93.7	27.17	29.20	93.6
6/07/2018 10:23:02 AM	3613681382	1013.00	27.81	29.20	88.1	27.27	29.20	92.7	27.12	29.20	94.0	27.22	29.20	93.1
6/07/2018 10:23:03 AM	3613681383	1013.00	27.80	29.20	88.2	27.24	29.20	92.9	27.16	29.20	93.7	27.17	29.20	93.6
6/07/2018 10:23:04 AM	3613681384	1013.00	27.80	29.20	88.2	27.23	29.20	93.0	27.13	29.20	93.9	27.24	29.20	92.9
6/07/2018 10:23:05 AM	3613681385	1013.00	27.87	29.20	87.6	27.26	29.20	92.8	27.17	29.20	93.6	27.10	29.20	94.2
6/07/2018 10:23:06 AM	3613681386	1013.00	27.84	29.21	87.8	27.29	29.21	92.5	27.16	29.21	93.6	27.17	29.21	93.6
6/07/2018 10:23:07 AM	3613681387	1013.00	27.82	29.21	88.0	27.29	29.21	92.5	27.18	29.21	93.5	27.16	29.21	93.6
6/07/2018 10:23:08 AM	3613681388	1013.00	27.87	29.21	87.6	27.29	29.21	92.5	27.13	29.21	93.9	27.23	29.21	93.0
6/07/2018 10:23:09 AM	3613681389	1013.00	27.83	29.21	87.9	27.30	29.21	92.4	27.13	29.21	93.9	27.17	29.21	93.6
6/07/2018 10:23:10 AM	3613681390	1013.00	27.85	29.21	87.8	27.33	29.21	92.1	27.17	29.21	93.6	27.20	29.21	93.3
6/07/2018 10:23:11 AM	3613681391	1013.00	27.86	29.20	87.7	27.35	29.20	92.0	27.13	29.20	93.9	27.19	29.20	93.4
6/07/2018 10:23:12 AM	3613681392	1013.00	27.84	29.20	87.9	27.33	29.20	92.2	27.12	29.20	94.0	27.20	29.20	93.3
6/07/2018 10:23:13 AM	3613681393	1013.00	27.91	29.20	87.3	27.32	29.20	92.2	27.17	29.20	93.6	27.24	29.20	92.9
6/07/2018 10:23:14 AM	3613681394	1013.00	27.88	29.20	87.5	27.30	29.20	92.4	27.16	29.20	93.7	27.24	29.20	92.9
6/07/2018 10:23:15 AM	3613681395	1013.00	27.82	29.20	88.0	27.38	29.20	91.7	27.14	29.20	93.8	27.25	29.20	92.9
6/07/2018 10:23:16 AM	3613681396	1013.00	27.90	29.20	87.4	27.27	29.20	92.7	27.19	29.20	93.4	27.20	29.20	93.3
6/07/2018 10:23:17 AM	3613681397	1013.00	27.87	29.20	87.6	27.36	29.20	91.9	27.14	29.20	93.8	27.30	29.20	92.4
6/07/2018 10:23:18 AM	3613681398	1013.00	27.86	29.20	87.7	27.33	29.20	92.2	27.17	29.20	93.6	27.28	29.20	92.6
6/07/2018 10:23:19 AM	3613681399	1013.00	27.82	29.20	88.0	27.34	29.20	92.1	27.16	29.20	93.7	27.30	29.20	92.4
6/07/2018 10:23:20 AM	3613681400	1013.00	27.89	29.20	87.4	27.31	29.20	92.3	27.16	29.20	93.7	27.29	29.20	92.5
6/07/2018 10:23:21 AM	3613681401	1013.00	27.88	29.20	87.5	27.37	29.20	91.8	27.15	29.20	93.7	27.24	29.20	92.9
6/07/2018 10:23:22 AM	3613681402	1013.00	27.90	29.20	87.4	27.29	29.20	92.5	27.18	29.20	93.5	27.29	29.20	92.5
6/07/2018 10:23:23 AM	3613681403	1013.00	27.96	29.19	86.9	27.33	29.19	92.2	27.15	29.19	93.8	27.27	29.19	92.7
6/07/2018 10:23:24 AM	3613681404	1013.00	27.88	29.20	87.5	27.35	29.20	92.0	27.18	29.20	93.5	27.25	29.20	92.9
6/07/2018 10:23:25 AM	3613681405	1013.00	27.89	29.20	87.4	27.35	29.20	92.0	27.19	29.20	93.4	27.32	29.20	92.2
6/07/2018 10:23:26 AM	3613681406	1013.00	27.91	29.19	87.3	27.31	29.19	92.4	27.16	29.19	93.7	27.29	29.19	92.5
6/07/2018 10:23:27 AM	3613681407	1013.00	27.89	29.19	87.5	27.38	29.19	91.7	27.19	29.19	93.4	27.25	29.19	92.9
6/07/2018 10:23:28 AM	3613681408	1013.00	27.87	29.19	87.6	27.35	29.19	92.0	27.18	29.19	93.5	27.37	29.19	91.8
6/07/2018 10:23:29 AM	3613681409	1013.00	27.92	29.19	87.2	27.31	29.19	92.4	27.16	29.19	93.7	27.34	29.19	92.1
6/07/2018 10:23:30 AM	3613681410	1013.00	27.88	29.18	87.6	27.40	29.18	91.6	27.21	29.18	93.2	27.29	29.18	92.5
6/07/2018 10:23:31 AM	3613681411	1013.00	27.91	29.18	87.3	27.37	29.18	91.8	27.17	29.18	93.6	27.25	29.18	92.9
6/07/2018 10:23:32 AM	3613681412	1013.00	27.90	29.19	87.4	27.36	29.19	91.9	27.14	29.19	93.9	27.21	29.19	93.2
6/07/2018 10:23:33 AM	3613681413	1013.00	27.91	29.19	87.3	27.41	29.19	91.5	27.21	29.19	93.2	27.25	29.19	92.9
6/07/2018 10:23:34 AM	3613681414	1013.00	27.92	29.19	87.2	27.37	29.19	91.8	27.19	29.19	93.4	27.33	29.19	92.2
6/07/2018 10:23:35 AM	3613681415	1013.00	27.91	29.19	87.3	27.38	29.19	91.7	27.19	29.19	93.4	27.29	29.19	92.5
6/07/2018 10:23:36 AM	3613681416	1013.00	27.90	29.19	87.4	27.35	29.19	92.0	27.21	29.19	93.2	27.30	29.19	92.4
6/07/2018 10:23:37 AM	3613681417	1013.00	27.94	29.19	87.0	27.38	29.19	91.7	27.17	29.19	93.6	27.34	29.19	92.1
6/07/2018 10:23:38 AM	3613681418	1013.00	27.93	29.19	87.1	27.36	29.19	91.9	27.16	29.19	93.7	27.32	29.19	92.3
6/07/2018 10:23:39 AM	3613681419	1013.00	27.94	29.19	87.0	27.40	29.19	91.6	27.22	29.19	93.1	27.34	29.19	92.1
6/07/2018 10:23:40 AM	3613681420	1013.00	27.99	29.18	86.7	27.44	29.18	91.2	27.17	29.18	93.6	27.33	29.18	92.2
6/07/2018 10:23:41 AM	3613681421	1013.00	27.93	29.17	87.2	27.44	29.17	91.3	27.18	29.17	93.5	27.31	29.17	92.4
6/07/2018 10:23:42 AM	3613681422	1013.00	27.94	29.17	87.1	27.40	29.17	91.6	27.18	29.17	93.5	27.35	29.17	92.0
6/07/2018 10:23:43 AM	3613681423	1013.00	27.98	29.17	86.8	27.43	29.17	91.3	27.24	29.17	93.0	27.39	29.17	91.7
6/07/2018 10:23:44 AM	3613681424	1013.00	27.98	29.17	86.8	27.45	29.17	91.2	27.21	29.17	93.3	27.33	29.17	92.2
6/07/2018 10:23:45 AM	3613681425	1013.00	27.96	29.17	86.9	27.46	29.17	91.1	27.20	29.17	93.4	27.36	29.17	91.9
6/07/2018 10:23:46 AM	3613681426	1013.00	27.96	29.18	86.9	27.40	29.18	91.6	27.19	29.18	93.4	27.35	29.18	92.0
6/07/2018 10:23:47 AM	3613681427	1013.00	27.96	29.19	86.9	27.39	29.19	91.7	27.20	29.19	93.3	27.34	29.19	92.1
6/07/2018 10:23:48 AM	3613681428	1013.00	28.01	29.19	86.5	27.37	29.19	91.8	27.20	29.19	93.3	27.41	29.19	91.5
6/07/2018 10:23:49 AM	3613681429	1013.00	28.00	29.19	86.6	27.37	29.19	91.8	27.25	29.19	92.9	27.36	29.19	91.9
6/07/2018 10:23:50 AM	3613681430	1013.00	28.00	29.19	86.6	27.47	29.19	91.0	27.18	29.19	93.5	27.31	29.19	92.4
6/07/2018 10:23:51 AM	3613681431	1013.00	27.99	29.19	86.6	27.43	29.19	91.3	27.20	29.19	93.3	27.37	29.19	91.8
6/07/2018 10:23:52 AM	3613681432	1013.00	28.01	29.18	86.5	27.43	29.18	91.3	27.24	29.18	93.0	27.36	29.18	91.9
6/07/2018 10:23:53 AM	3613681433	1013.00	27.98	29.17	86.8	27.41	29.17	91.5	27.21	29.17	93.3	27.37	29.17	91.9
6/07/2018 10:23:54 AM	3613681434	1013.00	28.02	29.18	86.4	27.43	29.18	91.3	27.19	29.18	93.4	27.45	29.18	91.2
6/07/2018 10:23:55 AM	3613681435	1013.00	27.99	29.17	86.7	27.46	29.17	91.1	27.23	29.17	93.1	27.39	29.17	91.7
6/07/2018 10:23:56 AM	3613681436	1013.00	27.99	29.17	86.7	27.50	29.17	90.7	27.16	29.17	93.7	27.37	29.17	91.9
6/07/2018 10:23:57 AM	3613681437	1013.00	28.03	29.17	86.4	27.47	29.17	91.0	27.19	29.17	93.4	27.40	29.17	91.6
6/07/2018 10:23:58 AM	3613681438	1013.00	28.05	29.18	86.2	27.49	29.18	90.8	27.27	29.18	92.7	27.41	29.18	91.5
6/07/2018 10:23:59 AM	3613681439	1013.00	28.00	29.17	86.6	27.46	29.17	91.1	27.23	29.17	93.1	27.41	29.17	91.5
6/07/2018 10:24:00 AM	3613681440	1013.00	28.01	29.18	86.5	27.41	29.18	91.5	27.20	29.18	93.3	27.40	29.18	91.6
6/07/2018 10:24:01 AM	3613681441	1013.00	27.98	29.19	86.7	27.45	29.19	91.1	27.27	29.19	92.7	27.44	29.19	91.2
6/07/2018 10:24:02 AM	3613681442	1013.00	28.03	29.19	86.3	27.49	29.19	90.8	27.23	29.19	93.1	27.40	29.19	91.6
6/07/2018 10:24:03 AM	3613681443	1013.00	28.05	29.19	86.2	27.48	29.19	90.9	27.27	29.19	92.7	27.40	29.19	91.6
6/07/2018 10:24:04 AM	3613681444	1013.00	28.01	29.19	86.5	27.43	29.19	91.3	27.23	29.19	93.1	27.49	29.19	90.8
6/07/2018 10:24:05 AM	3613681445	1013.00	28.06	29.19	86.1	27.46	29.19	91.1	27.25	29.19	92.9	27.44	29.19	91.2
6/07/2018 10:24:06 AM	3613681446	1013.00	28.00	29.18	86.6	27.50	29.18	90.7	27.29	29.18	92.5	27.43	29.18	91.3
6/07/2018 10:24:07 AM	3613681447	1013.00	28.02	29.18	86.4	27.51	29.18	90.6	27.28	29.18	92.6	27.50	29.18	90.7
6/07/2018 10:24:08 AM	3613681448	1013.00	28.06	29.18	86.1	27.47	29.18	91.0	27.25	29.18	92.9	27.50	29.18	90.7
6/07/2018 10:24:09 AM	3613681449	1013.00	28.05	29.18	86.2	27.54	29.18	90.4	27.24	29.18	93.0	27.51	29.18	90.6
6/07/2018 10:24:10 AM	3613681450	1013.00	28.07	29.17	86.0	27.53	29.17	90.5	27.28	29.17	92.6	27.52	29.17	90.6
6/07/2018 10:24:11 AM	3613681451	1013.00	28.03	29.17	86.4	27.55	29.17	90.3	27.21	29.17	93.3	27.48	29.17	90.9
6/07/2018 10:24:12 AM	3613681452	1013.00	28.04	29.18	86.3	27.52	29.18	90.6	27.27	29.18	92.7	27.55	29.18	90.3
6/07/2018 10:24:13 AM	3613681453	1013.00	28.03	29.18	86.3	27.46	29.18	91.1	27.29	29.18	92.5	27.47	29.18	91.0
6/07/2018 10:24:14 AM	3613681454	1013.00	28.05	29.17	86.2	27.42	29.17	91.4	27.20	29.17	93.4	27.50	29.17	90.7
6/07/2018 10:24:15 AM	3613681455	1013.00	28.06	29.17	86.1	27.40	29.17	91.6	27.25	29.17	92.9	27.49	29.17	90.8
6/07/2018 10:24:16 AM	3613681456	1013.00	28.10	29.17	85.8	27.53	29.17	90.5	27.28	29.17	92.6	27.52	29.17	90.6
6/07/2018 10:24:17 AM	3613681457	1013.00	28.09	29.17	85.9	27.41	29.17	91.5	27.26	29.17	92.8	27.57	29.17	90.1
6/07/2018 10:24:18 AM	3613681458	1013.00	28.04	29.16	86.3	27.54	29.16	90.4	27.23	29.16	93.1	27.50	29.16	90.8
6/07/2018 10:24:19 AM	3613681459	1013.00	28.04	29.16	86.3	27.51	29.16	90.7	27.26	29.16	92.8	27.53	29.16	90.5
6/07/2018 10:24:20 AM	3613681460	1013.00	28.08	29.16	86.0	27.51	29.16	90.7	27.26	29.16	92.8	27.57	29.16	90.2
6/07/2018 10:24:21 AM	3613681461	1013.00	28.08	29.16	86.0	27.49	29.16	90.8	27.27	29.16	92.7	27.57	29.16	90.2
6/07/2018 10:24:22 AM	3613681462	1013.00	28.11	29.16	85.7	27.51	29.16	90.7	27.26	29.16	92.8	27.56	29.16	90.2
6/07/2018 10:24:23 AM	3613681463	1013.00	28.07	29.16	86.0	27.47	29.16	91.0	27.27	29.16	92.7	27.58	29.16	90.1
6/07/2018 10:24:24 AM	3613681464	1013.00	28.07	29.16	86.0	27.48	29.16	90.9	27.27	29.16	92.7	27.61	29.16	89.8
6/07/2018 10:24:25 AM	3613681465	1013.00	28.07	29.17	86.0	27.44	29.17	91.3	27.27	29.17	92.7	27.57	29.17	90.1
6/07/2018 10:24:26 AM	3613681466	1013.00	28.05	29.17	86.2	27.52	29.17	90.6	27.31	29.17	92.4	27.58	29.17	90.1
6/07/2018 10:24:27 AM	3613681467	1013.00	28.05	29.17	86.2	27.55	29.17	90.3	27.25	29.17	92.9	27.62	29.17	89.7
6/07/2018 10:24:28 AM	3613681468	1013.00	28.07	29.17	86.0	27.53	29.17	90.5	27.30	29.17	92.5	27.61	29.17	89.8
6/07/2018 10:24:29 AM	3613681469	1013.00	28.07	29.17	86.0	27.49	29.17	90.8	27.27	29.17	92.7	27.59	29.17	90.0
6/07/2018 10:24:30 AM	3613681470	1013.00	28.03	29.17	86.4	27.46	29.17	91.1	27.30	29.17	92.5	27.58	29.17	90.1
6/07/2018 10:24:31 AM	3613681471	1013.00	28.05	29.17	86.2	27.52	29.17	90.6	27.30	29.17	92.5	27.60	29.17	89.9
6/07/2018 10:24:32 AM	3613681472	1013.00	28.10	29.17	85.8	27.50	29.17	90.7	27.34	29.17	92.1	27.60	29.17	89.9
6/07/2018 10:24:33 AM	3613681473	1013.00	28.10	29.17	85.8	27.54	29.17	90.4	27.30	29.17	92.5	27.65	29.17	89.5
6/07/2018 10:24:34 AM	3613681474	1013.00	28.07	29.17	86.0	27.51	29.17	90.7	27.28	29.17	92.6	27.54	29.17	90.4
6/07/2018 10:24:35 AM	3613681475	1013.00	28.05	29.17	86.2	27.50	29.17	90.7	27.29	29.17	92.6	27.68	29.17	89.2
6/07/2018 10:24:36 AM	3613681476	1013.00	28.04	29.17	86.3	27.55	29.17	90.3	27.26	29.17	92.8	27.63	29.17	89.6
6/07/2018 10:24:37 AM	3613681477	1013.00	28.09	29.17	85.9	27.49	29.17	90.8	27.35	29.17	92.0	27.65	29.17	89.5
6/07/2018 10:24:38 AM	3613681478	1013.00	28.11	29.16	85.7	27.52	29.16	90.6	27.31	29.16	92.4	27.64	29.16	89.6
6/07/2018 10:24:39 AM	3613681479	1013.00	28.08	29.16	86.0	27.53	29.16	90.5	27.28	29.16	92.7	27.67	29.16	89.3
6/07/2018 10:24:40 AM	3613681480	1013.00	28.04	29.15	86.3	27.46	29.15	91.1	27.26	29.15	92.9	27.64	29.15	89.6
6/07/2018 10:24:41 AM	3613681481	1013.00	28.09	29.16	85.9	27.52	29.16	90.6	27.31	29.16	92.4	27.69	29.16	89.2
6/07/2018 10:24:42 AM	3613681482	1013.00	28.15	29.16	85.4	27.55	29.16	90.3	27.30	29.16	92.5	27.63	29.16	89.7
6/07/2018 10:24:43 AM	3613681483	1013.00	28.09	29.16	85.9	27.55	29.16	90.3	27.30	29.16	92.5	27.67	29.16	89.3
6/07/2018 10:24:44 AM	3613681484	1013.00	28.15	29.17	85.4	27.52	29.17	90.6	27.30	29.17	92.5	27.65	29.17	89.5
6/07/2018 10:24:45 AM	3613681485	1013.00	28.10	29.17	85.8	27.58	29.17	90.1	27.29	29.17	92.6	27.71	29.17	89.0
6/07/2018 10:24:46 AM	3613681486	1013.00	28.17	29.16	85.3	27.52	29.16	90.6	27.31	29.16	92.4	27.66	29.16	89.4
6/07/2018 10:24:47 AM	3613681487	1013.00	28.18	29.16	85.2	27.54	29.16	90.4	27.29	29.16	92.6	27.65	29.16	89.5
6/07/2018 10:24:48 AM	3613681488	1013.00	28.17	29.16	85.3	27.56	29.16	90.2	27.37	29.16	91.9	27.67	29.16	89.3
6/07/2018 10:24:49 AM	3613681489	1013.00	28.19	29.15	85.1	27.56	29.15	90.3	27.32	29.15	92.3	27.67	29.15	89.3
6/07/2018 10:24:50 AM	3613681490	1013.00	28.17	29.15	85.3	27.55	29.15	90.3	27.38	29.15	91.8	27.67	29.15	89.3
6/07/2018 10:24:51 AM	3613681491	1013.00	28.16	29.15	85.3	27.54	29.15	90.4	27.34	29.15	92.2	27.72	29.15	88.9
6/07/2018 10:24:52 AM	3613681492	1013.00	28.15	29.14	85.4	27.54	29.14	90.4	27.35	29.14	92.1	27.65	29.14	89.5
6/07/2018 10:24:53 AM	3613681493	1013.00	28.20	29.14	85.0	27.58	29.14	90.1	27.31	29.14	92.4	27.73	29.14	88.9
6/07/2018 10:24:54 AM	3613681494	1013.00	28.17	29.14	85.3	27.57	29.14	90.2	27.31	29.14	92.4	27.71	29.14	89.0
6/07/2018 10:24:55 AM	3613681495	1013.00	28.21	29.15	85.0	27.57	29.15	90.2	27.32	29.15	92.3	27.74	29.15	88.8
6/07/2018 10:24:56 AM	3613681496	1013.00	28.21	29.16	84.9	27.65	29.16	89.5	27.34	29.16	92.1	27.70	29.16	89.1
6/07/2018 10:24:57 AM	3613681497	1013.00	28.17	29.16	85.3	27.57	29.16	90.2	27.35	29.16	92.1	27.74	29.16	88.7
6/07/2018 10:24:58 AM	3613681498	1013.00	28.19	29.16	85.1	27.57	29.16	90.2	27.32	29.16	92.3	27.76	29.16	88.6
6/07/2018 10:24:59 AM	3613681499	1013.00	28.22	29.16	84.9	27.56	29.16	90.2	27.38	29.16	91.8	27.74	29.16	88.7
6/07/2018 10:25:00 AM	3613681500	1013.00	28.18	29.16	85.2	27.60	29.16	89.9	27.29	29.16	92.6	27.72	29.16	88.9
6/07/2018 10:25:01 AM	3613681501	1013.00	28.14	29.16	85.5	27.61	29.16	89.8	27.31	29.16	92.4	27.70	29.16	89.1
6/07/2018 10:25:02 AM	3613681502	1013.00	28.19	29.16	85.1	27.62	29.16	89.7	27.33	29.16	92.2	27.76	29.16	88.6
6/07/2018 10:25:03 AM	3613681503	1013.00	28.20	29.16	85.0	27.58	29.16	90.1	27.35	29.16	92.1	27.81	29.16	88.2
6/07/2018 10:25:04 AM	3613681504	1013.00	28.20	29.16	85.0	27.67	29.16	89.3	27.37	29.16	91.9	27.78	29.16	88.4
6/07/2018 10:25:05 AM	3613681505	1013.00	28.23	29.16	84.8	27.61	29.16	89.8	27.36	29.16	92.0	27.80	29.16	88.2
6/07/2018 10:25:06 AM	3613681506	1013.00	28.23	29.16	84.8	27.60	29.16	89.9	27.38	29.16	91.8	27.80	29.16	88.2
6/07/2018 10:25:07 AM	3613681507	1013.00	28.20	29.16	85.0	27.62	29.16	89.7	27.33	29.16	92.2	27.76	29.16	88.6
6/07/2018 10:25:08 AM	3613681508	1013.00	28.22	29.16	84.9	27.60	29.16	89.9	27.38	29.16	91.8	27.80	29.16	88.2
6/07/2018 10:25:09 AM	3613681509	1013.00	28.24	29.15	84.7	27.66	29.15	89.4	27.35	29.15	92.1	27.79	29.15	88.3
6/07/2018 10:25:10 AM	3613681510	1013.00	28.24	29.15	84.7	27.69	29.15	89.2	27.38	29.15	91.8	27.76	29.15	88.6
6/07/2018 10:25:11 AM	3613681511	1013.00	28.23	29.15	84.8	27.64	29.15	89.6	27.33	29.15	92.2	27.75	29.15	88.7
6/07/2018 10:25:12 AM	3613681512	1013.00	28.19	29.15	85.1	27.68	29.15	89.3	27.32	29.15	92.3	27.79	29.15	88.3
6/07/2018 10:25:13 AM	3613681513	1013.00	28.26	29.15	84.6	27.68	29.15	89.3	27.38	29.15	91.8	27.81	29.15	88.2
6/07/2018 10:25:14 AM	3613681514	1013.00	28.27	29.16	84.5	27.65	29.16	89.5	27.33	29.16	92.2	27.79	29.16	88.3
6/07/2018 10:25:15 AM	3613681515	1013.00	28.23	29.16	84.8	27.69	29.16	89.2	27.39	29.16	91.7	27.82	29.16	88.1
6/07/2018 10:25:16 AM	3613681516	1013.00	28.25	29.16	84.6	27.62	29.16	89.7	27.36	29.16	92.0	27.81	29.16	88.2
6/07/2018 10:25:17 AM	3613681517	1013.00	28.26	29.16	84.5	27.56	29.16	90.2	27.40	29.16	91.6	27.88	29.16	87.6
6/07/2018 10:25:18 AM	3613681518	1013.00	28.23	29.16	84.8	27.67	29.16	89.3	27.38	29.16	91.8	27.88	29.16	87.6
6/07/2018 10:25:19 AM	3613681519	1013.00	28.27	29.16	84.5	27.65	29.16	89.5	27.38	29.16	91.8	27.88	29.16	87.6
6/07/2018 10:25:20 AM	3613681520	1013.00	28.25	29.16	84.6	27.64	29.16	89.6	27.40	29.16	91.6	27.82	29.16	88.1
6/07/2018 10:25:21 AM	3613681521	1013.00	28.27	29.15	84.5	27.76	29.15	88.6	27.42	29.15	91.5	27.81	29.15	88.2
6/07/2018 10:25:22 AM	3613681522	1013.00	28.25	29.15	84.6	27.69	29.15	89.2	27.37	29.15	91.9	27.89	29.15	87.5
6/07/2018 10:25:23 AM	3613681523	1013.00	28.30	29.15	84.2	27.67	29.15	89.3	27.38	29.15	91.8	27.93	29.15	87.2
6/07/2018 10:25:24 AM	3613681524	1013.00	28.23	29.15	84.8	27.68	29.15	89.3	27.34	29.15	92.2	27.91	29.15	87.4
6/07/2018 10:25:25 AM	3613681525	1013.00	28.27	29.15	84.5	27.67	29.15	89.3	27.39	29.15	91.7	27.87	29.15	87.7
6/07/2018 10:25:26 AM	3613681526	1013.00	28.31	29.15	84.2	27.68	29.15	89.3	27.38	29.15	91.8	27.90	29.15	87.4
6/07/2018 10:25:27 AM	3613681527	1013.00	28.27	29.15	84.5	27.67	29.15	89.3	27.40	29.15	91.6	27.85	29.15	87.8
6/07/2018 10:25:28 AM	3613681528	1013.00	28.32	29.15	84.1	27.71	29.15	89.0	27.36	29.15	92.0	27.86	29.15	87.8
6/07/2018 10:25:29 AM	3613681529	1013.00	28.31	29.15	84.2	27.69	29.15	89.2	27.36	29.15	92.0	27.84	29.15	87.9
6/07/2018 10:25:30 AM	3613681530	1013.00	28.24	29.16	84.7	27.72	29.16	88.9	27.39	29.16	91.7	27.89	29.16	87.5
6/07/2018 10:25:31 AM	3613681531	1013.00	28.28	29.16	84.4	27.73	29.16	88.8	27.42	29.16	91.4	27.94	29.16	87.1
6/07/2018 10:25:32 AM	3613681532	1013.00	28.32	29.16	84.1	27.66	29.16	89.4	27.43	29.16	91.4	27.93	29.16	87.2
6/07/2018 10:25:33 AM	3613681533	1013.00	28.27	29.16	84.5	27.67	29.16	89.3	27.43	29.16	91.4	27.93	29.16	87.2
6/07/2018 10:25:34 AM	3613681534	1013.00	28.29	29.16	84.3	27.65	29.16	89.5	27.42	29.16	91.4	27.93	29.16	87.2
6/07/2018 10:25:35 AM	3613681535	1013.00	28.29	29.16	84.3	27.78	29.16	88.4	27.40	29.16	91.6	27.93	29.16	87.2
6/07/2018 10:25:36 AM	3613681536	1013.00	28.29	29.16	84.3	27.71	29.16	89.0	27.44	29.16	91.3	27.87	29.16	87.7
6/07/2018 10:25:37 AM	3613681537	1013.00	28.28	29.17	84.4	27.69	29.17	89.1	27.46	29.17	91.1	27.87	29.17	87.7
6/07/2018 10:25:38 AM	3613681538	1013.00	28.31	29.16	84.2	27.70	29.16	89.1	27.37	29.16	91.9	27.93	29.16	87.2
6/07/2018 10:25:39 AM	3613681539	1013.00	28.29	29.16	84.3	27.71	29.16	89.0	27.42	29.16	91.4	27.93	29.16	87.2
6/07/2018 10:25:40 AM	3613681540	1013.00	28.26	29.16	84.5	27.72	29.16	88.9	27.38	29.16	91.8	27.93	29.16	87.2
6/07/2018 10:25:41 AM	3613681541	1013.00	28.29	29.16	84.3	27.71	29.16	89.0	27.46	29.16	91.1	27.96	29.16	86.9
6/07/2018 10:25:42 AM	3613681542	1013.00	28.28	29.15	84.4	27.69	29.15	89.2	27.46	29.15	91.1	27.98	29.15	86.8
6/07/2018 10:25:43 AM	3613681543	1013.00	28.35	29.15	83.9	27.77	29.15	88.5	27.44	29.15	91.3	27.94	29.15	87.1
6/07/2018 10:25:44 AM	3613681544	1013.00	28.35	29.15	83.9	27.71	29.15	89.0	27.45	29.15	91.2	27.91	29.15	87.4
6/07/2018 10:25:45 AM	3613681545	1013.00	28.36	29.15	83.8	27.72	29.15	88.9	27.46	29.15	91.1	27.92	29.15	87.3
6/07/2018 10:25:46 AM	3613681546	1013.00	28.34	29.15	83.9	27.75	29.15	88.7	27.40	29.15	91.6	27.98	29.15	86.8
6/07/2018 10:25:47 AM	3613681547	1013.00	28.37	29.15	83.7	27.77	29.15	88.5	27.47	29.15	91.0	27.97	29.15	86.9
6/07/2018 10:25:48 AM	3613681548	1013.00	28.38	29.15	83.6	27.75	29.15	88.7	27.46	29.15	91.1	27.98	29.15	86.8
6/07/2018 10:25:49 AM	3613681549	1013.00	28.39	29.15	83.5	27.70	29.15	89.1	27.42	29.15	91.5	27.89	29.15	87.5
6/07/2018 10:25:50 AM	3613681550	1013.00	28.45	29.15	83.1	27.69	29.15	89.2	27.44	29.15	91.3	27.94	29.15	87.1
6/07/2018 10:25:51 AM	3613681551	1013.00	28.39	29.15	83.5	27.77	29.15	88.5	27.50	29.15	90.8	27.95	29.15	87.0
6/07/2018 10:25:52 AM	3613681552	1013.00	28.41	29.15	83.4	27.80	29.15	88.3	27.46	29.15	91.1	27.99	29.15	86.7
6/07/2018 10:25:53 AM	3613681553	1013.00	28.42	29.14	83.3	27.74	29.14	88.8	27.41	29.14	91.6	27.96	29.14	87.0
6/07/2018 10:25:54 AM	3613681554	1013.00	28.52	29.14	82.6	27.74	29.14	88.8	27.45	29.14	91.2	27.95	29.14	87.0
6/07/2018 10:25:55 AM	3613681555	1013.00	28.44	29.14	83.2	27.76	29.14	88.6	27.46	29.14	91.1	28.06	29.14	86.2
6/07/2018 10:25:56 AM	3613681556	1013.00	28.46	29.14	83.0	27.74	29.14	88.8	27.50	29.14	90.8	27.97	29.14	86.9
6/07/2018 10:25:57 AM	3613681557	1013.00	28.48	29.15	82.9	27.74	29.15	88.8	27.49	29.15	90.9	28.02	29.15	86.5
6/07/2018 10:25:58 AM	3613681558	1013.00	28.47	29.15	82.9	27.82	29.15	88.1	27.50	29.15	90.8	28.02	29.15	86.5
6/07/2018 10:25:59 AM	3613681559	1013.00	28.48	29.14	82.9	27.86	29.14	87.8	27.48	29.14	91.0	27.95	29.14	87.0
6/07/2018 10:26:00 AM	3613681560	1013.00	28.49	29.14	82.8	27.77	29.14	88.5	27.54	29.14	90.4	27.97	29.14	86.9
6/07/2018 10:26:01 AM	3613681561	1013.00	28.48	29.14	82.9	27.80	29.14	88.3	27.50	29.14	90.8	27.99	29.14	86.7
6/07/2018 10:26:02 AM	3613681562	1013.00	28.53	29.14	82.5	27.82	29.14	88.1	27.49	29.14	90.9	28.01	29.14	86.6
6/07/2018 10:26:03 AM	3613681563	1013.00	28.46	29.14	83.0	27.84	29.14	87.9	27.44	29.14	91.3	28.01	29.14	86.6
6/07/2018 10:26:04 AM	3613681564	1013.00	28.50	29.15	82.7	27.87	29.15	87.7	27.47	29.15	91.0	28.04	29.15	86.3
6/07/2018 10:26:05 AM	3613681565	1013.00	28.48	29.14	82.9	27.83	29.14	88.0	27.47	29.14	91.0	27.99	29.14	86.7
6/07/2018 10:26:06 AM	3613681566	1013.00	28.50	29.15	82.7	27.80	29.15	88.3	27.47	29.15	91.0	28.00	29.15	86.6
6/07/2018 10:26:07 AM	3613681567	1013.00	28.55	29.15	82.3	27.85	29.15	87.8	27.55	29.15	90.3	28.04	29.15	86.3
6/07/2018 10:26:08 AM	3613681568	1013.00	28.48	29.15	82.9	27.83	29.15	88.0	27.44	29.15	91.3	28.06	29.15	86.1
6/07/2018 10:26:09 AM	3613681569	1013.00	28.49	29.15	82.8	27.84	29.15	87.9	27.49	29.15	90.9	28.03	29.15	86.4
6/07/2018 10:26:10 AM	3613681570	1013.00	28.54	29.16	82.4	27.82	29.16	88.1	27.47	29.16	91.0	28.08	29.16	86.0
6/07/2018 10:26:11 AM	3613681571	1013.00	28.51	29.15	82.6	27.79	29.15	88.3	27.47	29.15	91.0	28.05	29.15	86.2
6/07/2018 10:26:12 AM	3613681572	1013.00	28.45	29.15	83.1	27.87	29.15	87.7	27.51	29.15	90.7	28.03	29.15	86.4
6/07/2018 10:26:13 AM	3613681573	1013.00	28.50	29.15	82.7	27.82	29.15	88.1	27.48	29.15	90.9	27.99	29.15	86.7
6/07/2018 10:26:14 AM	3613681574	1013.00	28.56	29.15	82.2	27.90	29.15	87.4	27.48	29.15	90.9	28.08	29.15	86.0
6/07/2018 10:26:15 AM	3613681575	1013.00	28.53	29.14	82.5	27.83	29.14	88.0	27.50	29.14	90.8	28.04	29.14	86.3
6/07/2018 10:26:16 AM	3613681576	1013.00	28.56	29.15	82.2	27.85	29.15	87.8	27.47	29.15	91.0	28.06	29.15	86.1
6/07/2018 10:26:17 AM	3613681577	1013.00	28.54	29.15	82.4	27.88	29.15	87.6	27.50	29.15	90.8	28.11	29.15	85.7
6/07/2018 10:26:18 AM	3613681578	1013.00	28.54	29.15	82.4	27.81	29.15	88.2	27.46	29.15	91.1	28.04	29.15	86.3
6/07/2018 10:26:19 AM	3613681579	1013.00	28.56	29.15	82.2	27.86	29.15	87.8	27.49	29.15	90.9	28.05	29.15	86.2
6/07/2018 10:26:20 AM	3613681580	1013.00	28.55	29.15	82.3	27.79	29.15	88.3	27.46	29.15	91.1	28.13	29.15	85.6
6/07/2018 10:26:21 AM	3613681581	1013.00	28.58	29.15	82.1	27.81	29.15	88.2	27.55	29.15	90.3	28.08	29.15	86.0
6/07/2018 10:26:22 AM	3613681582	1013.00	28.50	29.15	82.7	27.83	29.15	88.0	27.57	29.15	90.2	28.10	29.15	85.8
6/07/2018 10:26:23 AM	3613681583	1013.00	28.56	29.16	82.2	27.81	29.16	88.2	27.49	29.16	90.8	28.19	29.16	85.1
6/07/2018 10:26:24 AM	3613681584	1013.00	28.54	29.16	82.4	27.90	29.16	87.4	27.52	29.16	90.6	28.14	29.16	85.5
6/07/2018 10:26:25 AM	3613681585	1013.00	28.55	29.16	82.3	27.82	29.16	88.1	27.49	29.16	90.8	28.15	29.16	85.4
6/07/2018 10:26:26 AM	3613681586	1013.00	28.58	29.16	82.1	27.89	29.16	87.5	27.56	29.16	90.2	28.13	29.16	85.6
6/07/2018 10:26:27 AM	3613681587	1013.00	28.53	29.15	82.5	27.92	29.15	87.3	27.49	29.15	90.9	28.10	29.15	85.8
6/07/2018 10:26:28 AM	3613681588	1013.00	28.53	29.15	82.5	27.85	29.15	87.8	27.52	29.15	90.6	28.20	29.15	85.0
6/07/2018 10:26:29 AM	3613681589	1013.00	28.59	29.15	82.0	27.85	29.15	87.8	27.52	29.15	90.6	28.14	29.15	85.5
6/07/2018 10:26:30 AM	3613681590	1013.00	28.54	29.15	82.4	27.88	29.15	87.6	27.54	29.15	90.4	28.10	29.15	85.8
6/07/2018 10:26:31 AM	3613681591	1013.00	28.59	29.15	82.0	27.88	29.15	87.6	27.50	29.15	90.8	28.14	29.15	85.5
6/07/2018 10:26:32 AM	3613681592	1013.00	28.55	29.15	82.3	27.90	29.15	87.4	27.55	29.15	90.3	28.13	29.15	85.6
6/07/2018 10:26:33 AM	3613681593	1013.00	28.61	29.14	81.9	27.91	29.14	87.4	27.50	29.14	90.8	28.11	29.14	85.8
6/07/2018 10:26:34 AM	3613681594	1013.00	28.58	29.14	82.1	27.87	29.14	87.7	27.54	29.14	90.4	28.10	29.14	85.8
6/07/2018 10:26:35 AM	3613681595	1013.00	28.56	29.15	82.2	27.88	29.15	87.6	27.52	29.15	90.6	28.16	29.15	85.3
6/07/2018 10:26:36 AM	3613681596	1013.00	28.56	29.14	82.3	27.84	29.14	87.9	27.51	29.14	90.7	28.20	29.14	85.0
6/07/2018 10:26:37 AM	3613681597	1013.00	28.57	29.14	82.2	27.88	29.14	87.6	27.54	29.14	90.4	28.24	29.14	84.7
6/07/2018 10:26:38 AM	3613681598	1013.00	28.55	29.14	82.3	27.90	29.14	87.4	27.51	29.14	90.7	28.20	29.14	85.0
6/07/2018 10:26:39 AM	3613681599	1013.00	28.54	29.14	82.4	27.86	29.14	87.8	27.58	29.14	90.1	28.22	29.14	84.9
6/07/2018 10:26:40 AM	3613681600	1013.00	28.56	29.14	82.3	27.89	29.14	87.5	27.56	29.14	90.3	28.20	29.14	85.0
6/07/2018 10:26:41 AM	3613681601	1013.00	28.57	29.14	82.2	27.89	29.14	87.5	27.50	29.14	90.8	28.22	29.14	84.9
6/07/2018 10:26:42 AM	3613681602	1013.00	28.55	29.14	82.3	27.92	29.14	87.3	27.52	29.14	90.6	28.20	29.14	85.0
6/07/2018 10:26:43 AM	3613681603	1013.00	28.57	29.14	82.2	27.90	29.14	87.4	27.61	29.14	89.9	28.21	29.14	85.0
6/07/2018 10:26:44 AM	3613681604	1013.00	28.59	29.14	82.0	27.85	29.14	87.9	27.60	29.14	89.9	28.29	29.14	84.3
6/07/2018 10:26:45 AM	3613681605	1013.00	28.62	29.14	81.8	27.94	29.14	87.1	27.57	29.14	90.2	28.24	29.14	84.7
6/07/2018 10:26:46 AM	3613681606	1013.00	28.60	29.14	82.0	27.88	29.14	87.6	27.60	29.14	89.9	28.26	29.14	84.6
6/07/2018 10:26:47 AM	3613681607	1013.00	28.57	29.14	82.2	27.89	29.14	87.5	27.59	29.14	90.0	28.25	29.14	84.7
6/07/2018 10:26:48 AM	3613681608	1013.00	28.58	29.14	82.1	27.90	29.14	87.4	27.58	29.14	90.1	28.25	29.14	84.7
6/07/2018 10:26:49 AM	3613681609	1013.00	28.54	29.14	82.4	27.91	29.14	87.4	27.63	29.14	89.7	28.29	29.14	84.3
6/07/2018 10:26:50 AM	3613681610	1013.00	28.62	29.14	81.8	27.88	29.14	87.6	27.59	29.14	90.0	28.29	29.14	84.3
6/07/2018 10:26:51 AM	3613681611	1013.00	28.57	29.13	82.2	27.90	29.13	87.5	27.63	29.13	89.7	28.23	29.13	84.8
6/07/2018 10:26:52 AM	3613681612	1013.00	28.60	29.13	82.0	27.89	29.13	87.5	27.59	29.13	90.0	28.26	29.13	84.6
6/07/2018 10:26:53 AM	3613681613	1013.00	28.61	29.13	81.9	27.91	29.13	87.4	27.63	29.13	89.7	28.34	29.13	84.0
6/07/2018 10:26:54 AM	3613681614	1013.00	28.58	29.13	82.1	27.88	29.13	87.6	27.61	29.13	89.9	28.29	29.13	84.4
6/07/2018 10:26:55 AM	3613681615	1013.00	28.59	29.13	82.0	27.86	29.13	87.8	27.64	29.13	89.6	28.32	29.13	84.1
6/07/2018 10:26:56 AM	3613681616	1013.00	28.58	29.13	82.1	27.93	29.13	87.2	27.58	29.13	90.1	28.29	29.13	84.4
6/07/2018 10:26:57 AM	3613681617	1013.00	28.62	29.13	81.8	27.86	29.13	87.8	27.61	29.13	89.9	28.29	29.13	84.4
6/07/2018 10:26:58 AM	3613681618	1013.00	28.63	29.13	81.7	27.89	29.13	87.5	27.65	29.13	89.5	28.27	29.13	84.5
6/07/2018 10:26:59 AM	3613681619	1013.00	28.67	29.13	81.4	27.99	29.13	86.7	27.61	29.13	89.9	28.30	29.13	84.3
6/07/2018 10:27:00 AM	3613681620	1013.00	28.59	29.13	82.0	27.89	29.13	87.5	27.65	29.13	89.5	28.29	29.13	84.4
6/07/2018 10:27:01 AM	3613681621	1013.00	28.68	29.13	81.4	27.91	29.13	87.4	27.59	29.13	90.0	28.32	29.13	84.1
6/07/2018 10:27:02 AM	3613681622	1013.00	28.66	29.13	81.5	27.99	29.13	86.7	27.67	29.13	89.4	28.31	29.13	84.2
6/07/2018 10:27:03 AM	3613681623	1013.00	28.62	29.13	81.8	28.00	29.13	86.7	27.65	29.13	89.5	28.31	29.13	84.2
6/07/2018 10:27:04 AM	3613681624	1013.00	28.65	29.12	81.6	27.90	29.12	87.5	27.64	29.12	89.6	28.34	29.12	84.0
6/07/2018 10:27:05 AM	3613681625	1013.00	28.62	29.12	81.8	27.93	29.12	87.2	27.63	29.12	89.7	28.32	29.12	84.1
6/07/2018 10:27:06 AM	3613681626	1013.00	28.61	29.11	81.9	27.91	29.11	87.4	27.63	29.11	89.7	28.39	29.11	83.6
6/07/2018 10:27:07 AM	3613681627	1013.00	28.66	29.11	81.6	27.97	29.11	86.9	27.70	29.11	89.1	28.36	29.11	83.8
6/07/2018 10:27:08 AM	3613681628	1013.00	28.67	29.11	81.5	28.01	29.11	86.6	27.69	29.11	89.2	28.36	29.11	83.8
6/07/2018 10:27:09 AM	3613681629	1013.00	28.66	29.12	81.5	27.94	29.12	87.2	27.66	29.12	89.5	28.30	29.12	84.3
6/07/2018 10:27:10 AM	3613681630	1013.00	28.67	29.13	81.4	27.92	29.13	87.3	27.65	29.13	89.5	28.34	29.13	84.0
6/07/2018 10:27:11 AM	3613681631	1013.00	28.68	29.13	81.4	27.93	29.13	87.2	27.67	29.13	89.4	28.39	29.13	83.6
6/07/2018 10:27:12 AM	3613681632	1013.00	28.66	29.13	81.5	27.95	29.13	87.1	27.68	29.13	89.3	28.37	29.13	83.7
6/07/2018 10:27:13 AM	3613681633	1013.00	28.68	29.13	81.4	28.00	29.13	86.7	27.68	29.13	89.3	28.30	29.13	84.3
6/07/2018 10:27:14 AM	3613681634	1013.00	28.70	29.13	81.2	28.06	29.13	86.2	27.62	29.13	89.8	28.37	29.13	83.7
6/07/2018 10:27:15 AM	3613681635	1013.00	28.66	29.12	81.5	27.98	29.12	86.8	27.60	29.12	90.0	28.40	29.12	83.5
6/07/2018 10:27:16 AM	3613681636	1013.00	28.68	29.12	81.4	27.97	29.12	86.9	27.72	29.12	89.0	28.33	29.12	84.1
6/07/2018 10:27:17 AM	3613681637	1013.00	28.69	29.12	81.3	28.00	29.12	86.7	27.68	29.12	89.3	28.34	29.12	84.0
6/07/2018 10:27:18 AM	3613681638	1013.00	28.66	29.12	81.5	28.08	29.12	86.0	27.65	29.12	89.5	28.35	29.12	83.9
6/07/2018 10:27:19 AM	3613681639	1013.00	28.69	29.11	81.3	27.99	29.11	86.8	27.67	29.11	89.4	28.33	29.11	84.1
6/07/2018 10:27:20 AM	3613681640	1013.00	28.71	29.11	81.2	28.00	29.11	86.7	27.71	29.11	89.1	28.42	29.11	83.4
6/07/2018 10:27:21 AM	3613681641	1013.00	28.69	29.11	81.3	28.01	29.11	86.6	27.67	29.11	89.4	28.41	29.11	83.4
6/07/2018 10:27:22 AM	3613681642	1013.00	28.69	29.11	81.3	28.01	29.11	86.6	27.63	29.11	89.7	28.40	29.11	83.5
6/07/2018 10:27:23 AM	3613681643	1013.00	28.73	29.11	81.0	28.00	29.11	86.7	27.65	29.11	89.6	28.42	29.11	83.4
6/07/2018 10:27:24 AM	3613681644	1013.00	28.69	29.11	81.3	28.02	29.11	86.5	27.72	29.11	89.0	28.34	29.11	84.0
6/07/2018 10:27:25 AM	3613681645	1013.00	28.69	29.11	81.3	28.02	29.11	86.5	27.66	29.11	89.5	28.41	29.11	83.4
6/07/2018 10:27:26 AM	3613681646	1013.00	28.70	29.11	81.3	28.06	29.11	86.2	27.72	29.11	89.0	28.41	29.11	83.4
6/07/2018 10:27:27 AM	3613681647	1013.00	28.69	29.11	81.3	28.04	29.11	86.4	27.63	29.11	89.7	28.41	29.11	83.4
6/07/2018 10:27:28 AM	3613681648	1013.00	28.73	29.11	81.0	28.04	29.11	86.4	27.71	29.11	89.1	28.46	29.11	83.1
6/07/2018 10:27:29 AM	3613681649	1013.00	28.68	29.11	81.4	28.08	29.11	86.0	27.75	29.11	88.7	28.42	29.11	83.4
6/07/2018 10:27:30 AM	3613681650	1013.00	28.73	29.11	81.0	28.06	29.11	86.2	27.65	29.11	89.6	28.40	29.11	83.5
6/07/2018 10:27:31 AM	3613681651	1013.00	28.72	29.11	81.1	28.10	29.11	85.9	27.71	29.11	89.1	28.47	29.11	83.0
6/07/2018 10:27:32 AM	3613681652	1013.00	28.72	29.11	81.1	28.08	29.11	86.0	27.69	29.11	89.2	28.44	29.11	83.2
6/07/2018 10:27:33 AM	3613681653	1013.00	28.70	29.11	81.3	28.06	29.11	86.2	27.69	29.11	89.2	28.38	29.11	83.7
6/07/2018 10:27:34 AM	3613681654	1013.00	28.70	29.11	81.3	28.07	29.11	86.1	27.71	29.11	89.1	28.41	29.11	83.4
6/07/2018 10:27:35 AM	3613681655	1013.00	28.73	29.10	81.0	28.04	29.10	86.4	27.71	29.10	89.1	28.46	29.10	83.1
6/07/2018 10:27:36 AM	3613681656	1013.00	28.74	29.11	81.0	28.05	29.11	86.3	27.76	29.11	88.6	28.45	29.11	83.1
6/07/2018 10:27:37 AM	3613681657	1013.00	28.78	29.11	80.7	28.06	29.11	86.2	27.66	29.11	89.5	28.43	29.11	83.3
6/07/2018 10:27:38 AM	3613681658	1013.00	28.72	29.11	81.1	28.10	29.11	85.9	27.72	29.11	89.0	28.45	29.11	83.1
6/07/2018 10:27:39 AM	3613681659	1013.00	28.71	29.11	81.2	28.07	29.11	86.1	27.76	29.11	88.6	28.44	29.11	83.2
6/07/2018 10:27:40 AM	3613681660	1013.00	28.74	29.11	81.0	28.08	29.11	86.0	27.71	29.11	89.1	28.50	29.11	82.8
6/07/2018 10:27:41 AM	3613681661	1013.00	28.69	29.11	81.3	28.05	29.11	86.3	27.79	29.11	88.4	28.52	29.11	82.6
6/07/2018 10:27:42 AM	3613681662	1013.00	28.77	29.11	80.7	28.06	29.11	86.2	27.75	29.11	88.7	28.51	29.11	82.7
6/07/2018 10:27:43 AM	3613681663	1013.00	28.77	29.10	80.7	28.12	29.10	85.7	27.71	29.10	89.1	28.56	29.10	82.3
6/07/2018 10:27:44 AM	3613681664	1013.00	28.72	29.10	81.1	28.06	29.10	86.2	27.74	29.10	88.8	28.55	29.10	82.4
6/07/2018 10:27:45 AM	3613681665	1013.00	28.79	29.10	80.6	28.16	29.10	85.4	27.71	29.10	89.1	28.52	29.10	82.6
6/07/2018 10:27:46 AM	3613681666	1013.00	28.75	29.10	80.9	28.09	29.10	86.0	27.74	29.10	88.8	28.55	29.10	82.4
6/07/2018 10:27:47 AM	3613681667	1013.00	28.77	29.10	80.7	28.14	29.10	85.6	27.77	29.10	88.6	28.53	29.10	82.5
6/07/2018 10:27:48 AM	3613681668	1013.00	28.76	29.10	80.8	28.14	29.10	85.6	27.77	29.10	88.6	28.59	29.10	82.1
6/07/2018 10:27:49 AM	3613681669	1013.00	28.75	29.10	80.9	28.16	29.10	85.4	27.72	29.10	89.0	28.55	29.10	82.4
6/07/2018 10:27:50 AM	3613681670	1013.00	28.77	29.10	80.7	28.06	29.10	86.2	27.70	29.10	89.2	28.57	29.10	82.2
6/07/2018 10:27:51 AM	3613681671	1013.00	28.76	29.10	80.8	28.13	29.10	85.7	27.75	29.10	88.7	28.54	29.10	82.5
6/07/2018 10:27:52 AM	3613681672	1013.00	28.76	29.09	80.8	28.10	29.09	85.9	27.71	29.09	89.1	28.57	29.09	82.3
6/07/2018 10:27:53 AM	3613681673	1013.00	28.77	29.09	80.8	28.14	29.09	85.6	27.75	29.09	88.8	28.55	29.09	82.4
6/07/2018 10:27:54 AM	3613681674	1013.00	28.81	29.09	80.5	28.17	29.09	85.4	27.71	29.09	89.1	28.60	29.09	82.0
6/07/2018 10:27:55 AM	3613681675	1013.00	28.81	29.09	80.5	28.13	29.09	85.7	27.80	29.09	88.3	28.59	29.09	82.1
6/07/2018 10:27:56 AM	3613681676	1013.00	28.79	29.09	80.6	28.18	29.09	85.3	27.76	29.09	88.7	28.63	29.09	81.8
6/07/2018 10:27:57 AM	3613681677	1013.00	28.79	29.09	80.6	28.15	29.09	85.5	27.73	29.09	88.9	28.56	29.09	82.3
6/07/2018 10:27:58 AM	3613681678	1013.00	28.87	29.09	80.0	28.12	29.09	85.8	27.81	29.09	88.3	28.60	29.09	82.0
6/07/2018 10:27:59 AM	3613681679	1013.00	28.86	29.09	80.1	28.16	29.09	85.4	27.80	29.09	88.3	28.61	29.09	82.0
6/07/2018 10:28:00 AM	3613681680	1013.00	28.86	29.09	80.1	28.20	29.09	85.1	27.82	29.09	88.2	28.60	29.09	82.0
6/07/2018 10:28:01 AM	3613681681	1013.00	28.82	29.09	80.4	28.03	29.09	86.5	27.78	29.09	88.5	28.62	29.09	81.9
6/07/2018 10:28:02 AM	3613681682	1013.00	28.80	29.09	80.5	28.13	29.09	85.7	27.81	29.09	88.3	28.62	29.09	81.9
6/07/2018 10:28:03 AM	3613681683	1013.00	28.87	29.09	80.0	28.16	29.09	85.4	27.80	29.09	88.3	28.61	29.09	82.0
6/07/2018 10:28:04 AM	3613681684	1013.00	28.86	29.09	80.1	28.13	29.09	85.7	27.79	29.09	88.4	28.61	29.09	82.0
6/07/2018 10:28:05 AM	3613681685	1013.00	28.88	29.09	79.9	28.15	29.09	85.5	27.79	29.09	88.4	28.63	29.09	81.8
6/07/2018 10:28:06 AM	3613681686	1013.00	28.89	29.10	79.9	28.20	29.10	85.1	27.79	29.10	88.4	28.57	29.10	82.2
6/07/2018 10:28:07 AM	3613681687	1013.00	28.87	29.09	80.0	28.13	29.09	85.7	27.81	29.09	88.3	28.62	29.09	81.9
6/07/2018 10:28:08 AM	3613681688	1013.00	28.86	29.10	80.1	28.21	29.10	85.0	27.77	29.10	88.6	28.63	29.10	81.8
6/07/2018 10:28:09 AM	3613681689	1013.00	28.87	29.10	80.0	28.21	29.10	85.0	27.82	29.10	88.2	28.58	29.10	82.2
6/07/2018 10:28:10 AM	3613681690	1013.00	28.87	29.10	80.0	28.14	29.10	85.6	27.83	29.10	88.1	28.63	29.10	81.8
6/07/2018 10:28:11 AM	3613681691	1013.00	28.91	29.09	79.7	28.21	29.09	85.0	27.78	29.09	88.5	28.67	29.09	81.5
6/07/2018 10:28:12 AM	3613681692	1013.00	28.88	29.10	79.9	28.20	29.10	85.1	27.84	29.10	88.0	28.68	29.10	81.4
6/07/2018 10:28:13 AM	3613681693	1013.00	28.82	29.10	80.4	28.25	29.10	84.7	27.81	29.10	88.2	28.66	29.10	81.6
6/07/2018 10:28:14 AM	3613681694	1013.00	28.91	29.10	79.7	28.18	29.10	85.3	27.84	29.10	88.0	28.62	29.10	81.9
6/07/2018 10:28:15 AM	3613681695	1013.00	28.89	29.09	79.9	28.21	29.09	85.0	27.84	29.09	88.0	28.73	29.09	81.1
6/07/2018 10:28:16 AM	3613681696	1013.00	28.90	29.09	79.8	28.22	29.09	85.0	27.82	29.09	88.2	28.67	29.09	81.5
6/07/2018 10:28:17 AM	3613681697	1013.00	28.86	29.09	80.1	28.20	29.09	85.1	27.83	29.09	88.1	28.69	29.09	81.4
6/07/2018 10:28:18 AM	3613681698	1013.00	28.85	29.08	80.2	28.19	29.08	85.2	27.84	29.08	88.0	28.74	29.08	81.0
6/07/2018 10:28:19 AM	3613681699	1013.00	28.93	29.08	79.6	28.25	29.08	84.7	27.84	29.08	88.0	28.69	29.08	81.4
6/07/2018 10:28:20 AM	3613681700	1013.00	28.86	29.08	80.1	28.22	29.08	85.0	27.86	29.08	87.9	28.72	29.08	81.1
6/07/2018 10:28:21 AM	3613681701	1013.00	28.94	29.08	79.5	28.27	29.08	84.6	27.78	29.08	88.5	28.69	29.08	81.4
6/07/2018 10:28:22 AM	3613681702	1013.00	28.91	29.08	79.7	28.27	29.08	84.6	27.85	29.08	87.9	28.64	29.08	81.7
6/07/2018 10:28:23 AM	3613681703	1013.00	28.83	29.09	80.3	28.23	29.09	84.9	27.86	29.09	87.9	28.69	29.09	81.4
6/07/2018 10:28:24 AM	3613681704	1013.00	28.88	29.09	79.9	28.18	29.09	85.3	27.88	29.09	87.7	28.78	29.09	80.7
6/07/2018 10:28:25 AM	3613681705	1013.00	28.90	29.09	79.8	28.34	29.09	84.0	27.85	29.09	87.9	28.72	29.09	81.1
6/07/2018 10:28:26 AM	3613681706	1013.00	28.88	29.09	79.9	28.23	29.09	84.9	27.84	29.09	88.0	28.71	29.09	81.2
6/07/2018 10:28:27 AM	3613681707	1013.00	28.91	29.09	79.7	28.23	29.09	84.9	27.88	29.09	87.7	28.68	29.09	81.4
6/07/2018 10:28:28 AM	3613681708	1013.00	28.92	29.08	79.7	28.26	29.08	84.7	27.89	29.08	87.6	28.77	29.08	80.8
6/07/2018 10:28:29 AM	3613681709	1013.00	28.90	29.08	79.8	28.19	29.08	85.2	27.87	29.08	87.8	28.70	29.08	81.3
6/07/2018 10:28:30 AM	3613681710	1013.00	28.90	29.08	79.8	28.22	29.08	85.0	27.89	29.08	87.6	28.77	29.08	80.8
6/07/2018 10:28:31 AM	3613681711	1013.00	28.90	29.08	79.8	28.28	29.08	84.5	27.84	29.08	88.0	28.75	29.08	80.9
6/07/2018 10:28:32 AM	3613681712	1013.00	28.91	29.08	79.7	28.27	29.08	84.6	27.86	29.08	87.9	28.76	29.08	80.8
6/07/2018 10:28:33 AM	3613681713	1013.00	28.96	29.09	79.4	28.30	29.09	84.3	27.89	29.09	87.6	28.75	29.09	80.9
6/07/2018 10:28:34 AM	3613681714	1013.00	28.93	29.09	79.6	28.22	29.09	85.0	27.85	29.09	87.9	28.77	29.09	80.8
6/07/2018 10:28:35 AM	3613681715	1013.00	28.93	29.09	79.6	28.30	29.09	84.3	27.91	29.09	87.4	28.78	29.09	80.7
6/07/2018 10:28:36 AM	3613681716	1013.00	28.92	29.09	79.7	28.29	29.09	84.4	27.92	29.09	87.4	28.80	29.09	80.5
6/07/2018 10:28:37 AM	3613681717	1013.00	28.90	29.09	79.8	28.29	29.09	84.4	27.89	29.09	87.6	28.78	29.09	80.7
6/07/2018 10:28:38 AM	3613681718	1013.00	28.93	29.08	79.6	28.27	29.08	84.6	27.89	29.08	87.6	28.75	29.08	80.9
6/07/2018 10:28:39 AM	3613681719	1013.00	28.92	29.09	79.7	28.29	29.09	84.4	27.87	29.09	87.8	28.77	29.09	80.8
6/07/2018 10:28:40 AM	3613681720	1013.00	28.98	29.09	79.2	28.29	29.09	84.4	27.89	29.09	87.6	28.78	29.09	80.7
6/07/2018 10:28:41 AM	3613681721	1013.00	28.96	29.09	79.4	28.26	29.09	84.6	27.88	29.09	87.7	28.80	29.09	80.5
6/07/2018 10:28:42 AM	3613681722	1013.00	28.99	29.09	79.1	28.26	29.09	84.6	27.88	29.09	87.7	28.78	29.09	80.7
6/07/2018 10:28:43 AM	3613681723	1013.00	28.99	29.10	79.1	28.31	29.10	84.2	27.94	29.10	87.2	28.82	29.10	80.4
6/07/2018 10:28:44 AM	3613681724	1013.00	28.98	29.10	79.2	28.35	29.10	83.9	27.91	29.10	87.4	28.82	29.10	80.4
6/07/2018 10:28:45 AM	3613681725	1013.00	28.96	29.10	79.4	28.29	29.10	84.4	27.89	29.10	87.6	28.80	29.10	80.5
6/07/2018 10:28:46 AM	3613681726	1013.00	28.97	29.10	79.3	28.33	29.10	84.1	27.94	29.10	87.2	28.86	29.10	80.1
6/07/2018 10:28:47 AM	3613681727	1013.00	29.00	29.10	79.1	28.34	29.10	84.0	27.92	29.10	87.3	28.84	29.10	80.2
6/07/2018 10:28:48 AM	3613681728	1013.00	28.97	29.10	79.3	28.38	29.10	83.7	27.89	29.10	87.6	28.83	29.10	80.3
6/07/2018 10:28:49 AM	3613681729	1013.00	29.01	29.09	79.0	28.35	29.09	83.9	27.92	29.09	87.4	28.84	29.09	80.2
6/07/2018 10:28:50 AM	3613681730	1013.00	29.00	29.09	79.1	28.34	29.09	84.0	27.89	29.09	87.6	28.87	29.09	80.0
6/07/2018 10:28:51 AM	3613681731	1013.00	28.97	29.09	79.3	28.33	29.09	84.1	27.92	29.09	87.4	28.84	29.09	80.2
6/07/2018 10:28:52 AM	3613681732	1013.00	29.04	29.08	78.8	28.28	29.08	84.5	27.91	29.08	87.5	28.86	29.08	80.1
6/07/2018 10:28:53 AM	3613681733	1013.00	29.04	29.08	78.8	28.39	29.08	83.6	27.90	29.08	87.5	28.85	29.08	80.2
6/07/2018 10:28:54 AM	3613681734	1013.00	29.04	29.08	78.8	28.36	29.08	83.9	27.97	29.08	87.0	28.84	29.08	80.3
6/07/2018 10:28:55 AM	3613681735	1013.00	29.06	29.08	78.7	28.42	29.08	83.4	27.91	29.08	87.5	28.81	29.08	80.5
6/07/2018 10:28:56 AM	3613681736	1013.00	29.05	29.09	78.7	28.34	29.09	84.0	27.97	29.09	87.0	28.90	29.09	79.8
6/07/2018 10:28:57 AM	3613681737	1013.00	29.09	29.08	78.4	28.39	29.08	83.6	27.89	29.08	87.6	28.85	29.08	80.2
6/07/2018 10:28:58 AM	3613681738	1013.00	29.07	29.08	78.6	28.38	29.08	83.7	27.94	29.08	87.2	28.90	29.08	79.8
6/07/2018 10:28:59 AM	3613681739	1013.00	29.03	29.08	78.9	28.36	29.08	83.9	27.95	29.08	87.1	28.86	29.08	80.1
6/07/2018 10:29:00 AM	3613681740	1013.00	29.05	29.09	78.7	28.35	29.09	83.9	27.96	29.09	87.0	28.91	29.09	79.7
6/07/2018 10:29:01 AM	3613681741	1013.00	29.05	29.08	78.7	28.32	29.08	84.2	27.87	29.08	87.8	28.87	29.08	80.0
6/07/2018 10:29:02 AM	3613681742	1013.00	29.06	29.09	78.6	28.34	29.09	84.0	27.96	29.09	87.0	28.91	29.09	79.7
6/07/2018 10:29:03 AM	3613681743	1013.00	29.06	29.09	78.6	28.37	29.09	83.8	27.96	29.09	87.0	28.89	29.09	79.9
6/07/2018 10:29:04 AM	3613681744	1013.00	29.06	29.09	78.6	28.40	29.09	83.6	27.93	29.09	87.3	28.89	29.09	79.9
6/07/2018 10:29:05 AM	3613681745	1013.00	29.04	29.09	78.8	28.38	29.09	83.7	27.88	29.09	87.7	28.87	29.09	80.0
6/07/2018 10:29:06 AM	3613681746	1013.00	29.07	29.09	78.6	28.43	29.09	83.3	27.92	29.09	87.4	28.95	29.09	79.4
6/07/2018 10:29:07 AM	3613681747	1013.00	29.04	29.09	78.8	28.36	29.09	83.9	27.90	29.09	87.5	28.92	29.09	79.7
6/07/2018 10:29:08 AM	3613681748	1013.00	29.02	29.09	78.9	28.38	29.09	83.7	27.94	29.09	87.2	29.00	29.09	79.1
6/07/2018 10:29:09 AM	3613681749	1013.00	29.06	29.09	78.6	28.34	29.09	84.0	27.99	29.09	86.8	28.90	29.09	79.8
6/07/2018 10:29:10 AM	3613681750	1013.00	29.09	29.08	78.4	28.38	29.08	83.7	27.99	29.08	86.8	28.98	29.08	79.2
6/07/2018 10:29:11 AM	3613681751	1013.00	29.06	29.08	78.7	28.37	29.08	83.8	27.98	29.08	86.9	28.98	29.08	79.2
6/07/2018 10:29:12 AM	3613681752	1013.00	29.04	29.08	78.8	28.40	29.08	83.6	28.02	29.08	86.6	28.97	29.08	79.3
6/07/2018 10:29:13 AM	3613681753	1013.00	29.07	29.08	78.6	28.36	29.08	83.9	28.02	29.08	86.6	28.96	29.08	79.4
6/07/2018 10:29:14 AM	3613681754	1013.00	29.06	29.07	78.7	28.37	29.07	83.8	27.98	29.07	86.9	28.91	29.07	79.8
6/07/2018 10:29:15 AM	3613681755	1013.00	29.10	29.07	78.4	28.39	29.07	83.7	27.98	29.07	86.9	28.99	29.07	79.2
6/07/2018 10:29:16 AM	3613681756	1013.00	29.13	29.07	78.2	28.44	29.07	83.3	27.99	29.07	86.8	28.91	29.07	79.8
6/07/2018 10:29:17 AM	3613681757	1013.00	29.12	29.07	78.2	28.44	29.07	83.3	27.92	29.07	87.4	28.90	29.07	79.8
6/07/2018 10:29:18 AM	3613681758	1013.00	29.02	29.07	79.0	28.44	29.07	83.3	27.97	29.07	87.0	28.96	29.07	79.4
6/07/2018 10:29:19 AM	3613681759	1013.00	29.09	29.07	78.5	28.37	29.07	83.8	27.99	29.07	86.8	28.95	29.07	79.5
6/07/2018 10:29:20 AM	3613681760	1013.00	29.08	29.08	78.5	28.42	29.08	83.4	28.03	29.08	86.5	28.96	29.08	79.4
6/07/2018 10:29:21 AM	3613681761	1013.00	29.11	29.09	78.3	28.44	29.09	83.2	27.97	29.09	87.0	28.93	29.09	79.6
6/07/2018 10:29:22 AM	3613681762	1013.00	29.11	29.08	78.3	28.39	29.08	83.6	27.97	29.08	87.0	28.99	29.08	79.2
6/07/2018 10:29:23 AM	3613681763	1013.00	29.13	29.08	78.2	28.39	29.08	83.6	28.04	29.08	86.4	29.00	29.08	79.1
6/07/2018 10:29:24 AM	3613681764	1013.00	29.15	29.08	78.0	28.36	29.08	83.9	28.05	29.08	86.3	29.06	29.08	78.7
6/07/2018 10:29:25 AM	3613681765	1013.00	29.13	29.08	78.2	28.45	29.08	83.2	28.01	29.08	86.6	29.04	29.08	78.8
6/07/2018 10:29:26 AM	3613681766	1013.00	29.09	29.08	78.4	28.37	29.08	83.8	28.03	29.08	86.5	29.00	29.08	79.1
6/07/2018 10:29:27 AM	3613681767	1013.00	29.13	29.08	78.2	28.43	29.08	83.3	28.01	29.08	86.6	29.02	29.08	78.9
6/07/2018 10:29:28 AM	3613681768	1013.00	29.09	29.08	78.4	28.43	29.08	83.3	28.02	29.08	86.6	29.03	29.08	78.9
6/07/2018 10:29:29 AM	3613681769	1013.00	29.13	29.08	78.2	28.43	29.08	83.3	28.02	29.08	86.6	29.09	29.08	78.4
6/07/2018 10:29:30 AM	3613681770	1013.00	29.15	29.08	78.0	28.40	29.08	83.6	28.02	29.08	86.6	29.07	29.08	78.6
6/07/2018 10:29:31 AM	3613681771	1013.00	29.15	29.08	78.0	28.42	29.08	83.4	28.02	29.08	86.6	29.07	29.08	78.6
6/07/2018 10:29:32 AM	3613681772	1013.00	29.18	29.08	77.8	28.39	29.08	83.6	28.03	29.08	86.5	29.07	29.08	78.6
6/07/2018 10:29:33 AM	3613681773	1013.00	29.16	29.08	77.9	28.44	29.08	83.3	28.07	29.08	86.2	29.08	29.08	78.5
6/07/2018 10:29:34 AM	3613681774	1013.00	29.13	29.08	78.2	28.45	29.08	83.2	28.05	29.08	86.3	29.05	29.08	78.7
6/07/2018 10:29:35 AM	3613681775	1013.00	29.14	29.08	78.1	28.41	29.08	83.5	28.07	29.08	86.2	29.06	29.08	78.7
6/07/2018 10:29:36 AM	3613681776	1013.00	29.12	29.08	78.2	28.41	29.08	83.5	28.04	29.08	86.4	29.09	29.08	78.4
6/07/2018 10:29:37 AM	3613681777	1013.00	29.19	29.08	77.7	28.42	29.08	83.4	28.11	29.08	85.8	29.09	29.08	78.4
6/07/2018 10:29:38 AM	3613681778	1013.00	29.12	29.08	78.2	28.41	29.08	83.5	27.99	29.08	86.8	29.07	29.08	78.6
6/07/2018 10:29:39 AM	3613681779	1013.00	29.15	29.08	78.0	28.39	29.08	83.6	28.06	29.08	86.2	29.10	29.08	78.4
6/07/2018 10:29:40 AM	3613681780	1013.00	29.19	29.08	77.7	28.43	29.08	83.3	28.05	29.08	86.3	29.08	29.08	78.5
6/07/2018 10:29:41 AM	3613681781	1013.00	29.19	29.08	77.7	28.45	29.08	83.2	28.07	29.08	86.2	29.10	29.08	78.4
6/07/2018 10:29:42 AM	3613681782	1013.00	29.23	29.09	77.4	28.44	29.09	83.2	28.03	29.09	86.5	29.08	29.09	78.5
6/07/2018 10:29:43 AM	3613681783	1013.00	29.17	29.09	77.9	28.43	29.09	83.3	28.05	29.09	86.3	29.09	29.09	78.4
6/07/2018 10:29:44 AM	3613681784	1013.00	29.21	29.08	77.6	28.44	29.08	83.3	28.09	29.08	86.0	29.09	29.08	78.4
6/07/2018 10:29:45 AM	3613681785	1013.00	29.20	29.08	77.7	28.49	29.08	82.9	28.12	29.08	85.8	29.11	29.08	78.3
6/07/2018 10:29:46 AM	3613681786	1013.00	29.20	29.08	77.7	28.47	29.08	83.0	28.10	29.08	85.9	29.19	29.08	77.7
6/07/2018 10:29:47 AM	3613681787	1013.00	29.23	29.07	77.5	28.52	29.07	82.7	28.05	29.07	86.3	29.17	29.07	77.9
6/07/2018 10:29:48 AM	3613681788	1013.00	29.22	29.08	77.5	28.52	29.08	82.6	28.06	29.08	86.2	29.21	29.08	77.6
6/07/2018 10:29:49 AM	3613681789	1013.00	29.23	29.09	77.4	28.48	29.09	82.9	28.10	29.09	85.9	29.21	29.09	77.6
6/07/2018 10:29:50 AM	3613681790	1013.00	29.23	29.08	77.5	28.52	29.08	82.6	28.09	29.08	86.0	29.22	29.08	77.5
6/07/2018 10:29:51 AM	3613681791	1013.00	29.28	29.09	77.1	28.51	29.09	82.7	28.09	29.09	86.0	29.25	29.09	77.3
6/07/2018 10:29:52 AM	3613681792	1013.00	29.28	29.09	77.1	28.49	29.09	82.9	28.19	29.09	85.2	29.21	29.09	77.6
6/07/2018 10:29:53 AM	3613681793	1013.00	29.26	29.08	77.2	28.51	29.08	82.7	28.14	29.08	85.6	29.21	29.08	77.6
6/07/2018 10:29:54 AM	3613681794	1013.00	29.26	29.08	77.2	28.48	29.08	83.0	28.05	29.08	86.3	29.28	29.08	77.1
6/07/2018 10:29:55 AM	3613681795	1013.00	29.23	29.07	77.5	28.54	29.07	82.5	28.08	29.07	86.1	29.24	29.07	77.4
6/07/2018 10:29:56 AM	3613681796	1013.00	29.30	29.08	77.0	28.52	29.08	82.6	28.09	29.08	86.0	29.29	29.08	77.0
6/07/2018 10:29:57 AM	3613681797	1013.00	29.24	29.08	77.4	28.52	29.08	82.6	28.09	29.08	86.0	29.29	29.08	77.0
6/07/2018 10:29:58 AM	3613681798	1013.00	29.25	29.08	77.3	28.47	29.08	83.0	28.15	29.08	85.5	29.32	29.08	76.8
6/07/2018 10:29:59 AM	3613681799	1013.00	29.23	29.08	77.5	28.56	29.08	82.3	28.11	29.08	85.8	29.30	29.08	77.0
6/07/2018 10:30:00 AM	3613681800	1013.00	29.29	29.08	77.0	28.50	29.08	82.8	28.14	29.08	85.6	29.32	29.08	76.8
6/07/2018 10:30:01 AM	3613681801	1013.00	29.28	29.07	77.1	28.59	29.07	82.1	28.16	29.07	85.5	29.37	29.07	76.5
6/07/2018 10:30:02 AM	3613681802	1013.00	29.28	29.08	77.1	28.51	29.08	82.7	28.11	29.08	85.8	29.36	29.08	76.5
6/07/2018 10:30:03 AM	3613681803	1013.00	29.32	29.08	76.8	28.50	29.08	82.8	28.16	29.08	85.4	29.37	29.08	76.5
6/07/2018 10:30:04 AM	3613681804	1013.00	29.26	29.08	77.2	28.48	29.08	83.0	28.16	29.08	85.4	29.36	29.08	76.5
6/07/2018 10:30:05 AM	3613681805	1013.00	29.32	29.07	76.8	28.54	29.07	82.5	28.13	29.07	85.7	29.42	29.07	76.1
6/07/2018 10:30:06 AM	3613681806	1013.00	29.33	29.08	76.8	28.59	29.08	82.1	28.18	29.08	85.3	29.36	29.08	76.5
6/07/2018 10:30:07 AM	3613681807	1013.00	29.32	29.07	76.8	28.52	29.07	82.7	28.16	29.07	85.5	29.33	29.07	76.8
6/07/2018 10:30:08 AM	3613681808	1013.00	29.32	29.06	76.8	28.53	29.06	82.6	28.15	29.06	85.6	29.36	29.06	76.6
6/07/2018 10:30:09 AM	3613681809	1013.00	29.31	29.06	76.9	28.55	29.06	82.4	28.16	29.06	85.5	29.42	29.06	76.2
6/07/2018 10:30:10 AM	3613681810	1013.00	29.27	29.07	77.2	28.57	29.07	82.3	28.17	29.07	85.4	29.36	29.07	76.6
6/07/2018 10:30:11 AM	3613681811	1013.00	29.30	29.07	77.0	28.56	29.07	82.4	28.15	29.07	85.5	29.38	29.07	76.4
6/07/2018 10:30:12 AM	3613681812	1013.00	29.29	29.07	77.0	28.55	29.07	82.4	28.13	29.07	85.7	29.41	29.07	76.2
6/07/2018 10:30:13 AM	3613681813	1013.00	29.39	29.07	76.3	28.52	29.07	82.7	28.16	29.07	85.5	29.40	29.07	76.3
6/07/2018 10:30:14 AM	3613681814	1013.00	29.33	29.07	76.8	28.53	29.07	82.6	28.17	29.07	85.4	29.41	29.07	76.2
6/07/2018 10:30:15 AM	3613681815	1013.00	29.36	29.07	76.6	28.59	29.07	82.1	28.18	29.07	85.3	29.38	29.07	76.4
6/07/2018 10:30:16 AM	3613681816	1013.00	29.35	29.06	76.6	28.49	29.06	82.9	28.16	29.06	85.5	29.43	29.06	76.1
6/07/2018 10:30:17 AM	3613681817	1013.00	29.36	29.06	76.6	28.58	29.06	82.2	28.19	29.06	85.2	29.44	29.06	76.0
6/07/2018 10:30:18 AM	3613681818	1013.00	29.37	29.06	76.5	28.56	29.06	82.4	28.17	29.06	85.4	29.45	29.06	75.9
6/07/2018 10:30:19 AM	3613681819	1013.00	29.38	29.06	76.4	28.54	29.06	82.5	28.14	29.06	85.6	29.39	29.06	76.4
6/07/2018 10:30:20 AM	3613681820	1013.00	29.35	29.06	76.6	28.65	29.06	81.7	28.20	29.06	85.2	29.46	29.06	75.9
6/07/2018 10:30:21 AM	3613681821	1013.00	29.36	29.07	76.6	28.57	29.07	82.3	28.24	29.07	84.8	29.48	29.07	75.7
6/07/2018 10:30:22 AM	3613681822	1013.00	29.41	29.07	76.2	28.56	29.07	82.4	28.19	29.07	85.2	29.51	29.07	75.5
6/07/2018 10:30:23 AM	3613681823	1013.00	29.37	29.07	76.5	28.55	29.07	82.4	28.19	29.07	85.2	29.48	29.07	75.7
6/07/2018 10:30:24 AM	3613681824	1013.00	29.37	29.07	76.5	28.65	29.07	81.7	28.23	29.07	84.9	29.46	29.07	75.9
6/07/2018 10:30:25 AM	3613681825	1013.00	29.38	29.07	76.4	28.57	29.07	82.3	28.18	29.07	85.3	29.49	29.07	75.7
6/07/2018 10:30:26 AM	3613681826	1013.00	29.38	29.07	76.4	28.63	29.07	81.8	28.20	29.07	85.1	29.49	29.07	75.7
6/07/2018 10:30:27 AM	3613681827	1013.00	29.40	29.06	76.3	28.59	29.06	82.1	28.23	29.06	84.9	29.48	29.06	75.7
6/07/2018 10:30:28 AM	3613681828	1013.00	29.36	29.07	76.6	28.55	29.07	82.4	28.25	29.07	84.8	29.52	29.07	75.5
6/07/2018 10:30:29 AM	3613681829	1013.00	29.37	29.06	76.5	28.53	29.06	82.6	28.19	29.06	85.2	29.50	29.06	75.6
6/07/2018 10:30:30 AM	3613681830	1013.00	29.38	29.07	76.4	28.58	29.07	82.2	28.24	29.07	84.8	29.48	29.07	75.7
6/07/2018 10:30:31 AM	3613681831	1013.00	29.36	29.06	76.6	28.64	29.06	81.8	28.28	29.06	84.5	29.53	29.06	75.4
6/07/2018 10:30:32 AM	3613681832	1013.00	29.36	29.07	76.6	28.63	29.07	81.8	28.22	29.07	85.0	29.50	29.07	75.6
6/07/2018 10:30:33 AM	3613681833	1013.00	29.37	29.06	76.5	28.59	29.06	82.1	28.27	29.06	84.6	29.46	29.06	75.9
6/07/2018 10:30:34 AM	3613681834	1013.00	29.38	29.06	76.4	28.62	29.06	81.9	28.21	29.06	85.1	29.49	29.06	75.7
6/07/2018 10:30:35 AM	3613681835	1013.00	29.39	29.06	76.4	28.61	29.06	82.0	28.25	29.06	84.8	29.51	29.06	75.5
6/07/2018 10:30:36 AM	3613681836	1013.00	29.39	29.06	76.4	28.62	29.06	81.9	28.22	29.06	85.0	29.55	29.06	75.3
6/07/2018 10:30:37 AM	3613681837	1013.00	29.37	29.05	76.5	28.55	29.05	82.5	28.28	29.05	84.5	29.50	29.05	75.6
6/07/2018 10:30:38 AM	3613681838	1013.00	29.37	29.06	76.5	28.58	29.06	82.2	28.28	29.06	84.5	29.51	29.06	75.5
6/07/2018 10:30:39 AM	3613681839	1013.00	29.38	29.05	76.4	28.58	29.05	82.2	28.32	29.05	84.2	29.48	29.05	75.8
6/07/2018 10:30:40 AM	3613681840	1013.00	29.37	29.06	76.5	28.63	29.06	81.8	28.29	29.06	84.5	29.50	29.06	75.6
6/07/2018 10:30:41 AM	3613681841	1013.00	29.35	29.06	76.6	28.60	29.06	82.1	28.23	29.06	84.9	29.49	29.06	75.7
6/07/2018 10:30:42 AM	3613681842	1013.00	29.39	29.06	76.4	28.60	29.06	82.1	28.29	29.06	84.5	29.56	29.06	75.2
6/07/2018 10:30:43 AM	3613681843	1013.00	29.36	29.05	76.6	28.64	29.05	81.8	28.28	29.05	84.5	29.54	29.05	75.3
6/07/2018 10:30:44 AM	3613681844	1013.00	29.38	29.06	76.4	28.70	29.06	81.3	28.33	29.06	84.1	29.59	29.06	75.0
6/07/2018 10:30:45 AM	3613681845	1013.00	29.43	29.06	76.1	28.63	29.06	81.8	28.28	29.06	84.5	29.57	29.06	75.1
6/07/2018 10:30:46 AM	3613681846	1013.00	29.39	29.06	76.4	28.63	29.06	81.8	28.32	29.06	84.2	29.63	29.06	74.7
6/07/2018 10:30:47 AM	3613681847	1013.00	29.42	29.05	76.2	28.62	29.05	81.9	28.30	29.05	84.4	29.62	29.05	74.8
6/07/2018 10:30:48 AM	3613681848	1013.00	29.39	29.05	76.4	28.63	29.05	81.9	28.35	29.05	84.0	29.57	29.05	75.1
6/07/2018 10:30:49 AM	3613681849	1013.00	29.43	29.06	76.1	28.63	29.06	81.8	28.31	29.06	84.3	29.69	29.06	74.3
6/07/2018 10:30:50 AM	3613681850	1013.00	29.37	29.05	76.5	28.65	29.05	81.7	28.32	29.05	84.2	29.55	29.05	75.3
6/07/2018 10:30:51 AM	3613681851	1013.00	29.41	29.06	76.2	28.66	29.06	81.6	28.29	29.06	84.5	29.69	29.06	74.3
6/07/2018 10:30:52 AM	3613681852	1013.00	29.41	29.05	76.2	28.62	29.05	81.9	28.31	29.05	84.3	29.65	29.05	74.6
6/07/2018 10:30:53 AM	3613681853	1013.00	29.41	29.05	76.2	28.66	29.05	81.6	28.32	29.05	84.2	29.66	29.05	74.5
6/07/2018 10:30:54 AM	3613681854	1013.00	29.41	29.05	76.2	28.64	29.05	81.8	28.33	29.05	84.2	29.64	29.05	74.7
6/07/2018 10:30:55 AM	3613681855	1013.00	29.42	29.05	76.2	28.63	29.05	81.9	28.38	29.05	83.8	29.68	29.05	74.4
6/07/2018 10:30:56 AM	3613681856	1013.00	29.40	29.05	76.3	28.66	29.05	81.6	28.35	29.05	84.0	29.68	29.05	74.4
6/07/2018 10:30:57 AM	3613681857	1013.00	29.43	29.05	76.1	28.69	29.05	81.4	28.32	29.05	84.2	29.66	29.05	74.5
6/07/2018 10:30:58 AM	3613681858	1013.00	29.41	29.05	76.2	28.74	29.05	81.0	28.33	29.05	84.2	29.66	29.05	74.5
6/07/2018 10:30:59 AM	3613681859	1013.00	29.43	29.05	76.1	28.70	29.05	81.3	28.28	29.05	84.5	29.65	29.05	74.6
6/07/2018 10:31:00 AM	3613681860	1013.00	29.41	29.05	76.2	28.72	29.05	81.2	28.43	29.05	83.4	29.67	29.05	74.5
6/07/2018 10:31:01 AM	3613681861	1013.00	29.43	29.05	76.1	28.69	29.05	81.4	28.35	29.05	84.0	29.71	29.05	74.2
6/07/2018 10:31:02 AM	3613681862	1013.00	29.42	29.05	76.2	28.71	29.05	81.3	28.40	29.05	83.6	29.66	29.05	74.5
6/07/2018 10:31:03 AM	3613681863	1013.00	29.44	29.05	76.0	28.68	29.05	81.5	28.37	29.05	83.8	29.70	29.05	74.3
6/07/2018 10:31:04 AM	3613681864	1013.00	29.44	29.05	76.0	28.75	29.05	81.0	28.36	29.05	83.9	29.71	29.05	74.2
6/07/2018 10:31:05 AM	3613681865	1013.00	29.46	29.04	75.9	28.72	29.04	81.2	28.39	29.04	83.7	29.74	29.04	74.0
6/07/2018 10:31:06 AM	3613681866	1013.00	29.43	29.04	76.1	28.71	29.04	81.3	28.41	29.04	83.5	29.74	29.04	74.0
6/07/2018 10:31:07 AM	3613681867	1013.00	29.43	29.04	76.1	28.76	29.04	80.9	28.37	29.04	83.9	29.71	29.04	74.2
6/07/2018 10:31:08 AM	3613681868	1013.00	29.42	29.04	76.2	28.70	29.04	81.3	28.39	29.04	83.7	29.71	29.04	74.2
6/07/2018 10:31:09 AM	3613681869	1013.00	29.43	29.05	76.1	28.71	29.05	81.3	28.41	29.05	83.5	29.78	29.05	73.7
6/07/2018 10:31:10 AM	3613681870	1013.00	29.47	29.05	75.8	28.74	29.05	81.0	28.40	29.05	83.6	29.74	29.05	74.0
6/07/2018 10:31:11 AM	3613681871	1013.00	29.45	29.05	76.0	28.75	29.05	81.0	28.35	29.05	84.0	29.75	29.05	73.9
6/07/2018 10:31:12 AM	3613681872	1013.00	29.45	29.05	76.0	28.68	29.05	81.5	28.39	29.05	83.7	29.76	29.05	73.9
6/07/2018 10:31:13 AM	3613681873	1013.00	29.48	29.04	75.8	28.71	29.04	81.3	28.38	29.04	83.8	29.79	29.04	73.7
6/07/2018 10:31:14 AM	3613681874	1013.00	29.44	29.04	76.0	28.68	29.04	81.5	28.37	29.04	83.9	29.82	29.04	73.5
6/07/2018 10:31:15 AM	3613681875	1013.00	29.47	29.04	75.8	28.70	29.04	81.3	28.33	29.04	84.2	29.82	29.04	73.5
6/07/2018 10:31:16 AM	3613681876	1013.00	29.49	29.04	75.7	28.70	29.04	81.3	28.41	29.04	83.5	29.80	29.04	73.6
6/07/2018 10:31:17 AM	3613681877	1013.00	29.52	29.03	75.5	28.71	29.03	81.3	28.37	29.03	83.9	29.80	29.03	73.6
6/07/2018 10:31:18 AM	3613681878	1013.00	29.55	29.03	75.3	28.74	29.03	81.1	28.41	29.03	83.6	29.81	29.03	73.6
6/07/2018 10:31:19 AM	3613681879	1013.00	29.57	29.03	75.2	28.74	29.03	81.1	28.39	29.03	83.7	29.77	29.03	73.8
6/07/2018 10:31:20 AM	3613681880	1013.00	29.58	29.03	75.1	28.71	29.03	81.3	28.37	29.03	83.9	29.75	29.03	74.0
6/07/2018 10:31:21 AM	3613681881	1013.00	29.57	29.03	75.2	28.70	29.03	81.4	28.45	29.03	83.3	29.79	29.03	73.7
6/07/2018 10:31:22 AM	3613681882	1013.00	29.60	29.05	74.9	28.67	29.05	81.6	28.41	29.05	83.5	29.79	29.05	73.7
6/07/2018 10:31:23 AM	3613681883	1013.00	29.59	29.05	75.0	28.76	29.05	80.9	28.37	29.05	83.8	29.81	29.05	73.5
6/07/2018 10:31:24 AM	3613681884	1013.00	29.55	29.05	75.3	28.76	29.05	80.9	28.42	29.05	83.5	29.81	29.05	73.5
6/07/2018 10:31:25 AM	3613681885	1013.00	29.56	29.05	75.2	28.75	29.05	81.0	28.42	29.05	83.5	29.82	29.05	73.5
6/07/2018 10:31:26 AM	3613681886	1013.00	29.56	29.04	75.2	28.73	29.04	81.1	28.48	29.04	83.0	29.75	29.04	73.9
6/07/2018 10:31:27 AM	3613681887	1013.00	29.63	29.04	74.7	28.76	29.04	80.9	28.43	29.04	83.4	29.78	29.04	73.7
6/07/2018 10:31:28 AM	3613681888	1013.00	29.63	29.04	74.7	28.77	29.04	80.8	28.45	29.04	83.2	29.86	29.04	73.2
6/07/2018 10:31:29 AM	3613681889	1013.00	29.62	29.03	74.8	28.77	29.03	80.8	28.40	29.03	83.6	29.85	29.03	73.3
6/07/2018 10:31:30 AM	3613681890	1013.00	29.63	29.03	74.8	28.73	29.03	81.1	28.43	29.03	83.4	29.85	29.03	73.3
6/07/2018 10:31:31 AM	3613681891	1013.00	29.64	29.03	74.7	28.81	29.03	80.5	28.46	29.03	83.2	29.83	29.03	73.4
6/07/2018 10:31:32 AM	3613681892	1013.00	29.66	29.03	74.6	28.73	29.03	81.1	28.51	29.03	82.8	29.85	29.03	73.3
6/07/2018 10:31:33 AM	3613681893	1013.00	29.62	29.03	74.8	28.74	29.03	81.1	28.47	29.03	83.1	29.90	29.03	73.0
6/07/2018 10:31:34 AM	3613681894	1013.00	29.65	29.03	74.6	28.81	29.03	80.5	28.45	29.03	83.3	29.82	29.03	73.5
