Date & time of file creation	5/07/2018 1:12 PM													
Data file path	C:\Users\ameli\Desktop\Diego Barneche\05_07_2018\29_C_old_witrox_19.txt													
														
														
CALIBRATION DATA														
Parameter/Channel	N moving average	LO phase [r.U.]	HI phase [r.U.]	LO oxygen [%air saturation]	HI oxygen [%air saturation]	LO temperature [°C]	HI temperature [°C]	Salinity [‰]						
S WOT 0041 000001   , CH 1	1	59.40	26.56	0.00	100.00	32.57	32.61	0.000						
S WOT 0041 000001   , CH 2	1	59.40	26.56	0.00	100.00	32.57	32.61	0.000						
S WOT 0041 000001   , CH 3	1	59.40	26.56	0.00	100.00	32.57	32.61	0.000						
S WOT 0041 000001   , CH 4	1	59.40	26.56	0.00	100.00	32.57	32.61	0.000						
														
														
Date &Time [DD-MM-YYYY HH:MM:SS]	Time stamp code	Barometric pressure [hPa]	S WOT 0041 000001   , CH 1 phase [r.U.]	S WOT 0041 000001   , CH 1 temp [°C]	S WOT 0041 000001   , CH 1 O2 [% air saturation]	S WOT 0041 000001   , CH 2 phase [r.U.]	S WOT 0041 000001   , CH 2 temp [°C]	S WOT 0041 000001   , CH 2 O2 [% air saturation]	S WOT 0041 000001   , CH 3 phase [r.U.]	S WOT 0041 000001   , CH 3 temp [°C]	S WOT 0041 000001   , CH 3 O2 [% air saturation]	S WOT 0041 000001   , CH 4 phase [r.U.]	S WOT 0041 000001   , CH 4 temp [°C]	S WOT 0041 000001   , CH 4 O2 [% air saturation]
5/07/2018 1:13:04 PM	3613605184	1013.00	26.83	29.19	103.3	26.75	29.19	104.1	26.72	29.19	104.4	26.70	29.19	104.6
5/07/2018 1:13:05 PM	3613605185	1013.00	26.81	29.19	103.5	26.76	29.19	104.0	26.69	29.19	104.7	26.67	29.19	104.9
5/07/2018 1:13:06 PM	3613605186	1013.00	26.84	29.20	103.2	26.68	29.20	104.8	26.66	29.20	105.0	26.67	29.20	104.9
5/07/2018 1:13:07 PM	3613605187	1013.00	26.84	29.19	103.2	26.72	29.19	104.4	26.72	29.19	104.4	26.65	29.19	105.1
5/07/2018 1:13:08 PM	3613605188	1013.00	26.83	29.19	103.3	26.73	29.19	104.3	26.74	29.19	104.2	26.70	29.19	104.6
5/07/2018 1:13:09 PM	3613605189	1013.00	26.82	29.19	103.4	26.72	29.19	104.4	26.72	29.19	104.4	26.65	29.19	105.1
5/07/2018 1:13:10 PM	3613605190	1013.00	26.82	29.20	103.4	26.71	29.20	104.5	26.71	29.20	104.5	26.66	29.20	105.0
5/07/2018 1:13:11 PM	3613605191	1013.00	26.83	29.20	103.3	26.76	29.20	104.0	26.71	29.20	104.5	26.65	29.20	105.1
5/07/2018 1:13:12 PM	3613605192	1013.00	26.80	29.20	103.6	26.76	29.20	104.0	26.75	29.20	104.1	26.66	29.20	105.0
5/07/2018 1:13:13 PM	3613605193	1013.00	26.84	29.20	103.2	26.74	29.20	104.2	26.74	29.20	104.2	26.67	29.20	104.9
5/07/2018 1:13:14 PM	3613605194	1013.00	26.82	29.20	103.4	26.80	29.20	103.6	26.71	29.20	104.5	26.68	29.20	104.8
5/07/2018 1:13:15 PM	3613605195	1013.00	26.79	29.20	103.7	26.70	29.20	104.6	26.71	29.20	104.5	26.69	29.20	104.7
5/07/2018 1:13:16 PM	3613605196	1013.00	26.84	29.20	103.2	26.71	29.20	104.5	26.74	29.20	104.2	26.70	29.20	104.6
5/07/2018 1:13:17 PM	3613605197	1013.00	26.84	29.20	103.2	26.70	29.20	104.6	26.73	29.20	104.3	26.70	29.20	104.6
5/07/2018 1:13:18 PM	3613605198	1013.00	26.83	29.19	103.3	26.75	29.19	104.1	26.68	29.19	104.8	26.67	29.19	104.9
5/07/2018 1:13:19 PM	3613605199	1013.00	26.81	29.19	103.5	26.70	29.19	104.6	26.69	29.19	104.7	26.67	29.19	104.9
5/07/2018 1:13:20 PM	3613605200	1013.00	26.83	29.19	103.3	26.72	29.19	104.4	26.70	29.19	104.6	26.66	29.19	105.0
5/07/2018 1:13:21 PM	3613605201	1013.00	26.85	29.19	103.1	26.76	29.19	104.0	26.71	29.19	104.5	26.67	29.19	104.9
5/07/2018 1:13:22 PM	3613605202	1013.00	26.84	29.20	103.2	26.77	29.20	103.9	26.71	29.20	104.5	26.65	29.20	105.1
5/07/2018 1:13:23 PM	3613605203	1013.00	26.83	29.20	103.3	26.74	29.20	104.2	26.73	29.20	104.3	26.66	29.20	105.0
5/07/2018 1:13:24 PM	3613605204	1013.00	26.82	29.20	103.4	26.70	29.20	104.6	26.73	29.20	104.3	26.69	29.20	104.7
5/07/2018 1:13:25 PM	3613605205	1013.00	26.84	29.20	103.2	26.78	29.20	103.8	26.74	29.20	104.2	26.67	29.20	104.9
5/07/2018 1:13:26 PM	3613605206	1013.00	26.82	29.19	103.4	26.78	29.19	103.8	26.73	29.19	104.3	26.69	29.19	104.7
5/07/2018 1:13:27 PM	3613605207	1013.00	26.85	29.19	103.1	26.75	29.19	104.1	26.78	29.19	103.8	26.68	29.19	104.8
5/07/2018 1:13:28 PM	3613605208	1013.00	26.82	29.18	103.4	26.76	29.18	104.0	26.73	29.18	104.3	26.69	29.18	104.7
5/07/2018 1:13:29 PM	3613605209	1013.00	26.86	29.18	103.0	26.79	29.18	103.7	26.71	29.18	104.5	26.68	29.18	104.8
5/07/2018 1:13:30 PM	3613605210	1013.00	26.82	29.18	103.4	26.74	29.18	104.2	26.71	29.18	104.5	26.67	29.18	104.9
5/07/2018 1:13:31 PM	3613605211	1013.00	26.84	29.18	103.2	26.73	29.18	104.3	26.75	29.18	104.1	26.66	29.18	105.0
5/07/2018 1:13:32 PM	3613605212	1013.00	26.84	29.19	103.2	26.69	29.19	104.7	26.75	29.19	104.1	26.68	29.19	104.8
5/07/2018 1:13:33 PM	3613605213	1013.00	26.86	29.20	103.0	26.76	29.20	104.0	26.74	29.20	104.2	26.68	29.20	104.8
5/07/2018 1:13:34 PM	3613605214	1013.00	26.87	29.20	102.9	26.70	29.20	104.6	26.72	29.20	104.4	26.69	29.20	104.7
5/07/2018 1:13:35 PM	3613605215	1013.00	26.82	29.20	103.4	26.73	29.20	104.3	26.73	29.20	104.3	26.66	29.20	105.0
5/07/2018 1:13:36 PM	3613605216	1013.00	26.84	29.21	103.2	26.73	29.21	104.2	26.72	29.21	104.3	26.67	29.21	104.8
5/07/2018 1:13:37 PM	3613605217	1013.00	26.88	29.20	102.8	26.78	29.20	103.8	26.73	29.20	104.3	26.68	29.20	104.8
5/07/2018 1:13:38 PM	3613605218	1013.00	26.85	29.19	103.1	26.81	29.19	103.5	26.70	29.19	104.6	26.64	29.19	105.2
5/07/2018 1:13:39 PM	3613605219	1013.00	26.85	29.20	103.1	26.76	29.20	104.0	26.73	29.20	104.3	26.67	29.20	104.9
5/07/2018 1:13:40 PM	3613605220	1013.00	26.85	29.20	103.1	26.72	29.20	104.4	26.72	29.20	104.4	26.64	29.20	105.2
5/07/2018 1:13:41 PM	3613605221	1013.00	26.88	29.19	102.8	26.82	29.19	103.4	26.77	29.19	103.9	26.70	29.19	104.6
5/07/2018 1:13:42 PM	3613605222	1013.00	26.85	29.19	103.1	26.76	29.19	104.0	26.78	29.19	103.8	26.64	29.19	105.2
5/07/2018 1:13:43 PM	3613605223	1013.00	26.86	29.19	103.0	26.79	29.19	103.7	26.80	29.19	103.6	26.67	29.19	104.9
5/07/2018 1:13:44 PM	3613605224	1013.00	26.84	29.19	103.2	26.82	29.19	103.4	26.73	29.19	104.3	26.66	29.19	105.0
5/07/2018 1:13:45 PM	3613605225	1013.00	26.85	29.19	103.1	26.79	29.19	103.7	26.70	29.19	104.6	26.67	29.19	104.9
5/07/2018 1:13:46 PM	3613605226	1013.00	26.85	29.20	103.1	26.75	29.20	104.1	26.79	29.20	103.7	26.64	29.20	105.2
5/07/2018 1:13:47 PM	3613605227	1013.00	26.89	29.20	102.7	26.84	29.20	103.2	26.78	29.20	103.8	26.69	29.20	104.7
5/07/2018 1:13:48 PM	3613605228	1013.00	26.93	29.19	102.3	26.73	29.19	104.3	26.79	29.19	103.7	26.66	29.19	105.0
5/07/2018 1:13:49 PM	3613605229	1013.00	26.90	29.19	102.6	26.77	29.19	103.9	26.73	29.19	104.3	26.68	29.19	104.8
5/07/2018 1:13:50 PM	3613605230	1013.00	26.92	29.19	102.4	26.75	29.19	104.1	26.77	29.19	103.9	26.66	29.19	105.0
5/07/2018 1:13:51 PM	3613605231	1013.00	26.87	29.18	102.9	26.72	29.18	104.4	26.75	29.18	104.1	26.66	29.18	105.0
5/07/2018 1:13:52 PM	3613605232	1013.00	26.89	29.18	102.7	26.76	29.18	104.0	26.78	29.18	103.8	26.65	29.18	105.1
5/07/2018 1:13:53 PM	3613605233	1013.00	26.88	29.19	102.8	26.78	29.19	103.8	26.77	29.19	103.9	26.67	29.19	104.9
5/07/2018 1:13:54 PM	3613605234	1013.00	26.89	29.19	102.7	26.72	29.19	104.4	26.77	29.19	103.9	26.66	29.19	105.0
5/07/2018 1:13:55 PM	3613605235	1013.00	26.92	29.19	102.4	26.80	29.19	103.6	26.76	29.19	104.0	26.67	29.19	104.9
5/07/2018 1:13:56 PM	3613605236	1013.00	26.92	29.19	102.4	26.80	29.19	103.6	26.76	29.19	104.0	26.68	29.19	104.8
5/07/2018 1:13:57 PM	3613605237	1013.00	26.92	29.20	102.4	26.78	29.20	103.8	26.79	29.20	103.7	26.67	29.20	104.9
5/07/2018 1:13:58 PM	3613605238	1013.00	26.88	29.20	102.8	26.82	29.20	103.4	26.79	29.20	103.7	26.68	29.20	104.8
5/07/2018 1:13:59 PM	3613605239	1013.00	26.91	29.20	102.5	26.77	29.20	103.9	26.79	29.20	103.7	26.69	29.20	104.7
5/07/2018 1:14:00 PM	3613605240	1013.00	26.93	29.20	102.3	26.76	29.20	104.0	26.82	29.20	103.4	26.66	29.20	105.0
5/07/2018 1:14:01 PM	3613605241	1013.00	26.91	29.20	102.5	26.82	29.20	103.4	26.80	29.20	103.6	26.69	29.20	104.7
5/07/2018 1:14:02 PM	3613605242	1013.00	26.89	29.19	102.7	26.78	29.19	103.8	26.76	29.19	104.0	26.67	29.19	104.9
5/07/2018 1:14:03 PM	3613605243	1013.00	26.90	29.19	102.6	26.79	29.19	103.7	26.80	29.19	103.6	26.67	29.19	104.9
5/07/2018 1:14:04 PM	3613605244	1013.00	26.93	29.19	102.3	26.86	29.19	103.0	26.81	29.19	103.5	26.67	29.19	104.9
5/07/2018 1:14:05 PM	3613605245	1013.00	26.91	29.18	102.5	26.78	29.18	103.8	26.79	29.18	103.7	26.69	29.18	104.7
5/07/2018 1:14:06 PM	3613605246	1013.00	26.92	29.19	102.4	26.81	29.19	103.5	26.77	29.19	103.9	26.69	29.19	104.7
5/07/2018 1:14:07 PM	3613605247	1013.00	26.92	29.20	102.4	26.76	29.20	104.0	26.78	29.20	103.8	26.70	29.20	104.6
5/07/2018 1:14:08 PM	3613605248	1013.00	26.94	29.20	102.2	26.85	29.20	103.1	26.84	29.20	103.2	26.65	29.20	105.1
5/07/2018 1:14:09 PM	3613605249	1013.00	26.92	29.20	102.4	26.80	29.20	103.6	26.77	29.20	103.9	26.67	29.20	104.9
5/07/2018 1:14:10 PM	3613605250	1013.00	26.95	29.20	102.1	26.83	29.20	103.3	26.84	29.20	103.2	26.65	29.20	105.1
5/07/2018 1:14:11 PM	3613605251	1013.00	26.96	29.19	102.0	26.82	29.19	103.4	26.75	29.19	104.1	26.65	29.19	105.1
5/07/2018 1:14:12 PM	3613605252	1013.00	26.97	29.19	101.9	26.81	29.19	103.5	26.78	29.19	103.8	26.67	29.19	104.9
5/07/2018 1:14:13 PM	3613605253	1013.00	26.94	29.19	102.2	26.87	29.19	102.9	26.84	29.19	103.2	26.68	29.19	104.8
5/07/2018 1:14:14 PM	3613605254	1013.00	26.94	29.19	102.2	26.83	29.19	103.3	26.82	29.19	103.4	26.67	29.19	104.9
5/07/2018 1:14:15 PM	3613605255	1013.00	26.98	29.20	101.8	26.81	29.20	103.5	26.84	29.20	103.2	26.66	29.20	105.0
5/07/2018 1:14:16 PM	3613605256	1013.00	26.94	29.19	102.2	26.75	29.19	104.1	26.81	29.19	103.5	26.68	29.19	104.8
5/07/2018 1:14:17 PM	3613605257	1013.00	26.96	29.20	102.0	26.83	29.20	103.3	26.85	29.20	103.1	26.72	29.20	104.4
5/07/2018 1:14:18 PM	3613605258	1013.00	26.96	29.19	102.0	26.85	29.19	103.1	26.84	29.19	103.2	26.67	29.19	104.9
5/07/2018 1:14:19 PM	3613605259	1013.00	26.99	29.20	101.7	26.84	29.20	103.2	26.87	29.20	102.9	26.69	29.20	104.7
5/07/2018 1:14:20 PM	3613605260	1013.00	26.95	29.20	102.1	26.83	29.20	103.3	26.83	29.20	103.3	26.71	29.20	104.5
5/07/2018 1:14:21 PM	3613605261	1013.00	27.01	29.19	101.5	26.82	29.19	103.4	26.87	29.19	102.9	26.69	29.19	104.7
5/07/2018 1:14:22 PM	3613605262	1013.00	26.97	29.19	101.9	26.85	29.19	103.1	26.85	29.19	103.1	26.66	29.19	105.0
5/07/2018 1:14:23 PM	3613605263	1013.00	26.98	29.20	101.8	26.84	29.20	103.2	26.88	29.20	102.8	26.68	29.20	104.8
5/07/2018 1:14:24 PM	3613605264	1013.00	26.96	29.19	102.0	26.86	29.19	103.0	26.85	29.19	103.1	26.70	29.19	104.6
5/07/2018 1:14:25 PM	3613605265	1013.00	27.00	29.19	101.6	26.89	29.19	102.7	26.88	29.19	102.8	26.68	29.19	104.8
5/07/2018 1:14:26 PM	3613605266	1013.00	26.99	29.20	101.7	26.87	29.20	102.9	26.85	29.20	103.1	26.65	29.20	105.1
5/07/2018 1:14:27 PM	3613605267	1013.00	27.00	29.19	101.6	26.82	29.19	103.4	26.83	29.19	103.3	26.65	29.19	105.1
5/07/2018 1:14:28 PM	3613605268	1013.00	27.00	29.19	101.6	26.89	29.19	102.7	26.87	29.19	102.9	26.67	29.19	104.9
5/07/2018 1:14:29 PM	3613605269	1013.00	27.00	29.20	101.6	26.90	29.20	102.6	26.91	29.20	102.5	26.69	29.20	104.7
5/07/2018 1:14:30 PM	3613605270	1013.00	27.00	29.19	101.6	26.86	29.19	103.0	26.92	29.19	102.4	26.67	29.19	104.9
5/07/2018 1:14:31 PM	3613605271	1013.00	27.01	29.19	101.5	26.88	29.19	102.8	26.90	29.19	102.6	26.69	29.19	104.7
5/07/2018 1:14:32 PM	3613605272	1013.00	27.02	29.19	101.4	26.87	29.19	102.9	26.94	29.19	102.2	26.66	29.19	105.0
5/07/2018 1:14:33 PM	3613605273	1013.00	27.02	29.19	101.4	26.88	29.19	102.8	26.90	29.19	102.6	26.71	29.19	104.5
5/07/2018 1:14:34 PM	3613605274	1013.00	27.01	29.19	101.5	26.88	29.19	102.8	26.88	29.19	102.8	26.67	29.19	104.9
5/07/2018 1:14:35 PM	3613605275	1013.00	27.02	29.18	101.5	26.88	29.18	102.8	26.91	29.18	102.5	26.68	29.18	104.8
5/07/2018 1:14:36 PM	3613605276	1013.00	27.03	29.19	101.3	26.87	29.19	102.9	26.91	29.19	102.5	26.67	29.19	104.9
5/07/2018 1:14:37 PM	3613605277	1013.00	27.01	29.20	101.5	26.87	29.20	102.9	26.90	29.20	102.6	26.69	29.20	104.7
5/07/2018 1:14:38 PM	3613605278	1013.00	27.01	29.19	101.5	26.89	29.19	102.7	26.90	29.19	102.6	26.67	29.19	104.9
5/07/2018 1:14:39 PM	3613605279	1013.00	27.00	29.19	101.6	26.87	29.19	102.9	26.92	29.19	102.4	26.67	29.19	104.9
5/07/2018 1:14:40 PM	3613605280	1013.00	27.04	29.19	101.2	26.87	29.19	102.9	26.90	29.19	102.6	26.70	29.19	104.6
5/07/2018 1:14:41 PM	3613605281	1013.00	27.04	29.19	101.2	26.88	29.19	102.8	26.90	29.19	102.6	26.68	29.19	104.8
5/07/2018 1:14:42 PM	3613605282	1013.00	27.00	29.19	101.6	26.89	29.19	102.7	26.93	29.19	102.3	26.67	29.19	104.9
5/07/2018 1:14:43 PM	3613605283	1013.00	27.03	29.20	101.3	26.90	29.20	102.6	26.94	29.20	102.2	26.67	29.20	104.9
5/07/2018 1:14:44 PM	3613605284	1013.00	27.04	29.20	101.2	26.93	29.20	102.3	26.93	29.20	102.3	26.69	29.20	104.7
5/07/2018 1:14:45 PM	3613605285	1013.00	27.03	29.20	101.3	26.91	29.20	102.5	26.96	29.20	102.0	26.67	29.20	104.9
5/07/2018 1:14:46 PM	3613605286	1013.00	27.04	29.19	101.2	26.97	29.19	101.9	26.93	29.19	102.3	26.66	29.19	105.0
5/07/2018 1:14:47 PM	3613605287	1013.00	27.03	29.19	101.3	26.90	29.19	102.6	26.97	29.19	101.9	26.68	29.19	104.8
5/07/2018 1:14:48 PM	3613605288	1013.00	27.03	29.19	101.3	26.94	29.19	102.2	26.99	29.19	101.7	26.67	29.19	104.9
5/07/2018 1:14:49 PM	3613605289	1013.00	27.04	29.19	101.2	26.94	29.19	102.2	26.99	29.19	101.7	26.68	29.19	104.8
5/07/2018 1:14:50 PM	3613605290	1013.00	27.03	29.19	101.3	26.96	29.19	102.0	27.01	29.19	101.5	26.67	29.19	104.9
5/07/2018 1:14:51 PM	3613605291	1013.00	27.07	29.20	100.9	26.94	29.20	102.2	26.96	29.20	102.0	26.67	29.20	104.9
5/07/2018 1:14:52 PM	3613605292	1013.00	27.03	29.20	101.3	26.95	29.20	102.1	26.95	29.20	102.1	26.68	29.20	104.8
5/07/2018 1:14:53 PM	3613605293	1013.00	27.02	29.21	101.4	26.88	29.21	102.8	27.00	29.21	101.6	26.70	29.21	104.5
5/07/2018 1:14:54 PM	3613605294	1013.00	27.02	29.20	101.4	26.96	29.20	102.0	27.04	29.20	101.2	26.69	29.20	104.7
5/07/2018 1:14:55 PM	3613605295	1013.00	27.05	29.20	101.1	26.98	29.20	101.8	26.97	29.20	101.9	26.72	29.20	104.4
5/07/2018 1:14:56 PM	3613605296	1013.00	27.06	29.19	101.0	26.93	29.19	102.3	27.02	29.19	101.4	26.67	29.19	104.9
5/07/2018 1:14:57 PM	3613605297	1013.00	27.03	29.19	101.3	26.95	29.19	102.1	26.96	29.19	102.0	26.66	29.19	105.0
5/07/2018 1:14:58 PM	3613605298	1013.00	27.04	29.18	101.3	26.94	29.18	102.2	26.99	29.18	101.7	26.69	29.18	104.7
5/07/2018 1:14:59 PM	3613605299	1013.00	27.06	29.18	101.1	27.00	29.18	101.6	27.02	29.18	101.5	26.65	29.18	105.1
5/07/2018 1:15:00 PM	3613605300	1013.00	27.03	29.17	101.4	26.93	29.17	102.3	26.99	29.17	101.8	26.66	29.17	105.0
5/07/2018 1:15:01 PM	3613605301	1013.00	27.06	29.17	101.1	26.94	29.17	102.2	27.03	29.17	101.4	26.67	29.17	104.9
5/07/2018 1:15:02 PM	3613605302	1013.00	27.07	29.18	101.0	26.97	29.18	101.9	26.98	29.18	101.8	26.65	29.18	105.1
5/07/2018 1:15:03 PM	3613605303	1013.00	27.08	29.18	100.9	26.94	29.18	102.2	27.00	29.18	101.6	26.69	29.18	104.7
5/07/2018 1:15:04 PM	3613605304	1013.00	27.08	29.18	100.9	26.97	29.18	101.9	27.05	29.18	101.2	26.67	29.18	104.9
5/07/2018 1:15:05 PM	3613605305	1013.00	27.13	29.19	100.4	27.02	29.19	101.4	26.98	29.19	101.8	26.68	29.19	104.8
5/07/2018 1:15:06 PM	3613605306	1013.00	27.10	29.19	100.7	27.01	29.19	101.5	26.99	29.19	101.7	26.64	29.19	105.2
5/07/2018 1:15:07 PM	3613605307	1013.00	27.07	29.20	100.9	27.02	29.20	101.4	26.99	29.20	101.7	26.66	29.20	105.0
5/07/2018 1:15:08 PM	3613605308	1013.00	27.12	29.19	100.5	26.92	29.19	102.4	27.03	29.19	101.3	26.66	29.19	105.0
5/07/2018 1:15:09 PM	3613605309	1013.00	27.09	29.18	100.8	26.96	29.18	102.0	27.00	29.18	101.6	26.67	29.18	104.9
5/07/2018 1:15:10 PM	3613605310	1013.00	27.08	29.18	100.9	26.96	29.18	102.0	27.02	29.18	101.5	26.66	29.18	105.0
5/07/2018 1:15:11 PM	3613605311	1013.00	27.12	29.18	100.5	27.03	29.18	101.4	27.02	29.18	101.5	26.69	29.18	104.7
5/07/2018 1:15:12 PM	3613605312	1013.00	27.11	29.18	100.6	26.98	29.18	101.8	27.00	29.18	101.6	26.69	29.18	104.7
5/07/2018 1:15:13 PM	3613605313	1013.00	27.13	29.19	100.4	27.02	29.19	101.4	27.02	29.19	101.4	26.66	29.19	105.0
5/07/2018 1:15:14 PM	3613605314	1013.00	27.13	29.19	100.4	27.00	29.19	101.6	27.02	29.19	101.4	26.65	29.19	105.1
5/07/2018 1:15:15 PM	3613605315	1013.00	27.13	29.19	100.4	26.96	29.19	102.0	27.03	29.19	101.3	26.70	29.19	104.6
5/07/2018 1:15:16 PM	3613605316	1013.00	27.13	29.20	100.4	26.99	29.20	101.7	27.06	29.20	101.0	26.68	29.20	104.8
5/07/2018 1:15:17 PM	3613605317	1013.00	27.15	29.20	100.2	27.02	29.20	101.4	27.00	29.20	101.6	26.66	29.20	105.0
5/07/2018 1:15:18 PM	3613605318	1013.00	27.15	29.20	100.2	26.98	29.20	101.8	27.03	29.20	101.3	26.67	29.20	104.9
5/07/2018 1:15:19 PM	3613605319	1013.00	27.12	29.19	100.5	27.00	29.19	101.6	27.04	29.19	101.2	26.68	29.19	104.8
5/07/2018 1:15:20 PM	3613605320	1013.00	27.13	29.19	100.4	26.98	29.19	101.8	27.03	29.19	101.3	26.65	29.19	105.1
5/07/2018 1:15:21 PM	3613605321	1013.00	27.15	29.19	100.2	27.00	29.19	101.6	27.04	29.19	101.2	26.72	29.19	104.4
5/07/2018 1:15:22 PM	3613605322	1013.00	27.15	29.19	100.2	27.02	29.19	101.4	27.07	29.19	101.0	26.70	29.19	104.6
5/07/2018 1:15:23 PM	3613605323	1013.00	27.15	29.18	100.2	27.01	29.18	101.5	27.03	29.18	101.4	26.67	29.18	104.9
5/07/2018 1:15:24 PM	3613605324	1013.00	27.19	29.18	99.8	26.96	29.18	102.0	27.00	29.18	101.6	26.67	29.18	104.9
5/07/2018 1:15:25 PM	3613605325	1013.00	27.15	29.18	100.2	27.07	29.18	101.0	27.02	29.18	101.5	26.69	29.18	104.7
5/07/2018 1:15:26 PM	3613605326	1013.00	27.15	29.18	100.2	27.04	29.18	101.3	27.05	29.18	101.2	26.69	29.18	104.7
5/07/2018 1:15:27 PM	3613605327	1013.00	27.13	29.19	100.4	27.06	29.19	101.0	27.01	29.19	101.5	26.68	29.19	104.8
5/07/2018 1:15:28 PM	3613605328	1013.00	27.18	29.19	99.9	26.99	29.19	101.7	27.04	29.19	101.2	26.67	29.19	104.9
5/07/2018 1:15:29 PM	3613605329	1013.00	27.16	29.20	100.1	26.97	29.20	101.9	27.03	29.20	101.3	26.68	29.20	104.8
5/07/2018 1:15:30 PM	3613605330	1013.00	27.15	29.20	100.2	27.02	29.20	101.4	27.06	29.20	101.0	26.66	29.20	105.0
5/07/2018 1:15:31 PM	3613605331	1013.00	27.16	29.19	100.1	27.11	29.19	100.6	27.02	29.19	101.4	26.70	29.19	104.6
5/07/2018 1:15:32 PM	3613605332	1013.00	27.22	29.19	99.5	27.02	29.19	101.4	27.07	29.19	101.0	26.68	29.19	104.8
5/07/2018 1:15:33 PM	3613605333	1013.00	27.19	29.19	99.8	27.01	29.19	101.5	27.09	29.19	100.8	26.69	29.19	104.7
5/07/2018 1:15:34 PM	3613605334	1013.00	27.18	29.19	99.9	27.00	29.19	101.6	27.07	29.19	101.0	26.66	29.19	105.0
5/07/2018 1:15:35 PM	3613605335	1013.00	27.18	29.20	99.9	27.04	29.20	101.2	27.09	29.20	100.7	26.68	29.20	104.8
5/07/2018 1:15:36 PM	3613605336	1013.00	27.18	29.20	99.9	27.05	29.20	101.1	27.11	29.20	100.6	26.69	29.20	104.7
5/07/2018 1:15:37 PM	3613605337	1013.00	27.19	29.19	99.8	27.03	29.19	101.3	27.09	29.19	100.8	26.69	29.19	104.7
5/07/2018 1:15:38 PM	3613605338	1013.00	27.19	29.20	99.8	27.04	29.20	101.2	27.07	29.20	100.9	26.68	29.20	104.8
5/07/2018 1:15:39 PM	3613605339	1013.00	27.20	29.19	99.7	27.02	29.19	101.4	27.13	29.19	100.4	26.70	29.19	104.6
5/07/2018 1:15:40 PM	3613605340	1013.00	27.19	29.19	99.8	27.06	29.19	101.0	27.11	29.19	100.6	26.65	29.19	105.1
5/07/2018 1:15:41 PM	3613605341	1013.00	27.19	29.20	99.8	27.05	29.20	101.1	27.15	29.20	100.2	26.69	29.20	104.7
5/07/2018 1:15:42 PM	3613605342	1013.00	27.22	29.19	99.5	27.10	29.19	100.7	27.13	29.19	100.4	26.69	29.19	104.7
5/07/2018 1:15:43 PM	3613605343	1013.00	27.21	29.20	99.6	27.04	29.20	101.2	27.12	29.20	100.5	26.66	29.20	105.0
5/07/2018 1:15:44 PM	3613605344	1013.00	27.21	29.19	99.6	27.04	29.19	101.2	27.12	29.19	100.5	26.67	29.19	104.9
5/07/2018 1:15:45 PM	3613605345	1013.00	27.25	29.20	99.2	27.06	29.20	101.0	27.08	29.20	100.8	26.70	29.20	104.6
5/07/2018 1:15:46 PM	3613605346	1013.00	27.25	29.20	99.2	27.07	29.20	100.9	27.13	29.20	100.4	26.68	29.20	104.8
5/07/2018 1:15:47 PM	3613605347	1013.00	27.26	29.20	99.1	27.06	29.20	101.0	27.17	29.20	100.0	26.69	29.20	104.7
5/07/2018 1:15:48 PM	3613605348	1013.00	27.26	29.20	99.1	27.07	29.20	100.9	27.14	29.20	100.3	26.69	29.20	104.7
5/07/2018 1:15:49 PM	3613605349	1013.00	27.25	29.20	99.2	27.10	29.20	100.7	27.13	29.20	100.4	26.66	29.20	105.0
5/07/2018 1:15:50 PM	3613605350	1013.00	27.25	29.19	99.2	27.12	29.19	100.5	27.13	29.19	100.4	26.67	29.19	104.9
5/07/2018 1:15:51 PM	3613605351	1013.00	27.28	29.19	99.0	27.09	29.19	100.8	27.19	29.19	99.8	26.66	29.19	105.0
5/07/2018 1:15:52 PM	3613605352	1013.00	27.28	29.19	99.0	27.09	29.19	100.8	27.15	29.19	100.2	26.64	29.19	105.2
5/07/2018 1:15:53 PM	3613605353	1013.00	27.27	29.19	99.1	27.12	29.19	100.5	27.11	29.19	100.6	26.68	29.19	104.8
5/07/2018 1:15:54 PM	3613605354	1013.00	27.26	29.19	99.2	27.07	29.19	101.0	27.11	29.19	100.6	26.68	29.19	104.8
5/07/2018 1:15:55 PM	3613605355	1013.00	27.30	29.19	98.8	27.08	29.19	100.9	27.13	29.19	100.4	26.70	29.19	104.6
5/07/2018 1:15:56 PM	3613605356	1013.00	27.30	29.20	98.8	27.10	29.20	100.7	27.13	29.20	100.4	26.70	29.20	104.6
5/07/2018 1:15:57 PM	3613605357	1013.00	27.28	29.19	99.0	27.13	29.19	100.4	27.15	29.19	100.2	26.66	29.19	105.0
5/07/2018 1:15:58 PM	3613605358	1013.00	27.27	29.20	99.0	27.11	29.20	100.6	27.15	29.20	100.2	26.70	29.20	104.6
5/07/2018 1:15:59 PM	3613605359	1013.00	27.32	29.19	98.6	27.13	29.19	100.4	27.13	29.19	100.4	26.67	29.19	104.9
5/07/2018 1:16:00 PM	3613605360	1013.00	27.28	29.19	99.0	27.14	29.19	100.3	27.18	29.19	99.9	26.69	29.19	104.7
5/07/2018 1:16:01 PM	3613605361	1013.00	27.30	29.18	98.8	27.13	29.18	100.4	27.18	29.18	99.9	26.71	29.18	104.5
5/07/2018 1:16:02 PM	3613605362	1013.00	27.29	29.19	98.9	27.14	29.19	100.3	27.17	29.19	100.0	26.71	29.19	104.5
5/07/2018 1:16:03 PM	3613605363	1013.00	27.31	29.18	98.7	27.07	29.18	101.0	27.20	29.18	99.7	26.64	29.18	105.2
5/07/2018 1:16:04 PM	3613605364	1013.00	27.32	29.18	98.6	27.13	29.18	100.4	27.20	29.18	99.7	26.69	29.18	104.7
5/07/2018 1:16:05 PM	3613605365	1013.00	27.33	29.19	98.5	27.15	29.19	100.2	27.24	29.19	99.3	26.63	29.19	105.3
5/07/2018 1:16:06 PM	3613605366	1013.00	27.29	29.18	98.9	27.19	29.18	99.8	27.23	29.18	99.5	26.65	29.18	105.1
5/07/2018 1:16:07 PM	3613605367	1013.00	27.32	29.18	98.6	27.13	29.18	100.4	27.26	29.18	99.2	26.67	29.18	104.9
5/07/2018 1:16:08 PM	3613605368	1013.00	27.31	29.18	98.7	27.10	29.18	100.7	27.20	29.18	99.7	26.70	29.18	104.6
5/07/2018 1:16:09 PM	3613605369	1013.00	27.30	29.18	98.8	27.17	29.18	100.0	27.31	29.18	98.7	26.64	29.18	105.2
5/07/2018 1:16:10 PM	3613605370	1013.00	27.30	29.18	98.8	27.15	29.18	100.2	27.27	29.18	99.1	26.67	29.18	104.9
5/07/2018 1:16:11 PM	3613605371	1013.00	27.34	29.18	98.4	27.21	29.18	99.6	27.28	29.18	99.0	26.68	29.18	104.8
5/07/2018 1:16:12 PM	3613605372	1013.00	27.34	29.19	98.4	27.16	29.19	100.1	27.28	29.19	99.0	26.68	29.19	104.8
5/07/2018 1:16:13 PM	3613605373	1013.00	27.37	29.20	98.1	27.13	29.20	100.4	27.28	29.20	99.0	26.66	29.20	105.0
5/07/2018 1:16:14 PM	3613605374	1013.00	27.33	29.19	98.5	27.15	29.19	100.2	27.30	29.19	98.8	26.67	29.19	104.9
5/07/2018 1:16:15 PM	3613605375	1013.00	27.29	29.19	98.9	27.21	29.19	99.6	27.31	29.19	98.7	26.67	29.19	104.9
5/07/2018 1:16:16 PM	3613605376	1013.00	27.37	29.20	98.1	27.16	29.20	100.1	27.30	29.20	98.8	26.68	29.20	104.8
5/07/2018 1:16:17 PM	3613605377	1013.00	27.32	29.19	98.6	27.15	29.19	100.2	27.31	29.19	98.7	26.66	29.19	105.0
5/07/2018 1:16:18 PM	3613605378	1013.00	27.35	29.19	98.3	27.16	29.19	100.1	27.31	29.19	98.7	26.69	29.19	104.7
5/07/2018 1:16:19 PM	3613605379	1013.00	27.35	29.19	98.3	27.18	29.19	99.9	27.32	29.19	98.6	26.69	29.19	104.7
5/07/2018 1:16:20 PM	3613605380	1013.00	27.34	29.19	98.4	27.17	29.19	100.0	27.28	29.19	99.0	26.68	29.19	104.8
5/07/2018 1:16:21 PM	3613605381	1013.00	27.34	29.19	98.4	27.22	29.19	99.5	27.32	29.19	98.6	26.65	29.19	105.1
5/07/2018 1:16:22 PM	3613605382	1013.00	27.34	29.19	98.4	27.22	29.19	99.5	27.35	29.19	98.3	26.66	29.19	105.0
5/07/2018 1:16:23 PM	3613605383	1013.00	27.34	29.19	98.4	27.21	29.19	99.6	27.35	29.19	98.3	26.69	29.19	104.7
5/07/2018 1:16:24 PM	3613605384	1013.00	27.35	29.19	98.3	27.14	29.19	100.3	27.36	29.19	98.2	26.67	29.19	104.9
5/07/2018 1:16:25 PM	3613605385	1013.00	27.36	29.19	98.2	27.19	29.19	99.8	27.39	29.19	97.9	26.68	29.19	104.8
5/07/2018 1:16:26 PM	3613605386	1013.00	27.37	29.18	98.1	27.19	29.18	99.8	27.37	29.18	98.1	26.70	29.18	104.6
5/07/2018 1:16:27 PM	3613605387	1013.00	27.36	29.18	98.2	27.21	29.18	99.6	27.39	29.18	98.0	26.67	29.18	104.9
5/07/2018 1:16:28 PM	3613605388	1013.00	27.37	29.18	98.1	27.21	29.18	99.6	27.37	29.18	98.1	26.68	29.18	104.8
5/07/2018 1:16:29 PM	3613605389	1013.00	27.36	29.18	98.2	27.26	29.18	99.2	27.40	29.18	97.9	26.69	29.18	104.7
5/07/2018 1:16:30 PM	3613605390	1013.00	27.34	29.18	98.4	27.28	29.18	99.0	27.37	29.18	98.1	26.71	29.18	104.5
5/07/2018 1:16:31 PM	3613605391	1013.00	27.37	29.18	98.1	27.23	29.18	99.5	27.42	29.18	97.7	26.69	29.18	104.7
5/07/2018 1:16:32 PM	3613605392	1013.00	27.38	29.18	98.1	27.21	29.18	99.6	27.42	29.18	97.7	26.69	29.18	104.7
5/07/2018 1:16:33 PM	3613605393	1013.00	27.38	29.20	98.0	27.24	29.20	99.3	27.43	29.20	97.6	26.68	29.20	104.8
5/07/2018 1:16:34 PM	3613605394	1013.00	27.38	29.20	98.0	27.25	29.20	99.2	27.43	29.20	97.6	26.65	29.20	105.1
5/07/2018 1:16:35 PM	3613605395	1013.00	27.39	29.20	97.9	27.25	29.20	99.2	27.42	29.20	97.7	26.68	29.20	104.8
5/07/2018 1:16:36 PM	3613605396	1013.00	27.41	29.20	97.7	27.24	29.20	99.3	27.40	29.20	97.8	26.67	29.20	104.9
5/07/2018 1:16:37 PM	3613605397	1013.00	27.39	29.19	97.9	27.24	29.19	99.3	27.42	29.19	97.7	26.67	29.19	104.9
5/07/2018 1:16:38 PM	3613605398	1013.00	27.41	29.19	97.8	27.26	29.19	99.2	27.44	29.19	97.5	26.69	29.19	104.7
5/07/2018 1:16:39 PM	3613605399	1013.00	27.41	29.19	97.8	27.22	29.19	99.5	27.41	29.19	97.8	26.69	29.19	104.7
5/07/2018 1:16:40 PM	3613605400	1013.00	27.41	29.18	97.8	27.25	29.18	99.3	27.44	29.18	97.5	26.71	29.18	104.5
5/07/2018 1:16:41 PM	3613605401	1013.00	27.43	29.18	97.6	27.28	29.18	99.0	27.44	29.18	97.5	26.67	29.18	104.9
5/07/2018 1:16:42 PM	3613605402	1013.00	27.42	29.18	97.7	27.27	29.18	99.1	27.44	29.18	97.5	26.68	29.18	104.8
5/07/2018 1:16:43 PM	3613605403	1013.00	27.44	29.19	97.5	27.32	29.19	98.6	27.38	29.19	98.0	26.68	29.19	104.8
5/07/2018 1:16:44 PM	3613605404	1013.00	27.47	29.19	97.2	27.29	29.19	98.9	27.42	29.19	97.7	26.69	29.19	104.7
5/07/2018 1:16:45 PM	3613605405	1013.00	27.43	29.18	97.6	27.25	29.18	99.3	27.45	29.18	97.4	26.72	29.18	104.4
5/07/2018 1:16:46 PM	3613605406	1013.00	27.42	29.19	97.7	27.28	29.19	99.0	27.40	29.19	97.9	26.64	29.19	105.2
5/07/2018 1:16:47 PM	3613605407	1013.00	27.44	29.19	97.5	27.29	29.19	98.9	27.46	29.19	97.3	26.73	29.19	104.3
5/07/2018 1:16:48 PM	3613605408	1013.00	27.46	29.19	97.3	27.25	29.19	99.2	27.43	29.19	97.6	26.70	29.19	104.6
5/07/2018 1:16:49 PM	3613605409	1013.00	27.46	29.19	97.3	27.25	29.19	99.2	27.47	29.19	97.2	26.68	29.19	104.8
5/07/2018 1:16:50 PM	3613605410	1013.00	27.45	29.19	97.4	27.28	29.19	99.0	27.47	29.19	97.2	26.67	29.19	104.9
5/07/2018 1:16:51 PM	3613605411	1013.00	27.44	29.19	97.5	27.33	29.19	98.5	27.43	29.19	97.6	26.68	29.19	104.8
5/07/2018 1:16:52 PM	3613605412	1013.00	27.46	29.20	97.3	27.26	29.20	99.1	27.44	29.20	97.5	26.67	29.20	104.9
5/07/2018 1:16:53 PM	3613605413	1013.00	27.45	29.19	97.4	27.32	29.19	98.6	27.46	29.19	97.3	26.68	29.19	104.8
5/07/2018 1:16:54 PM	3613605414	1013.00	27.47	29.19	97.2	27.30	29.19	98.8	27.48	29.19	97.1	26.69	29.19	104.7
5/07/2018 1:16:55 PM	3613605415	1013.00	27.46	29.20	97.3	27.33	29.20	98.5	27.42	29.20	97.7	26.68	29.20	104.8
5/07/2018 1:16:56 PM	3613605416	1013.00	27.48	29.20	97.1	27.32	29.20	98.6	27.50	29.20	96.9	26.72	29.20	104.4
5/07/2018 1:16:57 PM	3613605417	1013.00	27.50	29.20	96.9	27.31	29.20	98.7	27.49	29.20	97.0	26.69	29.20	104.7
5/07/2018 1:16:58 PM	3613605418	1013.00	27.48	29.20	97.1	27.32	29.20	98.6	27.46	29.20	97.3	26.71	29.20	104.5
5/07/2018 1:16:59 PM	3613605419	1013.00	27.49	29.20	97.0	27.35	29.20	98.3	27.50	29.20	96.9	26.69	29.20	104.7
5/07/2018 1:17:00 PM	3613605420	1013.00	27.50	29.19	96.9	27.32	29.19	98.6	27.46	29.19	97.3	26.70	29.19	104.6
5/07/2018 1:17:01 PM	3613605421	1013.00	27.49	29.19	97.0	27.34	29.19	98.4	27.44	29.19	97.5	26.68	29.19	104.8
5/07/2018 1:17:02 PM	3613605422	1013.00	27.51	29.18	96.9	27.34	29.18	98.4	27.51	29.18	96.9	26.68	29.18	104.8
5/07/2018 1:17:03 PM	3613605423	1013.00	27.50	29.18	97.0	27.36	29.18	98.2	27.53	29.18	96.7	26.65	29.18	105.1
5/07/2018 1:17:04 PM	3613605424	1013.00	27.50	29.19	96.9	27.37	29.19	98.1	27.52	29.19	96.8	26.70	29.19	104.6
5/07/2018 1:17:05 PM	3613605425	1013.00	27.51	29.19	96.8	27.35	29.19	98.3	27.52	29.19	96.8	26.72	29.19	104.4
5/07/2018 1:17:06 PM	3613605426	1013.00	27.50	29.19	96.9	27.34	29.19	98.4	27.49	29.19	97.0	26.71	29.19	104.5
5/07/2018 1:17:07 PM	3613605427	1013.00	27.50	29.19	96.9	27.41	29.19	97.8	27.48	29.19	97.1	26.70	29.19	104.6
5/07/2018 1:17:08 PM	3613605428	1013.00	27.52	29.20	96.7	27.35	29.20	98.3	27.52	29.20	96.7	26.68	29.20	104.8
5/07/2018 1:17:09 PM	3613605429	1013.00	27.49	29.19	97.0	27.37	29.19	98.1	27.50	29.19	96.9	26.69	29.19	104.7
5/07/2018 1:17:10 PM	3613605430	1013.00	27.51	29.20	96.8	27.34	29.20	98.4	27.49	29.20	97.0	26.69	29.20	104.7
5/07/2018 1:17:11 PM	3613605431	1013.00	27.53	29.20	96.6	27.41	29.20	97.7	27.52	29.20	96.7	26.70	29.20	104.6
5/07/2018 1:17:12 PM	3613605432	1013.00	27.52	29.19	96.8	27.38	29.19	98.0	27.53	29.19	96.7	26.68	29.19	104.8
5/07/2018 1:17:13 PM	3613605433	1013.00	27.54	29.19	96.6	27.39	29.19	97.9	27.49	29.19	97.0	26.68	29.19	104.8
5/07/2018 1:17:14 PM	3613605434	1013.00	27.53	29.19	96.7	27.36	29.19	98.2	27.53	29.19	96.7	26.68	29.19	104.8
5/07/2018 1:17:15 PM	3613605435	1013.00	27.54	29.18	96.6	27.38	29.18	98.1	27.54	29.18	96.6	26.69	29.18	104.7
5/07/2018 1:17:16 PM	3613605436	1013.00	27.52	29.18	96.8	27.37	29.18	98.1	27.47	29.18	97.2	26.66	29.18	105.0
5/07/2018 1:17:17 PM	3613605437	1013.00	27.56	29.18	96.4	27.39	29.18	98.0	27.53	29.18	96.7	26.70	29.18	104.6
5/07/2018 1:17:18 PM	3613605438	1013.00	27.52	29.18	96.8	27.37	29.18	98.1	27.55	29.18	96.5	26.69	29.18	104.7
5/07/2018 1:17:19 PM	3613605439	1013.00	27.56	29.18	96.4	27.38	29.18	98.1	27.55	29.18	96.5	26.69	29.18	104.7
5/07/2018 1:17:20 PM	3613605440	1013.00	27.55	29.19	96.5	27.34	29.19	98.4	27.51	29.19	96.8	26.69	29.19	104.7
5/07/2018 1:17:21 PM	3613605441	1013.00	27.55	29.19	96.5	27.37	29.19	98.1	27.51	29.19	96.8	26.70	29.19	104.6
5/07/2018 1:17:22 PM	3613605442	1013.00	27.54	29.19	96.6	27.42	29.19	97.7	27.56	29.19	96.4	26.69	29.19	104.7
5/07/2018 1:17:23 PM	3613605443	1013.00	27.57	29.19	96.3	27.47	29.19	97.2	27.54	29.19	96.6	26.66	29.19	105.0
5/07/2018 1:17:24 PM	3613605444	1013.00	27.56	29.19	96.4	27.45	29.19	97.4	27.56	29.19	96.4	26.68	29.19	104.8
5/07/2018 1:17:25 PM	3613605445	1013.00	27.54	29.19	96.6	27.38	29.19	98.0	27.54	29.19	96.6	26.70	29.19	104.6
5/07/2018 1:17:26 PM	3613605446	1013.00	27.53	29.18	96.7	27.40	29.18	97.9	27.52	29.18	96.8	26.68	29.18	104.8
5/07/2018 1:17:27 PM	3613605447	1013.00	27.59	29.19	96.1	27.41	29.19	97.8	27.53	29.19	96.7	26.69	29.19	104.7
5/07/2018 1:17:28 PM	3613605448	1013.00	27.55	29.18	96.5	27.43	29.18	97.6	27.54	29.18	96.6	26.71	29.18	104.5
5/07/2018 1:17:29 PM	3613605449	1013.00	27.58	29.18	96.2	27.39	29.18	98.0	27.55	29.18	96.5	26.67	29.18	104.9
5/07/2018 1:17:30 PM	3613605450	1013.00	27.55	29.18	96.5	27.40	29.18	97.9	27.57	29.18	96.3	26.69	29.18	104.7
5/07/2018 1:17:31 PM	3613605451	1013.00	27.58	29.19	96.2	27.45	29.19	97.4	27.59	29.19	96.1	26.68	29.19	104.8
5/07/2018 1:17:32 PM	3613605452	1013.00	27.56	29.18	96.4	27.41	29.18	97.8	27.62	29.18	95.9	26.67	29.18	104.9
5/07/2018 1:17:33 PM	3613605453	1013.00	27.55	29.18	96.5	27.37	29.18	98.1	27.55	29.18	96.5	26.67	29.18	104.9
5/07/2018 1:17:34 PM	3613605454	1013.00	27.61	29.17	96.0	27.43	29.17	97.6	27.58	29.17	96.2	26.70	29.17	104.6
5/07/2018 1:17:35 PM	3613605455	1013.00	27.62	29.17	95.9	27.41	29.17	97.8	27.59	29.17	96.2	26.69	29.17	104.7
5/07/2018 1:17:36 PM	3613605456	1013.00	27.62	29.17	95.9	27.38	29.17	98.1	27.58	29.17	96.2	26.69	29.17	104.7
5/07/2018 1:17:37 PM	3613605457	1013.00	27.56	29.17	96.4	27.41	29.17	97.8	27.58	29.17	96.2	26.69	29.17	104.7
5/07/2018 1:17:38 PM	3613605458	1013.00	27.60	29.17	96.1	27.45	29.17	97.4	27.59	29.17	96.2	26.69	29.17	104.7
5/07/2018 1:17:39 PM	3613605459	1013.00	27.62	29.17	95.9	27.46	29.17	97.3	27.61	29.17	96.0	26.70	29.17	104.6
5/07/2018 1:17:40 PM	3613605460	1013.00	27.61	29.17	96.0	27.46	29.17	97.3	27.57	29.17	96.3	26.68	29.17	104.8
5/07/2018 1:17:41 PM	3613605461	1013.00	27.62	29.17	95.9	27.45	29.17	97.4	27.59	29.17	96.2	26.71	29.17	104.5
5/07/2018 1:17:42 PM	3613605462	1013.00	27.60	29.17	96.1	27.47	29.17	97.2	27.58	29.17	96.2	26.70	29.17	104.6
5/07/2018 1:17:43 PM	3613605463	1013.00	27.63	29.17	95.8	27.46	29.17	97.3	27.61	29.17	96.0	26.69	29.17	104.7
5/07/2018 1:17:44 PM	3613605464	1013.00	27.64	29.16	95.7	27.49	29.16	97.1	27.58	29.16	96.3	26.70	29.16	104.6
5/07/2018 1:17:45 PM	3613605465	1013.00	27.62	29.16	95.9	27.45	29.16	97.4	27.60	29.16	96.1	26.69	29.16	104.7
5/07/2018 1:17:46 PM	3613605466	1013.00	27.60	29.16	96.1	27.45	29.16	97.4	27.63	29.16	95.8	26.68	29.16	104.8
5/07/2018 1:17:47 PM	3613605467	1013.00	27.63	29.17	95.8	27.49	29.17	97.1	27.60	29.17	96.1	26.72	29.17	104.4
5/07/2018 1:17:48 PM	3613605468	1013.00	27.61	29.17	96.0	27.48	29.17	97.2	27.60	29.17	96.1	26.70	29.17	104.6
5/07/2018 1:17:49 PM	3613605469	1013.00	27.64	29.17	95.7	27.51	29.17	96.9	27.65	29.17	95.6	26.68	29.17	104.8
5/07/2018 1:17:50 PM	3613605470	1013.00	27.66	29.18	95.5	27.46	29.18	97.3	27.57	29.18	96.3	26.69	29.18	104.7
5/07/2018 1:17:51 PM	3613605471	1013.00	27.64	29.17	95.7	27.57	29.17	96.3	27.64	29.17	95.7	26.70	29.17	104.6
5/07/2018 1:17:52 PM	3613605472	1013.00	27.65	29.18	95.6	27.52	29.18	96.8	27.61	29.18	96.0	26.70	29.18	104.6
5/07/2018 1:17:53 PM	3613605473	1013.00	27.66	29.18	95.5	27.47	29.18	97.2	27.63	29.18	95.8	26.68	29.18	104.8
5/07/2018 1:17:54 PM	3613605474	1013.00	27.67	29.19	95.4	27.41	29.19	97.8	27.64	29.19	95.7	26.68	29.19	104.8
5/07/2018 1:17:55 PM	3613605475	1013.00	27.67	29.19	95.4	27.45	29.19	97.4	27.64	29.19	95.7	26.69	29.19	104.7
5/07/2018 1:17:56 PM	3613605476	1013.00	27.68	29.18	95.3	27.47	29.18	97.2	27.64	29.18	95.7	26.70	29.18	104.6
5/07/2018 1:17:57 PM	3613605477	1013.00	27.67	29.18	95.4	27.47	29.18	97.2	27.62	29.18	95.9	26.69	29.18	104.7
5/07/2018 1:17:58 PM	3613605478	1013.00	27.69	29.18	95.2	27.53	29.18	96.7	27.64	29.18	95.7	26.68	29.18	104.8
5/07/2018 1:17:59 PM	3613605479	1013.00	27.68	29.17	95.3	27.51	29.17	96.9	27.62	29.17	95.9	26.71	29.17	104.5
5/07/2018 1:18:00 PM	3613605480	1013.00	27.68	29.17	95.3	27.55	29.17	96.5	27.65	29.17	95.6	26.70	29.17	104.6
5/07/2018 1:18:01 PM	3613605481	1013.00	27.69	29.17	95.3	27.56	29.17	96.4	27.62	29.17	95.9	26.68	29.17	104.8
5/07/2018 1:18:02 PM	3613605482	1013.00	27.67	29.17	95.4	27.56	29.17	96.4	27.68	29.17	95.3	26.70	29.17	104.6
5/07/2018 1:18:03 PM	3613605483	1013.00	27.67	29.17	95.4	27.56	29.17	96.4	27.65	29.17	95.6	26.71	29.17	104.5
5/07/2018 1:18:04 PM	3613605484	1013.00	27.70	29.17	95.2	27.49	29.17	97.1	27.70	29.17	95.2	26.69	29.17	104.7
5/07/2018 1:18:05 PM	3613605485	1013.00	27.69	29.17	95.3	27.55	29.17	96.5	27.68	29.17	95.3	26.70	29.17	104.6
5/07/2018 1:18:06 PM	3613605486	1013.00	27.70	29.17	95.2	27.59	29.17	96.2	27.71	29.17	95.1	26.71	29.17	104.5
5/07/2018 1:18:07 PM	3613605487	1013.00	27.71	29.17	95.1	27.56	29.17	96.4	27.74	29.17	94.8	26.68	29.17	104.8
5/07/2018 1:18:08 PM	3613605488	1013.00	27.73	29.17	94.9	27.55	29.17	96.5	27.73	29.17	94.9	26.71	29.17	104.5
5/07/2018 1:18:09 PM	3613605489	1013.00	27.69	29.17	95.3	27.62	29.17	95.9	27.72	29.17	95.0	26.71	29.17	104.5
5/07/2018 1:18:10 PM	3613605490	1013.00	27.72	29.16	95.0	27.56	29.16	96.4	27.75	29.16	94.7	26.69	29.16	104.7
5/07/2018 1:18:11 PM	3613605491	1013.00	27.75	29.16	94.7	27.56	29.16	96.4	27.75	29.16	94.7	26.69	29.16	104.7
5/07/2018 1:18:12 PM	3613605492	1013.00	27.72	29.16	95.0	27.60	29.16	96.1	27.76	29.16	94.7	26.69	29.16	104.7
5/07/2018 1:18:13 PM	3613605493	1013.00	27.74	29.15	94.8	27.56	29.15	96.5	27.74	29.15	94.8	26.70	29.15	104.6
5/07/2018 1:18:14 PM	3613605494	1013.00	27.73	29.17	94.9	27.57	29.17	96.3	27.75	29.17	94.7	26.66	29.17	105.0
5/07/2018 1:18:15 PM	3613605495	1013.00	27.75	29.17	94.7	27.62	29.17	95.9	27.77	29.17	94.5	26.69	29.17	104.7
5/07/2018 1:18:16 PM	3613605496	1013.00	27.76	29.16	94.7	27.57	29.16	96.4	27.79	29.16	94.4	26.70	29.16	104.6
5/07/2018 1:18:17 PM	3613605497	1013.00	27.75	29.17	94.7	27.61	29.17	96.0	27.79	29.17	94.4	26.69	29.17	104.7
5/07/2018 1:18:18 PM	3613605498	1013.00	27.75	29.17	94.7	27.59	29.17	96.2	27.74	29.17	94.8	26.68	29.17	104.8
5/07/2018 1:18:19 PM	3613605499	1013.00	27.75	29.16	94.7	27.59	29.16	96.2	27.79	29.16	94.4	26.68	29.16	104.8
5/07/2018 1:18:20 PM	3613605500	1013.00	27.77	29.17	94.5	27.56	29.17	96.4	27.82	29.17	94.1	26.69	29.17	104.7
5/07/2018 1:18:21 PM	3613605501	1013.00	27.79	29.15	94.4	27.66	29.15	95.6	27.81	29.15	94.2	26.68	29.15	104.8
5/07/2018 1:18:22 PM	3613605502	1013.00	27.79	29.14	94.4	27.59	29.14	96.2	27.75	29.14	94.8	26.72	29.14	104.5
5/07/2018 1:18:23 PM	3613605503	1013.00	27.78	29.15	94.5	27.55	29.15	96.6	27.82	29.15	94.1	26.70	29.15	104.6
5/07/2018 1:18:24 PM	3613605504	1013.00	27.76	29.14	94.7	27.60	29.14	96.1	27.77	29.14	94.6	26.73	29.14	104.4
5/07/2018 1:18:25 PM	3613605505	1013.00	27.75	29.14	94.8	27.60	29.14	96.1	27.80	29.14	94.3	26.68	29.14	104.9
5/07/2018 1:18:26 PM	3613605506	1013.00	27.78	29.15	94.5	27.60	29.15	96.1	27.83	29.15	94.1	26.69	29.15	104.7
5/07/2018 1:18:27 PM	3613605507	1013.00	27.76	29.16	94.7	27.60	29.16	96.1	27.80	29.16	94.3	26.69	29.16	104.7
5/07/2018 1:18:28 PM	3613605508	1013.00	27.77	29.16	94.6	27.63	29.16	95.8	27.80	29.16	94.3	26.67	29.16	104.9
5/07/2018 1:18:29 PM	3613605509	1013.00	27.82	29.16	94.1	27.63	29.16	95.8	27.78	29.16	94.5	26.69	29.16	104.7
5/07/2018 1:18:30 PM	3613605510	1013.00	27.79	29.16	94.4	27.65	29.16	95.6	27.84	29.16	93.9	26.69	29.16	104.7
5/07/2018 1:18:31 PM	3613605511	1013.00	27.81	29.16	94.2	27.61	29.16	96.0	27.78	29.16	94.5	26.66	29.16	105.0
5/07/2018 1:18:32 PM	3613605512	1013.00	27.79	29.16	94.4	27.62	29.16	95.9	27.88	29.16	93.6	26.70	29.16	104.6
5/07/2018 1:18:33 PM	3613605513	1013.00	27.82	29.15	94.1	27.66	29.15	95.6	27.80	29.15	94.3	26.70	29.15	104.6
5/07/2018 1:18:34 PM	3613605514	1013.00	27.82	29.15	94.1	27.69	29.15	95.3	27.83	29.15	94.1	26.69	29.15	104.7
5/07/2018 1:18:35 PM	3613605515	1013.00	27.82	29.15	94.1	27.62	29.15	95.9	27.83	29.15	94.1	26.67	29.15	104.9
5/07/2018 1:18:36 PM	3613605516	1013.00	27.84	29.16	93.9	27.68	29.16	95.4	27.85	29.16	93.9	26.69	29.16	104.7
5/07/2018 1:18:37 PM	3613605517	1013.00	27.82	29.16	94.1	27.69	29.16	95.3	27.82	29.16	94.1	26.70	29.16	104.6
5/07/2018 1:18:38 PM	3613605518	1013.00	27.82	29.16	94.1	27.64	29.16	95.7	27.87	29.16	93.7	26.69	29.16	104.7
5/07/2018 1:18:39 PM	3613605519	1013.00	27.85	29.17	93.8	27.65	29.17	95.6	27.86	29.17	93.8	26.70	29.17	104.6
5/07/2018 1:18:40 PM	3613605520	1013.00	27.84	29.16	93.9	27.67	29.16	95.5	27.84	29.16	93.9	26.71	29.16	104.5
5/07/2018 1:18:41 PM	3613605521	1013.00	27.82	29.15	94.1	27.65	29.15	95.6	27.83	29.15	94.1	26.71	29.15	104.5
5/07/2018 1:18:42 PM	3613605522	1013.00	27.84	29.15	94.0	27.64	29.15	95.7	27.85	29.15	93.9	26.68	29.15	104.8
5/07/2018 1:18:43 PM	3613605523	1013.00	27.86	29.14	93.8	27.70	29.14	95.2	27.85	29.14	93.9	26.67	29.14	105.0
5/07/2018 1:18:44 PM	3613605524	1013.00	27.84	29.13	94.0	27.65	29.13	95.7	27.88	29.13	93.6	26.68	29.13	104.9
5/07/2018 1:18:45 PM	3613605525	1013.00	27.86	29.14	93.8	27.70	29.14	95.2	27.88	29.14	93.6	26.71	29.14	104.6
5/07/2018 1:18:46 PM	3613605526	1013.00	27.84	29.13	94.0	27.70	29.13	95.2	27.88	29.13	93.6	26.69	29.13	104.8
5/07/2018 1:18:47 PM	3613605527	1013.00	27.84	29.13	94.0	27.74	29.13	94.9	27.88	29.13	93.6	26.68	29.13	104.9
5/07/2018 1:18:48 PM	3613605528	1013.00	27.84	29.13	94.0	27.68	29.13	95.4	27.86	29.13	93.8	26.67	29.13	105.0
5/07/2018 1:18:49 PM	3613605529	1013.00	27.83	29.13	94.1	27.69	29.13	95.3	27.88	29.13	93.6	26.71	29.13	104.6
5/07/2018 1:18:50 PM	3613605530	1013.00	27.87	29.13	93.7	27.66	29.13	95.6	27.91	29.13	93.4	26.69	29.13	104.8
5/07/2018 1:18:51 PM	3613605531	1013.00	27.89	29.13	93.6	27.70	29.13	95.2	27.87	29.13	93.7	26.69	29.13	104.8
5/07/2018 1:18:52 PM	3613605532	1013.00	27.87	29.13	93.7	27.69	29.13	95.3	27.87	29.13	93.7	26.70	29.13	104.7
5/07/2018 1:18:53 PM	3613605533	1013.00	27.87	29.14	93.7	27.67	29.14	95.5	27.90	29.14	93.5	26.69	29.14	104.8
5/07/2018 1:18:54 PM	3613605534	1013.00	27.88	29.13	93.6	27.70	29.13	95.2	27.93	29.13	93.2	26.72	29.13	104.5
5/07/2018 1:18:55 PM	3613605535	1013.00	27.85	29.13	93.9	27.73	29.13	95.0	27.92	29.13	93.3	26.72	29.13	104.5
5/07/2018 1:18:56 PM	3613605536	1013.00	27.89	29.15	93.5	27.70	29.15	95.2	27.88	29.15	93.6	26.70	29.15	104.6
5/07/2018 1:18:57 PM	3613605537	1013.00	27.87	29.14	93.7	27.71	29.14	95.1	27.95	29.14	93.0	26.73	29.14	104.4
5/07/2018 1:18:58 PM	3613605538	1013.00	27.88	29.14	93.6	27.73	29.14	95.0	27.90	29.14	93.5	26.69	29.14	104.8
5/07/2018 1:18:59 PM	3613605539	1013.00	27.87	29.15	93.7	27.75	29.15	94.8	27.92	29.15	93.3	26.69	29.15	104.7
5/07/2018 1:19:00 PM	3613605540	1013.00	27.89	29.15	93.5	27.72	29.15	95.0	27.89	29.15	93.5	26.70	29.15	104.6
5/07/2018 1:19:01 PM	3613605541	1013.00	27.90	29.15	93.4	27.71	29.15	95.1	27.92	29.15	93.3	26.69	29.15	104.7
5/07/2018 1:19:02 PM	3613605542	1013.00	27.90	29.15	93.4	27.76	29.15	94.7	27.90	29.15	93.4	26.69	29.15	104.7
5/07/2018 1:19:03 PM	3613605543	1013.00	27.92	29.14	93.3	27.73	29.14	95.0	27.90	29.14	93.5	26.72	29.14	104.5
5/07/2018 1:19:04 PM	3613605544	1013.00	27.95	29.14	93.0	27.72	29.14	95.0	27.91	29.14	93.4	26.70	29.14	104.7
5/07/2018 1:19:05 PM	3613605545	1013.00	27.94	29.13	93.1	27.69	29.13	95.3	27.93	29.13	93.2	26.71	29.13	104.6
5/07/2018 1:19:06 PM	3613605546	1013.00	27.97	29.13	92.9	27.79	29.13	94.4	27.93	29.13	93.2	26.67	29.13	105.0
5/07/2018 1:19:07 PM	3613605547	1013.00	27.91	29.14	93.4	27.72	29.14	95.0	27.96	29.14	92.9	26.70	29.14	104.7
5/07/2018 1:19:08 PM	3613605548	1013.00	27.95	29.14	93.0	27.79	29.14	94.4	27.92	29.14	93.3	26.72	29.14	104.5
5/07/2018 1:19:09 PM	3613605549	1013.00	27.92	29.14	93.3	27.78	29.14	94.5	27.93	29.14	93.2	26.70	29.14	104.7
5/07/2018 1:19:10 PM	3613605550	1013.00	27.95	29.14	93.0	27.74	29.14	94.9	27.95	29.14	93.0	26.70	29.14	104.7
5/07/2018 1:19:11 PM	3613605551	1013.00	27.94	29.13	93.1	27.78	29.13	94.5	27.95	29.13	93.0	26.68	29.13	104.9
5/07/2018 1:19:12 PM	3613605552	1013.00	27.97	29.13	92.9	27.79	29.13	94.4	27.98	29.13	92.8	26.67	29.13	105.0
5/07/2018 1:19:13 PM	3613605553	1013.00	27.96	29.13	93.0	27.79	29.13	94.4	28.01	29.13	92.5	26.67	29.13	105.0
5/07/2018 1:19:14 PM	3613605554	1013.00	27.96	29.14	92.9	27.79	29.14	94.4	28.01	29.14	92.5	26.71	29.14	104.6
5/07/2018 1:19:15 PM	3613605555	1013.00	27.96	29.13	93.0	27.76	29.13	94.7	28.02	29.13	92.4	26.71	29.13	104.6
5/07/2018 1:19:16 PM	3613605556	1013.00	27.97	29.13	92.9	27.80	29.13	94.3	28.01	29.13	92.5	26.67	29.13	105.0
5/07/2018 1:19:17 PM	3613605557	1013.00	27.94	29.13	93.1	27.77	29.13	94.6	27.98	29.13	92.8	26.68	29.13	104.9
5/07/2018 1:19:18 PM	3613605558	1013.00	28.00	29.13	92.6	27.83	29.13	94.1	28.01	29.13	92.5	26.70	29.13	104.7
5/07/2018 1:19:19 PM	3613605559	1013.00	27.99	29.13	92.7	27.81	29.13	94.3	28.00	29.13	92.6	26.72	29.13	104.5
5/07/2018 1:19:20 PM	3613605560	1013.00	27.98	29.14	92.8	27.82	29.14	94.2	28.06	29.14	92.1	26.73	29.14	104.4
5/07/2018 1:19:21 PM	3613605561	1013.00	28.01	29.14	92.5	27.81	29.14	94.2	28.04	29.14	92.2	26.70	29.14	104.7
5/07/2018 1:19:22 PM	3613605562	1013.00	27.97	29.14	92.9	27.81	29.14	94.2	28.06	29.14	92.1	26.71	29.14	104.6
5/07/2018 1:19:23 PM	3613605563	1013.00	28.01	29.14	92.5	27.82	29.14	94.2	28.04	29.14	92.2	26.67	29.14	105.0
5/07/2018 1:19:24 PM	3613605564	1013.00	27.99	29.13	92.7	27.84	29.13	94.0	28.04	29.13	92.3	26.69	29.13	104.8
5/07/2018 1:19:25 PM	3613605565	1013.00	27.99	29.13	92.7	27.79	29.13	94.4	28.12	29.13	91.6	26.69	29.13	104.8
5/07/2018 1:19:26 PM	3613605566	1013.00	28.01	29.13	92.5	27.86	29.13	93.8	28.10	29.13	91.8	26.72	29.13	104.5
5/07/2018 1:19:27 PM	3613605567	1013.00	28.03	29.12	92.4	27.85	29.12	93.9	28.06	29.12	92.1	26.69	29.12	104.8
5/07/2018 1:19:28 PM	3613605568	1013.00	28.02	29.12	92.5	27.75	29.12	94.8	28.07	29.12	92.0	26.69	29.12	104.8
5/07/2018 1:19:29 PM	3613605569	1013.00	28.01	29.13	92.5	27.81	29.13	94.3	28.08	29.13	91.9	26.71	29.13	104.6
5/07/2018 1:19:30 PM	3613605570	1013.00	27.98	29.13	92.8	27.84	29.13	94.0	28.10	29.13	91.8	26.71	29.13	104.6
5/07/2018 1:19:31 PM	3613605571	1013.00	28.04	29.13	92.3	27.84	29.13	94.0	28.07	29.13	92.0	26.69	29.13	104.8
5/07/2018 1:19:32 PM	3613605572	1013.00	28.05	29.14	92.2	27.89	29.14	93.5	28.10	29.14	91.7	26.71	29.14	104.6
5/07/2018 1:19:33 PM	3613605573	1013.00	28.04	29.13	92.3	27.76	29.13	94.7	28.07	29.13	92.0	26.73	29.13	104.4
5/07/2018 1:19:34 PM	3613605574	1013.00	28.04	29.13	92.3	27.88	29.13	93.6	28.12	29.13	91.6	26.70	29.13	104.7
5/07/2018 1:19:35 PM	3613605575	1013.00	28.03	29.13	92.4	27.84	29.13	94.0	28.08	29.13	91.9	26.72	29.13	104.5
5/07/2018 1:19:36 PM	3613605576	1013.00	28.04	29.13	92.3	27.82	29.13	94.2	28.08	29.13	91.9	26.72	29.13	104.5
5/07/2018 1:19:37 PM	3613605577	1013.00	28.05	29.13	92.2	27.83	29.13	94.1	28.10	29.13	91.8	26.69	29.13	104.8
5/07/2018 1:19:38 PM	3613605578	1013.00	28.07	29.13	92.0	27.86	29.13	93.8	28.11	29.13	91.7	26.71	29.13	104.6
5/07/2018 1:19:39 PM	3613605579	1013.00	28.05	29.13	92.2	27.87	29.13	93.7	28.15	29.13	91.3	26.70	29.13	104.7
5/07/2018 1:19:40 PM	3613605580	1013.00	28.02	29.12	92.5	27.86	29.12	93.8	28.15	29.12	91.3	26.71	29.12	104.6
5/07/2018 1:19:41 PM	3613605581	1013.00	28.06	29.11	92.1	27.89	29.11	93.6	28.11	29.11	91.7	26.71	29.11	104.6
5/07/2018 1:19:42 PM	3613605582	1013.00	28.07	29.12	92.0	27.92	29.12	93.3	28.11	29.12	91.7	26.72	29.12	104.5
5/07/2018 1:19:43 PM	3613605583	1013.00	28.06	29.12	92.1	27.90	29.12	93.5	28.13	29.12	91.5	26.69	29.12	104.8
5/07/2018 1:19:44 PM	3613605584	1013.00	28.06	29.12	92.1	27.93	29.12	93.2	28.12	29.12	91.6	26.68	29.12	104.9
5/07/2018 1:19:45 PM	3613605585	1013.00	28.06	29.13	92.1	27.92	29.13	93.3	28.13	29.13	91.5	26.66	29.13	105.1
5/07/2018 1:19:46 PM	3613605586	1013.00	28.06	29.13	92.1	27.91	29.13	93.4	28.09	29.13	91.8	26.69	29.13	104.8
5/07/2018 1:19:47 PM	3613605587	1013.00	28.07	29.14	92.0	27.92	29.14	93.3	28.14	29.14	91.4	26.71	29.14	104.6
5/07/2018 1:19:48 PM	3613605588	1013.00	28.07	29.14	92.0	27.93	29.14	93.2	28.14	29.14	91.4	26.69	29.14	104.8
5/07/2018 1:19:49 PM	3613605589	1013.00	28.08	29.14	91.9	27.88	29.14	93.6	28.14	29.14	91.4	26.71	29.14	104.6
5/07/2018 1:19:50 PM	3613605590	1013.00	28.07	29.14	92.0	27.88	29.14	93.6	28.16	29.14	91.2	26.68	29.14	104.9
5/07/2018 1:19:51 PM	3613605591	1013.00	28.10	29.14	91.7	27.90	29.14	93.5	28.13	29.14	91.5	26.68	29.14	104.9
5/07/2018 1:19:52 PM	3613605592	1013.00	28.10	29.13	91.8	27.90	29.13	93.5	28.12	29.13	91.6	26.73	29.13	104.4
5/07/2018 1:19:53 PM	3613605593	1013.00	28.09	29.13	91.8	27.89	29.13	93.6	28.14	29.13	91.4	26.73	29.13	104.4
5/07/2018 1:19:54 PM	3613605594	1013.00	28.09	29.14	91.8	27.92	29.14	93.3	28.17	29.14	91.1	26.68	29.14	104.9
5/07/2018 1:19:55 PM	3613605595	1013.00	28.11	29.13	91.7	27.97	29.13	92.9	28.12	29.13	91.6	26.71	29.13	104.6
5/07/2018 1:19:56 PM	3613605596	1013.00	28.09	29.13	91.8	27.99	29.13	92.7	28.17	29.13	91.2	26.69	29.13	104.8
5/07/2018 1:19:57 PM	3613605597	1013.00	28.10	29.13	91.8	27.91	29.13	93.4	28.18	29.13	91.1	26.74	29.13	104.3
5/07/2018 1:19:58 PM	3613605598	1013.00	28.09	29.13	91.8	27.98	29.13	92.8	28.18	29.13	91.1	26.73	29.13	104.4
5/07/2018 1:19:59 PM	3613605599	1013.00	28.11	29.14	91.7	27.95	29.14	93.0	28.18	29.14	91.1	26.72	29.14	104.5
5/07/2018 1:20:00 PM	3613605600	1013.00	28.12	29.14	91.6	27.93	29.14	93.2	28.14	29.14	91.4	26.68	29.14	104.9
5/07/2018 1:20:01 PM	3613605601	1013.00	28.12	29.14	91.6	27.94	29.14	93.1	28.15	29.14	91.3	26.70	29.14	104.7
5/07/2018 1:20:02 PM	3613605602	1013.00	28.13	29.14	91.5	27.98	29.14	92.8	28.18	29.14	91.1	26.73	29.14	104.4
5/07/2018 1:20:03 PM	3613605603	1013.00	28.14	29.13	91.4	27.93	29.13	93.2	28.16	29.13	91.2	26.68	29.13	104.9
5/07/2018 1:20:04 PM	3613605604	1013.00	28.14	29.13	91.4	27.98	29.13	92.8	28.14	29.13	91.4	26.71	29.13	104.6
5/07/2018 1:20:05 PM	3613605605	1013.00	28.16	29.13	91.2	27.98	29.13	92.8	28.20	29.13	90.9	26.71	29.13	104.6
5/07/2018 1:20:06 PM	3613605606	1013.00	28.14	29.13	91.4	28.02	29.13	92.4	28.16	29.13	91.2	26.72	29.13	104.5
5/07/2018 1:20:07 PM	3613605607	1013.00	28.16	29.13	91.2	27.98	29.13	92.8	28.21	29.13	90.8	26.74	29.13	104.3
5/07/2018 1:20:08 PM	3613605608	1013.00	28.18	29.13	91.1	27.93	29.13	93.2	28.22	29.13	90.7	26.71	29.13	104.6
5/07/2018 1:20:09 PM	3613605609	1013.00	28.15	29.13	91.3	28.00	29.13	92.6	28.20	29.13	90.9	26.70	29.13	104.7
5/07/2018 1:20:10 PM	3613605610	1013.00	28.16	29.13	91.2	27.98	29.13	92.8	28.20	29.13	90.9	26.74	29.13	104.3
5/07/2018 1:20:11 PM	3613605611	1013.00	28.17	29.13	91.2	27.96	29.13	93.0	28.18	29.13	91.1	26.71	29.13	104.6
5/07/2018 1:20:12 PM	3613605612	1013.00	28.19	29.13	91.0	27.97	29.13	92.9	28.21	29.13	90.8	26.72	29.13	104.5
5/07/2018 1:20:13 PM	3613605613	1013.00	28.16	29.14	91.2	27.98	29.14	92.8	28.22	29.14	90.7	26.70	29.14	104.7
5/07/2018 1:20:14 PM	3613605614	1013.00	28.18	29.13	91.1	28.00	29.13	92.6	28.20	29.13	90.9	26.69	29.13	104.8
5/07/2018 1:20:15 PM	3613605615	1013.00	28.22	29.13	90.7	28.02	29.13	92.4	28.21	29.13	90.8	26.71	29.13	104.6
5/07/2018 1:20:16 PM	3613605616	1013.00	28.20	29.14	90.9	28.00	29.14	92.6	28.24	29.14	90.6	26.70	29.14	104.7
5/07/2018 1:20:17 PM	3613605617	1013.00	28.19	29.13	91.0	28.02	29.13	92.4	28.21	29.13	90.8	26.72	29.13	104.5
5/07/2018 1:20:18 PM	3613605618	1013.00	28.22	29.13	90.7	28.03	29.13	92.4	28.24	29.13	90.6	26.71	29.13	104.6
5/07/2018 1:20:19 PM	3613605619	1013.00	28.19	29.14	91.0	27.98	29.14	92.8	28.23	29.14	90.6	26.70	29.14	104.7
5/07/2018 1:20:20 PM	3613605620	1013.00	28.18	29.13	91.1	27.98	29.13	92.8	28.25	29.13	90.5	26.73	29.13	104.4
5/07/2018 1:20:21 PM	3613605621	1013.00	28.20	29.13	90.9	28.04	29.13	92.3	28.30	29.13	90.1	26.72	29.13	104.5
5/07/2018 1:20:22 PM	3613605622	1013.00	28.24	29.14	90.6	28.01	29.14	92.5	28.29	29.14	90.1	26.73	29.14	104.4
5/07/2018 1:20:23 PM	3613605623	1013.00	28.18	29.13	91.1	27.99	29.13	92.7	28.28	29.13	90.2	26.71	29.13	104.6
5/07/2018 1:20:24 PM	3613605624	1013.00	28.23	29.13	90.7	27.94	29.13	93.1	28.28	29.13	90.2	26.74	29.13	104.3
5/07/2018 1:20:25 PM	3613605625	1013.00	28.23	29.13	90.7	28.00	29.13	92.6	28.31	29.13	90.0	26.70	29.13	104.7
5/07/2018 1:20:26 PM	3613605626	1013.00	28.19	29.13	91.0	28.02	29.13	92.4	28.26	29.13	90.4	26.70	29.13	104.7
5/07/2018 1:20:27 PM	3613605627	1013.00	28.23	29.14	90.6	28.05	29.14	92.2	28.34	29.14	89.7	26.71	29.14	104.6
5/07/2018 1:20:28 PM	3613605628	1013.00	28.23	29.14	90.6	27.99	29.14	92.7	28.31	29.14	90.0	26.68	29.14	104.9
5/07/2018 1:20:29 PM	3613605629	1013.00	28.23	29.14	90.6	28.02	29.14	92.4	28.35	29.14	89.6	26.70	29.14	104.7
