Date & time of file creation	5/07/2018 12:57 PM													
Data file path	C:\Users\ameli\Desktop\Diego Barneche\05_07_2018\29_C_old_witrox_20.txt													
														
														
CALIBRATION DATA														
Parameter/Channel	N moving average	LO phase [r.U.]	HI phase [r.U.]	LO oxygen [%air saturation]	HI oxygen [%air saturation]	LO temperature [°C]	HI temperature [°C]	Salinity [‰]						
S WOT 0041 000001   , CH 1	1	59.40	26.56	0.00	100.00	32.57	32.61	0.000						
S WOT 0041 000001   , CH 2	1	59.40	26.56	0.00	100.00	32.57	32.61	0.000						
S WOT 0041 000001   , CH 3	1	59.40	26.56	0.00	100.00	32.57	32.61	0.000						
S WOT 0041 000001   , CH 4	1	59.40	26.56	0.00	100.00	32.57	32.61	0.000						
														
														
Date &Time [DD-MM-YYYY HH:MM:SS]	Time stamp code	Barometric pressure [hPa]	S WOT 0041 000001   , CH 1 phase [r.U.]	S WOT 0041 000001   , CH 1 temp [°C]	S WOT 0041 000001   , CH 1 O2 [% air saturation]	S WOT 0041 000001   , CH 2 phase [r.U.]	S WOT 0041 000001   , CH 2 temp [°C]	S WOT 0041 000001   , CH 2 O2 [% air saturation]	S WOT 0041 000001   , CH 3 phase [r.U.]	S WOT 0041 000001   , CH 3 temp [°C]	S WOT 0041 000001   , CH 3 O2 [% air saturation]	S WOT 0041 000001   , CH 4 phase [r.U.]	S WOT 0041 000001   , CH 4 temp [°C]	S WOT 0041 000001   , CH 4 O2 [% air saturation]
5/07/2018 12:58:32 PM	3613604312	1013.00	26.83	29.18	103.3	26.68	29.18	104.8	26.62	29.18	105.4	NaN	29.18	NaN
5/07/2018 12:58:33 PM	3613604313	1013.00	26.78	29.17	103.8	26.68	29.17	104.8	26.58	29.17	105.8	NaN	29.17	NaN
5/07/2018 12:58:34 PM	3613604314	1013.00	26.82	29.17	103.4	26.71	29.17	104.5	26.61	29.17	105.5	NaN	29.17	NaN
5/07/2018 12:58:35 PM	3613604315	1013.00	26.80	29.17	103.6	26.71	29.17	104.5	26.61	29.17	105.5	NaN	29.17	NaN
5/07/2018 12:58:36 PM	3613604316	1013.00	26.81	29.17	103.5	26.74	29.17	104.2	26.60	29.17	105.6	NaN	29.17	NaN
5/07/2018 12:58:37 PM	3613604317	1013.00	26.82	29.17	103.4	26.70	29.17	104.6	26.61	29.17	105.5	NaN	29.17	NaN
5/07/2018 12:58:38 PM	3613604318	1013.00	26.81	29.17	103.5	26.72	29.17	104.4	26.57	29.17	105.9	NaN	29.17	NaN
5/07/2018 12:58:39 PM	3613604319	1013.00	26.84	29.18	103.2	26.69	29.18	104.7	26.65	29.18	105.1	NaN	29.18	NaN
5/07/2018 12:58:40 PM	3613604320	1013.00	26.80	29.18	103.6	26.70	29.18	104.6	26.61	29.18	105.5	NaN	29.18	NaN
5/07/2018 12:58:41 PM	3613604321	1013.00	26.80	29.17	103.6	26.71	29.17	104.5	26.62	29.17	105.4	NaN	29.17	NaN
5/07/2018 12:58:42 PM	3613604322	1013.00	26.81	29.17	103.5	26.73	29.17	104.3	26.53	29.17	106.3	NaN	29.17	NaN
5/07/2018 12:58:43 PM	3613604323	1013.00	26.79	29.18	103.7	26.71	29.18	104.5	26.61	29.18	105.5	NaN	29.18	NaN
5/07/2018 12:58:44 PM	3613604324	1013.00	26.80	29.18	103.6	26.73	29.18	104.3	26.63	29.18	105.3	NaN	29.18	NaN
5/07/2018 12:58:45 PM	3613604325	1013.00	26.81	29.18	103.5	26.71	29.18	104.5	26.62	29.18	105.4	NaN	29.18	NaN
5/07/2018 12:58:46 PM	3613604326	1013.00	26.83	29.18	103.3	26.71	29.18	104.5	26.60	29.18	105.6	NaN	29.18	NaN
5/07/2018 12:58:47 PM	3613604327	1013.00	26.80	29.18	103.6	26.74	29.18	104.2	26.61	29.18	105.5	NaN	29.18	NaN
5/07/2018 12:58:48 PM	3613604328	1013.00	26.79	29.18	103.7	26.69	29.18	104.7	26.57	29.18	105.9	NaN	29.18	NaN
5/07/2018 12:58:49 PM	3613604329	1013.00	26.83	29.18	103.3	26.68	29.18	104.8	26.60	29.18	105.6	NaN	29.18	NaN
5/07/2018 12:58:50 PM	3613604330	1013.00	26.83	29.19	103.3	26.74	29.19	104.2	26.56	29.19	106.0	NaN	29.19	NaN
5/07/2018 12:58:51 PM	3613604331	1013.00	26.81	29.19	103.5	26.73	29.19	104.3	26.59	29.19	105.7	NaN	29.19	NaN
5/07/2018 12:58:52 PM	3613604332	1013.00	26.84	29.19	103.2	26.72	29.19	104.4	26.64	29.19	105.2	NaN	29.19	NaN
5/07/2018 12:58:53 PM	3613604333	1013.00	26.83	29.20	103.3	26.73	29.20	104.3	26.57	29.20	105.9	NaN	29.20	NaN
5/07/2018 12:58:54 PM	3613604334	1013.00	26.78	29.20	103.8	26.72	29.20	104.4	26.62	29.20	105.4	NaN	29.20	NaN
5/07/2018 12:58:55 PM	3613604335	1013.00	26.83	29.19	103.3	26.72	29.19	104.4	26.63	29.19	105.3	NaN	29.19	NaN
5/07/2018 12:58:56 PM	3613604336	1013.00	26.83	29.19	103.3	26.71	29.19	104.5	26.59	29.19	105.7	NaN	29.19	NaN
5/07/2018 12:58:57 PM	3613604337	1013.00	26.84	29.19	103.2	26.72	29.19	104.4	26.60	29.19	105.6	NaN	29.19	NaN
5/07/2018 12:58:58 PM	3613604338	1013.00	26.79	29.18	103.7	26.70	29.18	104.6	26.62	29.18	105.4	NaN	29.18	NaN
5/07/2018 12:58:59 PM	3613604339	1013.00	26.81	29.18	103.5	26.70	29.18	104.6	26.56	29.18	106.0	NaN	29.18	NaN
5/07/2018 12:59:00 PM	3613604340	1013.00	26.80	29.18	103.6	26.71	29.18	104.5	26.60	29.18	105.6	NaN	29.18	NaN
5/07/2018 12:59:01 PM	3613604341	1013.00	26.78	29.18	103.8	26.76	29.18	104.0	26.59	29.18	105.7	NaN	29.18	NaN
5/07/2018 12:59:02 PM	3613604342	1013.00	26.77	29.19	103.9	26.71	29.19	104.5	26.57	29.19	105.9	NaN	29.19	NaN
5/07/2018 12:59:03 PM	3613604343	1013.00	26.81	29.18	103.5	26.70	29.18	104.6	26.60	29.18	105.6	NaN	29.18	NaN
5/07/2018 12:59:04 PM	3613604344	1013.00	26.82	29.18	103.4	26.76	29.18	104.0	26.60	29.18	105.6	NaN	29.18	NaN
5/07/2018 12:59:05 PM	3613604345	1013.00	26.80	29.19	103.6	26.74	29.19	104.2	26.59	29.19	105.7	NaN	29.19	NaN
5/07/2018 12:59:06 PM	3613604346	1013.00	26.83	29.18	103.3	26.73	29.18	104.3	26.55	29.18	106.1	NaN	29.18	NaN
5/07/2018 12:59:07 PM	3613604347	1013.00	26.83	29.18	103.3	26.70	29.18	104.6	26.55	29.18	106.1	NaN	29.18	NaN
5/07/2018 12:59:08 PM	3613604348	1013.00	26.79	29.18	103.7	26.73	29.18	104.3	26.64	29.18	105.2	NaN	29.18	NaN
5/07/2018 12:59:09 PM	3613604349	1013.00	26.82	29.18	103.4	26.75	29.18	104.1	26.62	29.18	105.4	NaN	29.18	NaN
5/07/2018 12:59:10 PM	3613604350	1013.00	26.83	29.18	103.3	26.71	29.18	104.5	26.60	29.18	105.6	NaN	29.18	NaN
5/07/2018 12:59:11 PM	3613604351	1013.00	26.78	29.19	103.8	26.72	29.19	104.4	26.58	29.19	105.8	NaN	29.19	NaN
5/07/2018 12:59:12 PM	3613604352	1013.00	26.81	29.19	103.5	26.75	29.19	104.1	26.58	29.19	105.8	NaN	29.19	NaN
5/07/2018 12:59:13 PM	3613604353	1013.00	26.82	29.20	103.4	26.75	29.20	104.1	26.63	29.20	105.3	NaN	29.20	NaN
5/07/2018 12:59:14 PM	3613604354	1013.00	26.83	29.20	103.3	26.73	29.20	104.3	26.60	29.20	105.6	NaN	29.20	NaN
5/07/2018 12:59:15 PM	3613604355	1013.00	26.79	29.19	103.7	26.74	29.19	104.2	26.58	29.19	105.8	NaN	29.19	NaN
5/07/2018 12:59:16 PM	3613604356	1013.00	26.84	29.19	103.2	26.72	29.19	104.4	26.64	29.19	105.2	NaN	29.19	NaN
5/07/2018 12:59:17 PM	3613604357	1013.00	26.81	29.19	103.5	26.72	29.19	104.4	26.60	29.19	105.6	NaN	29.19	NaN
5/07/2018 12:59:18 PM	3613604358	1013.00	26.84	29.19	103.2	26.76	29.19	104.0	26.59	29.19	105.7	NaN	29.19	NaN
5/07/2018 12:59:19 PM	3613604359	1013.00	26.81	29.20	103.5	26.73	29.20	104.3	26.58	29.20	105.8	NaN	29.20	NaN
5/07/2018 12:59:20 PM	3613604360	1013.00	26.83	29.19	103.3	26.74	29.19	104.2	26.61	29.19	105.5	NaN	29.19	NaN
5/07/2018 12:59:21 PM	3613604361	1013.00	26.83	29.19	103.3	26.74	29.19	104.2	26.63	29.19	105.3	NaN	29.19	NaN
5/07/2018 12:59:22 PM	3613604362	1013.00	26.77	29.19	103.9	26.74	29.19	104.2	26.59	29.19	105.7	NaN	29.19	NaN
5/07/2018 12:59:23 PM	3613604363	1013.00	26.83	29.19	103.3	26.75	29.19	104.1	26.62	29.19	105.4	NaN	29.19	NaN
5/07/2018 12:59:24 PM	3613604364	1013.00	26.82	29.19	103.4	26.73	29.19	104.3	26.64	29.19	105.2	NaN	29.19	NaN
5/07/2018 12:59:25 PM	3613604365	1013.00	26.81	29.19	103.5	26.72	29.19	104.4	26.65	29.19	105.1	NaN	29.19	NaN
5/07/2018 12:59:26 PM	3613604366	1013.00	26.78	29.19	103.8	26.72	29.19	104.4	26.63	29.19	105.3	NaN	29.19	NaN
5/07/2018 12:59:27 PM	3613604367	1013.00	26.84	29.19	103.2	26.72	29.19	104.4	26.63	29.19	105.3	NaN	29.19	NaN
5/07/2018 12:59:28 PM	3613604368	1013.00	26.81	29.19	103.5	26.70	29.19	104.6	26.59	29.19	105.7	NaN	29.19	NaN
5/07/2018 12:59:29 PM	3613604369	1013.00	26.82	29.19	103.4	26.74	29.19	104.2	26.59	29.19	105.7	NaN	29.19	NaN
5/07/2018 12:59:30 PM	3613604370	1013.00	26.81	29.19	103.5	26.74	29.19	104.2	26.63	29.19	105.3	NaN	29.19	NaN
5/07/2018 12:59:31 PM	3613604371	1013.00	26.85	29.19	103.1	26.75	29.19	104.1	26.59	29.19	105.7	NaN	29.19	NaN
5/07/2018 12:59:32 PM	3613604372	1013.00	26.82	29.19	103.4	26.69	29.19	104.7	26.63	29.19	105.3	NaN	29.19	NaN
5/07/2018 12:59:33 PM	3613604373	1013.00	26.83	29.20	103.3	26.73	29.20	104.3	26.60	29.20	105.6	NaN	29.20	NaN
5/07/2018 12:59:34 PM	3613604374	1013.00	26.80	29.20	103.6	26.72	29.20	104.4	26.59	29.20	105.7	NaN	29.20	NaN
5/07/2018 12:59:35 PM	3613604375	1013.00	26.82	29.20	103.4	26.76	29.20	104.0	26.60	29.20	105.6	NaN	29.20	NaN
5/07/2018 12:59:36 PM	3613604376	1013.00	26.80	29.20	103.6	26.70	29.20	104.6	26.60	29.20	105.6	NaN	29.20	NaN
5/07/2018 12:59:37 PM	3613604377	1013.00	26.83	29.20	103.3	26.75	29.20	104.1	26.60	29.20	105.6	NaN	29.20	NaN
5/07/2018 12:59:38 PM	3613604378	1013.00	26.83	29.20	103.3	26.76	29.20	104.0	26.65	29.20	105.1	NaN	29.20	NaN
5/07/2018 12:59:39 PM	3613604379	1013.00	26.81	29.20	103.5	26.79	29.20	103.7	26.64	29.20	105.2	NaN	29.20	NaN
5/07/2018 12:59:40 PM	3613604380	1013.00	26.80	29.20	103.6	26.73	29.20	104.3	26.63	29.20	105.3	NaN	29.20	NaN
5/07/2018 12:59:41 PM	3613604381	1013.00	26.87	29.20	102.9	26.76	29.20	104.0	26.63	29.20	105.3	NaN	29.20	NaN
5/07/2018 12:59:42 PM	3613604382	1013.00	26.82	29.19	103.4	26.73	29.19	104.3	26.66	29.19	105.0	NaN	29.19	NaN
5/07/2018 12:59:43 PM	3613604383	1013.00	26.84	29.19	103.2	26.75	29.19	104.1	26.60	29.19	105.6	NaN	29.19	NaN
5/07/2018 12:59:44 PM	3613604384	1013.00	26.81	29.19	103.5	26.76	29.19	104.0	26.59	29.19	105.7	NaN	29.19	NaN
5/07/2018 12:59:45 PM	3613604385	1013.00	26.82	29.18	103.4	26.79	29.18	103.7	26.67	29.18	104.9	NaN	29.18	NaN
5/07/2018 12:59:46 PM	3613604386	1013.00	26.85	29.19	103.1	26.74	29.19	104.2	26.62	29.19	105.4	NaN	29.19	NaN
5/07/2018 12:59:47 PM	3613604387	1013.00	26.82	29.18	103.4	26.78	29.18	103.8	26.65	29.18	105.1	NaN	29.18	NaN
5/07/2018 12:59:48 PM	3613604388	1013.00	26.82	29.18	103.4	26.74	29.18	104.2	26.61	29.18	105.5	NaN	29.18	NaN
5/07/2018 12:59:49 PM	3613604389	1013.00	26.82	29.19	103.4	26.74	29.19	104.2	26.64	29.19	105.2	NaN	29.19	NaN
5/07/2018 12:59:50 PM	3613604390	1013.00	26.81	29.20	103.5	26.75	29.20	104.1	26.63	29.20	105.3	NaN	29.20	NaN
5/07/2018 12:59:51 PM	3613604391	1013.00	26.80	29.20	103.6	26.78	29.20	103.8	26.59	29.20	105.7	NaN	29.20	NaN
5/07/2018 12:59:52 PM	3613604392	1013.00	26.83	29.20	103.3	26.76	29.20	104.0	26.65	29.20	105.1	NaN	29.20	NaN
5/07/2018 12:59:53 PM	3613604393	1013.00	26.83	29.19	103.3	26.79	29.19	103.7	26.65	29.19	105.1	NaN	29.19	NaN
5/07/2018 12:59:54 PM	3613604394	1013.00	26.81	29.19	103.5	26.77	29.19	103.9	26.60	29.19	105.6	NaN	29.19	NaN
5/07/2018 12:59:55 PM	3613604395	1013.00	26.85	29.18	103.1	26.75	29.18	104.1	26.63	29.18	105.3	NaN	29.18	NaN
5/07/2018 12:59:56 PM	3613604396	1013.00	26.82	29.18	103.4	26.77	29.18	103.9	26.60	29.18	105.6	NaN	29.18	NaN
5/07/2018 12:59:57 PM	3613604397	1013.00	26.85	29.18	103.1	26.78	29.18	103.8	26.64	29.18	105.2	NaN	29.18	NaN
5/07/2018 12:59:58 PM	3613604398	1013.00	26.86	29.19	103.0	26.80	29.19	103.6	26.62	29.19	105.4	NaN	29.19	NaN
5/07/2018 12:59:59 PM	3613604399	1013.00	26.81	29.19	103.5	26.81	29.19	103.5	26.62	29.19	105.4	NaN	29.19	NaN
5/07/2018 1:00:00 PM	3613604400	1013.00	26.82	29.20	103.4	26.75	29.20	104.1	26.64	29.20	105.2	NaN	29.20	NaN
5/07/2018 1:00:01 PM	3613604401	1013.00	26.82	29.20	103.4	26.80	29.20	103.6	26.62	29.20	105.4	NaN	29.20	NaN
5/07/2018 1:00:02 PM	3613604402	1013.00	26.84	29.20	103.2	26.78	29.20	103.8	26.67	29.20	104.9	NaN	29.20	NaN
5/07/2018 1:00:03 PM	3613604403	1013.00	26.83	29.21	103.2	26.77	29.21	103.8	26.67	29.21	104.8	NaN	29.21	NaN
5/07/2018 1:00:04 PM	3613604404	1013.00	26.85	29.20	103.1	26.77	29.20	103.9	26.65	29.20	105.1	NaN	29.20	NaN
5/07/2018 1:00:05 PM	3613604405	1013.00	26.85	29.20	103.1	26.77	29.20	103.9	26.66	29.20	105.0	NaN	29.20	NaN
5/07/2018 1:00:06 PM	3613604406	1013.00	26.81	29.21	103.4	26.80	29.21	103.5	26.64	29.21	105.1	NaN	29.21	NaN
5/07/2018 1:00:07 PM	3613604407	1013.00	26.83	29.21	103.2	26.79	29.21	103.6	26.65	29.21	105.0	NaN	29.21	NaN
5/07/2018 1:00:08 PM	3613604408	1013.00	26.82	29.21	103.3	26.79	29.21	103.6	26.60	29.21	105.5	NaN	29.21	NaN
5/07/2018 1:00:09 PM	3613604409	1013.00	26.83	29.21	103.2	26.75	29.21	104.0	26.63	29.21	105.2	NaN	29.21	NaN
5/07/2018 1:00:10 PM	3613604410	1013.00	26.85	29.21	103.1	26.77	29.21	103.8	26.62	29.21	105.3	NaN	29.21	NaN
5/07/2018 1:00:11 PM	3613604411	1013.00	26.83	29.20	103.3	26.80	29.20	103.6	26.65	29.20	105.1	NaN	29.20	NaN
5/07/2018 1:00:12 PM	3613604412	1013.00	26.86	29.20	103.0	26.79	29.20	103.7	26.65	29.20	105.1	NaN	29.20	NaN
5/07/2018 1:00:13 PM	3613604413	1013.00	26.84	29.20	103.2	26.82	29.20	103.4	26.66	29.20	105.0	NaN	29.20	NaN
5/07/2018 1:00:14 PM	3613604414	1013.00	26.82	29.20	103.4	26.82	29.20	103.4	26.70	29.20	104.6	NaN	29.20	NaN
5/07/2018 1:00:15 PM	3613604415	1013.00	26.82	29.20	103.4	26.83	29.20	103.3	26.67	29.20	104.9	NaN	29.20	NaN
5/07/2018 1:00:16 PM	3613604416	1013.00	26.86	29.20	103.0	26.80	29.20	103.6	26.66	29.20	105.0	NaN	29.20	NaN
5/07/2018 1:00:17 PM	3613604417	1013.00	26.85	29.19	103.1	26.79	29.19	103.7	26.70	29.19	104.6	NaN	29.19	NaN
5/07/2018 1:00:18 PM	3613604418	1013.00	26.85	29.20	103.1	26.78	29.20	103.8	26.64	29.20	105.2	NaN	29.20	NaN
5/07/2018 1:00:19 PM	3613604419	1013.00	26.83	29.20	103.3	26.83	29.20	103.3	26.66	29.20	105.0	NaN	29.20	NaN
5/07/2018 1:00:20 PM	3613604420	1013.00	26.84	29.20	103.2	26.77	29.20	103.9	26.65	29.20	105.1	NaN	29.20	NaN
5/07/2018 1:00:21 PM	3613604421	1013.00	26.86	29.20	103.0	26.81	29.20	103.5	26.65	29.20	105.1	NaN	29.20	NaN
5/07/2018 1:00:22 PM	3613604422	1013.00	26.85	29.20	103.1	26.83	29.20	103.3	26.66	29.20	105.0	NaN	29.20	NaN
5/07/2018 1:00:23 PM	3613604423	1013.00	26.86	29.20	103.0	26.81	29.20	103.5	26.67	29.20	104.9	NaN	29.20	NaN
5/07/2018 1:00:24 PM	3613604424	1013.00	26.86	29.20	103.0	26.85	29.20	103.1	26.65	29.20	105.1	NaN	29.20	NaN
5/07/2018 1:00:25 PM	3613604425	1013.00	26.88	29.20	102.8	26.80	29.20	103.6	26.66	29.20	105.0	NaN	29.20	NaN
5/07/2018 1:00:26 PM	3613604426	1013.00	26.86	29.19	103.0	26.79	29.19	103.7	26.68	29.19	104.8	NaN	29.19	NaN
5/07/2018 1:00:27 PM	3613604427	1013.00	26.84	29.19	103.2	26.83	29.19	103.3	26.72	29.19	104.4	NaN	29.19	NaN
5/07/2018 1:00:28 PM	3613604428	1013.00	26.85	29.19	103.1	26.79	29.19	103.7	26.69	29.19	104.7	NaN	29.19	NaN
5/07/2018 1:00:29 PM	3613604429	1013.00	26.86	29.19	103.0	26.84	29.19	103.2	26.68	29.19	104.8	NaN	29.19	NaN
5/07/2018 1:00:30 PM	3613604430	1013.00	26.87	29.18	102.9	26.84	29.18	103.2	26.71	29.18	104.5	NaN	29.18	NaN
5/07/2018 1:00:31 PM	3613604431	1013.00	26.83	29.19	103.3	26.86	29.19	103.0	26.70	29.19	104.6	NaN	29.19	NaN
5/07/2018 1:00:32 PM	3613604432	1013.00	26.87	29.19	102.9	26.81	29.19	103.5	26.69	29.19	104.7	NaN	29.19	NaN
5/07/2018 1:00:33 PM	3613604433	1013.00	26.87	29.18	102.9	26.82	29.18	103.4	26.71	29.18	104.5	NaN	29.18	NaN
5/07/2018 1:00:34 PM	3613604434	1013.00	26.86	29.18	103.0	26.83	29.18	103.3	26.73	29.18	104.3	NaN	29.18	NaN
5/07/2018 1:00:35 PM	3613604435	1013.00	26.89	29.19	102.7	26.83	29.19	103.3	26.68	29.19	104.8	NaN	29.19	NaN
5/07/2018 1:00:36 PM	3613604436	1013.00	26.86	29.19	103.0	26.79	29.19	103.7	26.69	29.19	104.7	NaN	29.19	NaN
5/07/2018 1:00:37 PM	3613604437	1013.00	26.86	29.18	103.0	26.81	29.18	103.5	26.69	29.18	104.7	NaN	29.18	NaN
5/07/2018 1:00:38 PM	3613604438	1013.00	26.88	29.19	102.8	26.84	29.19	103.2	26.65	29.19	105.1	NaN	29.19	NaN
5/07/2018 1:00:39 PM	3613604439	1013.00	26.87	29.19	102.9	26.83	29.19	103.3	26.69	29.19	104.7	NaN	29.19	NaN
5/07/2018 1:00:40 PM	3613604440	1013.00	26.86	29.19	103.0	26.80	29.19	103.6	26.72	29.19	104.4	NaN	29.19	NaN
5/07/2018 1:00:41 PM	3613604441	1013.00	26.85	29.19	103.1	26.85	29.19	103.1	26.76	29.19	104.0	NaN	29.19	NaN
5/07/2018 1:00:42 PM	3613604442	1013.00	26.84	29.18	103.2	26.82	29.18	103.4	26.71	29.18	104.5	NaN	29.18	NaN
5/07/2018 1:00:43 PM	3613604443	1013.00	26.87	29.18	102.9	26.84	29.18	103.2	26.69	29.18	104.7	NaN	29.18	NaN
5/07/2018 1:00:44 PM	3613604444	1013.00	26.83	29.18	103.3	26.84	29.18	103.2	26.75	29.18	104.1	NaN	29.18	NaN
5/07/2018 1:00:45 PM	3613604445	1013.00	26.85	29.18	103.1	26.83	29.18	103.3	26.71	29.18	104.5	NaN	29.18	NaN
5/07/2018 1:00:46 PM	3613604446	1013.00	26.88	29.18	102.8	26.85	29.18	103.1	26.67	29.18	104.9	NaN	29.18	NaN
5/07/2018 1:00:47 PM	3613604447	1013.00	26.85	29.20	103.1	26.84	29.20	103.2	26.69	29.20	104.7	NaN	29.20	NaN
5/07/2018 1:00:48 PM	3613604448	1013.00	26.85	29.19	103.1	26.81	29.19	103.5	26.77	29.19	103.9	NaN	29.19	NaN
5/07/2018 1:00:49 PM	3613604449	1013.00	26.86	29.19	103.0	26.90	29.19	102.6	26.71	29.19	104.5	NaN	29.19	NaN
5/07/2018 1:00:50 PM	3613604450	1013.00	26.87	29.20	102.9	26.88	29.20	102.8	26.71	29.20	104.5	NaN	29.20	NaN
5/07/2018 1:00:51 PM	3613604451	1013.00	26.90	29.20	102.6	26.83	29.20	103.3	26.70	29.20	104.6	NaN	29.20	NaN
5/07/2018 1:00:52 PM	3613604452	1013.00	26.87	29.19	102.9	26.85	29.19	103.1	26.72	29.19	104.4	NaN	29.19	NaN
5/07/2018 1:00:53 PM	3613604453	1013.00	26.88	29.20	102.8	26.86	29.20	103.0	26.75	29.20	104.1	NaN	29.20	NaN
5/07/2018 1:00:54 PM	3613604454	1013.00	26.86	29.20	103.0	26.88	29.20	102.8	26.74	29.20	104.2	NaN	29.20	NaN
5/07/2018 1:00:55 PM	3613604455	1013.00	26.86	29.20	103.0	26.84	29.20	103.2	26.75	29.20	104.1	NaN	29.20	NaN
5/07/2018 1:00:56 PM	3613604456	1013.00	26.88	29.20	102.8	26.88	29.20	102.8	26.72	29.20	104.4	NaN	29.20	NaN
5/07/2018 1:00:57 PM	3613604457	1013.00	26.87	29.20	102.9	26.90	29.20	102.6	26.70	29.20	104.6	NaN	29.20	NaN
5/07/2018 1:00:58 PM	3613604458	1013.00	26.87	29.21	102.9	26.86	29.21	103.0	26.78	29.21	103.7	NaN	29.21	NaN
5/07/2018 1:00:59 PM	3613604459	1013.00	26.89	29.21	102.7	26.89	29.21	102.7	26.70	29.21	104.5	NaN	29.21	NaN
5/07/2018 1:01:00 PM	3613604460	1013.00	26.86	29.20	103.0	26.89	29.20	102.7	26.77	29.20	103.9	NaN	29.20	NaN
5/07/2018 1:01:01 PM	3613604461	1013.00	26.84	29.20	103.2	26.86	29.20	103.0	26.75	29.20	104.1	NaN	29.20	NaN
5/07/2018 1:01:02 PM	3613604462	1013.00	26.90	29.20	102.6	26.90	29.20	102.6	26.70	29.20	104.6	NaN	29.20	NaN
5/07/2018 1:01:03 PM	3613604463	1013.00	26.85	29.20	103.1	26.88	29.20	102.8	26.77	29.20	103.9	NaN	29.20	NaN
5/07/2018 1:01:04 PM	3613604464	1013.00	26.90	29.20	102.6	26.84	29.20	103.2	26.72	29.20	104.4	NaN	29.20	NaN
5/07/2018 1:01:05 PM	3613604465	1013.00	26.88	29.20	102.8	26.91	29.20	102.5	26.74	29.20	104.2	NaN	29.20	NaN
5/07/2018 1:01:06 PM	3613604466	1013.00	26.90	29.21	102.6	26.92	29.21	102.4	26.78	29.21	103.7	NaN	29.21	NaN
5/07/2018 1:01:07 PM	3613604467	1013.00	26.89	29.20	102.7	26.88	29.20	102.8	26.73	29.20	104.3	NaN	29.20	NaN
5/07/2018 1:01:08 PM	3613604468	1013.00	26.88	29.20	102.8	26.87	29.20	102.9	26.80	29.20	103.6	NaN	29.20	NaN
5/07/2018 1:01:09 PM	3613604469	1013.00	26.90	29.20	102.6	26.87	29.20	102.9	26.74	29.20	104.2	NaN	29.20	NaN
5/07/2018 1:01:10 PM	3613604470	1013.00	26.88	29.19	102.8	26.92	29.19	102.4	26.77	29.19	103.9	NaN	29.19	NaN
5/07/2018 1:01:11 PM	3613604471	1013.00	26.91	29.19	102.5	26.90	29.19	102.6	26.76	29.19	104.0	NaN	29.19	NaN
5/07/2018 1:01:12 PM	3613604472	1013.00	26.91	29.20	102.5	26.87	29.20	102.9	26.77	29.20	103.9	NaN	29.20	NaN
5/07/2018 1:01:13 PM	3613604473	1013.00	26.89	29.20	102.7	26.88	29.20	102.8	26.79	29.20	103.7	NaN	29.20	NaN
5/07/2018 1:01:14 PM	3613604474	1013.00	26.88	29.19	102.8	26.91	29.19	102.5	26.78	29.19	103.8	NaN	29.19	NaN
5/07/2018 1:01:15 PM	3613604475	1013.00	26.90	29.19	102.6	26.92	29.19	102.4	26.72	29.19	104.4	NaN	29.19	NaN
5/07/2018 1:01:16 PM	3613604476	1013.00	26.92	29.20	102.4	26.92	29.20	102.4	26.80	29.20	103.6	NaN	29.20	NaN
5/07/2018 1:01:17 PM	3613604477	1013.00	26.87	29.20	102.9	26.94	29.20	102.2	26.79	29.20	103.7	NaN	29.20	NaN
5/07/2018 1:01:18 PM	3613604478	1013.00	26.87	29.19	102.9	26.90	29.19	102.6	26.79	29.19	103.7	NaN	29.19	NaN
5/07/2018 1:01:19 PM	3613604479	1013.00	26.86	29.20	103.0	26.92	29.20	102.4	26.81	29.20	103.5	NaN	29.20	NaN
5/07/2018 1:01:20 PM	3613604480	1013.00	26.89	29.21	102.7	26.93	29.21	102.3	26.82	29.21	103.3	NaN	29.21	NaN
5/07/2018 1:01:21 PM	3613604481	1013.00	26.89	29.20	102.7	26.92	29.20	102.4	26.82	29.20	103.4	NaN	29.20	NaN
5/07/2018 1:01:22 PM	3613604482	1013.00	26.91	29.20	102.5	26.93	29.20	102.3	26.84	29.20	103.2	NaN	29.20	NaN
5/07/2018 1:01:23 PM	3613604483	1013.00	26.91	29.21	102.5	26.90	29.21	102.6	26.78	29.21	103.7	NaN	29.21	NaN
5/07/2018 1:01:24 PM	3613604484	1013.00	26.90	29.21	102.6	26.95	29.21	102.1	26.85	29.21	103.1	NaN	29.21	NaN
5/07/2018 1:01:25 PM	3613604485	1013.00	26.90	29.20	102.6	26.91	29.20	102.5	26.81	29.20	103.5	NaN	29.20	NaN
5/07/2018 1:01:26 PM	3613604486	1013.00	26.89	29.21	102.7	26.92	29.21	102.4	26.79	29.21	103.6	NaN	29.21	NaN
5/07/2018 1:01:27 PM	3613604487	1013.00	26.92	29.20	102.4	26.94	29.20	102.2	26.80	29.20	103.6	NaN	29.20	NaN
5/07/2018 1:01:28 PM	3613604488	1013.00	26.91	29.19	102.5	26.95	29.19	102.1	26.78	29.19	103.8	NaN	29.19	NaN
5/07/2018 1:01:29 PM	3613604489	1013.00	26.92	29.20	102.4	26.93	29.20	102.3	26.80	29.20	103.6	NaN	29.20	NaN
5/07/2018 1:01:30 PM	3613604490	1013.00	26.92	29.20	102.4	26.92	29.20	102.4	26.84	29.20	103.2	NaN	29.20	NaN
5/07/2018 1:01:31 PM	3613604491	1013.00	26.91	29.21	102.5	26.96	29.21	102.0	26.80	29.21	103.5	NaN	29.21	NaN
5/07/2018 1:01:32 PM	3613604492	1013.00	26.91	29.21	102.5	26.93	29.21	102.3	26.83	29.21	103.2	NaN	29.21	NaN
5/07/2018 1:01:33 PM	3613604493	1013.00	26.92	29.21	102.4	26.95	29.21	102.1	26.83	29.21	103.2	NaN	29.21	NaN
5/07/2018 1:01:34 PM	3613604494	1013.00	26.95	29.21	102.1	26.96	29.21	102.0	26.88	29.21	102.8	NaN	29.21	NaN
5/07/2018 1:01:35 PM	3613604495	1013.00	26.92	29.21	102.4	26.95	29.21	102.1	26.80	29.21	103.5	NaN	29.21	NaN
5/07/2018 1:01:36 PM	3613604496	1013.00	26.94	29.21	102.2	26.95	29.21	102.1	26.83	29.21	103.2	NaN	29.21	NaN
5/07/2018 1:01:37 PM	3613604497	1013.00	26.92	29.22	102.4	26.92	29.22	102.4	26.85	29.22	103.0	NaN	29.22	NaN
5/07/2018 1:01:38 PM	3613604498	1013.00	26.94	29.22	102.2	26.98	29.22	101.8	26.87	29.22	102.8	NaN	29.22	NaN
5/07/2018 1:01:39 PM	3613604499	1013.00	26.91	29.22	102.4	26.95	29.22	102.1	26.81	29.22	103.4	NaN	29.22	NaN
5/07/2018 1:01:40 PM	3613604500	1013.00	26.93	29.22	102.3	26.93	29.22	102.3	26.83	29.22	103.2	NaN	29.22	NaN
5/07/2018 1:01:41 PM	3613604501	1013.00	26.94	29.22	102.2	26.96	29.22	102.0	26.86	29.22	102.9	NaN	29.22	NaN
5/07/2018 1:01:42 PM	3613604502	1013.00	26.95	29.22	102.1	26.98	29.22	101.8	26.87	29.22	102.8	NaN	29.22	NaN
5/07/2018 1:01:43 PM	3613604503	1013.00	26.97	29.22	101.9	26.99	29.22	101.7	26.84	29.22	103.1	NaN	29.22	NaN
5/07/2018 1:01:44 PM	3613604504	1013.00	26.96	29.22	102.0	27.01	29.22	101.5	26.90	29.22	102.5	NaN	29.22	NaN
5/07/2018 1:01:45 PM	3613604505	1013.00	26.95	29.22	102.1	26.98	29.22	101.8	26.82	29.22	103.3	NaN	29.22	NaN
5/07/2018 1:01:46 PM	3613604506	1013.00	26.94	29.22	102.2	26.95	29.22	102.1	26.85	29.22	103.0	NaN	29.22	NaN
5/07/2018 1:01:47 PM	3613604507	1013.00	26.93	29.22	102.3	26.97	29.22	101.9	26.86	29.22	102.9	NaN	29.22	NaN
5/07/2018 1:01:48 PM	3613604508	1013.00	26.94	29.21	102.2	26.99	29.21	101.7	26.86	29.21	103.0	NaN	29.21	NaN
5/07/2018 1:01:49 PM	3613604509	1013.00	26.96	29.21	102.0	26.98	29.21	101.8	26.86	29.21	103.0	NaN	29.21	NaN
5/07/2018 1:01:50 PM	3613604510	1013.00	26.93	29.21	102.3	26.97	29.21	101.9	26.84	29.21	103.2	NaN	29.21	NaN
5/07/2018 1:01:51 PM	3613604511	1013.00	26.97	29.21	101.9	26.98	29.21	101.8	26.92	29.21	102.4	NaN	29.21	NaN
5/07/2018 1:01:52 PM	3613604512	1013.00	26.96	29.21	102.0	27.01	29.21	101.5	26.87	29.21	102.9	NaN	29.21	NaN
5/07/2018 1:01:53 PM	3613604513	1013.00	26.96	29.21	102.0	26.98	29.21	101.8	26.89	29.21	102.7	NaN	29.21	NaN
5/07/2018 1:01:54 PM	3613604514	1013.00	26.98	29.21	101.8	27.01	29.21	101.5	26.89	29.21	102.7	NaN	29.21	NaN
5/07/2018 1:01:55 PM	3613604515	1013.00	26.89	29.21	102.7	26.96	29.21	102.0	26.87	29.21	102.9	NaN	29.21	NaN
5/07/2018 1:01:56 PM	3613604516	1013.00	26.95	29.21	102.1	26.99	29.21	101.7	26.90	29.21	102.6	NaN	29.21	NaN
5/07/2018 1:01:57 PM	3613604517	1013.00	26.93	29.21	102.3	27.00	29.21	101.6	26.88	29.21	102.8	NaN	29.21	NaN
5/07/2018 1:01:58 PM	3613604518	1013.00	26.96	29.21	102.0	26.98	29.21	101.8	26.89	29.21	102.7	NaN	29.21	NaN
5/07/2018 1:01:59 PM	3613604519	1013.00	26.95	29.22	102.1	26.97	29.22	101.9	26.90	29.22	102.5	NaN	29.22	NaN
5/07/2018 1:02:00 PM	3613604520	1013.00	26.94	29.21	102.2	27.01	29.21	101.5	26.93	29.21	102.3	NaN	29.21	NaN
5/07/2018 1:02:01 PM	3613604521	1013.00	26.99	29.21	101.7	27.03	29.21	101.3	26.91	29.21	102.5	NaN	29.21	NaN
5/07/2018 1:02:02 PM	3613604522	1013.00	26.99	29.21	101.7	26.99	29.21	101.7	26.90	29.21	102.6	NaN	29.21	NaN
5/07/2018 1:02:03 PM	3613604523	1013.00	26.99	29.21	101.7	26.99	29.21	101.7	26.93	29.21	102.3	NaN	29.21	NaN
5/07/2018 1:02:04 PM	3613604524	1013.00	26.99	29.20	101.7	27.02	29.20	101.4	26.89	29.20	102.7	NaN	29.20	NaN
5/07/2018 1:02:05 PM	3613604525	1013.00	27.01	29.20	101.5	27.01	29.20	101.5	26.91	29.20	102.5	NaN	29.20	NaN
5/07/2018 1:02:06 PM	3613604526	1013.00	27.00	29.20	101.6	27.01	29.20	101.5	26.90	29.20	102.6	NaN	29.20	NaN
5/07/2018 1:02:07 PM	3613604527	1013.00	26.99	29.20	101.7	27.03	29.20	101.3	26.95	29.20	102.1	NaN	29.20	NaN
5/07/2018 1:02:08 PM	3613604528	1013.00	27.04	29.19	101.2	27.04	29.19	101.2	26.94	29.19	102.2	NaN	29.19	NaN
5/07/2018 1:02:09 PM	3613604529	1013.00	26.99	29.19	101.7	27.05	29.19	101.1	26.91	29.19	102.5	NaN	29.19	NaN
5/07/2018 1:02:10 PM	3613604530	1013.00	27.01	29.20	101.5	27.00	29.20	101.6	26.94	29.20	102.2	NaN	29.20	NaN
5/07/2018 1:02:11 PM	3613604531	1013.00	27.01	29.20	101.5	27.02	29.20	101.4	26.93	29.20	102.3	NaN	29.20	NaN
5/07/2018 1:02:12 PM	3613604532	1013.00	27.04	29.20	101.2	27.04	29.20	101.2	26.88	29.20	102.8	NaN	29.20	NaN
5/07/2018 1:02:13 PM	3613604533	1013.00	27.01	29.21	101.5	27.02	29.21	101.4	26.93	29.21	102.3	NaN	29.21	NaN
5/07/2018 1:02:14 PM	3613604534	1013.00	27.02	29.21	101.4	27.04	29.21	101.2	26.93	29.21	102.3	NaN	29.21	NaN
5/07/2018 1:02:15 PM	3613604535	1013.00	27.02	29.21	101.4	27.05	29.21	101.1	26.93	29.21	102.3	NaN	29.21	NaN
5/07/2018 1:02:16 PM	3613604536	1013.00	27.03	29.21	101.3	27.03	29.21	101.3	26.92	29.21	102.4	NaN	29.21	NaN
5/07/2018 1:02:17 PM	3613604537	1013.00	27.04	29.21	101.2	27.06	29.21	101.0	26.92	29.21	102.4	NaN	29.21	NaN
5/07/2018 1:02:18 PM	3613604538	1013.00	27.01	29.21	101.5	27.05	29.21	101.1	26.93	29.21	102.3	NaN	29.21	NaN
5/07/2018 1:02:19 PM	3613604539	1013.00	27.06	29.21	101.0	27.03	29.21	101.3	26.97	29.21	101.9	NaN	29.21	NaN
5/07/2018 1:02:20 PM	3613604540	1013.00	26.99	29.20	101.7	27.00	29.20	101.6	26.95	29.20	102.1	NaN	29.20	NaN
5/07/2018 1:02:21 PM	3613604541	1013.00	27.07	29.21	100.9	27.03	29.21	101.3	26.96	29.21	102.0	NaN	29.21	NaN
5/07/2018 1:02:22 PM	3613604542	1013.00	27.03	29.21	101.3	27.04	29.21	101.2	26.98	29.21	101.8	NaN	29.21	NaN
5/07/2018 1:02:23 PM	3613604543	1013.00	27.06	29.22	101.0	27.06	29.22	101.0	26.94	29.22	102.2	NaN	29.22	NaN
5/07/2018 1:02:24 PM	3613604544	1013.00	27.05	29.22	101.1	27.06	29.22	101.0	26.96	29.22	102.0	NaN	29.22	NaN
5/07/2018 1:02:25 PM	3613604545	1013.00	27.05	29.22	101.1	27.06	29.22	101.0	26.96	29.22	102.0	NaN	29.22	NaN
5/07/2018 1:02:26 PM	3613604546	1013.00	27.03	29.21	101.3	27.06	29.21	101.0	26.96	29.21	102.0	NaN	29.21	NaN
5/07/2018 1:02:27 PM	3613604547	1013.00	27.00	29.21	101.6	27.06	29.21	101.0	26.94	29.21	102.2	NaN	29.21	NaN
5/07/2018 1:02:28 PM	3613604548	1013.00	27.05	29.20	101.1	27.08	29.20	100.8	26.91	29.20	102.5	NaN	29.20	NaN
5/07/2018 1:02:29 PM	3613604549	1013.00	27.04	29.20	101.2	27.05	29.20	101.1	27.00	29.20	101.6	NaN	29.20	NaN
5/07/2018 1:02:30 PM	3613604550	1013.00	27.03	29.20	101.3	27.08	29.20	100.8	26.98	29.20	101.8	NaN	29.20	NaN
5/07/2018 1:02:31 PM	3613604551	1013.00	27.05	29.19	101.1	27.06	29.19	101.0	26.97	29.19	101.9	NaN	29.19	NaN
5/07/2018 1:02:32 PM	3613604552	1013.00	27.07	29.20	100.9	27.02	29.20	101.4	26.99	29.20	101.7	NaN	29.20	NaN
5/07/2018 1:02:33 PM	3613604553	1013.00	27.04	29.20	101.2	27.07	29.20	100.9	26.94	29.20	102.2	NaN	29.20	NaN
5/07/2018 1:02:34 PM	3613604554	1013.00	27.04	29.20	101.2	27.05	29.20	101.1	27.01	29.20	101.5	NaN	29.20	NaN
5/07/2018 1:02:35 PM	3613604555	1013.00	27.04	29.21	101.2	27.07	29.21	100.9	26.99	29.21	101.7	NaN	29.21	NaN
5/07/2018 1:02:36 PM	3613604556	1013.00	27.06	29.21	101.0	27.07	29.21	100.9	27.02	29.21	101.4	NaN	29.21	NaN
5/07/2018 1:02:37 PM	3613604557	1013.00	27.10	29.21	100.6	27.10	29.21	100.6	26.97	29.21	101.9	NaN	29.21	NaN
5/07/2018 1:02:38 PM	3613604558	1013.00	27.06	29.21	101.0	27.08	29.21	100.8	27.01	29.21	101.5	NaN	29.21	NaN
5/07/2018 1:02:39 PM	3613604559	1013.00	27.08	29.22	100.8	27.08	29.22	100.8	27.01	29.22	101.5	NaN	29.22	NaN
5/07/2018 1:02:40 PM	3613604560	1013.00	27.09	29.22	100.7	27.06	29.22	101.0	27.00	29.22	101.6	NaN	29.22	NaN
5/07/2018 1:02:41 PM	3613604561	1013.00	27.09	29.21	100.7	27.12	29.21	100.4	27.04	29.21	101.2	NaN	29.21	NaN
5/07/2018 1:02:42 PM	3613604562	1013.00	27.05	29.21	101.1	27.08	29.21	100.8	27.02	29.21	101.4	NaN	29.21	NaN
5/07/2018 1:02:43 PM	3613604563	1013.00	27.09	29.22	100.7	27.13	29.22	100.3	27.03	29.22	101.3	NaN	29.22	NaN
5/07/2018 1:02:44 PM	3613604564	1013.00	27.08	29.21	100.8	27.13	29.21	100.3	27.02	29.21	101.4	NaN	29.21	NaN
5/07/2018 1:02:45 PM	3613604565	1013.00	27.08	29.22	100.8	27.11	29.22	100.5	26.97	29.22	101.9	NaN	29.22	NaN
5/07/2018 1:02:46 PM	3613604566	1013.00	27.10	29.22	100.6	27.12	29.22	100.4	26.98	29.22	101.8	NaN	29.22	NaN
5/07/2018 1:02:47 PM	3613604567	1013.00	27.10	29.22	100.6	27.12	29.22	100.4	27.02	29.22	101.4	NaN	29.22	NaN
5/07/2018 1:02:48 PM	3613604568	1013.00	27.11	29.21	100.5	27.11	29.21	100.5	26.98	29.21	101.8	NaN	29.21	NaN
5/07/2018 1:02:49 PM	3613604569	1013.00	27.09	29.21	100.7	27.14	29.21	100.3	26.99	29.21	101.7	NaN	29.21	NaN
5/07/2018 1:02:50 PM	3613604570	1013.00	27.13	29.21	100.3	27.12	29.21	100.4	27.03	29.21	101.3	NaN	29.21	NaN
5/07/2018 1:02:51 PM	3613604571	1013.00	27.10	29.21	100.6	27.13	29.21	100.3	27.02	29.21	101.4	NaN	29.21	NaN
5/07/2018 1:02:52 PM	3613604572	1013.00	27.10	29.21	100.6	27.17	29.21	100.0	27.05	29.21	101.1	NaN	29.21	NaN
5/07/2018 1:02:53 PM	3613604573	1013.00	27.11	29.21	100.5	27.13	29.21	100.3	27.03	29.21	101.3	NaN	29.21	NaN
5/07/2018 1:02:54 PM	3613604574	1013.00	27.11	29.21	100.5	27.12	29.21	100.4	27.06	29.21	101.0	NaN	29.21	NaN
5/07/2018 1:02:55 PM	3613604575	1013.00	27.13	29.21	100.3	27.14	29.21	100.3	26.99	29.21	101.7	NaN	29.21	NaN
5/07/2018 1:02:56 PM	3613604576	1013.00	27.11	29.21	100.5	27.13	29.21	100.3	27.04	29.21	101.2	NaN	29.21	NaN
5/07/2018 1:02:57 PM	3613604577	1013.00	27.12	29.22	100.4	27.15	29.22	100.1	27.05	29.22	101.1	NaN	29.22	NaN
5/07/2018 1:02:58 PM	3613604578	1013.00	27.13	29.22	100.3	27.13	29.22	100.3	27.02	29.22	101.4	NaN	29.22	NaN
5/07/2018 1:02:59 PM	3613604579	1013.00	27.15	29.22	100.1	27.13	29.22	100.3	27.08	29.22	100.8	NaN	29.22	NaN
5/07/2018 1:03:00 PM	3613604580	1013.00	27.17	29.21	100.0	27.15	29.21	100.2	27.02	29.21	101.4	NaN	29.21	NaN
5/07/2018 1:03:01 PM	3613604581	1013.00	27.11	29.21	100.5	27.16	29.21	100.1	27.07	29.21	100.9	NaN	29.21	NaN
5/07/2018 1:03:02 PM	3613604582	1013.00	27.12	29.21	100.4	27.14	29.21	100.3	27.05	29.21	101.1	NaN	29.21	NaN
5/07/2018 1:03:03 PM	3613604583	1013.00	27.13	29.21	100.3	27.12	29.21	100.4	27.13	29.21	100.3	NaN	29.21	NaN
5/07/2018 1:03:04 PM	3613604584	1013.00	27.13	29.21	100.3	27.15	29.21	100.2	27.12	29.21	100.4	NaN	29.21	NaN
5/07/2018 1:03:05 PM	3613604585	1013.00	27.15	29.22	100.1	27.17	29.22	100.0	27.08	29.22	100.8	NaN	29.22	NaN
5/07/2018 1:03:06 PM	3613604586	1013.00	27.13	29.22	100.3	27.12	29.22	100.4	27.10	29.22	100.6	NaN	29.22	NaN
5/07/2018 1:03:07 PM	3613604587	1013.00	27.14	29.22	100.2	27.16	29.22	100.0	27.14	29.22	100.2	NaN	29.22	NaN
5/07/2018 1:03:08 PM	3613604588	1013.00	27.14	29.22	100.2	27.14	29.22	100.2	27.13	29.22	100.3	NaN	29.22	NaN
5/07/2018 1:03:09 PM	3613604589	1013.00	27.13	29.21	100.3	27.18	29.21	99.9	27.14	29.21	100.3	NaN	29.21	NaN
5/07/2018 1:03:10 PM	3613604590	1013.00	27.15	29.21	100.2	27.21	29.21	99.6	27.11	29.21	100.5	NaN	29.21	NaN
5/07/2018 1:03:11 PM	3613604591	1013.00	27.17	29.21	100.0	27.16	29.21	100.1	27.15	29.21	100.2	NaN	29.21	NaN
5/07/2018 1:03:12 PM	3613604592	1013.00	27.16	29.21	100.1	27.16	29.21	100.1	27.12	29.21	100.4	NaN	29.21	NaN
5/07/2018 1:03:13 PM	3613604593	1013.00	27.17	29.21	100.0	27.20	29.21	99.7	27.17	29.21	100.0	NaN	29.21	NaN
5/07/2018 1:03:14 PM	3613604594	1013.00	27.14	29.21	100.3	27.15	29.21	100.2	27.15	29.21	100.2	NaN	29.21	NaN
5/07/2018 1:03:15 PM	3613604595	1013.00	27.17	29.21	100.0	27.20	29.21	99.7	27.16	29.21	100.1	NaN	29.21	NaN
5/07/2018 1:03:16 PM	3613604596	1013.00	27.19	29.22	99.8	27.17	29.22	100.0	27.18	29.22	99.9	NaN	29.22	NaN
5/07/2018 1:03:17 PM	3613604597	1013.00	27.17	29.23	99.9	27.19	29.23	99.7	27.19	29.23	99.7	NaN	29.23	NaN
5/07/2018 1:03:18 PM	3613604598	1013.00	27.17	29.22	100.0	27.20	29.22	99.7	27.17	29.22	100.0	NaN	29.22	NaN
5/07/2018 1:03:19 PM	3613604599	1013.00	27.18	29.23	99.8	27.20	29.23	99.7	27.19	29.23	99.7	NaN	29.23	NaN
5/07/2018 1:03:20 PM	3613604600	1013.00	27.18	29.24	99.8	27.16	29.24	100.0	27.19	29.24	99.7	NaN	29.24	NaN
5/07/2018 1:03:21 PM	3613604601	1013.00	27.18	29.23	99.8	27.21	29.23	99.6	27.18	29.23	99.8	NaN	29.23	NaN
5/07/2018 1:03:22 PM	3613604602	1013.00	27.19	29.23	99.7	27.19	29.23	99.7	27.19	29.23	99.7	NaN	29.23	NaN
5/07/2018 1:03:23 PM	3613604603	1013.00	27.23	29.23	99.4	27.20	29.23	99.7	27.21	29.23	99.6	NaN	29.23	NaN
5/07/2018 1:03:24 PM	3613604604	1013.00	27.21	29.23	99.6	27.18	29.23	99.8	27.21	29.23	99.6	NaN	29.23	NaN
5/07/2018 1:03:25 PM	3613604605	1013.00	27.19	29.22	99.8	27.22	29.22	99.5	27.19	29.22	99.8	NaN	29.22	NaN
5/07/2018 1:03:26 PM	3613604606	1013.00	27.20	29.23	99.7	27.21	29.23	99.6	27.25	29.23	99.2	NaN	29.23	NaN
5/07/2018 1:03:27 PM	3613604607	1013.00	27.20	29.24	99.6	27.22	29.24	99.4	27.20	29.24	99.6	NaN	29.24	NaN
5/07/2018 1:03:28 PM	3613604608	1013.00	27.27	29.23	99.0	27.26	29.23	99.1	27.25	29.23	99.2	NaN	29.23	NaN
5/07/2018 1:03:29 PM	3613604609	1013.00	27.21	29.23	99.6	27.21	29.23	99.6	27.20	29.23	99.7	NaN	29.23	NaN
5/07/2018 1:03:30 PM	3613604610	1013.00	27.26	29.23	99.1	27.25	29.23	99.2	27.22	29.23	99.5	NaN	29.23	NaN
5/07/2018 1:03:31 PM	3613604611	1013.00	27.23	29.22	99.4	27.27	29.22	99.0	27.27	29.22	99.0	NaN	29.22	NaN
5/07/2018 1:03:32 PM	3613604612	1013.00	27.20	29.22	99.7	27.24	29.22	99.3	27.23	29.22	99.4	NaN	29.22	NaN
5/07/2018 1:03:33 PM	3613604613	1013.00	27.26	29.22	99.1	27.21	29.22	99.6	27.31	29.22	98.6	NaN	29.22	NaN
5/07/2018 1:03:34 PM	3613604614	1013.00	27.23	29.22	99.4	27.24	29.22	99.3	27.27	29.22	99.0	NaN	29.22	NaN
5/07/2018 1:03:35 PM	3613604615	1013.00	27.24	29.23	99.3	27.25	29.23	99.2	27.20	29.23	99.7	NaN	29.23	NaN
5/07/2018 1:03:36 PM	3613604616	1013.00	27.24	29.22	99.3	27.23	29.22	99.4	27.24	29.22	99.3	NaN	29.22	NaN
5/07/2018 1:03:37 PM	3613604617	1013.00	27.26	29.21	99.1	27.24	29.21	99.3	27.27	29.21	99.0	NaN	29.21	NaN
5/07/2018 1:03:38 PM	3613604618	1013.00	27.23	29.22	99.4	27.20	29.22	99.7	27.27	29.22	99.0	NaN	29.22	NaN
5/07/2018 1:03:39 PM	3613604619	1013.00	27.26	29.22	99.1	27.24	29.22	99.3	27.22	29.22	99.5	NaN	29.22	NaN
5/07/2018 1:03:40 PM	3613604620	1013.00	27.27	29.22	99.0	27.26	29.22	99.1	27.20	29.22	99.7	NaN	29.22	NaN
5/07/2018 1:03:41 PM	3613604621	1013.00	27.23	29.23	99.4	27.24	29.23	99.3	27.19	29.23	99.7	NaN	29.23	NaN
5/07/2018 1:03:42 PM	3613604622	1013.00	27.22	29.23	99.5	27.23	29.23	99.4	27.27	29.23	99.0	NaN	29.23	NaN
5/07/2018 1:03:43 PM	3613604623	1013.00	27.26	29.23	99.1	27.23	29.23	99.4	27.26	29.23	99.1	NaN	29.23	NaN
5/07/2018 1:03:44 PM	3613604624	1013.00	27.25	29.23	99.2	27.26	29.23	99.1	27.25	29.23	99.2	NaN	29.23	NaN
5/07/2018 1:03:45 PM	3613604625	1013.00	27.26	29.22	99.1	27.24	29.22	99.3	27.26	29.22	99.1	NaN	29.22	NaN
5/07/2018 1:03:46 PM	3613604626	1013.00	27.29	29.22	98.8	27.24	29.22	99.3	27.25	29.22	99.2	NaN	29.22	NaN
5/07/2018 1:03:47 PM	3613604627	1013.00	27.29	29.23	98.8	27.26	29.23	99.1	27.29	29.23	98.8	NaN	29.23	NaN
5/07/2018 1:03:48 PM	3613604628	1013.00	27.29	29.22	98.8	27.21	29.22	99.6	27.30	29.22	98.7	NaN	29.22	NaN
5/07/2018 1:03:49 PM	3613604629	1013.00	27.27	29.22	99.0	27.25	29.22	99.2	27.28	29.22	98.9	NaN	29.22	NaN
5/07/2018 1:03:50 PM	3613604630	1013.00	27.29	29.23	98.8	27.29	29.23	98.8	27.26	29.23	99.1	NaN	29.23	NaN
5/07/2018 1:03:51 PM	3613604631	1013.00	27.28	29.22	98.9	27.26	29.22	99.1	27.32	29.22	98.5	NaN	29.22	NaN
5/07/2018 1:03:52 PM	3613604632	1013.00	27.32	29.22	98.5	27.30	29.22	98.7	27.27	29.22	99.0	NaN	29.22	NaN
5/07/2018 1:03:53 PM	3613604633	1013.00	27.30	29.21	98.7	27.25	29.21	99.2	27.28	29.21	98.9	NaN	29.21	NaN
5/07/2018 1:03:54 PM	3613604634	1013.00	27.30	29.22	98.7	27.25	29.22	99.2	27.26	29.22	99.1	NaN	29.22	NaN
5/07/2018 1:03:55 PM	3613604635	1013.00	27.25	29.21	99.2	27.28	29.21	98.9	27.31	29.21	98.7	NaN	29.21	NaN
5/07/2018 1:03:56 PM	3613604636	1013.00	27.30	29.22	98.7	27.31	29.22	98.6	27.27	29.22	99.0	NaN	29.22	NaN
5/07/2018 1:03:57 PM	3613604637	1013.00	27.29	29.22	98.8	27.30	29.22	98.7	27.28	29.22	98.9	NaN	29.22	NaN
5/07/2018 1:03:58 PM	3613604638	1013.00	27.31	29.22	98.6	27.28	29.22	98.9	27.31	29.22	98.6	NaN	29.22	NaN
5/07/2018 1:03:59 PM	3613604639	1013.00	27.32	29.22	98.5	27.28	29.22	98.9	27.29	29.22	98.8	NaN	29.22	NaN
5/07/2018 1:04:00 PM	3613604640	1013.00	27.32	29.22	98.5	27.31	29.22	98.6	27.32	29.22	98.5	NaN	29.22	NaN
5/07/2018 1:04:01 PM	3613604641	1013.00	27.30	29.21	98.7	27.32	29.21	98.6	27.33	29.21	98.5	NaN	29.21	NaN
5/07/2018 1:04:02 PM	3613604642	1013.00	27.33	29.20	98.5	27.31	29.20	98.7	27.31	29.20	98.7	NaN	29.20	NaN
5/07/2018 1:04:03 PM	3613604643	1013.00	27.31	29.20	98.7	27.31	29.20	98.7	27.35	29.20	98.3	NaN	29.20	NaN
5/07/2018 1:04:04 PM	3613604644	1013.00	27.32	29.20	98.6	27.27	29.20	99.0	27.28	29.20	99.0	NaN	29.20	NaN
5/07/2018 1:04:05 PM	3613604645	1013.00	27.32	29.20	98.6	27.26	29.20	99.1	27.32	29.20	98.6	NaN	29.20	NaN
5/07/2018 1:04:06 PM	3613604646	1013.00	27.29	29.21	98.8	27.27	29.21	99.0	27.31	29.21	98.7	NaN	29.21	NaN
5/07/2018 1:04:07 PM	3613604647	1013.00	27.34	29.21	98.4	27.30	29.21	98.7	27.32	29.21	98.6	NaN	29.21	NaN
5/07/2018 1:04:08 PM	3613604648	1013.00	27.34	29.21	98.4	27.29	29.21	98.8	27.35	29.21	98.3	NaN	29.21	NaN
5/07/2018 1:04:09 PM	3613604649	1013.00	27.35	29.21	98.3	27.28	29.21	98.9	27.30	29.21	98.7	NaN	29.21	NaN
5/07/2018 1:04:10 PM	3613604650	1013.00	27.33	29.21	98.5	27.31	29.21	98.7	27.33	29.21	98.5	NaN	29.21	NaN
5/07/2018 1:04:11 PM	3613604651	1013.00	27.34	29.21	98.4	27.32	29.21	98.6	27.35	29.21	98.3	NaN	29.21	NaN
5/07/2018 1:04:12 PM	3613604652	1013.00	27.32	29.21	98.6	27.27	29.21	99.0	27.33	29.21	98.5	NaN	29.21	NaN
5/07/2018 1:04:13 PM	3613604653	1013.00	27.34	29.22	98.4	27.32	29.22	98.5	27.38	29.22	98.0	NaN	29.22	NaN
5/07/2018 1:04:14 PM	3613604654	1013.00	27.38	29.22	98.0	27.34	29.22	98.4	27.35	29.22	98.3	NaN	29.22	NaN
5/07/2018 1:04:15 PM	3613604655	1013.00	27.36	29.22	98.2	27.29	29.22	98.8	27.38	29.22	98.0	NaN	29.22	NaN
5/07/2018 1:04:16 PM	3613604656	1013.00	27.35	29.23	98.2	27.33	29.23	98.4	27.37	29.23	98.1	NaN	29.23	NaN
5/07/2018 1:04:17 PM	3613604657	1013.00	27.36	29.23	98.2	27.32	29.23	98.5	27.31	29.23	98.6	NaN	29.23	NaN
5/07/2018 1:04:18 PM	3613604658	1013.00	27.37	29.23	98.1	27.30	29.23	98.7	27.35	29.23	98.2	NaN	29.23	NaN
5/07/2018 1:04:19 PM	3613604659	1013.00	27.34	29.23	98.3	27.31	29.23	98.6	27.36	29.23	98.2	NaN	29.23	NaN
5/07/2018 1:04:20 PM	3613604660	1013.00	27.36	29.23	98.2	27.31	29.23	98.6	27.39	29.23	97.9	NaN	29.23	NaN
5/07/2018 1:04:21 PM	3613604661	1013.00	27.36	29.21	98.2	27.37	29.21	98.1	27.38	29.21	98.0	NaN	29.21	NaN
5/07/2018 1:04:22 PM	3613604662	1013.00	27.36	29.21	98.2	27.32	29.21	98.6	27.37	29.21	98.1	NaN	29.21	NaN
5/07/2018 1:04:23 PM	3613604663	1013.00	27.38	29.21	98.0	27.31	29.21	98.7	27.39	29.21	97.9	NaN	29.21	NaN
5/07/2018 1:04:24 PM	3613604664	1013.00	27.43	29.21	97.5	27.32	29.21	98.6	27.39	29.21	97.9	NaN	29.21	NaN
5/07/2018 1:04:25 PM	3613604665	1013.00	27.37	29.22	98.1	27.33	29.22	98.5	27.39	29.22	97.9	NaN	29.22	NaN
5/07/2018 1:04:26 PM	3613604666	1013.00	27.36	29.22	98.2	27.33	29.22	98.5	27.39	29.22	97.9	NaN	29.22	NaN
5/07/2018 1:04:27 PM	3613604667	1013.00	27.41	29.22	97.7	27.36	29.22	98.2	27.33	29.22	98.5	NaN	29.22	NaN
5/07/2018 1:04:28 PM	3613604668	1013.00	27.36	29.22	98.2	27.34	29.22	98.4	27.34	29.22	98.4	NaN	29.22	NaN
5/07/2018 1:04:29 PM	3613604669	1013.00	27.36	29.21	98.2	27.32	29.21	98.6	27.38	29.21	98.0	NaN	29.21	NaN
5/07/2018 1:04:30 PM	3613604670	1013.00	27.38	29.22	98.0	27.34	29.22	98.4	27.37	29.22	98.1	NaN	29.22	NaN
5/07/2018 1:04:31 PM	3613604671	1013.00	27.41	29.23	97.7	27.35	29.23	98.2	27.39	29.23	97.9	NaN	29.23	NaN
5/07/2018 1:04:32 PM	3613604672	1013.00	27.40	29.23	97.8	27.31	29.23	98.6	27.35	29.23	98.2	NaN	29.23	NaN
5/07/2018 1:04:33 PM	3613604673	1013.00	27.39	29.23	97.9	27.32	29.23	98.5	27.40	29.23	97.8	NaN	29.23	NaN
5/07/2018 1:04:34 PM	3613604674	1013.00	27.37	29.23	98.1	27.35	29.23	98.2	27.44	29.23	97.4	NaN	29.23	NaN
5/07/2018 1:04:35 PM	3613604675	1013.00	27.40	29.23	97.8	27.36	29.23	98.2	27.40	29.23	97.8	NaN	29.23	NaN
5/07/2018 1:04:36 PM	3613604676	1013.00	27.39	29.22	97.9	27.35	29.22	98.3	27.37	29.22	98.1	NaN	29.22	NaN
5/07/2018 1:04:37 PM	3613604677	1013.00	27.43	29.21	97.5	27.37	29.21	98.1	27.40	29.21	97.8	NaN	29.21	NaN
5/07/2018 1:04:38 PM	3613604678	1013.00	27.40	29.21	97.8	27.39	29.21	97.9	27.41	29.21	97.7	NaN	29.21	NaN
5/07/2018 1:04:39 PM	3613604679	1013.00	27.44	29.22	97.4	27.37	29.22	98.1	27.45	29.22	97.3	NaN	29.22	NaN
5/07/2018 1:04:40 PM	3613604680	1013.00	27.42	29.22	97.6	27.36	29.22	98.2	27.39	29.22	97.9	NaN	29.22	NaN
5/07/2018 1:04:41 PM	3613604681	1013.00	27.43	29.21	97.5	27.33	29.21	98.5	27.41	29.21	97.7	NaN	29.21	NaN
5/07/2018 1:04:42 PM	3613604682	1013.00	27.41	29.21	97.7	27.37	29.21	98.1	27.43	29.21	97.5	NaN	29.21	NaN
5/07/2018 1:04:43 PM	3613604683	1013.00	27.45	29.22	97.3	27.37	29.22	98.1	27.45	29.22	97.3	NaN	29.22	NaN
5/07/2018 1:04:44 PM	3613604684	1013.00	27.43	29.22	97.5	27.34	29.22	98.4	27.43	29.22	97.5	NaN	29.22	NaN
5/07/2018 1:04:45 PM	3613604685	1013.00	27.43	29.22	97.5	27.36	29.22	98.2	27.43	29.22	97.5	NaN	29.22	NaN
5/07/2018 1:04:46 PM	3613604686	1013.00	27.45	29.22	97.3	27.33	29.22	98.5	27.42	29.22	97.6	NaN	29.22	NaN
5/07/2018 1:04:47 PM	3613604687	1013.00	27.41	29.22	97.7	27.35	29.22	98.3	27.46	29.22	97.3	NaN	29.22	NaN
5/07/2018 1:04:48 PM	3613604688	1013.00	27.43	29.22	97.5	27.35	29.22	98.3	27.44	29.22	97.4	NaN	29.22	NaN
5/07/2018 1:04:49 PM	3613604689	1013.00	27.45	29.22	97.3	27.38	29.22	98.0	27.45	29.22	97.3	NaN	29.22	NaN
5/07/2018 1:04:50 PM	3613604690	1013.00	27.45	29.22	97.3	27.41	29.22	97.7	27.47	29.22	97.2	NaN	29.22	NaN
5/07/2018 1:04:51 PM	3613604691	1013.00	27.44	29.22	97.4	27.40	29.22	97.8	27.47	29.22	97.2	NaN	29.22	NaN
5/07/2018 1:04:52 PM	3613604692	1013.00	27.46	29.22	97.3	27.40	29.22	97.8	27.49	29.22	97.0	NaN	29.22	NaN
5/07/2018 1:04:53 PM	3613604693	1013.00	27.43	29.22	97.5	27.36	29.22	98.2	27.43	29.22	97.5	NaN	29.22	NaN
5/07/2018 1:04:54 PM	3613604694	1013.00	27.44	29.22	97.4	27.38	29.22	98.0	27.48	29.22	97.1	NaN	29.22	NaN
5/07/2018 1:04:55 PM	3613604695	1013.00	27.47	29.23	97.1	27.37	29.23	98.1	27.46	29.23	97.2	NaN	29.23	NaN
5/07/2018 1:04:56 PM	3613604696	1013.00	27.43	29.22	97.5	27.43	29.22	97.5	27.45	29.22	97.3	NaN	29.22	NaN
5/07/2018 1:04:57 PM	3613604697	1013.00	27.48	29.22	97.1	27.40	29.22	97.8	27.48	29.22	97.1	NaN	29.22	NaN
5/07/2018 1:04:58 PM	3613604698	1013.00	27.45	29.21	97.4	27.40	29.21	97.8	27.49	29.21	97.0	NaN	29.21	NaN
5/07/2018 1:04:59 PM	3613604699	1013.00	27.47	29.21	97.2	27.42	29.21	97.6	27.48	29.21	97.1	NaN	29.21	NaN
5/07/2018 1:05:00 PM	3613604700	1013.00	27.48	29.21	97.1	27.39	29.21	97.9	27.46	29.21	97.3	NaN	29.21	NaN
5/07/2018 1:05:01 PM	3613604701	1013.00	27.51	29.21	96.8	27.40	29.21	97.8	27.49	29.21	97.0	NaN	29.21	NaN
5/07/2018 1:05:02 PM	3613604702	1013.00	27.46	29.22	97.3	27.40	29.22	97.8	27.48	29.22	97.1	NaN	29.22	NaN
5/07/2018 1:05:03 PM	3613604703	1013.00	27.50	29.23	96.9	27.42	29.23	97.6	27.44	29.23	97.4	NaN	29.23	NaN
5/07/2018 1:05:04 PM	3613604704	1013.00	27.49	29.23	97.0	27.43	29.23	97.5	27.51	29.23	96.8	NaN	29.23	NaN
5/07/2018 1:05:05 PM	3613604705	1013.00	27.48	29.23	97.1	27.39	29.23	97.9	27.42	29.23	97.6	NaN	29.23	NaN
5/07/2018 1:05:06 PM	3613604706	1013.00	27.45	29.22	97.3	27.43	29.22	97.5	27.47	29.22	97.2	NaN	29.22	NaN
5/07/2018 1:05:07 PM	3613604707	1013.00	27.50	29.21	96.9	27.42	29.21	97.6	27.48	29.21	97.1	NaN	29.21	NaN
5/07/2018 1:05:08 PM	3613604708	1013.00	27.50	29.21	96.9	27.42	29.21	97.6	27.47	29.21	97.2	NaN	29.21	NaN
5/07/2018 1:05:09 PM	3613604709	1013.00	27.48	29.22	97.1	27.45	29.22	97.3	27.55	29.22	96.4	NaN	29.22	NaN
5/07/2018 1:05:10 PM	3613604710	1013.00	27.49	29.22	97.0	27.45	29.22	97.3	27.52	29.22	96.7	NaN	29.22	NaN
5/07/2018 1:05:11 PM	3613604711	1013.00	27.52	29.22	96.7	27.44	29.22	97.4	27.49	29.22	97.0	NaN	29.22	NaN
5/07/2018 1:05:12 PM	3613604712	1013.00	27.50	29.22	96.9	27.40	29.22	97.8	27.52	29.22	96.7	NaN	29.22	NaN
5/07/2018 1:05:13 PM	3613604713	1013.00	27.53	29.22	96.6	27.45	29.22	97.3	27.50	29.22	96.9	NaN	29.22	NaN
5/07/2018 1:05:14 PM	3613604714	1013.00	27.56	29.21	96.4	27.41	29.21	97.7	27.52	29.21	96.7	NaN	29.21	NaN
5/07/2018 1:05:15 PM	3613604715	1013.00	27.54	29.21	96.5	27.47	29.21	97.2	27.53	29.21	96.6	NaN	29.21	NaN
5/07/2018 1:05:16 PM	3613604716	1013.00	27.53	29.21	96.6	27.43	29.21	97.5	27.56	29.21	96.4	NaN	29.21	NaN
5/07/2018 1:05:17 PM	3613604717	1013.00	27.53	29.22	96.6	27.43	29.22	97.5	27.56	29.22	96.3	NaN	29.22	NaN
5/07/2018 1:05:18 PM	3613604718	1013.00	27.55	29.21	96.5	27.46	29.21	97.3	27.55	29.21	96.5	NaN	29.21	NaN
5/07/2018 1:05:19 PM	3613604719	1013.00	27.53	29.21	96.6	27.44	29.21	97.5	27.57	29.21	96.3	NaN	29.21	NaN
5/07/2018 1:05:20 PM	3613604720	1013.00	27.53	29.23	96.6	27.41	29.23	97.7	27.53	29.23	96.6	NaN	29.23	NaN
5/07/2018 1:05:21 PM	3613604721	1013.00	27.54	29.22	96.5	27.46	29.22	97.3	27.56	29.22	96.3	NaN	29.22	NaN
5/07/2018 1:05:22 PM	3613604722	1013.00	27.55	29.22	96.4	27.41	29.22	97.7	27.57	29.22	96.3	NaN	29.22	NaN
5/07/2018 1:05:23 PM	3613604723	1013.00	27.55	29.23	96.4	27.45	29.23	97.3	27.61	29.23	95.9	NaN	29.23	NaN
5/07/2018 1:05:24 PM	3613604724	1013.00	27.55	29.23	96.4	27.45	29.23	97.3	27.56	29.23	96.3	NaN	29.23	NaN
5/07/2018 1:05:25 PM	3613604725	1013.00	27.58	29.23	96.1	27.43	29.23	97.5	27.57	29.23	96.2	NaN	29.23	NaN
5/07/2018 1:05:26 PM	3613604726	1013.00	27.58	29.23	96.1	27.46	29.23	97.2	27.63	29.23	95.7	NaN	29.23	NaN
5/07/2018 1:05:27 PM	3613604727	1013.00	27.58	29.23	96.1	27.46	29.23	97.2	27.60	29.23	96.0	NaN	29.23	NaN
5/07/2018 1:05:28 PM	3613604728	1013.00	27.57	29.22	96.3	27.46	29.22	97.3	27.57	29.22	96.3	NaN	29.22	NaN
5/07/2018 1:05:29 PM	3613604729	1013.00	27.54	29.22	96.5	27.43	29.22	97.5	27.61	29.22	95.9	NaN	29.22	NaN
5/07/2018 1:05:30 PM	3613604730	1013.00	27.56	29.22	96.3	27.47	29.22	97.2	27.58	29.22	96.2	NaN	29.22	NaN
5/07/2018 1:05:31 PM	3613604731	1013.00	27.58	29.21	96.2	27.45	29.21	97.4	27.58	29.21	96.2	NaN	29.21	NaN
5/07/2018 1:05:32 PM	3613604732	1013.00	27.60	29.21	96.0	27.47	29.21	97.2	27.58	29.21	96.2	NaN	29.21	NaN
5/07/2018 1:05:33 PM	3613604733	1013.00	27.58	29.21	96.2	27.48	29.21	97.1	27.58	29.21	96.2	NaN	29.21	NaN
5/07/2018 1:05:34 PM	3613604734	1013.00	27.56	29.22	96.3	27.46	29.22	97.3	27.60	29.22	96.0	NaN	29.22	NaN
5/07/2018 1:05:35 PM	3613604735	1013.00	27.57	29.21	96.3	27.47	29.21	97.2	27.57	29.21	96.3	NaN	29.21	NaN
5/07/2018 1:05:36 PM	3613604736	1013.00	27.59	29.22	96.1	27.47	29.22	97.2	27.63	29.22	95.7	NaN	29.22	NaN
5/07/2018 1:05:37 PM	3613604737	1013.00	27.60	29.22	96.0	27.47	29.22	97.2	27.63	29.22	95.7	NaN	29.22	NaN
5/07/2018 1:05:38 PM	3613604738	1013.00	27.60	29.22	96.0	27.48	29.22	97.1	27.57	29.22	96.3	NaN	29.22	NaN
5/07/2018 1:05:39 PM	3613604739	1013.00	27.63	29.22	95.7	27.50	29.22	96.9	27.61	29.22	95.9	NaN	29.22	NaN
5/07/2018 1:05:40 PM	3613604740	1013.00	27.63	29.22	95.7	27.52	29.22	96.7	27.63	29.22	95.7	NaN	29.22	NaN
5/07/2018 1:05:41 PM	3613604741	1013.00	27.62	29.23	95.8	27.49	29.23	97.0	27.61	29.23	95.9	NaN	29.23	NaN
5/07/2018 1:05:42 PM	3613604742	1013.00	27.63	29.23	95.7	27.46	29.23	97.2	27.65	29.23	95.5	NaN	29.23	NaN
5/07/2018 1:05:43 PM	3613604743	1013.00	27.61	29.23	95.9	27.47	29.23	97.1	27.62	29.23	95.8	NaN	29.23	NaN
5/07/2018 1:05:44 PM	3613604744	1013.00	27.60	29.23	96.0	27.46	29.23	97.2	27.60	29.23	96.0	NaN	29.23	NaN
5/07/2018 1:05:45 PM	3613604745	1013.00	27.64	29.24	95.6	27.51	29.24	96.8	27.64	29.24	95.6	NaN	29.24	NaN
5/07/2018 1:05:46 PM	3613604746	1013.00	27.65	29.23	95.5	27.52	29.23	96.7	27.63	29.23	95.7	NaN	29.23	NaN
5/07/2018 1:05:47 PM	3613604747	1013.00	27.65	29.22	95.5	27.50	29.22	96.9	27.63	29.22	95.7	NaN	29.22	NaN
5/07/2018 1:05:48 PM	3613604748	1013.00	27.62	29.22	95.8	27.50	29.22	96.9	27.61	29.22	95.9	NaN	29.22	NaN
5/07/2018 1:05:49 PM	3613604749	1013.00	27.60	29.22	96.0	27.50	29.22	96.9	27.63	29.22	95.7	NaN	29.22	NaN
5/07/2018 1:05:50 PM	3613604750	1013.00	27.63	29.21	95.7	27.55	29.21	96.5	27.65	29.21	95.6	NaN	29.21	NaN
5/07/2018 1:05:51 PM	3613604751	1013.00	27.62	29.21	95.8	27.48	29.21	97.1	27.64	29.21	95.6	NaN	29.21	NaN
5/07/2018 1:05:52 PM	3613604752	1013.00	27.63	29.22	95.7	27.47	29.22	97.2	27.70	29.22	95.1	NaN	29.22	NaN
5/07/2018 1:05:53 PM	3613604753	1013.00	27.66	29.22	95.4	27.54	29.22	96.5	27.65	29.22	95.5	NaN	29.22	NaN
5/07/2018 1:05:54 PM	3613604754	1013.00	27.63	29.21	95.7	27.53	29.21	96.6	27.64	29.21	95.6	NaN	29.21	NaN
5/07/2018 1:05:55 PM	3613604755	1013.00	27.66	29.22	95.4	27.50	29.22	96.9	27.68	29.22	95.3	NaN	29.22	NaN
5/07/2018 1:05:56 PM	3613604756	1013.00	27.65	29.22	95.5	27.52	29.22	96.7	27.69	29.22	95.2	NaN	29.22	NaN
5/07/2018 1:05:57 PM	3613604757	1013.00	27.67	29.21	95.4	27.53	29.21	96.6	27.67	29.21	95.4	NaN	29.21	NaN
5/07/2018 1:05:58 PM	3613604758	1013.00	27.65	29.21	95.6	27.54	29.21	96.5	27.70	29.21	95.1	NaN	29.21	NaN
5/07/2018 1:05:59 PM	3613604759	1013.00	27.65	29.21	95.6	27.53	29.21	96.6	27.68	29.21	95.3	NaN	29.21	NaN
5/07/2018 1:06:00 PM	3613604760	1013.00	27.69	29.21	95.2	27.55	29.21	96.5	27.67	29.21	95.4	NaN	29.21	NaN
5/07/2018 1:06:01 PM	3613604761	1013.00	27.66	29.21	95.5	27.54	29.21	96.5	27.68	29.21	95.3	NaN	29.21	NaN
5/07/2018 1:06:02 PM	3613604762	1013.00	27.66	29.21	95.5	27.55	29.21	96.5	27.70	29.21	95.1	NaN	29.21	NaN
5/07/2018 1:06:03 PM	3613604763	1013.00	27.63	29.22	95.7	27.57	29.22	96.3	27.69	29.22	95.2	NaN	29.22	NaN
5/07/2018 1:06:04 PM	3613604764	1013.00	27.67	29.22	95.4	27.55	29.22	96.4	27.72	29.22	94.9	NaN	29.22	NaN
5/07/2018 1:06:05 PM	3613604765	1013.00	27.67	29.22	95.4	27.56	29.22	96.3	27.70	29.22	95.1	NaN	29.22	NaN
5/07/2018 1:06:06 PM	3613604766	1013.00	27.66	29.23	95.4	27.56	29.23	96.3	27.72	29.23	94.9	NaN	29.23	NaN
5/07/2018 1:06:07 PM	3613604767	1013.00	27.66	29.23	95.4	27.56	29.23	96.3	27.69	29.23	95.2	NaN	29.23	NaN
5/07/2018 1:06:08 PM	3613604768	1013.00	27.69	29.23	95.2	27.55	29.23	96.4	27.73	29.23	94.8	NaN	29.23	NaN
5/07/2018 1:06:09 PM	3613604769	1013.00	27.68	29.23	95.2	27.56	29.23	96.3	27.69	29.23	95.2	NaN	29.23	NaN
5/07/2018 1:06:10 PM	3613604770	1013.00	27.70	29.23	95.1	27.57	29.23	96.2	27.69	29.23	95.2	NaN	29.23	NaN
5/07/2018 1:06:11 PM	3613604771	1013.00	27.67	29.23	95.3	27.56	29.23	96.3	27.73	29.23	94.8	NaN	29.23	NaN
5/07/2018 1:06:12 PM	3613604772	1013.00	27.72	29.23	94.9	27.56	29.23	96.3	27.76	29.23	94.5	NaN	29.23	NaN
5/07/2018 1:06:13 PM	3613604773	1013.00	27.69	29.23	95.2	27.57	29.23	96.2	27.73	29.23	94.8	NaN	29.23	NaN
5/07/2018 1:06:14 PM	3613604774	1013.00	27.72	29.23	94.9	27.62	29.23	95.8	27.72	29.23	94.9	NaN	29.23	NaN
5/07/2018 1:06:15 PM	3613604775	1013.00	27.70	29.24	95.1	27.59	29.24	96.0	27.74	29.24	94.7	NaN	29.24	NaN
5/07/2018 1:06:16 PM	3613604776	1013.00	27.71	29.23	95.0	27.56	29.23	96.3	27.71	29.23	95.0	NaN	29.23	NaN
5/07/2018 1:06:17 PM	3613604777	1013.00	27.70	29.23	95.1	27.57	29.23	96.2	27.76	29.23	94.5	NaN	29.23	NaN
5/07/2018 1:06:18 PM	3613604778	1013.00	27.73	29.22	94.8	27.60	29.22	96.0	27.74	29.22	94.7	NaN	29.22	NaN
5/07/2018 1:06:19 PM	3613604779	1013.00	27.69	29.22	95.2	27.58	29.22	96.2	27.76	29.22	94.6	NaN	29.22	NaN
5/07/2018 1:06:20 PM	3613604780	1013.00	27.73	29.22	94.8	27.58	29.22	96.2	27.73	29.22	94.8	NaN	29.22	NaN
5/07/2018 1:06:21 PM	3613604781	1013.00	27.71	29.21	95.0	27.59	29.21	96.1	27.75	29.21	94.7	NaN	29.21	NaN
5/07/2018 1:06:22 PM	3613604782	1013.00	27.72	29.22	94.9	27.58	29.22	96.2	27.76	29.22	94.6	NaN	29.22	NaN
5/07/2018 1:06:23 PM	3613604783	1013.00	27.74	29.22	94.7	27.58	29.22	96.2	27.78	29.22	94.4	NaN	29.22	NaN
5/07/2018 1:06:24 PM	3613604784	1013.00	27.70	29.22	95.1	27.68	29.22	95.3	27.79	29.22	94.3	NaN	29.22	NaN
5/07/2018 1:06:25 PM	3613604785	1013.00	27.72	29.21	94.9	27.59	29.21	96.1	27.77	29.21	94.5	NaN	29.21	NaN
5/07/2018 1:06:26 PM	3613604786	1013.00	27.74	29.22	94.7	27.57	29.22	96.3	27.77	29.22	94.5	NaN	29.22	NaN
5/07/2018 1:06:27 PM	3613604787	1013.00	27.73	29.21	94.8	27.60	29.21	96.0	27.77	29.21	94.5	NaN	29.21	NaN
5/07/2018 1:06:28 PM	3613604788	1013.00	27.75	29.22	94.6	27.63	29.22	95.7	27.79	29.22	94.3	NaN	29.22	NaN
5/07/2018 1:06:29 PM	3613604789	1013.00	27.72	29.23	94.9	27.62	29.23	95.8	27.75	29.23	94.6	NaN	29.23	NaN
5/07/2018 1:06:30 PM	3613604790	1013.00	27.74	29.22	94.7	27.60	29.22	96.0	27.78	29.22	94.4	NaN	29.22	NaN
5/07/2018 1:06:31 PM	3613604791	1013.00	27.73	29.22	94.8	27.62	29.22	95.8	27.76	29.22	94.6	NaN	29.22	NaN
5/07/2018 1:06:32 PM	3613604792	1013.00	27.77	29.22	94.5	27.61	29.22	95.9	27.78	29.22	94.4	NaN	29.22	NaN
5/07/2018 1:06:33 PM	3613604793	1013.00	27.75	29.21	94.7	27.60	29.21	96.0	27.81	29.21	94.1	NaN	29.21	NaN
5/07/2018 1:06:34 PM	3613604794	1013.00	27.75	29.22	94.6	27.62	29.22	95.8	27.79	29.22	94.3	NaN	29.22	NaN
5/07/2018 1:06:35 PM	3613604795	1013.00	27.79	29.22	94.3	27.61	29.22	95.9	27.79	29.22	94.3	NaN	29.22	NaN
5/07/2018 1:06:36 PM	3613604796	1013.00	27.75	29.22	94.6	27.61	29.22	95.9	27.79	29.22	94.3	NaN	29.22	NaN
5/07/2018 1:06:37 PM	3613604797	1013.00	27.73	29.23	94.8	27.57	29.23	96.2	27.80	29.23	94.2	NaN	29.23	NaN
5/07/2018 1:06:38 PM	3613604798	1013.00	27.79	29.23	94.3	27.61	29.23	95.9	27.80	29.23	94.2	NaN	29.23	NaN
5/07/2018 1:06:39 PM	3613604799	1013.00	27.80	29.22	94.2	27.65	29.22	95.5	27.81	29.22	94.1	NaN	29.22	NaN
5/07/2018 1:06:40 PM	3613604800	1013.00	27.78	29.23	94.4	27.60	29.23	96.0	27.83	29.23	93.9	NaN	29.23	NaN
5/07/2018 1:06:41 PM	3613604801	1013.00	27.77	29.22	94.5	27.62	29.22	95.8	27.84	29.22	93.9	NaN	29.22	NaN
5/07/2018 1:06:42 PM	3613604802	1013.00	27.79	29.22	94.3	27.64	29.22	95.6	27.82	29.22	94.0	NaN	29.22	NaN
5/07/2018 1:06:43 PM	3613604803	1013.00	27.82	29.22	94.0	27.62	29.22	95.8	27.82	29.22	94.0	NaN	29.22	NaN
5/07/2018 1:06:44 PM	3613604804	1013.00	27.81	29.22	94.1	27.59	29.22	96.1	27.82	29.22	94.0	NaN	29.22	NaN
5/07/2018 1:06:45 PM	3613604805	1013.00	27.79	29.22	94.3	27.65	29.22	95.5	27.83	29.22	93.9	NaN	29.22	NaN
5/07/2018 1:06:46 PM	3613604806	1013.00	27.80	29.23	94.2	27.65	29.23	95.5	27.84	29.23	93.8	NaN	29.23	NaN
5/07/2018 1:06:47 PM	3613604807	1013.00	27.79	29.24	94.3	27.64	29.24	95.6	27.84	29.24	93.8	NaN	29.24	NaN
5/07/2018 1:06:48 PM	3613604808	1013.00	27.80	29.24	94.2	27.60	29.24	95.9	27.83	29.24	93.9	NaN	29.24	NaN
5/07/2018 1:06:49 PM	3613604809	1013.00	27.80	29.24	94.2	27.64	29.24	95.6	27.84	29.24	93.8	NaN	29.24	NaN
5/07/2018 1:06:50 PM	3613604810	1013.00	27.80	29.24	94.2	27.66	29.24	95.4	27.83	29.24	93.9	NaN	29.24	NaN
5/07/2018 1:06:51 PM	3613604811	1013.00	27.80	29.24	94.2	27.67	29.24	95.3	27.87	29.24	93.6	NaN	29.24	NaN
5/07/2018 1:06:52 PM	3613604812	1013.00	27.81	29.23	94.1	27.70	29.23	95.1	27.86	29.23	93.7	NaN	29.23	NaN
5/07/2018 1:06:53 PM	3613604813	1013.00	27.80	29.23	94.2	27.65	29.23	95.5	27.84	29.23	93.8	NaN	29.23	NaN
5/07/2018 1:06:54 PM	3613604814	1013.00	27.83	29.24	93.9	27.68	29.24	95.2	27.88	29.24	93.5	NaN	29.24	NaN
5/07/2018 1:06:55 PM	3613604815	1013.00	27.83	29.23	93.9	27.63	29.23	95.7	27.90	29.23	93.3	NaN	29.23	NaN
5/07/2018 1:06:56 PM	3613604816	1013.00	27.82	29.23	94.0	27.65	29.23	95.5	27.92	29.23	93.1	NaN	29.23	NaN
5/07/2018 1:06:57 PM	3613604817	1013.00	27.80	29.23	94.2	27.65	29.23	95.5	27.92	29.23	93.1	NaN	29.23	NaN
5/07/2018 1:06:58 PM	3613604818	1013.00	27.84	29.22	93.9	27.64	29.22	95.6	27.95	29.22	92.9	NaN	29.22	NaN
5/07/2018 1:06:59 PM	3613604819	1013.00	27.81	29.22	94.1	27.64	29.22	95.6	27.91	29.22	93.2	NaN	29.22	NaN
5/07/2018 1:07:00 PM	3613604820	1013.00	27.86	29.22	93.7	27.64	29.22	95.6	27.93	29.22	93.1	NaN	29.22	NaN
5/07/2018 1:07:01 PM	3613604821	1013.00	27.87	29.22	93.6	27.66	29.22	95.4	27.89	29.22	93.4	NaN	29.22	NaN
5/07/2018 1:07:02 PM	3613604822	1013.00	27.84	29.22	93.9	27.64	29.22	95.6	27.94	29.22	93.0	NaN	29.22	NaN
5/07/2018 1:07:03 PM	3613604823	1013.00	27.84	29.22	93.9	27.68	29.22	95.3	27.91	29.22	93.2	NaN	29.22	NaN
5/07/2018 1:07:04 PM	3613604824	1013.00	27.85	29.22	93.8	27.63	29.22	95.7	27.93	29.22	93.1	NaN	29.22	NaN
5/07/2018 1:07:05 PM	3613604825	1013.00	27.85	29.21	93.8	27.66	29.21	95.5	27.91	29.21	93.3	NaN	29.21	NaN
5/07/2018 1:07:06 PM	3613604826	1013.00	27.87	29.21	93.6	27.68	29.21	95.3	27.92	29.21	93.2	NaN	29.21	NaN
5/07/2018 1:07:07 PM	3613604827	1013.00	27.84	29.22	93.9	27.68	29.22	95.3	27.96	29.22	92.8	NaN	29.22	NaN
5/07/2018 1:07:08 PM	3613604828	1013.00	27.87	29.22	93.6	27.64	29.22	95.6	27.96	29.22	92.8	NaN	29.22	NaN
5/07/2018 1:07:09 PM	3613604829	1013.00	27.87	29.22	93.6	27.68	29.22	95.3	27.92	29.22	93.2	NaN	29.22	NaN
5/07/2018 1:07:10 PM	3613604830	1013.00	27.89	29.22	93.4	27.68	29.22	95.3	27.97	29.22	92.7	NaN	29.22	NaN
5/07/2018 1:07:11 PM	3613604831	1013.00	27.87	29.22	93.6	27.66	29.22	95.4	27.94	29.22	93.0	NaN	29.22	NaN
5/07/2018 1:07:12 PM	3613604832	1013.00	27.92	29.21	93.2	27.63	29.21	95.7	27.96	29.21	92.8	NaN	29.21	NaN
5/07/2018 1:07:13 PM	3613604833	1013.00	27.90	29.21	93.3	27.67	29.21	95.4	27.94	29.21	93.0	NaN	29.21	NaN
5/07/2018 1:07:14 PM	3613604834	1013.00	27.91	29.21	93.3	27.72	29.21	94.9	27.95	29.21	92.9	NaN	29.21	NaN
5/07/2018 1:07:15 PM	3613604835	1013.00	27.90	29.21	93.3	27.70	29.21	95.1	27.96	29.21	92.8	NaN	29.21	NaN
5/07/2018 1:07:16 PM	3613604836	1013.00	27.87	29.22	93.6	27.68	29.22	95.3	27.94	29.22	93.0	NaN	29.22	NaN
5/07/2018 1:07:17 PM	3613604837	1013.00	27.89	29.22	93.4	27.68	29.22	95.3	27.93	29.22	93.1	NaN	29.22	NaN
5/07/2018 1:07:18 PM	3613604838	1013.00	27.88	29.22	93.5	27.69	29.22	95.2	27.96	29.22	92.8	NaN	29.22	NaN
5/07/2018 1:07:19 PM	3613604839	1013.00	27.88	29.22	93.5	27.71	29.22	95.0	27.92	29.22	93.2	NaN	29.22	NaN
5/07/2018 1:07:20 PM	3613604840	1013.00	27.92	29.22	93.2	27.68	29.22	95.3	27.91	29.22	93.2	NaN	29.22	NaN
5/07/2018 1:07:21 PM	3613604841	1013.00	27.91	29.22	93.2	27.70	29.22	95.1	27.99	29.22	92.6	NaN	29.22	NaN
5/07/2018 1:07:22 PM	3613604842	1013.00	27.92	29.23	93.1	27.73	29.23	94.8	27.95	29.23	92.9	NaN	29.23	NaN
5/07/2018 1:07:23 PM	3613604843	1013.00	27.89	29.22	93.4	27.71	29.22	95.0	27.94	29.22	93.0	NaN	29.22	NaN
5/07/2018 1:07:24 PM	3613604844	1013.00	27.90	29.23	93.3	27.70	29.23	95.1	27.97	29.23	92.7	NaN	29.23	NaN
5/07/2018 1:07:25 PM	3613604845	1013.00	27.93	29.23	93.1	27.70	29.23	95.1	27.95	29.23	92.9	NaN	29.23	NaN
5/07/2018 1:07:26 PM	3613604846	1013.00	27.91	29.22	93.2	27.70	29.22	95.1	27.94	29.22	93.0	NaN	29.22	NaN
5/07/2018 1:07:27 PM	3613604847	1013.00	27.91	29.23	93.2	27.68	29.23	95.2	27.94	29.23	93.0	NaN	29.23	NaN
5/07/2018 1:07:28 PM	3613604848	1013.00	27.91	29.22	93.2	27.74	29.22	94.7	28.01	29.22	92.4	NaN	29.22	NaN
5/07/2018 1:07:29 PM	3613604849	1013.00	27.91	29.21	93.3	27.73	29.21	94.8	27.95	29.21	92.9	NaN	29.21	NaN
5/07/2018 1:07:30 PM	3613604850	1013.00	27.93	29.21	93.1	27.71	29.21	95.0	27.96	29.21	92.8	NaN	29.21	NaN
5/07/2018 1:07:31 PM	3613604851	1013.00	27.95	29.22	92.9	27.71	29.22	95.0	27.99	29.22	92.6	NaN	29.22	NaN
5/07/2018 1:07:32 PM	3613604852	1013.00	27.93	29.21	93.1	27.71	29.21	95.0	27.99	29.21	92.6	NaN	29.21	NaN
5/07/2018 1:07:33 PM	3613604853	1013.00	27.93	29.21	93.1	27.71	29.21	95.0	28.02	29.21	92.3	NaN	29.21	NaN
5/07/2018 1:07:34 PM	3613604854	1013.00	27.95	29.21	92.9	27.71	29.21	95.0	28.00	29.21	92.5	NaN	29.21	NaN
5/07/2018 1:07:35 PM	3613604855	1013.00	27.93	29.22	93.1	27.73	29.22	94.8	27.99	29.22	92.6	NaN	29.22	NaN
5/07/2018 1:07:36 PM	3613604856	1013.00	27.95	29.22	92.9	27.69	29.22	95.2	28.04	29.22	92.1	NaN	29.22	NaN
5/07/2018 1:07:37 PM	3613604857	1013.00	27.97	29.23	92.7	27.71	29.23	95.0	28.00	29.23	92.4	NaN	29.23	NaN
5/07/2018 1:07:38 PM	3613604858	1013.00	27.94	29.24	93.0	27.75	29.24	94.6	28.01	29.24	92.3	NaN	29.24	NaN
5/07/2018 1:07:39 PM	3613604859	1013.00	28.01	29.23	92.4	27.76	29.23	94.5	28.00	29.23	92.4	NaN	29.23	NaN
5/07/2018 1:07:40 PM	3613604860	1013.00	27.97	29.23	92.7	27.74	29.23	94.7	28.02	29.23	92.3	NaN	29.23	NaN
5/07/2018 1:07:41 PM	3613604861	1013.00	27.96	29.23	92.8	27.77	29.23	94.5	27.99	29.23	92.5	NaN	29.23	NaN
5/07/2018 1:07:42 PM	3613604862	1013.00	27.98	29.22	92.6	27.76	29.22	94.6	28.03	29.22	92.2	NaN	29.22	NaN
5/07/2018 1:07:43 PM	3613604863	1013.00	27.96	29.22	92.8	27.76	29.22	94.6	28.05	29.22	92.0	NaN	29.22	NaN
5/07/2018 1:07:44 PM	3613604864	1013.00	27.97	29.22	92.7	27.76	29.22	94.6	27.98	29.22	92.6	NaN	29.22	NaN
5/07/2018 1:07:45 PM	3613604865	1013.00	28.00	29.22	92.5	27.76	29.22	94.6	28.04	29.22	92.1	NaN	29.22	NaN
5/07/2018 1:07:46 PM	3613604866	1013.00	27.98	29.23	92.6	27.78	29.23	94.4	28.03	29.23	92.2	NaN	29.23	NaN
5/07/2018 1:07:47 PM	3613604867	1013.00	28.00	29.21	92.5	27.74	29.21	94.7	28.05	29.21	92.1	NaN	29.21	NaN
5/07/2018 1:07:48 PM	3613604868	1013.00	28.01	29.22	92.4	27.77	29.22	94.5	28.05	29.22	92.0	NaN	29.22	NaN
5/07/2018 1:07:49 PM	3613604869	1013.00	27.98	29.22	92.6	27.80	29.22	94.2	28.07	29.22	91.9	NaN	29.22	NaN
5/07/2018 1:07:50 PM	3613604870	1013.00	27.99	29.22	92.6	27.77	29.22	94.5	28.01	29.22	92.4	NaN	29.22	NaN
5/07/2018 1:07:51 PM	3613604871	1013.00	28.00	29.21	92.5	27.79	29.21	94.3	28.06	29.21	92.0	NaN	29.21	NaN
5/07/2018 1:07:52 PM	3613604872	1013.00	27.99	29.22	92.6	27.82	29.22	94.0	28.03	29.22	92.2	NaN	29.22	NaN
5/07/2018 1:07:53 PM	3613604873	1013.00	28.00	29.22	92.5	27.82	29.22	94.0	28.06	29.22	92.0	NaN	29.22	NaN
5/07/2018 1:07:54 PM	3613604874	1013.00	28.03	29.22	92.2	27.79	29.22	94.3	28.03	29.22	92.2	NaN	29.22	NaN
5/07/2018 1:07:55 PM	3613604875	1013.00	28.01	29.22	92.4	27.79	29.22	94.3	28.02	29.22	92.3	NaN	29.22	NaN
5/07/2018 1:07:56 PM	3613604876	1013.00	28.03	29.23	92.2	27.79	29.23	94.3	28.05	29.23	92.0	NaN	29.23	NaN
5/07/2018 1:07:57 PM	3613604877	1013.00	28.01	29.23	92.4	27.82	29.23	94.0	28.03	29.23	92.2	NaN	29.23	NaN
5/07/2018 1:07:58 PM	3613604878	1013.00	28.02	29.23	92.3	27.79	29.23	94.3	28.03	29.23	92.2	NaN	29.23	NaN
5/07/2018 1:07:59 PM	3613604879	1013.00	28.03	29.23	92.2	27.85	29.23	93.7	28.05	29.23	92.0	NaN	29.23	NaN
5/07/2018 1:08:00 PM	3613604880	1013.00	28.01	29.24	92.3	27.80	29.24	94.2	28.04	29.24	92.1	NaN	29.24	NaN
5/07/2018 1:08:01 PM	3613604881	1013.00	28.04	29.23	92.1	27.82	29.23	94.0	28.05	29.23	92.0	NaN	29.23	NaN
5/07/2018 1:08:02 PM	3613604882	1013.00	28.04	29.23	92.1	27.80	29.23	94.2	28.05	29.23	92.0	NaN	29.23	NaN
5/07/2018 1:08:03 PM	3613604883	1013.00	28.06	29.23	91.9	27.83	29.23	93.9	28.03	29.23	92.2	NaN	29.23	NaN
5/07/2018 1:08:04 PM	3613604884	1013.00	28.05	29.22	92.0	27.81	29.22	94.1	28.07	29.22	91.9	NaN	29.22	NaN
5/07/2018 1:08:05 PM	3613604885	1013.00	28.07	29.22	91.9	27.81	29.22	94.1	28.05	29.22	92.0	NaN	29.22	NaN
5/07/2018 1:08:06 PM	3613604886	1013.00	28.03	29.22	92.2	27.80	29.22	94.2	28.09	29.22	91.7	NaN	29.22	NaN
5/07/2018 1:08:07 PM	3613604887	1013.00	28.04	29.21	92.1	27.85	29.21	93.8	28.08	29.21	91.8	NaN	29.21	NaN
5/07/2018 1:08:08 PM	3613604888	1013.00	28.05	29.21	92.1	27.82	29.21	94.0	28.07	29.21	91.9	NaN	29.21	NaN
5/07/2018 1:08:09 PM	3613604889	1013.00	28.10	29.21	91.6	27.84	29.21	93.9	28.11	29.21	91.5	NaN	29.21	NaN
5/07/2018 1:08:10 PM	3613604890	1013.00	28.05	29.21	92.1	27.86	29.21	93.7	28.07	29.21	91.9	NaN	29.21	NaN
5/07/2018 1:08:11 PM	3613604891	1013.00	28.06	29.22	92.0	27.81	29.22	94.1	28.06	29.22	92.0	NaN	29.22	NaN
5/07/2018 1:08:12 PM	3613604892	1013.00	28.08	29.22	91.8	27.85	29.22	93.8	28.05	29.22	92.0	NaN	29.22	NaN
5/07/2018 1:08:13 PM	3613604893	1013.00	28.06	29.22	92.0	27.84	29.22	93.9	28.10	29.22	91.6	NaN	29.22	NaN
5/07/2018 1:08:14 PM	3613604894	1013.00	28.09	29.23	91.7	27.90	29.23	93.3	28.08	29.23	91.8	NaN	29.23	NaN
5/07/2018 1:08:15 PM	3613604895	1013.00	28.12	29.23	91.4	27.87	29.23	93.6	28.13	29.23	91.3	NaN	29.23	NaN
5/07/2018 1:08:16 PM	3613604896	1013.00	28.09	29.22	91.7	27.84	29.22	93.9	28.12	29.22	91.4	NaN	29.22	NaN
5/07/2018 1:08:17 PM	3613604897	1013.00	28.11	29.23	91.5	27.86	29.23	93.7	28.12	29.23	91.4	NaN	29.23	NaN
5/07/2018 1:08:18 PM	3613604898	1013.00	28.10	29.22	91.6	27.87	29.22	93.6	28.11	29.22	91.5	NaN	29.22	NaN
5/07/2018 1:08:19 PM	3613604899	1013.00	28.08	29.22	91.8	27.87	29.22	93.6	28.11	29.22	91.5	NaN	29.22	NaN
5/07/2018 1:08:20 PM	3613604900	1013.00	28.14	29.22	91.3	27.88	29.22	93.5	28.14	29.22	91.3	NaN	29.22	NaN
5/07/2018 1:08:21 PM	3613604901	1013.00	28.09	29.22	91.7	27.84	29.22	93.9	28.13	29.22	91.4	NaN	29.22	NaN
5/07/2018 1:08:22 PM	3613604902	1013.00	28.09	29.23	91.7	27.87	29.23	93.6	28.16	29.23	91.1	NaN	29.23	NaN
5/07/2018 1:08:23 PM	3613604903	1013.00	28.12	29.23	91.4	27.88	29.23	93.5	28.14	29.23	91.3	NaN	29.23	NaN
5/07/2018 1:08:24 PM	3613604904	1013.00	28.11	29.22	91.5	27.88	29.22	93.5	28.16	29.22	91.1	NaN	29.22	NaN
5/07/2018 1:08:25 PM	3613604905	1013.00	28.14	29.23	91.3	27.85	29.23	93.7	28.16	29.23	91.1	NaN	29.23	NaN
5/07/2018 1:08:26 PM	3613604906	1013.00	28.11	29.23	91.5	27.87	29.23	93.6	28.12	29.23	91.4	NaN	29.23	NaN
5/07/2018 1:08:27 PM	3613604907	1013.00	28.15	29.23	91.2	27.86	29.23	93.7	28.18	29.23	90.9	NaN	29.23	NaN
5/07/2018 1:08:28 PM	3613604908	1013.00	28.12	29.23	91.4	27.87	29.23	93.6	28.20	29.23	90.7	NaN	29.23	NaN
5/07/2018 1:08:29 PM	3613604909	1013.00	28.17	29.23	91.0	27.88	29.23	93.5	28.18	29.23	90.9	NaN	29.23	NaN
5/07/2018 1:08:30 PM	3613604910	1013.00	28.11	29.23	91.5	27.90	29.23	93.3	28.17	29.23	91.0	NaN	29.23	NaN
5/07/2018 1:08:31 PM	3613604911	1013.00	28.11	29.21	91.5	27.89	29.21	93.4	28.19	29.21	90.9	NaN	29.21	NaN
5/07/2018 1:08:32 PM	3613604912	1013.00	28.13	29.22	91.4	27.86	29.22	93.7	28.22	29.22	90.6	NaN	29.22	NaN
5/07/2018 1:08:33 PM	3613604913	1013.00	28.15	29.22	91.2	27.90	29.22	93.3	28.20	29.22	90.8	NaN	29.22	NaN
5/07/2018 1:08:34 PM	3613604914	1013.00	28.16	29.22	91.1	27.91	29.22	93.2	28.19	29.22	90.8	NaN	29.22	NaN
5/07/2018 1:08:35 PM	3613604915	1013.00	28.16	29.22	91.1	27.90	29.22	93.3	28.23	29.22	90.5	NaN	29.22	NaN
5/07/2018 1:08:36 PM	3613604916	1013.00	28.18	29.23	90.9	27.92	29.23	93.1	28.19	29.23	90.8	NaN	29.23	NaN
5/07/2018 1:08:37 PM	3613604917	1013.00	28.16	29.23	91.1	27.94	29.23	93.0	28.25	29.23	90.3	NaN	29.23	NaN
5/07/2018 1:08:38 PM	3613604918	1013.00	28.18	29.23	90.9	27.96	29.23	92.8	28.22	29.23	90.6	NaN	29.23	NaN
5/07/2018 1:08:39 PM	3613604919	1013.00	28.20	29.23	90.7	27.91	29.23	93.2	28.22	29.23	90.6	NaN	29.23	NaN
5/07/2018 1:08:40 PM	3613604920	1013.00	28.17	29.23	91.0	27.95	29.23	92.9	28.21	29.23	90.7	NaN	29.23	NaN
5/07/2018 1:08:41 PM	3613604921	1013.00	28.21	29.24	90.6	27.95	29.24	92.9	28.23	29.24	90.5	NaN	29.24	NaN
5/07/2018 1:08:42 PM	3613604922	1013.00	28.18	29.23	90.9	27.97	29.23	92.7	28.25	29.23	90.3	NaN	29.23	NaN
5/07/2018 1:08:43 PM	3613604923	1013.00	28.20	29.23	90.7	27.92	29.23	93.1	28.24	29.23	90.4	NaN	29.23	NaN
5/07/2018 1:08:44 PM	3613604924	1013.00	28.16	29.23	91.1	27.94	29.23	93.0	28.26	29.23	90.2	NaN	29.23	NaN
5/07/2018 1:08:45 PM	3613604925	1013.00	28.20	29.22	90.8	27.91	29.22	93.2	28.22	29.22	90.6	NaN	29.22	NaN
5/07/2018 1:08:46 PM	3613604926	1013.00	28.19	29.22	90.8	27.94	29.22	93.0	28.23	29.22	90.5	NaN	29.22	NaN
5/07/2018 1:08:47 PM	3613604927	1013.00	28.21	29.22	90.7	28.00	29.22	92.5	28.22	29.22	90.6	NaN	29.22	NaN
5/07/2018 1:08:48 PM	3613604928	1013.00	28.20	29.22	90.8	27.97	29.22	92.7	28.25	29.22	90.3	NaN	29.22	NaN
5/07/2018 1:08:49 PM	3613604929	1013.00	28.24	29.22	90.4	27.94	29.22	93.0	28.26	29.22	90.3	NaN	29.22	NaN
5/07/2018 1:08:50 PM	3613604930	1013.00	28.20	29.22	90.8	27.95	29.22	92.9	28.28	29.22	90.1	NaN	29.22	NaN
5/07/2018 1:08:51 PM	3613604931	1013.00	28.21	29.22	90.7	27.99	29.22	92.6	28.24	29.22	90.4	NaN	29.22	NaN
5/07/2018 1:08:52 PM	3613604932	1013.00	28.26	29.22	90.3	27.95	29.22	92.9	28.23	29.22	90.5	NaN	29.22	NaN
5/07/2018 1:08:53 PM	3613604933	1013.00	28.26	29.21	90.3	27.98	29.21	92.7	28.24	29.21	90.4	NaN	29.21	NaN
5/07/2018 1:08:54 PM	3613604934	1013.00	28.25	29.21	90.4	27.98	29.21	92.7	28.23	29.21	90.5	NaN	29.21	NaN
5/07/2018 1:08:55 PM	3613604935	1013.00	28.26	29.21	90.3	27.95	29.21	92.9	28.24	29.21	90.4	NaN	29.21	NaN
5/07/2018 1:08:56 PM	3613604936	1013.00	28.25	29.21	90.4	27.97	29.21	92.7	28.25	29.21	90.4	NaN	29.21	NaN
5/07/2018 1:08:57 PM	3613604937	1013.00	28.23	29.22	90.5	27.99	29.22	92.6	28.26	29.22	90.3	NaN	29.22	NaN
5/07/2018 1:08:58 PM	3613604938	1013.00	28.26	29.22	90.3	27.95	29.22	92.9	28.26	29.22	90.3	NaN	29.22	NaN
5/07/2018 1:08:59 PM	3613604939	1013.00	28.28	29.21	90.1	27.95	29.21	92.9	28.26	29.21	90.3	NaN	29.21	NaN
5/07/2018 1:09:00 PM	3613604940	1013.00	28.26	29.22	90.3	27.97	29.22	92.7	28.28	29.22	90.1	NaN	29.22	NaN
5/07/2018 1:09:01 PM	3613604941	1013.00	28.27	29.21	90.2	27.98	29.21	92.7	28.29	29.21	90.0	NaN	29.21	NaN
5/07/2018 1:09:02 PM	3613604942	1013.00	28.28	29.21	90.1	28.00	29.21	92.5	28.29	29.21	90.0	NaN	29.21	NaN
