Date & time of file creation	5/07/2018 10:24 AM													
Data file path	C:\Users\ameli\Desktop\Diego Barneche\05_07_2018\32_C_old_witrox_20.txt													
														
														
CALIBRATION DATA														
Parameter/Channel	N moving average	LO phase [r.U.]	HI phase [r.U.]	LO oxygen [%air saturation]	HI oxygen [%air saturation]	LO temperature [°C]	HI temperature [°C]	Salinity [‰]						
S WOT 0041 000001   , CH 1	1	59.40	26.56	0.00	100.00	32.57	32.61	0.000						
S WOT 0041 000001   , CH 2	1	59.40	26.56	0.00	100.00	32.57	32.61	0.000						
S WOT 0041 000001   , CH 3	1	59.40	26.56	0.00	100.00	32.57	32.61	0.000						
S WOT 0041 000001   , CH 4	1	59.40	26.56	0.00	100.00	32.57	32.61	0.000						
														
														
Date &Time [DD-MM-YYYY HH:MM:SS]	Time stamp code	Barometric pressure [hPa]	S WOT 0041 000001   , CH 1 phase [r.U.]	S WOT 0041 000001   , CH 1 temp [°C]	S WOT 0041 000001   , CH 1 O2 [% air saturation]	S WOT 0041 000001   , CH 2 phase [r.U.]	S WOT 0041 000001   , CH 2 temp [°C]	S WOT 0041 000001   , CH 2 O2 [% air saturation]	S WOT 0041 000001   , CH 3 phase [r.U.]	S WOT 0041 000001   , CH 3 temp [°C]	S WOT 0041 000001   , CH 3 O2 [% air saturation]	S WOT 0041 000001   , CH 4 phase [r.U.]	S WOT 0041 000001   , CH 4 temp [°C]	S WOT 0041 000001   , CH 4 O2 [% air saturation]
5/07/2018 10:25:11 AM	3613595111	1013.00	26.41	32.94	100.9	26.36	32.94	101.4	26.27	32.94	102.3	26.17	32.94	103.3
5/07/2018 10:25:12 AM	3613595112	1013.00	26.42	32.94	100.8	26.38	32.94	101.2	26.30	32.94	102.0	26.16	32.94	103.4
5/07/2018 10:25:13 AM	3613595113	1013.00	26.39	32.95	101.1	26.33	32.95	101.7	26.29	32.95	102.1	26.18	32.95	103.1
5/07/2018 10:25:14 AM	3613595114	1013.00	26.40	32.23	102.2	26.34	32.23	102.8	26.29	32.23	103.3	26.17	32.23	104.5
5/07/2018 10:25:15 AM	3613595115	1013.00	26.42	32.23	102.0	26.40	32.23	102.2	26.28	32.23	103.4	26.17	32.23	104.5
5/07/2018 10:25:16 AM	3613595116	1013.00	26.42	32.23	102.0	26.40	32.23	102.2	26.33	32.23	102.9	26.17	32.23	104.5
5/07/2018 10:25:17 AM	3613595117	1013.00	26.40	32.23	102.2	26.41	32.23	102.1	26.26	32.23	103.6	26.17	32.23	104.5
5/07/2018 10:25:18 AM	3613595118	1013.00	26.38	32.22	102.4	26.36	32.22	102.6	26.36	32.22	102.6	26.19	32.22	104.3
5/07/2018 10:25:19 AM	3613595119	1013.00	26.38	32.22	102.4	26.40	32.22	102.2	26.30	32.22	103.2	26.20	32.22	104.2
5/07/2018 10:25:20 AM	3613595120	1013.00	26.39	32.22	102.3	26.37	32.22	102.5	26.30	32.22	103.2	26.16	32.22	104.6
5/07/2018 10:25:21 AM	3613595121	1013.00	26.39	32.22	102.3	26.35	32.22	102.7	26.29	32.22	103.3	26.16	32.22	104.6
5/07/2018 10:25:22 AM	3613595122	1013.00	26.42	32.23	102.0	26.40	32.23	102.2	26.24	32.23	103.8	26.21	32.23	104.1
5/07/2018 10:25:23 AM	3613595123	1013.00	26.43	32.22	101.9	26.37	32.22	102.5	26.31	32.22	103.1	26.22	32.22	104.0
5/07/2018 10:25:24 AM	3613595124	1013.00	26.40	32.23	102.2	26.37	32.23	102.5	26.28	32.23	103.4	26.17	32.23	104.5
5/07/2018 10:25:25 AM	3613595125	1013.00	26.41	32.23	102.1	26.38	32.23	102.4	26.29	32.23	103.3	26.17	32.23	104.5
5/07/2018 10:25:26 AM	3613595126	1013.00	26.45	32.23	101.7	26.41	32.23	102.1	26.33	32.23	102.9	26.18	32.23	104.4
5/07/2018 10:25:27 AM	3613595127	1013.00	26.42	32.23	102.0	26.40	32.23	102.2	26.34	32.23	102.8	26.17	32.23	104.5
5/07/2018 10:25:28 AM	3613595128	1013.00	26.43	32.23	101.9	26.39	32.23	102.3	26.28	32.23	103.4	26.15	32.23	104.7
5/07/2018 10:25:29 AM	3613595129	1013.00	26.42	32.23	102.0	26.38	32.23	102.4	26.33	32.23	102.9	26.20	32.23	104.2
5/07/2018 10:25:30 AM	3613595130	1013.00	26.41	32.23	102.1	26.33	32.23	102.9	26.29	32.23	103.3	26.17	32.23	104.5
5/07/2018 10:25:31 AM	3613595131	1013.00	26.43	32.22	101.9	26.35	32.22	102.7	26.25	32.22	103.7	26.20	32.22	104.2
5/07/2018 10:25:32 AM	3613595132	1013.00	26.44	32.22	101.8	26.33	32.22	102.9	26.35	32.22	102.7	26.21	32.22	104.1
5/07/2018 10:25:33 AM	3613595133	1013.00	26.42	32.22	102.0	26.40	32.22	102.2	26.33	32.22	102.9	26.18	32.22	104.4
5/07/2018 10:25:34 AM	3613595134	1013.00	26.42	32.22	102.0	26.43	32.22	101.9	26.26	32.22	103.6	26.19	32.22	104.3
5/07/2018 10:25:35 AM	3613595135	1013.00	26.43	32.22	101.9	26.42	32.22	102.0	26.31	32.22	103.1	26.18	32.22	104.4
5/07/2018 10:25:36 AM	3613595136	1013.00	26.41	32.22	102.1	26.39	32.22	102.3	26.31	32.22	103.1	26.19	32.22	104.3
5/07/2018 10:25:37 AM	3613595137	1013.00	26.44	32.21	101.8	26.39	32.21	102.3	26.33	32.21	102.9	26.19	32.21	104.3
5/07/2018 10:25:38 AM	3613595138	1013.00	26.41	32.20	102.2	26.40	32.20	102.3	26.35	32.20	102.7	26.20	32.20	104.3
5/07/2018 10:25:39 AM	3613595139	1013.00	26.42	32.20	102.1	26.36	32.20	102.7	26.32	32.20	103.0	26.17	32.20	104.6
5/07/2018 10:25:40 AM	3613595140	1013.00	26.42	32.19	102.1	26.38	32.19	102.5	26.35	32.19	102.8	26.18	32.19	104.5
5/07/2018 10:25:41 AM	3613595141	1013.00	26.42	32.19	102.1	26.36	32.19	102.7	26.34	32.19	102.9	26.20	32.19	104.3
5/07/2018 10:25:42 AM	3613595142	1013.00	26.40	32.20	102.3	26.38	32.20	102.5	26.32	32.20	103.0	26.17	32.20	104.6
5/07/2018 10:25:43 AM	3613595143	1013.00	26.42	32.20	102.1	26.40	32.20	102.3	26.32	32.20	103.0	26.18	32.20	104.5
5/07/2018 10:25:44 AM	3613595144	1013.00	26.45	32.20	101.8	26.37	32.20	102.6	26.31	32.20	103.1	26.19	32.20	104.4
5/07/2018 10:25:45 AM	3613595145	1013.00	26.42	32.21	102.0	26.34	32.21	102.8	26.32	32.21	103.0	26.20	32.21	104.2
5/07/2018 10:25:46 AM	3613595146	1013.00	26.42	32.21	102.0	26.37	32.21	102.5	26.36	32.21	102.6	26.19	32.21	104.3
5/07/2018 10:25:47 AM	3613595147	1013.00	26.42	32.22	102.0	26.39	32.22	102.3	26.32	32.22	103.0	26.16	32.22	104.6
5/07/2018 10:25:48 AM	3613595148	1013.00	26.42	32.21	102.0	26.38	32.21	102.4	26.33	32.21	102.9	26.22	32.21	104.0
5/07/2018 10:25:49 AM	3613595149	1013.00	26.41	32.22	102.1	26.40	32.22	102.2	26.36	32.22	102.6	26.19	32.22	104.3
5/07/2018 10:25:50 AM	3613595150	1013.00	26.40	32.22	102.2	26.41	32.22	102.1	26.40	32.22	102.2	26.15	32.22	104.7
5/07/2018 10:25:51 AM	3613595151	1013.00	26.44	32.23	101.8	26.40	32.23	102.2	26.34	32.23	102.8	26.19	32.23	104.3
5/07/2018 10:25:52 AM	3613595152	1013.00	26.43	32.22	101.9	26.40	32.22	102.2	26.38	32.22	102.4	26.16	32.22	104.6
5/07/2018 10:25:53 AM	3613595153	1013.00	26.44	32.22	101.8	26.35	32.22	102.7	26.39	32.22	102.3	26.17	32.22	104.5
5/07/2018 10:25:54 AM	3613595154	1013.00	26.44	32.22	101.8	26.38	32.22	102.4	26.38	32.22	102.4	26.20	32.22	104.2
5/07/2018 10:25:55 AM	3613595155	1013.00	26.43	32.23	101.9	26.42	32.23	102.0	26.36	32.23	102.6	26.19	32.23	104.3
5/07/2018 10:25:56 AM	3613595156	1013.00	26.43	32.22	101.9	26.37	32.22	102.5	26.40	32.22	102.2	26.19	32.22	104.3
5/07/2018 10:25:57 AM	3613595157	1013.00	26.44	32.22	101.8	26.41	32.22	102.1	26.35	32.22	102.7	26.19	32.22	104.3
5/07/2018 10:25:58 AM	3613595158	1013.00	26.43	32.23	101.9	26.42	32.23	102.0	26.38	32.23	102.4	26.21	32.23	104.1
5/07/2018 10:25:59 AM	3613595159	1013.00	26.43	32.22	101.9	26.42	32.22	102.0	26.39	32.22	102.3	26.19	32.22	104.3
5/07/2018 10:26:00 AM	3613595160	1013.00	26.45	32.23	101.7	26.37	32.23	102.5	26.39	32.23	102.3	26.17	32.23	104.5
5/07/2018 10:26:01 AM	3613595161	1013.00	26.43	32.23	101.9	26.42	32.23	102.0	26.41	32.23	102.1	26.20	32.23	104.2
5/07/2018 10:26:02 AM	3613595162	1013.00	26.42	32.23	102.0	26.35	32.23	102.7	26.36	32.23	102.6	26.19	32.23	104.3
5/07/2018 10:26:03 AM	3613595163	1013.00	26.44	32.23	101.8	26.39	32.23	102.3	26.42	32.23	102.0	26.18	32.23	104.4
5/07/2018 10:26:04 AM	3613595164	1013.00	26.41	32.23	102.1	26.45	32.23	101.7	26.41	32.23	102.1	26.21	32.23	104.1
5/07/2018 10:26:05 AM	3613595165	1013.00	26.46	32.22	101.6	26.45	32.22	101.7	26.40	32.22	102.2	26.20	32.22	104.2
5/07/2018 10:26:06 AM	3613595166	1013.00	26.46	32.22	101.6	26.44	32.22	101.8	26.42	32.22	102.0	26.20	32.22	104.2
5/07/2018 10:26:07 AM	3613595167	1013.00	26.45	32.22	101.7	26.38	32.22	102.4	26.42	32.22	102.0	26.18	32.22	104.4
5/07/2018 10:26:08 AM	3613595168	1013.00	26.50	32.22	101.2	26.41	32.22	102.1	26.40	32.22	102.2	26.18	32.22	104.4
5/07/2018 10:26:09 AM	3613595169	1013.00	26.47	32.22	101.5	26.44	32.22	101.8	26.39	32.22	102.3	26.18	32.22	104.4
5/07/2018 10:26:10 AM	3613595170	1013.00	26.48	32.22	101.4	26.43	32.22	101.9	26.45	32.22	101.7	26.18	32.22	104.4
5/07/2018 10:26:11 AM	3613595171	1013.00	26.46	32.22	101.6	26.43	32.22	101.9	26.42	32.22	102.0	26.19	32.22	104.3
5/07/2018 10:26:12 AM	3613595172	1013.00	26.44	32.23	101.8	26.44	32.23	101.8	26.45	32.23	101.7	26.19	32.23	104.3
5/07/2018 10:26:13 AM	3613595173	1013.00	26.47	32.22	101.5	26.43	32.22	101.9	26.42	32.22	102.0	26.19	32.22	104.3
5/07/2018 10:26:14 AM	3613595174	1013.00	26.47	32.22	101.5	26.42	32.22	102.0	26.41	32.22	102.1	26.20	32.22	104.2
5/07/2018 10:26:15 AM	3613595175	1013.00	26.48	32.22	101.4	26.53	32.22	100.9	26.44	32.22	101.8	26.19	32.22	104.3
5/07/2018 10:26:16 AM	3613595176	1013.00	26.50	32.22	101.2	26.44	32.22	101.8	26.38	32.22	102.4	26.19	32.22	104.3
5/07/2018 10:26:17 AM	3613595177	1013.00	26.49	32.23	101.3	26.51	32.23	101.1	26.44	32.23	101.8	26.17	32.23	104.5
5/07/2018 10:26:18 AM	3613595178	1013.00	26.47	32.23	101.5	26.42	32.23	102.0	26.45	32.23	101.7	26.19	32.23	104.3
5/07/2018 10:26:19 AM	3613595179	1013.00	26.46	32.22	101.6	26.45	32.22	101.7	26.46	32.22	101.6	26.19	32.22	104.3
5/07/2018 10:26:20 AM	3613595180	1013.00	26.50	32.22	101.2	26.43	32.22	101.9	26.48	32.22	101.4	26.19	32.22	104.3
5/07/2018 10:26:21 AM	3613595181	1013.00	26.50	32.21	101.3	26.47	32.21	101.6	26.47	32.21	101.6	26.20	32.21	104.2
5/07/2018 10:26:22 AM	3613595182	1013.00	26.50	32.21	101.3	26.44	32.21	101.8	26.47	32.21	101.6	26.19	32.21	104.3
5/07/2018 10:26:23 AM	3613595183	1013.00	26.50	32.22	101.2	26.49	32.22	101.3	26.47	32.22	101.5	26.16	32.22	104.6
5/07/2018 10:26:24 AM	3613595184	1013.00	26.49	32.22	101.3	26.47	32.22	101.5	26.50	32.22	101.2	26.18	32.22	104.4
5/07/2018 10:26:25 AM	3613595185	1013.00	26.51	32.23	101.1	26.52	32.23	101.0	26.47	32.23	101.5	26.19	32.23	104.3
5/07/2018 10:26:26 AM	3613595186	1013.00	26.53	32.23	100.9	26.55	32.23	100.7	26.47	32.23	101.5	26.20	32.23	104.2
5/07/2018 10:26:27 AM	3613595187	1013.00	26.49	32.24	101.3	26.52	32.24	101.0	26.49	32.24	101.3	26.19	32.24	104.3
5/07/2018 10:26:28 AM	3613595188	1013.00	26.51	32.23	101.1	26.50	32.23	101.2	26.54	32.23	100.8	26.22	32.23	104.0
5/07/2018 10:26:29 AM	3613595189	1013.00	26.52	32.23	101.0	26.49	32.23	101.3	26.49	32.23	101.3	26.21	32.23	104.1
5/07/2018 10:26:30 AM	3613595190	1013.00	26.52	32.23	101.0	26.51	32.23	101.1	26.45	32.23	101.7	26.19	32.23	104.3
5/07/2018 10:26:31 AM	3613595191	1013.00	26.52	32.23	101.0	26.50	32.23	101.2	26.49	32.23	101.3	26.17	32.23	104.5
5/07/2018 10:26:32 AM	3613595192	1013.00	26.49	32.22	101.3	26.51	32.22	101.1	26.50	32.22	101.2	26.21	32.22	104.1
5/07/2018 10:26:33 AM	3613595193	1013.00	26.54	32.22	100.9	26.52	32.22	101.0	26.48	32.22	101.4	26.19	32.22	104.3
5/07/2018 10:26:34 AM	3613595194	1013.00	26.56	32.21	100.7	26.49	32.21	101.4	26.51	32.21	101.2	26.18	32.21	104.4
5/07/2018 10:26:35 AM	3613595195	1013.00	26.51	32.21	101.2	26.50	32.21	101.3	26.52	32.21	101.1	26.18	32.21	104.4
5/07/2018 10:26:36 AM	3613595196	1013.00	26.52	32.21	101.1	26.53	32.21	101.0	26.55	32.21	100.8	26.17	32.21	104.5
5/07/2018 10:26:37 AM	3613595197	1013.00	26.52	32.22	101.0	26.54	32.22	100.9	26.48	32.22	101.4	26.18	32.22	104.4
5/07/2018 10:26:38 AM	3613595198	1013.00	26.56	32.22	100.7	26.55	32.22	100.8	26.53	32.22	100.9	26.20	32.22	104.2
5/07/2018 10:26:39 AM	3613595199	1013.00	26.54	32.22	100.9	26.48	32.22	101.4	26.52	32.22	101.0	26.18	32.22	104.4
5/07/2018 10:26:40 AM	3613595200	1013.00	26.53	32.21	101.0	26.51	32.21	101.2	26.48	32.21	101.5	26.20	32.21	104.2
5/07/2018 10:26:41 AM	3613595201	1013.00	26.53	32.21	101.0	26.55	32.21	100.8	26.56	32.21	100.7	26.17	32.21	104.5
5/07/2018 10:26:42 AM	3613595202	1013.00	26.53	32.21	101.0	26.52	32.21	101.1	26.48	32.21	101.5	26.19	32.21	104.3
5/07/2018 10:26:43 AM	3613595203	1013.00	26.58	32.21	100.5	26.53	32.21	101.0	26.52	32.21	101.1	26.20	32.21	104.2
5/07/2018 10:26:44 AM	3613595204	1013.00	26.53	32.22	100.9	26.50	32.22	101.2	26.59	32.22	100.4	26.21	32.22	104.1
5/07/2018 10:26:45 AM	3613595205	1013.00	26.55	32.21	100.8	26.53	32.21	101.0	26.55	32.21	100.8	26.23	32.21	103.9
5/07/2018 10:26:46 AM	3613595206	1013.00	26.57	32.21	100.6	26.51	32.21	101.2	26.56	32.21	100.7	26.20	32.21	104.2
5/07/2018 10:26:47 AM	3613595207	1013.00	26.54	32.21	100.9	26.53	32.21	101.0	26.51	32.21	101.2	26.19	32.21	104.3
5/07/2018 10:26:48 AM	3613595208	1013.00	26.55	32.22	100.8	26.48	32.22	101.4	26.55	32.22	100.8	26.24	32.22	103.8
5/07/2018 10:26:49 AM	3613595209	1013.00	26.55	32.22	100.8	26.49	32.22	101.3	26.56	32.22	100.7	26.19	32.22	104.3
5/07/2018 10:26:50 AM	3613595210	1013.00	26.56	32.23	100.6	26.55	32.23	100.7	26.56	32.23	100.6	26.22	32.23	104.0
5/07/2018 10:26:51 AM	3613595211	1013.00	26.55	32.22	100.8	26.53	32.22	100.9	26.57	32.22	100.6	26.18	32.22	104.4
5/07/2018 10:26:52 AM	3613595212	1013.00	26.56	32.22	100.7	26.55	32.22	100.8	26.55	32.22	100.8	26.20	32.22	104.2
5/07/2018 10:26:53 AM	3613595213	1013.00	26.56	32.22	100.7	26.53	32.22	100.9	26.57	32.22	100.6	26.22	32.22	104.0
5/07/2018 10:26:54 AM	3613595214	1013.00	26.61	32.22	100.2	26.56	32.22	100.7	26.53	32.22	100.9	26.19	32.22	104.3
5/07/2018 10:26:55 AM	3613595215	1013.00	26.63	32.22	100.0	26.61	32.22	100.2	26.56	32.22	100.7	26.17	32.22	104.5
5/07/2018 10:26:56 AM	3613595216	1013.00	26.59	32.23	100.4	26.55	32.23	100.7	26.60	32.23	100.3	26.20	32.23	104.2
5/07/2018 10:26:57 AM	3613595217	1013.00	26.57	32.23	100.5	26.60	32.23	100.3	26.58	32.23	100.4	26.18	32.23	104.4
5/07/2018 10:26:58 AM	3613595218	1013.00	26.61	32.23	100.2	26.55	32.23	100.7	26.65	32.23	99.8	26.20	32.23	104.2
5/07/2018 10:26:59 AM	3613595219	1013.00	26.63	32.22	100.0	26.61	32.22	100.2	26.59	32.22	100.4	26.17	32.22	104.5
5/07/2018 10:27:00 AM	3613595220	1013.00	26.61	32.22	100.2	26.63	32.22	100.0	26.57	32.22	100.6	26.19	32.22	104.3
5/07/2018 10:27:01 AM	3613595221	1013.00	26.62	32.22	100.1	26.64	32.22	99.9	26.57	32.22	100.6	26.20	32.22	104.2
5/07/2018 10:27:02 AM	3613595222	1013.00	26.59	32.22	100.4	26.62	32.22	100.1	26.62	32.22	100.1	26.17	32.22	104.5
5/07/2018 10:27:03 AM	3613595223	1013.00	26.61	32.22	100.2	26.63	32.22	100.0	26.62	32.22	100.1	26.21	32.22	104.1
5/07/2018 10:27:04 AM	3613595224	1013.00	26.60	32.23	100.3	26.61	32.23	100.2	26.63	32.23	100.0	26.19	32.23	104.3
5/07/2018 10:27:05 AM	3613595225	1013.00	26.61	32.22	100.2	26.60	32.22	100.3	26.70	32.22	99.3	26.18	32.22	104.4
5/07/2018 10:27:06 AM	3613595226	1013.00	26.64	32.22	99.9	26.62	32.22	100.1	26.64	32.22	99.9	26.18	32.22	104.4
5/07/2018 10:27:07 AM	3613595227	1013.00	26.62	32.22	100.1	26.61	32.22	100.2	26.69	32.22	99.4	26.18	32.22	104.4
5/07/2018 10:27:08 AM	3613595228	1013.00	26.63	32.21	100.0	26.66	32.21	99.7	26.66	32.21	99.7	26.18	32.21	104.4
5/07/2018 10:27:09 AM	3613595229	1013.00	26.62	32.20	100.1	26.65	32.20	99.8	26.69	32.20	99.4	26.18	32.20	104.5
5/07/2018 10:27:10 AM	3613595230	1013.00	26.63	32.21	100.0	26.64	32.21	99.9	26.68	32.21	99.5	26.20	32.21	104.2
5/07/2018 10:27:11 AM	3613595231	1013.00	26.65	32.20	99.8	26.68	32.20	99.5	26.63	32.20	100.0	26.19	32.20	104.4
5/07/2018 10:27:12 AM	3613595232	1013.00	26.67	32.21	99.6	26.63	32.21	100.0	26.61	32.21	100.2	26.19	32.21	104.3
5/07/2018 10:27:13 AM	3613595233	1013.00	26.67	32.20	99.6	26.67	32.20	99.6	26.67	32.20	99.6	26.20	32.20	104.3
5/07/2018 10:27:14 AM	3613595234	1013.00	26.68	32.21	99.5	26.67	32.21	99.6	26.69	32.21	99.4	26.17	32.21	104.5
5/07/2018 10:27:15 AM	3613595235	1013.00	26.67	32.21	99.6	26.73	32.21	99.0	26.74	32.21	99.0	26.20	32.21	104.2
5/07/2018 10:27:16 AM	3613595236	1013.00	26.68	32.21	99.5	26.66	32.21	99.7	26.64	32.21	99.9	26.21	32.21	104.1
5/07/2018 10:27:17 AM	3613595237	1013.00	26.69	32.21	99.4	26.67	32.21	99.6	26.66	32.21	99.7	26.21	32.21	104.1
5/07/2018 10:27:18 AM	3613595238	1013.00	26.69	32.21	99.4	26.65	32.21	99.8	26.69	32.21	99.4	26.16	32.21	104.6
5/07/2018 10:27:19 AM	3613595239	1013.00	26.70	32.20	99.4	26.69	32.20	99.4	26.67	32.20	99.6	26.17	32.20	104.6
5/07/2018 10:27:20 AM	3613595240	1013.00	26.69	32.20	99.4	26.67	32.20	99.6	26.65	32.20	99.8	26.18	32.20	104.5
5/07/2018 10:27:21 AM	3613595241	1013.00	26.70	32.20	99.4	26.68	32.20	99.5	26.74	32.20	99.0	26.19	32.20	104.4
5/07/2018 10:27:22 AM	3613595242	1013.00	26.68	32.20	99.5	26.72	32.20	99.2	26.68	32.20	99.5	26.20	32.20	104.3
5/07/2018 10:27:23 AM	3613595243	1013.00	26.70	32.21	99.3	26.72	32.21	99.1	26.68	32.21	99.5	26.15	32.21	104.7
5/07/2018 10:27:24 AM	3613595244	1013.00	26.71	32.21	99.2	26.67	32.21	99.6	26.72	32.21	99.1	26.19	32.21	104.3
5/07/2018 10:27:25 AM	3613595245	1013.00	26.73	32.21	99.0	26.71	32.21	99.2	26.72	32.21	99.1	26.17	32.21	104.5
5/07/2018 10:27:26 AM	3613595246	1013.00	26.71	32.21	99.2	26.74	32.21	99.0	26.68	32.21	99.5	26.18	32.21	104.4
5/07/2018 10:27:27 AM	3613595247	1013.00	26.72	32.20	99.2	26.71	32.20	99.3	26.67	32.20	99.6	26.22	32.20	104.0
5/07/2018 10:27:28 AM	3613595248	1013.00	26.75	32.20	98.9	26.74	32.20	99.0	26.71	32.20	99.3	26.14	32.20	104.9
5/07/2018 10:27:29 AM	3613595249	1013.00	26.75	32.20	98.9	26.74	32.20	99.0	26.76	32.20	98.8	26.19	32.20	104.4
5/07/2018 10:27:30 AM	3613595250	1013.00	26.70	32.20	99.4	26.72	32.20	99.2	26.72	32.20	99.2	26.22	32.20	104.0
5/07/2018 10:27:31 AM	3613595251	1013.00	26.74	32.20	99.0	26.71	32.20	99.3	26.73	32.20	99.1	26.21	32.20	104.2
5/07/2018 10:27:32 AM	3613595252	1013.00	26.74	32.21	99.0	26.74	32.21	99.0	26.71	32.21	99.2	26.21	32.21	104.1
5/07/2018 10:27:33 AM	3613595253	1013.00	26.70	32.21	99.3	26.76	32.21	98.8	26.77	32.21	98.7	26.21	32.21	104.1
5/07/2018 10:27:34 AM	3613595254	1013.00	26.73	32.21	99.0	26.73	32.21	99.0	26.76	32.21	98.8	26.20	32.21	104.2
5/07/2018 10:27:35 AM	3613595255	1013.00	26.74	32.21	99.0	26.77	32.21	98.7	26.77	32.21	98.7	26.19	32.21	104.3
5/07/2018 10:27:36 AM	3613595256	1013.00	26.75	32.21	98.9	26.74	32.21	99.0	26.80	32.21	98.4	26.18	32.21	104.4
5/07/2018 10:27:37 AM	3613595257	1013.00	26.76	32.21	98.8	26.71	32.21	99.2	26.74	32.21	99.0	26.23	32.21	103.9
5/07/2018 10:27:38 AM	3613595258	1013.00	26.75	32.20	98.9	26.76	32.20	98.8	26.78	32.20	98.6	26.17	32.20	104.6
5/07/2018 10:27:39 AM	3613595259	1013.00	26.75	32.20	98.9	26.74	32.20	99.0	26.80	32.20	98.4	26.18	32.20	104.5
5/07/2018 10:27:40 AM	3613595260	1013.00	26.76	32.20	98.8	26.73	32.20	99.1	26.79	32.20	98.5	26.22	32.20	104.0
5/07/2018 10:27:41 AM	3613595261	1013.00	26.76	32.19	98.8	26.77	32.19	98.7	26.83	32.19	98.1	26.20	32.19	104.3
5/07/2018 10:27:42 AM	3613595262	1013.00	26.79	32.19	98.5	26.77	32.19	98.7	26.82	32.19	98.2	26.19	32.19	104.4
5/07/2018 10:27:43 AM	3613595263	1013.00	26.77	32.20	98.7	26.76	32.20	98.8	26.80	32.20	98.4	26.20	32.20	104.3
5/07/2018 10:27:44 AM	3613595264	1013.00	26.78	32.21	98.6	26.76	32.21	98.8	26.84	32.21	98.0	26.21	32.21	104.1
5/07/2018 10:27:45 AM	3613595265	1013.00	26.77	32.22	98.7	26.80	32.22	98.4	26.81	32.22	98.3	26.18	32.22	104.4
5/07/2018 10:27:46 AM	3613595266	1013.00	26.82	32.22	98.2	26.78	32.22	98.6	26.83	32.22	98.1	26.21	32.22	104.1
5/07/2018 10:27:47 AM	3613595267	1013.00	26.79	32.22	98.5	26.80	32.22	98.4	26.85	32.22	97.9	26.21	32.22	104.1
5/07/2018 10:27:48 AM	3613595268	1013.00	26.79	32.22	98.5	26.79	32.22	98.5	26.85	32.22	97.9	26.18	32.22	104.4
5/07/2018 10:27:49 AM	3613595269	1013.00	26.81	32.21	98.3	26.81	32.21	98.3	26.84	32.21	98.0	26.19	32.21	104.3
5/07/2018 10:27:50 AM	3613595270	1013.00	26.82	32.20	98.2	26.82	32.20	98.2	26.84	32.20	98.0	26.16	32.20	104.7
5/07/2018 10:27:51 AM	3613595271	1013.00	26.82	32.20	98.2	26.85	32.20	97.9	26.83	32.20	98.1	26.18	32.20	104.5
5/07/2018 10:27:52 AM	3613595272	1013.00	26.80	32.19	98.4	26.85	32.19	98.0	26.87	32.19	97.8	26.19	32.19	104.4
5/07/2018 10:27:53 AM	3613595273	1013.00	26.81	32.20	98.3	26.82	32.20	98.2	26.89	32.20	97.6	26.24	32.20	103.8
5/07/2018 10:27:54 AM	3613595274	1013.00	26.83	32.19	98.1	26.84	32.19	98.0	26.89	32.19	97.6	26.18	32.19	104.5
5/07/2018 10:27:55 AM	3613595275	1013.00	26.85	32.20	97.9	26.88	32.20	97.7	26.82	32.20	98.2	26.19	32.20	104.4
5/07/2018 10:27:56 AM	3613595276	1013.00	26.79	32.20	98.5	26.84	32.20	98.0	26.90	32.20	97.5	26.20	32.20	104.3
5/07/2018 10:27:57 AM	3613595277	1013.00	26.82	32.20	98.2	26.89	32.20	97.6	26.95	32.20	97.0	26.20	32.20	104.3
5/07/2018 10:27:58 AM	3613595278	1013.00	26.84	32.20	98.0	26.88	32.20	97.7	26.90	32.20	97.5	26.17	32.20	104.6
5/07/2018 10:27:59 AM	3613595279	1013.00	26.84	32.20	98.0	26.87	32.20	97.7	26.95	32.20	97.0	26.24	32.20	103.8
5/07/2018 10:28:00 AM	3613595280	1013.00	26.86	32.19	97.9	26.88	32.19	97.7	26.94	32.19	97.1	26.20	32.19	104.3
5/07/2018 10:28:01 AM	3613595281	1013.00	26.84	32.19	98.0	26.93	32.19	97.2	26.97	32.19	96.8	26.20	32.19	104.3
5/07/2018 10:28:02 AM	3613595282	1013.00	26.86	32.20	97.8	26.95	32.20	97.0	26.92	32.20	97.3	26.17	32.20	104.6
5/07/2018 10:28:03 AM	3613595283	1013.00	26.90	32.20	97.5	26.94	32.20	97.1	26.94	32.20	97.1	26.18	32.20	104.5
5/07/2018 10:28:04 AM	3613595284	1013.00	26.91	32.20	97.4	26.91	32.20	97.4	26.95	32.20	97.0	26.17	32.20	104.6
5/07/2018 10:28:05 AM	3613595285	1013.00	26.91	32.20	97.4	26.88	32.20	97.7	27.00	32.20	96.5	26.19	32.20	104.4
5/07/2018 10:28:06 AM	3613595286	1013.00	26.90	32.20	97.5	26.97	32.20	96.8	26.98	32.20	96.7	26.20	32.20	104.3
5/07/2018 10:28:07 AM	3613595287	1013.00	26.89	32.20	97.6	26.93	32.20	97.2	26.99	32.20	96.6	26.19	32.20	104.4
5/07/2018 10:28:08 AM	3613595288	1013.00	26.94	32.20	97.1	26.95	32.20	97.0	26.98	32.20	96.7	26.18	32.20	104.5
5/07/2018 10:28:09 AM	3613595289	1013.00	26.89	32.20	97.6	27.00	32.20	96.5	26.97	32.20	96.8	26.22	32.20	104.0
5/07/2018 10:28:10 AM	3613595290	1013.00	26.94	32.20	97.1	27.05	32.20	96.1	26.97	32.20	96.8	26.19	32.20	104.4
5/07/2018 10:28:11 AM	3613595291	1013.00	26.90	32.20	97.5	27.00	32.20	96.5	26.99	32.20	96.6	26.18	32.20	104.5
5/07/2018 10:28:12 AM	3613595292	1013.00	26.93	32.21	97.2	27.00	32.21	96.5	27.00	32.21	96.5	26.22	32.21	104.0
5/07/2018 10:28:13 AM	3613595293	1013.00	26.94	32.21	97.1	27.04	32.21	96.2	27.00	32.21	96.5	26.18	32.21	104.4
5/07/2018 10:28:14 AM	3613595294	1013.00	26.91	32.20	97.4	27.02	32.20	96.4	26.99	32.20	96.6	26.20	32.20	104.3
5/07/2018 10:28:15 AM	3613595295	1013.00	26.94	32.20	97.1	27.00	32.20	96.5	26.96	32.20	96.9	26.16	32.20	104.7
5/07/2018 10:28:16 AM	3613595296	1013.00	26.92	32.20	97.3	27.02	32.20	96.4	27.05	32.20	96.1	26.21	32.20	104.2
5/07/2018 10:28:17 AM	3613595297	1013.00	26.96	32.19	96.9	27.06	32.19	96.0	26.99	32.19	96.7	26.19	32.19	104.4
5/07/2018 10:28:18 AM	3613595298	1013.00	26.93	32.19	97.2	27.02	32.19	96.4	27.04	32.19	96.2	26.18	32.19	104.5
5/07/2018 10:28:19 AM	3613595299	1013.00	26.98	32.20	96.7	27.03	32.20	96.3	27.05	32.20	96.1	26.21	32.20	104.2
5/07/2018 10:28:20 AM	3613595300	1013.00	26.94	32.21	97.1	27.01	32.21	96.4	27.02	32.21	96.3	26.20	32.21	104.2
5/07/2018 10:28:21 AM	3613595301	1013.00	26.97	32.22	96.8	27.01	32.22	96.4	27.05	32.22	96.1	26.18	32.22	104.4
5/07/2018 10:28:22 AM	3613595302	1013.00	26.97	32.21	96.8	27.04	32.21	96.2	27.04	32.21	96.2	26.22	32.21	104.0
5/07/2018 10:28:23 AM	3613595303	1013.00	26.96	32.21	96.9	27.09	32.21	95.7	27.07	32.21	95.9	26.21	32.21	104.1
5/07/2018 10:28:24 AM	3613595304	1013.00	26.98	32.21	96.7	27.06	32.21	96.0	27.04	32.21	96.2	26.20	32.21	104.2
5/07/2018 10:28:25 AM	3613595305	1013.00	26.99	32.20	96.6	27.02	32.20	96.4	27.11	32.20	95.5	26.21	32.20	104.2
5/07/2018 10:28:26 AM	3613595306	1013.00	26.98	32.19	96.7	27.12	32.19	95.5	27.03	32.19	96.3	26.20	32.19	104.3
5/07/2018 10:28:27 AM	3613595307	1013.00	27.00	32.20	96.5	27.07	32.20	95.9	27.03	32.20	96.3	26.18	32.20	104.5
5/07/2018 10:28:28 AM	3613595308	1013.00	27.00	32.20	96.5	27.08	32.20	95.8	27.10	32.20	95.6	26.18	32.20	104.5
5/07/2018 10:28:29 AM	3613595309	1013.00	27.01	32.20	96.5	27.10	32.20	95.6	27.10	32.20	95.6	26.20	32.20	104.3
5/07/2018 10:28:30 AM	3613595310	1013.00	26.98	32.20	96.7	27.10	32.20	95.6	27.12	32.20	95.5	26.21	32.20	104.2
5/07/2018 10:28:31 AM	3613595311	1013.00	27.01	32.20	96.5	27.09	32.20	95.7	27.08	32.20	95.8	26.19	32.20	104.4
5/07/2018 10:28:32 AM	3613595312	1013.00	27.03	32.19	96.3	27.10	32.19	95.7	27.08	32.19	95.8	26.21	32.19	104.2
5/07/2018 10:28:33 AM	3613595313	1013.00	27.03	32.18	96.3	27.13	32.18	95.4	27.06	32.18	96.0	26.20	32.18	104.3
5/07/2018 10:28:34 AM	3613595314	1013.00	27.02	32.18	96.4	27.12	32.18	95.5	27.11	32.18	95.6	26.22	32.18	104.1
5/07/2018 10:28:35 AM	3613595315	1013.00	27.02	32.19	96.4	27.10	32.19	95.7	27.15	32.19	95.2	26.22	32.19	104.1
5/07/2018 10:28:36 AM	3613595316	1013.00	27.02	32.18	96.4	27.10	32.18	95.7	27.16	32.18	95.1	26.19	32.18	104.4
5/07/2018 10:28:37 AM	3613595317	1013.00	27.04	32.18	96.2	27.13	32.18	95.4	27.15	32.18	95.2	26.19	32.18	104.4
5/07/2018 10:28:38 AM	3613595318	1013.00	27.06	32.18	96.0	27.16	32.18	95.1	27.13	32.18	95.4	26.19	32.18	104.4
5/07/2018 10:28:39 AM	3613595319	1013.00	27.04	32.18	96.2	27.15	32.18	95.2	27.16	32.18	95.1	26.19	32.18	104.4
5/07/2018 10:28:40 AM	3613595320	1013.00	27.05	32.18	96.1	27.07	32.18	95.9	27.17	32.18	95.0	26.21	32.18	104.2
5/07/2018 10:28:41 AM	3613595321	1013.00	27.09	32.19	95.7	27.20	32.19	94.7	27.18	32.19	94.9	26.18	32.19	104.5
5/07/2018 10:28:42 AM	3613595322	1013.00	27.04	32.19	96.2	27.18	32.19	94.9	27.22	32.19	94.6	26.20	32.19	104.3
5/07/2018 10:28:43 AM	3613595323	1013.00	27.08	32.20	95.8	27.18	32.20	94.9	27.19	32.20	94.8	26.19	32.20	104.4
5/07/2018 10:28:44 AM	3613595324	1013.00	27.07	32.19	95.9	27.13	32.19	95.4	27.18	32.19	94.9	26.20	32.19	104.3
5/07/2018 10:28:45 AM	3613595325	1013.00	27.09	32.20	95.7	27.16	32.20	95.1	27.22	32.20	94.6	26.20	32.20	104.3
5/07/2018 10:28:46 AM	3613595326	1013.00	27.10	32.21	95.6	27.17	32.21	95.0	27.20	32.21	94.7	26.19	32.21	104.3
5/07/2018 10:28:47 AM	3613595327	1013.00	27.11	32.19	95.6	27.13	32.19	95.4	27.21	32.19	94.7	26.20	32.19	104.3
5/07/2018 10:28:48 AM	3613595328	1013.00	27.10	32.19	95.7	27.18	32.19	94.9	27.19	32.19	94.8	26.19	32.19	104.4
5/07/2018 10:28:49 AM	3613595329	1013.00	27.10	32.19	95.7	27.15	32.19	95.2	27.22	32.19	94.6	26.20	32.19	104.3
5/07/2018 10:28:50 AM	3613595330	1013.00	27.13	32.19	95.4	27.20	32.19	94.7	27.25	32.19	94.3	26.18	32.19	104.5
5/07/2018 10:28:51 AM	3613595331	1013.00	27.13	32.19	95.4	27.21	32.19	94.7	27.23	32.19	94.5	26.16	32.19	104.7
5/07/2018 10:28:52 AM	3613595332	1013.00	27.16	32.19	95.1	27.24	32.19	94.4	27.23	32.19	94.5	26.22	32.19	104.1
5/07/2018 10:28:53 AM	3613595333	1013.00	27.15	32.20	95.2	27.22	32.20	94.6	27.25	32.20	94.3	26.18	32.20	104.5
5/07/2018 10:28:54 AM	3613595334	1013.00	27.16	32.21	95.1	27.21	32.21	94.6	27.22	32.21	94.5	26.24	32.21	103.8
5/07/2018 10:28:55 AM	3613595335	1013.00	27.13	32.21	95.3	27.22	32.21	94.5	27.28	32.21	94.0	26.20	32.21	104.2
5/07/2018 10:28:56 AM	3613595336	1013.00	27.16	32.20	95.1	27.12	32.20	95.5	27.25	32.20	94.3	26.20	32.20	104.3
5/07/2018 10:28:57 AM	3613595337	1013.00	27.16	32.21	95.1	27.23	32.21	94.4	27.27	32.21	94.1	26.17	32.21	104.5
5/07/2018 10:28:58 AM	3613595338	1013.00	27.16	32.20	95.1	27.23	32.20	94.5	27.25	32.20	94.3	26.18	32.20	104.5
5/07/2018 10:28:59 AM	3613595339	1013.00	27.18	32.19	94.9	27.23	32.19	94.5	27.29	32.19	93.9	26.20	32.19	104.3
5/07/2018 10:29:00 AM	3613595340	1013.00	27.17	32.19	95.0	27.22	32.19	94.6	27.25	32.19	94.3	26.20	32.19	104.3
5/07/2018 10:29:01 AM	3613595341	1013.00	27.17	32.19	95.0	27.23	32.19	94.5	27.24	32.19	94.4	26.18	32.19	104.5
5/07/2018 10:29:02 AM	3613595342	1013.00	27.20	32.19	94.7	27.23	32.19	94.5	27.27	32.19	94.1	26.20	32.19	104.3
5/07/2018 10:29:03 AM	3613595343	1013.00	27.20	32.19	94.7	27.24	32.19	94.4	27.31	32.19	93.8	26.18	32.19	104.5
5/07/2018 10:29:04 AM	3613595344	1013.00	27.19	32.19	94.8	27.21	32.19	94.7	27.30	32.19	93.9	26.21	32.19	104.2
5/07/2018 10:29:05 AM	3613595345	1013.00	27.20	32.19	94.7	27.25	32.19	94.3	27.28	32.19	94.0	26.20	32.19	104.3
5/07/2018 10:29:06 AM	3613595346	1013.00	27.22	32.20	94.6	27.26	32.20	94.2	27.27	32.20	94.1	26.20	32.20	104.3
5/07/2018 10:29:07 AM	3613595347	1013.00	27.22	32.19	94.6	27.25	32.19	94.3	27.29	32.19	93.9	26.20	32.19	104.3
5/07/2018 10:29:08 AM	3613595348	1013.00	27.23	32.19	94.5	27.33	32.19	93.6	27.31	32.19	93.8	26.20	32.19	104.3
5/07/2018 10:29:09 AM	3613595349	1013.00	27.23	32.18	94.5	27.29	32.18	94.0	27.28	32.18	94.1	26.18	32.18	104.5
5/07/2018 10:29:10 AM	3613595350	1013.00	27.22	32.19	94.6	27.34	32.19	93.5	27.31	32.19	93.8	26.19	32.19	104.4
5/07/2018 10:29:11 AM	3613595351	1013.00	27.21	32.18	94.7	27.32	32.18	93.7	27.29	32.18	94.0	26.21	32.18	104.2
5/07/2018 10:29:12 AM	3613595352	1013.00	27.21	32.18	94.7	27.30	32.18	93.9	27.35	32.18	93.4	26.19	32.18	104.4
5/07/2018 10:29:13 AM	3613595353	1013.00	27.22	32.18	94.6	27.32	32.18	93.7	27.33	32.18	93.6	26.19	32.18	104.4
5/07/2018 10:29:14 AM	3613595354	1013.00	27.24	32.18	94.4	27.32	32.18	93.7	27.35	32.18	93.4	26.17	32.18	104.6
5/07/2018 10:29:15 AM	3613595355	1013.00	27.25	32.18	94.3	27.33	32.18	93.6	27.35	32.18	93.4	26.21	32.18	104.2
5/07/2018 10:29:16 AM	3613595356	1013.00	27.24	32.18	94.4	27.32	32.18	93.7	27.31	32.18	93.8	26.20	32.18	104.3
5/07/2018 10:29:17 AM	3613595357	1013.00	27.25	32.18	94.3	27.35	32.18	93.4	27.34	32.18	93.5	26.18	32.18	104.5
5/07/2018 10:29:18 AM	3613595358	1013.00	27.23	32.19	94.5	27.32	32.19	93.7	27.35	32.19	93.4	26.19	32.19	104.4
5/07/2018 10:29:19 AM	3613595359	1013.00	27.26	32.19	94.2	27.31	32.19	93.8	27.33	32.19	93.6	26.22	32.19	104.1
5/07/2018 10:29:20 AM	3613595360	1013.00	27.27	32.19	94.1	27.28	32.19	94.0	27.38	32.19	93.2	26.22	32.19	104.1
5/07/2018 10:29:21 AM	3613595361	1013.00	27.28	32.20	94.0	27.36	32.20	93.3	27.37	32.20	93.2	26.20	32.20	104.3
5/07/2018 10:29:22 AM	3613595362	1013.00	27.27	32.20	94.1	27.32	32.20	93.7	27.38	32.20	93.1	26.20	32.20	104.3
5/07/2018 10:29:23 AM	3613595363	1013.00	27.30	32.19	93.9	27.34	32.19	93.5	27.43	32.19	92.7	26.20	32.19	104.3
5/07/2018 10:29:24 AM	3613595364	1013.00	27.28	32.20	94.0	27.43	32.20	92.7	27.39	32.20	93.0	26.21	32.20	104.2
5/07/2018 10:29:25 AM	3613595365	1013.00	27.29	32.20	93.9	27.39	32.20	93.0	27.41	32.20	92.9	26.21	32.20	104.2
5/07/2018 10:29:26 AM	3613595366	1013.00	27.30	32.20	93.8	27.45	32.20	92.5	27.41	32.20	92.9	26.20	32.20	104.3
5/07/2018 10:29:27 AM	3613595367	1013.00	27.31	32.20	93.8	27.40	32.20	93.0	27.42	32.20	92.8	26.20	32.20	104.3
5/07/2018 10:29:28 AM	3613595368	1013.00	27.30	32.21	93.8	27.37	32.21	93.2	27.40	32.21	92.9	26.22	32.21	104.0
5/07/2018 10:29:29 AM	3613595369	1013.00	27.34	32.21	93.5	27.33	32.21	93.6	27.39	32.21	93.0	26.19	32.21	104.3
5/07/2018 10:29:30 AM	3613595370	1013.00	27.32	32.20	93.7	27.37	32.20	93.2	27.44	32.20	92.6	26.21	32.20	104.2
5/07/2018 10:29:31 AM	3613595371	1013.00	27.30	32.20	93.8	27.37	32.20	93.2	27.41	32.20	92.9	26.22	32.20	104.0
5/07/2018 10:29:32 AM	3613595372	1013.00	27.30	32.19	93.9	27.43	32.19	92.7	27.46	32.19	92.5	26.18	32.19	104.5
5/07/2018 10:29:33 AM	3613595373	1013.00	27.33	32.19	93.6	27.39	32.19	93.1	27.47	32.19	92.4	26.19	32.19	104.4
5/07/2018 10:29:34 AM	3613595374	1013.00	27.31	32.19	93.8	27.42	32.19	92.8	27.46	32.19	92.5	26.20	32.19	104.3
5/07/2018 10:29:35 AM	3613595375	1013.00	27.33	32.19	93.6	27.42	32.19	92.8	27.48	32.19	92.3	26.20	32.19	104.3
5/07/2018 10:29:36 AM	3613595376	1013.00	27.33	32.19	93.6	27.41	32.19	92.9	27.44	32.19	92.6	26.18	32.19	104.5
5/07/2018 10:29:37 AM	3613595377	1013.00	27.32	32.19	93.7	27.40	32.19	93.0	27.47	32.19	92.4	26.22	32.19	104.1
5/07/2018 10:29:38 AM	3613595378	1013.00	27.32	32.19	93.7	27.43	32.19	92.7	27.52	32.19	91.9	26.21	32.19	104.2
5/07/2018 10:29:39 AM	3613595379	1013.00	27.37	32.19	93.2	27.43	32.19	92.7	27.51	32.19	92.0	26.22	32.19	104.1
5/07/2018 10:29:40 AM	3613595380	1013.00	27.36	32.18	93.3	27.44	32.18	92.6	27.51	32.18	92.0	26.20	32.18	104.3
5/07/2018 10:29:41 AM	3613595381	1013.00	27.35	32.18	93.4	27.38	32.18	93.2	27.53	32.18	91.9	26.19	32.18	104.4
5/07/2018 10:29:42 AM	3613595382	1013.00	27.35	32.18	93.4	27.45	32.18	92.6	27.50	32.18	92.1	26.19	32.18	104.4
5/07/2018 10:29:43 AM	3613595383	1013.00	27.38	32.18	93.2	27.40	32.18	93.0	27.54	32.18	91.8	26.20	32.18	104.3
5/07/2018 10:29:44 AM	3613595384	1013.00	27.37	32.18	93.3	27.47	32.18	92.4	27.53	32.18	91.9	26.21	32.18	104.2
5/07/2018 10:29:45 AM	3613595385	1013.00	27.37	32.19	93.2	27.43	32.19	92.7	27.57	32.19	91.5	26.21	32.19	104.2
5/07/2018 10:29:46 AM	3613595386	1013.00	27.39	32.19	93.1	27.46	32.19	92.5	27.51	32.19	92.0	26.19	32.19	104.4
5/07/2018 10:29:47 AM	3613595387	1013.00	27.41	32.19	92.9	27.48	32.19	92.3	27.56	32.19	91.6	26.22	32.19	104.1
5/07/2018 10:29:48 AM	3613595388	1013.00	27.37	32.19	93.2	27.50	32.19	92.1	27.57	32.19	91.5	26.20	32.19	104.3
5/07/2018 10:29:49 AM	3613595389	1013.00	27.40	32.19	93.0	27.43	32.19	92.7	27.53	32.19	91.8	26.20	32.19	104.3
5/07/2018 10:29:50 AM	3613595390	1013.00	27.38	32.19	93.2	27.47	32.19	92.4	27.53	32.19	91.8	26.20	32.19	104.3
5/07/2018 10:29:51 AM	3613595391	1013.00	27.42	32.19	92.8	27.49	32.19	92.2	27.59	32.19	91.3	26.18	32.19	104.5
5/07/2018 10:29:52 AM	3613595392	1013.00	27.41	32.20	92.9	27.46	32.20	92.4	27.53	32.20	91.8	26.19	32.20	104.4
5/07/2018 10:29:53 AM	3613595393	1013.00	27.38	32.19	93.2	27.53	32.19	91.8	27.54	32.19	91.8	26.21	32.19	104.2
5/07/2018 10:29:54 AM	3613595394	1013.00	27.42	32.19	92.8	27.44	32.19	92.6	27.60	32.19	91.2	26.22	32.19	104.1
5/07/2018 10:29:55 AM	3613595395	1013.00	27.41	32.19	92.9	27.46	32.19	92.5	27.58	32.19	91.4	26.19	32.19	104.4
5/07/2018 10:29:56 AM	3613595396	1013.00	27.43	32.19	92.7	27.55	32.19	91.7	27.57	32.19	91.5	26.23	32.19	104.0
5/07/2018 10:29:57 AM	3613595397	1013.00	27.42	32.18	92.8	27.45	32.18	92.6	27.59	32.18	91.3	26.20	32.18	104.3
5/07/2018 10:29:58 AM	3613595398	1013.00	27.44	32.19	92.6	27.55	32.19	91.7	27.57	32.19	91.5	26.19	32.19	104.4
5/07/2018 10:29:59 AM	3613595399	1013.00	27.45	32.18	92.6	27.51	32.18	92.0	27.58	32.18	91.4	26.22	32.18	104.1
5/07/2018 10:30:00 AM	3613595400	1013.00	27.45	32.18	92.6	27.50	32.18	92.1	27.62	32.18	91.1	26.20	32.18	104.3
5/07/2018 10:30:01 AM	3613595401	1013.00	27.44	32.19	92.6	27.52	32.19	91.9	27.60	32.19	91.2	26.22	32.19	104.1
5/07/2018 10:30:02 AM	3613595402	1013.00	27.48	32.19	92.3	27.57	32.19	91.5	27.62	32.19	91.1	26.20	32.19	104.3
5/07/2018 10:30:03 AM	3613595403	1013.00	27.48	32.19	92.3	27.53	32.19	91.8	27.67	32.19	90.6	26.21	32.19	104.2
5/07/2018 10:30:04 AM	3613595404	1013.00	27.50	32.19	92.1	27.57	32.19	91.5	27.65	32.19	90.8	26.20	32.19	104.3
5/07/2018 10:30:05 AM	3613595405	1013.00	27.50	32.19	92.1	27.57	32.19	91.5	27.68	32.19	90.6	26.20	32.19	104.3
5/07/2018 10:30:06 AM	3613595406	1013.00	27.46	32.19	92.5	27.57	32.19	91.5	27.67	32.19	90.6	26.21	32.19	104.2
5/07/2018 10:30:07 AM	3613595407	1013.00	27.50	32.19	92.1	27.57	32.19	91.5	27.66	32.19	90.7	26.18	32.19	104.5
5/07/2018 10:30:08 AM	3613595408	1013.00	27.51	32.19	92.0	27.56	32.19	91.6	27.69	32.19	90.5	26.19	32.19	104.4
5/07/2018 10:30:09 AM	3613595409	1013.00	27.50	32.19	92.1	27.57	32.19	91.5	27.71	32.19	90.3	26.20	32.19	104.3
5/07/2018 10:30:10 AM	3613595410	1013.00	27.52	32.18	91.9	27.61	32.18	91.2	27.69	32.18	90.5	26.19	32.18	104.4
5/07/2018 10:30:11 AM	3613595411	1013.00	27.52	32.18	91.9	27.59	32.18	91.3	27.72	32.18	90.2	26.19	32.18	104.4
5/07/2018 10:30:12 AM	3613595412	1013.00	27.56	32.18	91.6	27.59	32.18	91.3	27.70	32.18	90.4	26.23	32.18	104.0
5/07/2018 10:30:13 AM	3613595413	1013.00	27.53	32.18	91.9	27.56	32.18	91.6	27.68	32.18	90.6	26.23	32.18	104.0
5/07/2018 10:30:14 AM	3613595414	1013.00	27.52	32.17	92.0	27.58	32.17	91.4	27.65	32.17	90.8	26.20	32.17	104.3
5/07/2018 10:30:15 AM	3613595415	1013.00	27.56	32.17	91.6	27.56	32.17	91.6	27.69	32.17	90.5	26.22	32.17	104.1
5/07/2018 10:30:16 AM	3613595416	1013.00	27.56	32.17	91.6	27.61	32.17	91.2	27.69	32.17	90.5	26.20	32.17	104.3
5/07/2018 10:30:17 AM	3613595417	1013.00	27.57	32.18	91.5	27.64	32.18	90.9	27.70	32.18	90.4	26.20	32.18	104.3
5/07/2018 10:30:18 AM	3613595418	1013.00	27.57	32.17	91.5	27.57	32.17	91.5	27.68	32.17	90.6	26.23	32.17	104.0
5/07/2018 10:30:19 AM	3613595419	1013.00	27.59	32.18	91.3	27.64	32.18	90.9	27.70	32.18	90.4	26.23	32.18	104.0
5/07/2018 10:30:20 AM	3613595420	1013.00	27.58	32.18	91.4	27.63	32.18	91.0	27.71	32.18	90.3	26.19	32.18	104.4
5/07/2018 10:30:21 AM	3613595421	1013.00	27.57	32.17	91.5	27.66	32.17	90.8	27.71	32.17	90.3	26.18	32.17	104.5
5/07/2018 10:30:22 AM	3613595422	1013.00	27.60	32.17	91.3	27.66	32.17	90.8	27.77	32.17	89.8	26.22	32.17	104.1
5/07/2018 10:30:23 AM	3613595423	1013.00	27.60	32.17	91.3	27.66	32.17	90.8	27.80	32.17	89.6	26.21	32.17	104.2
5/07/2018 10:30:24 AM	3613595424	1013.00	27.59	32.17	91.4	27.65	32.17	90.8	27.79	32.17	89.7	26.20	32.17	104.3
5/07/2018 10:30:25 AM	3613595425	1013.00	27.60	32.18	91.3	27.62	32.18	91.1	27.73	32.18	90.2	26.21	32.18	104.2
5/07/2018 10:30:26 AM	3613595426	1013.00	27.62	32.18	91.1	27.67	32.18	90.7	27.74	32.18	90.1	26.21	32.18	104.2
5/07/2018 10:30:27 AM	3613595427	1013.00	27.62	32.18	91.1	27.70	32.18	90.4	27.79	32.18	89.7	26.20	32.18	104.3
5/07/2018 10:30:28 AM	3613595428	1013.00	27.62	32.18	91.1	27.63	32.18	91.0	27.75	32.18	90.0	26.25	32.18	103.8
5/07/2018 10:30:29 AM	3613595429	1013.00	27.63	32.17	91.0	27.64	32.17	90.9	27.77	32.17	89.8	26.19	32.17	104.4
5/07/2018 10:30:30 AM	3613595430	1013.00	27.62	32.17	91.1	27.66	32.17	90.8	27.81	32.17	89.5	26.18	32.17	104.5
5/07/2018 10:30:31 AM	3613595431	1013.00	27.65	32.18	90.8	27.65	32.18	90.8	27.78	32.18	89.7	26.20	32.18	104.3
5/07/2018 10:30:32 AM	3613595432	1013.00	27.66	32.18	90.7	27.65	32.18	90.8	27.80	32.18	89.6	26.20	32.18	104.3
5/07/2018 10:30:33 AM	3613595433	1013.00	27.68	32.19	90.6	27.67	32.19	90.6	27.80	32.19	89.6	26.21	32.19	104.2
5/07/2018 10:30:34 AM	3613595434	1013.00	27.66	32.19	90.7	27.65	32.19	90.8	27.80	32.19	89.6	26.22	32.19	104.1
5/07/2018 10:30:35 AM	3613595435	1013.00	27.68	32.19	90.6	27.66	32.19	90.7	27.80	32.19	89.6	26.22	32.19	104.1
5/07/2018 10:30:36 AM	3613595436	1013.00	27.67	32.18	90.7	27.61	32.18	91.2	27.84	32.18	89.2	26.18	32.18	104.5
5/07/2018 10:30:37 AM	3613595437	1013.00	27.70	32.18	90.4	27.68	32.18	90.6	27.81	32.18	89.5	26.19	32.18	104.4
5/07/2018 10:30:38 AM	3613595438	1013.00	27.70	32.18	90.4	27.69	32.18	90.5	27.82	32.18	89.4	26.21	32.18	104.2
5/07/2018 10:30:39 AM	3613595439	1013.00	27.69	32.19	90.5	27.67	32.19	90.6	27.82	32.19	89.4	26.18	32.19	104.5
5/07/2018 10:30:40 AM	3613595440	1013.00	27.68	32.19	90.6	27.66	32.19	90.7	27.88	32.19	88.9	26.23	32.19	104.0
5/07/2018 10:30:41 AM	3613595441	1013.00	27.70	32.18	90.4	27.74	32.18	90.1	27.83	32.18	89.3	26.21	32.18	104.2
5/07/2018 10:30:42 AM	3613595442	1013.00	27.69	32.18	90.5	27.76	32.18	89.9	27.82	32.18	89.4	26.21	32.18	104.2
5/07/2018 10:30:43 AM	3613595443	1013.00	27.69	32.18	90.5	27.74	32.18	90.1	27.83	32.18	89.3	26.19	32.18	104.4
5/07/2018 10:30:44 AM	3613595444	1013.00	27.72	32.19	90.2	27.71	32.19	90.3	27.86	32.19	89.1	26.21	32.19	104.2
5/07/2018 10:30:45 AM	3613595445	1013.00	27.71	32.19	90.3	27.70	32.19	90.4	27.87	32.19	89.0	26.19	32.19	104.4
5/07/2018 10:30:46 AM	3613595446	1013.00	27.74	32.19	90.1	27.77	32.19	89.8	27.82	32.19	89.4	26.23	32.19	104.0
5/07/2018 10:30:47 AM	3613595447	1013.00	27.73	32.20	90.1	27.77	32.20	89.8	27.83	32.20	89.3	26.22	32.20	104.0
5/07/2018 10:30:48 AM	3613595448	1013.00	27.74	32.19	90.1	27.71	32.19	90.3	27.85	32.19	89.1	26.23	32.19	104.0
5/07/2018 10:30:49 AM	3613595449	1013.00	27.71	32.20	90.3	27.80	32.20	89.5	27.83	32.20	89.3	26.22	32.20	104.0
5/07/2018 10:30:50 AM	3613595450	1013.00	27.77	32.20	89.8	27.78	32.20	89.7	27.85	32.20	89.1	26.22	32.20	104.0
5/07/2018 10:30:51 AM	3613595451	1013.00	27.74	32.20	90.0	27.78	32.20	89.7	27.88	32.20	88.9	26.20	32.20	104.3
5/07/2018 10:30:52 AM	3613595452	1013.00	27.76	32.20	89.9	27.75	32.20	90.0	27.87	32.20	89.0	26.23	32.20	103.9
5/07/2018 10:30:53 AM	3613595453	1013.00	27.78	32.20	89.7	27.80	32.20	89.5	27.85	32.20	89.1	26.22	32.20	104.0
5/07/2018 10:30:54 AM	3613595454	1013.00	27.76	32.19	89.9	27.76	32.19	89.9	27.86	32.19	89.1	26.22	32.19	104.1
5/07/2018 10:30:55 AM	3613595455	1013.00	27.80	32.19	89.6	27.75	32.19	90.0	27.90	32.19	88.7	26.23	32.19	104.0
5/07/2018 10:30:56 AM	3613595456	1013.00	27.79	32.19	89.6	27.81	32.19	89.5	27.86	32.19	89.1	26.24	32.19	103.9
5/07/2018 10:30:57 AM	3613595457	1013.00	27.79	32.18	89.7	27.77	32.18	89.8	27.88	32.18	88.9	26.22	32.18	104.1
5/07/2018 10:30:58 AM	3613595458	1013.00	27.80	32.17	89.6	27.78	32.17	89.7	27.91	32.17	88.7	26.22	32.17	104.1
5/07/2018 10:30:59 AM	3613595459	1013.00	27.80	32.17	89.6	27.79	32.17	89.7	27.94	32.17	88.4	26.20	32.17	104.3
5/07/2018 10:31:00 AM	3613595460	1013.00	27.82	32.16	89.4	27.79	32.16	89.7	27.89	32.16	88.8	26.19	32.16	104.4
5/07/2018 10:31:01 AM	3613595461	1013.00	27.83	32.17	89.3	27.79	32.17	89.7	27.91	32.17	88.7	26.21	32.17	104.2
5/07/2018 10:31:02 AM	3613595462	1013.00	27.79	32.16	89.7	27.83	32.16	89.3	27.89	32.16	88.8	26.20	32.16	104.3
5/07/2018 10:31:03 AM	3613595463	1013.00	27.82	32.17	89.4	27.82	32.17	89.4	27.98	32.17	88.1	26.20	32.17	104.3
5/07/2018 10:31:04 AM	3613595464	1013.00	27.83	32.17	89.3	27.83	32.17	89.3	27.92	32.17	88.6	26.18	32.17	104.5
5/07/2018 10:31:05 AM	3613595465	1013.00	27.83	32.18	89.3	27.81	32.18	89.5	27.93	32.18	88.5	26.19	32.18	104.4
5/07/2018 10:31:06 AM	3613595466	1013.00	27.86	32.17	89.1	27.87	32.17	89.0	28.00	32.17	87.9	26.19	32.17	104.4
5/07/2018 10:31:07 AM	3613595467	1013.00	27.85	32.18	89.2	27.83	32.18	89.3	27.99	32.18	88.0	26.20	32.18	104.3
5/07/2018 10:31:08 AM	3613595468	1013.00	27.85	32.18	89.2	27.86	32.18	89.1	27.97	32.18	88.2	26.22	32.18	104.1
5/07/2018 10:31:09 AM	3613595469	1013.00	27.85	32.18	89.2	27.82	32.18	89.4	28.02	32.18	87.7	26.20	32.18	104.3
5/07/2018 10:31:10 AM	3613595470	1013.00	27.88	32.18	88.9	27.87	32.18	89.0	27.99	32.18	88.0	26.21	32.18	104.2
5/07/2018 10:31:11 AM	3613595471	1013.00	27.86	32.18	89.1	27.82	32.18	89.4	27.99	32.18	88.0	26.23	32.18	104.0
5/07/2018 10:31:12 AM	3613595472	1013.00	27.88	32.18	88.9	27.81	32.18	89.5	28.02	32.18	87.7	26.22	32.18	104.1
5/07/2018 10:31:13 AM	3613595473	1013.00	27.88	32.18	88.9	27.84	32.18	89.2	28.00	32.18	87.9	26.20	32.18	104.3
5/07/2018 10:31:14 AM	3613595474	1013.00	27.92	32.18	88.6	27.86	32.18	89.1	28.02	32.18	87.7	26.22	32.18	104.1
5/07/2018 10:31:15 AM	3613595475	1013.00	27.90	32.19	88.7	27.85	32.19	89.1	28.03	32.19	87.7	26.22	32.19	104.1
5/07/2018 10:31:16 AM	3613595476	1013.00	27.89	32.19	88.8	27.87	32.19	89.0	28.03	32.19	87.7	26.18	32.19	104.5
5/07/2018 10:31:17 AM	3613595477	1013.00	27.88	32.19	88.9	27.87	32.19	89.0	28.03	32.19	87.7	26.21	32.19	104.2
5/07/2018 10:31:18 AM	3613595478	1013.00	27.92	32.20	88.5	27.90	32.20	88.7	28.02	32.20	87.7	26.21	32.20	104.2
5/07/2018 10:31:19 AM	3613595479	1013.00	27.91	32.20	88.6	27.85	32.20	89.1	28.02	32.20	87.7	26.22	32.20	104.0
5/07/2018 10:31:20 AM	3613595480	1013.00	27.93	32.20	88.5	27.93	32.20	88.5	28.03	32.20	87.6	26.23	32.20	103.9
5/07/2018 10:31:21 AM	3613595481	1013.00	27.91	32.19	88.6	27.86	32.19	89.1	28.06	32.19	87.4	26.20	32.19	104.3
5/07/2018 10:31:22 AM	3613595482	1013.00	27.93	32.19	88.5	27.88	32.19	88.9	28.06	32.19	87.4	26.22	32.19	104.1
5/07/2018 10:31:23 AM	3613595483	1013.00	27.98	32.18	88.1	27.89	32.18	88.8	28.04	32.18	87.6	26.21	32.18	104.2
5/07/2018 10:31:24 AM	3613595484	1013.00	27.95	32.18	88.3	27.97	32.18	88.2	28.05	32.18	87.5	26.22	32.18	104.1
5/07/2018 10:31:25 AM	3613595485	1013.00	27.97	32.18	88.2	27.91	32.18	88.7	28.08	32.18	87.3	26.20	32.18	104.3
5/07/2018 10:31:26 AM	3613595486	1013.00	27.98	32.18	88.1	27.89	32.18	88.8	28.06	32.18	87.4	26.20	32.18	104.3
5/07/2018 10:31:27 AM	3613595487	1013.00	28.00	32.19	87.9	27.90	32.19	88.7	28.11	32.19	87.0	26.22	32.19	104.1
5/07/2018 10:31:28 AM	3613595488	1013.00	27.98	32.19	88.1	27.96	32.19	88.2	28.09	32.19	87.2	26.21	32.19	104.2
5/07/2018 10:31:29 AM	3613595489	1013.00	27.99	32.18	88.0	27.90	32.18	88.7	28.05	32.18	87.5	26.20	32.18	104.3
5/07/2018 10:31:30 AM	3613595490	1013.00	28.00	32.18	87.9	27.89	32.18	88.8	28.09	32.18	87.2	26.20	32.18	104.3
5/07/2018 10:31:31 AM	3613595491	1013.00	27.99	32.18	88.0	27.94	32.18	88.4	28.11	32.18	87.0	26.22	32.18	104.1
5/07/2018 10:31:32 AM	3613595492	1013.00	28.04	32.17	87.6	27.92	32.17	88.6	28.12	32.17	87.0	26.17	32.17	104.6
5/07/2018 10:31:33 AM	3613595493	1013.00	28.04	32.17	87.6	27.94	32.17	88.4	28.10	32.17	87.1	26.21	32.17	104.2
5/07/2018 10:31:34 AM	3613595494	1013.00	28.00	32.18	87.9	27.98	32.18	88.1	28.10	32.18	87.1	26.24	32.18	103.9
5/07/2018 10:31:35 AM	3613595495	1013.00	28.04	32.17	87.6	27.93	32.17	88.5	28.09	32.17	87.2	26.20	32.17	104.3
5/07/2018 10:31:36 AM	3613595496	1013.00	28.04	32.17	87.6	27.93	32.17	88.5	28.10	32.17	87.1	26.20	32.17	104.3
5/07/2018 10:31:37 AM	3613595497	1013.00	28.06	32.17	87.4	27.96	32.17	88.3	28.11	32.17	87.0	26.20	32.17	104.3
5/07/2018 10:31:38 AM	3613595498	1013.00	28.05	32.17	87.5	27.92	32.17	88.6	28.11	32.17	87.0	26.19	32.17	104.4
5/07/2018 10:31:39 AM	3613595499	1013.00	28.05	32.17	87.5	27.97	32.17	88.2	28.06	32.17	87.4	26.20	32.17	104.3
5/07/2018 10:31:40 AM	3613595500	1013.00	28.07	32.18	87.3	27.99	32.18	88.0	28.09	32.18	87.2	26.20	32.18	104.3
5/07/2018 10:31:41 AM	3613595501	1013.00	28.06	32.18	87.4	27.98	32.18	88.1	28.09	32.18	87.2	26.22	32.18	104.1
5/07/2018 10:31:42 AM	3613595502	1013.00	28.10	32.19	87.1	27.95	32.19	88.3	28.10	32.19	87.1	26.21	32.19	104.2
5/07/2018 10:31:43 AM	3613595503	1013.00	28.08	32.18	87.3	28.00	32.18	87.9	28.11	32.18	87.0	26.22	32.18	104.1
5/07/2018 10:31:44 AM	3613595504	1013.00	28.09	32.18	87.2	27.92	32.18	88.6	28.12	32.18	86.9	26.23	32.18	104.0
5/07/2018 10:31:45 AM	3613595505	1013.00	28.09	32.17	87.2	27.98	32.17	88.1	28.14	32.17	86.8	26.21	32.17	104.2
5/07/2018 10:31:46 AM	3613595506	1013.00	28.11	32.16	87.0	27.90	32.16	88.8	28.12	32.16	87.0	26.18	32.16	104.5
5/07/2018 10:31:47 AM	3613595507	1013.00	28.11	32.16	87.0	27.98	32.16	88.1	28.14	32.16	86.8	26.20	32.16	104.3
5/07/2018 10:31:48 AM	3613595508	1013.00	28.12	32.17	87.0	28.02	32.17	87.8	28.16	32.17	86.6	26.23	32.17	104.0
5/07/2018 10:31:49 AM	3613595509	1013.00	28.10	32.17	87.1	28.00	32.17	87.9	28.13	32.17	86.9	26.21	32.17	104.2
5/07/2018 10:31:50 AM	3613595510	1013.00	28.11	32.18	87.0	28.02	32.18	87.7	28.16	32.18	86.6	26.19	32.18	104.4
5/07/2018 10:31:51 AM	3613595511	1013.00	28.18	32.18	86.5	27.99	32.18	88.0	28.14	32.18	86.8	26.24	32.18	103.9
5/07/2018 10:31:52 AM	3613595512	1013.00	28.15	32.18	86.7	28.05	32.18	87.5	28.13	32.18	86.9	26.18	32.18	104.5
5/07/2018 10:31:53 AM	3613595513	1013.00	28.13	32.18	86.9	27.95	32.18	88.3	28.18	32.18	86.5	26.24	32.18	103.9
5/07/2018 10:31:54 AM	3613595514	1013.00	28.16	32.18	86.6	28.05	32.18	87.5	28.18	32.18	86.5	26.23	32.18	104.0
5/07/2018 10:31:55 AM	3613595515	1013.00	28.17	32.18	86.5	28.01	32.18	87.8	28.17	32.18	86.5	26.22	32.18	104.1
5/07/2018 10:31:56 AM	3613595516	1013.00	28.19	32.18	86.4	28.01	32.18	87.8	28.19	32.18	86.4	26.23	32.18	104.0
5/07/2018 10:31:57 AM	3613595517	1013.00	28.19	32.18	86.4	28.10	32.18	87.1	28.18	32.18	86.5	26.17	32.18	104.6
5/07/2018 10:31:58 AM	3613595518	1013.00	28.19	32.18	86.4	28.06	32.18	87.4	28.18	32.18	86.5	26.20	32.18	104.3
5/07/2018 10:31:59 AM	3613595519	1013.00	28.18	32.18	86.5	28.03	32.18	87.7	28.16	32.18	86.6	26.23	32.18	104.0
5/07/2018 10:32:00 AM	3613595520	1013.00	28.21	32.18	86.2	28.02	32.18	87.7	28.17	32.18	86.5	26.17	32.18	104.6
5/07/2018 10:32:01 AM	3613595521	1013.00	28.20	32.18	86.3	28.06	32.18	87.4	28.20	32.18	86.3	26.21	32.18	104.2
5/07/2018 10:32:02 AM	3613595522	1013.00	28.19	32.18	86.4	28.09	32.18	87.2	28.18	32.18	86.5	26.19	32.18	104.4
5/07/2018 10:32:03 AM	3613595523	1013.00	28.23	32.17	86.1	28.00	32.17	87.9	28.19	32.17	86.4	26.22	32.17	104.1
5/07/2018 10:32:04 AM	3613595524	1013.00	28.26	32.17	85.8	28.09	32.17	87.2	28.24	32.17	86.0	26.18	32.17	104.5
5/07/2018 10:32:05 AM	3613595525	1013.00	28.29	32.17	85.6	28.03	32.17	87.7	28.23	32.17	86.1	26.22	32.17	104.1
5/07/2018 10:32:06 AM	3613595526	1013.00	28.29	32.17	85.6	28.07	32.17	87.4	28.21	32.17	86.2	26.20	32.17	104.3
5/07/2018 10:32:07 AM	3613595527	1013.00	28.27	32.17	85.8	28.09	32.17	87.2	28.24	32.17	86.0	26.21	32.17	104.2
5/07/2018 10:32:08 AM	3613595528	1013.00	28.31	32.17	85.4	28.09	32.17	87.2	28.22	32.17	86.2	26.23	32.17	104.0
5/07/2018 10:32:09 AM	3613595529	1013.00	28.30	32.18	85.5	28.07	32.18	87.3	28.23	32.18	86.1	26.19	32.18	104.4
5/07/2018 10:32:10 AM	3613595530	1013.00	28.30	32.18	85.5	28.11	32.18	87.0	28.28	32.18	85.7	26.23	32.18	104.0
5/07/2018 10:32:11 AM	3613595531	1013.00	28.31	32.18	85.4	28.11	32.18	87.0	28.27	32.18	85.7	26.26	32.18	103.7
5/07/2018 10:32:12 AM	3613595532	1013.00	28.33	32.17	85.3	28.12	32.17	87.0	28.34	32.17	85.2	26.21	32.17	104.2
5/07/2018 10:32:13 AM	3613595533	1013.00	28.31	32.17	85.4	28.15	32.17	86.7	28.29	32.17	85.6	26.22	32.17	104.1
5/07/2018 10:32:14 AM	3613595534	1013.00	28.37	32.16	85.0	28.12	32.16	87.0	28.31	32.16	85.5	26.21	32.16	104.2
5/07/2018 10:32:15 AM	3613595535	1013.00	28.35	32.16	85.1	28.16	32.16	86.6	28.33	32.16	85.3	26.21	32.16	104.2
5/07/2018 10:32:16 AM	3613595536	1013.00	28.35	32.17	85.1	28.18	32.17	86.5	28.29	32.17	85.6	26.23	32.17	104.0
5/07/2018 10:32:17 AM	3613595537	1013.00	28.35	32.18	85.1	28.17	32.18	86.5	28.32	32.18	85.3	26.21	32.18	104.2
5/07/2018 10:32:18 AM	3613595538	1013.00	28.38	32.17	84.9	28.14	32.17	86.8	28.30	32.17	85.5	26.21	32.17	104.2
5/07/2018 10:32:19 AM	3613595539	1013.00	28.39	32.17	84.8	28.21	32.17	86.2	28.36	32.17	85.0	26.25	32.17	103.8
5/07/2018 10:32:20 AM	3613595540	1013.00	28.39	32.17	84.8	28.21	32.17	86.2	28.34	32.17	85.2	26.21	32.17	104.2
5/07/2018 10:32:21 AM	3613595541	1013.00	28.39	32.17	84.8	28.20	32.17	86.3	28.32	32.17	85.4	26.24	32.17	103.9
5/07/2018 10:32:22 AM	3613595542	1013.00	28.41	32.17	84.7	28.18	32.17	86.5	28.38	32.17	84.9	26.21	32.17	104.2
5/07/2018 10:32:23 AM	3613595543	1013.00	28.41	32.16	84.7	28.23	32.16	86.1	28.31	32.16	85.5	26.22	32.16	104.1
5/07/2018 10:32:24 AM	3613595544	1013.00	28.44	32.17	84.4	28.22	32.17	86.2	28.36	32.17	85.0	26.22	32.17	104.1
5/07/2018 10:32:25 AM	3613595545	1013.00	28.45	32.17	84.3	28.21	32.17	86.2	28.33	32.17	85.3	26.20	32.17	104.3
5/07/2018 10:32:26 AM	3613595546	1013.00	28.43	32.17	84.5	28.25	32.17	85.9	28.36	32.17	85.0	26.24	32.17	103.9
5/07/2018 10:32:27 AM	3613595547	1013.00	28.45	32.17	84.3	28.22	32.17	86.2	28.35	32.17	85.1	26.20	32.17	104.3
5/07/2018 10:32:28 AM	3613595548	1013.00	28.45	32.17	84.3	28.24	32.17	86.0	28.34	32.17	85.2	26.22	32.17	104.1
5/07/2018 10:32:29 AM	3613595549	1013.00	28.43	32.17	84.5	28.26	32.17	85.8	28.34	32.17	85.2	26.22	32.17	104.1
5/07/2018 10:32:30 AM	3613595550	1013.00	28.46	32.17	84.3	28.19	32.17	86.4	28.34	32.17	85.2	26.24	32.17	103.9
5/07/2018 10:32:31 AM	3613595551	1013.00	28.42	32.16	84.6	28.29	32.16	85.6	28.35	32.16	85.1	26.24	32.16	103.9
5/07/2018 10:32:32 AM	3613595552	1013.00	28.48	32.17	84.1	28.27	32.17	85.8	28.38	32.17	84.9	26.24	32.17	103.9
5/07/2018 10:32:33 AM	3613595553	1013.00	28.47	32.17	84.2	28.32	32.17	85.4	28.39	32.17	84.8	26.22	32.17	104.1
5/07/2018 10:32:34 AM	3613595554	1013.00	28.45	32.17	84.3	28.27	32.17	85.8	28.40	32.17	84.7	26.21	32.17	104.2
5/07/2018 10:32:35 AM	3613595555	1013.00	28.45	32.17	84.3	28.28	32.17	85.7	28.41	32.17	84.7	26.22	32.17	104.1
5/07/2018 10:32:36 AM	3613595556	1013.00	28.47	32.16	84.2	28.23	32.16	86.1	28.42	32.16	84.6	26.20	32.16	104.3
5/07/2018 10:32:37 AM	3613595557	1013.00	28.47	32.16	84.2	28.30	32.16	85.5	28.42	32.16	84.6	26.22	32.16	104.1
5/07/2018 10:32:38 AM	3613595558	1013.00	28.47	32.17	84.2	28.26	32.17	85.8	28.43	32.17	84.5	26.21	32.17	104.2
5/07/2018 10:32:39 AM	3613595559	1013.00	28.51	32.17	83.9	28.32	32.17	85.4	28.38	32.17	84.9	26.21	32.17	104.2
5/07/2018 10:32:40 AM	3613595560	1013.00	28.49	32.17	84.0	28.25	32.17	85.9	28.40	32.17	84.7	26.20	32.17	104.3
5/07/2018 10:32:41 AM	3613595561	1013.00	28.50	32.17	84.0	28.29	32.17	85.6	28.39	32.17	84.8	26.22	32.17	104.1
5/07/2018 10:32:42 AM	3613595562	1013.00	28.48	32.17	84.1	28.35	32.17	85.1	28.39	32.17	84.8	26.21	32.17	104.2
5/07/2018 10:32:43 AM	3613595563	1013.00	28.47	32.16	84.2	28.33	32.16	85.3	28.44	32.16	84.4	26.21	32.16	104.2
5/07/2018 10:32:44 AM	3613595564	1013.00	28.50	32.16	84.0	28.26	32.16	85.8	28.44	32.16	84.4	26.22	32.16	104.1
5/07/2018 10:32:45 AM	3613595565	1013.00	28.49	32.16	84.0	28.29	32.16	85.6	28.45	32.16	84.4	26.21	32.16	104.2
5/07/2018 10:32:46 AM	3613595566	1013.00	28.49	32.17	84.0	28.33	32.17	85.3	28.44	32.17	84.4	26.21	32.17	104.2
5/07/2018 10:32:47 AM	3613595567	1013.00	28.51	32.17	83.9	28.31	32.17	85.4	28.47	32.17	84.2	26.20	32.17	104.3
5/07/2018 10:32:48 AM	3613595568	1013.00	28.49	32.17	84.0	28.30	32.17	85.5	28.42	32.17	84.6	26.23	32.17	104.0
5/07/2018 10:32:49 AM	3613595569	1013.00	28.49	32.18	84.0	28.35	32.18	85.1	28.40	32.18	84.7	26.25	32.18	103.8
5/07/2018 10:32:50 AM	3613595570	1013.00	28.51	32.17	83.9	28.31	32.17	85.4	28.46	32.17	84.3	26.22	32.17	104.1
5/07/2018 10:32:51 AM	3613595571	1013.00	28.53	32.17	83.7	28.35	32.17	85.1	28.46	32.17	84.3	26.21	32.17	104.2
5/07/2018 10:32:52 AM	3613595572	1013.00	28.53	32.17	83.7	28.33	32.17	85.3	28.47	32.17	84.2	26.21	32.17	104.2
5/07/2018 10:32:53 AM	3613595573	1013.00	28.56	32.16	83.5	28.33	32.16	85.3	28.46	32.16	84.3	26.21	32.16	104.2
5/07/2018 10:32:54 AM	3613595574	1013.00	28.54	32.16	83.7	28.35	32.16	85.1	28.48	32.16	84.1	26.18	32.16	104.5
5/07/2018 10:32:55 AM	3613595575	1013.00	28.54	32.16	83.7	28.35	32.16	85.1	28.48	32.16	84.1	26.20	32.16	104.3
5/07/2018 10:32:56 AM	3613595576	1013.00	28.54	32.16	83.7	28.35	32.16	85.1	28.50	32.16	84.0	26.21	32.16	104.2
5/07/2018 10:32:57 AM	3613595577	1013.00	28.55	32.16	83.6	28.34	32.16	85.2	28.51	32.16	83.9	26.20	32.16	104.3
5/07/2018 10:32:58 AM	3613595578	1013.00	28.55	32.15	83.6	28.41	32.15	84.7	28.48	32.15	84.1	26.21	32.15	104.2
5/07/2018 10:32:59 AM	3613595579	1013.00	28.54	32.16	83.7	28.37	32.16	85.0	28.47	32.16	84.2	26.18	32.16	104.5
5/07/2018 10:33:00 AM	3613595580	1013.00	28.52	32.17	83.8	28.39	32.17	84.8	28.47	32.17	84.2	26.24	32.17	103.9
5/07/2018 10:33:01 AM	3613595581	1013.00	28.54	32.17	83.6	28.38	32.17	84.9	28.50	32.17	84.0	26.24	32.17	103.9
5/07/2018 10:33:02 AM	3613595582	1013.00	28.55	32.17	83.6	28.39	32.17	84.8	28.51	32.17	83.9	26.24	32.17	103.9
5/07/2018 10:33:03 AM	3613595583	1013.00	28.57	32.18	83.4	28.43	32.18	84.5	28.51	32.18	83.9	26.21	32.18	104.2
5/07/2018 10:33:04 AM	3613595584	1013.00	28.58	32.17	83.3	28.41	32.17	84.7	28.54	32.17	83.6	26.22	32.17	104.1
5/07/2018 10:33:05 AM	3613595585	1013.00	28.56	32.16	83.5	28.43	32.16	84.5	28.53	32.16	83.7	26.18	32.16	104.5
5/07/2018 10:33:06 AM	3613595586	1013.00	28.58	32.16	83.4	28.43	32.16	84.5	28.54	32.16	83.7	26.19	32.16	104.4
5/07/2018 10:33:07 AM	3613595587	1013.00	28.62	32.15	83.1	28.41	32.15	84.7	28.53	32.15	83.7	26.21	32.15	104.2
5/07/2018 10:33:08 AM	3613595588	1013.00	28.61	32.16	83.1	28.41	32.16	84.7	28.52	32.16	83.8	26.25	32.16	103.8
5/07/2018 10:33:09 AM	3613595589	1013.00	28.62	32.16	83.0	28.41	32.16	84.7	28.54	32.16	83.7	26.19	32.16	104.4
5/07/2018 10:33:10 AM	3613595590	1013.00	28.64	32.16	82.9	28.45	32.16	84.4	28.54	32.16	83.7	26.21	32.16	104.2
5/07/2018 10:33:11 AM	3613595591	1013.00	28.66	32.17	82.7	28.47	32.17	84.2	28.56	32.17	83.5	26.20	32.17	104.3
5/07/2018 10:33:12 AM	3613595592	1013.00	28.63	32.17	83.0	28.39	32.17	84.8	28.56	32.17	83.5	26.24	32.17	103.9
5/07/2018 10:33:13 AM	3613595593	1013.00	28.65	32.17	82.8	28.48	32.17	84.1	28.56	32.17	83.5	26.24	32.17	103.9
5/07/2018 10:33:14 AM	3613595594	1013.00	28.61	32.17	83.1	28.46	32.17	84.3	28.60	32.17	83.2	26.23	32.17	104.0
5/07/2018 10:33:15 AM	3613595595	1013.00	28.66	32.17	82.7	28.46	32.17	84.3	28.56	32.17	83.5	26.18	32.17	104.5
5/07/2018 10:33:16 AM	3613595596	1013.00	28.64	32.17	82.9	28.49	32.17	84.0	28.57	32.17	83.4	26.20	32.17	104.3
5/07/2018 10:33:17 AM	3613595597	1013.00	28.63	32.17	83.0	28.51	32.17	83.9	28.55	32.17	83.6	26.20	32.17	104.3
5/07/2018 10:33:18 AM	3613595598	1013.00	28.63	32.17	83.0	28.48	32.17	84.1	28.56	32.17	83.5	26.22	32.17	104.1
5/07/2018 10:33:19 AM	3613595599	1013.00	28.66	32.17	82.7	28.52	32.17	83.8	28.61	32.17	83.1	26.21	32.17	104.2
5/07/2018 10:33:20 AM	3613595600	1013.00	28.64	32.17	82.9	28.49	32.17	84.0	28.58	32.17	83.3	26.21	32.17	104.2
5/07/2018 10:33:21 AM	3613595601	1013.00	28.64	32.17	82.9	28.52	32.17	83.8	28.60	32.17	83.2	26.23	32.17	104.0
5/07/2018 10:33:22 AM	3613595602	1013.00	28.65	32.18	82.8	28.54	32.18	83.6	28.58	32.18	83.3	26.23	32.18	104.0
5/07/2018 10:33:23 AM	3613595603	1013.00	28.66	32.17	82.7	28.51	32.17	83.9	28.60	32.17	83.2	26.23	32.17	104.0
5/07/2018 10:33:24 AM	3613595604	1013.00	28.63	32.17	83.0	28.52	32.17	83.8	28.58	32.17	83.3	26.24	32.17	103.9
5/07/2018 10:33:25 AM	3613595605	1013.00	28.69	32.18	82.5	28.51	32.18	83.9	28.63	32.18	82.9	26.23	32.18	104.0
5/07/2018 10:33:26 AM	3613595606	1013.00	28.67	32.18	82.6	28.53	32.18	83.7	28.62	32.18	83.0	26.21	32.18	104.2
5/07/2018 10:33:27 AM	3613595607	1013.00	28.66	32.17	82.7	28.54	32.17	83.6	28.61	32.17	83.1	26.20	32.17	104.3
5/07/2018 10:33:28 AM	3613595608	1013.00	28.69	32.17	82.5	28.55	32.17	83.6	28.63	32.17	83.0	26.22	32.17	104.1
5/07/2018 10:33:29 AM	3613595609	1013.00	28.65	32.16	82.8	28.54	32.16	83.7	28.62	32.16	83.0	26.22	32.16	104.1
5/07/2018 10:33:30 AM	3613595610	1013.00	28.68	32.16	82.6	28.56	32.16	83.5	28.60	32.16	83.2	26.21	32.16	104.2
5/07/2018 10:33:31 AM	3613595611	1013.00	28.66	32.16	82.7	28.58	32.16	83.4	28.63	32.16	83.0	26.23	32.16	104.0
5/07/2018 10:33:32 AM	3613595612	1013.00	28.68	32.16	82.6	28.58	32.16	83.4	28.63	32.16	83.0	26.20	32.16	104.3
5/07/2018 10:33:33 AM	3613595613	1013.00	28.67	32.16	82.7	28.56	32.16	83.5	28.67	32.16	82.7	26.24	32.16	103.9
5/07/2018 10:33:34 AM	3613595614	1013.00	28.66	32.16	82.7	28.60	32.16	83.2	28.69	32.16	82.5	26.25	32.16	103.8
5/07/2018 10:33:35 AM	3613595615	1013.00	28.69	32.16	82.5	28.59	32.16	83.3	28.66	32.16	82.7	26.20	32.16	104.3
5/07/2018 10:33:36 AM	3613595616	1013.00	28.68	32.16	82.6	28.58	32.16	83.4	28.64	32.16	82.9	26.23	32.16	104.0
5/07/2018 10:33:37 AM	3613595617	1013.00	28.70	32.16	82.4	28.58	32.16	83.4	28.70	32.16	82.4	26.21	32.16	104.2
5/07/2018 10:33:38 AM	3613595618	1013.00	28.70	32.16	82.4	28.59	32.16	83.3	28.71	32.16	82.4	26.24	32.16	103.9
5/07/2018 10:33:39 AM	3613595619	1013.00	28.72	32.16	82.3	28.60	32.16	83.2	28.65	32.16	82.8	26.23	32.16	104.0
5/07/2018 10:33:40 AM	3613595620	1013.00	28.72	32.16	82.3	28.56	32.16	83.5	28.70	32.16	82.4	26.22	32.16	104.1
5/07/2018 10:33:41 AM	3613595621	1013.00	28.74	32.16	82.1	28.60	32.16	83.2	28.66	32.16	82.7	26.21	32.16	104.2
5/07/2018 10:33:42 AM	3613595622	1013.00	28.77	32.15	81.9	28.56	32.15	83.5	28.67	32.15	82.7	26.20	32.15	104.3
5/07/2018 10:33:43 AM	3613595623	1013.00	28.74	32.15	82.1	28.64	32.15	82.9	28.71	32.15	82.4	26.20	32.15	104.3
5/07/2018 10:33:44 AM	3613595624	1013.00	28.76	32.15	82.0	28.54	32.15	83.7	28.67	32.15	82.7	26.19	32.15	104.4
5/07/2018 10:33:45 AM	3613595625	1013.00	28.76	32.15	82.0	28.60	32.15	83.2	28.67	32.15	82.7	26.17	32.15	104.6
5/07/2018 10:33:46 AM	3613595626	1013.00	28.80	32.15	81.7	28.64	32.15	82.9	28.70	32.15	82.5	26.25	32.15	103.8
5/07/2018 10:33:47 AM	3613595627	1013.00	28.79	32.15	81.8	28.59	32.15	83.3	28.68	32.15	82.6	26.23	32.15	104.0
5/07/2018 10:33:48 AM	3613595628	1013.00	28.80	32.15	81.7	28.57	32.15	83.4	28.70	32.15	82.5	26.24	32.15	103.9
