Date & time of file creation	7/06/2018 10:25 AM													
Data file path	C:\Users\ameli\Desktop\Diego Barneche\07_06_2018\32_C_new_witrox_9.txt													
														
														
CALIBRATION DATA														
Parameter/Channel	N moving average	LO phase [r.U.]	HI phase [r.U.]	LO oxygen [%air saturation]	HI oxygen [%air saturation]	LO temperature [°C]	HI temperature [°C]	Salinity [‰]						
SDWD0003000199      , CH 1	1	59.19	25.91	0.00	100.00	31.83	32.09	0.000						
SDWD0003000199      , CH 2	1	59.19	25.91	0.00	100.00	31.83	32.09	0.000						
SDWD0003000199      , CH 3	1	59.19	25.91	0.00	100.00	31.83	32.09	0.000						
SDWD0003000199      , CH 4	1	59.19	25.91	0.00	100.00	31.83	32.09	0.000						
														
														
Date &Time [DD-MM-YYYY HH:MM:SS]	Time stamp code	Barometric pressure [hPa]	SDWD0003000199      , CH 1 phase [r.U.]	SDWD0003000199      , CH 1 temp [°C]	SDWD0003000199      , CH 1 O2 [% air saturation]	SDWD0003000199      , CH 2 phase [r.U.]	SDWD0003000199      , CH 2 temp [°C]	SDWD0003000199      , CH 2 O2 [% air saturation]	SDWD0003000199      , CH 3 phase [r.U.]	SDWD0003000199      , CH 3 temp [°C]	SDWD0003000199      , CH 3 O2 [% air saturation]	SDWD0003000199      , CH 4 phase [r.U.]	SDWD0003000199      , CH 4 temp [°C]	SDWD0003000199      , CH 4 O2 [% air saturation]
7/06/2018 10:27:17 AM	3611176037	1013.00	26.87	32.00	91.3	26.68	32.00	93.0	26.33	32.00	96.1	26.19	32.00	97.5
7/06/2018 10:27:18 AM	3611176038	1013.00	26.90	32.00	91.0	26.71	32.00	92.7	26.34	32.00	96.1	26.13	32.00	98.0
7/06/2018 10:27:19 AM	3611176039	1013.00	26.87	32.00	91.3	26.67	32.00	93.0	26.34	32.00	96.1	26.11	32.00	98.2
7/06/2018 10:27:20 AM	3611176040	1013.00	26.91	32.00	90.9	26.74	32.00	92.4	26.33	32.00	96.1	26.12	32.00	98.1
7/06/2018 10:27:21 AM	3611176041	1013.00	26.91	32.00	90.9	26.66	32.00	93.1	26.37	32.00	95.8	26.14	32.00	97.9
7/06/2018 10:27:22 AM	3611176042	1013.00	26.87	31.99	91.3	26.64	31.99	93.3	26.32	31.99	96.3	26.09	31.99	98.4
7/06/2018 10:27:23 AM	3611176043	1013.00	26.89	31.99	91.1	26.67	31.99	93.1	26.30	31.99	96.4	26.13	31.99	98.0
7/06/2018 10:27:24 AM	3611176044	1013.00	26.85	31.99	91.5	26.70	31.99	92.8	26.32	31.99	96.3	26.10	31.99	98.3
7/06/2018 10:27:25 AM	3611176045	1013.00	26.86	31.99	91.4	26.75	31.99	92.4	26.34	31.99	96.1	26.07	31.99	98.6
7/06/2018 10:27:26 AM	3611176046	1013.00	26.88	31.99	91.2	26.68	31.99	93.0	26.34	31.99	96.1	26.15	31.99	97.9
7/06/2018 10:27:27 AM	3611176047	1013.00	26.87	31.99	91.3	26.68	31.99	93.0	26.31	31.99	96.3	26.09	31.99	98.4
7/06/2018 10:27:28 AM	3611176048	1013.00	26.87	31.99	91.3	26.70	31.99	92.8	26.32	31.99	96.3	26.11	31.99	98.2
7/06/2018 10:27:29 AM	3611176049	1013.00	26.88	32.00	91.2	26.70	32.00	92.8	26.35	32.00	96.0	26.11	32.00	98.2
7/06/2018 10:27:30 AM	3611176050	1013.00	26.89	32.00	91.1	26.69	32.00	92.9	26.30	32.00	96.4	26.13	32.00	98.0
7/06/2018 10:27:31 AM	3611176051	1013.00	26.90	32.00	91.0	26.67	32.00	93.0	26.34	32.00	96.1	26.13	32.00	98.0
7/06/2018 10:27:32 AM	3611176052	1013.00	26.87	32.01	91.3	26.69	32.01	92.9	26.34	32.01	96.0	26.14	32.01	97.9
7/06/2018 10:27:33 AM	3611176053	1013.00	26.85	32.00	91.5	26.72	32.00	92.6	26.34	32.00	96.1	26.09	32.00	98.4
7/06/2018 10:27:34 AM	3611176054	1013.00	26.88	32.00	91.2	26.71	32.00	92.7	26.30	32.00	96.4	26.12	32.00	98.1
7/06/2018 10:27:35 AM	3611176055	1013.00	26.92	32.00	90.9	26.69	32.00	92.9	26.32	32.00	96.2	26.09	32.00	98.4
7/06/2018 10:27:36 AM	3611176056	1013.00	26.85	32.00	91.5	26.68	32.00	93.0	26.31	32.00	96.3	26.10	32.00	98.3
7/06/2018 10:27:37 AM	3611176057	1013.00	26.91	32.00	90.9	26.69	32.00	92.9	26.34	32.00	96.1	26.11	32.00	98.2
7/06/2018 10:27:38 AM	3611176058	1013.00	26.92	32.00	90.9	26.71	32.00	92.7	26.33	32.00	96.1	26.09	32.00	98.4
7/06/2018 10:27:39 AM	3611176059	1013.00	26.92	32.00	90.9	26.67	32.00	93.0	26.35	32.00	96.0	26.15	32.00	97.8
7/06/2018 10:27:40 AM	3611176060	1013.00	26.88	32.00	91.2	26.68	32.00	93.0	26.33	32.00	96.1	26.08	32.00	98.5
7/06/2018 10:27:41 AM	3611176061	1013.00	26.89	32.00	91.1	26.68	32.00	93.0	26.31	32.00	96.3	26.15	32.00	97.8
7/06/2018 10:27:42 AM	3611176062	1013.00	26.91	32.00	90.9	26.66	32.00	93.1	26.33	32.00	96.1	26.07	32.00	98.6
7/06/2018 10:27:43 AM	3611176063	1013.00	26.91	32.00	90.9	26.71	32.00	92.7	26.36	32.00	95.9	26.17	32.00	97.6
7/06/2018 10:27:44 AM	3611176064	1013.00	26.88	32.01	91.2	26.71	32.01	92.7	26.34	32.01	96.0	26.11	32.01	98.2
7/06/2018 10:27:45 AM	3611176065	1013.00	26.89	32.01	91.1	26.68	32.01	92.9	26.35	32.01	95.9	26.09	32.01	98.4
7/06/2018 10:27:46 AM	3611176066	1013.00	26.88	32.01	91.2	26.66	32.01	93.1	26.36	32.01	95.9	26.09	32.01	98.4
7/06/2018 10:27:47 AM	3611176067	1013.00	26.90	32.01	91.0	26.68	32.01	92.9	26.34	32.01	96.0	26.09	32.01	98.4
7/06/2018 10:27:48 AM	3611176068	1013.00	26.90	32.01	91.0	26.71	32.01	92.7	26.33	32.01	96.1	26.12	32.01	98.1
7/06/2018 10:27:49 AM	3611176069	1013.00	26.89	31.99	91.1	26.70	31.99	92.8	26.36	31.99	95.9	26.11	31.99	98.2
7/06/2018 10:27:50 AM	3611176070	1013.00	26.87	31.99	91.3	26.70	31.99	92.8	26.35	31.99	96.0	26.10	31.99	98.3
7/06/2018 10:27:51 AM	3611176071	1013.00	26.89	31.99	91.1	26.72	31.99	92.6	26.34	31.99	96.1	26.08	31.99	98.5
7/06/2018 10:27:52 AM	3611176072	1013.00	26.89	32.00	91.1	26.68	32.00	93.0	26.37	32.00	95.8	26.11	32.00	98.2
7/06/2018 10:27:53 AM	3611176073	1013.00	26.92	31.99	90.9	26.71	31.99	92.7	26.35	31.99	96.0	26.14	31.99	97.9
7/06/2018 10:27:54 AM	3611176074	1013.00	26.91	32.01	90.9	26.69	32.01	92.9	26.34	32.01	96.0	26.12	32.01	98.1
7/06/2018 10:27:56 AM	3611176076	1013.00	26.90	32.01	91.0	26.69	32.01	92.9	26.31	32.01	96.3	26.12	32.01	98.1
7/06/2018 10:27:57 AM	3611176077	1013.00	26.92	32.00	90.9	26.70	32.00	92.8	26.34	32.00	96.1	26.16	32.00	97.7
7/06/2018 10:27:58 AM	3611176078	1013.00	26.92	32.01	90.8	26.71	32.01	92.7	26.35	32.01	95.9	26.09	32.01	98.4
7/06/2018 10:27:59 AM	3611176079	1013.00	26.91	32.00	90.9	26.72	32.00	92.6	26.30	32.00	96.4	26.09	32.00	98.4
7/06/2018 10:28:00 AM	3611176080	1013.00	26.91	32.00	90.9	26.71	32.00	92.7	26.34	32.00	96.1	26.15	32.00	97.8
7/06/2018 10:28:01 AM	3611176081	1013.00	26.91	32.00	90.9	26.68	32.00	93.0	26.33	32.00	96.1	26.10	32.00	98.3
7/06/2018 10:28:02 AM	3611176082	1013.00	26.93	32.00	90.8	26.69	32.00	92.9	26.29	32.00	96.5	26.17	32.00	97.6
7/06/2018 10:28:03 AM	3611176083	1013.00	26.88	32.00	91.2	26.69	32.00	92.9	26.32	32.00	96.2	26.10	32.00	98.3
7/06/2018 10:28:04 AM	3611176084	1013.00	26.94	32.00	90.7	26.67	32.00	93.0	26.32	32.00	96.2	26.16	32.00	97.7
7/06/2018 10:28:05 AM	3611176085	1013.00	26.91	32.01	90.9	26.67	32.01	93.0	26.34	32.01	96.0	26.13	32.01	98.0
7/06/2018 10:28:06 AM	3611176086	1013.00	26.91	32.01	90.9	26.69	32.01	92.9	26.31	32.01	96.3	26.09	32.01	98.4
7/06/2018 10:28:07 AM	3611176087	1013.00	26.92	32.01	90.8	26.69	32.01	92.9	26.37	32.01	95.8	26.09	32.01	98.4
7/06/2018 10:28:08 AM	3611176088	1013.00	26.90	32.01	91.0	26.72	32.01	92.6	26.37	32.01	95.8	26.15	32.01	97.8
7/06/2018 10:28:09 AM	3611176089	1013.00	26.93	32.01	90.8	26.66	32.01	93.1	26.35	32.01	95.9	26.14	32.01	97.9
7/06/2018 10:28:10 AM	3611176090	1013.00	26.90	32.00	91.0	26.71	32.00	92.7	26.37	32.00	95.8	26.12	32.00	98.1
7/06/2018 10:28:11 AM	3611176091	1013.00	26.97	32.00	90.4	26.70	32.00	92.8	26.35	32.00	96.0	26.14	32.00	97.9
7/06/2018 10:28:12 AM	3611176092	1013.00	26.93	32.01	90.8	26.70	32.01	92.8	26.36	32.01	95.9	26.14	32.01	97.9
7/06/2018 10:28:13 AM	3611176093	1013.00	26.94	32.01	90.7	26.68	32.01	92.9	26.37	32.01	95.8	26.12	32.01	98.1
7/06/2018 10:28:14 AM	3611176094	1013.00	26.95	32.01	90.6	26.69	32.01	92.9	26.30	32.01	96.4	26.15	32.01	97.8
7/06/2018 10:28:15 AM	3611176095	1013.00	26.93	32.02	90.7	26.73	32.02	92.5	26.37	32.02	95.7	26.11	32.02	98.2
7/06/2018 10:28:16 AM	3611176096	1013.00	26.94	32.02	90.6	26.70	32.02	92.8	26.34	32.02	96.0	26.12	32.02	98.1
7/06/2018 10:28:17 AM	3611176097	1013.00	26.96	32.01	90.5	26.72	32.01	92.6	26.35	32.01	95.9	26.17	32.01	97.6
7/06/2018 10:28:18 AM	3611176098	1013.00	26.94	32.01	90.7	26.72	32.01	92.6	26.33	32.01	96.1	26.14	32.01	97.9
7/06/2018 10:28:19 AM	3611176099	1013.00	26.95	32.01	90.6	26.67	32.01	93.0	26.34	32.01	96.0	26.18	32.01	97.5
7/06/2018 10:28:20 AM	3611176100	1013.00	26.97	32.00	90.4	26.71	32.00	92.7	26.37	32.00	95.8	26.13	32.00	98.0
7/06/2018 10:28:21 AM	3611176101	1013.00	26.95	32.00	90.6	26.71	32.00	92.7	26.34	32.00	96.1	26.13	32.00	98.0
7/06/2018 10:28:22 AM	3611176102	1013.00	26.94	32.00	90.7	26.69	32.00	92.9	26.36	32.00	95.9	26.08	32.00	98.5
7/06/2018 10:28:23 AM	3611176103	1013.00	26.95	32.01	90.6	26.72	32.01	92.6	26.32	32.01	96.2	26.11	32.01	98.2
7/06/2018 10:28:24 AM	3611176104	1013.00	26.95	32.01	90.6	26.71	32.01	92.7	26.30	32.01	96.4	26.16	32.01	97.7
7/06/2018 10:28:25 AM	3611176105	1013.00	26.94	32.01	90.7	26.72	32.01	92.6	26.39	32.01	95.6	26.19	32.01	97.4
7/06/2018 10:28:26 AM	3611176106	1013.00	26.98	32.01	90.3	26.73	32.01	92.5	26.38	32.01	95.7	26.15	32.01	97.8
7/06/2018 10:28:27 AM	3611176107	1013.00	26.97	32.01	90.4	26.72	32.01	92.6	26.34	32.01	96.0	26.14	32.01	97.9
7/06/2018 10:28:28 AM	3611176108	1013.00	26.96	32.00	90.5	26.76	32.00	92.3	26.34	32.00	96.1	26.20	32.00	97.4
7/06/2018 10:28:29 AM	3611176109	1013.00	26.97	32.00	90.4	26.73	32.00	92.5	26.33	32.00	96.1	26.20	32.00	97.4
7/06/2018 10:28:30 AM	3611176110	1013.00	26.96	32.00	90.5	26.72	32.00	92.6	26.36	32.00	95.9	26.13	32.00	98.0
7/06/2018 10:28:31 AM	3611176111	1013.00	27.00	32.00	90.2	26.74	32.00	92.4	26.34	32.00	96.1	26.14	32.00	97.9
7/06/2018 10:28:32 AM	3611176112	1013.00	26.98	32.00	90.3	26.71	32.00	92.7	26.36	32.00	95.9	26.17	32.00	97.6
7/06/2018 10:28:33 AM	3611176113	1013.00	27.00	32.00	90.2	26.69	32.00	92.9	26.38	32.00	95.7	26.16	32.00	97.7
7/06/2018 10:28:34 AM	3611176114	1013.00	26.97	32.00	90.4	26.73	32.00	92.5	26.36	32.00	95.9	26.21	32.00	97.3
7/06/2018 10:28:35 AM	3611176115	1013.00	26.99	32.00	90.2	26.73	32.00	92.5	26.34	32.00	96.1	26.19	32.00	97.5
7/06/2018 10:28:36 AM	3611176116	1013.00	26.99	32.00	90.2	26.74	32.00	92.4	26.35	32.00	96.0	26.14	32.00	97.9
7/06/2018 10:28:37 AM	3611176117	1013.00	26.98	32.00	90.3	26.70	32.00	92.8	26.35	32.00	96.0	26.14	32.00	97.9
7/06/2018 10:28:38 AM	3611176118	1013.00	26.98	31.99	90.3	26.69	31.99	92.9	26.33	31.99	96.2	26.19	31.99	97.5
7/06/2018 10:28:39 AM	3611176119	1013.00	26.98	31.99	90.3	26.71	31.99	92.7	26.37	31.99	95.8	26.17	31.99	97.7
7/06/2018 10:28:40 AM	3611176120	1013.00	27.03	32.00	89.9	26.73	32.00	92.5	26.36	32.00	95.9	26.16	32.00	97.7
7/06/2018 10:28:41 AM	3611176121	1013.00	26.98	32.00	90.3	26.72	32.00	92.6	26.36	32.00	95.9	26.16	32.00	97.7
7/06/2018 10:28:42 AM	3611176122	1013.00	27.01	32.00	90.1	26.76	32.00	92.3	26.38	32.00	95.7	26.23	32.00	97.1
7/06/2018 10:28:43 AM	3611176123	1013.00	27.01	32.01	90.1	26.72	32.01	92.6	26.33	32.01	96.1	26.18	32.01	97.5
7/06/2018 10:28:44 AM	3611176124	1013.00	27.00	32.01	90.1	26.69	32.01	92.9	26.34	32.01	96.0	26.19	32.01	97.4
7/06/2018 10:28:45 AM	3611176125	1013.00	27.06	32.01	89.6	26.75	32.01	92.3	26.32	32.01	96.2	26.24	32.01	97.0
7/06/2018 10:28:46 AM	3611176126	1013.00	27.01	32.01	90.1	26.72	32.01	92.6	26.37	32.01	95.8	26.18	32.01	97.5
7/06/2018 10:28:47 AM	3611176127	1013.00	27.00	32.00	90.2	26.75	32.00	92.3	26.35	32.00	96.0	26.14	32.00	97.9
7/06/2018 10:28:48 AM	3611176128	1013.00	26.99	32.00	90.2	26.74	32.00	92.4	26.36	32.00	95.9	26.15	32.00	97.8
7/06/2018 10:28:49 AM	3611176129	1013.00	27.01	32.00	90.1	26.74	32.00	92.4	26.36	32.00	95.9	26.19	32.00	97.5
7/06/2018 10:28:50 AM	3611176130	1013.00	27.04	32.00	89.8	26.75	32.00	92.3	26.33	32.00	96.1	26.23	32.00	97.1
7/06/2018 10:28:51 AM	3611176131	1013.00	27.03	32.00	89.9	26.76	32.00	92.3	26.35	32.00	96.0	26.21	32.00	97.3
7/06/2018 10:28:52 AM	3611176132	1013.00	27.02	32.00	90.0	26.71	32.00	92.7	26.34	32.00	96.1	26.16	32.00	97.7
7/06/2018 10:28:53 AM	3611176133	1013.00	27.01	32.00	90.1	26.74	32.00	92.4	26.37	32.00	95.8	26.19	32.00	97.5
7/06/2018 10:28:54 AM	3611176134	1013.00	27.03	32.00	89.9	26.73	32.00	92.5	26.40	32.00	95.5	26.23	32.00	97.1
7/06/2018 10:28:55 AM	3611176135	1013.00	27.04	32.00	89.8	26.77	32.00	92.2	26.34	32.00	96.1	26.21	32.00	97.3
7/06/2018 10:28:56 AM	3611176136	1013.00	27.03	32.00	89.9	26.73	32.00	92.5	26.35	32.00	96.0	26.24	32.00	97.0
7/06/2018 10:28:57 AM	3611176137	1013.00	27.06	32.00	89.6	26.74	32.00	92.4	26.35	32.00	96.0	26.22	32.00	97.2
7/06/2018 10:28:58 AM	3611176138	1013.00	27.01	32.00	90.1	26.76	32.00	92.3	26.34	32.00	96.1	26.26	32.00	96.8
7/06/2018 10:28:59 AM	3611176139	1013.00	27.03	32.00	89.9	26.79	32.00	92.0	26.38	32.00	95.7	26.20	32.00	97.4
7/06/2018 10:29:00 AM	3611176140	1013.00	27.04	32.00	89.8	26.74	32.00	92.4	26.37	32.00	95.8	26.25	32.00	96.9
7/06/2018 10:29:01 AM	3611176141	1013.00	27.04	32.00	89.8	26.78	32.00	92.1	26.40	32.00	95.5	26.22	32.00	97.2
7/06/2018 10:29:02 AM	3611176142	1013.00	27.04	32.00	89.8	26.76	32.00	92.3	26.31	32.00	96.3	26.22	32.00	97.2
7/06/2018 10:29:03 AM	3611176143	1013.00	27.03	32.00	89.9	26.71	32.00	92.7	26.38	32.00	95.7	26.23	32.00	97.1
7/06/2018 10:29:04 AM	3611176144	1013.00	27.08	32.00	89.5	26.79	32.00	92.0	26.35	32.00	96.0	26.28	32.00	96.6
7/06/2018 10:29:05 AM	3611176145	1013.00	27.06	32.00	89.6	26.78	32.00	92.1	26.34	32.00	96.1	26.27	32.00	96.7
7/06/2018 10:29:06 AM	3611176146	1013.00	27.07	32.00	89.6	26.78	32.00	92.1	26.37	32.00	95.8	26.28	32.00	96.6
7/06/2018 10:29:07 AM	3611176147	1013.00	27.08	31.99	89.5	26.78	31.99	92.1	26.37	31.99	95.8	26.26	31.99	96.8
7/06/2018 10:29:08 AM	3611176148	1013.00	27.07	32.00	89.6	26.74	32.00	92.4	26.34	32.00	96.1	26.23	32.00	97.1
7/06/2018 10:29:09 AM	3611176149	1013.00	27.02	32.00	90.0	26.78	32.00	92.1	26.33	32.00	96.1	26.23	32.00	97.1
7/06/2018 10:29:10 AM	3611176150	1013.00	27.11	32.00	89.2	26.76	32.00	92.3	26.35	32.00	96.0	26.21	32.00	97.3
7/06/2018 10:29:11 AM	3611176151	1013.00	27.08	32.00	89.5	26.73	32.00	92.5	26.36	32.00	95.9	26.28	32.00	96.6
7/06/2018 10:29:12 AM	3611176152	1013.00	27.06	32.00	89.6	26.79	32.00	92.0	26.34	32.00	96.1	26.29	32.00	96.5
7/06/2018 10:29:13 AM	3611176153	1013.00	27.11	32.00	89.2	26.77	32.00	92.2	26.34	32.00	96.1	26.22	32.00	97.2
7/06/2018 10:29:14 AM	3611176154	1013.00	27.05	32.00	89.7	26.80	32.00	91.9	26.39	32.00	95.6	26.26	32.00	96.8
7/06/2018 10:29:15 AM	3611176155	1013.00	27.09	32.00	89.4	26.75	32.00	92.3	26.36	32.00	95.9	26.26	32.00	96.8
7/06/2018 10:29:16 AM	3611176156	1013.00	27.09	32.00	89.4	26.80	32.00	91.9	26.38	32.00	95.7	26.27	32.00	96.7
7/06/2018 10:29:17 AM	3611176157	1013.00	27.09	32.00	89.4	26.77	32.00	92.2	26.36	32.00	95.9	26.25	32.00	96.9
7/06/2018 10:29:18 AM	3611176158	1013.00	27.08	32.00	89.5	26.76	32.00	92.3	26.38	32.00	95.7	26.33	32.00	96.1
7/06/2018 10:29:19 AM	3611176159	1013.00	27.07	32.00	89.6	26.81	32.00	91.8	26.36	32.00	95.9	26.27	32.00	96.7
7/06/2018 10:29:20 AM	3611176160	1013.00	27.11	32.00	89.2	26.77	32.00	92.2	26.39	32.00	95.6	26.29	32.00	96.5
7/06/2018 10:29:21 AM	3611176161	1013.00	27.10	32.00	89.3	26.78	32.00	92.1	26.37	32.00	95.8	26.22	32.00	97.2
7/06/2018 10:29:22 AM	3611176162	1013.00	27.09	32.00	89.4	26.81	32.00	91.8	26.35	32.00	96.0	26.30	32.00	96.4
7/06/2018 10:29:23 AM	3611176163	1013.00	27.09	32.00	89.4	26.82	32.00	91.7	26.35	32.00	96.0	26.29	32.00	96.5
7/06/2018 10:29:24 AM	3611176164	1013.00	27.09	32.00	89.4	26.78	32.00	92.1	26.39	32.00	95.6	26.26	32.00	96.8
7/06/2018 10:29:25 AM	3611176165	1013.00	27.12	32.00	89.1	26.81	32.00	91.8	26.35	32.00	96.0	26.27	32.00	96.7
7/06/2018 10:29:26 AM	3611176166	1013.00	27.09	32.00	89.4	26.78	32.00	92.1	26.37	32.00	95.8	26.23	32.00	97.1
7/06/2018 10:29:27 AM	3611176167	1013.00	27.11	32.00	89.2	26.83	32.00	91.6	26.36	32.00	95.9	26.29	32.00	96.5
7/06/2018 10:29:28 AM	3611176168	1013.00	27.09	32.00	89.4	26.81	32.00	91.8	26.35	32.00	96.0	26.27	32.00	96.7
7/06/2018 10:29:29 AM	3611176169	1013.00	27.12	31.99	89.2	26.80	31.99	91.9	26.39	31.99	95.6	26.28	31.99	96.6
7/06/2018 10:29:30 AM	3611176170	1013.00	27.10	32.00	89.3	26.78	32.00	92.1	26.39	32.00	95.6	26.32	32.00	96.2
7/06/2018 10:29:31 AM	3611176171	1013.00	27.15	32.00	88.9	26.81	32.00	91.8	26.39	32.00	95.6	26.24	32.00	97.0
7/06/2018 10:29:32 AM	3611176172	1013.00	27.12	32.00	89.1	26.82	32.00	91.7	26.40	32.00	95.5	26.29	32.00	96.5
7/06/2018 10:29:33 AM	3611176173	1013.00	27.12	32.00	89.1	26.79	32.00	92.0	26.39	32.00	95.6	26.29	32.00	96.5
7/06/2018 10:29:34 AM	3611176174	1013.00	27.10	32.00	89.3	26.82	32.00	91.7	26.40	32.00	95.5	26.28	32.00	96.6
7/06/2018 10:29:35 AM	3611176175	1013.00	27.13	32.00	89.1	26.81	32.00	91.8	26.40	32.00	95.5	26.28	32.00	96.6
7/06/2018 10:29:36 AM	3611176176	1013.00	27.10	32.00	89.3	26.84	32.00	91.5	26.39	32.00	95.6	26.27	32.00	96.7
7/06/2018 10:29:37 AM	3611176177	1013.00	27.12	31.99	89.2	26.84	31.99	91.6	26.40	31.99	95.5	26.31	31.99	96.3
7/06/2018 10:29:38 AM	3611176178	1013.00	27.11	31.99	89.2	26.84	31.99	91.6	26.40	31.99	95.5	26.30	31.99	96.4
7/06/2018 10:29:39 AM	3611176179	1013.00	27.12	31.99	89.2	26.80	31.99	91.9	26.37	31.99	95.8	26.29	31.99	96.5
7/06/2018 10:29:40 AM	3611176180	1013.00	27.13	32.00	89.1	26.81	32.00	91.8	26.37	32.00	95.8	26.34	32.00	96.1
7/06/2018 10:29:41 AM	3611176181	1013.00	27.15	32.00	88.9	26.79	32.00	92.0	26.39	32.00	95.6	26.34	32.00	96.1
7/06/2018 10:29:42 AM	3611176182	1013.00	27.19	32.00	88.6	26.84	32.00	91.5	26.37	32.00	95.8	26.31	32.00	96.3
7/06/2018 10:29:43 AM	3611176183	1013.00	27.16	32.00	88.8	26.82	32.00	91.7	26.39	32.00	95.6	26.29	32.00	96.5
7/06/2018 10:29:44 AM	3611176184	1013.00	27.12	32.00	89.1	26.84	32.00	91.5	26.40	32.00	95.5	26.28	32.00	96.6
7/06/2018 10:29:45 AM	3611176185	1013.00	27.16	32.00	88.8	26.83	32.00	91.6	26.36	32.00	95.9	26.30	32.00	96.4
7/06/2018 10:29:46 AM	3611176186	1013.00	27.16	32.00	88.8	26.83	32.00	91.6	26.39	32.00	95.6	26.35	32.00	96.0
7/06/2018 10:29:47 AM	3611176187	1013.00	27.19	32.00	88.6	26.84	32.00	91.5	26.34	32.00	96.1	26.33	32.00	96.1
7/06/2018 10:29:48 AM	3611176188	1013.00	27.17	32.00	88.7	26.80	32.00	91.9	26.37	32.00	95.8	26.30	32.00	96.4
7/06/2018 10:29:49 AM	3611176189	1013.00	27.15	32.00	88.9	26.86	32.00	91.4	26.41	32.00	95.4	26.35	32.00	96.0
7/06/2018 10:29:50 AM	3611176190	1013.00	27.17	32.00	88.7	26.84	32.00	91.5	26.34	32.00	96.1	26.32	32.00	96.2
7/06/2018 10:29:51 AM	3611176191	1013.00	27.18	32.00	88.6	26.89	32.00	91.1	26.36	32.00	95.9	26.32	32.00	96.2
7/06/2018 10:29:52 AM	3611176192	1013.00	27.15	32.00	88.9	26.82	32.00	91.7	26.36	32.00	95.9	26.32	32.00	96.2
7/06/2018 10:29:53 AM	3611176193	1013.00	27.21	32.00	88.4	26.84	32.00	91.5	26.39	32.00	95.6	26.33	32.00	96.1
7/06/2018 10:29:54 AM	3611176194	1013.00	27.18	32.00	88.6	26.83	32.00	91.6	26.39	32.00	95.6	26.41	32.00	95.4
7/06/2018 10:29:55 AM	3611176195	1013.00	27.19	32.00	88.6	26.81	32.00	91.8	26.37	32.00	95.8	26.33	32.00	96.1
7/06/2018 10:29:56 AM	3611176196	1013.00	27.19	32.00	88.6	26.87	32.00	91.3	26.38	32.00	95.7	26.32	32.00	96.2
7/06/2018 10:29:57 AM	3611176197	1013.00	27.23	32.00	88.2	26.84	32.00	91.5	26.35	32.00	96.0	26.35	32.00	96.0
7/06/2018 10:29:58 AM	3611176198	1013.00	27.17	32.00	88.7	26.84	32.00	91.5	26.40	32.00	95.5	26.36	32.00	95.9
7/06/2018 10:29:59 AM	3611176199	1013.00	27.20	32.00	88.5	26.86	32.00	91.4	26.40	32.00	95.5	26.38	32.00	95.7
7/06/2018 10:30:00 AM	3611176200	1013.00	27.23	32.00	88.2	26.85	32.00	91.5	26.38	32.00	95.7	26.31	32.00	96.3
7/06/2018 10:30:01 AM	3611176201	1013.00	27.19	32.00	88.6	26.90	32.00	91.0	26.37	32.00	95.8	26.32	32.00	96.2
7/06/2018 10:30:02 AM	3611176202	1013.00	27.21	32.00	88.4	26.85	32.00	91.5	26.38	32.00	95.7	26.35	32.00	96.0
7/06/2018 10:30:03 AM	3611176203	1013.00	27.19	32.00	88.6	26.89	32.00	91.1	26.38	32.00	95.7	26.36	32.00	95.9
7/06/2018 10:30:04 AM	3611176204	1013.00	27.22	32.01	88.3	26.87	32.01	91.3	26.41	32.01	95.4	26.33	32.01	96.1
7/06/2018 10:30:05 AM	3611176205	1013.00	27.23	32.01	88.2	26.89	32.01	91.1	26.40	32.01	95.5	26.36	32.01	95.9
7/06/2018 10:30:06 AM	3611176206	1013.00	27.21	32.01	88.4	26.89	32.01	91.1	26.39	32.01	95.6	26.37	32.01	95.8
7/06/2018 10:30:07 AM	3611176207	1013.00	27.24	32.01	88.1	26.84	32.01	91.5	26.38	32.01	95.7	26.35	32.01	95.9
7/06/2018 10:30:08 AM	3611176208	1013.00	27.21	32.01	88.4	26.89	32.01	91.1	26.40	32.01	95.5	26.40	32.01	95.5
7/06/2018 10:30:09 AM	3611176209	1013.00	27.23	32.00	88.2	26.84	32.00	91.5	26.41	32.00	95.4	26.40	32.00	95.5
7/06/2018 10:30:10 AM	3611176210	1013.00	27.21	32.01	88.4	26.87	32.01	91.3	26.34	32.01	96.0	26.36	32.01	95.9
7/06/2018 10:30:11 AM	3611176211	1013.00	27.22	32.01	88.3	26.86	32.01	91.4	26.35	32.01	95.9	26.36	32.01	95.9
7/06/2018 10:30:12 AM	3611176212	1013.00	27.22	32.01	88.3	26.92	32.01	90.8	26.39	32.01	95.6	26.36	32.01	95.9
7/06/2018 10:30:13 AM	3611176213	1013.00	27.23	32.01	88.2	26.88	32.01	91.2	26.37	32.01	95.8	26.34	32.01	96.0
7/06/2018 10:30:14 AM	3611176214	1013.00	27.25	32.01	88.0	26.87	32.01	91.3	26.41	32.01	95.4	26.40	32.01	95.5
7/06/2018 10:30:15 AM	3611176215	1013.00	27.25	32.00	88.0	26.88	32.00	91.2	26.40	32.00	95.5	26.42	32.00	95.3
7/06/2018 10:30:16 AM	3611176216	1013.00	27.26	32.00	88.0	26.91	32.00	90.9	26.37	32.00	95.8	26.41	32.00	95.4
7/06/2018 10:30:17 AM	3611176217	1013.00	27.23	32.00	88.2	26.90	32.00	91.0	26.44	32.00	95.1	26.40	32.00	95.5
7/06/2018 10:30:18 AM	3611176218	1013.00	27.24	32.00	88.1	26.92	32.00	90.9	26.39	32.00	95.6	26.45	32.00	95.0
7/06/2018 10:30:19 AM	3611176219	1013.00	27.24	32.00	88.1	26.87	32.00	91.3	26.44	32.00	95.1	26.42	32.00	95.3
7/06/2018 10:30:20 AM	3611176220	1013.00	27.27	32.00	87.9	26.88	32.00	91.2	26.40	32.00	95.5	26.41	32.00	95.4
7/06/2018 10:30:21 AM	3611176221	1013.00	27.25	32.00	88.0	26.95	32.00	90.6	26.39	32.00	95.6	26.49	32.00	94.7
7/06/2018 10:30:22 AM	3611176222	1013.00	27.26	32.00	88.0	26.92	32.00	90.9	26.40	32.00	95.5	26.43	32.00	95.2
7/06/2018 10:30:23 AM	3611176223	1013.00	27.30	31.99	87.6	26.93	31.99	90.8	26.42	31.99	95.3	26.45	31.99	95.1
7/06/2018 10:30:24 AM	3611176224	1013.00	27.27	32.00	87.9	26.95	32.00	90.6	26.41	32.00	95.4	26.40	32.00	95.5
7/06/2018 10:30:25 AM	3611176225	1013.00	27.31	32.00	87.6	26.91	32.00	90.9	26.38	32.00	95.7	26.49	32.00	94.7
7/06/2018 10:30:26 AM	3611176226	1013.00	27.32	32.00	87.5	26.90	32.00	91.0	26.42	32.00	95.3	26.41	32.00	95.4
7/06/2018 10:30:27 AM	3611176227	1013.00	27.34	32.00	87.3	26.89	32.00	91.1	26.40	32.00	95.5	26.44	32.00	95.1
7/06/2018 10:30:28 AM	3611176228	1013.00	27.30	32.00	87.6	26.96	32.00	90.5	26.42	32.00	95.3	26.44	32.00	95.1
7/06/2018 10:30:29 AM	3611176229	1013.00	27.34	32.00	87.3	26.92	32.00	90.9	26.43	32.00	95.2	26.44	32.00	95.1
7/06/2018 10:30:30 AM	3611176230	1013.00	27.34	32.00	87.3	26.91	32.00	90.9	26.43	32.00	95.2	26.42	32.00	95.3
7/06/2018 10:30:31 AM	3611176231	1013.00	27.32	32.00	87.5	26.95	32.00	90.6	26.38	32.00	95.7	26.39	32.00	95.6
7/06/2018 10:30:32 AM	3611176232	1013.00	27.31	32.00	87.6	26.98	32.00	90.3	26.41	32.00	95.4	26.50	32.00	94.6
7/06/2018 10:30:33 AM	3611176233	1013.00	27.34	32.00	87.3	26.95	32.00	90.6	26.42	32.00	95.3	26.47	32.00	94.9
7/06/2018 10:30:34 AM	3611176234	1013.00	27.33	32.01	87.4	26.93	32.01	90.8	26.42	32.01	95.3	26.45	32.01	95.0
7/06/2018 10:30:35 AM	3611176235	1013.00	27.38	32.00	87.0	26.97	32.00	90.4	26.42	32.00	95.3	26.44	32.00	95.1
7/06/2018 10:30:36 AM	3611176236	1013.00	27.36	32.00	87.1	26.99	32.00	90.2	26.43	32.00	95.2	26.48	32.00	94.8
7/06/2018 10:30:37 AM	3611176237	1013.00	27.33	32.00	87.4	26.98	32.00	90.3	26.41	32.00	95.4	26.48	32.00	94.8
7/06/2018 10:30:38 AM	3611176238	1013.00	27.36	32.00	87.1	26.98	32.00	90.3	26.41	32.00	95.4	26.47	32.00	94.9
7/06/2018 10:30:39 AM	3611176239	1013.00	27.35	32.00	87.2	26.97	32.00	90.4	26.42	32.00	95.3	26.45	32.00	95.0
7/06/2018 10:30:40 AM	3611176240	1013.00	27.36	32.00	87.1	26.96	32.00	90.5	26.41	32.00	95.4	26.44	32.00	95.1
7/06/2018 10:30:41 AM	3611176241	1013.00	27.36	32.00	87.1	26.94	32.00	90.7	26.41	32.00	95.4	26.46	32.00	94.9
7/06/2018 10:30:42 AM	3611176242	1013.00	27.37	32.01	87.0	27.01	32.01	90.1	26.40	32.01	95.5	26.47	32.01	94.8
7/06/2018 10:30:43 AM	3611176243	1013.00	27.35	32.01	87.2	26.99	32.01	90.2	26.40	32.01	95.5	26.42	32.01	95.3
7/06/2018 10:30:44 AM	3611176244	1013.00	27.39	32.01	86.9	26.94	32.01	90.7	26.43	32.01	95.2	26.46	32.01	94.9
7/06/2018 10:30:45 AM	3611176245	1013.00	27.37	32.01	87.0	26.98	32.01	90.3	26.46	32.01	94.9	26.44	32.01	95.1
7/06/2018 10:30:46 AM	3611176246	1013.00	27.35	32.01	87.2	26.96	32.01	90.5	26.40	32.01	95.5	26.51	32.01	94.5
7/06/2018 10:30:47 AM	3611176247	1013.00	27.40	32.01	86.8	27.00	32.01	90.1	26.41	32.01	95.4	26.51	32.01	94.5
7/06/2018 10:30:48 AM	3611176248	1013.00	27.38	32.01	87.0	26.97	32.01	90.4	26.39	32.01	95.6	26.45	32.01	95.0
7/06/2018 10:30:49 AM	3611176249	1013.00	27.37	32.00	87.1	26.98	32.00	90.3	26.40	32.00	95.5	26.50	32.00	94.6
7/06/2018 10:30:50 AM	3611176250	1013.00	27.39	32.00	86.9	26.98	32.00	90.3	26.40	32.00	95.5	26.51	32.00	94.5
7/06/2018 10:30:51 AM	3611176251	1013.00	27.39	32.00	86.9	26.98	32.00	90.3	26.43	32.00	95.2	26.45	32.00	95.0
7/06/2018 10:30:52 AM	3611176252	1013.00	27.38	32.00	87.0	27.05	32.00	89.7	26.42	32.00	95.3	26.49	32.00	94.7
7/06/2018 10:30:53 AM	3611176253	1013.00	27.40	32.00	86.8	26.96	32.00	90.5	26.45	32.00	95.0	26.51	32.00	94.5
7/06/2018 10:30:54 AM	3611176254	1013.00	27.42	32.00	86.6	27.00	32.00	90.2	26.41	32.00	95.4	26.44	32.00	95.1
7/06/2018 10:30:55 AM	3611176255	1013.00	27.37	32.00	87.1	26.98	32.00	90.3	26.42	32.00	95.3	26.50	32.00	94.6
7/06/2018 10:30:56 AM	3611176256	1013.00	27.39	32.00	86.9	26.97	32.00	90.4	26.43	32.00	95.2	26.49	32.00	94.7
7/06/2018 10:30:57 AM	3611176257	1013.00	27.44	32.00	86.5	27.01	32.00	90.1	26.40	32.00	95.5	26.55	32.00	94.1
7/06/2018 10:30:58 AM	3611176258	1013.00	27.43	32.00	86.6	27.01	32.00	90.1	26.41	32.00	95.4	26.51	32.00	94.5
7/06/2018 10:30:59 AM	3611176259	1013.00	27.41	32.01	86.7	26.97	32.01	90.4	26.43	32.01	95.2	26.49	32.01	94.7
7/06/2018 10:31:00 AM	3611176260	1013.00	27.42	32.00	86.6	27.00	32.00	90.2	26.44	32.00	95.1	26.55	32.00	94.1
7/06/2018 10:31:01 AM	3611176261	1013.00	27.38	32.00	87.0	27.01	32.00	90.1	26.45	32.00	95.0	26.48	32.00	94.8
7/06/2018 10:31:02 AM	3611176262	1013.00	27.46	32.00	86.3	27.04	32.00	89.8	26.44	32.00	95.1	26.50	32.00	94.6
7/06/2018 10:31:03 AM	3611176263	1013.00	27.41	32.00	86.7	27.02	32.00	90.0	26.43	32.00	95.2	26.49	32.00	94.7
7/06/2018 10:31:04 AM	3611176264	1013.00	27.43	32.00	86.6	26.95	32.00	90.6	26.44	32.00	95.1	26.56	32.00	94.0
7/06/2018 10:31:05 AM	3611176265	1013.00	27.44	32.00	86.5	27.02	32.00	90.0	26.45	32.00	95.0	26.53	32.00	94.3
7/06/2018 10:31:06 AM	3611176266	1013.00	27.46	32.00	86.3	27.03	32.00	89.9	26.44	32.00	95.1	26.53	32.00	94.3
7/06/2018 10:31:07 AM	3611176267	1013.00	27.45	32.00	86.4	27.00	32.00	90.2	26.41	32.00	95.4	26.48	32.00	94.8
7/06/2018 10:31:08 AM	3611176268	1013.00	27.46	32.00	86.3	27.01	32.00	90.1	26.45	32.00	95.0	26.50	32.00	94.6
7/06/2018 10:31:09 AM	3611176269	1013.00	27.46	32.00	86.3	27.06	32.00	89.6	26.43	32.00	95.2	26.50	32.00	94.6
7/06/2018 10:31:10 AM	3611176270	1013.00	27.44	32.00	86.5	27.04	32.00	89.8	26.41	32.00	95.4	26.52	32.00	94.4
7/06/2018 10:31:11 AM	3611176271	1013.00	27.51	32.00	85.9	26.98	32.00	90.3	26.43	32.00	95.2	26.52	32.00	94.4
7/06/2018 10:31:12 AM	3611176272	1013.00	27.46	32.00	86.3	27.03	32.00	89.9	26.43	32.00	95.2	26.53	32.00	94.3
7/06/2018 10:31:13 AM	3611176273	1013.00	27.51	32.00	85.9	27.05	32.00	89.7	26.44	32.00	95.1	26.54	32.00	94.2
7/06/2018 10:31:14 AM	3611176274	1013.00	27.49	32.00	86.1	27.02	32.00	90.0	26.45	32.00	95.0	26.54	32.00	94.2
7/06/2018 10:31:15 AM	3611176275	1013.00	27.46	32.00	86.3	27.05	32.00	89.7	26.42	32.00	95.3	26.54	32.00	94.2
7/06/2018 10:31:16 AM	3611176276	1013.00	27.48	32.00	86.2	27.03	32.00	89.9	26.45	32.00	95.0	26.57	32.00	93.9
7/06/2018 10:31:17 AM	3611176277	1013.00	27.48	32.00	86.2	27.05	32.00	89.7	26.44	32.00	95.1	26.56	32.00	94.0
7/06/2018 10:31:18 AM	3611176278	1013.00	27.50	32.00	86.0	26.99	32.00	90.2	26.44	32.00	95.1	26.51	32.00	94.5
7/06/2018 10:31:19 AM	3611176279	1013.00	27.51	32.00	85.9	27.06	32.00	89.6	26.45	32.00	95.0	26.51	32.00	94.5
7/06/2018 10:31:20 AM	3611176280	1013.00	27.50	32.00	86.0	27.01	32.00	90.1	26.47	32.00	94.9	26.53	32.00	94.3
7/06/2018 10:31:21 AM	3611176281	1013.00	27.49	32.00	86.1	27.00	32.00	90.2	26.43	32.00	95.2	26.52	32.00	94.4
7/06/2018 10:31:22 AM	3611176282	1013.00	27.53	32.00	85.8	26.96	32.00	90.5	26.46	32.00	94.9	26.57	32.00	93.9
7/06/2018 10:31:23 AM	3611176283	1013.00	27.52	32.01	85.8	27.02	32.01	90.0	26.45	32.01	95.0	26.54	32.01	94.2
7/06/2018 10:31:24 AM	3611176284	1013.00	27.52	32.01	85.8	27.05	32.01	89.7	26.43	32.01	95.2	26.54	32.01	94.2
7/06/2018 10:31:25 AM	3611176285	1013.00	27.55	32.00	85.6	27.02	32.00	90.0	26.44	32.00	95.1	26.54	32.00	94.2
7/06/2018 10:31:26 AM	3611176286	1013.00	27.52	32.00	85.8	27.02	32.00	90.0	26.46	32.00	94.9	26.58	32.00	93.9
7/06/2018 10:31:27 AM	3611176287	1013.00	27.52	32.00	85.8	27.03	32.00	89.9	26.44	32.00	95.1	26.58	32.00	93.9
7/06/2018 10:31:28 AM	3611176288	1013.00	27.51	32.01	85.9	27.02	32.01	90.0	26.42	32.01	95.3	26.62	32.01	93.5
7/06/2018 10:31:29 AM	3611176289	1013.00	27.53	32.01	85.7	27.06	32.01	89.6	26.45	32.01	95.0	26.59	32.01	93.8
7/06/2018 10:31:30 AM	3611176290	1013.00	27.57	32.01	85.4	27.01	32.01	90.1	26.45	32.01	95.0	26.52	32.01	94.4
7/06/2018 10:31:31 AM	3611176291	1013.00	27.55	32.01	85.6	27.03	32.01	89.9	26.46	32.01	94.9	26.59	32.01	93.8
7/06/2018 10:31:32 AM	3611176292	1013.00	27.53	32.01	85.7	27.04	32.01	89.8	26.44	32.01	95.1	26.53	32.01	94.3
7/06/2018 10:31:33 AM	3611176293	1013.00	27.54	32.01	85.7	27.06	32.01	89.6	26.44	32.01	95.1	26.60	32.01	93.7
7/06/2018 10:31:34 AM	3611176294	1013.00	27.53	32.01	85.7	27.04	32.01	89.8	26.45	32.01	95.0	26.61	32.01	93.6
7/06/2018 10:31:35 AM	3611176295	1013.00	27.56	32.01	85.5	27.06	32.01	89.6	26.45	32.01	95.0	26.60	32.01	93.7
7/06/2018 10:31:36 AM	3611176296	1013.00	27.58	32.01	85.3	27.05	32.01	89.7	26.45	32.01	95.0	26.62	32.01	93.5
7/06/2018 10:31:37 AM	3611176297	1013.00	27.55	32.01	85.6	27.04	32.01	89.8	26.46	32.01	94.9	26.62	32.01	93.5
7/06/2018 10:31:38 AM	3611176298	1013.00	27.58	32.01	85.3	27.02	32.01	90.0	26.43	32.01	95.2	26.55	32.01	94.1
7/06/2018 10:31:39 AM	3611176299	1013.00	27.56	32.01	85.5	27.06	32.01	89.6	26.43	32.01	95.2	26.61	32.01	93.6
7/06/2018 10:31:40 AM	3611176300	1013.00	27.58	32.01	85.3	27.09	32.01	89.4	26.45	32.01	95.0	26.60	32.01	93.7
7/06/2018 10:31:41 AM	3611176301	1013.00	27.56	32.01	85.5	27.05	32.01	89.7	26.45	32.01	95.0	26.62	32.01	93.5
7/06/2018 10:31:42 AM	3611176302	1013.00	27.57	32.01	85.4	27.03	32.01	89.9	26.43	32.01	95.2	26.61	32.01	93.6
7/06/2018 10:31:43 AM	3611176303	1013.00	27.56	32.01	85.5	27.06	32.01	89.6	26.45	32.01	95.0	26.62	32.01	93.5
7/06/2018 10:31:44 AM	3611176304	1013.00	27.56	32.00	85.5	27.08	32.00	89.5	26.46	32.00	94.9	26.64	32.00	93.3
7/06/2018 10:31:45 AM	3611176305	1013.00	27.59	32.00	85.3	27.07	32.00	89.6	26.45	32.00	95.0	26.60	32.00	93.7
7/06/2018 10:31:46 AM	3611176306	1013.00	27.57	32.00	85.4	27.07	32.00	89.6	26.48	32.00	94.8	26.57	32.00	93.9
7/06/2018 10:31:47 AM	3611176307	1013.00	27.60	32.00	85.2	27.05	32.00	89.7	26.48	32.00	94.8	26.62	32.00	93.5
7/06/2018 10:31:48 AM	3611176308	1013.00	27.59	32.01	85.3	27.03	32.01	89.9	26.49	32.01	94.7	26.57	32.01	93.9
7/06/2018 10:31:49 AM	3611176309	1013.00	27.59	32.01	85.3	27.06	32.01	89.6	26.48	32.01	94.7	26.58	32.01	93.8
7/06/2018 10:31:50 AM	3611176310	1013.00	27.60	32.01	85.2	27.06	32.01	89.6	26.46	32.01	94.9	26.56	32.01	94.0
7/06/2018 10:31:51 AM	3611176311	1013.00	27.60	32.02	85.2	27.10	32.02	89.3	26.47	32.02	94.8	26.64	32.02	93.3
7/06/2018 10:31:52 AM	3611176312	1013.00	27.66	32.02	84.7	27.08	32.02	89.5	26.48	32.02	94.7	26.66	32.02	93.1
7/06/2018 10:31:53 AM	3611176313	1013.00	27.62	32.01	85.0	27.09	32.01	89.4	26.47	32.01	94.8	26.66	32.01	93.1
7/06/2018 10:31:54 AM	3611176314	1013.00	27.62	32.01	85.0	27.06	32.01	89.6	26.48	32.01	94.7	26.64	32.01	93.3
7/06/2018 10:31:55 AM	3611176315	1013.00	27.65	32.01	84.8	27.09	32.01	89.4	26.46	32.01	94.9	26.67	32.01	93.0
7/06/2018 10:31:56 AM	3611176316	1013.00	27.63	32.01	84.9	27.09	32.01	89.4	26.47	32.01	94.8	26.65	32.01	93.2
7/06/2018 10:31:57 AM	3611176317	1013.00	27.66	32.01	84.7	27.09	32.01	89.4	26.48	32.01	94.7	26.65	32.01	93.2
7/06/2018 10:31:58 AM	3611176318	1013.00	27.68	32.01	84.5	27.09	32.01	89.4	26.48	32.01	94.7	26.65	32.01	93.2
7/06/2018 10:31:59 AM	3611176319	1013.00	27.64	32.01	84.9	27.10	32.01	89.3	26.52	32.01	94.4	26.60	32.01	93.7
7/06/2018 10:32:00 AM	3611176320	1013.00	27.66	32.01	84.7	27.05	32.01	89.7	26.46	32.01	94.9	26.68	32.01	92.9
7/06/2018 10:32:01 AM	3611176321	1013.00	27.61	32.01	85.1	27.10	32.01	89.3	26.47	32.01	94.8	26.60	32.01	93.7
7/06/2018 10:32:02 AM	3611176322	1013.00	27.63	32.01	84.9	27.08	32.01	89.5	26.49	32.01	94.7	26.66	32.01	93.1
7/06/2018 10:32:03 AM	3611176323	1013.00	27.65	32.01	84.8	27.08	32.01	89.5	26.50	32.01	94.6	26.65	32.01	93.2
7/06/2018 10:32:04 AM	3611176324	1013.00	27.68	32.01	84.5	27.02	32.01	90.0	26.53	32.01	94.3	26.69	32.01	92.9
7/06/2018 10:32:05 AM	3611176325	1013.00	27.68	32.01	84.5	27.06	32.01	89.6	26.46	32.01	94.9	26.65	32.01	93.2
7/06/2018 10:32:06 AM	3611176326	1013.00	27.67	32.00	84.6	27.11	32.00	89.2	26.48	32.00	94.8	26.70	32.00	92.8
7/06/2018 10:32:07 AM	3611176327	1013.00	27.66	32.00	84.7	27.11	32.00	89.2	26.46	32.00	94.9	26.66	32.00	93.1
7/06/2018 10:32:08 AM	3611176328	1013.00	27.70	32.00	84.4	27.08	32.00	89.5	26.46	32.00	94.9	26.65	32.00	93.2
7/06/2018 10:32:09 AM	3611176329	1013.00	27.67	32.00	84.6	27.08	32.00	89.5	26.49	32.00	94.7	26.68	32.00	93.0
7/06/2018 10:32:10 AM	3611176330	1013.00	27.71	32.00	84.3	27.11	32.00	89.2	26.48	32.00	94.8	26.67	32.00	93.0
7/06/2018 10:32:11 AM	3611176331	1013.00	27.68	32.00	84.6	27.09	32.00	89.4	26.51	32.00	94.5	26.71	32.00	92.7
7/06/2018 10:32:12 AM	3611176332	1013.00	27.70	32.00	84.4	27.11	32.00	89.2	26.48	32.00	94.8	26.70	32.00	92.8
7/06/2018 10:32:13 AM	3611176333	1013.00	27.70	32.00	84.4	27.06	32.00	89.6	26.49	32.00	94.7	26.64	32.00	93.3
7/06/2018 10:32:14 AM	3611176334	1013.00	27.69	32.00	84.5	27.12	32.00	89.1	26.48	32.00	94.8	26.64	32.00	93.3
7/06/2018 10:32:15 AM	3611176335	1013.00	27.70	32.00	84.4	27.09	32.00	89.4	26.47	32.00	94.9	26.67	32.00	93.0
7/06/2018 10:32:16 AM	3611176336	1013.00	27.69	32.01	84.5	27.15	32.01	88.9	26.48	32.01	94.7	26.71	32.01	92.7
7/06/2018 10:32:17 AM	3611176337	1013.00	27.69	32.01	84.5	27.13	32.01	89.0	26.48	32.01	94.7	26.67	32.01	93.0
7/06/2018 10:32:18 AM	3611176338	1013.00	27.72	32.00	84.2	27.13	32.00	89.1	26.49	32.00	94.7	26.67	32.00	93.0
7/06/2018 10:32:19 AM	3611176339	1013.00	27.71	32.01	84.3	27.09	32.01	89.4	26.49	32.01	94.7	26.65	32.01	93.2
7/06/2018 10:32:20 AM	3611176340	1013.00	27.74	32.00	84.1	27.06	32.00	89.6	26.46	32.00	94.9	26.65	32.00	93.2
7/06/2018 10:32:21 AM	3611176341	1013.00	27.74	32.00	84.1	27.17	32.00	88.7	26.51	32.00	94.5	26.67	32.00	93.0
7/06/2018 10:32:22 AM	3611176342	1013.00	27.74	32.00	84.1	27.12	32.00	89.1	26.49	32.00	94.7	26.68	32.00	93.0
7/06/2018 10:32:23 AM	3611176343	1013.00	27.73	32.01	84.1	27.16	32.01	88.8	26.51	32.01	94.5	26.69	32.01	92.9
7/06/2018 10:32:24 AM	3611176344	1013.00	27.74	32.01	84.1	27.16	32.01	88.8	26.47	32.01	94.8	26.75	32.01	92.3
7/06/2018 10:32:25 AM	3611176345	1013.00	27.73	32.01	84.1	27.16	32.01	88.8	26.51	32.01	94.5	26.69	32.01	92.9
7/06/2018 10:32:26 AM	3611176346	1013.00	27.72	32.01	84.2	27.13	32.01	89.0	26.51	32.01	94.5	26.66	32.01	93.1
7/06/2018 10:32:27 AM	3611176347	1013.00	27.75	32.01	84.0	27.14	32.01	89.0	26.51	32.01	94.5	26.75	32.01	92.3
7/06/2018 10:32:28 AM	3611176348	1013.00	27.77	32.00	83.8	27.15	32.00	88.9	26.52	32.00	94.4	26.66	32.00	93.1
7/06/2018 10:32:29 AM	3611176349	1013.00	27.79	32.00	83.7	27.12	32.00	89.1	26.51	32.00	94.5	26.69	32.00	92.9
7/06/2018 10:32:30 AM	3611176350	1013.00	27.77	32.00	83.8	27.11	32.00	89.2	26.49	32.00	94.7	26.67	32.00	93.0
7/06/2018 10:32:31 AM	3611176351	1013.00	27.75	32.00	84.0	27.17	32.00	88.7	26.50	32.00	94.6	26.70	32.00	92.8
7/06/2018 10:32:32 AM	3611176352	1013.00	27.76	32.00	83.9	27.15	32.00	88.9	26.52	32.00	94.4	26.72	32.00	92.6
7/06/2018 10:32:33 AM	3611176353	1013.00	27.78	32.00	83.8	27.15	32.00	88.9	26.53	32.00	94.3	26.74	32.00	92.4
7/06/2018 10:32:34 AM	3611176354	1013.00	27.79	32.01	83.7	27.18	32.01	88.6	26.51	32.01	94.5	26.67	32.01	93.0
7/06/2018 10:32:35 AM	3611176355	1013.00	27.77	32.01	83.8	27.15	32.01	88.9	26.52	32.01	94.4	26.75	32.01	92.3
7/06/2018 10:32:36 AM	3611176356	1013.00	27.78	32.01	83.8	27.18	32.01	88.6	26.51	32.01	94.5	26.71	32.01	92.7
7/06/2018 10:32:37 AM	3611176357	1013.00	27.79	32.01	83.7	27.18	32.01	88.6	26.54	32.01	94.2	26.75	32.01	92.3
7/06/2018 10:32:38 AM	3611176358	1013.00	27.79	32.02	83.7	27.15	32.02	88.9	26.47	32.02	94.8	26.75	32.02	92.3
7/06/2018 10:32:39 AM	3611176359	1013.00	27.81	32.01	83.5	27.15	32.01	88.9	26.51	32.01	94.5	26.76	32.01	92.2
7/06/2018 10:32:40 AM	3611176360	1013.00	27.81	32.02	83.5	27.18	32.02	88.6	26.49	32.02	94.6	26.75	32.02	92.3
7/06/2018 10:32:41 AM	3611176361	1013.00	27.81	32.02	83.5	27.14	32.02	88.9	26.54	32.02	94.2	26.75	32.02	92.3
7/06/2018 10:32:42 AM	3611176362	1013.00	27.80	32.02	83.6	27.16	32.02	88.8	26.54	32.02	94.2	26.76	32.02	92.2
7/06/2018 10:32:43 AM	3611176363	1013.00	27.85	32.02	83.2	27.19	32.02	88.5	26.54	32.02	94.2	26.76	32.02	92.2
7/06/2018 10:32:44 AM	3611176364	1013.00	27.78	32.02	83.7	27.19	32.02	88.5	26.55	32.02	94.1	26.75	32.02	92.3
7/06/2018 10:32:45 AM	3611176365	1013.00	27.81	32.01	83.5	27.14	32.01	89.0	26.50	32.01	94.6	26.74	32.01	92.4
7/06/2018 10:32:46 AM	3611176366	1013.00	27.80	32.02	83.6	27.14	32.02	88.9	26.51	32.02	94.5	26.77	32.02	92.1
7/06/2018 10:32:47 AM	3611176367	1013.00	27.83	32.01	83.4	27.19	32.01	88.5	26.55	32.01	94.1	26.77	32.01	92.1
7/06/2018 10:32:48 AM	3611176368	1013.00	27.80	32.02	83.6	27.13	32.02	89.0	26.52	32.02	94.4	26.78	32.02	92.0
7/06/2018 10:32:49 AM	3611176369	1013.00	27.86	32.01	83.1	27.21	32.01	88.4	26.53	32.01	94.3	26.75	32.01	92.3
7/06/2018 10:32:50 AM	3611176370	1013.00	27.86	32.02	83.1	27.13	32.02	89.0	26.50	32.02	94.6	26.73	32.02	92.5
7/06/2018 10:32:51 AM	3611176371	1013.00	27.87	32.01	83.1	27.17	32.01	88.7	26.52	32.01	94.4	26.77	32.01	92.1
7/06/2018 10:32:52 AM	3611176372	1013.00	27.84	32.01	83.3	27.19	32.01	88.5	26.52	32.01	94.4	26.76	32.01	92.2
7/06/2018 10:32:53 AM	3611176373	1013.00	27.87	32.01	83.1	27.17	32.01	88.7	26.52	32.01	94.4	26.76	32.01	92.2
7/06/2018 10:32:54 AM	3611176374	1013.00	27.88	32.02	83.0	27.20	32.02	88.4	26.50	32.02	94.6	26.74	32.02	92.4
7/06/2018 10:32:55 AM	3611176375	1013.00	27.92	32.01	82.7	27.17	32.01	88.7	26.54	32.01	94.2	26.78	32.01	92.1
7/06/2018 10:32:56 AM	3611176376	1013.00	27.89	32.02	82.9	27.17	32.02	88.7	26.49	32.02	94.6	26.80	32.02	91.9
7/06/2018 10:32:57 AM	3611176377	1013.00	27.88	32.02	83.0	27.21	32.02	88.4	26.54	32.02	94.2	26.77	32.02	92.1
7/06/2018 10:32:58 AM	3611176378	1013.00	27.90	32.02	82.8	27.21	32.02	88.4	26.52	32.02	94.4	26.77	32.02	92.1
7/06/2018 10:32:59 AM	3611176379	1013.00	27.89	32.02	82.9	27.18	32.02	88.6	26.56	32.02	94.0	26.73	32.02	92.5
7/06/2018 10:33:00 AM	3611176380	1013.00	27.90	32.01	82.8	27.19	32.01	88.5	26.52	32.01	94.4	26.76	32.01	92.2
7/06/2018 10:33:01 AM	3611176381	1013.00	27.87	32.01	83.1	27.24	32.01	88.1	26.55	32.01	94.1	26.83	32.01	91.6
7/06/2018 10:33:02 AM	3611176382	1013.00	27.90	32.01	82.8	27.23	32.01	88.2	26.54	32.01	94.2	26.86	32.01	91.4
7/06/2018 10:33:03 AM	3611176383	1013.00	27.90	32.01	82.8	27.18	32.01	88.6	26.54	32.01	94.2	26.79	32.01	92.0
7/06/2018 10:33:04 AM	3611176384	1013.00	27.91	32.01	82.7	27.19	32.01	88.5	26.56	32.01	94.0	26.77	32.01	92.1
7/06/2018 10:33:05 AM	3611176385	1013.00	27.89	32.01	82.9	27.20	32.01	88.5	26.54	32.01	94.2	26.86	32.01	91.4
7/06/2018 10:33:06 AM	3611176386	1013.00	27.93	32.02	82.6	27.22	32.02	88.3	26.54	32.02	94.2	26.77	32.02	92.1
7/06/2018 10:33:07 AM	3611176387	1013.00	27.93	32.02	82.6	27.19	32.02	88.5	26.50	32.02	94.6	26.81	32.02	91.8
7/06/2018 10:33:08 AM	3611176388	1013.00	27.92	32.02	82.7	27.24	32.02	88.1	26.55	32.02	94.1	26.84	32.02	91.5
7/06/2018 10:33:09 AM	3611176389	1013.00	27.94	32.02	82.5	27.16	32.02	88.8	26.55	32.02	94.1	26.82	32.02	91.7
7/06/2018 10:33:10 AM	3611176390	1013.00	27.94	32.02	82.5	27.20	32.02	88.4	26.55	32.02	94.1	26.83	32.02	91.6
7/06/2018 10:33:11 AM	3611176391	1013.00	27.93	32.01	82.6	27.26	32.01	88.0	26.54	32.01	94.2	26.85	32.01	91.4
7/06/2018 10:33:12 AM	3611176392	1013.00	27.96	32.02	82.3	27.20	32.02	88.4	26.53	32.02	94.3	26.85	32.02	91.4
7/06/2018 10:33:13 AM	3611176393	1013.00	27.93	32.01	82.6	27.23	32.01	88.2	26.54	32.01	94.2	26.90	32.01	91.0
7/06/2018 10:33:14 AM	3611176394	1013.00	27.97	32.01	82.3	27.19	32.01	88.5	26.54	32.01	94.2	26.82	32.01	91.7
7/06/2018 10:33:15 AM	3611176395	1013.00	27.94	32.01	82.5	27.23	32.01	88.2	26.56	32.01	94.0	26.85	32.01	91.4
7/06/2018 10:33:16 AM	3611176396	1013.00	27.96	32.01	82.4	27.21	32.01	88.4	26.53	32.01	94.3	26.83	32.01	91.6
7/06/2018 10:33:17 AM	3611176397	1013.00	27.95	32.01	82.4	27.25	32.01	88.0	26.57	32.01	93.9	26.84	32.01	91.5
7/06/2018 10:33:18 AM	3611176398	1013.00	27.99	32.01	82.1	27.22	32.01	88.3	26.54	32.01	94.2	26.84	32.01	91.5
7/06/2018 10:33:19 AM	3611176399	1013.00	27.97	32.01	82.3	27.29	32.01	87.7	26.57	32.01	93.9	26.90	32.01	91.0
7/06/2018 10:33:20 AM	3611176400	1013.00	27.94	32.01	82.5	27.23	32.01	88.2	26.57	32.01	93.9	26.83	32.01	91.6
7/06/2018 10:33:21 AM	3611176401	1013.00	27.97	32.01	82.3	27.21	32.01	88.4	26.54	32.01	94.2	26.86	32.01	91.4
7/06/2018 10:33:22 AM	3611176402	1013.00	27.98	32.01	82.2	27.28	32.01	87.8	26.53	32.01	94.3	26.80	32.01	91.9
7/06/2018 10:33:23 AM	3611176403	1013.00	27.98	32.01	82.2	27.22	32.01	88.3	26.56	32.01	94.0	26.86	32.01	91.4
7/06/2018 10:33:24 AM	3611176404	1013.00	27.99	32.01	82.1	27.25	32.01	88.0	26.58	32.01	93.8	26.92	32.01	90.8
7/06/2018 10:33:25 AM	3611176405	1013.00	27.96	32.02	82.3	27.25	32.02	88.0	26.59	32.02	93.7	26.85	32.02	91.4
7/06/2018 10:33:26 AM	3611176406	1013.00	28.01	32.02	82.0	27.25	32.02	88.0	26.58	32.02	93.8	26.86	32.02	91.3
7/06/2018 10:33:27 AM	3611176407	1013.00	28.00	32.02	82.0	27.26	32.02	87.9	26.59	32.02	93.7	26.86	32.02	91.3
7/06/2018 10:33:28 AM	3611176408	1013.00	28.02	32.02	81.9	27.24	32.02	88.1	26.54	32.02	94.2	26.85	32.02	91.4
7/06/2018 10:33:29 AM	3611176409	1013.00	27.98	32.02	82.2	27.28	32.02	87.8	26.56	32.02	94.0	26.90	32.02	91.0
7/06/2018 10:33:30 AM	3611176410	1013.00	28.01	32.02	82.0	27.22	32.02	88.3	26.59	32.02	93.7	26.89	32.02	91.1
7/06/2018 10:33:31 AM	3611176411	1013.00	28.04	32.02	81.7	27.28	32.02	87.8	26.55	32.02	94.1	26.88	32.02	91.2
7/06/2018 10:33:32 AM	3611176412	1013.00	28.04	32.02	81.7	27.31	32.02	87.5	26.57	32.02	93.9	26.83	32.02	91.6
7/06/2018 10:33:33 AM	3611176413	1013.00	28.03	32.02	81.8	27.26	32.02	87.9	26.59	32.02	93.7	26.90	32.02	91.0
7/06/2018 10:33:34 AM	3611176414	1013.00	27.98	32.02	82.2	27.26	32.02	87.9	26.57	32.02	93.9	26.87	32.02	91.3
7/06/2018 10:33:35 AM	3611176415	1013.00	28.03	32.01	81.8	27.25	32.01	88.0	26.59	32.01	93.8	26.84	32.01	91.5
7/06/2018 10:33:36 AM	3611176416	1013.00	28.04	32.01	81.7	27.29	32.01	87.7	26.60	32.01	93.7	26.89	32.01	91.1
7/06/2018 10:33:37 AM	3611176417	1013.00	27.99	32.01	82.1	27.23	32.01	88.2	26.57	32.01	93.9	26.84	32.01	91.5
7/06/2018 10:33:38 AM	3611176418	1013.00	28.02	32.01	81.9	27.33	32.01	87.4	26.61	32.01	93.6	26.90	32.01	91.0
7/06/2018 10:33:39 AM	3611176419	1013.00	28.00	32.01	82.1	27.28	32.01	87.8	26.56	32.01	94.0	26.86	32.01	91.4
7/06/2018 10:33:40 AM	3611176420	1013.00	28.02	32.01	81.9	27.33	32.01	87.4	26.60	32.01	93.7	26.88	32.01	91.2
7/06/2018 10:33:41 AM	3611176421	1013.00	28.02	32.02	81.9	27.26	32.02	87.9	26.60	32.02	93.6	26.92	32.02	90.8
7/06/2018 10:33:42 AM	3611176422	1013.00	28.06	32.02	81.6	27.29	32.02	87.7	26.59	32.02	93.7	26.90	32.02	91.0
7/06/2018 10:33:43 AM	3611176423	1013.00	28.02	32.01	81.9	27.27	32.01	87.9	26.54	32.01	94.2	26.88	32.01	91.2
7/06/2018 10:33:44 AM	3611176424	1013.00	28.06	32.01	81.6	27.29	32.01	87.7	26.58	32.01	93.8	26.89	32.01	91.1
7/06/2018 10:33:45 AM	3611176425	1013.00	28.06	32.01	81.6	27.31	32.01	87.5	26.57	32.01	93.9	26.86	32.01	91.4
7/06/2018 10:33:46 AM	3611176426	1013.00	28.08	32.01	81.4	27.31	32.01	87.5	26.56	32.01	94.0	26.85	32.01	91.4
7/06/2018 10:33:47 AM	3611176427	1013.00	28.08	32.00	81.5	27.29	32.00	87.7	26.59	32.00	93.8	26.88	32.00	91.2
7/06/2018 10:33:48 AM	3611176428	1013.00	28.06	32.00	81.6	27.32	32.00	87.5	26.59	32.00	93.8	26.88	32.00	91.2
7/06/2018 10:33:49 AM	3611176429	1013.00	28.04	32.00	81.8	27.29	32.00	87.7	26.61	32.00	93.6	26.88	32.00	91.2
7/06/2018 10:33:50 AM	3611176430	1013.00	28.10	32.00	81.3	27.29	32.00	87.7	26.62	32.00	93.5	26.91	32.00	90.9
7/06/2018 10:33:51 AM	3611176431	1013.00	28.09	32.01	81.4	27.30	32.01	87.6	26.58	32.01	93.8	26.92	32.01	90.8
7/06/2018 10:33:52 AM	3611176432	1013.00	28.09	32.01	81.4	27.32	32.01	87.5	26.59	32.01	93.8	26.94	32.01	90.7
7/06/2018 10:33:53 AM	3611176433	1013.00	28.10	32.02	81.3	27.37	32.02	87.0	26.58	32.02	93.8	26.92	32.02	90.8
7/06/2018 10:33:54 AM	3611176434	1013.00	28.11	32.01	81.2	27.30	32.01	87.6	26.61	32.01	93.6	26.94	32.01	90.7
7/06/2018 10:33:55 AM	3611176435	1013.00	28.10	32.01	81.3	27.29	32.01	87.7	26.59	32.01	93.8	26.96	32.01	90.5
7/06/2018 10:33:56 AM	3611176436	1013.00	28.10	32.01	81.3	27.29	32.01	87.7	26.62	32.01	93.5	26.93	32.01	90.8
7/06/2018 10:33:57 AM	3611176437	1013.00	28.11	32.01	81.2	27.30	32.01	87.6	26.57	32.01	93.9	26.94	32.01	90.7
7/06/2018 10:33:58 AM	3611176438	1013.00	28.11	32.01	81.2	27.36	32.01	87.1	26.59	32.01	93.8	26.99	32.01	90.2
7/06/2018 10:33:59 AM	3611176439	1013.00	28.14	32.01	81.0	27.30	32.01	87.6	26.60	32.01	93.7	26.99	32.01	90.2
7/06/2018 10:34:00 AM	3611176440	1013.00	28.13	32.01	81.1	27.31	32.01	87.5	26.63	32.01	93.4	27.00	32.01	90.1
7/06/2018 10:34:01 AM	3611176441	1013.00	28.10	32.02	81.3	27.36	32.02	87.1	26.62	32.02	93.5	26.96	32.02	90.5
7/06/2018 10:34:02 AM	3611176442	1013.00	28.13	32.01	81.1	27.33	32.01	87.4	26.60	32.01	93.7	26.93	32.01	90.8
7/06/2018 10:34:03 AM	3611176443	1013.00	28.13	32.01	81.1	27.34	32.01	87.3	26.64	32.01	93.3	26.97	32.01	90.4
7/06/2018 10:34:04 AM	3611176444	1013.00	28.14	32.01	81.0	27.38	32.01	87.0	26.61	32.01	93.6	26.94	32.01	90.7
7/06/2018 10:34:05 AM	3611176445	1013.00	28.16	32.01	80.8	27.35	32.01	87.2	26.63	32.01	93.4	26.97	32.01	90.4
7/06/2018 10:34:06 AM	3611176446	1013.00	28.16	32.01	80.8	27.38	32.01	87.0	26.63	32.01	93.4	26.96	32.01	90.5
7/06/2018 10:34:07 AM	3611176447	1013.00	28.16	32.01	80.8	27.34	32.01	87.3	26.58	32.01	93.8	26.94	32.01	90.7
7/06/2018 10:34:08 AM	3611176448	1013.00	28.14	32.01	81.0	27.36	32.01	87.1	26.58	32.01	93.8	26.92	32.01	90.8
7/06/2018 10:34:09 AM	3611176449	1013.00	28.15	32.01	80.9	27.40	32.01	86.8	26.60	32.01	93.7	26.97	32.01	90.4
7/06/2018 10:34:10 AM	3611176450	1013.00	28.12	32.01	81.1	27.38	32.01	87.0	26.62	32.01	93.5	26.98	32.01	90.3
7/06/2018 10:34:11 AM	3611176451	1013.00	28.15	32.01	80.9	27.39	32.01	86.9	26.60	32.01	93.7	26.99	32.01	90.2
7/06/2018 10:34:12 AM	3611176452	1013.00	28.14	32.02	81.0	27.38	32.02	86.9	26.60	32.02	93.6	26.96	32.02	90.5
7/06/2018 10:34:13 AM	3611176453	1013.00	28.16	32.01	80.8	27.36	32.01	87.1	26.63	32.01	93.4	26.97	32.01	90.4
7/06/2018 10:34:14 AM	3611176454	1013.00	28.19	32.01	80.6	27.38	32.01	87.0	26.64	32.01	93.3	26.95	32.01	90.6
7/06/2018 10:34:15 AM	3611176455	1013.00	28.17	32.01	80.8	27.40	32.01	86.8	26.58	32.01	93.8	27.01	32.01	90.1
7/06/2018 10:34:16 AM	3611176456	1013.00	28.19	32.01	80.6	27.38	32.01	87.0	26.64	32.01	93.3	26.91	32.01	90.9
7/06/2018 10:34:17 AM	3611176457	1013.00	28.22	32.00	80.4	27.39	32.00	86.9	26.63	32.00	93.4	26.96	32.00	90.5
7/06/2018 10:34:18 AM	3611176458	1013.00	28.18	32.00	80.7	27.38	32.00	87.0	26.64	32.00	93.3	26.97	32.00	90.4
7/06/2018 10:34:19 AM	3611176459	1013.00	28.20	32.00	80.6	27.40	32.00	86.8	26.62	32.00	93.5	26.99	32.00	90.2
7/06/2018 10:34:20 AM	3611176460	1013.00	28.20	32.00	80.6	27.43	32.00	86.6	26.63	32.00	93.4	26.95	32.00	90.6
7/06/2018 10:34:21 AM	3611176461	1013.00	28.21	32.00	80.5	27.40	32.00	86.8	26.62	32.00	93.5	26.91	32.00	90.9
7/06/2018 10:34:22 AM	3611176462	1013.00	28.22	32.00	80.4	27.39	32.00	86.9	26.64	32.00	93.3	26.95	32.00	90.6
7/06/2018 10:34:23 AM	3611176463	1013.00	28.20	32.01	80.5	27.40	32.01	86.8	26.65	32.01	93.2	26.97	32.01	90.4
7/06/2018 10:34:24 AM	3611176464	1013.00	28.23	32.02	80.3	27.40	32.02	86.8	26.57	32.02	93.9	26.97	32.02	90.4
7/06/2018 10:34:25 AM	3611176465	1013.00	28.24	32.01	80.2	27.38	32.01	87.0	26.65	32.01	93.2	27.04	32.01	89.8
7/06/2018 10:34:26 AM	3611176466	1013.00	28.25	32.02	80.2	27.42	32.02	86.6	26.64	32.02	93.3	26.98	32.02	90.3
7/06/2018 10:34:27 AM	3611176467	1013.00	28.23	32.02	80.3	27.43	32.02	86.5	26.64	32.02	93.3	26.99	32.02	90.2
7/06/2018 10:34:28 AM	3611176468	1013.00	28.22	32.02	80.4	27.40	32.02	86.8	26.68	32.02	92.9	27.01	32.02	90.0
7/06/2018 10:34:29 AM	3611176469	1013.00	28.25	32.02	80.2	27.39	32.02	86.9	26.65	32.02	93.2	27.00	32.02	90.1
7/06/2018 10:34:30 AM	3611176470	1013.00	28.26	32.02	80.1	27.42	32.02	86.6	26.65	32.02	93.2	27.02	32.02	90.0
7/06/2018 10:34:31 AM	3611176471	1013.00	28.25	32.02	80.2	27.42	32.02	86.6	26.67	32.02	93.0	27.01	32.02	90.0
7/06/2018 10:34:32 AM	3611176472	1013.00	28.24	32.01	80.2	27.44	32.01	86.5	26.63	32.01	93.4	27.00	32.01	90.1
7/06/2018 10:34:33 AM	3611176473	1013.00	28.23	32.01	80.3	27.46	32.01	86.3	26.68	32.01	92.9	27.02	32.01	90.0
7/06/2018 10:34:34 AM	3611176474	1013.00	28.26	32.01	80.1	27.44	32.01	86.5	26.64	32.01	93.3	27.00	32.01	90.1
7/06/2018 10:34:35 AM	3611176475	1013.00	28.24	32.00	80.3	27.41	32.00	86.7	26.62	32.00	93.5	26.95	32.00	90.6
7/06/2018 10:34:36 AM	3611176476	1013.00	28.27	32.00	80.0	27.45	32.00	86.4	26.65	32.00	93.2	27.01	32.00	90.1
7/06/2018 10:34:37 AM	3611176477	1013.00	28.31	32.01	79.7	27.43	32.01	86.6	26.63	32.01	93.4	27.06	32.01	89.6
7/06/2018 10:34:38 AM	3611176478	1013.00	28.27	32.01	80.0	27.44	32.01	86.5	26.67	32.01	93.0	27.01	32.01	90.1
7/06/2018 10:34:39 AM	3611176479	1013.00	28.28	32.01	79.9	27.42	32.01	86.6	26.65	32.01	93.2	27.08	32.01	89.5
7/06/2018 10:34:40 AM	3611176480	1013.00	28.30	32.02	79.8	27.48	32.02	86.1	26.66	32.02	93.1	27.06	32.02	89.6
7/06/2018 10:34:41 AM	3611176481	1013.00	28.30	32.01	79.8	27.42	32.01	86.6	26.63	32.01	93.4	27.02	32.01	90.0
7/06/2018 10:34:42 AM	3611176482	1013.00	28.32	32.02	79.6	27.42	32.02	86.6	26.68	32.02	92.9	27.05	32.02	89.7
7/06/2018 10:34:43 AM	3611176483	1013.00	28.27	32.01	80.0	27.44	32.01	86.5	26.68	32.01	92.9	27.08	32.01	89.5
7/06/2018 10:34:44 AM	3611176484	1013.00	28.29	32.02	79.9	27.43	32.02	86.5	26.66	32.02	93.1	27.11	32.02	89.2
7/06/2018 10:34:45 AM	3611176485	1013.00	28.27	32.02	80.0	27.47	32.02	86.2	26.67	32.02	93.0	27.07	32.02	89.5
7/06/2018 10:34:46 AM	3611176486	1013.00	28.31	32.02	79.7	27.44	32.02	86.5	26.64	32.02	93.3	27.06	32.02	89.6
7/06/2018 10:34:47 AM	3611176487	1013.00	28.31	32.02	79.7	27.47	32.02	86.2	26.67	32.02	93.0	27.10	32.02	89.3
7/06/2018 10:34:48 AM	3611176488	1013.00	28.32	32.01	79.7	27.46	32.01	86.3	26.66	32.01	93.1	27.08	32.01	89.5
7/06/2018 10:34:49 AM	3611176489	1013.00	28.32	32.01	79.7	27.46	32.01	86.3	26.66	32.01	93.1	27.07	32.01	89.6
7/06/2018 10:34:50 AM	3611176490	1013.00	28.35	32.01	79.4	27.45	32.01	86.4	26.67	32.01	93.0	27.04	32.01	89.8
7/06/2018 10:34:51 AM	3611176491	1013.00	28.33	32.01	79.6	27.43	32.01	86.6	26.69	32.01	92.9	27.04	32.01	89.8
7/06/2018 10:34:52 AM	3611176492	1013.00	28.34	32.02	79.5	27.46	32.02	86.3	26.69	32.02	92.8	27.05	32.02	89.7
7/06/2018 10:34:53 AM	3611176493	1013.00	28.32	32.02	79.6	27.41	32.02	86.7	26.65	32.02	93.2	27.13	32.02	89.0
7/06/2018 10:34:54 AM	3611176494	1013.00	28.34	32.02	79.5	27.46	32.02	86.3	26.67	32.02	93.0	27.08	32.02	89.5
7/06/2018 10:34:55 AM	3611176495	1013.00	28.34	32.01	79.5	27.50	32.01	86.0	26.69	32.01	92.9	27.09	32.01	89.4
7/06/2018 10:34:56 AM	3611176496	1013.00	28.37	32.01	79.3	27.46	32.01	86.3	26.65	32.01	93.2	27.06	32.01	89.6
7/06/2018 10:34:57 AM	3611176497	1013.00	28.38	32.01	79.2	27.45	32.01	86.4	26.65	32.01	93.2	27.12	32.01	89.1
7/06/2018 10:34:58 AM	3611176498	1013.00	28.31	32.01	79.7	27.47	32.01	86.2	26.68	32.01	92.9	27.05	32.01	89.7
7/06/2018 10:34:59 AM	3611176499	1013.00	28.36	32.01	79.4	27.47	32.01	86.2	26.69	32.01	92.9	27.06	32.01	89.6
7/06/2018 10:35:00 AM	3611176500	1013.00	28.35	32.01	79.4	27.51	32.01	85.9	26.72	32.01	92.6	27.10	32.01	89.3
7/06/2018 10:35:01 AM	3611176501	1013.00	28.35	32.01	79.4	27.44	32.01	86.5	26.70	32.01	92.8	27.09	32.01	89.4
7/06/2018 10:35:02 AM	3611176502	1013.00	28.36	32.01	79.4	27.45	32.01	86.4	26.67	32.01	93.0	27.08	32.01	89.5
7/06/2018 10:35:03 AM	3611176503	1013.00	28.38	32.01	79.2	27.46	32.01	86.3	26.69	32.01	92.9	27.08	32.01	89.5
7/06/2018 10:35:04 AM	3611176504	1013.00	28.39	32.01	79.1	27.46	32.01	86.3	26.69	32.01	92.9	27.09	32.01	89.4
7/06/2018 10:35:05 AM	3611176505	1013.00	28.36	32.01	79.4	27.47	32.01	86.2	26.66	32.01	93.1	27.12	32.01	89.1
7/06/2018 10:35:06 AM	3611176506	1013.00	28.36	32.00	79.4	27.45	32.00	86.4	26.66	32.00	93.1	27.09	32.00	89.4
7/06/2018 10:35:07 AM	3611176507	1013.00	28.38	32.00	79.2	27.51	32.00	85.9	26.69	32.00	92.9	27.07	32.00	89.6
7/06/2018 10:35:08 AM	3611176508	1013.00	28.40	32.01	79.1	27.45	32.01	86.4	26.70	32.01	92.8	27.11	32.01	89.2
7/06/2018 10:35:09 AM	3611176509	1013.00	28.41	32.01	79.0	27.42	32.01	86.6	26.65	32.01	93.2	27.07	32.01	89.6
7/06/2018 10:35:10 AM	3611176510	1013.00	28.41	32.01	79.0	27.47	32.01	86.2	26.70	32.01	92.8	27.11	32.01	89.2
7/06/2018 10:35:11 AM	3611176511	1013.00	28.38	32.01	79.2	27.49	32.01	86.1	26.69	32.01	92.9	27.08	32.01	89.5
7/06/2018 10:35:12 AM	3611176512	1013.00	28.41	32.00	79.0	27.44	32.00	86.5	26.72	32.00	92.6	27.14	32.00	89.0
7/06/2018 10:35:13 AM	3611176513	1013.00	28.43	32.00	78.9	27.48	32.00	86.2	26.69	32.00	92.9	27.06	32.00	89.6
7/06/2018 10:35:14 AM	3611176514	1013.00	28.45	32.00	78.7	27.47	32.00	86.2	26.73	32.00	92.5	27.10	32.00	89.3
7/06/2018 10:35:15 AM	3611176515	1013.00	28.41	32.01	79.0	27.48	32.01	86.1	26.72	32.01	92.6	27.13	32.01	89.0
7/06/2018 10:35:16 AM	3611176516	1013.00	28.43	32.01	78.8	27.47	32.01	86.2	26.69	32.01	92.9	27.10	32.01	89.3
7/06/2018 10:35:17 AM	3611176517	1013.00	28.44	32.01	78.8	27.49	32.01	86.1	26.71	32.01	92.7	27.11	32.01	89.2
7/06/2018 10:35:18 AM	3611176518	1013.00	28.46	32.01	78.6	27.49	32.01	86.1	26.72	32.01	92.6	27.13	32.01	89.0
7/06/2018 10:35:19 AM	3611176519	1013.00	28.45	32.01	78.7	27.48	32.01	86.1	26.72	32.01	92.6	27.11	32.01	89.2
7/06/2018 10:35:20 AM	3611176520	1013.00	28.48	32.00	78.5	27.50	32.00	86.0	26.71	32.00	92.7	27.14	32.00	89.0
7/06/2018 10:35:21 AM	3611176521	1013.00	28.46	32.01	78.6	27.47	32.01	86.2	26.68	32.01	92.9	27.11	32.01	89.2
7/06/2018 10:35:22 AM	3611176522	1013.00	28.44	32.01	78.8	27.48	32.01	86.1	26.72	32.01	92.6	27.17	32.01	88.7
7/06/2018 10:35:23 AM	3611176523	1013.00	28.47	32.01	78.6	27.51	32.01	85.9	26.68	32.01	92.9	27.17	32.01	88.7
7/06/2018 10:35:24 AM	3611176524	1013.00	28.48	32.01	78.5	27.45	32.01	86.4	26.71	32.01	92.7	27.14	32.01	89.0
7/06/2018 10:35:25 AM	3611176525	1013.00	28.46	32.01	78.6	27.53	32.01	85.7	26.73	32.01	92.5	27.15	32.01	88.9
7/06/2018 10:35:26 AM	3611176526	1013.00	28.50	32.01	78.3	27.49	32.01	86.1	26.69	32.01	92.9	27.15	32.01	88.9
7/06/2018 10:35:27 AM	3611176527	1013.00	28.50	32.01	78.3	27.55	32.01	85.6	26.72	32.01	92.6	27.14	32.01	89.0
7/06/2018 10:35:28 AM	3611176528	1013.00	28.52	32.01	78.2	27.50	32.01	86.0	26.72	32.01	92.6	27.17	32.01	88.7
7/06/2018 10:35:29 AM	3611176529	1013.00	28.51	32.01	78.3	27.55	32.01	85.6	26.72	32.01	92.6	27.17	32.01	88.7
7/06/2018 10:35:30 AM	3611176530	1013.00	28.48	32.01	78.5	27.51	32.01	85.9	26.73	32.01	92.5	27.18	32.01	88.6
7/06/2018 10:35:31 AM	3611176531	1013.00	28.52	32.01	78.2	27.51	32.01	85.9	26.70	32.01	92.8	27.15	32.01	88.9
7/06/2018 10:35:32 AM	3611176532	1013.00	28.50	32.01	78.3	27.51	32.01	85.9	26.69	32.01	92.9	27.09	32.01	89.4
7/06/2018 10:35:33 AM	3611176533	1013.00	28.52	32.01	78.2	27.53	32.01	85.7	26.70	32.01	92.8	27.19	32.01	88.5
7/06/2018 10:35:34 AM	3611176534	1013.00	28.52	32.01	78.2	27.49	32.01	86.1	26.74	32.01	92.4	27.15	32.01	88.9
7/06/2018 10:35:35 AM	3611176535	1013.00	28.52	32.01	78.2	27.51	32.01	85.9	26.74	32.01	92.4	27.13	32.01	89.0
7/06/2018 10:35:36 AM	3611176536	1013.00	28.54	32.01	78.1	27.56	32.01	85.5	26.73	32.01	92.5	27.21	32.01	88.4
7/06/2018 10:35:37 AM	3611176537	1013.00	28.55	32.01	78.0	27.56	32.01	85.5	26.70	32.01	92.8	27.19	32.01	88.5
7/06/2018 10:35:38 AM	3611176538	1013.00	28.54	32.01	78.1	27.52	32.01	85.8	26.71	32.01	92.7	27.17	32.01	88.7
7/06/2018 10:35:39 AM	3611176539	1013.00	28.54	32.01	78.1	27.51	32.01	85.9	26.70	32.01	92.8	27.18	32.01	88.6
7/06/2018 10:35:40 AM	3611176540	1013.00	28.55	32.00	78.0	27.54	32.00	85.7	26.71	32.00	92.7	27.19	32.00	88.6
7/06/2018 10:35:41 AM	3611176541	1013.00	28.54	32.00	78.1	27.51	32.00	85.9	26.73	32.00	92.5	27.21	32.00	88.4
7/06/2018 10:35:42 AM	3611176542	1013.00	28.55	32.00	78.0	27.50	32.00	86.0	26.71	32.00	92.7	27.21	32.00	88.4
7/06/2018 10:35:43 AM	3611176543	1013.00	28.56	32.00	77.9	27.54	32.00	85.7	26.73	32.00	92.5	27.21	32.00	88.4
7/06/2018 10:35:44 AM	3611176544	1013.00	28.56	32.00	77.9	27.55	32.00	85.6	26.73	32.00	92.5	27.18	32.00	88.6
7/06/2018 10:35:45 AM	3611176545	1013.00	28.57	32.00	77.9	27.51	32.00	85.9	26.73	32.00	92.5	27.17	32.00	88.7
7/06/2018 10:35:46 AM	3611176546	1013.00	28.55	32.00	78.0	27.55	32.00	85.6	26.70	32.00	92.8	27.17	32.00	88.7
7/06/2018 10:35:47 AM	3611176547	1013.00	28.57	32.00	77.9	27.53	32.00	85.8	26.74	32.00	92.4	27.17	32.00	88.7
7/06/2018 10:35:48 AM	3611176548	1013.00	28.59	32.00	77.7	27.57	32.00	85.4	26.73	32.00	92.5	27.20	32.00	88.5
7/06/2018 10:35:49 AM	3611176549	1013.00	28.59	32.00	77.7	27.50	32.00	86.0	26.72	32.00	92.6	27.14	32.00	89.0
7/06/2018 10:35:50 AM	3611176550	1013.00	28.57	32.00	77.9	27.59	32.00	85.3	26.73	32.00	92.5	27.16	32.00	88.8
7/06/2018 10:35:51 AM	3611176551	1013.00	28.58	32.00	77.8	27.56	32.00	85.5	26.71	32.00	92.7	27.18	32.00	88.6
7/06/2018 10:35:52 AM	3611176552	1013.00	28.60	32.00	77.6	27.56	32.00	85.5	26.74	32.00	92.4	27.23	32.00	88.2
7/06/2018 10:35:53 AM	3611176553	1013.00	28.58	32.00	77.8	27.56	32.00	85.5	26.75	32.00	92.3	27.23	32.00	88.2
7/06/2018 10:35:54 AM	3611176554	1013.00	28.59	32.01	77.7	27.55	32.01	85.6	26.70	32.01	92.8	27.19	32.01	88.5
7/06/2018 10:35:55 AM	3611176555	1013.00	28.62	32.01	77.5	27.58	32.01	85.3	26.77	32.01	92.1	27.24	32.01	88.1
7/06/2018 10:35:56 AM	3611176556	1013.00	28.63	32.01	77.4	27.56	32.01	85.5	26.75	32.01	92.3	27.21	32.01	88.4
7/06/2018 10:35:57 AM	3611176557	1013.00	28.60	32.01	77.6	27.61	32.01	85.1	26.76	32.01	92.2	27.20	32.01	88.5
7/06/2018 10:35:58 AM	3611176558	1013.00	28.59	32.00	77.7	27.63	32.00	85.0	26.77	32.00	92.2	27.18	32.00	88.6
7/06/2018 10:35:59 AM	3611176559	1013.00	28.65	32.00	77.3	27.60	32.00	85.2	26.76	32.00	92.3	27.22	32.00	88.3
7/06/2018 10:36:00 AM	3611176560	1013.00	28.63	32.00	77.4	27.61	32.00	85.1	26.73	32.00	92.5	27.26	32.00	88.0
7/06/2018 10:36:01 AM	3611176561	1013.00	28.65	32.00	77.3	27.57	32.00	85.4	26.74	32.00	92.4	27.22	32.00	88.3
7/06/2018 10:36:02 AM	3611176562	1013.00	28.64	32.00	77.4	27.61	32.00	85.1	26.76	32.00	92.3	27.20	32.00	88.5
7/06/2018 10:36:03 AM	3611176563	1013.00	28.63	32.00	77.4	27.59	32.00	85.3	26.74	32.00	92.4	27.24	32.00	88.1
7/06/2018 10:36:04 AM	3611176564	1013.00	28.65	32.00	77.3	27.66	32.00	84.7	26.76	32.00	92.3	27.24	32.00	88.1
7/06/2018 10:36:05 AM	3611176565	1013.00	28.65	32.00	77.3	27.62	32.00	85.0	26.79	32.00	92.0	27.26	32.00	88.0
7/06/2018 10:36:06 AM	3611176566	1013.00	28.64	32.00	77.4	27.64	32.00	84.9	26.77	32.00	92.2	27.21	32.00	88.4
7/06/2018 10:36:07 AM	3611176567	1013.00	28.67	32.00	77.1	27.60	32.00	85.2	26.73	32.00	92.5	27.24	32.00	88.1
7/06/2018 10:36:08 AM	3611176568	1013.00	28.66	32.00	77.2	27.63	32.00	85.0	26.74	32.00	92.4	27.22	32.00	88.3
7/06/2018 10:36:09 AM	3611176569	1013.00	28.67	32.00	77.1	27.64	32.00	84.9	26.78	32.00	92.1	27.28	32.00	87.8
7/06/2018 10:36:10 AM	3611176570	1013.00	28.70	32.00	76.9	27.64	32.00	84.9	26.79	32.00	92.0	27.29	32.00	87.7
7/06/2018 10:36:11 AM	3611176571	1013.00	28.68	32.00	77.1	27.65	32.00	84.8	26.77	32.00	92.2	27.25	32.00	88.0
7/06/2018 10:36:12 AM	3611176572	1013.00	28.67	32.01	77.1	27.66	32.01	84.7	26.77	32.01	92.1	27.24	32.01	88.1
7/06/2018 10:36:13 AM	3611176573	1013.00	28.68	32.01	77.1	27.63	32.01	84.9	26.77	32.01	92.1	27.21	32.01	88.4
7/06/2018 10:36:14 AM	3611176574	1013.00	28.71	32.01	76.8	27.66	32.01	84.7	26.78	32.01	92.1	27.24	32.01	88.1
7/06/2018 10:36:15 AM	3611176575	1013.00	28.68	32.01	77.1	27.64	32.01	84.9	26.78	32.01	92.1	27.26	32.01	88.0
7/06/2018 10:36:16 AM	3611176576	1013.00	28.71	32.01	76.8	27.68	32.01	84.5	26.79	32.01	92.0	27.26	32.01	88.0
7/06/2018 10:36:17 AM	3611176577	1013.00	28.69	32.00	77.0	27.63	32.00	85.0	26.81	32.00	91.8	27.24	32.00	88.1
7/06/2018 10:36:18 AM	3611176578	1013.00	28.68	32.01	77.1	27.69	32.01	84.5	26.77	32.01	92.1	27.28	32.01	87.8
7/06/2018 10:36:19 AM	3611176579	1013.00	28.68	32.01	77.1	27.70	32.01	84.4	26.76	32.01	92.2	27.26	32.01	88.0
7/06/2018 10:36:20 AM	3611176580	1013.00	28.73	32.01	76.7	27.68	32.01	84.5	26.82	32.01	91.7	27.32	32.01	87.5
7/06/2018 10:36:21 AM	3611176581	1013.00	28.70	32.01	76.9	27.69	32.01	84.5	26.79	32.01	92.0	27.27	32.01	87.9
7/06/2018 10:36:22 AM	3611176582	1013.00	28.74	32.01	76.6	27.69	32.01	84.5	26.77	32.01	92.1	27.28	32.01	87.8
7/06/2018 10:36:23 AM	3611176583	1013.00	28.69	32.01	77.0	27.72	32.01	84.2	26.79	32.01	92.0	27.29	32.01	87.7
7/06/2018 10:36:24 AM	3611176584	1013.00	28.71	32.00	76.9	27.72	32.00	84.2	26.82	32.00	91.7	27.27	32.00	87.9
7/06/2018 10:36:25 AM	3611176585	1013.00	28.70	32.00	76.9	27.71	32.00	84.3	26.82	32.00	91.7	27.25	32.00	88.0
7/06/2018 10:36:26 AM	3611176586	1013.00	28.74	32.00	76.6	27.74	32.00	84.1	26.75	32.00	92.3	27.29	32.00	87.7
7/06/2018 10:36:27 AM	3611176587	1013.00	28.74	32.00	76.6	27.72	32.00	84.2	26.79	32.00	92.0	27.26	32.00	88.0
7/06/2018 10:36:28 AM	3611176588	1013.00	28.73	32.00	76.7	27.70	32.00	84.4	26.79	32.00	92.0	27.26	32.00	88.0
7/06/2018 10:36:29 AM	3611176589	1013.00	28.73	32.01	76.7	27.70	32.01	84.4	26.80	32.01	91.9	27.24	32.01	88.1
7/06/2018 10:36:30 AM	3611176590	1013.00	28.74	32.01	76.6	27.77	32.01	83.8	26.80	32.01	91.9	27.28	32.01	87.8
7/06/2018 10:36:31 AM	3611176591	1013.00	28.74	32.01	76.6	27.69	32.01	84.5	26.81	32.01	91.8	27.28	32.01	87.8
7/06/2018 10:36:32 AM	3611176592	1013.00	28.73	32.02	76.7	27.71	32.02	84.3	26.82	32.02	91.7	27.23	32.02	88.2
7/06/2018 10:36:33 AM	3611176593	1013.00	28.76	32.01	76.5	27.73	32.01	84.1	26.78	32.01	92.1	27.32	32.01	87.5
7/06/2018 10:36:34 AM	3611176594	1013.00	28.74	32.01	76.6	27.72	32.01	84.2	26.81	32.01	91.8	27.28	32.01	87.8
7/06/2018 10:36:35 AM	3611176595	1013.00	28.77	32.01	76.4	27.74	32.01	84.1	26.83	32.01	91.6	27.35	32.01	87.2
7/06/2018 10:36:36 AM	3611176596	1013.00	28.75	32.01	76.6	27.74	32.01	84.1	26.82	32.01	91.7	27.26	32.01	88.0
7/06/2018 10:36:37 AM	3611176597	1013.00	28.78	32.00	76.4	27.74	32.00	84.1	26.82	32.00	91.7	27.29	32.00	87.7
7/06/2018 10:36:38 AM	3611176598	1013.00	28.76	32.01	76.5	27.74	32.01	84.1	26.82	32.01	91.7	27.31	32.01	87.5
7/06/2018 10:36:39 AM	3611176599	1013.00	28.78	32.01	76.4	27.78	32.01	83.8	26.80	32.01	91.9	27.28	32.01	87.8
7/06/2018 10:36:40 AM	3611176600	1013.00	28.76	32.01	76.5	27.76	32.01	83.9	26.77	32.01	92.1	27.30	32.01	87.6
7/06/2018 10:36:41 AM	3611176601	1013.00	28.78	32.02	76.3	27.74	32.02	84.1	26.83	32.02	91.6	27.32	32.02	87.4
7/06/2018 10:36:42 AM	3611176602	1013.00	28.78	32.02	76.3	27.79	32.02	83.7	26.80	32.02	91.9	27.30	32.02	87.6
7/06/2018 10:36:43 AM	3611176603	1013.00	28.80	32.02	76.2	27.76	32.02	83.9	26.83	32.02	91.6	27.31	32.02	87.5
7/06/2018 10:36:44 AM	3611176604	1013.00	28.77	32.01	76.4	27.77	32.01	83.8	26.83	32.01	91.6	27.31	32.01	87.5
7/06/2018 10:36:45 AM	3611176605	1013.00	28.79	32.01	76.3	27.80	32.01	83.6	26.83	32.01	91.6	27.36	32.01	87.1
7/06/2018 10:36:46 AM	3611176606	1013.00	28.80	32.00	76.2	27.76	32.00	83.9	26.79	32.00	92.0	27.35	32.00	87.2
7/06/2018 10:36:47 AM	3611176607	1013.00	28.77	32.00	76.4	27.76	32.00	83.9	26.84	32.00	91.5	27.39	32.00	86.9
7/06/2018 10:36:48 AM	3611176608	1013.00	28.80	32.01	76.2	27.79	32.01	83.7	26.82	32.01	91.7	27.36	32.01	87.1
7/06/2018 10:36:49 AM	3611176609	1013.00	28.79	32.01	76.3	27.79	32.01	83.7	26.80	32.01	91.9	27.38	32.01	87.0
7/06/2018 10:36:50 AM	3611176610	1013.00	28.80	32.01	76.2	27.79	32.01	83.7	26.80	32.01	91.9	27.37	32.01	87.0
7/06/2018 10:36:51 AM	3611176611	1013.00	28.79	32.01	76.3	27.79	32.01	83.7	26.80	32.01	91.9	27.35	32.01	87.2
7/06/2018 10:36:52 AM	3611176612	1013.00	28.81	32.01	76.1	27.77	32.01	83.8	26.84	32.01	91.5	27.39	32.01	86.9
7/06/2018 10:36:53 AM	3611176613	1013.00	28.79	32.01	76.3	27.78	32.01	83.8	26.82	32.01	91.7	27.35	32.01	87.2
7/06/2018 10:36:54 AM	3611176614	1013.00	28.80	32.00	76.2	27.80	32.00	83.6	26.81	32.00	91.8	27.37	32.00	87.1
7/06/2018 10:36:55 AM	3611176615	1013.00	28.84	32.00	75.9	27.78	32.00	83.8	26.82	32.00	91.7	27.45	32.00	86.4
7/06/2018 10:36:56 AM	3611176616	1013.00	28.79	32.00	76.3	27.80	32.00	83.6	26.84	32.00	91.5	27.39	32.00	86.9
7/06/2018 10:36:57 AM	3611176617	1013.00	28.79	32.00	76.3	27.77	32.00	83.8	26.80	32.00	91.9	27.38	32.00	87.0
7/06/2018 10:36:58 AM	3611176618	1013.00	28.84	32.00	75.9	27.82	32.00	83.5	26.86	32.00	91.4	27.45	32.00	86.4
7/06/2018 10:36:59 AM	3611176619	1013.00	28.83	32.01	76.0	27.80	32.01	83.6	26.81	32.01	91.8	27.46	32.01	86.3
7/06/2018 10:37:00 AM	3611176620	1013.00	28.85	32.01	75.9	27.78	32.01	83.8	26.81	32.01	91.8	27.41	32.01	86.7
7/06/2018 10:37:01 AM	3611176621	1013.00	28.87	32.01	75.7	27.78	32.01	83.8	26.84	32.01	91.5	27.41	32.01	86.7
7/06/2018 10:37:02 AM	3611176622	1013.00	28.87	32.01	75.7	27.78	32.01	83.8	26.83	32.01	91.6	27.42	32.01	86.6
7/06/2018 10:37:03 AM	3611176623	1013.00	28.85	32.01	75.9	27.77	32.01	83.8	26.83	32.01	91.6	27.43	32.01	86.6
7/06/2018 10:37:04 AM	3611176624	1013.00	28.86	32.01	75.8	27.79	32.01	83.7	26.85	32.01	91.4	27.45	32.01	86.4
7/06/2018 10:37:05 AM	3611176625	1013.00	28.86	32.02	75.8	27.85	32.02	83.2	26.82	32.02	91.7	27.44	32.02	86.5
7/06/2018 10:37:06 AM	3611176626	1013.00	28.87	32.01	75.7	27.82	32.01	83.4	26.84	32.01	91.5	27.43	32.01	86.6
7/06/2018 10:37:07 AM	3611176627	1013.00	28.87	32.01	75.7	27.79	32.01	83.7	26.84	32.01	91.5	27.43	32.01	86.6
7/06/2018 10:37:08 AM	3611176628	1013.00	28.88	32.01	75.7	27.80	32.01	83.6	26.84	32.01	91.5	27.41	32.01	86.7
7/06/2018 10:37:09 AM	3611176629	1013.00	28.90	32.00	75.5	27.78	32.00	83.8	26.84	32.00	91.5	27.40	32.00	86.8
7/06/2018 10:37:10 AM	3611176630	1013.00	28.89	32.00	75.6	27.83	32.00	83.4	26.84	32.00	91.5	27.43	32.00	86.6
7/06/2018 10:37:11 AM	3611176631	1013.00	28.90	32.00	75.5	27.78	32.00	83.8	26.83	32.00	91.6	27.43	32.00	86.6
7/06/2018 10:37:12 AM	3611176632	1013.00	28.90	32.01	75.5	27.84	32.01	83.3	26.84	32.01	91.5	27.44	32.01	86.5
7/06/2018 10:37:13 AM	3611176633	1013.00	28.91	32.01	75.4	27.78	32.01	83.8	26.88	32.01	91.2	27.43	32.01	86.6
7/06/2018 10:37:14 AM	3611176634	1013.00	28.94	32.01	75.2	27.85	32.01	83.2	26.82	32.01	91.7	27.47	32.01	86.2
7/06/2018 10:37:15 AM	3611176635	1013.00	28.92	32.01	75.4	27.83	32.01	83.4	26.88	32.01	91.2	27.48	32.01	86.1
7/06/2018 10:37:16 AM	3611176636	1013.00	28.93	32.01	75.3	27.81	32.01	83.5	26.86	32.01	91.4	27.44	32.01	86.5
7/06/2018 10:37:17 AM	3611176637	1013.00	28.93	32.01	75.3	27.83	32.01	83.4	26.85	32.01	91.4	27.44	32.01	86.5
7/06/2018 10:37:18 AM	3611176638	1013.00	28.93	32.01	75.3	27.85	32.01	83.2	26.87	32.01	91.3	27.44	32.01	86.5
7/06/2018 10:37:19 AM	3611176639	1013.00	28.93	32.01	75.3	27.86	32.01	83.1	26.84	32.01	91.5	27.40	32.01	86.8
7/06/2018 10:37:20 AM	3611176640	1013.00	28.95	32.01	75.2	27.82	32.01	83.4	26.86	32.01	91.4	27.47	32.01	86.2
7/06/2018 10:37:21 AM	3611176641	1013.00	28.95	32.00	75.2	27.84	32.00	83.3	26.84	32.00	91.5	27.45	32.00	86.4
7/06/2018 10:37:22 AM	3611176642	1013.00	28.92	32.00	75.4	27.85	32.00	83.2	26.89	32.00	91.1	27.47	32.00	86.2
7/06/2018 10:37:23 AM	3611176643	1013.00	28.95	32.00	75.2	27.86	32.00	83.1	26.87	32.00	91.3	27.47	32.00	86.2
7/06/2018 10:37:24 AM	3611176644	1013.00	28.95	32.00	75.2	27.80	32.00	83.6	26.85	32.00	91.5	27.48	32.00	86.2
7/06/2018 10:37:25 AM	3611176645	1013.00	28.97	32.00	75.0	27.88	32.00	83.0	26.84	32.00	91.5	27.46	32.00	86.3
7/06/2018 10:37:26 AM	3611176646	1013.00	28.96	32.01	75.1	27.88	32.01	83.0	26.88	32.01	91.2	27.48	32.01	86.1
7/06/2018 10:37:27 AM	3611176647	1013.00	28.94	32.00	75.3	27.89	32.00	82.9	26.91	32.00	90.9	27.45	32.00	86.4
7/06/2018 10:37:28 AM	3611176648	1013.00	28.97	32.00	75.0	27.86	32.00	83.1	26.84	32.00	91.5	27.49	32.00	86.1
7/06/2018 10:37:29 AM	3611176649	1013.00	28.95	32.00	75.2	27.89	32.00	82.9	26.85	32.00	91.5	27.46	32.00	86.3
7/06/2018 10:37:30 AM	3611176650	1013.00	28.97	31.99	75.1	27.85	31.99	83.2	26.89	31.99	91.1	27.52	31.99	85.9
7/06/2018 10:37:31 AM	3611176651	1013.00	28.96	31.99	75.1	27.90	31.99	82.8	26.84	31.99	91.6	27.49	31.99	86.1
7/06/2018 10:37:32 AM	3611176652	1013.00	28.96	31.99	75.1	27.92	31.99	82.7	26.89	31.99	91.1	27.48	31.99	86.2
7/06/2018 10:37:33 AM	3611176653	1013.00	28.95	31.99	75.2	27.87	31.99	83.1	26.91	31.99	91.0	27.50	31.99	86.0
7/06/2018 10:37:34 AM	3611176654	1013.00	28.97	31.99	75.1	27.90	31.99	82.8	26.89	31.99	91.1	27.52	31.99	85.9
7/06/2018 10:37:35 AM	3611176655	1013.00	28.96	32.00	75.1	27.88	32.00	83.0	26.90	32.00	91.0	27.52	32.00	85.8
7/06/2018 10:37:36 AM	3611176656	1013.00	29.01	32.00	74.8	27.88	32.00	83.0	26.87	32.00	91.3	27.53	32.00	85.8
7/06/2018 10:37:37 AM	3611176657	1013.00	28.99	32.00	74.9	27.89	32.00	82.9	26.86	32.00	91.4	27.50	32.00	86.0
7/06/2018 10:37:38 AM	3611176658	1013.00	29.01	32.00	74.8	27.90	32.00	82.8	26.88	32.00	91.2	27.47	32.00	86.2
7/06/2018 10:37:39 AM	3611176659	1013.00	28.99	32.00	74.9	27.91	32.00	82.8	26.90	32.00	91.0	27.52	32.00	85.8
7/06/2018 10:37:40 AM	3611176660	1013.00	29.00	32.00	74.8	27.94	32.00	82.5	26.87	32.00	91.3	27.53	32.00	85.8
7/06/2018 10:37:41 AM	3611176661	1013.00	29.00	32.00	74.8	27.86	32.00	83.1	26.90	32.00	91.0	27.52	32.00	85.8
7/06/2018 10:37:42 AM	3611176662	1013.00	29.01	32.00	74.8	27.88	32.00	83.0	26.91	32.00	90.9	27.54	32.00	85.7
7/06/2018 10:37:43 AM	3611176663	1013.00	29.02	32.00	74.7	27.92	32.00	82.7	26.88	32.00	91.2	27.54	32.00	85.7
7/06/2018 10:37:44 AM	3611176664	1013.00	28.99	32.00	74.9	27.91	32.00	82.8	26.90	32.00	91.0	27.48	32.00	86.2
7/06/2018 10:37:45 AM	3611176665	1013.00	29.04	32.00	74.6	27.89	32.00	82.9	26.90	32.00	91.0	27.52	32.00	85.8
7/06/2018 10:37:46 AM	3611176666	1013.00	29.03	32.00	74.6	27.87	32.00	83.1	26.89	32.00	91.1	27.50	32.00	86.0
7/06/2018 10:37:47 AM	3611176667	1013.00	29.04	32.00	74.6	27.89	32.00	82.9	26.92	32.00	90.9	27.52	32.00	85.8
7/06/2018 10:37:48 AM	3611176668	1013.00	29.04	32.00	74.6	27.94	32.00	82.5	26.90	32.00	91.0	27.51	32.00	85.9
7/06/2018 10:37:49 AM	3611176669	1013.00	29.04	32.00	74.6	27.93	32.00	82.6	26.91	32.00	90.9	27.49	32.00	86.1
7/06/2018 10:37:50 AM	3611176670	1013.00	29.07	32.00	74.4	27.91	32.00	82.8	26.93	32.00	90.8	27.50	32.00	86.0
7/06/2018 10:37:51 AM	3611176671	1013.00	29.03	32.00	74.6	27.95	32.00	82.4	26.92	32.00	90.9	27.52	32.00	85.8
7/06/2018 10:37:52 AM	3611176672	1013.00	29.08	32.00	74.3	27.95	32.00	82.4	26.89	32.00	91.1	27.52	32.00	85.8
7/06/2018 10:37:53 AM	3611176673	1013.00	29.04	31.99	74.6	27.95	31.99	82.5	26.92	31.99	90.9	27.54	31.99	85.7
7/06/2018 10:37:54 AM	3611176674	1013.00	29.07	31.99	74.4	27.98	31.99	82.2	26.90	31.99	91.0	27.46	31.99	86.3
7/06/2018 10:37:55 AM	3611176675	1013.00	29.07	31.99	74.4	27.95	31.99	82.5	26.91	31.99	91.0	27.54	31.99	85.7
7/06/2018 10:37:56 AM	3611176676	1013.00	29.06	31.99	74.4	27.97	31.99	82.3	26.91	31.99	91.0	27.57	31.99	85.4
7/06/2018 10:37:57 AM	3611176677	1013.00	29.09	31.99	74.2	27.98	31.99	82.2	26.91	31.99	91.0	27.53	31.99	85.8
7/06/2018 10:37:58 AM	3611176678	1013.00	29.06	31.99	74.4	28.00	31.99	82.1	26.96	31.99	90.5	27.56	31.99	85.5
7/06/2018 10:37:59 AM	3611176679	1013.00	29.06	31.99	74.4	27.97	31.99	82.3	26.94	31.99	90.7	27.53	31.99	85.8
7/06/2018 10:38:00 AM	3611176680	1013.00	29.04	31.99	74.6	27.98	31.99	82.2	26.92	31.99	90.9	27.55	31.99	85.6
7/06/2018 10:38:01 AM	3611176681	1013.00	29.09	31.99	74.2	27.98	31.99	82.2	26.92	31.99	90.9	27.55	31.99	85.6
7/06/2018 10:38:02 AM	3611176682	1013.00	29.07	31.99	74.4	27.94	31.99	82.5	26.94	31.99	90.7	27.56	31.99	85.5
7/06/2018 10:38:03 AM	3611176683	1013.00	29.07	31.99	74.4	27.98	31.99	82.2	26.95	31.99	90.6	27.53	31.99	85.8
7/06/2018 10:38:04 AM	3611176684	1013.00	29.07	31.99	74.4	27.98	31.99	82.2	26.92	31.99	90.9	27.59	31.99	85.3
7/06/2018 10:38:05 AM	3611176685	1013.00	29.06	31.99	74.4	28.01	31.99	82.0	26.92	31.99	90.9	27.59	31.99	85.3
7/06/2018 10:38:06 AM	3611176686	1013.00	29.09	31.99	74.2	28.01	31.99	82.0	26.94	31.99	90.7	27.62	31.99	85.0
7/06/2018 10:38:07 AM	3611176687	1013.00	29.10	31.99	74.2	27.98	31.99	82.2	26.92	31.99	90.9	27.58	31.99	85.4
7/06/2018 10:38:08 AM	3611176688	1013.00	29.09	32.00	74.2	28.01	32.00	82.0	26.92	32.00	90.9	27.58	32.00	85.4
7/06/2018 10:38:09 AM	3611176689	1013.00	29.08	31.99	74.3	27.98	31.99	82.2	26.94	31.99	90.7	27.56	31.99	85.5
7/06/2018 10:38:10 AM	3611176690	1013.00	29.11	31.99	74.1	27.98	31.99	82.2	26.93	31.99	90.8	27.62	31.99	85.0
7/06/2018 10:38:11 AM	3611176691	1013.00	29.08	31.99	74.3	27.99	31.99	82.2	26.93	31.99	90.8	27.67	31.99	84.6
7/06/2018 10:38:12 AM	3611176692	1013.00	29.10	31.99	74.2	28.02	31.99	81.9	26.97	31.99	90.4	27.59	31.99	85.3
7/06/2018 10:38:13 AM	3611176693	1013.00	29.10	31.98	74.2	28.00	31.98	82.1	26.95	31.98	90.6	27.59	31.98	85.3
7/06/2018 10:38:14 AM	3611176694	1013.00	29.09	31.99	74.2	27.99	31.99	82.2	26.96	31.99	90.5	27.60	31.99	85.2
7/06/2018 10:38:15 AM	3611176695	1013.00	29.10	31.99	74.2	28.00	31.99	82.1	26.97	31.99	90.4	27.63	31.99	85.0
7/06/2018 10:38:16 AM	3611176696	1013.00	29.12	31.98	74.1	27.99	31.98	82.2	26.95	31.98	90.6	27.65	31.98	84.8
7/06/2018 10:38:17 AM	3611176697	1013.00	29.12	31.98	74.1	28.00	31.98	82.1	26.94	31.98	90.7	27.61	31.98	85.1
7/06/2018 10:38:18 AM	3611176698	1013.00	29.15	31.98	73.9	28.02	31.98	81.9	26.96	31.98	90.5	27.64	31.98	84.9
7/06/2018 10:38:19 AM	3611176699	1013.00	29.11	31.98	74.1	28.04	31.98	81.8	26.93	31.98	90.8	27.66	31.98	84.7
7/06/2018 10:38:20 AM	3611176700	1013.00	29.14	31.98	73.9	27.98	31.98	82.2	26.95	31.98	90.6	27.68	31.98	84.6
7/06/2018 10:38:21 AM	3611176701	1013.00	29.12	31.98	74.1	28.02	31.98	81.9	26.98	31.98	90.4	27.64	31.98	84.9
7/06/2018 10:38:22 AM	3611176702	1013.00	29.15	31.98	73.9	27.99	31.98	82.2	26.98	31.98	90.4	27.68	31.98	84.6
7/06/2018 10:38:23 AM	3611176703	1013.00	29.14	31.98	73.9	27.99	31.98	82.2	26.95	31.98	90.6	27.63	31.98	85.0
7/06/2018 10:38:24 AM	3611176704	1013.00	29.11	31.98	74.1	28.02	31.98	81.9	26.98	31.98	90.4	27.70	31.98	84.4
7/06/2018 10:38:25 AM	3611176705	1013.00	29.16	31.98	73.8	27.98	31.98	82.2	26.96	31.98	90.5	27.65	31.98	84.8
7/06/2018 10:38:26 AM	3611176706	1013.00	29.17	31.98	73.7	28.03	31.98	81.9	26.99	31.98	90.3	27.71	31.98	84.3
7/06/2018 10:38:27 AM	3611176707	1013.00	29.14	31.98	73.9	28.05	31.98	81.7	26.97	31.98	90.5	27.66	31.98	84.7
7/06/2018 10:38:28 AM	3611176708	1013.00	29.13	31.98	74.0	28.04	31.98	81.8	26.98	31.98	90.4	27.69	31.98	84.5
7/06/2018 10:38:29 AM	3611176709	1013.00	29.13	31.98	74.0	28.01	31.98	82.0	26.95	31.98	90.6	27.70	31.98	84.4
7/06/2018 10:38:30 AM	3611176710	1013.00	29.14	31.98	73.9	28.03	31.98	81.9	26.95	31.98	90.6	27.68	31.98	84.6
7/06/2018 10:38:31 AM	3611176711	1013.00	29.15	31.99	73.8	28.02	31.99	81.9	26.96	31.99	90.5	27.73	31.99	84.2
7/06/2018 10:38:32 AM	3611176712	1013.00	29.16	31.99	73.8	28.03	31.99	81.9	27.00	31.99	90.2	27.67	31.99	84.6
7/06/2018 10:38:33 AM	3611176713	1013.00	29.16	31.98	73.8	28.04	31.98	81.8	26.97	31.98	90.5	27.69	31.98	84.5
7/06/2018 10:38:34 AM	3611176714	1013.00	29.15	31.98	73.9	28.03	31.98	81.9	26.99	31.98	90.3	27.73	31.98	84.2
7/06/2018 10:38:35 AM	3611176715	1013.00	29.18	31.98	73.7	28.02	31.98	81.9	26.97	31.98	90.5	27.72	31.98	84.3
7/06/2018 10:38:36 AM	3611176716	1013.00	29.18	31.97	73.7	28.00	31.97	82.1	26.99	31.97	90.3	27.63	31.97	85.0
7/06/2018 10:38:37 AM	3611176717	1013.00	29.17	31.97	73.7	28.02	31.97	82.0	26.98	31.97	90.4	27.67	31.97	84.7
7/06/2018 10:38:38 AM	3611176718	1013.00	29.16	31.97	73.8	28.04	31.97	81.8	26.99	31.97	90.3	27.68	31.97	84.6
7/06/2018 10:38:39 AM	3611176719	1013.00	29.17	31.97	73.7	28.01	31.97	82.0	27.01	31.97	90.1	27.68	31.97	84.6
7/06/2018 10:38:40 AM	3611176720	1013.00	29.18	31.98	73.7	28.02	31.98	81.9	27.00	31.98	90.2	27.70	31.98	84.4
7/06/2018 10:38:41 AM	3611176721	1013.00	29.20	31.98	73.5	28.07	31.98	81.6	27.03	31.98	89.9	27.69	31.98	84.5
7/06/2018 10:38:42 AM	3611176722	1013.00	29.20	31.98	73.5	28.02	31.98	81.9	27.00	31.98	90.2	27.69	31.98	84.5
7/06/2018 10:38:43 AM	3611176723	1013.00	29.17	31.98	73.7	28.05	31.98	81.7	27.01	31.98	90.1	27.68	31.98	84.6
7/06/2018 10:38:44 AM	3611176724	1013.00	29.20	31.98	73.5	28.04	31.98	81.8	27.02	31.98	90.0	27.73	31.98	84.2
7/06/2018 10:38:45 AM	3611176725	1013.00	29.17	31.98	73.7	28.08	31.98	81.5	27.00	31.98	90.2	27.71	31.98	84.3
7/06/2018 10:38:46 AM	3611176726	1013.00	29.18	31.98	73.7	28.09	31.98	81.4	27.02	31.98	90.0	27.70	31.98	84.4
7/06/2018 10:38:47 AM	3611176727	1013.00	29.20	31.98	73.5	28.07	31.98	81.6	26.98	31.98	90.4	27.75	31.98	84.0
7/06/2018 10:38:48 AM	3611176728	1013.00	29.19	31.97	73.6	28.07	31.97	81.6	27.04	31.97	89.9	27.75	31.97	84.0
7/06/2018 10:38:49 AM	3611176729	1013.00	29.21	31.97	73.5	28.08	31.97	81.5	27.00	31.97	90.2	27.70	31.97	84.4
7/06/2018 10:38:50 AM	3611176730	1013.00	29.24	31.97	73.3	28.03	31.97	81.9	26.99	31.97	90.3	27.75	31.97	84.0
7/06/2018 10:38:51 AM	3611176731	1013.00	29.24	31.97	73.3	28.05	31.97	81.7	27.00	31.97	90.2	27.73	31.97	84.2
7/06/2018 10:38:52 AM	3611176732	1013.00	29.23	31.97	73.3	28.11	31.97	81.3	27.01	31.97	90.1	27.73	31.97	84.2
7/06/2018 10:38:53 AM	3611176733	1013.00	29.24	31.97	73.3	28.13	31.97	81.1	27.00	31.97	90.2	27.78	31.97	83.8
7/06/2018 10:38:54 AM	3611176734	1013.00	29.23	31.97	73.3	28.10	31.97	81.3	27.01	31.97	90.1	27.73	31.97	84.2
7/06/2018 10:38:55 AM	3611176735	1013.00	29.26	31.98	73.1	28.09	31.98	81.4	26.99	31.98	90.3	27.82	31.98	83.5
7/06/2018 10:38:56 AM	3611176736	1013.00	29.27	31.98	73.1	28.09	31.98	81.4	26.98	31.98	90.4	27.79	31.98	83.7
7/06/2018 10:38:57 AM	3611176737	1013.00	29.25	31.98	73.2	28.08	31.98	81.5	27.04	31.98	89.9	27.76	31.98	84.0
7/06/2018 10:38:58 AM	3611176738	1013.00	29.23	31.99	73.3	28.10	31.99	81.3	27.03	31.99	89.9	27.78	31.99	83.8
7/06/2018 10:38:59 AM	3611176739	1013.00	29.24	31.99	73.2	28.10	31.99	81.3	27.03	31.99	89.9	27.75	31.99	84.0
7/06/2018 10:39:00 AM	3611176740	1013.00	29.25	31.99	73.2	28.10	31.99	81.3	27.00	31.99	90.2	27.77	31.99	83.9
7/06/2018 10:39:01 AM	3611176741	1013.00	29.25	31.99	73.2	28.12	31.99	81.2	27.03	31.99	89.9	27.84	31.99	83.3
7/06/2018 10:39:02 AM	3611176742	1013.00	29.27	31.98	73.1	28.10	31.98	81.3	27.02	31.98	90.0	27.79	31.98	83.7
7/06/2018 10:39:03 AM	3611176743	1013.00	29.28	31.99	73.0	28.11	31.99	81.2	27.06	31.99	89.7	27.77	31.99	83.9
7/06/2018 10:39:04 AM	3611176744	1013.00	29.27	31.99	73.0	28.12	31.99	81.2	27.07	31.99	89.6	27.82	31.99	83.5
7/06/2018 10:39:05 AM	3611176745	1013.00	29.31	31.99	72.8	28.11	31.99	81.2	27.05	31.99	89.7	27.82	31.99	83.5
7/06/2018 10:39:06 AM	3611176746	1013.00	29.30	31.98	72.9	28.13	31.98	81.1	27.03	31.98	89.9	27.79	31.98	83.7
7/06/2018 10:39:07 AM	3611176747	1013.00	29.32	31.98	72.7	28.13	31.98	81.1	27.05	31.98	89.8	27.82	31.98	83.5
7/06/2018 10:39:08 AM	3611176748	1013.00	29.31	31.98	72.8	28.14	31.98	81.0	27.05	31.98	89.8	27.83	31.98	83.4
7/06/2018 10:39:09 AM	3611176749	1013.00	29.33	31.98	72.7	28.15	31.98	81.0	27.06	31.98	89.7	27.85	31.98	83.2
7/06/2018 10:39:10 AM	3611176750	1013.00	29.33	31.98	72.7	28.11	31.98	81.3	27.05	31.98	89.8	27.83	31.98	83.4
7/06/2018 10:39:11 AM	3611176751	1013.00	29.36	31.99	72.4	28.18	31.99	80.7	27.02	31.99	90.0	27.78	31.99	83.8
7/06/2018 10:39:12 AM	3611176752	1013.00	29.36	31.99	72.4	28.11	31.99	81.2	27.06	31.99	89.7	27.78	31.99	83.8
7/06/2018 10:39:13 AM	3611176753	1013.00	29.37	31.99	72.4	28.10	31.99	81.3	27.07	31.99	89.6	27.81	31.99	83.5
7/06/2018 10:39:14 AM	3611176754	1013.00	29.34	31.99	72.6	28.14	31.99	81.0	27.05	31.99	89.7	27.79	31.99	83.7
7/06/2018 10:39:15 AM	3611176755	1013.00	29.36	31.99	72.4	28.12	31.99	81.2	27.06	31.99	89.7	27.80	31.99	83.6
7/06/2018 10:39:16 AM	3611176756	1013.00	29.39	31.99	72.2	28.13	31.99	81.1	27.04	31.99	89.8	27.78	31.99	83.8
7/06/2018 10:39:17 AM	3611176757	1013.00	29.35	31.98	72.5	28.15	31.98	81.0	27.07	31.98	89.6	27.87	31.98	83.1
7/06/2018 10:39:18 AM	3611176758	1013.00	29.37	31.98	72.4	28.14	31.98	81.0	27.08	31.98	89.5	27.76	31.98	84.0
7/06/2018 10:39:19 AM	3611176759	1013.00	29.38	31.99	72.3	28.17	31.99	80.8	27.08	31.99	89.5	27.82	31.99	83.5
7/06/2018 10:39:20 AM	3611176760	1013.00	29.40	31.99	72.2	28.17	31.99	80.8	27.09	31.99	89.4	27.81	31.99	83.5
7/06/2018 10:39:21 AM	3611176761	1013.00	29.39	31.99	72.2	28.19	31.99	80.6	27.08	31.99	89.5	27.80	31.99	83.6
7/06/2018 10:39:22 AM	3611176762	1013.00	29.43	31.99	72.0	28.20	31.99	80.6	27.08	31.99	89.5	27.83	31.99	83.4
7/06/2018 10:39:23 AM	3611176763	1013.00	29.40	31.99	72.2	28.21	31.99	80.5	27.06	31.99	89.7	27.84	31.99	83.3
7/06/2018 10:39:24 AM	3611176764	1013.00	29.45	31.99	71.9	28.21	31.99	80.5	27.08	31.99	89.5	27.83	31.99	83.4
7/06/2018 10:39:25 AM	3611176765	1013.00	29.41	31.99	72.1	28.18	31.99	80.7	27.11	31.99	89.2	27.81	31.99	83.5
7/06/2018 10:39:26 AM	3611176766	1013.00	29.44	31.99	71.9	28.20	31.99	80.6	27.08	31.99	89.5	27.83	31.99	83.4
7/06/2018 10:39:27 AM	3611176767	1013.00	29.45	31.99	71.9	28.18	31.99	80.7	27.07	31.99	89.6	27.80	31.99	83.6
7/06/2018 10:39:28 AM	3611176768	1013.00	29.44	31.99	71.9	28.16	31.99	80.9	27.11	31.99	89.2	27.81	31.99	83.5
7/06/2018 10:39:29 AM	3611176769	1013.00	29.43	31.99	72.0	28.19	31.99	80.6	27.08	31.99	89.5	27.81	31.99	83.5
7/06/2018 10:39:30 AM	3611176770	1013.00	29.45	31.99	71.9	28.21	31.99	80.5	27.07	31.99	89.6	27.82	31.99	83.5
7/06/2018 10:39:31 AM	3611176771	1013.00	29.47	31.99	71.7	28.18	31.99	80.7	27.09	31.99	89.4	27.82	31.99	83.5
7/06/2018 10:39:32 AM	3611176772	1013.00	29.45	32.00	71.8	28.15	32.00	80.9	27.11	32.00	89.2	27.83	32.00	83.4
7/06/2018 10:39:33 AM	3611176773	1013.00	29.45	32.00	71.8	28.21	32.00	80.5	27.07	32.00	89.6	27.82	32.00	83.5
7/06/2018 10:39:34 AM	3611176774	1013.00	29.48	32.00	71.6	28.15	32.00	80.9	27.11	32.00	89.2	27.80	32.00	83.6
7/06/2018 10:39:35 AM	3611176775	1013.00	29.48	31.99	71.7	28.18	31.99	80.7	27.11	31.99	89.2	27.81	31.99	83.5
7/06/2018 10:39:36 AM	3611176776	1013.00	29.49	31.99	71.6	28.21	31.99	80.5	27.10	31.99	89.3	27.83	31.99	83.4
7/06/2018 10:39:37 AM	3611176777	1013.00	29.46	32.00	71.8	28.16	32.00	80.9	27.09	32.00	89.4	27.84	32.00	83.3
7/06/2018 10:39:38 AM	3611176778	1013.00	29.51	31.99	71.5	28.17	31.99	80.8	27.09	31.99	89.4	27.80	31.99	83.6
7/06/2018 10:39:39 AM	3611176779	1013.00	29.51	32.00	71.5	28.20	32.00	80.6	27.09	32.00	89.4	27.82	32.00	83.5
7/06/2018 10:39:40 AM	3611176780	1013.00	29.51	31.99	71.5	28.19	31.99	80.6	27.11	31.99	89.2	27.83	31.99	83.4
7/06/2018 10:39:41 AM	3611176781	1013.00	29.51	31.99	71.5	28.19	31.99	80.6	27.14	31.99	89.0	27.85	31.99	83.2
7/06/2018 10:39:42 AM	3611176782	1013.00	29.50	31.99	71.5	28.20	31.99	80.6	27.10	31.99	89.3	27.81	31.99	83.5
7/06/2018 10:39:43 AM	3611176783	1013.00	29.50	31.99	71.5	28.19	31.99	80.6	27.11	31.99	89.2	27.87	31.99	83.1
7/06/2018 10:39:44 AM	3611176784	1013.00	29.53	31.99	71.3	28.23	31.99	80.3	27.11	31.99	89.2	27.90	31.99	82.8
7/06/2018 10:39:45 AM	3611176785	1013.00	29.50	31.99	71.5	28.25	31.99	80.2	27.10	31.99	89.3	27.86	31.99	83.2
7/06/2018 10:39:46 AM	3611176786	1013.00	29.54	31.99	71.3	28.23	31.99	80.3	27.13	31.99	89.1	27.91	31.99	82.8
7/06/2018 10:39:47 AM	3611176787	1013.00	29.55	31.99	71.2	28.20	31.99	80.6	27.12	31.99	89.2	27.85	31.99	83.2
7/06/2018 10:39:48 AM	3611176788	1013.00	29.50	31.99	71.5	28.19	31.99	80.6	27.11	31.99	89.2	27.88	31.99	83.0
7/06/2018 10:39:49 AM	3611176789	1013.00	29.58	31.99	71.0	28.21	31.99	80.5	27.14	31.99	89.0	27.87	31.99	83.1
7/06/2018 10:39:50 AM	3611176790	1013.00	29.55	31.99	71.2	28.27	31.99	80.0	27.13	31.99	89.1	27.89	31.99	82.9
7/06/2018 10:39:51 AM	3611176791	1013.00	29.55	31.99	71.2	28.11	31.99	81.2	27.13	31.99	89.1	27.90	31.99	82.8
7/06/2018 10:39:52 AM	3611176792	1013.00	29.55	31.99	71.2	28.21	31.99	80.5	27.13	31.99	89.1	27.88	31.99	83.0
7/06/2018 10:39:53 AM	3611176793	1013.00	29.55	31.99	71.2	28.18	31.99	80.7	27.12	31.99	89.2	27.85	31.99	83.2
7/06/2018 10:39:54 AM	3611176794	1013.00	29.62	31.99	70.8	28.27	31.99	80.0	27.13	31.99	89.1	27.85	31.99	83.2
7/06/2018 10:39:55 AM	3611176795	1013.00	29.59	31.99	71.0	28.22	31.99	80.4	27.11	31.99	89.2	27.84	31.99	83.3
7/06/2018 10:39:56 AM	3611176796	1013.00	29.58	31.98	71.0	28.24	31.98	80.3	27.16	31.98	88.8	27.87	31.98	83.1
7/06/2018 10:39:57 AM	3611176797	1013.00	29.59	31.99	71.0	28.21	31.99	80.5	27.13	31.99	89.1	27.87	31.99	83.1
7/06/2018 10:39:58 AM	3611176798	1013.00	29.61	31.99	70.8	28.25	31.99	80.2	27.12	31.99	89.2	27.91	31.99	82.8
7/06/2018 10:39:59 AM	3611176799	1013.00	29.62	31.98	70.8	28.21	31.98	80.5	27.14	31.98	89.0	27.90	31.98	82.9
7/06/2018 10:40:00 AM	3611176800	1013.00	29.60	31.99	70.9	28.22	31.99	80.4	27.13	31.99	89.1	27.88	31.99	83.0
7/06/2018 10:40:01 AM	3611176801	1013.00	29.60	31.99	70.9	28.23	31.99	80.3	27.17	31.99	88.7	27.85	31.99	83.2
7/06/2018 10:40:02 AM	3611176802	1013.00	29.63	31.98	70.7	28.24	31.98	80.3	27.16	31.98	88.8	27.89	31.98	82.9
7/06/2018 10:40:03 AM	3611176803	1013.00	29.62	31.99	70.8	28.24	31.99	80.3	27.12	31.99	89.2	27.92	31.99	82.7
7/06/2018 10:40:04 AM	3611176804	1013.00	29.64	31.99	70.6	28.24	31.99	80.3	27.15	31.99	88.9	27.91	31.99	82.8
7/06/2018 10:40:05 AM	3611176805	1013.00	29.62	31.98	70.8	28.25	31.98	80.2	27.16	31.98	88.8	27.90	31.98	82.9
7/06/2018 10:40:06 AM	3611176806	1013.00	29.60	31.98	70.9	28.25	31.98	80.2	27.18	31.98	88.7	27.94	31.98	82.6
7/06/2018 10:40:07 AM	3611176807	1013.00	29.63	31.98	70.7	28.23	31.98	80.4	27.16	31.98	88.8	27.91	31.98	82.8
7/06/2018 10:40:08 AM	3611176808	1013.00	29.66	31.98	70.5	28.24	31.98	80.3	27.15	31.98	88.9	27.94	31.98	82.6
7/06/2018 10:40:09 AM	3611176809	1013.00	29.63	31.99	70.7	28.23	31.99	80.3	27.15	31.99	88.9	27.86	31.99	83.2
7/06/2018 10:40:10 AM	3611176810	1013.00	29.64	31.99	70.6	28.26	31.99	80.1	27.15	31.99	88.9	27.97	31.99	82.3
7/06/2018 10:40:11 AM	3611176811	1013.00	29.69	31.99	70.3	28.24	31.99	80.3	27.13	31.99	89.1	27.88	31.99	83.0
7/06/2018 10:40:12 AM	3611176812	1013.00	29.67	31.99	70.4	28.20	31.99	80.6	27.13	31.99	89.1	27.89	31.99	82.9
7/06/2018 10:40:13 AM	3611176813	1013.00	29.69	31.99	70.3	28.25	31.99	80.2	27.14	31.99	89.0	27.96	31.99	82.4
7/06/2018 10:40:14 AM	3611176814	1013.00	29.70	31.99	70.3	28.22	31.99	80.4	27.13	31.99	89.1	27.93	31.99	82.6
7/06/2018 10:40:15 AM	3611176815	1013.00	29.69	31.99	70.3	28.25	31.99	80.2	27.17	31.99	88.7	27.92	31.99	82.7
7/06/2018 10:40:16 AM	3611176816	1013.00	29.67	31.99	70.4	28.22	31.99	80.4	27.19	31.99	88.6	27.93	31.99	82.6
7/06/2018 10:40:17 AM	3611176817	1013.00	29.67	31.99	70.4	28.21	31.99	80.5	27.16	31.99	88.8	27.95	31.99	82.5
