Date & time of file creation	21/06/2018 1:29 PM													
Data file path	C:\Users\ameli\Desktop\Diego Barneche\21_06_2018\29_C_old_witrox_15.txt													
														
														
CALIBRATION DATA														
Parameter/Channel	N moving average	LO phase [r.U.]	HI phase [r.U.]	LO oxygen [%air saturation]	HI oxygen [%air saturation]	LO temperature [°C]	HI temperature [°C]	Salinity [‰]						
S WOT 0041 000001   , CH 1	1	59.37	26.72	0.00	100.00	32.10	31.95	0.000						
S WOT 0041 000001   , CH 2	1	59.37	26.72	0.00	100.00	32.10	31.95	0.000						
S WOT 0041 000001   , CH 3	1	59.37	26.72	0.00	100.00	32.10	31.95	0.000						
S WOT 0041 000001   , CH 4	1	59.37	26.72	0.00	100.00	32.10	31.95	0.000						
														
														
Date &Time [DD-MM-YYYY HH:MM:SS]	Time stamp code	Barometric pressure [hPa]	S WOT 0041 000001   , CH 1 phase [r.U.]	S WOT 0041 000001   , CH 1 temp [°C]	S WOT 0041 000001   , CH 1 O2 [% air saturation]	S WOT 0041 000001   , CH 2 phase [r.U.]	S WOT 0041 000001   , CH 2 temp [°C]	S WOT 0041 000001   , CH 2 O2 [% air saturation]	S WOT 0041 000001   , CH 3 phase [r.U.]	S WOT 0041 000001   , CH 3 temp [°C]	S WOT 0041 000001   , CH 3 O2 [% air saturation]	S WOT 0041 000001   , CH 4 phase [r.U.]	S WOT 0041 000001   , CH 4 temp [°C]	S WOT 0041 000001   , CH 4 O2 [% air saturation]
21/06/2018 1:31:44 PM	3612396704	1013.00	26.72	29.20	104.8	26.62	29.20	105.8	26.56	29.20	106.4	26.54	29.20	106.6
21/06/2018 1:31:45 PM	3612396705	1013.00	26.71	29.19	104.9	26.62	29.19	105.9	26.59	29.19	106.2	26.57	29.19	106.4
21/06/2018 1:31:46 PM	3612396706	1013.00	26.69	29.20	105.1	26.59	29.20	106.1	26.60	29.20	106.0	26.54	29.20	106.6
21/06/2018 1:31:47 PM	3612396707	1013.00	26.69	29.20	105.1	26.67	29.20	105.3	26.54	29.20	106.6	26.57	29.20	106.3
21/06/2018 1:31:48 PM	3612396708	1013.00	26.72	29.20	104.8	26.65	29.20	105.5	26.56	29.20	106.4	26.56	29.20	106.4
21/06/2018 1:31:49 PM	3612396709	1013.00	26.71	29.20	104.9	26.57	29.20	106.3	26.56	29.20	106.4	26.53	29.20	106.8
21/06/2018 1:31:50 PM	3612396710	1013.00	26.72	29.22	104.8	26.64	29.22	105.6	26.54	29.22	106.6	26.55	29.22	106.5
21/06/2018 1:31:51 PM	3612396711	1013.00	26.71	29.22	104.9	26.64	29.22	105.6	26.54	29.22	106.6	26.55	29.22	106.5
21/06/2018 1:31:52 PM	3612396712	1013.00	26.68	29.22	105.2	26.61	29.22	105.9	26.57	29.22	106.3	26.54	29.22	106.6
21/06/2018 1:31:53 PM	3612396713	1013.00	26.73	29.22	104.7	26.65	29.22	105.5	26.53	29.22	106.7	26.56	29.22	106.4
21/06/2018 1:31:54 PM	3612396714	1013.00	26.69	29.22	105.1	26.64	29.22	105.6	26.56	29.22	106.4	26.58	29.22	106.2
21/06/2018 1:31:55 PM	3612396715	1013.00	26.70	29.21	105.0	26.59	29.21	106.1	26.55	29.21	106.5	26.56	29.21	106.4
21/06/2018 1:31:56 PM	3612396716	1013.00	26.70	29.21	105.0	26.64	29.21	105.6	26.55	29.21	106.5	26.58	29.21	106.2
21/06/2018 1:31:57 PM	3612396717	1013.00	26.69	29.20	105.1	26.60	29.20	106.0	26.60	29.20	106.0	26.54	29.20	106.6
21/06/2018 1:31:58 PM	3612396718	1013.00	26.71	29.20	104.9	26.63	29.20	105.7	26.54	29.20	106.6	26.53	29.20	106.8
21/06/2018 1:31:59 PM	3612396719	1013.00	26.73	29.19	104.7	26.66	29.19	105.4	26.57	29.19	106.4	26.54	29.19	106.7
21/06/2018 1:32:00 PM	3612396720	1013.00	26.70	29.20	105.0	26.59	29.20	106.1	26.61	29.20	105.9	26.52	29.20	106.9
21/06/2018 1:32:01 PM	3612396721	1013.00	26.71	29.20	104.9	26.63	29.20	105.7	26.57	29.20	106.3	26.56	29.20	106.4
21/06/2018 1:32:02 PM	3612396722	1013.00	26.70	29.21	105.0	26.60	29.21	106.0	26.57	29.21	106.3	26.55	29.21	106.5
21/06/2018 1:32:03 PM	3612396723	1013.00	26.74	29.21	104.6	26.64	29.21	105.6	26.55	29.21	106.5	26.58	29.21	106.2
21/06/2018 1:32:04 PM	3612396724	1013.00	26.72	29.22	104.8	26.62	29.22	105.8	26.59	29.22	106.1	26.55	29.22	106.5
21/06/2018 1:32:05 PM	3612396725	1013.00	26.69	29.21	105.1	26.60	29.21	106.0	26.58	29.21	106.2	26.57	29.21	106.3
21/06/2018 1:32:06 PM	3612396726	1013.00	26.74	29.21	104.6	26.64	29.21	105.6	26.51	29.21	106.9	26.57	29.21	106.3
21/06/2018 1:32:07 PM	3612396727	1013.00	26.72	29.21	104.8	26.65	29.21	105.5	26.57	29.21	106.3	26.57	29.21	106.3
21/06/2018 1:32:08 PM	3612396728	1013.00	26.71	29.21	104.9	26.64	29.21	105.6	26.54	29.21	106.6	26.55	29.21	106.5
21/06/2018 1:32:09 PM	3612396729	1013.00	26.74	29.21	104.6	26.61	29.21	105.9	26.54	29.21	106.6	26.59	29.21	106.1
21/06/2018 1:32:10 PM	3612396730	1013.00	26.69	29.20	105.1	26.64	29.20	105.6	26.57	29.20	106.3	26.55	29.20	106.5
21/06/2018 1:32:11 PM	3612396731	1013.00	26.72	29.21	104.8	26.66	29.21	105.4	26.59	29.21	106.1	26.53	29.21	106.7
21/06/2018 1:32:12 PM	3612396732	1013.00	26.74	29.22	104.6	26.64	29.22	105.6	26.54	29.22	106.6	26.55	29.22	106.5
21/06/2018 1:32:13 PM	3612396733	1013.00	26.73	29.22	104.7	26.62	29.22	105.8	26.57	29.22	106.3	26.54	29.22	106.6
21/06/2018 1:32:14 PM	3612396734	1013.00	26.70	29.22	105.0	26.67	29.22	105.3	26.55	29.22	106.5	26.57	29.22	106.3
21/06/2018 1:32:15 PM	3612396735	1013.00	26.68	29.22	105.2	26.63	29.22	105.7	26.61	29.22	105.9	26.55	29.22	106.5
21/06/2018 1:32:16 PM	3612396736	1013.00	26.69	29.21	105.1	26.65	29.21	105.5	26.59	29.21	106.1	26.57	29.21	106.3
21/06/2018 1:32:17 PM	3612396737	1013.00	26.72	29.21	104.8	26.62	29.21	105.8	26.55	29.21	106.5	26.55	29.21	106.5
21/06/2018 1:32:18 PM	3612396738	1013.00	26.73	29.20	104.7	26.65	29.20	105.5	26.57	29.20	106.3	26.55	29.20	106.5
21/06/2018 1:32:19 PM	3612396739	1013.00	26.75	29.20	104.5	26.65	29.20	105.5	26.57	29.20	106.3	26.54	29.20	106.6
21/06/2018 1:32:20 PM	3612396740	1013.00	26.72	29.20	104.8	26.65	29.20	105.5	26.60	29.20	106.0	26.55	29.20	106.5
21/06/2018 1:32:21 PM	3612396741	1013.00	26.76	29.21	104.4	26.70	29.21	105.0	26.58	29.21	106.2	26.56	29.21	106.4
21/06/2018 1:32:22 PM	3612396742	1013.00	26.71	29.21	104.9	26.67	29.21	105.3	26.56	29.21	106.4	26.58	29.21	106.2
21/06/2018 1:32:23 PM	3612396743	1013.00	26.77	29.22	104.3	26.66	29.22	105.4	26.60	29.22	106.0	26.56	29.22	106.4
21/06/2018 1:32:24 PM	3612396744	1013.00	26.72	29.23	104.8	26.66	29.23	105.4	26.59	29.23	106.1	26.56	29.23	106.4
21/06/2018 1:32:25 PM	3612396745	1013.00	26.77	29.22	104.3	26.65	29.22	105.5	26.56	29.22	106.4	26.54	29.22	106.6
21/06/2018 1:32:26 PM	3612396746	1013.00	26.76	29.22	104.4	26.67	29.22	105.3	26.60	29.22	106.0	26.56	29.22	106.4
21/06/2018 1:32:27 PM	3612396747	1013.00	26.76	29.22	104.4	26.69	29.22	105.1	26.59	29.22	106.1	26.54	29.22	106.6
21/06/2018 1:32:28 PM	3612396748	1013.00	26.77	29.21	104.3	26.69	29.21	105.1	26.56	29.21	106.4	26.58	29.21	106.2
21/06/2018 1:32:29 PM	3612396749	1013.00	26.75	29.21	104.5	26.65	29.21	105.5	26.61	29.21	105.9	26.58	29.21	106.2
21/06/2018 1:32:30 PM	3612396750	1013.00	26.75	29.21	104.5	26.66	29.21	105.4	26.56	29.21	106.4	26.51	29.21	106.9
21/06/2018 1:32:31 PM	3612396751	1013.00	26.74	29.21	104.6	26.65	29.21	105.5	26.57	29.21	106.3	26.55	29.21	106.5
21/06/2018 1:32:32 PM	3612396752	1013.00	26.78	29.21	104.2	26.69	29.21	105.1	26.57	29.21	106.3	26.54	29.21	106.6
21/06/2018 1:32:33 PM	3612396753	1013.00	26.76	29.22	104.4	26.69	29.22	105.1	26.58	29.22	106.2	26.56	29.22	106.4
21/06/2018 1:32:34 PM	3612396754	1013.00	26.76	29.23	104.4	26.72	29.23	104.8	26.57	29.23	106.3	26.56	29.23	106.4
21/06/2018 1:32:35 PM	3612396755	1013.00	26.77	29.23	104.3	26.70	29.23	105.0	26.60	29.23	106.0	26.56	29.23	106.4
21/06/2018 1:32:36 PM	3612396756	1013.00	26.77	29.23	104.3	26.66	29.23	105.4	26.61	29.23	105.9	26.55	29.23	106.5
21/06/2018 1:32:37 PM	3612396757	1013.00	26.77	29.23	104.3	26.63	29.23	105.7	26.59	29.23	106.1	26.57	29.23	106.3
21/06/2018 1:32:38 PM	3612396758	1013.00	26.79	29.23	104.1	26.69	29.23	105.1	26.60	29.23	106.0	26.55	29.23	106.5
21/06/2018 1:32:39 PM	3612396759	1013.00	26.80	29.23	104.0	26.66	29.23	105.4	26.62	29.23	105.8	26.58	29.23	106.2
21/06/2018 1:32:40 PM	3612396760	1013.00	26.77	29.22	104.3	26.68	29.22	105.2	26.60	29.22	106.0	26.55	29.22	106.5
21/06/2018 1:32:41 PM	3612396761	1013.00	26.79	29.23	104.1	26.73	29.23	104.7	26.58	29.23	106.2	26.59	29.23	106.1
21/06/2018 1:32:42 PM	3612396762	1013.00	26.78	29.24	104.2	26.67	29.24	105.3	26.60	29.24	106.0	26.60	29.24	106.0
21/06/2018 1:32:43 PM	3612396763	1013.00	26.79	29.23	104.1	26.69	29.23	105.1	26.60	29.23	106.0	26.56	29.23	106.4
21/06/2018 1:32:44 PM	3612396764	1013.00	26.81	29.24	103.9	26.70	29.24	105.0	26.61	29.24	105.9	26.57	29.24	106.3
21/06/2018 1:32:45 PM	3612396765	1013.00	26.78	29.24	104.2	26.68	29.24	105.2	26.62	29.24	105.8	26.58	29.24	106.2
21/06/2018 1:32:46 PM	3612396766	1013.00	26.82	29.23	103.8	26.71	29.23	104.9	26.64	29.23	105.6	26.56	29.23	106.4
21/06/2018 1:32:47 PM	3612396767	1013.00	26.81	29.22	103.9	26.72	29.22	104.8	26.61	29.22	105.9	26.55	29.22	106.5
21/06/2018 1:32:48 PM	3612396768	1013.00	26.82	29.22	103.8	26.71	29.22	104.9	26.63	29.22	105.7	26.57	29.22	106.3
21/06/2018 1:32:49 PM	3612396769	1013.00	26.80	29.21	104.0	26.75	29.21	104.5	26.60	29.21	106.0	26.55	29.21	106.5
21/06/2018 1:32:50 PM	3612396770	1013.00	26.80	29.22	104.0	26.77	29.22	104.3	26.66	29.22	105.4	26.55	29.22	106.5
21/06/2018 1:32:51 PM	3612396771	1013.00	26.81	29.22	103.9	26.70	29.22	105.0	26.62	29.22	105.8	26.55	29.22	106.5
21/06/2018 1:32:52 PM	3612396772	1013.00	26.80	29.22	104.0	26.66	29.22	105.4	26.60	29.22	106.0	26.56	29.22	106.4
21/06/2018 1:32:53 PM	3612396773	1013.00	26.83	29.22	103.7	26.69	29.22	105.1	26.63	29.22	105.7	26.53	29.22	106.7
21/06/2018 1:32:54 PM	3612396774	1013.00	26.80	29.22	104.0	26.74	29.22	104.6	26.59	29.22	106.1	26.56	29.22	106.4
21/06/2018 1:32:55 PM	3612396775	1013.00	26.82	29.22	103.8	26.78	29.22	104.2	26.66	29.22	105.4	26.56	29.22	106.4
21/06/2018 1:32:56 PM	3612396776	1013.00	26.86	29.22	103.4	26.74	29.22	104.6	26.65	29.22	105.5	26.55	29.22	106.5
21/06/2018 1:32:57 PM	3612396777	1013.00	26.87	29.21	103.3	26.72	29.21	104.8	26.65	29.21	105.5	26.58	29.21	106.2
21/06/2018 1:32:58 PM	3612396778	1013.00	26.84	29.21	103.6	26.76	29.21	104.4	26.63	29.21	105.7	26.58	29.21	106.2
21/06/2018 1:32:59 PM	3612396779	1013.00	26.82	29.21	103.8	26.76	29.21	104.4	26.59	29.21	106.1	26.56	29.21	106.4
21/06/2018 1:33:00 PM	3612396780	1013.00	26.87	29.21	103.3	26.77	29.21	104.3	26.66	29.21	105.4	26.57	29.21	106.3
21/06/2018 1:33:01 PM	3612396781	1013.00	26.81	29.21	103.9	26.75	29.21	104.5	26.64	29.21	105.6	26.58	29.21	106.2
21/06/2018 1:33:02 PM	3612396782	1013.00	26.88	29.20	103.2	26.78	29.20	104.2	26.60	29.20	106.0	26.58	29.20	106.2
21/06/2018 1:33:03 PM	3612396783	1013.00	26.85	29.20	103.5	26.73	29.20	104.7	26.61	29.20	105.9	26.60	29.20	106.0
21/06/2018 1:33:04 PM	3612396784	1013.00	26.83	29.21	103.7	26.72	29.21	104.8	26.65	29.21	105.5	26.56	29.21	106.4
21/06/2018 1:33:05 PM	3612396785	1013.00	26.87	29.20	103.3	26.79	29.20	104.1	26.63	29.20	105.7	26.59	29.20	106.1
21/06/2018 1:33:06 PM	3612396786	1013.00	26.84	29.20	103.6	26.78	29.20	104.2	26.64	29.20	105.6	26.53	29.20	106.8
21/06/2018 1:33:07 PM	3612396787	1013.00	26.86	29.21	103.4	26.77	29.21	104.3	26.68	29.21	105.2	26.55	29.21	106.5
21/06/2018 1:33:08 PM	3612396788	1013.00	26.85	29.20	103.5	26.80	29.20	104.0	26.64	29.20	105.6	26.55	29.20	106.5
21/06/2018 1:33:09 PM	3612396789	1013.00	26.86	29.20	103.4	26.79	29.20	104.1	26.67	29.20	105.3	26.57	29.20	106.3
21/06/2018 1:33:10 PM	3612396790	1013.00	26.89	29.20	103.1	26.71	29.20	104.9	26.66	29.20	105.4	26.57	29.20	106.3
21/06/2018 1:33:11 PM	3612396791	1013.00	26.90	29.20	103.0	26.78	29.20	104.2	26.65	29.20	105.5	26.55	29.20	106.5
21/06/2018 1:33:12 PM	3612396792	1013.00	26.88	29.20	103.2	26.81	29.20	103.9	26.67	29.20	105.3	26.56	29.20	106.4
21/06/2018 1:33:13 PM	3612396793	1013.00	26.88	29.20	103.2	26.80	29.20	104.0	26.66	29.20	105.4	26.57	29.20	106.3
21/06/2018 1:33:14 PM	3612396794	1013.00	26.89	29.20	103.1	26.80	29.20	104.0	26.60	29.20	106.0	26.61	29.20	105.9
21/06/2018 1:33:15 PM	3612396795	1013.00	26.87	29.21	103.3	26.80	29.21	104.0	26.67	29.21	105.3	26.55	29.21	106.5
21/06/2018 1:33:16 PM	3612396796	1013.00	26.89	29.22	103.1	26.76	29.22	104.4	26.65	29.22	105.5	26.57	29.22	106.3
21/06/2018 1:33:17 PM	3612396797	1013.00	26.89	29.22	103.1	26.82	29.22	103.8	26.64	29.22	105.6	26.56	29.22	106.4
21/06/2018 1:33:18 PM	3612396798	1013.00	26.89	29.22	103.1	26.81	29.22	103.9	26.64	29.22	105.6	26.53	29.22	106.7
21/06/2018 1:33:19 PM	3612396799	1013.00	26.90	29.22	103.0	26.83	29.22	103.7	26.67	29.22	105.3	26.58	29.22	106.2
21/06/2018 1:33:20 PM	3612396800	1013.00	26.93	29.22	102.7	26.84	29.22	103.6	26.66	29.22	105.4	26.57	29.22	106.3
21/06/2018 1:33:21 PM	3612396801	1013.00	26.90	29.23	103.0	26.79	29.23	104.1	26.65	29.23	105.5	26.55	29.23	106.5
21/06/2018 1:33:22 PM	3612396802	1013.00	26.91	29.23	102.9	26.84	29.23	103.6	26.70	29.23	105.0	26.59	29.23	106.1
21/06/2018 1:33:23 PM	3612396803	1013.00	26.93	29.23	102.7	26.84	29.23	103.6	26.68	29.23	105.2	26.57	29.23	106.3
21/06/2018 1:33:24 PM	3612396804	1013.00	26.92	29.23	102.8	26.86	29.23	103.4	26.69	29.23	105.1	26.56	29.23	106.4
21/06/2018 1:33:25 PM	3612396805	1013.00	26.93	29.22	102.7	26.78	29.22	104.2	26.66	29.22	105.4	26.55	29.22	106.5
21/06/2018 1:33:26 PM	3612396806	1013.00	26.96	29.22	102.4	26.83	29.22	103.7	26.66	29.22	105.4	26.57	29.22	106.3
21/06/2018 1:33:27 PM	3612396807	1013.00	26.95	29.22	102.5	26.85	29.22	103.5	26.67	29.22	105.3	26.56	29.22	106.4
21/06/2018 1:33:28 PM	3612396808	1013.00	26.97	29.23	102.3	26.83	29.23	103.7	26.70	29.23	105.0	26.56	29.23	106.4
21/06/2018 1:33:29 PM	3612396809	1013.00	26.94	29.24	102.6	26.85	29.24	103.5	26.67	29.24	105.3	26.55	29.24	106.5
21/06/2018 1:33:30 PM	3612396810	1013.00	26.96	29.24	102.4	26.83	29.24	103.7	26.71	29.24	104.9	26.60	29.24	106.0
21/06/2018 1:33:31 PM	3612396811	1013.00	26.96	29.23	102.4	26.85	29.23	103.5	26.69	29.23	105.1	26.55	29.23	106.5
21/06/2018 1:33:32 PM	3612396812	1013.00	27.02	29.23	101.8	26.87	29.23	103.3	26.71	29.23	104.9	26.59	29.23	106.1
21/06/2018 1:33:33 PM	3612396813	1013.00	26.97	29.22	102.3	26.84	29.22	103.6	26.70	29.22	105.0	26.57	29.22	106.3
21/06/2018 1:33:34 PM	3612396814	1013.00	26.96	29.21	102.4	26.84	29.21	103.6	26.70	29.21	105.0	26.58	29.21	106.2
21/06/2018 1:33:35 PM	3612396815	1013.00	26.97	29.21	102.3	26.88	29.21	103.2	26.72	29.21	104.8	26.57	29.21	106.3
21/06/2018 1:33:36 PM	3612396816	1013.00	27.01	29.21	101.9	26.83	29.21	103.7	26.72	29.21	104.8	26.57	29.21	106.3
21/06/2018 1:33:37 PM	3612396817	1013.00	26.98	29.21	102.2	26.85	29.21	103.5	26.67	29.21	105.3	26.55	29.21	106.5
21/06/2018 1:33:38 PM	3612396818	1013.00	26.99	29.22	102.1	26.88	29.22	103.2	26.74	29.22	104.6	26.57	29.22	106.3
21/06/2018 1:33:39 PM	3612396819	1013.00	27.00	29.21	102.0	26.86	29.21	103.4	26.71	29.21	104.9	26.58	29.21	106.2
21/06/2018 1:33:40 PM	3612396820	1013.00	27.01	29.21	101.9	26.90	29.21	103.0	26.70	29.21	105.0	26.55	29.21	106.5
21/06/2018 1:33:41 PM	3612396821	1013.00	27.02	29.21	101.9	26.85	29.21	103.5	26.73	29.21	104.7	26.55	29.21	106.5
21/06/2018 1:33:42 PM	3612396822	1013.00	27.01	29.21	101.9	26.84	29.21	103.6	26.71	29.21	104.9	26.56	29.21	106.4
21/06/2018 1:33:43 PM	3612396823	1013.00	27.01	29.20	102.0	26.88	29.20	103.2	26.73	29.20	104.7	26.55	29.20	106.5
21/06/2018 1:33:44 PM	3612396824	1013.00	27.00	29.20	102.1	26.87	29.20	103.3	26.68	29.20	105.2	26.56	29.20	106.4
21/06/2018 1:33:45 PM	3612396825	1013.00	27.05	29.20	101.6	26.86	29.20	103.4	26.71	29.20	104.9	26.56	29.20	106.4
21/06/2018 1:33:46 PM	3612396826	1013.00	27.04	29.20	101.7	26.89	29.20	103.1	26.73	29.20	104.7	26.58	29.20	106.2
21/06/2018 1:33:47 PM	3612396827	1013.00	27.04	29.21	101.7	26.90	29.21	103.0	26.72	29.21	104.8	26.60	29.21	106.0
21/06/2018 1:33:48 PM	3612396828	1013.00	26.99	29.22	102.1	26.90	29.22	103.0	26.71	29.22	104.9	26.61	29.22	105.9
21/06/2018 1:33:49 PM	3612396829	1013.00	27.05	29.21	101.6	26.87	29.21	103.3	26.75	29.21	104.5	26.59	29.21	106.1
21/06/2018 1:33:50 PM	3612396830	1013.00	27.03	29.22	101.7	26.95	29.22	102.5	26.72	29.22	104.8	26.55	29.22	106.5
21/06/2018 1:33:51 PM	3612396831	1013.00	27.04	29.22	101.6	26.94	29.22	102.6	26.73	29.22	104.7	26.56	29.22	106.4
21/06/2018 1:33:52 PM	3612396832	1013.00	27.03	29.22	101.7	26.89	29.22	103.1	26.74	29.22	104.6	26.60	29.22	106.0
21/06/2018 1:33:53 PM	3612396833	1013.00	27.04	29.22	101.6	26.91	29.22	102.9	26.73	29.22	104.7	26.58	29.22	106.2
21/06/2018 1:33:54 PM	3612396834	1013.00	27.05	29.24	101.5	26.93	29.24	102.7	26.75	29.24	104.5	26.54	29.24	106.6
21/06/2018 1:33:55 PM	3612396835	1013.00	27.06	29.23	101.4	26.93	29.23	102.7	26.74	29.23	104.6	26.56	29.23	106.4
21/06/2018 1:33:56 PM	3612396836	1013.00	27.05	29.23	101.5	26.99	29.23	102.1	26.74	29.23	104.6	26.55	29.23	106.5
21/06/2018 1:33:57 PM	3612396837	1013.00	27.03	29.22	101.7	26.89	29.22	103.1	26.74	29.22	104.6	26.57	29.22	106.3
21/06/2018 1:33:58 PM	3612396838	1013.00	27.08	29.22	101.3	26.89	29.22	103.1	26.75	29.22	104.5	26.58	29.22	106.2
21/06/2018 1:33:59 PM	3612396839	1013.00	27.04	29.21	101.7	26.97	29.21	102.3	26.76	29.21	104.4	26.60	29.21	106.0
21/06/2018 1:34:00 PM	3612396840	1013.00	27.06	29.21	101.5	26.96	29.21	102.4	26.74	29.21	104.6	26.59	29.21	106.1
21/06/2018 1:34:01 PM	3612396841	1013.00	27.05	29.21	101.6	26.96	29.21	102.4	26.75	29.21	104.5	26.59	29.21	106.1
21/06/2018 1:34:02 PM	3612396842	1013.00	27.08	29.21	101.3	26.97	29.21	102.3	26.76	29.21	104.4	26.58	29.21	106.2
21/06/2018 1:34:03 PM	3612396843	1013.00	27.07	29.21	101.4	26.97	29.21	102.3	26.72	29.21	104.8	26.57	29.21	106.3
21/06/2018 1:34:04 PM	3612396844	1013.00	27.07	29.21	101.4	26.97	29.21	102.3	26.76	29.21	104.4	26.58	29.21	106.2
21/06/2018 1:34:05 PM	3612396845	1013.00	27.09	29.22	101.2	26.98	29.22	102.2	26.71	29.22	104.9	26.58	29.22	106.2
21/06/2018 1:34:06 PM	3612396846	1013.00	27.09	29.23	101.1	26.98	29.23	102.2	26.76	29.23	104.4	26.59	29.23	106.1
21/06/2018 1:34:07 PM	3612396847	1013.00	27.09	29.23	101.1	26.98	29.23	102.2	26.74	29.23	104.6	26.54	29.23	106.6
21/06/2018 1:34:08 PM	3612396848	1013.00	27.09	29.22	101.2	26.95	29.22	102.5	26.73	29.22	104.7	26.56	29.22	106.4
21/06/2018 1:34:09 PM	3612396849	1013.00	27.09	29.22	101.2	26.99	29.22	102.1	26.73	29.22	104.7	26.56	29.22	106.4
21/06/2018 1:34:10 PM	3612396850	1013.00	27.10	29.22	101.1	26.98	29.22	102.2	26.77	29.22	104.3	26.56	29.22	106.4
21/06/2018 1:34:11 PM	3612396851	1013.00	27.08	29.22	101.3	27.01	29.22	101.9	26.75	29.22	104.5	26.57	29.22	106.3
21/06/2018 1:34:12 PM	3612396852	1013.00	27.12	29.21	100.9	27.02	29.21	101.9	26.75	29.21	104.5	26.55	29.21	106.5
21/06/2018 1:34:13 PM	3612396853	1013.00	27.12	29.22	100.9	26.98	29.22	102.2	26.75	29.22	104.5	26.58	29.22	106.2
21/06/2018 1:34:14 PM	3612396854	1013.00	27.13	29.21	100.8	27.00	29.21	102.0	26.79	29.21	104.1	26.56	29.21	106.4
21/06/2018 1:34:15 PM	3612396855	1013.00	27.12	29.21	100.9	27.00	29.21	102.0	26.76	29.21	104.4	26.59	29.21	106.1
21/06/2018 1:34:16 PM	3612396856	1013.00	27.12	29.21	100.9	26.99	29.21	102.1	26.73	29.21	104.7	26.57	29.21	106.3
21/06/2018 1:34:17 PM	3612396857	1013.00	27.14	29.21	100.7	26.99	29.21	102.1	26.76	29.21	104.4	26.55	29.21	106.5
21/06/2018 1:34:18 PM	3612396858	1013.00	27.14	29.21	100.7	27.01	29.21	101.9	26.78	29.21	104.2	26.55	29.21	106.5
21/06/2018 1:34:19 PM	3612396859	1013.00	27.14	29.21	100.7	27.07	29.21	101.4	26.79	29.21	104.1	26.58	29.21	106.2
21/06/2018 1:34:20 PM	3612396860	1013.00	27.13	29.21	100.8	27.04	29.21	101.7	26.72	29.21	104.8	26.57	29.21	106.3
21/06/2018 1:34:21 PM	3612396861	1013.00	27.13	29.21	100.8	27.01	29.21	101.9	26.78	29.21	104.2	26.55	29.21	106.5
21/06/2018 1:34:22 PM	3612396862	1013.00	27.13	29.20	100.8	27.03	29.20	101.8	26.80	29.20	104.0	26.58	29.20	106.2
21/06/2018 1:34:23 PM	3612396863	1013.00	27.16	29.20	100.5	27.04	29.20	101.7	26.77	29.20	104.3	26.56	29.20	106.4
21/06/2018 1:34:24 PM	3612396864	1013.00	27.17	29.21	100.4	27.05	29.21	101.6	26.79	29.21	104.1	26.60	29.21	106.0
21/06/2018 1:34:25 PM	3612396865	1013.00	27.16	29.21	100.5	27.06	29.21	101.5	26.77	29.21	104.3	26.59	29.21	106.1
21/06/2018 1:34:26 PM	3612396866	1013.00	27.20	29.21	100.1	27.07	29.21	101.4	26.77	29.21	104.3	26.60	29.21	106.0
21/06/2018 1:34:27 PM	3612396867	1013.00	27.15	29.22	100.6	27.04	29.22	101.6	26.80	29.22	104.0	26.57	29.22	106.3
21/06/2018 1:34:28 PM	3612396868	1013.00	27.16	29.22	100.5	27.05	29.22	101.5	26.79	29.22	104.1	26.59	29.22	106.1
21/06/2018 1:34:29 PM	3612396869	1013.00	27.17	29.22	100.4	27.04	29.22	101.6	26.77	29.22	104.3	26.59	29.22	106.1
21/06/2018 1:34:30 PM	3612396870	1013.00	27.20	29.21	100.1	27.13	29.21	100.8	26.83	29.21	103.7	26.59	29.21	106.1
21/06/2018 1:34:31 PM	3612396871	1013.00	27.17	29.21	100.4	27.08	29.21	101.3	26.74	29.21	104.6	26.58	29.21	106.2
21/06/2018 1:34:32 PM	3612396872	1013.00	27.20	29.22	100.1	27.06	29.22	101.4	26.82	29.22	103.8	26.56	29.22	106.4
21/06/2018 1:34:33 PM	3612396873	1013.00	27.21	29.21	100.0	27.09	29.21	101.2	26.80	29.21	104.0	26.59	29.21	106.1
21/06/2018 1:34:34 PM	3612396874	1013.00	27.22	29.22	99.9	27.09	29.22	101.2	26.81	29.22	103.9	26.56	29.22	106.4
21/06/2018 1:34:35 PM	3612396875	1013.00	27.23	29.22	99.8	27.11	29.22	101.0	26.75	29.22	104.5	26.56	29.22	106.4
21/06/2018 1:34:36 PM	3612396876	1013.00	27.21	29.21	100.0	27.08	29.21	101.3	26.81	29.21	103.9	26.57	29.21	106.3
21/06/2018 1:34:37 PM	3612396877	1013.00	27.22	29.21	99.9	27.06	29.21	101.5	26.82	29.21	103.8	26.62	29.21	105.8
21/06/2018 1:34:38 PM	3612396878	1013.00	27.17	29.21	100.4	27.09	29.21	101.2	26.81	29.21	103.9	26.55	29.21	106.5
21/06/2018 1:34:39 PM	3612396879	1013.00	27.21	29.21	100.0	27.11	29.21	101.0	26.81	29.21	103.9	26.55	29.21	106.5
21/06/2018 1:34:40 PM	3612396880	1013.00	27.25	29.22	99.6	27.08	29.22	101.3	26.81	29.22	103.9	26.56	29.22	106.4
21/06/2018 1:34:41 PM	3612396881	1013.00	27.20	29.22	100.1	27.11	29.22	101.0	26.80	29.22	104.0	26.57	29.22	106.3
21/06/2018 1:34:42 PM	3612396882	1013.00	27.24	29.23	99.7	27.14	29.23	100.7	26.81	29.23	103.9	26.57	29.23	106.3
21/06/2018 1:34:43 PM	3612396883	1013.00	27.21	29.24	100.0	27.09	29.24	101.1	26.80	29.24	104.0	26.59	29.24	106.1
21/06/2018 1:34:44 PM	3612396884	1013.00	27.24	29.23	99.7	27.09	29.23	101.1	26.79	29.23	104.1	26.57	29.23	106.3
21/06/2018 1:34:45 PM	3612396885	1013.00	27.24	29.23	99.7	27.12	29.23	100.9	26.86	29.23	103.4	26.56	29.23	106.4
21/06/2018 1:34:46 PM	3612396886	1013.00	27.22	29.23	99.9	27.10	29.23	101.0	26.86	29.23	103.4	26.58	29.23	106.2
21/06/2018 1:34:47 PM	3612396887	1013.00	27.25	29.21	99.7	27.10	29.21	101.1	26.82	29.21	103.8	26.59	29.21	106.1
21/06/2018 1:34:48 PM	3612396888	1013.00	27.23	29.20	99.9	27.13	29.20	100.8	26.84	29.20	103.6	26.60	29.20	106.0
21/06/2018 1:34:49 PM	3612396889	1013.00	27.24	29.20	99.8	27.12	29.20	100.9	26.84	29.20	103.6	26.56	29.20	106.4
21/06/2018 1:34:50 PM	3612396890	1013.00	27.28	29.20	99.4	27.14	29.20	100.7	26.79	29.20	104.1	26.61	29.20	105.9
21/06/2018 1:34:51 PM	3612396891	1013.00	27.23	29.20	99.9	27.11	29.20	101.0	26.80	29.20	104.0	26.57	29.20	106.3
21/06/2018 1:34:52 PM	3612396892	1013.00	27.25	29.21	99.7	27.12	29.21	100.9	26.78	29.21	104.2	26.59	29.21	106.1
21/06/2018 1:34:53 PM	3612396893	1013.00	27.25	29.21	99.7	27.12	29.21	100.9	26.82	29.21	103.8	26.59	29.21	106.1
21/06/2018 1:34:54 PM	3612396894	1013.00	27.28	29.21	99.4	27.19	29.21	100.2	26.82	29.21	103.8	26.60	29.21	106.0
21/06/2018 1:34:55 PM	3612396895	1013.00	27.29	29.21	99.3	27.14	29.21	100.7	26.78	29.21	104.2	26.58	29.21	106.2
21/06/2018 1:34:56 PM	3612396896	1013.00	27.28	29.21	99.4	27.18	29.21	100.3	26.81	29.21	103.9	26.60	29.21	106.0
21/06/2018 1:34:57 PM	3612396897	1013.00	27.30	29.21	99.2	27.17	29.21	100.4	26.81	29.21	103.9	26.58	29.21	106.2
21/06/2018 1:34:58 PM	3612396898	1013.00	27.29	29.20	99.3	27.21	29.20	100.1	26.81	29.20	103.9	26.58	29.20	106.2
21/06/2018 1:34:59 PM	3612396899	1013.00	27.28	29.21	99.4	27.19	29.21	100.2	26.82	29.21	103.8	26.55	29.21	106.5
21/06/2018 1:35:00 PM	3612396900	1013.00	27.30	29.21	99.2	27.18	29.21	100.3	26.81	29.21	103.9	26.56	29.21	106.4
21/06/2018 1:35:01 PM	3612396901	1013.00	27.31	29.21	99.1	27.17	29.21	100.4	26.84	29.21	103.6	26.60	29.21	106.0
21/06/2018 1:35:02 PM	3612396902	1013.00	27.29	29.21	99.3	27.18	29.21	100.3	26.86	29.21	103.4	26.59	29.21	106.1
21/06/2018 1:35:03 PM	3612396903	1013.00	27.31	29.21	99.1	27.21	29.21	100.0	26.86	29.21	103.4	26.59	29.21	106.1
21/06/2018 1:35:04 PM	3612396904	1013.00	27.31	29.21	99.1	27.21	29.21	100.0	26.86	29.21	103.4	26.60	29.21	106.0
21/06/2018 1:35:05 PM	3612396905	1013.00	27.30	29.21	99.2	27.22	29.21	99.9	26.85	29.21	103.5	26.59	29.21	106.1
21/06/2018 1:35:06 PM	3612396906	1013.00	27.33	29.22	98.9	27.22	29.22	99.9	26.88	29.22	103.2	26.56	29.22	106.4
21/06/2018 1:35:07 PM	3612396907	1013.00	27.33	29.22	98.9	27.22	29.22	99.9	26.83	29.22	103.7	26.58	29.22	106.2
21/06/2018 1:35:08 PM	3612396908	1013.00	27.33	29.22	98.9	27.20	29.22	100.1	26.86	29.22	103.4	26.58	29.22	106.2
21/06/2018 1:35:09 PM	3612396909	1013.00	27.32	29.22	99.0	27.24	29.22	99.7	26.85	29.22	103.5	26.54	29.22	106.6
21/06/2018 1:35:10 PM	3612396910	1013.00	27.31	29.21	99.1	27.24	29.21	99.8	26.90	29.21	103.0	26.58	29.21	106.2
21/06/2018 1:35:11 PM	3612396911	1013.00	27.34	29.22	98.8	27.23	29.22	99.8	26.90	29.22	103.0	26.56	29.22	106.4
21/06/2018 1:35:12 PM	3612396912	1013.00	27.32	29.21	99.0	27.29	29.21	99.3	26.85	29.21	103.5	26.56	29.21	106.4
21/06/2018 1:35:13 PM	3612396913	1013.00	27.35	29.22	98.7	27.23	29.22	99.8	26.86	29.22	103.4	26.58	29.22	106.2
21/06/2018 1:35:14 PM	3612396914	1013.00	27.32	29.22	99.0	27.27	29.22	99.5	26.89	29.22	103.1	26.58	29.22	106.2
21/06/2018 1:35:15 PM	3612396915	1013.00	27.37	29.22	98.5	27.28	29.22	99.4	26.86	29.22	103.4	26.57	29.22	106.3
21/06/2018 1:35:16 PM	3612396916	1013.00	27.34	29.22	98.8	27.26	29.22	99.5	26.89	29.22	103.1	26.60	29.22	106.0
21/06/2018 1:35:17 PM	3612396917	1013.00	27.34	29.21	98.8	27.28	29.21	99.4	26.88	29.21	103.2	26.57	29.21	106.3
21/06/2018 1:35:18 PM	3612396918	1013.00	27.35	29.21	98.7	27.22	29.21	99.9	26.90	29.21	103.0	26.56	29.21	106.4
21/06/2018 1:35:19 PM	3612396919	1013.00	27.34	29.21	98.8	27.29	29.21	99.3	26.88	29.21	103.2	26.56	29.21	106.4
21/06/2018 1:35:20 PM	3612396920	1013.00	27.35	29.20	98.7	27.32	29.20	99.0	26.87	29.20	103.3	26.59	29.20	106.1
21/06/2018 1:35:21 PM	3612396921	1013.00	27.33	29.19	98.9	27.29	29.19	99.3	26.90	29.19	103.1	26.58	29.19	106.3
21/06/2018 1:35:22 PM	3612396922	1013.00	27.36	29.19	98.7	27.29	29.19	99.3	26.85	29.19	103.6	26.58	29.19	106.3
21/06/2018 1:35:23 PM	3612396923	1013.00	27.37	29.19	98.6	27.31	29.19	99.1	26.93	29.19	102.8	26.58	29.19	106.3
21/06/2018 1:35:24 PM	3612396924	1013.00	27.36	29.20	98.6	27.31	29.20	99.1	26.90	29.20	103.0	26.60	29.20	106.0
21/06/2018 1:35:25 PM	3612396925	1013.00	27.37	29.21	98.5	27.27	29.21	99.5	26.93	29.21	102.7	26.59	29.21	106.1
21/06/2018 1:35:26 PM	3612396926	1013.00	27.37	29.21	98.5	27.33	29.21	98.9	26.91	29.21	102.9	26.60	29.21	106.0
21/06/2018 1:35:27 PM	3612396927	1013.00	27.38	29.21	98.4	27.33	29.21	98.9	26.93	29.21	102.7	26.59	29.21	106.1
21/06/2018 1:35:28 PM	3612396928	1013.00	27.38	29.20	98.5	27.28	29.20	99.4	26.91	29.20	102.9	26.59	29.20	106.1
21/06/2018 1:35:29 PM	3612396929	1013.00	27.37	29.20	98.6	27.29	29.20	99.3	26.92	29.20	102.8	26.61	29.20	105.9
21/06/2018 1:35:30 PM	3612396930	1013.00	27.37	29.20	98.6	27.34	29.20	98.8	26.94	29.20	102.6	26.60	29.20	106.0
21/06/2018 1:35:31 PM	3612396931	1013.00	27.39	29.19	98.4	27.30	29.19	99.2	26.91	29.19	103.0	26.59	29.19	106.2
21/06/2018 1:35:32 PM	3612396932	1013.00	27.40	29.20	98.3	27.32	29.20	99.0	26.94	29.20	102.6	26.59	29.20	106.1
21/06/2018 1:35:33 PM	3612396933	1013.00	27.37	29.20	98.6	27.30	29.20	99.2	26.95	29.20	102.6	26.59	29.20	106.1
21/06/2018 1:35:34 PM	3612396934	1013.00	27.38	29.19	98.5	27.34	29.19	98.8	26.94	29.19	102.7	26.57	29.19	106.4
21/06/2018 1:35:35 PM	3612396935	1013.00	27.39	29.19	98.4	27.33	29.19	98.9	26.97	29.19	102.4	26.62	29.19	105.9
21/06/2018 1:35:36 PM	3612396936	1013.00	27.43	29.19	98.0	27.30	29.19	99.2	26.97	29.19	102.4	26.58	29.19	106.3
21/06/2018 1:35:37 PM	3612396937	1013.00	27.42	29.18	98.1	27.30	29.18	99.2	26.93	29.18	102.8	26.61	29.18	106.0
21/06/2018 1:35:38 PM	3612396938	1013.00	27.39	29.19	98.4	27.36	29.19	98.7	26.93	29.19	102.8	26.57	29.19	106.4
21/06/2018 1:35:39 PM	3612396939	1013.00	27.43	29.20	98.0	27.35	29.20	98.7	26.96	29.20	102.5	26.57	29.20	106.3
21/06/2018 1:35:40 PM	3612396940	1013.00	27.43	29.21	98.0	27.34	29.21	98.8	26.95	29.21	102.5	26.57	29.21	106.3
21/06/2018 1:35:41 PM	3612396941	1013.00	27.45	29.21	97.8	27.34	29.21	98.8	26.94	29.21	102.6	26.58	29.21	106.2
21/06/2018 1:35:42 PM	3612396942	1013.00	27.46	29.21	97.7	27.42	29.21	98.1	26.96	29.21	102.4	26.55	29.21	106.5
21/06/2018 1:35:43 PM	3612396943	1013.00	27.43	29.21	98.0	27.36	29.21	98.6	26.95	29.21	102.5	26.56	29.21	106.4
21/06/2018 1:35:44 PM	3612396944	1013.00	27.44	29.21	97.9	27.37	29.21	98.5	26.97	29.21	102.3	26.58	29.21	106.2
21/06/2018 1:35:45 PM	3612396945	1013.00	27.48	29.19	97.6	27.43	29.19	98.0	26.95	29.19	102.6	26.60	29.19	106.1
21/06/2018 1:35:46 PM	3612396946	1013.00	27.45	29.19	97.8	27.39	29.19	98.4	26.95	29.19	102.6	26.60	29.19	106.1
21/06/2018 1:35:47 PM	3612396947	1013.00	27.44	29.19	97.9	27.37	29.19	98.6	27.00	29.19	102.1	26.60	29.19	106.1
21/06/2018 1:35:48 PM	3612396948	1013.00	27.47	29.19	97.6	27.42	29.19	98.1	26.96	29.19	102.5	26.61	29.19	106.0
21/06/2018 1:35:49 PM	3612396949	1013.00	27.48	29.19	97.6	27.39	29.19	98.4	26.96	29.19	102.5	26.60	29.19	106.1
21/06/2018 1:35:50 PM	3612396950	1013.00	27.42	29.19	98.1	27.39	29.19	98.4	27.01	29.19	102.0	26.59	29.19	106.2
21/06/2018 1:35:51 PM	3612396951	1013.00	27.44	29.19	97.9	27.40	29.19	98.3	26.99	29.19	102.2	26.59	29.19	106.2
21/06/2018 1:35:52 PM	3612396952	1013.00	27.45	29.20	97.8	27.46	29.20	97.7	26.97	29.20	102.4	26.60	29.20	106.0
21/06/2018 1:35:53 PM	3612396953	1013.00	27.45	29.18	97.8	27.38	29.18	98.5	26.98	29.18	102.3	26.59	29.18	106.2
21/06/2018 1:35:54 PM	3612396954	1013.00	27.47	29.18	97.7	27.43	29.18	98.0	27.01	29.18	102.0	26.56	29.18	106.5
21/06/2018 1:35:55 PM	3612396955	1013.00	27.48	29.18	97.6	27.41	29.18	98.2	26.96	29.18	102.5	26.59	29.18	106.2
21/06/2018 1:35:56 PM	3612396956	1013.00	27.48	29.18	97.6	27.43	29.18	98.0	26.98	29.18	102.3	26.59	29.18	106.2
21/06/2018 1:35:57 PM	3612396957	1013.00	27.53	29.18	97.1	27.42	29.18	98.1	26.98	29.18	102.3	26.58	29.18	106.3
21/06/2018 1:35:58 PM	3612396958	1013.00	27.48	29.18	97.6	27.42	29.18	98.1	27.01	29.18	102.0	26.57	29.18	106.4
21/06/2018 1:35:59 PM	3612396959	1013.00	27.48	29.18	97.6	27.46	29.18	97.8	26.99	29.18	102.2	26.57	29.18	106.4
21/06/2018 1:36:00 PM	3612396960	1013.00	27.51	29.18	97.3	27.46	29.18	97.8	27.01	29.18	102.0	26.61	29.18	106.0
21/06/2018 1:36:01 PM	3612396961	1013.00	27.53	29.19	97.1	27.45	29.19	97.8	27.01	29.19	102.0	26.59	29.19	106.2
21/06/2018 1:36:02 PM	3612396962	1013.00	27.53	29.19	97.1	27.45	29.19	97.8	26.99	29.19	102.2	26.58	29.19	106.3
21/06/2018 1:36:03 PM	3612396963	1013.00	27.53	29.19	97.1	27.45	29.19	97.8	27.02	29.19	101.9	26.57	29.19	106.4
21/06/2018 1:36:04 PM	3612396964	1013.00	27.52	29.18	97.2	27.47	29.18	97.7	27.01	29.18	102.0	26.60	29.18	106.1
21/06/2018 1:36:05 PM	3612396965	1013.00	27.50	29.18	97.4	27.44	29.18	97.9	27.02	29.18	101.9	26.59	29.18	106.2
21/06/2018 1:36:06 PM	3612396966	1013.00	27.52	29.18	97.2	27.41	29.18	98.2	27.02	29.18	101.9	26.57	29.18	106.4
21/06/2018 1:36:07 PM	3612396967	1013.00	27.52	29.17	97.2	27.45	29.17	97.9	27.03	29.17	101.8	26.56	29.17	106.5
21/06/2018 1:36:08 PM	3612396968	1013.00	27.53	29.18	97.1	27.49	29.18	97.5	26.96	29.18	102.5	26.60	29.18	106.1
21/06/2018 1:36:09 PM	3612396969	1013.00	27.57	29.18	96.7	27.49	29.18	97.5	27.01	29.18	102.0	26.61	29.18	106.0
21/06/2018 1:36:10 PM	3612396970	1013.00	27.53	29.18	97.1	27.49	29.18	97.5	27.01	29.18	102.0	26.57	29.18	106.4
21/06/2018 1:36:11 PM	3612396971	1013.00	27.52	29.19	97.2	27.49	29.19	97.5	27.01	29.19	102.0	26.57	29.19	106.4
21/06/2018 1:36:12 PM	3612396972	1013.00	27.53	29.19	97.1	27.48	29.19	97.6	26.99	29.19	102.2	26.60	29.19	106.1
21/06/2018 1:36:13 PM	3612396973	1013.00	27.55	29.19	96.9	27.50	29.19	97.4	27.02	29.19	101.9	26.58	29.19	106.3
21/06/2018 1:36:14 PM	3612396974	1013.00	27.55	29.20	96.9	27.49	29.20	97.4	27.05	29.20	101.6	26.58	29.20	106.2
21/06/2018 1:36:15 PM	3612396975	1013.00	27.54	29.20	97.0	27.52	29.20	97.2	27.03	29.20	101.8	26.62	29.20	105.8
21/06/2018 1:36:16 PM	3612396976	1013.00	27.55	29.20	96.9	27.56	29.20	96.8	27.04	29.20	101.7	26.62	29.20	105.8
21/06/2018 1:36:17 PM	3612396977	1013.00	27.53	29.20	97.1	27.51	29.20	97.3	27.04	29.20	101.7	26.58	29.20	106.2
21/06/2018 1:36:18 PM	3612396978	1013.00	27.55	29.19	96.9	27.54	29.19	97.0	27.02	29.19	101.9	26.58	29.19	106.3
21/06/2018 1:36:19 PM	3612396979	1013.00	27.56	29.19	96.8	27.52	29.19	97.2	27.07	29.19	101.4	26.61	29.19	106.0
21/06/2018 1:36:20 PM	3612396980	1013.00	27.55	29.21	96.9	27.56	29.21	96.8	27.04	29.21	101.7	26.59	29.21	106.1
21/06/2018 1:36:21 PM	3612396981	1013.00	27.57	29.21	96.7	27.54	29.21	97.0	27.06	29.21	101.5	26.62	29.21	105.8
21/06/2018 1:36:22 PM	3612396982	1013.00	27.54	29.21	97.0	27.58	29.21	96.6	27.08	29.21	101.3	26.57	29.21	106.3
21/06/2018 1:36:23 PM	3612396983	1013.00	27.54	29.22	97.0	27.55	29.22	96.9	27.03	29.22	101.7	26.61	29.22	105.9
21/06/2018 1:36:24 PM	3612396984	1013.00	27.57	29.22	96.7	27.53	29.22	97.0	27.08	29.22	101.3	26.60	29.22	106.0
21/06/2018 1:36:25 PM	3612396985	1013.00	27.54	29.22	97.0	27.55	29.22	96.9	27.07	29.22	101.4	26.59	29.22	106.1
21/06/2018 1:36:26 PM	3612396986	1013.00	27.55	29.22	96.9	27.58	29.22	96.6	27.08	29.22	101.3	26.60	29.22	106.0
21/06/2018 1:36:27 PM	3612396987	1013.00	27.56	29.22	96.8	27.57	29.22	96.7	27.08	29.22	101.3	26.57	29.22	106.3
21/06/2018 1:36:28 PM	3612396988	1013.00	27.57	29.22	96.7	27.56	29.22	96.8	27.08	29.22	101.3	26.59	29.22	106.1
21/06/2018 1:36:29 PM	3612396989	1013.00	27.56	29.22	96.8	27.59	29.22	96.5	27.07	29.22	101.4	26.57	29.22	106.3
21/06/2018 1:36:30 PM	3612396990	1013.00	27.60	29.22	96.4	27.61	29.22	96.3	27.03	29.22	101.7	26.59	29.22	106.1
21/06/2018 1:36:31 PM	3612396991	1013.00	27.59	29.22	96.5	27.58	29.22	96.6	27.12	29.22	100.9	26.57	29.22	106.3
21/06/2018 1:36:32 PM	3612396992	1013.00	27.56	29.22	96.8	27.59	29.22	96.5	27.09	29.22	101.2	26.58	29.22	106.2
21/06/2018 1:36:33 PM	3612396993	1013.00	27.58	29.22	96.6	27.60	29.22	96.4	27.05	29.22	101.5	26.60	29.22	106.0
21/06/2018 1:36:34 PM	3612396994	1013.00	27.60	29.21	96.4	27.53	29.21	97.1	27.07	29.21	101.4	26.60	29.21	106.0
21/06/2018 1:36:35 PM	3612396995	1013.00	27.61	29.21	96.3	27.58	29.21	96.6	27.11	29.21	101.0	26.63	29.21	105.7
21/06/2018 1:36:36 PM	3612396996	1013.00	27.58	29.21	96.6	27.63	29.21	96.2	27.07	29.21	101.4	26.60	29.21	106.0
21/06/2018 1:36:37 PM	3612396997	1013.00	27.59	29.20	96.5	27.62	29.20	96.3	27.08	29.20	101.3	26.59	29.20	106.1
21/06/2018 1:36:38 PM	3612396998	1013.00	27.61	29.20	96.4	27.62	29.20	96.3	27.08	29.20	101.3	26.59	29.20	106.1
21/06/2018 1:36:39 PM	3612396999	1013.00	27.59	29.21	96.5	27.64	29.21	96.1	27.09	29.21	101.2	26.60	29.21	106.0
21/06/2018 1:36:40 PM	3612397000	1013.00	27.60	29.20	96.4	27.67	29.20	95.8	27.05	29.20	101.6	26.60	29.20	106.0
21/06/2018 1:36:41 PM	3612397001	1013.00	27.60	29.20	96.4	27.63	29.20	96.2	27.14	29.20	100.7	26.59	29.20	106.1
21/06/2018 1:36:42 PM	3612397002	1013.00	27.62	29.21	96.2	27.62	29.21	96.2	27.10	29.21	101.1	26.60	29.21	106.0
21/06/2018 1:36:43 PM	3612397003	1013.00	27.61	29.21	96.3	27.67	29.21	95.8	27.11	29.21	101.0	26.60	29.21	106.0
21/06/2018 1:36:44 PM	3612397004	1013.00	27.62	29.21	96.2	27.65	29.21	96.0	27.07	29.21	101.4	26.58	29.21	106.2
21/06/2018 1:36:45 PM	3612397005	1013.00	27.65	29.21	96.0	27.67	29.21	95.8	27.11	29.21	101.0	26.59	29.21	106.1
21/06/2018 1:36:46 PM	3612397006	1013.00	27.63	29.21	96.2	27.62	29.21	96.2	27.11	29.21	101.0	26.59	29.21	106.1
21/06/2018 1:36:47 PM	3612397007	1013.00	27.63	29.21	96.2	27.66	29.21	95.9	27.10	29.21	101.1	26.58	29.21	106.2
21/06/2018 1:36:48 PM	3612397008	1013.00	27.64	29.21	96.1	27.67	29.21	95.8	27.09	29.21	101.2	26.60	29.21	106.0
21/06/2018 1:36:49 PM	3612397009	1013.00	27.62	29.21	96.2	27.67	29.21	95.8	27.13	29.21	100.8	26.61	29.21	105.9
21/06/2018 1:36:50 PM	3612397010	1013.00	27.65	29.21	96.0	27.71	29.21	95.4	27.09	29.21	101.2	26.58	29.21	106.2
21/06/2018 1:36:51 PM	3612397011	1013.00	27.65	29.20	96.0	27.71	29.20	95.5	27.12	29.20	100.9	26.58	29.20	106.2
21/06/2018 1:36:52 PM	3612397012	1013.00	27.65	29.21	96.0	27.73	29.21	95.3	27.09	29.21	101.2	26.58	29.21	106.2
21/06/2018 1:36:53 PM	3612397013	1013.00	27.68	29.21	95.7	27.69	29.21	95.6	27.10	29.21	101.1	26.59	29.21	106.1
21/06/2018 1:36:54 PM	3612397014	1013.00	27.66	29.21	95.9	27.72	29.21	95.4	27.16	29.21	100.5	26.59	29.21	106.1
21/06/2018 1:36:55 PM	3612397015	1013.00	27.66	29.21	95.9	27.71	29.21	95.4	27.10	29.21	101.1	26.59	29.21	106.1
21/06/2018 1:36:56 PM	3612397016	1013.00	27.65	29.22	96.0	27.77	29.22	94.9	27.13	29.22	100.8	26.61	29.22	105.9
21/06/2018 1:36:57 PM	3612397017	1013.00	27.66	29.21	95.9	27.73	29.21	95.3	27.11	29.21	101.0	26.59	29.21	106.1
21/06/2018 1:36:58 PM	3612397018	1013.00	27.70	29.21	95.5	27.72	29.21	95.4	27.15	29.21	100.6	26.59	29.21	106.1
21/06/2018 1:36:59 PM	3612397019	1013.00	27.65	29.21	96.0	27.79	29.21	94.7	27.16	29.21	100.5	26.59	29.21	106.1
21/06/2018 1:37:00 PM	3612397020	1013.00	27.70	29.22	95.5	27.72	29.22	95.3	27.17	29.22	100.4	26.57	29.22	106.3
21/06/2018 1:37:01 PM	3612397021	1013.00	27.67	29.22	95.8	27.73	29.22	95.2	27.13	29.22	100.8	26.59	29.22	106.1
21/06/2018 1:37:02 PM	3612397022	1013.00	27.72	29.22	95.3	27.82	29.22	94.4	27.15	29.22	100.6	26.59	29.22	106.1
21/06/2018 1:37:03 PM	3612397023	1013.00	27.66	29.22	95.9	27.76	29.22	95.0	27.15	29.22	100.6	26.59	29.22	106.1
21/06/2018 1:37:04 PM	3612397024	1013.00	27.69	29.22	95.6	27.81	29.22	94.5	27.10	29.22	101.1	26.60	29.22	106.0
21/06/2018 1:37:05 PM	3612397025	1013.00	27.71	29.21	95.4	27.80	29.21	94.6	27.21	29.21	100.0	26.62	29.21	105.8
21/06/2018 1:37:06 PM	3612397026	1013.00	27.71	29.21	95.4	27.80	29.21	94.6	27.18	29.21	100.3	26.59	29.21	106.1
21/06/2018 1:37:07 PM	3612397027	1013.00	27.69	29.20	95.6	27.82	29.20	94.5	27.14	29.20	100.7	26.61	29.20	105.9
21/06/2018 1:37:08 PM	3612397028	1013.00	27.68	29.20	95.7	27.82	29.20	94.5	27.16	29.20	100.5	26.59	29.20	106.1
21/06/2018 1:37:09 PM	3612397029	1013.00	27.73	29.21	95.3	27.77	29.21	94.9	27.17	29.21	100.4	26.62	29.21	105.8
21/06/2018 1:37:10 PM	3612397030	1013.00	27.71	29.21	95.4	27.82	29.21	94.5	27.20	29.21	100.1	26.57	29.21	106.3
21/06/2018 1:37:11 PM	3612397031	1013.00	27.71	29.21	95.4	27.79	29.21	94.7	27.16	29.21	100.5	26.61	29.21	105.9
21/06/2018 1:37:12 PM	3612397032	1013.00	27.70	29.21	95.5	27.81	29.21	94.6	27.12	29.21	100.9	26.60	29.21	106.0
21/06/2018 1:37:13 PM	3612397033	1013.00	27.72	29.20	95.4	27.81	29.20	94.6	27.19	29.20	100.2	26.61	29.20	105.9
21/06/2018 1:37:14 PM	3612397034	1013.00	27.72	29.20	95.4	27.84	29.20	94.3	27.17	29.20	100.4	26.61	29.20	105.9
21/06/2018 1:37:15 PM	3612397035	1013.00	27.74	29.20	95.2	27.81	29.20	94.6	27.15	29.20	100.6	26.59	29.20	106.1
21/06/2018 1:37:16 PM	3612397036	1013.00	27.72	29.20	95.4	27.83	29.20	94.4	27.19	29.20	100.2	26.61	29.20	105.9
21/06/2018 1:37:17 PM	3612397037	1013.00	27.72	29.20	95.4	27.81	29.20	94.6	27.18	29.20	100.3	26.61	29.20	105.9
21/06/2018 1:37:18 PM	3612397038	1013.00	27.72	29.21	95.4	27.87	29.21	94.0	27.20	29.21	100.1	26.58	29.21	106.2
21/06/2018 1:37:19 PM	3612397039	1013.00	27.75	29.21	95.1	27.81	29.21	94.6	27.20	29.21	100.1	26.57	29.21	106.3
21/06/2018 1:37:20 PM	3612397040	1013.00	27.73	29.22	95.2	27.86	29.22	94.1	27.22	29.22	99.9	26.58	29.22	106.2
21/06/2018 1:37:21 PM	3612397041	1013.00	27.75	29.21	95.1	27.88	29.21	93.9	27.18	29.21	100.3	26.59	29.21	106.1
21/06/2018 1:37:22 PM	3612397042	1013.00	27.75	29.22	95.1	27.87	29.22	94.0	27.21	29.22	100.0	26.60	29.22	106.0
21/06/2018 1:37:23 PM	3612397043	1013.00	27.75	29.21	95.1	27.86	29.21	94.1	27.19	29.21	100.2	26.61	29.21	105.9
21/06/2018 1:37:24 PM	3612397044	1013.00	27.74	29.20	95.2	27.89	29.20	93.9	27.18	29.20	100.3	26.59	29.20	106.1
21/06/2018 1:37:25 PM	3612397045	1013.00	27.75	29.20	95.1	27.90	29.20	93.8	27.21	29.20	100.1	26.58	29.20	106.2
21/06/2018 1:37:26 PM	3612397046	1013.00	27.74	29.20	95.2	27.81	29.20	94.6	27.18	29.20	100.3	26.59	29.20	106.1
21/06/2018 1:37:27 PM	3612397047	1013.00	27.76	29.20	95.0	27.89	29.20	93.9	27.17	29.20	100.4	26.57	29.20	106.3
21/06/2018 1:37:28 PM	3612397048	1013.00	27.78	29.21	94.8	27.91	29.21	93.7	27.20	29.21	100.1	26.58	29.21	106.2
21/06/2018 1:37:29 PM	3612397049	1013.00	27.78	29.21	94.8	27.89	29.21	93.8	27.21	29.21	100.0	26.59	29.21	106.1
21/06/2018 1:37:30 PM	3612397050	1013.00	27.79	29.21	94.7	27.90	29.21	93.8	27.22	29.21	99.9	26.60	29.21	106.0
21/06/2018 1:37:31 PM	3612397051	1013.00	27.75	29.21	95.1	27.91	29.21	93.7	27.23	29.21	99.8	26.63	29.21	105.7
21/06/2018 1:37:32 PM	3612397052	1013.00	27.79	29.20	94.7	27.92	29.20	93.6	27.23	29.20	99.9	26.61	29.20	105.9
21/06/2018 1:37:33 PM	3612397053	1013.00	27.75	29.19	95.1	27.95	29.19	93.4	27.24	29.19	99.8	26.60	29.19	106.1
21/06/2018 1:37:34 PM	3612397054	1013.00	27.78	29.19	94.8	27.95	29.19	93.4	27.25	29.19	99.7	26.60	29.19	106.1
21/06/2018 1:37:35 PM	3612397055	1013.00	27.76	29.18	95.0	27.97	29.18	93.2	27.23	29.18	99.9	26.61	29.18	106.0
21/06/2018 1:37:36 PM	3612397056	1013.00	27.76	29.18	95.0	27.91	29.18	93.7	27.25	29.18	99.7	26.59	29.18	106.2
21/06/2018 1:37:37 PM	3612397057	1013.00	27.79	29.19	94.8	27.93	29.19	93.5	27.20	29.19	100.2	26.61	29.19	106.0
21/06/2018 1:37:38 PM	3612397058	1013.00	27.78	29.18	94.9	27.97	29.18	93.2	27.23	29.18	99.9	26.63	29.18	105.8
21/06/2018 1:37:39 PM	3612397059	1013.00	27.78	29.18	94.9	27.95	29.18	93.4	27.23	29.18	99.9	26.60	29.18	106.1
21/06/2018 1:37:40 PM	3612397060	1013.00	27.82	29.18	94.5	27.94	29.18	93.5	27.28	29.18	99.4	26.62	29.18	105.9
21/06/2018 1:37:41 PM	3612397061	1013.00	27.80	29.19	94.7	27.89	29.19	93.9	27.23	29.19	99.9	26.61	29.19	106.0
21/06/2018 1:37:42 PM	3612397062	1013.00	27.81	29.18	94.6	27.97	29.18	93.2	27.20	29.18	100.2	26.61	29.18	106.0
21/06/2018 1:37:43 PM	3612397063	1013.00	27.78	29.19	94.8	27.97	29.19	93.2	27.26	29.19	99.6	26.61	29.19	106.0
21/06/2018 1:37:44 PM	3612397064	1013.00	27.82	29.19	94.5	27.99	29.19	93.0	27.30	29.19	99.2	26.60	29.19	106.1
21/06/2018 1:37:45 PM	3612397065	1013.00	27.80	29.19	94.7	28.02	29.19	92.8	27.26	29.19	99.6	26.63	29.19	105.8
21/06/2018 1:37:46 PM	3612397066	1013.00	27.82	29.18	94.5	27.98	29.18	93.1	27.27	29.18	99.5	26.58	29.18	106.3
21/06/2018 1:37:47 PM	3612397067	1013.00	27.80	29.19	94.7	28.00	29.19	92.9	27.25	29.19	99.7	26.60	29.19	106.1
21/06/2018 1:37:48 PM	3612397068	1013.00	27.83	29.19	94.4	28.01	29.19	92.8	27.25	29.19	99.7	26.62	29.19	105.9
21/06/2018 1:37:49 PM	3612397069	1013.00	27.84	29.18	94.3	28.01	29.18	92.9	27.26	29.18	99.6	26.61	29.18	106.0
21/06/2018 1:37:50 PM	3612397070	1013.00	27.85	29.19	94.2	28.01	29.19	92.8	27.29	29.19	99.3	26.63	29.19	105.8
21/06/2018 1:37:51 PM	3612397071	1013.00	27.83	29.19	94.4	28.00	29.19	92.9	27.25	29.19	99.7	26.61	29.19	106.0
21/06/2018 1:37:52 PM	3612397072	1013.00	27.84	29.18	94.3	28.03	29.18	92.7	27.29	29.18	99.3	26.59	29.18	106.2
21/06/2018 1:37:53 PM	3612397073	1013.00	27.83	29.19	94.4	28.03	29.19	92.7	27.23	29.19	99.9	26.65	29.19	105.5
21/06/2018 1:37:54 PM	3612397074	1013.00	27.86	29.19	94.1	28.05	29.19	92.5	27.25	29.19	99.7	26.57	29.19	106.4
21/06/2018 1:37:55 PM	3612397075	1013.00	27.84	29.19	94.3	28.01	29.19	92.8	27.23	29.19	99.9	26.59	29.19	106.2
21/06/2018 1:37:56 PM	3612397076	1013.00	27.86	29.19	94.1	28.03	29.19	92.7	27.28	29.19	99.4	26.59	29.19	106.2
21/06/2018 1:37:57 PM	3612397077	1013.00	27.87	29.19	94.1	28.10	29.19	92.1	27.24	29.19	99.8	26.60	29.19	106.1
21/06/2018 1:37:58 PM	3612397078	1013.00	27.91	29.19	93.7	28.07	29.19	92.3	27.28	29.19	99.4	26.60	29.19	106.1
21/06/2018 1:37:59 PM	3612397079	1013.00	27.87	29.19	94.1	28.11	29.19	92.0	27.28	29.19	99.4	26.62	29.19	105.9
21/06/2018 1:38:00 PM	3612397080	1013.00	27.91	29.19	93.7	28.05	29.19	92.5	27.27	29.19	99.5	26.61	29.19	106.0
21/06/2018 1:38:01 PM	3612397081	1013.00	27.87	29.20	94.0	28.09	29.20	92.1	27.29	29.20	99.3	26.62	29.20	105.8
21/06/2018 1:38:02 PM	3612397082	1013.00	27.88	29.19	94.0	28.10	29.19	92.1	27.28	29.19	99.4	26.59	29.19	106.2
21/06/2018 1:38:03 PM	3612397083	1013.00	27.89	29.19	93.9	28.11	29.19	92.0	27.30	29.19	99.2	26.63	29.19	105.8
21/06/2018 1:38:04 PM	3612397084	1013.00	27.90	29.20	93.8	28.16	29.20	91.5	27.31	29.20	99.1	26.61	29.20	105.9
21/06/2018 1:38:05 PM	3612397085	1013.00	27.86	29.20	94.1	28.10	29.20	92.0	27.28	29.20	99.4	26.62	29.20	105.8
21/06/2018 1:38:06 PM	3612397086	1013.00	27.91	29.20	93.7	28.14	29.20	91.7	27.25	29.20	99.7	26.59	29.20	106.1
21/06/2018 1:38:07 PM	3612397087	1013.00	27.89	29.20	93.9	28.12	29.20	91.9	27.32	29.20	99.0	26.60	29.20	106.0
21/06/2018 1:38:08 PM	3612397088	1013.00	27.89	29.19	93.9	28.13	29.19	91.8	27.27	29.19	99.5	26.63	29.19	105.8
21/06/2018 1:38:09 PM	3612397089	1013.00	27.92	29.18	93.6	28.13	29.18	91.8	27.31	29.18	99.1	26.59	29.18	106.2
21/06/2018 1:38:10 PM	3612397090	1013.00	27.93	29.18	93.5	28.15	29.18	91.7	27.30	29.18	99.2	26.58	29.18	106.3
21/06/2018 1:38:11 PM	3612397091	1013.00	27.90	29.17	93.8	28.17	29.17	91.5	27.30	29.17	99.3	26.61	29.17	106.0
21/06/2018 1:38:12 PM	3612397092	1013.00	27.91	29.18	93.7	28.15	29.18	91.7	27.30	29.18	99.2	26.59	29.18	106.2
21/06/2018 1:38:13 PM	3612397093	1013.00	27.90	29.18	93.8	28.17	29.18	91.5	27.36	29.18	98.7	26.61	29.18	106.0
21/06/2018 1:38:14 PM	3612397094	1013.00	27.90	29.19	93.8	28.19	29.19	91.3	27.32	29.19	99.0	26.61	29.19	106.0
21/06/2018 1:38:15 PM	3612397095	1013.00	27.91	29.19	93.7	28.18	29.19	91.4	27.29	29.19	99.3	26.59	29.19	106.2
21/06/2018 1:38:16 PM	3612397096	1013.00	27.93	29.19	93.5	28.19	29.19	91.3	27.34	29.19	98.8	26.64	29.19	105.6
21/06/2018 1:38:17 PM	3612397097	1013.00	27.95	29.19	93.4	28.20	29.19	91.2	27.31	29.19	99.1	26.60	29.19	106.1
21/06/2018 1:38:18 PM	3612397098	1013.00	27.93	29.19	93.5	28.20	29.19	91.2	27.35	29.19	98.8	26.62	29.19	105.9
21/06/2018 1:38:19 PM	3612397099	1013.00	27.92	29.18	93.6	28.22	29.18	91.1	27.33	29.18	99.0	26.60	29.18	106.1
21/06/2018 1:38:20 PM	3612397100	1013.00	27.93	29.19	93.5	28.21	29.19	91.1	27.34	29.19	98.8	26.60	29.19	106.1
21/06/2018 1:38:21 PM	3612397101	1013.00	27.94	29.18	93.5	28.24	29.18	90.9	27.32	29.18	99.1	26.65	29.18	105.6
21/06/2018 1:38:22 PM	3612397102	1013.00	27.97	29.18	93.2	28.21	29.18	91.1	27.34	29.18	98.9	26.60	29.18	106.1
21/06/2018 1:38:23 PM	3612397103	1013.00	27.95	29.17	93.4	28.23	29.17	91.0	27.36	29.17	98.7	26.58	29.17	106.3
21/06/2018 1:38:24 PM	3612397104	1013.00	27.98	29.18	93.1	28.20	29.18	91.2	27.38	29.18	98.5	26.60	29.18	106.1
21/06/2018 1:38:25 PM	3612397105	1013.00	27.97	29.17	93.2	28.22	29.17	91.1	27.37	29.17	98.6	26.58	29.17	106.3
21/06/2018 1:38:26 PM	3612397106	1013.00	27.95	29.18	93.4	28.26	29.18	90.7	27.39	29.18	98.4	26.63	29.18	105.8
21/06/2018 1:38:27 PM	3612397107	1013.00	27.98	29.18	93.1	28.27	29.18	90.6	27.36	29.18	98.7	26.61	29.18	106.0
21/06/2018 1:38:28 PM	3612397108	1013.00	27.95	29.18	93.4	28.26	29.18	90.7	27.36	29.18	98.7	26.56	29.18	106.5
21/06/2018 1:38:29 PM	3612397109	1013.00	27.97	29.19	93.2	28.22	29.19	91.0	27.34	29.19	98.8	26.62	29.19	105.9
21/06/2018 1:38:30 PM	3612397110	1013.00	27.98	29.19	93.1	28.29	29.19	90.5	27.35	29.19	98.8	26.60	29.19	106.1
21/06/2018 1:38:31 PM	3612397111	1013.00	27.99	29.19	93.0	28.27	29.19	90.6	27.35	29.19	98.8	26.60	29.19	106.1
21/06/2018 1:38:32 PM	3612397112	1013.00	27.96	29.20	93.3	28.25	29.20	90.8	27.37	29.20	98.6	26.57	29.20	106.3
21/06/2018 1:38:33 PM	3612397113	1013.00	27.99	29.20	93.0	28.27	29.20	90.6	27.29	29.20	99.3	26.61	29.20	105.9
21/06/2018 1:38:34 PM	3612397114	1013.00	27.99	29.20	93.0	28.25	29.20	90.8	27.36	29.20	98.6	26.62	29.20	105.8
21/06/2018 1:38:35 PM	3612397115	1013.00	27.99	29.20	93.0	28.36	29.20	89.9	27.37	29.20	98.6	26.59	29.20	106.1
21/06/2018 1:38:36 PM	3612397116	1013.00	28.00	29.19	92.9	28.29	29.19	90.5	27.36	29.19	98.7	26.59	29.19	106.2
21/06/2018 1:38:37 PM	3612397117	1013.00	28.02	29.19	92.8	28.25	29.19	90.8	27.36	29.19	98.7	26.63	29.19	105.8
21/06/2018 1:38:38 PM	3612397118	1013.00	28.00	29.19	92.9	28.31	29.19	90.3	27.39	29.19	98.4	26.60	29.19	106.1
21/06/2018 1:38:39 PM	3612397119	1013.00	28.00	29.20	92.9	28.31	29.20	90.3	27.39	29.20	98.4	26.60	29.20	106.0
21/06/2018 1:38:40 PM	3612397120	1013.00	27.99	29.20	93.0	28.25	29.20	90.8	27.34	29.20	98.8	26.60	29.20	106.0
21/06/2018 1:38:41 PM	3612397121	1013.00	28.01	29.21	92.8	28.29	29.21	90.4	27.42	29.21	98.1	26.58	29.21	106.2
21/06/2018 1:38:42 PM	3612397122	1013.00	28.03	29.20	92.7	28.31	29.20	90.3	27.39	29.20	98.4	26.58	29.20	106.2
21/06/2018 1:38:43 PM	3612397123	1013.00	28.02	29.21	92.7	28.36	29.21	89.8	27.37	29.21	98.5	26.62	29.21	105.8
21/06/2018 1:38:44 PM	3612397124	1013.00	28.02	29.20	92.7	28.33	29.20	90.1	27.42	29.20	98.1	26.60	29.20	106.0
21/06/2018 1:38:45 PM	3612397125	1013.00	28.04	29.20	92.6	28.36	29.20	89.9	27.40	29.20	98.3	26.61	29.20	105.9
21/06/2018 1:38:46 PM	3612397126	1013.00	28.04	29.21	92.5	28.30	29.21	90.3	27.40	29.21	98.3	26.60	29.21	106.0
21/06/2018 1:38:47 PM	3612397127	1013.00	28.04	29.21	92.5	28.33	29.21	90.1	27.40	29.21	98.3	26.63	29.21	105.7
21/06/2018 1:38:48 PM	3612397128	1013.00	28.05	29.21	92.5	28.33	29.21	90.1	27.41	29.21	98.2	26.60	29.21	106.0
21/06/2018 1:38:49 PM	3612397129	1013.00	28.04	29.21	92.5	28.33	29.21	90.1	27.40	29.21	98.3	26.62	29.21	105.8
21/06/2018 1:38:50 PM	3612397130	1013.00	28.06	29.21	92.4	28.37	29.21	89.8	27.43	29.21	98.0	26.59	29.21	106.1
21/06/2018 1:38:51 PM	3612397131	1013.00	28.05	29.22	92.4	28.38	29.22	89.7	27.41	29.22	98.1	26.62	29.22	105.8
21/06/2018 1:38:52 PM	3612397132	1013.00	28.07	29.21	92.3	28.37	29.21	89.8	27.45	29.21	97.8	26.60	29.21	106.0
21/06/2018 1:38:53 PM	3612397133	1013.00	28.08	29.21	92.2	28.37	29.21	89.8	27.41	29.21	98.2	26.61	29.21	105.9
21/06/2018 1:38:54 PM	3612397134	1013.00	28.05	29.21	92.5	28.37	29.21	89.8	27.36	29.21	98.6	26.60	29.21	106.0
21/06/2018 1:38:55 PM	3612397135	1013.00	28.04	29.21	92.5	28.41	29.21	89.4	27.44	29.21	97.9	26.57	29.21	106.3
21/06/2018 1:38:56 PM	3612397136	1013.00	28.08	29.21	92.2	28.40	29.21	89.5	27.42	29.21	98.1	26.59	29.21	106.1
21/06/2018 1:38:57 PM	3612397137	1013.00	28.09	29.21	92.1	28.38	29.21	89.7	27.42	29.21	98.1	26.61	29.21	105.9
21/06/2018 1:38:58 PM	3612397138	1013.00	28.09	29.21	92.1	28.40	29.21	89.5	27.47	29.21	97.6	26.61	29.21	105.9
21/06/2018 1:38:59 PM	3612397139	1013.00	28.10	29.21	92.0	28.39	29.21	89.6	27.44	29.21	97.9	26.62	29.21	105.8
21/06/2018 1:39:00 PM	3612397140	1013.00	28.09	29.21	92.1	28.40	29.21	89.5	27.45	29.21	97.8	26.59	29.21	106.1
21/06/2018 1:39:01 PM	3612397141	1013.00	28.12	29.21	91.9	28.41	29.21	89.4	27.44	29.21	97.9	26.60	29.21	106.0
21/06/2018 1:39:02 PM	3612397142	1013.00	28.10	29.21	92.0	28.40	29.21	89.5	27.41	29.21	98.2	26.61	29.21	105.9
21/06/2018 1:39:03 PM	3612397143	1013.00	28.12	29.20	91.9	28.44	29.20	89.2	27.43	29.20	98.0	26.62	29.20	105.8
21/06/2018 1:39:04 PM	3612397144	1013.00	28.14	29.20	91.7	28.40	29.20	89.5	27.43	29.20	98.0	26.61	29.20	105.9
21/06/2018 1:39:05 PM	3612397145	1013.00	28.09	29.21	92.1	28.37	29.21	89.8	27.42	29.21	98.1	26.61	29.21	105.9
21/06/2018 1:39:06 PM	3612397146	1013.00	28.10	29.21	92.0	28.46	29.21	89.0	27.45	29.21	97.8	26.60	29.21	106.0
21/06/2018 1:39:07 PM	3612397147	1013.00	28.11	29.21	91.9	28.45	29.21	89.1	27.45	29.21	97.8	26.64	29.21	105.6
21/06/2018 1:39:08 PM	3612397148	1013.00	28.14	29.22	91.7	28.49	29.22	88.8	27.45	29.22	97.8	26.63	29.22	105.7
21/06/2018 1:39:09 PM	3612397149	1013.00	28.15	29.21	91.6	28.42	29.21	89.4	27.46	29.21	97.7	26.60	29.21	106.0
21/06/2018 1:39:10 PM	3612397150	1013.00	28.09	29.21	92.1	28.48	29.21	88.9	27.42	29.21	98.1	26.61	29.21	105.9
21/06/2018 1:39:11 PM	3612397151	1013.00	28.15	29.21	91.6	28.49	29.21	88.8	27.47	29.21	97.6	26.58	29.21	106.2
21/06/2018 1:39:12 PM	3612397152	1013.00	28.13	29.21	91.8	28.46	29.21	89.0	27.47	29.21	97.6	26.59	29.21	106.1
21/06/2018 1:39:13 PM	3612397153	1013.00	28.15	29.21	91.6	28.47	29.21	88.9	27.48	29.21	97.5	26.61	29.21	105.9
21/06/2018 1:39:14 PM	3612397154	1013.00	28.15	29.21	91.6	28.46	29.21	89.0	27.48	29.21	97.5	26.60	29.21	106.0
21/06/2018 1:39:15 PM	3612397155	1013.00	28.14	29.21	91.7	28.51	29.21	88.6	27.47	29.21	97.6	26.61	29.21	105.9
21/06/2018 1:39:16 PM	3612397156	1013.00	28.15	29.21	91.6	28.48	29.21	88.9	27.49	29.21	97.4	26.61	29.21	105.9
21/06/2018 1:39:17 PM	3612397157	1013.00	28.14	29.20	91.7	28.52	29.20	88.5	27.45	29.20	97.8	26.60	29.20	106.0
21/06/2018 1:39:18 PM	3612397158	1013.00	28.15	29.21	91.6	28.48	29.21	88.9	27.49	29.21	97.4	26.62	29.21	105.8
21/06/2018 1:39:19 PM	3612397159	1013.00	28.16	29.21	91.5	28.54	29.21	88.4	27.49	29.21	97.4	26.61	29.21	105.9
21/06/2018 1:39:20 PM	3612397160	1013.00	28.17	29.21	91.4	28.50	29.21	88.7	27.47	29.21	97.6	26.60	29.21	106.0
21/06/2018 1:39:21 PM	3612397161	1013.00	28.17	29.20	91.5	28.51	29.20	88.6	27.46	29.20	97.7	26.61	29.20	105.9
21/06/2018 1:39:22 PM	3612397162	1013.00	28.18	29.21	91.4	28.53	29.21	88.5	27.50	29.21	97.3	26.61	29.21	105.9
21/06/2018 1:39:23 PM	3612397163	1013.00	28.17	29.21	91.4	28.54	29.21	88.4	27.47	29.21	97.6	26.61	29.21	105.9
21/06/2018 1:39:24 PM	3612397164	1013.00	28.21	29.22	91.1	28.54	29.22	88.4	27.46	29.22	97.7	26.63	29.22	105.7
21/06/2018 1:39:25 PM	3612397165	1013.00	28.18	29.22	91.3	28.55	29.22	88.3	27.47	29.22	97.6	26.61	29.22	105.9
21/06/2018 1:39:26 PM	3612397166	1013.00	28.19	29.22	91.3	28.53	29.22	88.4	27.48	29.22	97.5	26.59	29.22	106.1
21/06/2018 1:39:27 PM	3612397167	1013.00	28.21	29.22	91.1	28.56	29.22	88.2	27.50	29.22	97.3	26.60	29.22	106.0
21/06/2018 1:39:28 PM	3612397168	1013.00	28.19	29.22	91.3	28.54	29.22	88.4	27.50	29.22	97.3	26.61	29.22	105.9
21/06/2018 1:39:29 PM	3612397169	1013.00	28.19	29.21	91.3	28.51	29.21	88.6	27.48	29.21	97.5	26.61	29.21	105.9
21/06/2018 1:39:30 PM	3612397170	1013.00	28.20	29.22	91.2	28.52	29.22	88.5	27.49	29.22	97.4	26.63	29.22	105.7
21/06/2018 1:39:31 PM	3612397171	1013.00	28.20	29.21	91.2	28.54	29.21	88.4	27.53	29.21	97.1	26.64	29.21	105.6
21/06/2018 1:39:32 PM	3612397172	1013.00	28.23	29.22	90.9	28.55	29.22	88.3	27.48	29.22	97.5	26.58	29.22	106.2
21/06/2018 1:39:33 PM	3612397173	1013.00	28.22	29.21	91.0	28.57	29.21	88.1	27.50	29.21	97.3	26.57	29.21	106.3
21/06/2018 1:39:34 PM	3612397174	1013.00	28.21	29.21	91.1	28.57	29.21	88.1	27.52	29.21	97.2	26.64	29.21	105.6
21/06/2018 1:39:35 PM	3612397175	1013.00	28.24	29.21	90.8	28.57	29.21	88.1	27.52	29.21	97.2	26.61	29.21	105.9
21/06/2018 1:39:36 PM	3612397176	1013.00	28.22	29.21	91.0	28.58	29.21	88.0	27.53	29.21	97.1	26.59	29.21	106.1
21/06/2018 1:39:37 PM	3612397177	1013.00	28.22	29.20	91.0	28.52	29.20	88.5	27.51	29.20	97.3	26.60	29.20	106.0
21/06/2018 1:39:38 PM	3612397178	1013.00	28.22	29.21	91.0	28.63	29.21	87.6	27.51	29.21	97.2	26.64	29.21	105.6
21/06/2018 1:39:39 PM	3612397179	1013.00	28.24	29.20	90.9	28.57	29.20	88.1	27.51	29.20	97.3	26.61	29.20	105.9
21/06/2018 1:39:40 PM	3612397180	1013.00	28.22	29.20	91.0	28.59	29.20	88.0	27.55	29.20	96.9	26.61	29.20	105.9
21/06/2018 1:39:41 PM	3612397181	1013.00	28.20	29.20	91.2	28.66	29.20	87.4	27.53	29.20	97.1	26.61	29.20	105.9
21/06/2018 1:39:42 PM	3612397182	1013.00	28.24	29.20	90.9	28.62	29.20	87.7	27.51	29.20	97.3	26.63	29.20	105.7
21/06/2018 1:39:43 PM	3612397183	1013.00	28.25	29.20	90.8	28.64	29.20	87.6	27.52	29.20	97.2	26.61	29.20	105.9
21/06/2018 1:39:44 PM	3612397184	1013.00	28.22	29.21	91.0	28.59	29.21	88.0	27.53	29.21	97.1	26.61	29.21	105.9
21/06/2018 1:39:45 PM	3612397185	1013.00	28.27	29.21	90.6	28.63	29.21	87.6	27.52	29.21	97.2	26.58	29.21	106.2
21/06/2018 1:39:46 PM	3612397186	1013.00	28.26	29.21	90.7	28.64	29.21	87.6	27.55	29.21	96.9	26.63	29.21	105.7
21/06/2018 1:39:47 PM	3612397187	1013.00	28.25	29.21	90.8	28.65	29.21	87.5	27.57	29.21	96.7	26.59	29.21	106.1
21/06/2018 1:39:48 PM	3612397188	1013.00	28.29	29.22	90.4	28.68	29.22	87.2	27.51	29.22	97.2	26.64	29.22	105.6
21/06/2018 1:39:49 PM	3612397189	1013.00	28.25	29.22	90.7	28.66	29.22	87.4	27.53	29.22	97.0	26.60	29.22	106.0
21/06/2018 1:39:50 PM	3612397190	1013.00	28.30	29.22	90.3	28.64	29.22	87.5	27.54	29.22	97.0	26.60	29.22	106.0
21/06/2018 1:39:51 PM	3612397191	1013.00	28.26	29.22	90.7	28.65	29.22	87.5	27.59	29.22	96.5	26.62	29.22	105.8
21/06/2018 1:39:52 PM	3612397192	1013.00	28.28	29.22	90.5	28.69	29.22	87.1	27.54	29.22	97.0	26.62	29.22	105.8
21/06/2018 1:39:53 PM	3612397193	1013.00	28.24	29.21	90.8	28.63	29.21	87.6	27.54	29.21	97.0	26.59	29.21	106.1
21/06/2018 1:39:54 PM	3612397194	1013.00	28.28	29.22	90.5	28.62	29.22	87.7	27.56	29.22	96.8	26.60	29.22	106.0
21/06/2018 1:39:55 PM	3612397195	1013.00	28.31	29.22	90.2	28.67	29.22	87.3	27.56	29.22	96.8	26.59	29.22	106.1
21/06/2018 1:39:56 PM	3612397196	1013.00	28.27	29.22	90.6	28.68	29.22	87.2	27.58	29.22	96.6	26.60	29.22	106.0
21/06/2018 1:39:57 PM	3612397197	1013.00	28.30	29.22	90.3	28.71	29.22	87.0	27.53	29.22	97.0	26.60	29.22	106.0
21/06/2018 1:39:58 PM	3612397198	1013.00	28.29	29.22	90.4	28.73	29.22	86.8	27.53	29.22	97.0	26.61	29.22	105.9
21/06/2018 1:39:59 PM	3612397199	1013.00	28.28	29.21	90.5	28.69	29.21	87.2	27.55	29.21	96.9	26.63	29.21	105.7
21/06/2018 1:40:00 PM	3612397200	1013.00	28.27	29.22	90.6	28.72	29.22	86.9	27.55	29.22	96.9	26.65	29.22	105.5
21/06/2018 1:40:01 PM	3612397201	1013.00	28.29	29.22	90.4	28.64	29.22	87.5	27.54	29.22	97.0	26.61	29.22	105.9
21/06/2018 1:40:02 PM	3612397202	1013.00	28.29	29.21	90.4	28.74	29.21	86.8	27.54	29.21	97.0	26.61	29.21	105.9
21/06/2018 1:40:03 PM	3612397203	1013.00	28.30	29.22	90.3	28.71	29.22	87.0	27.57	29.22	96.7	26.61	29.22	105.9
21/06/2018 1:40:04 PM	3612397204	1013.00	28.30	29.22	90.3	28.76	29.22	86.6	27.57	29.22	96.7	26.63	29.22	105.7
21/06/2018 1:40:05 PM	3612397205	1013.00	28.34	29.21	90.0	28.67	29.21	87.3	27.54	29.21	97.0	26.61	29.21	105.9
21/06/2018 1:40:06 PM	3612397206	1013.00	28.30	29.22	90.3	28.80	29.22	86.3	27.58	29.22	96.6	26.60	29.22	106.0
21/06/2018 1:40:07 PM	3612397207	1013.00	28.33	29.22	90.1	28.73	29.22	86.8	27.55	29.22	96.9	26.63	29.22	105.7
21/06/2018 1:40:08 PM	3612397208	1013.00	28.36	29.22	89.8	28.77	29.22	86.5	27.59	29.22	96.5	26.60	29.22	106.0
21/06/2018 1:40:09 PM	3612397209	1013.00	28.36	29.22	89.8	28.74	29.22	86.7	27.59	29.22	96.5	26.61	29.22	105.9
21/06/2018 1:40:10 PM	3612397210	1013.00	28.35	29.21	89.9	28.75	29.21	86.7	27.56	29.21	96.8	26.59	29.21	106.1
21/06/2018 1:40:11 PM	3612397211	1013.00	28.34	29.21	90.0	28.76	29.21	86.6	27.58	29.21	96.6	26.62	29.21	105.8
21/06/2018 1:40:12 PM	3612397212	1013.00	28.36	29.20	89.9	28.73	29.20	86.9	27.63	29.20	96.2	26.61	29.20	105.9
21/06/2018 1:40:13 PM	3612397213	1013.00	28.36	29.20	89.9	28.75	29.20	86.7	27.58	29.20	96.6	26.61	29.20	105.9
21/06/2018 1:40:14 PM	3612397214	1013.00	28.34	29.20	90.0	28.79	29.20	86.4	27.61	29.20	96.4	26.66	29.20	105.4
21/06/2018 1:40:15 PM	3612397215	1013.00	28.35	29.21	89.9	28.74	29.21	86.8	27.57	29.21	96.7	26.61	29.21	105.9
21/06/2018 1:40:16 PM	3612397216	1013.00	28.37	29.21	89.8	28.77	29.21	86.5	27.65	29.21	96.0	26.61	29.21	105.9
21/06/2018 1:40:17 PM	3612397217	1013.00	28.40	29.21	89.5	28.74	29.21	86.8	27.60	29.21	96.4	26.62	29.21	105.8
21/06/2018 1:40:18 PM	3612397218	1013.00	28.39	29.21	89.6	28.80	29.21	86.3	27.64	29.21	96.1	26.61	29.21	105.9
21/06/2018 1:40:19 PM	3612397219	1013.00	28.40	29.21	89.5	28.79	29.21	86.4	27.64	29.21	96.1	26.62	29.21	105.8
21/06/2018 1:40:20 PM	3612397220	1013.00	28.41	29.21	89.4	28.80	29.21	86.3	27.56	29.21	96.8	26.63	29.21	105.7
21/06/2018 1:40:21 PM	3612397221	1013.00	28.38	29.21	89.7	28.80	29.21	86.3	27.62	29.21	96.2	26.65	29.21	105.5
21/06/2018 1:40:22 PM	3612397222	1013.00	28.42	29.21	89.4	28.82	29.21	86.1	27.60	29.21	96.4	26.63	29.21	105.7
21/06/2018 1:40:23 PM	3612397223	1013.00	28.39	29.21	89.6	28.78	29.21	86.4	27.61	29.21	96.3	26.64	29.21	105.6
21/06/2018 1:40:24 PM	3612397224	1013.00	28.39	29.21	89.6	28.83	29.21	86.0	27.61	29.21	96.3	26.60	29.21	106.0
21/06/2018 1:40:25 PM	3612397225	1013.00	28.40	29.22	89.5	28.78	29.22	86.4	27.56	29.22	96.8	26.60	29.22	106.0
21/06/2018 1:40:26 PM	3612397226	1013.00	28.40	29.21	89.5	28.78	29.21	86.4	27.59	29.21	96.5	26.61	29.21	105.9
21/06/2018 1:40:27 PM	3612397227	1013.00	28.43	29.22	89.3	28.79	29.22	86.4	27.66	29.22	95.9	26.64	29.22	105.6
21/06/2018 1:40:28 PM	3612397228	1013.00	28.41	29.22	89.4	28.81	29.22	86.2	27.61	29.22	96.3	26.63	29.22	105.7
21/06/2018 1:40:29 PM	3612397229	1013.00	28.45	29.23	89.1	28.83	29.23	86.0	27.62	29.23	96.2	26.62	29.23	105.8
21/06/2018 1:40:30 PM	3612397230	1013.00	28.42	29.23	89.3	28.84	29.23	85.9	27.64	29.23	96.0	26.61	29.23	105.9
21/06/2018 1:40:31 PM	3612397231	1013.00	28.42	29.23	89.3	28.84	29.23	85.9	27.61	29.23	96.3	26.61	29.23	105.9
21/06/2018 1:40:32 PM	3612397232	1013.00	28.46	29.23	89.0	28.82	29.23	86.1	27.62	29.23	96.2	26.62	29.23	105.8
21/06/2018 1:40:33 PM	3612397233	1013.00	28.43	29.22	89.3	28.82	29.22	86.1	27.64	29.22	96.1	26.64	29.22	105.6
21/06/2018 1:40:34 PM	3612397234	1013.00	28.45	29.21	89.1	28.88	29.21	85.7	27.63	29.21	96.2	26.62	29.21	105.8
21/06/2018 1:40:35 PM	3612397235	1013.00	28.45	29.22	89.1	28.82	29.22	86.1	27.61	29.22	96.3	26.61	29.22	105.9
21/06/2018 1:40:36 PM	3612397236	1013.00	28.45	29.22	89.1	28.86	29.22	85.8	27.62	29.22	96.2	26.62	29.22	105.8
21/06/2018 1:40:37 PM	3612397237	1013.00	28.45	29.21	89.1	28.86	29.21	85.8	27.63	29.21	96.2	26.62	29.21	105.8
21/06/2018 1:40:38 PM	3612397238	1013.00	28.46	29.22	89.0	28.92	29.22	85.3	27.65	29.22	96.0	26.59	29.22	106.1
21/06/2018 1:40:39 PM	3612397239	1013.00	28.47	29.23	88.9	28.87	29.23	85.7	27.66	29.23	95.9	26.62	29.23	105.8
21/06/2018 1:40:40 PM	3612397240	1013.00	28.47	29.22	88.9	28.87	29.22	85.7	27.68	29.22	95.7	26.62	29.22	105.8
21/06/2018 1:40:41 PM	3612397241	1013.00	28.46	29.22	89.0	28.90	29.22	85.5	27.63	29.22	96.1	26.63	29.22	105.7
21/06/2018 1:40:42 PM	3612397242	1013.00	28.49	29.22	88.8	28.89	29.22	85.6	27.67	29.22	95.8	26.61	29.22	105.9
21/06/2018 1:40:43 PM	3612397243	1013.00	28.48	29.22	88.8	28.90	29.22	85.5	27.65	29.22	96.0	26.64	29.22	105.6
21/06/2018 1:40:44 PM	3612397244	1013.00	28.50	29.22	88.7	28.93	29.22	85.3	27.61	29.22	96.3	26.58	29.22	106.2
21/06/2018 1:40:45 PM	3612397245	1013.00	28.48	29.22	88.8	28.90	29.22	85.5	27.63	29.22	96.1	26.62	29.22	105.8
21/06/2018 1:40:46 PM	3612397246	1013.00	28.49	29.22	88.8	28.94	29.22	85.2	27.65	29.22	96.0	26.63	29.22	105.7
21/06/2018 1:40:47 PM	3612397247	1013.00	28.48	29.23	88.8	28.93	29.23	85.2	27.63	29.23	96.1	26.65	29.23	105.5
21/06/2018 1:40:48 PM	3612397248	1013.00	28.50	29.23	88.7	28.94	29.23	85.2	27.68	29.23	95.7	26.63	29.23	105.7
21/06/2018 1:40:49 PM	3612397249	1013.00	28.49	29.23	88.7	28.91	29.23	85.4	27.68	29.23	95.7	26.61	29.23	105.9
21/06/2018 1:40:50 PM	3612397250	1013.00	28.51	29.23	88.6	28.93	29.23	85.2	27.66	29.23	95.9	26.62	29.23	105.8
21/06/2018 1:40:51 PM	3612397251	1013.00	28.52	29.23	88.5	28.97	29.23	84.9	27.69	29.23	95.6	26.60	29.23	106.0
21/06/2018 1:40:52 PM	3612397252	1013.00	28.53	29.22	88.4	28.96	29.22	85.0	27.70	29.22	95.5	26.63	29.22	105.7
21/06/2018 1:40:53 PM	3612397253	1013.00	28.52	29.22	88.5	28.99	29.22	84.8	27.68	29.22	95.7	26.60	29.22	106.0
21/06/2018 1:40:54 PM	3612397254	1013.00	28.53	29.22	88.4	28.95	29.22	85.1	27.65	29.22	96.0	26.63	29.22	105.7
21/06/2018 1:40:55 PM	3612397255	1013.00	28.51	29.23	88.6	28.96	29.23	85.0	27.67	29.23	95.8	26.62	29.23	105.8
21/06/2018 1:40:56 PM	3612397256	1013.00	28.52	29.23	88.5	28.98	29.23	84.9	27.66	29.23	95.9	26.63	29.23	105.7
21/06/2018 1:40:57 PM	3612397257	1013.00	28.53	29.23	88.4	28.94	29.23	85.2	27.68	29.23	95.7	26.63	29.23	105.7
21/06/2018 1:40:58 PM	3612397258	1013.00	28.52	29.23	88.5	29.00	29.23	84.7	27.68	29.23	95.7	26.62	29.23	105.8
21/06/2018 1:40:59 PM	3612397259	1013.00	28.57	29.22	88.1	28.97	29.22	84.9	27.67	29.22	95.8	26.60	29.22	106.0
21/06/2018 1:41:00 PM	3612397260	1013.00	28.55	29.21	88.3	29.01	29.21	84.6	27.67	29.21	95.8	26.61	29.21	105.9
21/06/2018 1:41:01 PM	3612397261	1013.00	28.54	29.22	88.4	28.99	29.22	84.8	27.71	29.22	95.4	26.64	29.22	105.6
21/06/2018 1:41:02 PM	3612397262	1013.00	28.56	29.22	88.2	28.96	29.22	85.0	27.63	29.22	96.1	26.59	29.22	106.1
21/06/2018 1:41:03 PM	3612397263	1013.00	28.58	29.21	88.0	28.99	29.21	84.8	27.66	29.21	95.9	26.60	29.21	106.0
21/06/2018 1:41:04 PM	3612397264	1013.00	28.56	29.22	88.2	29.01	29.22	84.6	27.64	29.22	96.1	26.62	29.22	105.8
21/06/2018 1:41:05 PM	3612397265	1013.00	28.59	29.22	87.9	28.99	29.22	84.8	27.67	29.22	95.8	26.63	29.22	105.7
21/06/2018 1:41:06 PM	3612397266	1013.00	28.60	29.22	87.9	29.02	29.22	84.6	27.71	29.22	95.4	26.58	29.22	106.2
21/06/2018 1:41:07 PM	3612397267	1013.00	28.58	29.22	88.0	28.99	29.22	84.8	27.64	29.22	96.1	26.63	29.22	105.7
21/06/2018 1:41:08 PM	3612397268	1013.00	28.60	29.23	87.9	29.02	29.23	84.5	27.71	29.23	95.4	26.59	29.23	106.1
21/06/2018 1:41:09 PM	3612397269	1013.00	28.61	29.23	87.8	29.00	29.23	84.7	27.68	29.23	95.7	26.64	29.23	105.6
21/06/2018 1:41:10 PM	3612397270	1013.00	28.61	29.22	87.8	28.98	29.22	84.9	27.69	29.22	95.6	26.58	29.22	106.2
21/06/2018 1:41:11 PM	3612397271	1013.00	28.62	29.23	87.7	29.00	29.23	84.7	27.65	29.23	95.9	26.64	29.23	105.6
21/06/2018 1:41:12 PM	3612397272	1013.00	28.61	29.23	87.8	28.98	29.23	84.9	27.65	29.23	95.9	26.62	29.23	105.8
21/06/2018 1:41:13 PM	3612397273	1013.00	28.63	29.23	87.6	29.03	29.23	84.5	27.66	29.23	95.9	26.61	29.23	105.9
21/06/2018 1:41:14 PM	3612397274	1013.00	28.64	29.23	87.5	29.00	29.23	84.7	27.65	29.23	95.9	26.65	29.23	105.5
21/06/2018 1:41:15 PM	3612397275	1013.00	28.63	29.24	87.6	29.04	29.24	84.4	27.66	29.24	95.8	26.61	29.24	105.9
21/06/2018 1:41:16 PM	3612397276	1013.00	28.63	29.24	87.6	29.01	29.24	84.6	27.68	29.24	95.7	26.62	29.24	105.8
21/06/2018 1:41:17 PM	3612397277	1013.00	28.66	29.23	87.4	29.03	29.23	84.5	27.72	29.23	95.3	26.64	29.23	105.6
21/06/2018 1:41:18 PM	3612397278	1013.00	28.64	29.23	87.5	29.04	29.23	84.4	27.69	29.23	95.6	26.60	29.23	106.0
21/06/2018 1:41:19 PM	3612397279	1013.00	28.66	29.23	87.4	29.02	29.23	84.5	27.71	29.23	95.4	26.64	29.23	105.6
21/06/2018 1:41:20 PM	3612397280	1013.00	28.67	29.23	87.3	29.02	29.23	84.5	27.72	29.23	95.3	26.63	29.23	105.7
21/06/2018 1:41:21 PM	3612397281	1013.00	28.64	29.22	87.5	29.05	29.22	84.3	27.73	29.22	95.2	26.62	29.22	105.8
21/06/2018 1:41:22 PM	3612397282	1013.00	28.68	29.22	87.2	29.06	29.22	84.2	27.70	29.22	95.5	26.67	29.22	105.3
21/06/2018 1:41:23 PM	3612397283	1013.00	28.68	29.23	87.2	29.07	29.23	84.2	27.71	29.23	95.4	26.64	29.23	105.6
21/06/2018 1:41:24 PM	3612397284	1013.00	28.66	29.22	87.4	29.08	29.22	84.1	27.72	29.22	95.3	26.64	29.22	105.6
21/06/2018 1:41:25 PM	3612397285	1013.00	28.67	29.22	87.3	29.04	29.22	84.4	27.76	29.22	95.0	26.63	29.22	105.7
21/06/2018 1:41:26 PM	3612397286	1013.00	28.68	29.23	87.2	29.10	29.23	83.9	27.72	29.23	95.3	26.62	29.23	105.8
21/06/2018 1:41:27 PM	3612397287	1013.00	28.66	29.23	87.4	29.13	29.23	83.7	27.74	29.23	95.1	26.59	29.23	106.1
21/06/2018 1:41:28 PM	3612397288	1013.00	28.66	29.23	87.4	29.10	29.23	83.9	27.75	29.23	95.1	26.63	29.23	105.7
21/06/2018 1:41:29 PM	3612397289	1013.00	28.69	29.23	87.1	29.10	29.23	83.9	27.68	29.23	95.7	26.60	29.23	106.0
21/06/2018 1:41:30 PM	3612397290	1013.00	28.67	29.23	87.3	29.14	29.23	83.6	27.73	29.23	95.2	26.61	29.23	105.9
21/06/2018 1:41:31 PM	3612397291	1013.00	28.67	29.23	87.3	29.13	29.23	83.7	27.74	29.23	95.1	26.63	29.23	105.7
21/06/2018 1:41:32 PM	3612397292	1013.00	28.67	29.22	87.3	29.08	29.22	84.1	27.77	29.22	94.9	26.61	29.22	105.9
21/06/2018 1:41:33 PM	3612397293	1013.00	28.69	29.23	87.1	29.12	29.23	83.8	27.73	29.23	95.2	26.59	29.23	106.1
21/06/2018 1:41:34 PM	3612397294	1013.00	28.69	29.23	87.1	29.11	29.23	83.9	27.77	29.23	94.9	26.64	29.23	105.6
21/06/2018 1:41:35 PM	3612397295	1013.00	28.67	29.22	87.3	29.14	29.22	83.6	27.76	29.22	95.0	26.62	29.22	105.8
21/06/2018 1:41:36 PM	3612397296	1013.00	28.68	29.23	87.2	29.13	29.23	83.7	27.75	29.23	95.1	26.61	29.23	105.9
21/06/2018 1:41:37 PM	3612397297	1013.00	28.72	29.23	86.9	29.16	29.23	83.5	27.74	29.23	95.1	26.63	29.23	105.7
21/06/2018 1:41:38 PM	3612397298	1013.00	28.70	29.23	87.1	29.15	29.23	83.5	27.78	29.23	94.8	26.65	29.23	105.5
21/06/2018 1:41:39 PM	3612397299	1013.00	28.69	29.24	87.1	29.15	29.24	83.5	27.76	29.24	94.9	26.64	29.24	105.6
21/06/2018 1:41:40 PM	3612397300	1013.00	28.69	29.24	87.1	29.14	29.24	83.6	27.77	29.24	94.9	26.60	29.24	106.0
21/06/2018 1:41:41 PM	3612397301	1013.00	28.68	29.24	87.2	29.13	29.24	83.7	27.74	29.24	95.1	26.62	29.24	105.8
21/06/2018 1:41:42 PM	3612397302	1013.00	28.72	29.25	86.9	29.19	29.25	83.2	27.77	29.25	94.8	26.65	29.25	105.4
21/06/2018 1:41:43 PM	3612397303	1013.00	28.71	29.23	87.0	29.22	29.23	83.0	27.79	29.23	94.7	26.63	29.23	105.7
21/06/2018 1:41:44 PM	3612397304	1013.00	28.71	29.23	87.0	29.18	29.23	83.3	27.74	29.23	95.1	26.66	29.23	105.4
21/06/2018 1:41:45 PM	3612397305	1013.00	28.72	29.24	86.9	29.20	29.24	83.2	27.79	29.24	94.7	26.65	29.24	105.5
21/06/2018 1:41:46 PM	3612397306	1013.00	28.76	29.24	86.6	29.14	29.24	83.6	27.76	29.24	94.9	26.64	29.24	105.6
21/06/2018 1:41:47 PM	3612397307	1013.00	28.72	29.24	86.9	29.18	29.24	83.3	27.82	29.24	94.4	26.64	29.24	105.6
21/06/2018 1:41:48 PM	3612397308	1013.00	28.75	29.24	86.6	29.21	29.24	83.1	27.79	29.24	94.7	26.64	29.24	105.6
21/06/2018 1:41:49 PM	3612397309	1013.00	28.76	29.24	86.6	28.11	29.24	91.9	27.77	29.24	94.9	26.63	29.24	105.7
21/06/2018 1:41:50 PM	3612397310	1013.00	28.76	29.23	86.6	29.20	29.23	83.2	27.80	29.23	94.6	26.62	29.23	105.8
21/06/2018 1:41:51 PM	3612397311	1013.00	28.73	29.24	86.8	29.26	29.24	82.7	27.80	29.24	94.6	26.62	29.24	105.8
21/06/2018 1:41:52 PM	3612397312	1013.00	28.77	29.23	86.5	29.23	29.23	82.9	27.84	29.23	94.3	26.64	29.23	105.6
21/06/2018 1:41:53 PM	3612397313	1013.00	28.76	29.23	86.6	29.27	29.23	82.6	27.84	29.23	94.3	26.66	29.23	105.4
21/06/2018 1:41:54 PM	3612397314	1013.00	28.77	29.23	86.5	29.24	29.23	82.9	27.81	29.23	94.5	26.63	29.23	105.7
21/06/2018 1:41:55 PM	3612397315	1013.00	28.75	29.23	86.7	29.24	29.23	82.9	27.87	29.23	94.0	26.63	29.23	105.7
21/06/2018 1:41:56 PM	3612397316	1013.00	28.76	29.23	86.6	29.23	29.23	82.9	27.87	29.23	94.0	26.60	29.23	106.0
21/06/2018 1:41:57 PM	3612397317	1013.00	28.76	29.23	86.6	28.14	29.23	91.7	27.82	29.23	94.4	26.65	29.23	105.5
21/06/2018 1:41:58 PM	3612397318	1013.00	28.77	29.23	86.5	29.26	29.23	82.7	27.84	29.23	94.3	26.63	29.23	105.7
21/06/2018 1:41:59 PM	3612397319	1013.00	28.78	29.23	86.4	29.28	29.23	82.6	27.83	29.23	94.3	26.64	29.23	105.6
21/06/2018 1:42:00 PM	3612397320	1013.00	28.76	29.23	86.6	29.25	29.23	82.8	27.84	29.23	94.3	26.63	29.23	105.7
21/06/2018 1:42:01 PM	3612397321	1013.00	28.76	29.24	86.6	29.22	29.24	83.0	27.83	29.24	94.3	26.62	29.24	105.8
21/06/2018 1:42:02 PM	3612397322	1013.00	28.77	29.24	86.5	29.26	29.24	82.7	27.84	29.24	94.2	26.60	29.24	106.0
21/06/2018 1:42:03 PM	3612397323	1013.00	28.81	29.23	86.2	29.25	29.23	82.8	27.88	29.23	93.9	26.63	29.23	105.7
21/06/2018 1:42:04 PM	3612397324	1013.00	28.80	29.24	86.2	29.28	29.24	82.6	27.85	29.24	94.2	26.66	29.24	105.4
21/06/2018 1:42:05 PM	3612397325	1013.00	28.79	29.23	86.3	29.26	29.23	82.7	27.88	29.23	93.9	26.62	29.23	105.8
21/06/2018 1:42:06 PM	3612397326	1013.00	28.80	29.22	86.3	29.31	29.22	82.4	27.84	29.22	94.3	26.62	29.22	105.8
21/06/2018 1:42:07 PM	3612397327	1013.00	28.81	29.23	86.2	29.30	29.23	82.4	27.87	29.23	94.0	26.63	29.23	105.7
21/06/2018 1:42:08 PM	3612397328	1013.00	28.79	29.23	86.3	29.28	29.23	82.6	27.82	29.23	94.4	26.63	29.23	105.7
21/06/2018 1:42:09 PM	3612397329	1013.00	28.79	29.23	86.3	29.25	29.23	82.8	27.86	29.23	94.1	26.62	29.23	105.8
21/06/2018 1:42:10 PM	3612397330	1013.00	28.81	29.23	86.2	29.32	29.23	82.3	27.87	29.23	94.0	26.65	29.23	105.5
21/06/2018 1:42:11 PM	3612397331	1013.00	28.81	29.23	86.2	29.32	29.23	82.3	27.87	29.23	94.0	26.62	29.23	105.8
21/06/2018 1:42:12 PM	3612397332	1013.00	28.82	29.23	86.1	29.31	29.23	82.3	27.85	29.23	94.2	26.63	29.23	105.7
21/06/2018 1:42:13 PM	3612397333	1013.00	28.84	29.23	85.9	30.37	29.23	74.9	27.87	29.23	94.0	26.64	29.23	105.6
21/06/2018 1:42:14 PM	3612397334	1013.00	28.82	29.23	86.1	29.36	29.23	82.0	27.85	29.23	94.2	26.64	29.23	105.6
21/06/2018 1:42:15 PM	3612397335	1013.00	28.81	29.23	86.2	29.32	29.23	82.3	27.91	29.23	93.6	26.63	29.23	105.7
21/06/2018 1:42:16 PM	3612397336	1013.00	28.84	29.23	85.9	29.32	29.23	82.3	27.87	29.23	94.0	26.63	29.23	105.7
21/06/2018 1:42:17 PM	3612397337	1013.00	28.84	29.23	85.9	29.31	29.23	82.3	27.86	29.23	94.1	26.62	29.23	105.8
21/06/2018 1:42:18 PM	3612397338	1013.00	28.84	29.23	85.9	29.34	29.23	82.1	27.90	29.23	93.7	26.63	29.23	105.7
