Date & time of file creation	28/06/2018 1:26 PM													
Data file path	C:\Users\ameli\Desktop\Diego Barneche\28_06_2018\29_C_new_witrox_16.txt													
														
														
CALIBRATION DATA														
Parameter/Channel	N moving average	LO phase [r.U.]	HI phase [r.U.]	LO oxygen [%air saturation]	HI oxygen [%air saturation]	LO temperature [°C]	HI temperature [°C]	Salinity [‰]						
SDWD0003000199      , CH 1	1	59.07	26.13	0.00	100.00	32.11	32.13	0.000						
SDWD0003000199      , CH 2	1	59.07	26.13	0.00	100.00	32.11	32.13	0.000						
SDWD0003000199      , CH 3	1	59.07	26.13	0.00	100.00	32.11	32.13	0.000						
SDWD0003000199      , CH 4	1	59.07	26.13	0.00	100.00	32.11	32.13	0.000						
														
														
Date &Time [DD-MM-YYYY HH:MM:SS]	Time stamp code	Barometric pressure [hPa]	SDWD0003000199      , CH 1 phase [r.U.]	SDWD0003000199      , CH 1 temp [°C]	SDWD0003000199      , CH 1 O2 [% air saturation]	SDWD0003000199      , CH 2 phase [r.U.]	SDWD0003000199      , CH 2 temp [°C]	SDWD0003000199      , CH 2 O2 [% air saturation]	SDWD0003000199      , CH 3 phase [r.U.]	SDWD0003000199      , CH 3 temp [°C]	SDWD0003000199      , CH 3 O2 [% air saturation]	SDWD0003000199      , CH 4 phase [r.U.]	SDWD0003000199      , CH 4 temp [°C]	SDWD0003000199      , CH 4 O2 [% air saturation]
28/06/2018 1:27:08 PM	3613001228	1013.00	26.10	28.99	105.7	26.25	28.99	104.2	26.00	28.99	106.8	26.14	28.99	105.3
28/06/2018 1:27:09 PM	3613001229	1013.00	26.09	28.99	105.8	26.19	28.99	104.8	25.99	28.99	106.9	26.12	28.99	105.5
28/06/2018 1:27:10 PM	3613001230	1013.00	26.11	29.00	105.6	26.24	29.00	104.3	25.99	29.00	106.8	26.13	29.00	105.4
28/06/2018 1:27:11 PM	3613001231	1013.00	26.14	29.00	105.3	26.29	29.00	103.8	25.96	29.00	107.2	26.15	29.00	105.2
28/06/2018 1:27:12 PM	3613001232	1013.00	26.13	29.00	105.4	26.23	29.00	104.4	25.99	29.00	106.8	26.15	29.00	105.2
28/06/2018 1:27:13 PM	3613001233	1013.00	26.09	29.00	105.8	26.24	29.00	104.3	26.02	29.00	106.5	26.14	29.00	105.3
28/06/2018 1:27:14 PM	3613001234	1013.00	26.09	29.00	105.8	26.20	29.00	104.7	26.02	29.00	106.5	26.14	29.00	105.3
28/06/2018 1:27:15 PM	3613001235	1013.00	26.12	28.99	105.5	26.25	28.99	104.2	26.00	28.99	106.8	26.12	28.99	105.5
28/06/2018 1:27:16 PM	3613001236	1013.00	26.15	28.99	105.2	26.21	28.99	104.6	26.00	28.99	106.8	26.12	28.99	105.5
28/06/2018 1:27:17 PM	3613001237	1013.00	26.13	28.99	105.4	26.29	28.99	103.8	25.98	28.99	107.0	26.14	28.99	105.3
28/06/2018 1:27:18 PM	3613001238	1013.00	26.11	28.99	105.6	26.16	28.99	105.1	25.98	28.99	107.0	26.10	28.99	105.7
28/06/2018 1:27:19 PM	3613001239	1013.00	26.08	28.99	105.9	26.26	28.99	104.1	26.01	28.99	106.7	26.13	28.99	105.4
28/06/2018 1:27:20 PM	3613001240	1013.00	26.10	28.99	105.7	26.23	28.99	104.4	26.05	28.99	106.2	26.11	28.99	105.6
28/06/2018 1:27:21 PM	3613001241	1013.00	26.09	28.99	105.8	26.21	28.99	104.6	26.00	28.99	106.8	26.11	28.99	105.6
28/06/2018 1:27:22 PM	3613001242	1013.00	26.12	28.99	105.5	26.24	28.99	104.3	26.02	28.99	106.6	26.15	28.99	105.2
28/06/2018 1:27:23 PM	3613001243	1013.00	26.11	28.99	105.6	26.25	28.99	104.2	26.02	28.99	106.6	26.13	28.99	105.4
28/06/2018 1:27:24 PM	3613001244	1013.00	26.11	28.99	105.6	26.20	28.99	104.7	26.02	28.99	106.6	26.12	28.99	105.5
28/06/2018 1:27:25 PM	3613001245	1013.00	26.12	28.99	105.5	26.25	28.99	104.2	26.01	28.99	106.7	26.11	28.99	105.6
28/06/2018 1:27:26 PM	3613001246	1013.00	26.06	28.99	106.1	26.26	28.99	104.1	26.01	28.99	106.7	26.11	28.99	105.6
28/06/2018 1:27:27 PM	3613001247	1013.00	26.08	28.98	106.0	26.16	28.98	105.1	26.02	28.98	106.6	26.14	28.98	105.3
28/06/2018 1:27:28 PM	3613001248	1013.00	26.12	28.98	105.5	26.21	28.98	104.6	26.05	28.98	106.3	26.11	28.98	105.6
28/06/2018 1:27:29 PM	3613001249	1013.00	26.18	28.98	104.9	26.22	28.98	104.5	26.02	28.98	106.6	26.12	28.98	105.5
28/06/2018 1:27:30 PM	3613001250	1013.00	26.13	28.98	105.4	26.22	28.98	104.5	26.04	28.98	106.4	26.13	28.98	105.4
28/06/2018 1:27:31 PM	3613001251	1013.00	26.08	28.99	105.9	26.19	28.99	104.8	26.01	28.99	106.7	26.14	28.99	105.3
28/06/2018 1:27:32 PM	3613001252	1013.00	26.12	28.99	105.5	26.23	28.99	104.4	26.01	28.99	106.7	26.14	28.99	105.3
28/06/2018 1:27:33 PM	3613001253	1013.00	26.11	28.99	105.6	26.23	28.99	104.4	26.02	28.99	106.6	26.15	28.99	105.2
28/06/2018 1:27:34 PM	3613001254	1013.00	26.13	28.99	105.4	26.20	28.99	104.7	26.04	28.99	106.3	26.11	28.99	105.6
28/06/2018 1:27:35 PM	3613001255	1013.00	26.13	28.99	105.4	26.20	28.99	104.7	26.04	28.99	106.3	26.17	28.99	105.0
28/06/2018 1:27:36 PM	3613001256	1013.00	26.12	28.98	105.5	26.13	28.98	105.4	26.02	28.98	106.6	26.16	28.98	105.1
28/06/2018 1:27:37 PM	3613001257	1013.00	26.13	28.98	105.4	26.20	28.98	104.7	26.04	28.98	106.4	26.13	28.98	105.4
28/06/2018 1:27:38 PM	3613001258	1013.00	26.11	28.98	105.6	26.23	28.98	104.4	26.03	28.98	106.5	26.11	28.98	105.6
28/06/2018 1:27:39 PM	3613001259	1013.00	26.11	28.98	105.6	26.22	28.98	104.5	26.02	28.98	106.6	26.13	28.98	105.4
28/06/2018 1:27:40 PM	3613001260	1013.00	26.12	28.98	105.5	26.21	28.98	104.6	26.08	28.98	106.0	26.13	28.98	105.4
28/06/2018 1:27:41 PM	3613001261	1013.00	26.11	28.99	105.6	26.17	28.99	105.0	26.03	28.99	106.5	26.14	28.99	105.3
28/06/2018 1:27:42 PM	3613001262	1013.00	26.10	29.00	105.7	26.23	29.00	104.4	26.05	29.00	106.2	26.16	29.00	105.1
28/06/2018 1:27:43 PM	3613001263	1013.00	26.13	28.99	105.4	26.20	28.99	104.7	26.04	28.99	106.3	26.14	28.99	105.3
28/06/2018 1:27:44 PM	3613001264	1013.00	26.13	28.99	105.4	26.16	28.99	105.1	26.04	28.99	106.3	26.14	28.99	105.3
28/06/2018 1:27:45 PM	3613001265	1013.00	26.10	28.99	105.7	26.22	28.99	104.5	26.04	28.99	106.3	26.14	28.99	105.3
28/06/2018 1:27:46 PM	3613001266	1013.00	26.09	28.99	105.8	26.18	28.99	104.9	26.06	28.99	106.1	26.14	28.99	105.3
28/06/2018 1:27:47 PM	3613001267	1013.00	26.09	28.99	105.8	26.19	28.99	104.8	26.08	28.99	105.9	26.13	28.99	105.4
28/06/2018 1:27:48 PM	3613001268	1013.00	26.12	28.99	105.5	26.23	28.99	104.4	26.05	28.99	106.2	26.13	28.99	105.4
28/06/2018 1:27:49 PM	3613001269	1013.00	26.07	28.99	106.0	26.19	28.99	104.8	26.05	28.99	106.2	26.15	28.99	105.2
28/06/2018 1:27:50 PM	3613001270	1013.00	26.16	28.99	105.1	26.14	28.99	105.3	26.04	28.99	106.3	26.14	28.99	105.3
28/06/2018 1:27:51 PM	3613001271	1013.00	26.17	28.99	105.0	26.20	28.99	104.7	26.05	28.99	106.2	26.14	28.99	105.3
28/06/2018 1:27:52 PM	3613001272	1013.00	26.06	28.99	106.1	26.21	28.99	104.6	26.04	28.99	106.3	26.13	28.99	105.4
28/06/2018 1:27:53 PM	3613001273	1013.00	26.18	28.99	104.9	26.21	28.99	104.6	26.06	28.99	106.1	26.15	28.99	105.2
28/06/2018 1:27:54 PM	3613001274	1013.00	26.13	28.99	105.4	26.23	28.99	104.4	26.04	28.99	106.3	26.14	28.99	105.3
28/06/2018 1:27:55 PM	3613001275	1013.00	26.18	28.99	104.9	26.23	28.99	104.4	26.08	28.99	105.9	26.15	28.99	105.2
28/06/2018 1:27:56 PM	3613001276	1013.00	26.13	28.99	105.4	26.15	28.99	105.2	26.07	28.99	106.0	26.18	28.99	104.9
28/06/2018 1:27:57 PM	3613001277	1013.00	26.16	28.99	105.1	26.19	28.99	104.8	26.07	28.99	106.0	26.16	28.99	105.1
28/06/2018 1:27:58 PM	3613001278	1013.00	26.12	28.99	105.5	26.21	28.99	104.6	26.09	28.99	105.8	26.17	28.99	105.0
28/06/2018 1:27:59 PM	3613001279	1013.00	26.13	28.99	105.4	26.15	28.99	105.2	26.08	28.99	105.9	26.16	28.99	105.1
28/06/2018 1:28:00 PM	3613001280	1013.00	26.14	28.99	105.3	26.25	28.99	104.2	26.11	28.99	105.6	26.15	28.99	105.2
28/06/2018 1:28:01 PM	3613001281	1013.00	26.13	29.00	105.4	26.21	29.00	104.6	26.10	29.00	105.7	26.17	29.00	105.0
28/06/2018 1:28:02 PM	3613001282	1013.00	26.10	28.99	105.7	26.20	28.99	104.7	26.11	28.99	105.6	26.15	28.99	105.2
28/06/2018 1:28:03 PM	3613001283	1013.00	26.10	28.99	105.7	26.18	28.99	104.9	26.10	28.99	105.7	26.18	28.99	104.9
28/06/2018 1:28:04 PM	3613001284	1013.00	26.14	28.99	105.3	26.17	28.99	105.0	26.11	28.99	105.6	26.14	28.99	105.3
28/06/2018 1:28:05 PM	3613001285	1013.00	26.12	28.99	105.5	26.18	28.99	104.9	26.10	28.99	105.7	26.15	28.99	105.2
28/06/2018 1:28:06 PM	3613001286	1013.00	26.16	28.99	105.1	26.14	28.99	105.3	26.10	28.99	105.7	26.13	28.99	105.4
28/06/2018 1:28:07 PM	3613001287	1013.00	26.15	28.99	105.2	26.19	28.99	104.8	26.14	28.99	105.3	26.18	28.99	104.9
28/06/2018 1:28:08 PM	3613001288	1013.00	26.10	29.00	105.7	26.24	29.00	104.3	26.13	29.00	105.4	26.20	29.00	104.7
28/06/2018 1:28:09 PM	3613001289	1013.00	26.12	28.99	105.5	26.22	28.99	104.5	26.09	28.99	105.8	26.18	28.99	104.9
28/06/2018 1:28:10 PM	3613001290	1013.00	26.16	28.99	105.1	26.16	28.99	105.1	26.13	28.99	105.4	26.15	28.99	105.2
28/06/2018 1:28:11 PM	3613001291	1013.00	26.07	28.99	106.0	26.16	28.99	105.1	26.13	28.99	105.4	26.16	28.99	105.1
28/06/2018 1:28:12 PM	3613001292	1013.00	26.13	28.98	105.4	26.20	28.98	104.7	26.12	28.98	105.5	26.18	28.98	104.9
28/06/2018 1:28:13 PM	3613001293	1013.00	26.11	28.98	105.6	26.17	28.98	105.0	26.13	28.98	105.4	26.16	28.98	105.1
28/06/2018 1:28:14 PM	3613001294	1013.00	26.17	28.99	105.0	26.22	28.99	104.5	26.15	28.99	105.2	26.20	28.99	104.7
28/06/2018 1:28:15 PM	3613001295	1013.00	26.14	28.99	105.3	26.18	28.99	104.9	26.14	28.99	105.3	26.18	28.99	104.9
28/06/2018 1:28:16 PM	3613001296	1013.00	26.14	28.99	105.3	26.26	28.99	104.1	26.16	28.99	105.1	26.18	28.99	104.9
28/06/2018 1:28:17 PM	3613001297	1013.00	26.13	29.00	105.4	26.21	29.00	104.6	26.16	29.00	105.1	26.21	29.00	104.6
28/06/2018 1:28:18 PM	3613001298	1013.00	26.12	29.00	105.5	26.28	29.00	103.9	26.18	29.00	104.9	26.21	29.00	104.6
28/06/2018 1:28:19 PM	3613001299	1013.00	26.10	28.99	105.7	26.21	28.99	104.6	26.19	28.99	104.8	26.19	28.99	104.8
28/06/2018 1:28:20 PM	3613001300	1013.00	26.13	28.99	105.4	26.26	28.99	104.1	26.18	28.99	104.9	26.19	28.99	104.8
28/06/2018 1:28:21 PM	3613001301	1013.00	26.13	28.99	105.4	26.24	28.99	104.3	26.20	28.99	104.7	26.20	28.99	104.7
28/06/2018 1:28:22 PM	3613001302	1013.00	26.10	28.98	105.7	26.20	28.98	104.7	26.20	28.98	104.7	26.24	28.98	104.3
28/06/2018 1:28:23 PM	3613001303	1013.00	26.13	28.99	105.4	26.21	28.99	104.6	26.19	28.99	104.8	26.21	28.99	104.6
28/06/2018 1:28:24 PM	3613001304	1013.00	26.10	28.99	105.7	26.24	28.99	104.3	26.20	28.99	104.7	26.16	28.99	105.1
28/06/2018 1:28:25 PM	3613001305	1013.00	26.09	28.98	105.9	26.27	28.98	104.0	26.21	28.98	104.6	26.21	28.98	104.6
28/06/2018 1:28:26 PM	3613001306	1013.00	26.15	28.99	105.2	26.34	28.99	103.3	26.23	28.99	104.4	26.21	28.99	104.6
28/06/2018 1:28:27 PM	3613001307	1013.00	26.12	28.99	105.5	26.26	28.99	104.1	26.23	28.99	104.4	26.22	28.99	104.5
28/06/2018 1:28:28 PM	3613001308	1013.00	26.15	28.99	105.2	26.26	28.99	104.1	26.20	28.99	104.7	26.20	28.99	104.7
28/06/2018 1:28:29 PM	3613001309	1013.00	26.15	28.99	105.2	26.24	28.99	104.3	26.22	28.99	104.5	26.24	28.99	104.3
28/06/2018 1:28:30 PM	3613001310	1013.00	26.13	28.99	105.4	26.29	28.99	103.8	26.25	28.99	104.2	26.17	28.99	105.0
28/06/2018 1:28:31 PM	3613001311	1013.00	26.15	28.99	105.2	26.26	28.99	104.1	26.23	28.99	104.4	26.22	28.99	104.5
28/06/2018 1:28:32 PM	3613001312	1013.00	26.11	28.99	105.6	26.31	28.99	103.6	26.19	28.99	104.8	26.22	28.99	104.5
28/06/2018 1:28:33 PM	3613001313	1013.00	26.15	28.99	105.2	26.27	28.99	104.0	26.21	28.99	104.6	26.23	28.99	104.4
28/06/2018 1:28:34 PM	3613001314	1013.00	26.20	29.00	104.7	26.31	29.00	103.6	26.22	29.00	104.5	26.23	29.00	104.4
28/06/2018 1:28:35 PM	3613001315	1013.00	26.13	29.00	105.4	26.29	29.00	103.8	26.23	29.00	104.4	26.22	29.00	104.5
28/06/2018 1:28:36 PM	3613001316	1013.00	26.17	29.00	105.0	26.31	29.00	103.6	26.23	29.00	104.4	26.24	29.00	104.3
28/06/2018 1:28:37 PM	3613001317	1013.00	26.13	28.99	105.4	26.28	28.99	103.9	26.27	28.99	104.0	26.23	28.99	104.4
28/06/2018 1:28:38 PM	3613001318	1013.00	26.13	28.99	105.4	26.32	28.99	103.5	26.24	28.99	104.3	26.26	28.99	104.1
28/06/2018 1:28:39 PM	3613001319	1013.00	26.19	28.98	104.8	26.33	28.98	103.4	26.25	28.98	104.2	26.24	28.98	104.3
28/06/2018 1:28:40 PM	3613001320	1013.00	26.16	28.98	105.1	26.30	28.98	103.7	26.24	28.98	104.3	26.23	28.98	104.4
28/06/2018 1:28:41 PM	3613001321	1013.00	26.09	28.98	105.9	26.29	28.98	103.8	26.25	28.98	104.2	26.28	28.98	103.9
28/06/2018 1:28:42 PM	3613001322	1013.00	26.11	28.98	105.6	26.34	28.98	103.3	26.21	28.98	104.6	26.22	28.98	104.5
28/06/2018 1:28:43 PM	3613001323	1013.00	26.19	28.98	104.8	26.27	28.98	104.0	26.26	28.98	104.1	26.23	28.98	104.4
28/06/2018 1:28:44 PM	3613001324	1013.00	26.12	28.99	105.5	26.33	28.99	103.4	26.25	28.99	104.2	26.29	28.99	103.8
28/06/2018 1:28:45 PM	3613001325	1013.00	26.12	28.99	105.5	26.31	28.99	103.6	26.27	28.99	104.0	26.28	28.99	103.9
28/06/2018 1:28:46 PM	3613001326	1013.00	26.15	28.99	105.2	26.33	28.99	103.4	26.28	28.99	103.9	26.28	28.99	103.9
28/06/2018 1:28:47 PM	3613001327	1013.00	26.15	28.99	105.2	26.33	28.99	103.4	26.28	28.99	103.9	26.28	28.99	103.9
28/06/2018 1:28:48 PM	3613001328	1013.00	26.10	28.99	105.7	26.32	28.99	103.5	26.24	28.99	104.3	26.26	28.99	104.1
28/06/2018 1:28:49 PM	3613001329	1013.00	26.17	28.99	105.0	26.33	28.99	103.4	26.27	28.99	104.0	26.29	28.99	103.8
28/06/2018 1:28:50 PM	3613001330	1013.00	26.15	28.99	105.2	26.35	28.99	103.2	26.29	28.99	103.8	26.29	28.99	103.8
28/06/2018 1:28:51 PM	3613001331	1013.00	26.17	29.00	105.0	26.31	29.00	103.6	26.28	29.00	103.9	26.29	29.00	103.8
28/06/2018 1:28:52 PM	3613001332	1013.00	26.20	29.00	104.7	26.35	29.00	103.2	26.29	29.00	103.8	26.30	29.00	103.7
28/06/2018 1:28:53 PM	3613001333	1013.00	26.15	29.00	105.2	26.33	29.00	103.4	26.25	29.00	104.2	26.30	29.00	103.7
28/06/2018 1:28:54 PM	3613001334	1013.00	26.18	28.99	104.9	26.30	28.99	103.7	26.31	28.99	103.6	26.32	28.99	103.5
28/06/2018 1:28:55 PM	3613001335	1013.00	26.14	28.99	105.3	26.34	28.99	103.3	26.28	28.99	103.9	26.30	28.99	103.7
28/06/2018 1:28:56 PM	3613001336	1013.00	26.18	28.99	104.9	26.35	28.99	103.2	26.31	28.99	103.6	26.32	28.99	103.5
28/06/2018 1:28:57 PM	3613001337	1013.00	26.17	28.99	105.0	26.32	28.99	103.5	26.30	28.99	103.7	26.30	28.99	103.7
28/06/2018 1:28:58 PM	3613001338	1013.00	26.19	28.99	104.8	26.41	28.99	102.6	26.29	28.99	103.8	26.33	28.99	103.4
28/06/2018 1:28:59 PM	3613001339	1013.00	26.14	28.99	105.3	26.25	28.99	104.2	26.32	28.99	103.5	26.31	28.99	103.6
28/06/2018 1:29:00 PM	3613001340	1013.00	26.14	28.99	105.3	26.26	28.99	104.1	26.32	28.99	103.5	26.32	28.99	103.5
28/06/2018 1:29:00 PM	3613001340	1013.00	26.13	28.99	105.4	26.36	28.99	103.1	26.34	28.99	103.3	26.34	28.99	103.3
28/06/2018 1:29:02 PM	3613001342	1013.00	26.14	28.99	105.3	26.33	28.99	103.4	26.33	28.99	103.4	26.30	28.99	103.7
28/06/2018 1:29:03 PM	3613001343	1013.00	26.11	28.99	105.6	26.36	28.99	103.1	26.34	28.99	103.3	26.35	28.99	103.2
28/06/2018 1:29:04 PM	3613001344	1013.00	26.16	28.99	105.1	26.35	28.99	103.2	26.32	28.99	103.5	26.31	28.99	103.6
28/06/2018 1:29:05 PM	3613001345	1013.00	26.19	28.99	104.8	26.42	28.99	102.5	26.30	28.99	103.7	26.35	28.99	103.2
28/06/2018 1:29:06 PM	3613001346	1013.00	26.13	28.98	105.4	26.38	28.98	102.9	26.34	28.98	103.3	26.37	28.98	103.0
28/06/2018 1:29:07 PM	3613001347	1013.00	26.17	28.99	105.0	26.36	28.99	103.1	26.37	28.99	103.0	26.38	28.99	102.9
28/06/2018 1:29:08 PM	3613001348	1013.00	26.15	28.99	105.2	26.38	28.99	102.9	26.35	28.99	103.2	26.38	28.99	102.9
28/06/2018 1:29:09 PM	3613001349	1013.00	26.18	28.99	104.9	26.33	28.99	103.4	26.35	28.99	103.2	26.37	28.99	103.0
28/06/2018 1:29:10 PM	3613001350	1013.00	26.17	28.99	105.0	26.36	28.99	103.1	26.36	28.99	103.1	26.36	28.99	103.1
28/06/2018 1:29:11 PM	3613001351	1013.00	26.17	28.99	105.0	26.36	28.99	103.1	26.38	28.99	102.9	26.36	28.99	103.1
28/06/2018 1:29:12 PM	3613001352	1013.00	26.16	28.99	105.1	26.40	28.99	102.7	26.36	28.99	103.1	26.38	28.99	102.9
28/06/2018 1:29:13 PM	3613001353	1013.00	26.15	28.98	105.2	26.36	28.98	103.1	26.40	28.98	102.7	26.37	28.98	103.0
28/06/2018 1:29:14 PM	3613001354	1013.00	26.19	28.98	104.8	26.33	28.98	103.4	26.39	28.98	102.8	26.37	28.98	103.0
28/06/2018 1:29:15 PM	3613001355	1013.00	26.17	28.98	105.0	26.38	28.98	102.9	26.37	28.98	103.0	26.37	28.98	103.0
28/06/2018 1:29:16 PM	3613001356	1013.00	26.14	28.98	105.3	26.38	28.98	102.9	26.40	28.98	102.7	26.37	28.98	103.0
28/06/2018 1:29:17 PM	3613001357	1013.00	26.23	28.98	104.4	26.39	28.98	102.8	26.39	28.98	102.8	26.36	28.98	103.1
28/06/2018 1:29:18 PM	3613001358	1013.00	26.16	28.98	105.1	26.32	28.98	103.5	26.36	28.98	103.1	26.38	28.98	102.9
28/06/2018 1:29:19 PM	3613001359	1013.00	26.13	28.97	105.5	26.40	28.97	102.7	26.38	28.97	102.9	26.42	28.97	102.5
28/06/2018 1:29:20 PM	3613001360	1013.00	26.18	28.98	104.9	26.36	28.98	103.1	26.37	28.98	103.0	26.39	28.98	102.8
28/06/2018 1:29:21 PM	3613001361	1013.00	26.15	28.98	105.2	26.44	28.98	102.3	26.42	28.98	102.5	26.41	28.98	102.6
28/06/2018 1:29:22 PM	3613001362	1013.00	26.13	28.98	105.4	26.35	28.98	103.2	26.44	28.98	102.3	26.43	28.98	102.4
28/06/2018 1:29:23 PM	3613001363	1013.00	26.15	28.99	105.2	26.40	28.99	102.7	26.41	28.99	102.6	26.40	28.99	102.7
28/06/2018 1:29:24 PM	3613001364	1013.00	26.15	28.99	105.2	26.42	28.99	102.5	26.43	28.99	102.4	26.38	28.99	102.9
28/06/2018 1:29:25 PM	3613001365	1013.00	26.14	28.99	105.3	26.38	28.99	102.9	26.43	28.99	102.4	26.38	28.99	102.9
28/06/2018 1:29:26 PM	3613001366	1013.00	26.18	29.00	104.9	26.43	29.00	102.4	26.42	29.00	102.5	26.42	29.00	102.5
28/06/2018 1:29:27 PM	3613001367	1013.00	26.16	29.00	105.1	26.41	29.00	102.6	26.44	29.00	102.3	26.41	29.00	102.6
28/06/2018 1:29:28 PM	3613001368	1013.00	26.15	29.00	105.2	26.40	29.00	102.7	26.46	29.00	102.1	26.41	29.00	102.6
28/06/2018 1:29:29 PM	3613001369	1013.00	26.21	28.99	104.6	26.38	28.99	102.9	26.45	28.99	102.2	26.40	28.99	102.7
28/06/2018 1:29:30 PM	3613001370	1013.00	26.18	28.99	104.9	26.39	28.99	102.8	26.45	28.99	102.2	26.41	28.99	102.6
28/06/2018 1:29:31 PM	3613001371	1013.00	26.21	28.99	104.6	26.42	28.99	102.5	26.46	28.99	102.1	26.43	28.99	102.4
28/06/2018 1:29:32 PM	3613001372	1013.00	26.14	28.99	105.3	26.39	28.99	102.8	26.46	28.99	102.1	26.42	28.99	102.5
28/06/2018 1:29:33 PM	3613001373	1013.00	26.19	28.98	104.8	26.40	28.98	102.7	26.46	28.98	102.1	26.39	28.98	102.8
28/06/2018 1:29:34 PM	3613001374	1013.00	26.18	28.99	104.9	26.40	28.99	102.7	26.45	28.99	102.2	26.41	28.99	102.6
28/06/2018 1:29:35 PM	3613001375	1013.00	26.14	28.99	105.3	26.39	28.99	102.8	26.47	28.99	102.0	26.41	28.99	102.6
28/06/2018 1:29:36 PM	3613001376	1013.00	26.17	28.98	105.0	26.39	28.98	102.8	26.48	28.98	101.9	26.42	28.98	102.5
28/06/2018 1:29:37 PM	3613001377	1013.00	26.19	28.98	104.8	26.42	28.98	102.5	26.46	28.98	102.1	26.43	28.98	102.4
28/06/2018 1:29:38 PM	3613001378	1013.00	26.16	28.98	105.1	26.43	28.98	102.4	26.48	28.98	101.9	26.43	28.98	102.4
28/06/2018 1:29:39 PM	3613001379	1013.00	26.15	28.98	105.2	26.43	28.98	102.4	26.46	28.98	102.1	26.46	28.98	102.1
28/06/2018 1:29:40 PM	3613001380	1013.00	26.20	28.99	104.7	26.41	28.99	102.6	26.51	28.99	101.6	26.43	28.99	102.4
28/06/2018 1:29:41 PM	3613001381	1013.00	26.17	28.98	105.0	26.42	28.98	102.5	26.51	28.98	101.6	26.44	28.98	102.3
28/06/2018 1:29:42 PM	3613001382	1013.00	26.20	28.98	104.7	26.44	28.98	102.3	26.50	28.98	101.7	26.43	28.98	102.4
28/06/2018 1:29:43 PM	3613001383	1013.00	26.18	28.98	104.9	26.46	28.98	102.1	26.49	28.98	101.8	26.46	28.98	102.1
28/06/2018 1:29:44 PM	3613001384	1013.00	26.20	28.98	104.7	26.47	28.98	102.0	26.49	28.98	101.8	26.43	28.98	102.4
28/06/2018 1:29:45 PM	3613001385	1013.00	26.20	28.98	104.7	26.48	28.98	101.9	26.48	28.98	101.9	26.45	28.98	102.2
28/06/2018 1:29:46 PM	3613001386	1013.00	26.19	28.98	104.8	26.44	28.98	102.3	26.51	28.98	101.6	26.45	28.98	102.2
28/06/2018 1:29:47 PM	3613001387	1013.00	26.20	28.98	104.7	26.50	28.98	101.7	26.50	28.98	101.7	26.46	28.98	102.1
28/06/2018 1:29:48 PM	3613001388	1013.00	26.18	28.98	104.9	26.48	28.98	101.9	26.50	28.98	101.7	26.45	28.98	102.2
28/06/2018 1:29:49 PM	3613001389	1013.00	26.19	28.98	104.8	26.53	28.98	101.4	26.53	28.98	101.4	26.47	28.98	102.0
28/06/2018 1:29:50 PM	3613001390	1013.00	26.14	28.98	105.3	26.48	28.98	101.9	26.55	28.98	101.2	26.45	28.98	102.2
28/06/2018 1:29:51 PM	3613001391	1013.00	26.18	28.98	104.9	26.48	28.98	101.9	26.51	28.98	101.6	26.46	28.98	102.1
28/06/2018 1:29:52 PM	3613001392	1013.00	26.22	28.99	104.5	26.51	28.99	101.6	26.52	28.99	101.5	26.50	28.99	101.7
28/06/2018 1:29:53 PM	3613001393	1013.00	26.20	28.99	104.7	26.55	28.99	101.2	26.52	28.99	101.5	26.48	28.99	101.9
28/06/2018 1:29:54 PM	3613001394	1013.00	26.18	28.98	104.9	26.53	28.98	101.4	26.51	28.98	101.6	26.50	28.98	101.7
28/06/2018 1:29:55 PM	3613001395	1013.00	26.18	28.98	104.9	26.46	28.98	102.1	26.53	28.98	101.4	26.46	28.98	102.1
28/06/2018 1:29:56 PM	3613001396	1013.00	26.18	28.98	104.9	26.47	28.98	102.0	26.50	28.98	101.7	26.48	28.98	101.9
28/06/2018 1:29:57 PM	3613001397	1013.00	26.16	28.98	105.1	26.50	28.98	101.7	26.55	28.98	101.2	26.49	28.98	101.8
28/06/2018 1:29:58 PM	3613001398	1013.00	26.16	28.98	105.1	26.54	28.98	101.3	26.52	28.98	101.5	26.47	28.98	102.0
28/06/2018 1:29:59 PM	3613001399	1013.00	26.18	28.98	104.9	26.55	28.98	101.2	26.52	28.98	101.5	26.49	28.98	101.8
28/06/2018 1:30:00 PM	3613001400	1013.00	26.18	28.99	104.9	26.51	28.99	101.6	26.55	28.99	101.2	26.50	28.99	101.7
28/06/2018 1:30:00 PM	3613001400	1013.00	26.22	28.98	104.5	26.57	28.98	101.1	26.55	28.98	101.2	26.50	28.98	101.7
28/06/2018 1:30:02 PM	3613001402	1013.00	26.20	28.98	104.7	26.51	28.98	101.6	26.55	28.98	101.2	26.50	28.98	101.7
28/06/2018 1:30:03 PM	3613001403	1013.00	26.23	28.99	104.4	26.55	28.99	101.2	26.51	28.99	101.6	26.52	28.99	101.5
28/06/2018 1:30:04 PM	3613001404	1013.00	26.19	28.99	104.8	26.49	28.99	101.8	26.56	28.99	101.1	26.52	28.99	101.5
28/06/2018 1:30:05 PM	3613001405	1013.00	26.25	28.98	104.2	26.55	28.98	101.2	26.58	28.98	101.0	26.53	28.98	101.4
28/06/2018 1:30:06 PM	3613001406	1013.00	26.15	28.98	105.2	26.53	28.98	101.4	26.58	28.98	101.0	26.52	28.98	101.5
28/06/2018 1:30:07 PM	3613001407	1013.00	26.27	28.99	104.0	26.58	28.99	100.9	26.56	28.99	101.1	26.50	28.99	101.7
28/06/2018 1:30:08 PM	3613001408	1013.00	26.18	28.98	104.9	26.58	28.98	101.0	26.59	28.98	100.9	26.53	28.98	101.4
28/06/2018 1:30:09 PM	3613001409	1013.00	26.20	28.98	104.7	26.54	28.98	101.3	26.57	28.98	101.1	26.52	28.98	101.5
28/06/2018 1:30:10 PM	3613001410	1013.00	26.16	28.98	105.1	26.56	28.98	101.2	26.61	28.98	100.7	26.52	28.98	101.5
28/06/2018 1:30:11 PM	3613001411	1013.00	26.21	28.98	104.6	26.58	28.98	101.0	26.60	28.98	100.8	26.52	28.98	101.5
28/06/2018 1:30:12 PM	3613001412	1013.00	26.17	28.98	105.0	26.56	28.98	101.2	26.61	28.98	100.7	26.49	28.98	101.8
28/06/2018 1:30:13 PM	3613001413	1013.00	26.17	28.98	105.0	26.57	28.98	101.1	26.60	28.98	100.8	26.54	28.98	101.3
28/06/2018 1:30:14 PM	3613001414	1013.00	26.20	28.99	104.7	26.51	28.99	101.6	26.57	28.99	101.0	26.53	28.99	101.4
28/06/2018 1:30:15 PM	3613001415	1013.00	26.17	28.99	105.0	26.52	28.99	101.5	26.63	28.99	100.5	26.52	28.99	101.5
28/06/2018 1:30:16 PM	3613001416	1013.00	26.22	28.98	104.5	26.51	28.98	101.6	26.64	28.98	100.4	26.56	28.98	101.2
28/06/2018 1:30:17 PM	3613001417	1013.00	26.23	28.98	104.4	26.57	28.98	101.1	26.59	28.98	100.9	26.54	28.98	101.3
28/06/2018 1:30:18 PM	3613001418	1013.00	26.25	28.98	104.2	26.56	28.98	101.2	26.60	28.98	100.8	26.53	28.98	101.4
28/06/2018 1:30:19 PM	3613001419	1013.00	26.15	28.98	105.2	26.60	28.98	100.8	26.62	28.98	100.6	26.55	28.98	101.2
28/06/2018 1:30:20 PM	3613001420	1013.00	26.20	28.98	104.7	26.63	28.98	100.5	26.61	28.98	100.7	26.54	28.98	101.3
28/06/2018 1:30:21 PM	3613001421	1013.00	26.20	28.99	104.7	26.60	28.99	100.7	26.63	28.99	100.5	26.55	28.99	101.2
28/06/2018 1:30:22 PM	3613001422	1013.00	26.18	28.98	104.9	26.58	28.98	101.0	26.63	28.98	100.5	26.58	28.98	101.0
28/06/2018 1:30:23 PM	3613001423	1013.00	26.23	28.98	104.4	26.61	28.98	100.7	26.64	28.98	100.4	26.55	28.98	101.2
28/06/2018 1:30:24 PM	3613001424	1013.00	26.27	28.99	104.0	26.62	28.99	100.6	26.65	28.99	100.3	26.60	28.99	100.7
28/06/2018 1:30:25 PM	3613001425	1013.00	26.22	28.99	104.5	26.58	28.99	100.9	26.64	28.99	100.4	26.58	28.99	100.9
28/06/2018 1:30:26 PM	3613001426	1013.00	26.18	28.99	104.9	26.60	28.99	100.7	26.63	28.99	100.5	26.56	28.99	101.1
28/06/2018 1:30:27 PM	3613001427	1013.00	26.25	28.99	104.2	26.61	28.99	100.7	26.61	28.99	100.7	26.57	28.99	101.0
28/06/2018 1:30:28 PM	3613001428	1013.00	26.25	28.99	104.2	26.62	28.99	100.6	26.64	28.99	100.4	26.57	28.99	101.0
28/06/2018 1:30:29 PM	3613001429	1013.00	26.22	28.99	104.5	26.55	28.99	101.2	26.66	28.99	100.2	26.60	28.99	100.7
28/06/2018 1:30:30 PM	3613001430	1013.00	26.24	28.99	104.3	26.60	28.99	100.7	26.64	28.99	100.4	26.58	28.99	100.9
28/06/2018 1:30:31 PM	3613001431	1013.00	26.25	28.99	104.2	26.58	28.99	100.9	26.62	28.99	100.6	26.60	28.99	100.7
28/06/2018 1:30:32 PM	3613001432	1013.00	26.27	28.98	104.0	26.57	28.98	101.1	26.67	28.98	100.1	26.61	28.98	100.7
28/06/2018 1:30:33 PM	3613001433	1013.00	26.27	28.97	104.0	26.56	28.97	101.2	26.63	28.97	100.5	26.61	28.97	100.7
28/06/2018 1:30:34 PM	3613001434	1013.00	26.22	28.98	104.5	26.66	28.98	100.2	26.65	28.98	100.3	26.60	28.98	100.8
28/06/2018 1:30:35 PM	3613001435	1013.00	26.22	28.98	104.5	26.65	28.98	100.3	26.65	28.98	100.3	26.60	28.98	100.8
28/06/2018 1:30:36 PM	3613001436	1013.00	26.22	28.98	104.5	26.64	28.98	100.4	26.65	28.98	100.3	26.59	28.98	100.9
28/06/2018 1:30:37 PM	3613001437	1013.00	26.22	28.98	104.5	26.62	28.98	100.6	26.66	28.98	100.2	26.59	28.98	100.9
28/06/2018 1:30:38 PM	3613001438	1013.00	26.21	28.99	104.6	26.63	28.99	100.5	26.65	28.99	100.3	26.63	28.99	100.5
28/06/2018 1:30:39 PM	3613001439	1013.00	26.25	28.99	104.2	26.60	28.99	100.7	26.66	28.99	100.2	26.61	28.99	100.7
28/06/2018 1:30:40 PM	3613001440	1013.00	26.22	28.99	104.5	26.58	28.99	100.9	26.67	28.99	100.1	26.61	28.99	100.7
28/06/2018 1:30:41 PM	3613001441	1013.00	26.24	28.99	104.3	26.68	28.99	100.0	26.68	28.99	100.0	26.60	28.99	100.7
28/06/2018 1:30:42 PM	3613001442	1013.00	26.24	28.99	104.3	26.58	28.99	100.9	26.67	28.99	100.1	26.60	28.99	100.7
28/06/2018 1:30:43 PM	3613001443	1013.00	26.18	28.98	104.9	26.63	28.98	100.5	26.69	28.98	99.9	26.61	28.98	100.7
28/06/2018 1:30:44 PM	3613001444	1013.00	26.23	28.98	104.4	26.66	28.98	100.2	26.68	28.98	100.0	26.61	28.98	100.7
28/06/2018 1:30:45 PM	3613001445	1013.00	26.24	28.98	104.3	26.61	28.98	100.7	26.69	28.98	99.9	26.64	28.98	100.4
28/06/2018 1:30:46 PM	3613001446	1013.00	26.23	28.97	104.4	26.70	28.97	99.8	26.69	28.97	99.9	26.62	28.97	100.6
28/06/2018 1:30:47 PM	3613001447	1013.00	26.23	28.98	104.4	26.66	28.98	100.2	26.71	28.98	99.7	26.64	28.98	100.4
28/06/2018 1:30:48 PM	3613001448	1013.00	26.20	28.98	104.7	26.64	28.98	100.4	26.69	28.98	99.9	26.65	28.98	100.3
28/06/2018 1:30:49 PM	3613001449	1013.00	26.20	28.98	104.7	26.67	28.98	100.1	26.69	28.98	99.9	26.62	28.98	100.6
28/06/2018 1:30:50 PM	3613001450	1013.00	26.24	28.99	104.3	26.64	28.99	100.4	26.68	28.99	100.0	26.64	28.99	100.4
28/06/2018 1:30:51 PM	3613001451	1013.00	26.28	28.99	103.9	26.68	28.99	100.0	26.72	28.99	99.6	26.63	28.99	100.5
28/06/2018 1:30:52 PM	3613001452	1013.00	26.28	29.00	103.9	26.61	29.00	100.6	26.71	29.00	99.7	26.64	29.00	100.3
28/06/2018 1:30:53 PM	3613001453	1013.00	26.24	29.00	104.3	26.68	29.00	100.0	26.70	29.00	99.8	26.67	29.00	100.1
28/06/2018 1:30:54 PM	3613001454	1013.00	26.23	29.00	104.4	26.67	29.00	100.1	26.68	29.00	100.0	26.64	29.00	100.3
28/06/2018 1:30:55 PM	3613001455	1013.00	26.23	28.99	104.4	26.70	28.99	99.8	26.72	28.99	99.6	26.65	28.99	100.3
28/06/2018 1:30:56 PM	3613001456	1013.00	26.28	28.99	103.9	26.66	28.99	100.2	26.68	28.99	100.0	26.67	28.99	100.1
28/06/2018 1:30:57 PM	3613001457	1013.00	26.29	28.98	103.8	26.68	28.98	100.0	26.71	28.98	99.7	26.70	28.98	99.8
28/06/2018 1:30:58 PM	3613001458	1013.00	26.27	28.98	104.0	26.75	28.98	99.3	26.71	28.98	99.7	26.67	28.98	100.1
28/06/2018 1:30:59 PM	3613001459	1013.00	26.25	28.99	104.2	26.73	28.99	99.5	26.70	28.99	99.8	26.65	28.99	100.3
28/06/2018 1:31:00 PM	3613001460	1013.00	26.21	28.99	104.6	26.66	28.99	100.2	26.73	28.99	99.5	26.69	28.99	99.9
28/06/2018 1:31:00 PM	3613001460	1013.00	26.25	28.99	104.2	26.65	28.99	100.3	26.74	28.99	99.4	26.68	28.99	100.0
28/06/2018 1:31:02 PM	3613001462	1013.00	26.24	29.00	104.3	26.72	29.00	99.6	26.72	29.00	99.6	26.68	29.00	100.0
28/06/2018 1:31:03 PM	3613001463	1013.00	26.25	28.99	104.2	26.67	28.99	100.1	26.77	28.99	99.1	26.69	28.99	99.9
28/06/2018 1:31:04 PM	3613001464	1013.00	26.26	28.99	104.1	26.75	28.99	99.3	26.76	28.99	99.2	26.70	28.99	99.8
28/06/2018 1:31:05 PM	3613001465	1013.00	26.22	28.98	104.5	26.69	28.98	99.9	26.73	28.98	99.5	26.70	28.98	99.8
28/06/2018 1:31:06 PM	3613001466	1013.00	26.22	28.98	104.5	26.62	28.98	100.6	26.79	28.98	98.9	26.69	28.98	99.9
28/06/2018 1:31:07 PM	3613001467	1013.00	26.28	28.98	103.9	26.76	28.98	99.2	26.77	28.98	99.1	26.71	28.98	99.7
28/06/2018 1:31:08 PM	3613001468	1013.00	26.24	28.99	104.3	26.67	28.99	100.1	26.76	28.99	99.2	26.71	28.99	99.7
28/06/2018 1:31:09 PM	3613001469	1013.00	26.25	28.98	104.2	26.71	28.98	99.7	26.73	28.98	99.5	26.73	28.98	99.5
28/06/2018 1:31:10 PM	3613001470	1013.00	26.29	28.99	103.8	26.70	28.99	99.8	26.76	28.99	99.2	26.72	28.99	99.6
28/06/2018 1:31:11 PM	3613001471	1013.00	26.26	28.99	104.1	26.76	28.99	99.2	26.76	28.99	99.2	26.73	28.99	99.5
28/06/2018 1:31:12 PM	3613001472	1013.00	26.23	28.99	104.4	26.74	28.99	99.4	26.77	28.99	99.1	26.76	28.99	99.2
28/06/2018 1:31:13 PM	3613001473	1013.00	26.27	28.98	104.0	26.79	28.98	98.9	26.75	28.98	99.3	26.76	28.98	99.2
28/06/2018 1:31:14 PM	3613001474	1013.00	26.26	28.99	104.1	26.70	28.99	99.8	26.78	28.99	99.0	26.75	28.99	99.3
28/06/2018 1:31:15 PM	3613001475	1013.00	26.25	28.98	104.2	26.74	28.98	99.4	26.77	28.98	99.1	26.73	28.98	99.5
28/06/2018 1:31:16 PM	3613001476	1013.00	26.27	28.99	104.0	26.75	28.99	99.3	26.78	28.99	99.0	26.72	28.99	99.6
28/06/2018 1:31:17 PM	3613001477	1013.00	26.23	28.98	104.4	26.71	28.98	99.7	26.81	28.98	98.8	26.79	28.98	98.9
28/06/2018 1:31:18 PM	3613001478	1013.00	26.31	28.99	103.6	26.71	28.99	99.7	26.80	28.99	98.8	26.75	28.99	99.3
28/06/2018 1:31:19 PM	3613001479	1013.00	26.28	28.98	103.9	26.74	28.98	99.4	26.78	28.98	99.0	26.76	28.98	99.2
28/06/2018 1:31:20 PM	3613001480	1013.00	26.31	28.99	103.6	26.74	28.99	99.4	26.81	28.99	98.7	26.75	28.99	99.3
28/06/2018 1:31:21 PM	3613001481	1013.00	26.32	28.98	103.5	26.74	28.98	99.4	26.79	28.98	98.9	26.74	28.98	99.4
28/06/2018 1:31:22 PM	3613001482	1013.00	26.22	28.98	104.5	26.76	28.98	99.2	26.79	28.98	98.9	26.75	28.98	99.3
28/06/2018 1:31:23 PM	3613001483	1013.00	26.29	28.97	103.8	26.79	28.97	99.0	26.81	28.97	98.8	26.76	28.97	99.2
28/06/2018 1:31:24 PM	3613001484	1013.00	26.22	28.98	104.5	26.71	28.98	99.7	26.81	28.98	98.8	26.79	28.98	98.9
28/06/2018 1:31:25 PM	3613001485	1013.00	26.25	28.98	104.2	26.77	28.98	99.1	26.80	28.98	98.9	26.77	28.98	99.1
28/06/2018 1:31:26 PM	3613001486	1013.00	26.26	28.98	104.1	26.75	28.98	99.3	26.82	28.98	98.7	26.75	28.98	99.3
28/06/2018 1:31:27 PM	3613001487	1013.00	26.29	28.98	103.8	26.71	28.98	99.7	26.81	28.98	98.8	26.80	28.98	98.9
28/06/2018 1:31:28 PM	3613001488	1013.00	26.28	28.98	103.9	26.78	28.98	99.0	26.80	28.98	98.9	26.77	28.98	99.1
28/06/2018 1:31:29 PM	3613001489	1013.00	26.24	28.98	104.3	26.79	28.98	98.9	26.84	28.98	98.5	26.79	28.98	98.9
28/06/2018 1:31:30 PM	3613001490	1013.00	26.28	28.98	103.9	26.71	28.98	99.7	26.83	28.98	98.6	26.76	28.98	99.2
28/06/2018 1:31:31 PM	3613001491	1013.00	26.26	28.98	104.1	26.78	28.98	99.0	26.83	28.98	98.6	26.77	28.98	99.1
28/06/2018 1:31:32 PM	3613001492	1013.00	26.28	28.98	103.9	26.83	28.98	98.6	26.83	28.98	98.6	26.81	28.98	98.8
28/06/2018 1:31:33 PM	3613001493	1013.00	26.28	28.98	103.9	26.79	28.98	98.9	26.82	28.98	98.7	26.80	28.98	98.9
28/06/2018 1:31:34 PM	3613001494	1013.00	26.28	28.98	103.9	26.81	28.98	98.8	26.85	28.98	98.4	26.79	28.98	98.9
28/06/2018 1:31:35 PM	3613001495	1013.00	26.28	28.98	103.9	26.78	28.98	99.0	26.83	28.98	98.6	26.80	28.98	98.9
28/06/2018 1:31:36 PM	3613001496	1013.00	26.29	28.98	103.8	26.78	28.98	99.0	26.84	28.98	98.5	26.80	28.98	98.9
28/06/2018 1:31:37 PM	3613001497	1013.00	26.26	28.98	104.1	26.78	28.98	99.0	26.87	28.98	98.2	26.83	28.98	98.6
28/06/2018 1:31:38 PM	3613001498	1013.00	26.31	28.98	103.6	26.79	28.98	98.9	26.85	28.98	98.4	26.79	28.98	98.9
28/06/2018 1:31:39 PM	3613001499	1013.00	26.28	28.98	103.9	26.79	28.98	98.9	26.87	28.98	98.2	26.81	28.98	98.8
28/06/2018 1:31:40 PM	3613001500	1013.00	26.28	28.98	103.9	26.81	28.98	98.8	26.87	28.98	98.2	26.82	28.98	98.7
28/06/2018 1:31:41 PM	3613001501	1013.00	26.32	28.98	103.5	26.79	28.98	98.9	26.85	28.98	98.4	26.84	28.98	98.5
28/06/2018 1:31:42 PM	3613001502	1013.00	26.26	28.97	104.1	26.80	28.97	98.9	26.87	28.97	98.2	26.84	28.97	98.5
28/06/2018 1:31:43 PM	3613001503	1013.00	26.33	28.97	103.4	26.80	28.97	98.9	26.88	28.97	98.1	26.84	28.97	98.5
28/06/2018 1:31:44 PM	3613001504	1013.00	26.31	28.98	103.6	26.80	28.98	98.9	26.87	28.98	98.2	26.83	28.98	98.6
28/06/2018 1:31:45 PM	3613001505	1013.00	26.29	28.98	103.8	26.84	28.98	98.5	26.86	28.98	98.3	26.83	28.98	98.6
28/06/2018 1:31:46 PM	3613001506	1013.00	26.30	28.98	103.7	26.83	28.98	98.6	26.87	28.98	98.2	26.84	28.98	98.5
28/06/2018 1:31:47 PM	3613001507	1013.00	26.31	28.99	103.6	26.86	28.99	98.3	26.87	28.99	98.2	26.85	28.99	98.4
28/06/2018 1:31:48 PM	3613001508	1013.00	26.27	28.98	104.0	26.82	28.98	98.7	26.90	28.98	97.9	26.86	28.98	98.3
28/06/2018 1:31:49 PM	3613001509	1013.00	26.30	28.98	103.7	26.84	28.98	98.5	26.89	28.98	98.0	26.85	28.98	98.4
28/06/2018 1:31:50 PM	3613001510	1013.00	26.36	28.98	103.1	26.84	28.98	98.5	26.91	28.98	97.8	26.88	28.98	98.1
28/06/2018 1:31:51 PM	3613001511	1013.00	26.34	28.98	103.3	26.82	28.98	98.7	26.89	28.98	98.0	26.87	28.98	98.2
28/06/2018 1:31:52 PM	3613001512	1013.00	26.33	28.97	103.4	26.86	28.97	98.3	26.92	28.97	97.7	26.88	28.97	98.1
28/06/2018 1:31:53 PM	3613001513	1013.00	26.33	28.98	103.4	26.82	28.98	98.7	26.88	28.98	98.1	26.86	28.98	98.3
28/06/2018 1:31:54 PM	3613001514	1013.00	26.36	28.98	103.1	26.82	28.98	98.7	26.90	28.98	97.9	26.87	28.98	98.2
28/06/2018 1:31:55 PM	3613001515	1013.00	26.36	28.98	103.1	26.84	28.98	98.5	26.90	28.98	97.9	26.89	28.98	98.0
28/06/2018 1:31:56 PM	3613001516	1013.00	26.32	28.98	103.5	26.88	28.98	98.1	26.93	28.98	97.6	26.90	28.98	97.9
28/06/2018 1:31:57 PM	3613001517	1013.00	26.34	28.98	103.3	26.83	28.98	98.6	26.91	28.98	97.8	26.92	28.98	97.7
28/06/2018 1:31:58 PM	3613001518	1013.00	26.35	28.98	103.2	26.86	28.98	98.3	26.92	28.98	97.7	26.90	28.98	97.9
28/06/2018 1:31:59 PM	3613001519	1013.00	26.33	28.99	103.4	26.87	28.99	98.2	26.93	28.99	97.6	26.91	28.99	97.8
28/06/2018 1:32:00 PM	3613001520	1013.00	26.32	28.99	103.5	26.85	28.99	98.4	26.95	28.99	97.4	26.92	28.99	97.7
28/06/2018 1:32:00 PM	3613001520	1013.00	26.36	28.99	103.1	26.84	28.99	98.5	26.96	28.99	97.3	26.89	28.99	98.0
28/06/2018 1:32:02 PM	3613001522	1013.00	26.32	28.99	103.5	26.91	28.99	97.8	26.97	28.99	97.2	26.90	28.99	97.9
28/06/2018 1:32:03 PM	3613001523	1013.00	26.35	28.99	103.2	26.89	28.99	98.0	26.97	28.99	97.2	26.93	28.99	97.6
28/06/2018 1:32:04 PM	3613001524	1013.00	26.32	28.99	103.5	26.89	28.99	98.0	26.97	28.99	97.2	26.89	28.99	98.0
28/06/2018 1:32:05 PM	3613001525	1013.00	26.35	28.98	103.2	26.91	28.98	97.8	26.98	28.98	97.2	26.94	28.98	97.5
28/06/2018 1:32:06 PM	3613001526	1013.00	26.31	28.99	103.6	26.93	28.99	97.6	26.97	28.99	97.2	26.93	28.99	97.6
28/06/2018 1:32:07 PM	3613001527	1013.00	26.32	28.98	103.5	26.90	28.98	97.9	26.95	28.98	97.4	26.97	28.98	97.3
28/06/2018 1:32:08 PM	3613001528	1013.00	26.33	28.99	103.4	26.89	28.99	98.0	26.93	28.99	97.6	26.90	28.99	97.9
28/06/2018 1:32:09 PM	3613001529	1013.00	26.36	28.99	103.1	26.88	28.99	98.1	26.96	28.99	97.3	26.97	28.99	97.2
28/06/2018 1:32:10 PM	3613001530	1013.00	26.36	28.99	103.1	26.88	28.99	98.1	26.99	28.99	97.1	26.93	28.99	97.6
28/06/2018 1:32:11 PM	3613001531	1013.00	26.30	28.99	103.7	26.88	28.99	98.1	26.98	28.99	97.2	26.94	28.99	97.5
28/06/2018 1:32:12 PM	3613001532	1013.00	26.32	28.99	103.5	26.91	28.99	97.8	26.97	28.99	97.2	26.97	28.99	97.2
28/06/2018 1:32:13 PM	3613001533	1013.00	26.37	28.99	103.0	26.91	28.99	97.8	26.98	28.99	97.2	26.95	28.99	97.4
28/06/2018 1:32:14 PM	3613001534	1013.00	26.35	28.98	103.2	26.91	28.98	97.8	27.00	28.98	97.0	26.95	28.98	97.4
28/06/2018 1:32:15 PM	3613001535	1013.00	26.40	28.98	102.7	26.87	28.98	98.2	26.98	28.98	97.2	26.95	28.98	97.4
28/06/2018 1:32:16 PM	3613001536	1013.00	26.35	28.97	103.2	26.86	28.97	98.3	27.00	28.97	97.0	26.94	28.97	97.6
28/06/2018 1:32:17 PM	3613001537	1013.00	26.31	28.98	103.6	26.90	28.98	97.9	27.01	28.98	96.9	26.96	28.98	97.4
28/06/2018 1:32:18 PM	3613001538	1013.00	26.34	28.97	103.3	26.89	28.97	98.0	26.96	28.97	97.4	26.98	28.97	97.2
28/06/2018 1:32:19 PM	3613001539	1013.00	26.34	28.98	103.3	26.94	28.98	97.5	27.00	28.98	97.0	26.97	28.98	97.3
28/06/2018 1:32:20 PM	3613001540	1013.00	26.36	28.98	103.1	26.90	28.98	97.9	27.00	28.98	97.0	26.98	28.98	97.2
28/06/2018 1:32:21 PM	3613001541	1013.00	26.38	28.98	102.9	26.90	28.98	97.9	27.02	28.98	96.8	26.97	28.98	97.3
28/06/2018 1:32:22 PM	3613001542	1013.00	26.39	28.98	102.8	26.96	28.98	97.4	27.02	28.98	96.8	26.98	28.98	97.2
28/06/2018 1:32:23 PM	3613001543	1013.00	26.39	28.99	102.8	26.94	28.99	97.5	27.02	28.99	96.8	26.98	28.99	97.2
28/06/2018 1:32:24 PM	3613001544	1013.00	26.32	28.99	103.5	26.91	28.99	97.8	27.01	28.99	96.9	27.00	28.99	97.0
28/06/2018 1:32:25 PM	3613001545	1013.00	26.36	28.98	103.1	26.97	28.98	97.3	27.01	28.98	96.9	26.99	28.98	97.1
28/06/2018 1:32:26 PM	3613001546	1013.00	26.33	28.98	103.4	26.91	28.98	97.8	27.02	28.98	96.8	26.99	28.98	97.1
28/06/2018 1:32:27 PM	3613001547	1013.00	26.39	28.98	102.8	26.91	28.98	97.8	27.01	28.98	96.9	27.00	28.98	97.0
28/06/2018 1:32:28 PM	3613001548	1013.00	26.32	28.99	103.5	26.95	28.99	97.4	27.02	28.99	96.8	26.99	28.99	97.1
28/06/2018 1:32:29 PM	3613001549	1013.00	26.32	28.98	103.5	26.95	28.98	97.4	27.03	28.98	96.7	27.03	28.98	96.7
28/06/2018 1:32:30 PM	3613001550	1013.00	26.41	28.98	102.6	26.88	28.98	98.1	27.04	28.98	96.6	27.00	28.98	97.0
28/06/2018 1:32:31 PM	3613001551	1013.00	26.35	28.98	103.2	26.93	28.98	97.6	27.06	28.98	96.4	27.00	28.98	97.0
28/06/2018 1:32:32 PM	3613001552	1013.00	26.41	28.98	102.6	26.88	28.98	98.1	27.05	28.98	96.5	27.04	28.98	96.6
28/06/2018 1:32:33 PM	3613001553	1013.00	26.40	28.98	102.7	26.95	28.98	97.4	27.07	28.98	96.3	27.00	28.98	97.0
28/06/2018 1:32:34 PM	3613001554	1013.00	26.35	28.98	103.2	26.90	28.98	97.9	27.08	28.98	96.3	26.99	28.98	97.1
28/06/2018 1:32:35 PM	3613001555	1013.00	26.35	28.98	103.2	26.98	28.98	97.2	27.08	28.98	96.3	27.04	28.98	96.6
28/06/2018 1:32:36 PM	3613001556	1013.00	26.36	28.99	103.1	26.94	28.99	97.5	27.05	28.99	96.5	27.02	28.99	96.8
28/06/2018 1:32:37 PM	3613001557	1013.00	26.41	28.98	102.6	26.96	28.98	97.4	27.11	28.98	96.0	27.04	28.98	96.6
28/06/2018 1:32:38 PM	3613001558	1013.00	26.39	28.98	102.8	26.92	28.98	97.7	27.09	28.98	96.2	27.02	28.98	96.8
28/06/2018 1:32:39 PM	3613001559	1013.00	26.36	28.98	103.1	26.94	28.98	97.5	27.05	28.98	96.5	27.01	28.98	96.9
28/06/2018 1:32:40 PM	3613001560	1013.00	26.32	28.98	103.5	26.95	28.98	97.4	27.09	28.98	96.2	27.05	28.98	96.5
28/06/2018 1:32:41 PM	3613001561	1013.00	26.37	28.98	103.0	26.95	28.98	97.4	27.09	28.98	96.2	27.01	28.98	96.9
28/06/2018 1:32:42 PM	3613001562	1013.00	26.39	28.98	102.8	26.90	28.98	97.9	27.07	28.98	96.3	27.05	28.98	96.5
28/06/2018 1:32:43 PM	3613001563	1013.00	26.39	28.99	102.8	26.95	28.99	97.4	27.10	28.99	96.1	27.04	28.99	96.6
28/06/2018 1:32:44 PM	3613001564	1013.00	26.37	28.99	103.0	26.94	28.99	97.5	27.11	28.99	96.0	27.03	28.99	96.7
28/06/2018 1:32:45 PM	3613001565	1013.00	26.41	28.99	102.6	26.89	28.99	98.0	27.07	28.99	96.3	27.03	28.99	96.7
28/06/2018 1:32:46 PM	3613001566	1013.00	26.44	28.99	102.3	26.92	28.99	97.7	27.13	28.99	95.8	27.07	28.99	96.3
28/06/2018 1:32:47 PM	3613001567	1013.00	26.40	28.99	102.7	26.93	28.99	97.6	27.09	28.99	96.1	27.04	28.99	96.6
28/06/2018 1:32:48 PM	3613001568	1013.00	26.35	28.98	103.2	26.95	28.98	97.4	27.08	28.98	96.3	27.04	28.98	96.6
28/06/2018 1:32:49 PM	3613001569	1013.00	26.41	28.98	102.6	26.96	28.98	97.4	27.11	28.98	96.0	27.06	28.98	96.4
28/06/2018 1:32:50 PM	3613001570	1013.00	26.37	28.98	103.0	26.98	28.98	97.2	27.10	28.98	96.1	27.06	28.98	96.4
28/06/2018 1:32:51 PM	3613001571	1013.00	26.39	28.98	102.8	26.98	28.98	97.2	27.11	28.98	96.0	27.07	28.98	96.3
28/06/2018 1:32:52 PM	3613001572	1013.00	26.36	28.98	103.1	26.97	28.98	97.3	27.13	28.98	95.8	27.08	28.98	96.3
28/06/2018 1:32:53 PM	3613001573	1013.00	26.41	28.98	102.6	26.94	28.98	97.5	27.15	28.98	95.6	27.08	28.98	96.3
28/06/2018 1:32:54 PM	3613001574	1013.00	26.41	28.98	102.6	26.97	28.98	97.3	27.12	28.98	95.9	27.08	28.98	96.3
28/06/2018 1:32:55 PM	3613001575	1013.00	26.42	28.98	102.5	26.96	28.98	97.4	27.15	28.98	95.6	27.10	28.98	96.1
28/06/2018 1:32:56 PM	3613001576	1013.00	26.41	28.98	102.6	26.99	28.98	97.1	27.12	28.98	95.9	27.09	28.98	96.2
28/06/2018 1:32:57 PM	3613001577	1013.00	26.40	28.98	102.7	26.88	28.98	98.1	27.15	28.98	95.6	27.07	28.98	96.3
28/06/2018 1:32:58 PM	3613001578	1013.00	26.44	28.98	102.3	26.95	28.98	97.4	27.18	28.98	95.3	27.10	28.98	96.1
28/06/2018 1:32:59 PM	3613001579	1013.00	26.45	28.98	102.2	26.97	28.98	97.3	27.14	28.98	95.7	27.07	28.98	96.3
28/06/2018 1:33:00 PM	3613001580	1013.00	26.44	28.98	102.3	27.00	28.98	97.0	27.16	28.98	95.5	27.10	28.98	96.1
28/06/2018 1:33:00 PM	3613001580	1013.00	26.39	28.98	102.8	27.00	28.98	97.0	27.17	28.98	95.4	27.12	28.98	95.9
28/06/2018 1:33:02 PM	3613001582	1013.00	26.44	28.98	102.3	26.98	28.98	97.2	27.18	28.98	95.3	27.08	28.98	96.3
28/06/2018 1:33:03 PM	3613001583	1013.00	26.40	28.98	102.7	26.98	28.98	97.2	27.18	28.98	95.3	27.11	28.98	96.0
28/06/2018 1:33:04 PM	3613001584	1013.00	26.45	28.97	102.2	26.97	28.97	97.3	27.18	28.97	95.4	27.10	28.97	96.1
28/06/2018 1:33:05 PM	3613001585	1013.00	26.42	28.97	102.5	26.99	28.97	97.1	27.19	28.97	95.3	27.09	28.97	96.2
28/06/2018 1:33:06 PM	3613001586	1013.00	26.44	28.97	102.3	26.95	28.97	97.5	27.19	28.97	95.3	27.12	28.97	95.9
28/06/2018 1:33:07 PM	3613001587	1013.00	26.44	28.97	102.3	27.03	28.97	96.7	27.18	28.97	95.4	27.10	28.97	96.1
28/06/2018 1:33:08 PM	3613001588	1013.00	26.43	28.97	102.4	26.99	28.97	97.1	27.19	28.97	95.3	27.13	28.97	95.8
28/06/2018 1:33:09 PM	3613001589	1013.00	26.46	28.98	102.1	26.98	28.98	97.2	27.20	28.98	95.2	27.13	28.98	95.8
28/06/2018 1:33:10 PM	3613001590	1013.00	26.40	28.98	102.7	27.03	28.98	96.7	27.19	28.98	95.3	27.12	28.98	95.9
28/06/2018 1:33:11 PM	3613001591	1013.00	26.39	28.97	102.8	26.98	28.97	97.2	27.17	28.97	95.5	27.14	28.97	95.7
28/06/2018 1:33:12 PM	3613001592	1013.00	26.42	28.97	102.5	27.03	28.97	96.7	27.19	28.97	95.3	27.14	28.97	95.7
28/06/2018 1:33:13 PM	3613001593	1013.00	26.42	28.97	102.5	27.02	28.97	96.8	27.22	28.97	95.0	27.14	28.97	95.7
28/06/2018 1:33:14 PM	3613001594	1013.00	26.46	28.97	102.1	27.03	28.97	96.7	27.21	28.97	95.1	27.14	28.97	95.7
28/06/2018 1:33:15 PM	3613001595	1013.00	26.41	28.98	102.6	27.01	28.98	96.9	27.21	28.98	95.1	27.16	28.98	95.5
28/06/2018 1:33:16 PM	3613001596	1013.00	26.45	28.99	102.2	27.02	28.99	96.8	27.20	28.99	95.1	27.13	28.99	95.8
28/06/2018 1:33:17 PM	3613001597	1013.00	26.45	28.98	102.2	27.00	28.98	97.0	27.23	28.98	94.9	27.16	28.98	95.5
28/06/2018 1:33:18 PM	3613001598	1013.00	26.45	28.98	102.2	27.03	28.98	96.7	27.23	28.98	94.9	27.13	28.98	95.8
28/06/2018 1:33:19 PM	3613001599	1013.00	26.46	28.98	102.1	27.00	28.98	97.0	27.24	28.98	94.8	27.16	28.98	95.5
28/06/2018 1:33:20 PM	3613001600	1013.00	26.40	28.98	102.7	27.08	28.98	96.3	27.22	28.98	95.0	27.16	28.98	95.5
28/06/2018 1:33:21 PM	3613001601	1013.00	26.43	28.97	102.4	27.00	28.97	97.0	27.24	28.97	94.8	27.19	28.97	95.3
28/06/2018 1:33:22 PM	3613001602	1013.00	26.44	28.98	102.3	27.06	28.98	96.4	27.19	28.98	95.3	27.12	28.98	95.9
28/06/2018 1:33:23 PM	3613001603	1013.00	26.42	28.98	102.5	27.02	28.98	96.8	27.24	28.98	94.8	27.15	28.98	95.6
28/06/2018 1:33:24 PM	3613001604	1013.00	26.39	28.98	102.8	27.03	28.98	96.7	27.24	28.98	94.8	27.16	28.98	95.5
28/06/2018 1:33:25 PM	3613001605	1013.00	26.41	28.98	102.6	27.00	28.98	97.0	27.26	28.98	94.6	27.16	28.98	95.5
28/06/2018 1:33:26 PM	3613001606	1013.00	26.42	28.97	102.5	27.05	28.97	96.5	27.21	28.97	95.1	27.17	28.97	95.5
28/06/2018 1:33:27 PM	3613001607	1013.00	26.44	28.97	102.3	27.04	28.97	96.6	27.24	28.97	94.8	27.19	28.97	95.3
28/06/2018 1:33:28 PM	3613001608	1013.00	26.46	28.97	102.1	27.05	28.97	96.5	27.26	28.97	94.6	27.20	28.97	95.2
28/06/2018 1:33:29 PM	3613001609	1013.00	26.45	28.97	102.2	27.03	28.97	96.7	27.27	28.97	94.6	27.16	28.97	95.5
28/06/2018 1:33:30 PM	3613001610	1013.00	26.46	28.97	102.1	27.07	28.97	96.4	27.24	28.97	94.8	27.19	28.97	95.3
28/06/2018 1:33:31 PM	3613001611	1013.00	26.49	28.97	101.9	27.04	28.97	96.6	27.25	28.97	94.7	27.19	28.97	95.3
28/06/2018 1:33:32 PM	3613001612	1013.00	26.45	28.97	102.2	27.02	28.97	96.8	27.26	28.97	94.6	27.19	28.97	95.3
28/06/2018 1:33:33 PM	3613001613	1013.00	26.49	28.97	101.9	27.12	28.97	95.9	27.28	28.97	94.5	27.18	28.97	95.4
28/06/2018 1:33:34 PM	3613001614	1013.00	26.48	28.97	102.0	27.02	28.97	96.8	27.29	28.97	94.4	27.21	28.97	95.1
28/06/2018 1:33:35 PM	3613001615	1013.00	26.47	28.98	102.0	27.08	28.98	96.3	27.27	28.98	94.5	27.20	28.98	95.2
28/06/2018 1:33:36 PM	3613001616	1013.00	26.47	28.98	102.0	27.03	28.98	96.7	27.30	28.98	94.3	27.21	28.98	95.1
28/06/2018 1:33:37 PM	3613001617	1013.00	26.49	28.98	101.8	27.10	28.98	96.1	27.31	28.98	94.2	27.20	28.98	95.2
28/06/2018 1:33:38 PM	3613001618	1013.00	26.44	28.98	102.3	27.13	28.98	95.8	27.29	28.98	94.4	27.20	28.98	95.2
28/06/2018 1:33:39 PM	3613001619	1013.00	26.46	28.98	102.1	27.04	28.98	96.6	27.29	28.98	94.4	27.22	28.98	95.0
28/06/2018 1:33:40 PM	3613001620	1013.00	26.45	28.98	102.2	27.07	28.98	96.3	27.31	28.98	94.2	27.21	28.98	95.1
28/06/2018 1:33:41 PM	3613001621	1013.00	26.49	28.98	101.8	27.07	28.98	96.3	27.32	28.98	94.1	27.22	28.98	95.0
28/06/2018 1:33:42 PM	3613001622	1013.00	26.48	28.98	101.9	27.08	28.98	96.3	27.31	28.98	94.2	27.19	28.98	95.3
28/06/2018 1:33:43 PM	3613001623	1013.00	26.44	28.98	102.3	27.13	28.98	95.8	27.31	28.98	94.2	27.26	28.98	94.6
28/06/2018 1:33:44 PM	3613001624	1013.00	26.43	28.97	102.4	27.11	28.97	96.0	27.33	28.97	94.0	27.26	28.97	94.6
28/06/2018 1:33:45 PM	3613001625	1013.00	26.46	28.97	102.1	27.07	28.97	96.4	27.33	28.97	94.0	27.21	28.97	95.1
28/06/2018 1:33:46 PM	3613001626	1013.00	26.50	28.97	101.8	27.06	28.97	96.5	27.33	28.97	94.0	27.23	28.97	94.9
28/06/2018 1:33:47 PM	3613001627	1013.00	26.48	28.97	102.0	27.08	28.97	96.3	27.34	28.97	93.9	27.24	28.97	94.8
28/06/2018 1:33:48 PM	3613001628	1013.00	26.47	28.97	102.0	27.08	28.97	96.3	27.35	28.97	93.8	27.24	28.97	94.8
28/06/2018 1:33:49 PM	3613001629	1013.00	26.44	28.98	102.3	27.10	28.98	96.1	27.36	28.98	93.7	27.25	28.98	94.7
28/06/2018 1:33:50 PM	3613001630	1013.00	26.48	28.98	101.9	27.10	28.98	96.1	27.36	28.98	93.7	27.26	28.98	94.6
28/06/2018 1:33:51 PM	3613001631	1013.00	26.48	28.98	101.9	27.07	28.98	96.3	27.36	28.98	93.7	27.23	28.98	94.9
28/06/2018 1:33:52 PM	3613001632	1013.00	26.49	28.98	101.8	27.12	28.98	95.9	27.37	28.98	93.6	27.24	28.98	94.8
28/06/2018 1:33:53 PM	3613001633	1013.00	26.46	28.98	102.1	27.13	28.98	95.8	27.36	28.98	93.7	27.24	28.98	94.8
28/06/2018 1:33:54 PM	3613001634	1013.00	26.50	28.97	101.8	27.05	28.97	96.5	27.38	28.97	93.6	27.25	28.97	94.7
28/06/2018 1:33:55 PM	3613001635	1013.00	26.49	28.97	101.9	27.10	28.97	96.1	27.38	28.97	93.6	27.24	28.97	94.8
28/06/2018 1:33:56 PM	3613001636	1013.00	26.49	28.98	101.8	27.09	28.98	96.2	27.37	28.98	93.6	27.25	28.98	94.7
28/06/2018 1:33:57 PM	3613001637	1013.00	26.51	28.98	101.6	27.18	28.98	95.3	27.37	28.98	93.6	27.25	28.98	94.7
28/06/2018 1:33:58 PM	3613001638	1013.00	26.49	28.98	101.8	27.14	28.98	95.7	27.35	28.98	93.8	27.26	28.98	94.6
28/06/2018 1:33:59 PM	3613001639	1013.00	26.44	28.98	102.3	27.13	28.98	95.8	27.37	28.98	93.6	27.27	28.98	94.5
28/06/2018 1:34:00 PM	3613001640	1013.00	26.50	28.98	101.7	27.07	28.98	96.3	27.36	28.98	93.7	27.25	28.98	94.7
28/06/2018 1:34:00 PM	3613001640	1013.00	26.50	28.97	101.8	27.12	28.97	95.9	27.37	28.97	93.7	27.26	28.97	94.6
28/06/2018 1:34:02 PM	3613001642	1013.00	26.50	28.97	101.8	27.15	28.97	95.6	27.39	28.97	93.5	27.26	28.97	94.6
28/06/2018 1:34:03 PM	3613001643	1013.00	26.53	28.98	101.4	27.16	28.98	95.5	27.40	28.98	93.4	27.27	28.98	94.5
28/06/2018 1:34:04 PM	3613001644	1013.00	26.49	28.98	101.8	27.12	28.98	95.9	27.39	28.98	93.5	27.25	28.98	94.7
28/06/2018 1:34:05 PM	3613001645	1013.00	26.49	28.97	101.9	27.13	28.97	95.8	27.37	28.97	93.7	27.26	28.97	94.6
28/06/2018 1:34:06 PM	3613001646	1013.00	26.54	28.97	101.4	27.12	28.97	95.9	27.39	28.97	93.5	27.27	28.97	94.6
28/06/2018 1:34:07 PM	3613001647	1013.00	26.45	28.97	102.2	27.16	28.97	95.5	27.38	28.97	93.6	27.29	28.97	94.4
28/06/2018 1:34:08 PM	3613001648	1013.00	26.47	28.97	102.0	27.21	28.97	95.1	27.39	28.97	93.5	27.27	28.97	94.6
28/06/2018 1:34:09 PM	3613001649	1013.00	26.46	28.97	102.1	27.15	28.97	95.6	27.38	28.97	93.6	27.26	28.97	94.6
28/06/2018 1:34:10 PM	3613001650	1013.00	26.56	28.97	101.2	27.16	28.97	95.5	27.39	28.97	93.5	27.31	28.97	94.2
28/06/2018 1:34:11 PM	3613001651	1013.00	26.49	28.97	101.9	27.17	28.97	95.5	27.40	28.97	93.4	27.29	28.97	94.4
28/06/2018 1:34:12 PM	3613001652	1013.00	26.49	28.97	101.9	27.10	28.97	96.1	27.42	28.97	93.2	27.30	28.97	94.3
28/06/2018 1:34:13 PM	3613001653	1013.00	26.53	28.98	101.4	27.17	28.98	95.4	27.42	28.98	93.2	27.30	28.98	94.3
28/06/2018 1:34:14 PM	3613001654	1013.00	26.52	28.98	101.5	27.14	28.98	95.7	27.42	28.98	93.2	27.33	28.98	94.0
28/06/2018 1:34:15 PM	3613001655	1013.00	26.49	28.98	101.8	27.14	28.98	95.7	27.40	28.98	93.4	27.29	28.98	94.4
28/06/2018 1:34:16 PM	3613001656	1013.00	26.56	28.97	101.2	27.10	28.97	96.1	27.42	28.97	93.2	27.30	28.97	94.3
28/06/2018 1:34:17 PM	3613001657	1013.00	26.53	28.97	101.5	27.15	28.97	95.6	27.42	28.97	93.2	27.34	28.97	93.9
28/06/2018 1:34:18 PM	3613001658	1013.00	26.57	28.96	101.1	27.17	28.96	95.5	27.44	28.96	93.1	27.33	28.96	94.0
28/06/2018 1:34:19 PM	3613001659	1013.00	26.49	28.96	101.9	27.14	28.96	95.7	27.42	28.96	93.2	27.33	28.96	94.0
28/06/2018 1:34:20 PM	3613001660	1013.00	26.48	28.95	102.0	27.15	28.95	95.7	27.44	28.95	93.1	27.32	28.95	94.1
28/06/2018 1:34:21 PM	3613001661	1013.00	26.51	28.95	101.7	27.16	28.95	95.6	27.47	28.95	92.8	27.32	28.95	94.1
28/06/2018 1:34:22 PM	3613001662	1013.00	26.52	28.96	101.6	27.19	28.96	95.3	27.43	28.96	93.2	27.32	28.96	94.1
28/06/2018 1:34:23 PM	3613001663	1013.00	26.49	28.96	101.9	27.25	28.96	94.7	27.48	28.96	92.7	27.33	28.96	94.0
28/06/2018 1:34:24 PM	3613001664	1013.00	26.58	28.96	101.0	27.21	28.96	95.1	27.47	28.96	92.8	27.33	28.96	94.0
28/06/2018 1:34:25 PM	3613001665	1013.00	26.55	28.96	101.3	27.20	28.96	95.2	27.48	28.96	92.7	27.33	28.96	94.0
28/06/2018 1:34:26 PM	3613001666	1013.00	26.51	28.96	101.7	27.13	28.96	95.8	27.48	28.96	92.7	27.34	28.96	93.9
28/06/2018 1:34:27 PM	3613001667	1013.00	26.53	28.96	101.5	27.18	28.96	95.4	27.47	28.96	92.8	27.36	28.96	93.8
28/06/2018 1:34:28 PM	3613001668	1013.00	26.56	28.96	101.2	27.17	28.96	95.5	27.45	28.96	93.0	27.36	28.96	93.8
28/06/2018 1:34:29 PM	3613001669	1013.00	26.51	28.96	101.7	27.17	28.96	95.5	27.48	28.96	92.7	27.39	28.96	93.5
28/06/2018 1:34:30 PM	3613001670	1013.00	26.57	28.96	101.1	27.17	28.96	95.5	27.48	28.96	92.7	27.37	28.96	93.7
28/06/2018 1:34:31 PM	3613001671	1013.00	26.51	28.96	101.7	27.18	28.96	95.4	27.49	28.96	92.6	27.37	28.96	93.7
28/06/2018 1:34:32 PM	3613001672	1013.00	26.58	28.96	101.0	27.20	28.96	95.2	27.52	28.96	92.4	27.41	28.96	93.3
28/06/2018 1:34:33 PM	3613001673	1013.00	26.57	28.96	101.1	27.18	28.96	95.4	27.50	28.96	92.5	27.40	28.96	93.4
28/06/2018 1:34:34 PM	3613001674	1013.00	26.54	28.97	101.4	27.19	28.97	95.3	27.50	28.97	92.5	27.39	28.97	93.5
28/06/2018 1:34:35 PM	3613001675	1013.00	26.57	28.97	101.1	27.21	28.97	95.1	27.50	28.97	92.5	27.41	28.97	93.3
28/06/2018 1:34:36 PM	3613001676	1013.00	26.56	28.97	101.2	27.22	28.97	95.0	27.50	28.97	92.5	27.39	28.97	93.5
28/06/2018 1:34:37 PM	3613001677	1013.00	26.57	28.97	101.1	27.27	28.97	94.6	27.53	28.97	92.3	27.41	28.97	93.3
28/06/2018 1:34:38 PM	3613001678	1013.00	26.57	28.97	101.1	27.21	28.97	95.1	27.54	28.97	92.2	27.41	28.97	93.3
28/06/2018 1:34:39 PM	3613001679	1013.00	26.51	28.96	101.7	27.26	28.96	94.7	27.51	28.96	92.5	27.42	28.96	93.2
28/06/2018 1:34:40 PM	3613001680	1013.00	26.57	28.96	101.1	27.26	28.96	94.7	27.54	28.96	92.2	27.46	28.96	92.9
28/06/2018 1:34:41 PM	3613001681	1013.00	26.53	28.96	101.5	27.24	28.96	94.8	27.53	28.96	92.3	27.43	28.96	93.2
28/06/2018 1:34:42 PM	3613001682	1013.00	26.59	28.96	100.9	27.27	28.96	94.6	27.56	28.96	92.0	27.42	28.96	93.2
28/06/2018 1:34:43 PM	3613001683	1013.00	26.58	28.96	101.0	27.27	28.96	94.6	27.53	28.96	92.3	27.48	28.96	92.7
28/06/2018 1:34:44 PM	3613001684	1013.00	26.59	28.96	100.9	27.22	28.96	95.0	27.49	28.96	92.6	27.44	28.96	93.1
28/06/2018 1:34:45 PM	3613001685	1013.00	26.57	28.96	101.1	27.23	28.96	94.9	27.52	28.96	92.4	27.44	28.96	93.1
28/06/2018 1:34:46 PM	3613001686	1013.00	26.56	28.96	101.2	27.24	28.96	94.8	27.52	28.96	92.4	27.46	28.96	92.9
28/06/2018 1:34:47 PM	3613001687	1013.00	26.54	28.96	101.4	27.24	28.96	94.8	27.51	28.96	92.5	27.47	28.96	92.8
28/06/2018 1:34:48 PM	3613001688	1013.00	26.58	28.96	101.0	27.32	28.96	94.1	27.54	28.96	92.2	27.44	28.96	93.1
28/06/2018 1:34:49 PM	3613001689	1013.00	26.55	28.96	101.3	27.29	28.96	94.4	27.54	28.96	92.2	27.46	28.96	92.9
28/06/2018 1:34:50 PM	3613001690	1013.00	26.57	28.96	101.1	27.25	28.96	94.7	27.54	28.96	92.2	27.49	28.96	92.6
28/06/2018 1:34:51 PM	3613001691	1013.00	26.59	28.96	100.9	27.33	28.96	94.0	27.53	28.96	92.3	27.47	28.96	92.8
28/06/2018 1:34:52 PM	3613001692	1013.00	26.58	28.96	101.0	27.34	28.96	93.9	27.50	28.96	92.5	27.49	28.96	92.6
28/06/2018 1:34:53 PM	3613001693	1013.00	26.57	28.96	101.1	27.29	28.96	94.4	27.55	28.96	92.1	27.49	28.96	92.6
28/06/2018 1:34:54 PM	3613001694	1013.00	26.57	28.95	101.1	27.34	28.95	94.0	27.52	28.95	92.4	27.52	28.95	92.4
28/06/2018 1:34:55 PM	3613001695	1013.00	26.62	28.95	100.6	27.32	28.95	94.1	27.55	28.95	92.1	27.53	28.95	92.3
28/06/2018 1:34:56 PM	3613001696	1013.00	26.60	28.95	100.8	27.30	28.95	94.3	27.53	28.95	92.3	27.49	28.95	92.6
28/06/2018 1:34:57 PM	3613001697	1013.00	26.63	28.95	100.5	27.32	28.95	94.1	27.54	28.95	92.2	27.50	28.95	92.6
28/06/2018 1:34:58 PM	3613001698	1013.00	26.54	28.95	101.4	27.30	28.95	94.3	27.55	28.95	92.1	27.53	28.95	92.3
28/06/2018 1:34:59 PM	3613001699	1013.00	26.64	28.96	100.4	27.28	28.96	94.5	27.57	28.96	91.9	27.54	28.96	92.2
28/06/2018 1:35:00 PM	3613001700	1013.00	26.60	28.96	100.8	27.28	28.96	94.5	27.58	28.96	91.8	27.54	28.96	92.2
28/06/2018 1:35:00 PM	3613001700	1013.00	26.62	28.96	100.6	27.29	28.96	94.4	27.55	28.96	92.1	27.54	28.96	92.2
28/06/2018 1:35:02 PM	3613001702	1013.00	26.60	28.95	100.8	27.30	28.95	94.3	27.55	28.95	92.1	27.58	28.95	91.9
28/06/2018 1:35:03 PM	3613001703	1013.00	26.58	28.95	101.0	27.32	28.95	94.1	27.57	28.95	91.9	27.54	28.95	92.2
28/06/2018 1:35:04 PM	3613001704	1013.00	26.58	28.94	101.0	27.34	28.94	94.0	27.55	28.94	92.1	27.54	28.94	92.2
28/06/2018 1:35:05 PM	3613001705	1013.00	26.59	28.94	100.9	27.34	28.94	94.0	27.55	28.94	92.1	27.55	28.94	92.1
28/06/2018 1:35:06 PM	3613001706	1013.00	26.64	28.94	100.4	27.31	28.94	94.2	27.56	28.94	92.0	27.56	28.94	92.0
28/06/2018 1:35:07 PM	3613001707	1013.00	26.64	28.94	100.4	27.31	28.94	94.2	27.54	28.94	92.2	27.59	28.94	91.8
28/06/2018 1:35:08 PM	3613001708	1013.00	26.60	28.94	100.8	27.29	28.94	94.4	27.56	28.94	92.0	27.60	28.94	91.7
28/06/2018 1:35:09 PM	3613001709	1013.00	26.59	28.95	100.9	27.33	28.95	94.0	27.55	28.95	92.1	27.57	28.95	91.9
28/06/2018 1:35:10 PM	3613001710	1013.00	26.63	28.95	100.5	27.29	28.95	94.4	27.55	28.95	92.1	27.57	28.95	91.9
28/06/2018 1:35:11 PM	3613001711	1013.00	26.63	28.95	100.5	27.33	28.95	94.0	27.56	28.95	92.0	27.57	28.95	91.9
28/06/2018 1:35:12 PM	3613001712	1013.00	26.60	28.95	100.8	27.29	28.95	94.4	27.60	28.95	91.7	27.62	28.95	91.5
28/06/2018 1:35:13 PM	3613001713	1013.00	26.64	28.95	100.4	27.28	28.95	94.5	27.57	28.95	91.9	27.57	28.95	91.9
28/06/2018 1:35:14 PM	3613001714	1013.00	26.60	28.95	100.8	27.35	28.95	93.9	27.59	28.95	91.8	27.61	28.95	91.6
28/06/2018 1:35:15 PM	3613001715	1013.00	26.63	28.95	100.5	27.30	28.95	94.3	27.58	28.95	91.9	27.63	28.95	91.4
28/06/2018 1:35:16 PM	3613001716	1013.00	26.65	28.95	100.3	27.32	28.95	94.1	27.59	28.95	91.8	27.60	28.95	91.7
28/06/2018 1:35:17 PM	3613001717	1013.00	26.63	28.95	100.5	27.27	28.95	94.6	27.61	28.95	91.6	27.60	28.95	91.7
28/06/2018 1:35:18 PM	3613001718	1013.00	26.64	28.95	100.4	27.37	28.95	93.7	27.59	28.95	91.8	27.65	28.95	91.3
28/06/2018 1:35:19 PM	3613001719	1013.00	26.64	28.94	100.4	27.30	28.94	94.3	27.61	28.94	91.6	27.61	28.94	91.6
28/06/2018 1:35:20 PM	3613001720	1013.00	26.66	28.95	100.2	27.31	28.95	94.2	27.60	28.95	91.7	27.64	28.95	91.3
28/06/2018 1:35:21 PM	3613001721	1013.00	26.62	28.95	100.6	27.34	28.95	94.0	27.62	28.95	91.5	27.64	28.95	91.3
28/06/2018 1:35:22 PM	3613001722	1013.00	26.61	28.94	100.7	27.34	28.94	94.0	27.60	28.94	91.7	27.67	28.94	91.1
28/06/2018 1:35:23 PM	3613001723	1013.00	26.61	28.94	100.7	27.33	28.94	94.1	27.62	28.94	91.5	27.66	28.94	91.2
28/06/2018 1:35:24 PM	3613001724	1013.00	26.63	28.94	100.5	27.35	28.94	93.9	27.65	28.94	91.3	27.65	28.94	91.3
28/06/2018 1:35:25 PM	3613001725	1013.00	26.64	28.93	100.5	27.33	28.93	94.1	27.64	28.93	91.4	27.64	28.93	91.4
28/06/2018 1:35:26 PM	3613001726	1013.00	26.68	28.94	100.1	27.36	28.94	93.8	27.64	28.94	91.4	27.64	28.94	91.4
28/06/2018 1:35:27 PM	3613001727	1013.00	26.65	28.94	100.4	27.35	28.94	93.9	27.63	28.94	91.4	27.65	28.94	91.3
28/06/2018 1:35:28 PM	3613001728	1013.00	26.62	28.94	100.6	27.34	28.94	94.0	27.67	28.94	91.1	27.67	28.94	91.1
28/06/2018 1:35:29 PM	3613001729	1013.00	26.65	28.93	100.4	27.36	28.93	93.8	27.65	28.93	91.3	27.67	28.93	91.1
28/06/2018 1:35:30 PM	3613001730	1013.00	26.65	28.94	100.4	27.35	28.94	93.9	27.68	28.94	91.0	27.68	28.94	91.0
28/06/2018 1:35:31 PM	3613001731	1013.00	26.66	28.93	100.3	27.35	28.93	93.9	27.68	28.93	91.0	27.69	28.93	90.9
28/06/2018 1:35:32 PM	3613001732	1013.00	26.65	28.93	100.4	27.34	28.93	94.0	27.68	28.93	91.0	27.67	28.93	91.1
28/06/2018 1:35:33 PM	3613001733	1013.00	26.66	28.94	100.3	27.40	28.94	93.4	27.68	28.94	91.0	27.69	28.94	90.9
28/06/2018 1:35:34 PM	3613001734	1013.00	26.63	28.94	100.5	27.41	28.94	93.4	27.72	28.94	90.7	27.66	28.94	91.2
28/06/2018 1:35:35 PM	3613001735	1013.00	26.67	28.94	100.2	27.37	28.94	93.7	27.73	28.94	90.6	27.69	28.94	90.9
28/06/2018 1:35:36 PM	3613001736	1013.00	26.61	28.95	100.7	27.32	28.95	94.1	27.72	28.95	90.7	27.69	28.95	90.9
28/06/2018 1:35:37 PM	3613001737	1013.00	26.66	28.95	100.2	27.36	28.95	93.8	27.72	28.95	90.7	27.69	28.95	90.9
28/06/2018 1:35:38 PM	3613001738	1013.00	26.66	28.94	100.3	27.37	28.94	93.7	27.73	28.94	90.6	27.69	28.94	90.9
28/06/2018 1:35:39 PM	3613001739	1013.00	26.65	28.94	100.4	27.38	28.94	93.6	27.73	28.94	90.6	27.72	28.94	90.7
28/06/2018 1:35:40 PM	3613001740	1013.00	26.70	28.93	99.9	27.30	28.93	94.3	27.76	28.93	90.4	27.69	28.93	90.9
28/06/2018 1:35:41 PM	3613001741	1013.00	26.68	28.94	100.1	27.40	28.94	93.4	27.73	28.94	90.6	27.69	28.94	90.9
28/06/2018 1:35:42 PM	3613001742	1013.00	26.72	28.94	99.7	27.38	28.94	93.6	27.74	28.94	90.5	27.68	28.94	91.0
28/06/2018 1:35:43 PM	3613001743	1013.00	26.63	28.93	100.6	27.42	28.93	93.3	27.77	28.93	90.3	27.71	28.93	90.8
28/06/2018 1:35:44 PM	3613001744	1013.00	26.66	28.93	100.3	27.38	28.93	93.6	27.74	28.93	90.5	27.70	28.93	90.9
28/06/2018 1:35:45 PM	3613001745	1013.00	26.74	28.94	99.5	27.37	28.94	93.7	27.76	28.94	90.3	27.68	28.94	91.0
28/06/2018 1:35:46 PM	3613001746	1013.00	26.70	28.94	99.9	27.40	28.94	93.4	27.79	28.94	90.1	27.71	28.94	90.8
28/06/2018 1:35:47 PM	3613001747	1013.00	26.64	28.94	100.4	27.39	28.94	93.5	27.79	28.94	90.1	27.68	28.94	91.0
28/06/2018 1:35:48 PM	3613001748	1013.00	26.64	28.94	100.4	27.39	28.94	93.5	27.78	28.94	90.2	27.69	28.94	90.9
28/06/2018 1:35:49 PM	3613001749	1013.00	26.70	28.94	99.9	27.34	28.94	94.0	27.77	28.94	90.3	27.68	28.94	91.0
28/06/2018 1:35:50 PM	3613001750	1013.00	26.65	28.93	100.4	27.33	28.93	94.1	27.79	28.93	90.1	27.71	28.93	90.8
28/06/2018 1:35:51 PM	3613001751	1013.00	26.69	28.93	100.0	27.37	28.93	93.7	27.78	28.93	90.2	27.68	28.93	91.0
28/06/2018 1:35:52 PM	3613001752	1013.00	26.64	28.93	100.5	27.39	28.93	93.5	27.77	28.93	90.3	27.71	28.93	90.8
28/06/2018 1:35:53 PM	3613001753	1013.00	26.67	28.92	100.2	27.39	28.92	93.6	27.80	28.92	90.0	27.73	28.92	90.6
28/06/2018 1:35:54 PM	3613001754	1013.00	26.69	28.93	100.0	27.38	28.93	93.6	27.80	28.93	90.0	27.71	28.93	90.8
28/06/2018 1:35:55 PM	3613001755	1013.00	26.69	28.93	100.0	27.37	28.93	93.7	27.77	28.93	90.3	27.71	28.93	90.8
28/06/2018 1:35:56 PM	3613001756	1013.00	26.68	28.93	100.1	27.40	28.93	93.5	27.80	28.93	90.0	27.71	28.93	90.8
28/06/2018 1:35:57 PM	3613001757	1013.00	26.70	28.94	99.9	27.32	28.94	94.2	27.82	28.94	89.8	27.75	28.94	90.4
28/06/2018 1:35:58 PM	3613001758	1013.00	26.71	28.94	99.8	27.36	28.94	93.8	27.80	28.94	90.0	27.72	28.94	90.7
28/06/2018 1:35:59 PM	3613001759	1013.00	26.73	28.93	99.6	27.38	28.93	93.6	27.82	28.93	89.9	27.72	28.93	90.7
28/06/2018 1:36:00 PM	3613001760	1013.00	26.74	28.94	99.5	27.44	28.94	93.1	27.82	28.94	89.8	27.78	28.94	90.2
28/06/2018 1:36:00 PM	3613001760	1013.00	26.69	28.94	100.0	27.39	28.94	93.5	27.83	28.94	89.8	27.72	28.94	90.7
28/06/2018 1:36:02 PM	3613001762	1013.00	26.72	28.94	99.7	27.34	28.94	94.0	27.85	28.94	89.6	27.77	28.94	90.3
28/06/2018 1:36:03 PM	3613001763	1013.00	26.66	28.94	100.3	27.39	28.94	93.5	27.82	28.94	89.8	27.76	28.94	90.3
28/06/2018 1:36:04 PM	3613001764	1013.00	26.73	28.94	99.6	27.36	28.94	93.8	27.84	28.94	89.7	27.76	28.94	90.3
28/06/2018 1:36:05 PM	3613001765	1013.00	26.73	28.93	99.6	27.37	28.93	93.7	27.85	28.93	89.6	27.77	28.93	90.3
28/06/2018 1:36:06 PM	3613001766	1013.00	26.70	28.93	99.9	27.35	28.93	93.9	27.86	28.93	89.5	27.76	28.93	90.4
28/06/2018 1:36:07 PM	3613001767	1013.00	26.74	28.92	99.5	27.41	28.92	93.4	27.86	28.92	89.5	27.77	28.92	90.3
28/06/2018 1:36:08 PM	3613001768	1013.00	26.75	28.92	99.4	27.37	28.92	93.7	27.89	28.92	89.3	27.77	28.92	90.3
28/06/2018 1:36:09 PM	3613001769	1013.00	26.73	28.92	99.6	27.35	28.92	93.9	27.86	28.92	89.5	27.78	28.92	90.2
28/06/2018 1:36:10 PM	3613001770	1013.00	26.67	28.92	100.2	27.38	28.92	93.7	27.89	28.92	89.3	27.80	28.92	90.0
28/06/2018 1:36:11 PM	3613001771	1013.00	26.72	28.92	99.7	27.38	28.92	93.7	27.88	28.92	89.4	27.78	28.92	90.2
28/06/2018 1:36:12 PM	3613001772	1013.00	26.75	28.92	99.4	27.38	28.92	93.7	27.88	28.92	89.4	27.79	28.92	90.1
28/06/2018 1:36:13 PM	3613001773	1013.00	26.73	28.92	99.6	27.39	28.92	93.6	27.89	28.92	89.3	27.80	28.92	90.0
28/06/2018 1:36:14 PM	3613001774	1013.00	26.72	28.92	99.7	27.40	28.92	93.5	27.91	28.92	89.1	27.80	28.92	90.0
28/06/2018 1:36:15 PM	3613001775	1013.00	26.73	28.92	99.6	27.37	28.92	93.7	27.90	28.92	89.2	27.78	28.92	90.2
28/06/2018 1:36:16 PM	3613001776	1013.00	26.75	28.92	99.4	27.42	28.92	93.3	27.87	28.92	89.4	27.81	28.92	90.0
28/06/2018 1:36:17 PM	3613001777	1013.00	26.72	28.93	99.7	27.43	28.93	93.2	27.93	28.93	88.9	27.81	28.93	89.9
28/06/2018 1:36:18 PM	3613001778	1013.00	26.73	28.92	99.6	27.38	28.92	93.7	27.92	28.92	89.0	27.81	28.92	90.0
28/06/2018 1:36:19 PM	3613001779	1013.00	26.69	28.92	100.0	27.39	28.92	93.6	27.92	28.92	89.0	27.83	28.92	89.8
28/06/2018 1:36:20 PM	3613001780	1013.00	26.72	28.93	99.7	27.43	28.93	93.2	27.90	28.93	89.2	27.82	28.93	89.9
28/06/2018 1:36:21 PM	3613001781	1013.00	26.75	28.92	99.4	27.37	28.92	93.7	27.93	28.92	88.9	27.79	28.92	90.1
28/06/2018 1:36:22 PM	3613001782	1013.00	26.74	28.92	99.5	27.36	28.92	93.8	27.94	28.92	88.9	27.80	28.92	90.0
28/06/2018 1:36:23 PM	3613001783	1013.00	26.74	28.92	99.5	27.42	28.92	93.3	27.94	28.92	88.9	27.83	28.92	89.8
28/06/2018 1:36:24 PM	3613001784	1013.00	26.77	28.92	99.2	27.40	28.92	93.5	27.93	28.92	88.9	27.84	28.92	89.7
28/06/2018 1:36:25 PM	3613001785	1013.00	26.71	28.93	99.8	27.38	28.93	93.6	27.93	28.93	88.9	27.83	28.93	89.8
28/06/2018 1:36:26 PM	3613001786	1013.00	26.75	28.93	99.4	27.38	28.93	93.6	27.95	28.93	88.8	27.85	28.93	89.6
28/06/2018 1:36:27 PM	3613001787	1013.00	26.71	28.93	99.8	27.39	28.93	93.5	27.96	28.93	88.7	27.83	28.93	89.8
28/06/2018 1:36:28 PM	3613001788	1013.00	26.79	28.92	99.0	27.41	28.92	93.4	27.94	28.92	88.9	27.85	28.92	89.6
28/06/2018 1:36:29 PM	3613001789	1013.00	26.78	28.92	99.1	27.36	28.92	93.8	27.98	28.92	88.5	27.84	28.92	89.7
28/06/2018 1:36:30 PM	3613001790	1013.00	26.81	28.92	98.9	27.40	28.92	93.5	27.95	28.92	88.8	27.84	28.92	89.7
28/06/2018 1:36:31 PM	3613001791	1013.00	26.78	28.92	99.1	27.39	28.92	93.6	27.95	28.92	88.8	27.86	28.92	89.5
28/06/2018 1:36:32 PM	3613001792	1013.00	26.73	28.92	99.6	27.42	28.92	93.3	27.97	28.92	88.6	27.85	28.92	89.6
28/06/2018 1:36:33 PM	3613001793	1013.00	26.75	28.92	99.4	27.42	28.92	93.3	27.96	28.92	88.7	27.84	28.92	89.7
28/06/2018 1:36:34 PM	3613001794	1013.00	26.73	28.92	99.6	27.39	28.92	93.6	27.98	28.92	88.5	27.83	28.92	89.8
28/06/2018 1:36:35 PM	3613001795	1013.00	26.75	28.93	99.4	27.46	28.93	92.9	27.99	28.93	88.4	27.87	28.93	89.4
28/06/2018 1:36:36 PM	3613001796	1013.00	26.79	28.93	99.0	27.42	28.93	93.3	27.95	28.93	88.8	27.84	28.93	89.7
28/06/2018 1:36:37 PM	3613001797	1013.00	26.76	28.92	99.3	27.46	28.92	93.0	27.98	28.92	88.5	27.86	28.92	89.5
28/06/2018 1:36:38 PM	3613001798	1013.00	26.81	28.92	98.9	27.42	28.92	93.3	27.96	28.92	88.7	27.88	28.92	89.4
28/06/2018 1:36:39 PM	3613001799	1013.00	26.79	28.92	99.0	27.44	28.92	93.1	28.01	28.92	88.3	27.86	28.92	89.5
28/06/2018 1:36:40 PM	3613001800	1013.00	26.72	28.92	99.7	27.46	28.92	93.0	27.99	28.92	88.5	27.88	28.92	89.4
28/06/2018 1:36:41 PM	3613001801	1013.00	26.76	28.93	99.3	27.47	28.93	92.8	27.98	28.93	88.5	27.85	28.93	89.6
28/06/2018 1:36:42 PM	3613001802	1013.00	26.79	28.93	99.0	27.49	28.93	92.7	28.00	28.93	88.4	27.87	28.93	89.4
28/06/2018 1:36:43 PM	3613001803	1013.00	26.81	28.93	98.8	27.45	28.93	93.0	28.01	28.93	88.3	27.87	28.93	89.4
28/06/2018 1:36:44 PM	3613001804	1013.00	26.76	28.93	99.3	27.44	28.93	93.1	28.00	28.93	88.4	27.89	28.93	89.3
28/06/2018 1:36:45 PM	3613001805	1013.00	26.77	28.93	99.2	27.49	28.93	92.7	28.02	28.93	88.2	27.91	28.93	89.1
28/06/2018 1:36:46 PM	3613001806	1013.00	26.79	28.93	99.0	27.47	28.93	92.8	28.03	28.93	88.1	27.87	28.93	89.4
28/06/2018 1:36:47 PM	3613001807	1013.00	26.75	28.93	99.4	27.47	28.93	92.8	28.00	28.93	88.4	27.87	28.93	89.4
28/06/2018 1:36:48 PM	3613001808	1013.00	26.74	28.93	99.5	27.50	28.93	92.6	28.04	28.93	88.0	27.88	28.93	89.3
28/06/2018 1:36:49 PM	3613001809	1013.00	26.79	28.92	99.0	27.49	28.92	92.7	28.03	28.92	88.1	27.90	28.92	89.2
28/06/2018 1:36:50 PM	3613001810	1013.00	26.79	28.92	99.0	27.49	28.92	92.7	28.05	28.92	88.0	27.92	28.92	89.0
28/06/2018 1:36:51 PM	3613001811	1013.00	26.78	28.92	99.1	27.54	28.92	92.3	28.04	28.92	88.0	27.89	28.92	89.3
28/06/2018 1:36:52 PM	3613001812	1013.00	26.75	28.92	99.4	27.54	28.92	92.3	28.05	28.92	88.0	27.91	28.92	89.1
28/06/2018 1:36:53 PM	3613001813	1013.00	26.79	28.92	99.0	27.47	28.92	92.9	28.04	28.92	88.0	27.90	28.92	89.2
28/06/2018 1:36:54 PM	3613001814	1013.00	26.81	28.92	98.9	27.48	28.92	92.8	28.06	28.92	87.9	27.95	28.92	88.8
28/06/2018 1:36:55 PM	3613001815	1013.00	26.82	28.93	98.7	27.56	28.93	92.1	28.05	28.93	87.9	27.93	28.93	88.9
28/06/2018 1:36:56 PM	3613001816	1013.00	26.78	28.93	99.1	27.54	28.93	92.2	28.04	28.93	88.0	27.93	28.93	88.9
28/06/2018 1:36:57 PM	3613001817	1013.00	26.87	28.92	98.3	27.54	28.92	92.3	28.04	28.92	88.0	27.92	28.92	89.0
28/06/2018 1:36:58 PM	3613001818	1013.00	26.81	28.92	98.9	27.51	28.92	92.5	28.08	28.92	87.7	27.93	28.92	88.9
28/06/2018 1:36:59 PM	3613001819	1013.00	26.82	28.92	98.8	27.52	28.92	92.4	28.05	28.92	88.0	27.94	28.92	88.9
28/06/2018 1:37:00 PM	3613001820	1013.00	26.88	28.92	98.2	27.50	28.92	92.6	28.05	28.92	88.0	27.96	28.92	88.7
28/06/2018 1:37:00 PM	3613001820	1013.00	26.82	28.92	98.8	27.53	28.92	92.3	28.09	28.92	87.6	27.93	28.92	88.9
28/06/2018 1:37:02 PM	3613001822	1013.00	26.81	28.92	98.9	27.59	28.92	91.8	28.09	28.92	87.6	27.95	28.92	88.8
28/06/2018 1:37:03 PM	3613001823	1013.00	26.80	28.92	99.0	27.55	28.92	92.2	28.07	28.92	87.8	27.97	28.92	88.6
28/06/2018 1:37:04 PM	3613001824	1013.00	26.86	28.92	98.4	27.55	28.92	92.2	28.08	28.92	87.7	27.94	28.92	88.9
28/06/2018 1:37:05 PM	3613001825	1013.00	26.82	28.92	98.8	27.59	28.92	91.8	28.07	28.92	87.8	27.97	28.92	88.6
28/06/2018 1:37:06 PM	3613001826	1013.00	26.76	28.93	99.3	27.56	28.93	92.1	28.08	28.93	87.7	27.96	28.93	88.7
28/06/2018 1:37:07 PM	3613001827	1013.00	26.86	28.93	98.4	27.59	28.93	91.8	28.10	28.93	87.5	27.97	28.93	88.6
28/06/2018 1:37:08 PM	3613001828	1013.00	26.79	28.93	99.0	27.56	28.93	92.1	28.10	28.93	87.5	27.99	28.93	88.4
28/06/2018 1:37:09 PM	3613001829	1013.00	26.76	28.93	99.3	27.54	28.93	92.2	28.10	28.93	87.5	27.99	28.93	88.4
28/06/2018 1:37:10 PM	3613001830	1013.00	26.85	28.93	98.5	27.57	28.93	92.0	28.08	28.93	87.7	27.96	28.93	88.7
28/06/2018 1:37:11 PM	3613001831	1013.00	26.82	28.93	98.7	27.58	28.93	91.9	28.08	28.93	87.7	27.95	28.93	88.8
28/06/2018 1:37:12 PM	3613001832	1013.00	26.80	28.93	98.9	27.53	28.93	92.3	28.12	28.93	87.4	28.01	28.93	88.3
28/06/2018 1:37:13 PM	3613001833	1013.00	26.89	28.93	98.1	27.61	28.93	91.6	28.11	28.93	87.5	28.00	28.93	88.4
28/06/2018 1:37:14 PM	3613001834	1013.00	26.85	28.93	98.5	27.56	28.93	92.1	28.11	28.93	87.5	28.00	28.93	88.4
28/06/2018 1:37:15 PM	3613001835	1013.00	26.85	28.93	98.5	27.52	28.93	92.4	28.10	28.93	87.5	28.01	28.93	88.3
28/06/2018 1:37:16 PM	3613001836	1013.00	26.85	28.92	98.5	27.59	28.92	91.8	28.11	28.92	87.5	28.00	28.92	88.4
28/06/2018 1:37:17 PM	3613001837	1013.00	26.81	28.92	98.9	27.62	28.92	91.6	28.07	28.92	87.8	27.99	28.92	88.5
28/06/2018 1:37:18 PM	3613001838	1013.00	26.86	28.92	98.4	27.56	28.92	92.1	28.12	28.92	87.4	28.02	28.92	88.2
28/06/2018 1:37:19 PM	3613001839	1013.00	26.88	28.92	98.2	27.58	28.92	91.9	28.11	28.92	87.5	28.03	28.92	88.1
28/06/2018 1:37:20 PM	3613001840	1013.00	26.85	28.92	98.5	27.64	28.92	91.4	28.13	28.92	87.3	28.03	28.92	88.1
28/06/2018 1:37:21 PM	3613001841	1013.00	26.84	28.92	98.6	27.58	28.92	91.9	28.13	28.92	87.3	28.01	28.92	88.3
28/06/2018 1:37:22 PM	3613001842	1013.00	26.83	28.93	98.7	27.63	28.93	91.5	28.15	28.93	87.1	28.02	28.93	88.2
28/06/2018 1:37:23 PM	3613001843	1013.00	26.87	28.93	98.3	27.64	28.93	91.4	28.12	28.93	87.4	28.03	28.93	88.1
28/06/2018 1:37:24 PM	3613001844	1013.00	26.85	28.93	98.5	27.56	28.93	92.1	28.15	28.93	87.1	28.02	28.93	88.2
28/06/2018 1:37:25 PM	3613001845	1013.00	26.84	28.92	98.6	27.64	28.92	91.4	28.16	28.92	87.1	28.02	28.92	88.2
28/06/2018 1:37:26 PM	3613001846	1013.00	26.87	28.92	98.3	27.63	28.92	91.5	28.17	28.92	87.0	28.03	28.92	88.1
28/06/2018 1:37:27 PM	3613001847	1013.00	26.86	28.93	98.4	27.64	28.93	91.4	28.16	28.93	87.1	28.02	28.93	88.2
28/06/2018 1:37:28 PM	3613001848	1013.00	26.88	28.93	98.2	27.62	28.93	91.5	28.18	28.93	86.9	28.06	28.93	87.9
28/06/2018 1:37:29 PM	3613001849	1013.00	26.86	28.93	98.4	27.62	28.93	91.5	28.15	28.93	87.1	28.05	28.93	87.9
28/06/2018 1:37:30 PM	3613001850	1013.00	26.88	28.92	98.2	27.62	28.92	91.6	28.16	28.92	87.1	28.07	28.92	87.8
28/06/2018 1:37:31 PM	3613001851	1013.00	26.85	28.92	98.5	27.63	28.92	91.5	28.17	28.92	87.0	28.07	28.92	87.8
28/06/2018 1:37:32 PM	3613001852	1013.00	26.88	28.92	98.2	27.63	28.92	91.5	28.16	28.92	87.1	28.10	28.92	87.6
28/06/2018 1:37:33 PM	3613001853	1013.00	26.83	28.92	98.7	27.63	28.92	91.5	28.18	28.92	86.9	28.08	28.92	87.7
28/06/2018 1:37:34 PM	3613001854	1013.00	26.83	28.92	98.7	27.63	28.92	91.5	28.18	28.92	86.9	28.08	28.92	87.7
28/06/2018 1:37:35 PM	3613001855	1013.00	26.85	28.91	98.5	27.62	28.91	91.6	28.19	28.91	86.8	28.05	28.91	88.0
