Date & time of file creation	28/06/2018 1:10 PM													
Data file path	C:\Users\ameli\Desktop\Diego Barneche\28_06_2018\29_C_new_witrox_17.txt													
														
														
CALIBRATION DATA														
Parameter/Channel	N moving average	LO phase [r.U.]	HI phase [r.U.]	LO oxygen [%air saturation]	HI oxygen [%air saturation]	LO temperature [°C]	HI temperature [°C]	Salinity [‰]						
SDWD0003000199      , CH 1	1	59.07	26.13	0.00	100.00	32.11	32.13	0.000						
SDWD0003000199      , CH 2	1	59.07	26.13	0.00	100.00	32.11	32.13	0.000						
SDWD0003000199      , CH 3	1	59.07	26.13	0.00	100.00	32.11	32.13	0.000						
SDWD0003000199      , CH 4	1	59.07	26.13	0.00	100.00	32.11	32.13	0.000						
														
														
Date &Time [DD-MM-YYYY HH:MM:SS]	Time stamp code	Barometric pressure [hPa]	SDWD0003000199      , CH 1 phase [r.U.]	SDWD0003000199      , CH 1 temp [°C]	SDWD0003000199      , CH 1 O2 [% air saturation]	SDWD0003000199      , CH 2 phase [r.U.]	SDWD0003000199      , CH 2 temp [°C]	SDWD0003000199      , CH 2 O2 [% air saturation]	SDWD0003000199      , CH 3 phase [r.U.]	SDWD0003000199      , CH 3 temp [°C]	SDWD0003000199      , CH 3 O2 [% air saturation]	SDWD0003000199      , CH 4 phase [r.U.]	SDWD0003000199      , CH 4 temp [°C]	SDWD0003000199      , CH 4 O2 [% air saturation]
28/06/2018 1:12:33 PM	3613000353	1013.00	27.45	28.97	93.0	27.13	28.97	95.8	26.93	28.97	97.7	26.77	28.97	99.2
28/06/2018 1:12:34 PM	3613000354	1013.00	27.42	28.97	93.2	27.08	28.97	96.3	26.87	28.97	98.2	26.72	28.97	99.6
28/06/2018 1:12:35 PM	3613000355	1013.00	27.44	28.97	93.0	27.08	28.97	96.3	26.92	28.97	97.7	26.80	28.97	98.9
28/06/2018 1:12:36 PM	3613000356	1013.00	27.46	28.98	92.9	27.12	28.98	95.9	26.91	28.98	97.8	26.79	28.98	98.9
28/06/2018 1:12:37 PM	3613000357	1013.00	27.48	28.98	92.7	27.10	28.98	96.1	26.89	28.98	98.0	26.70	28.98	99.8
28/06/2018 1:12:38 PM	3613000358	1013.00	27.46	28.97	92.9	27.13	28.97	95.8	26.88	28.97	98.1	26.77	28.97	99.2
28/06/2018 1:12:39 PM	3613000359	1013.00	27.45	28.97	93.0	27.03	28.97	96.7	26.89	28.97	98.0	26.72	28.97	99.6
28/06/2018 1:12:40 PM	3613000360	1013.00	27.45	28.97	93.0	27.09	28.97	96.2	26.89	28.97	98.0	26.77	28.97	99.2
28/06/2018 1:12:41 PM	3613000361	1013.00	27.46	28.97	92.9	27.15	28.97	95.6	26.91	28.97	97.8	26.70	28.97	99.8
28/06/2018 1:12:42 PM	3613000362	1013.00	27.43	28.97	93.1	27.14	28.97	95.7	26.87	28.97	98.2	26.75	28.97	99.3
28/06/2018 1:12:43 PM	3613000363	1013.00	27.45	28.97	93.0	27.10	28.97	96.1	26.87	28.97	98.2	26.75	28.97	99.3
28/06/2018 1:12:44 PM	3613000364	1013.00	27.45	28.98	92.9	27.08	28.98	96.3	26.91	28.98	97.8	26.77	28.98	99.1
28/06/2018 1:12:44 PM	3613000364	1013.00	27.45	28.98	92.9	27.15	28.98	95.6	26.88	28.98	98.1	26.71	28.98	99.7
28/06/2018 1:12:46 PM	3613000366	1013.00	27.42	28.98	93.2	27.07	28.98	96.3	26.87	28.98	98.2	26.68	28.98	100.0
28/06/2018 1:12:47 PM	3613000367	1013.00	27.45	28.99	92.9	27.10	28.99	96.1	26.89	28.99	98.0	26.74	28.99	99.4
28/06/2018 1:12:48 PM	3613000368	1013.00	27.44	28.99	93.0	27.10	28.99	96.1	26.91	28.99	97.8	26.73	28.99	99.5
28/06/2018 1:12:49 PM	3613000369	1013.00	27.49	28.98	92.6	27.14	28.98	95.7	26.90	28.98	97.9	26.69	28.98	99.9
28/06/2018 1:12:50 PM	3613000370	1013.00	27.45	28.98	92.9	27.10	28.98	96.1	26.90	28.98	97.9	26.75	28.98	99.3
28/06/2018 1:12:51 PM	3613000371	1013.00	27.44	28.97	93.0	27.10	28.97	96.1	26.91	28.97	97.8	26.71	28.97	99.7
28/06/2018 1:12:52 PM	3613000372	1013.00	27.46	28.97	92.9	27.15	28.97	95.6	26.90	28.97	97.9	26.77	28.97	99.2
28/06/2018 1:12:53 PM	3613000373	1013.00	27.43	28.97	93.1	27.17	28.97	95.5	26.86	28.97	98.3	26.73	28.97	99.5
28/06/2018 1:12:54 PM	3613000374	1013.00	27.49	28.98	92.6	27.09	28.98	96.2	26.91	28.98	97.8	26.76	28.98	99.2
28/06/2018 1:12:55 PM	3613000375	1013.00	27.45	28.98	92.9	27.13	28.98	95.8	26.90	28.98	97.9	26.73	28.98	99.5
28/06/2018 1:12:56 PM	3613000376	1013.00	27.43	28.98	93.1	27.11	28.98	96.0	26.86	28.98	98.3	26.70	28.98	99.8
28/06/2018 1:12:57 PM	3613000377	1013.00	27.45	28.98	92.9	27.10	28.98	96.1	26.86	28.98	98.3	26.77	28.98	99.1
28/06/2018 1:12:58 PM	3613000378	1013.00	27.46	28.97	92.9	27.12	28.97	95.9	26.88	28.97	98.1	26.74	28.97	99.4
28/06/2018 1:12:59 PM	3613000379	1013.00	27.49	28.98	92.6	27.17	28.98	95.4	26.93	28.98	97.6	26.77	28.98	99.1
28/06/2018 1:13:00 PM	3613000380	1013.00	27.46	28.97	92.9	27.18	28.97	95.4	26.92	28.97	97.7	26.75	28.97	99.3
28/06/2018 1:13:00 PM	3613000380	1013.00	27.44	28.97	93.0	27.09	28.97	96.2	26.90	28.97	97.9	26.80	28.97	98.9
28/06/2018 1:13:02 PM	3613000382	1013.00	27.42	28.97	93.2	27.12	28.97	95.9	26.87	28.97	98.2	26.72	28.97	99.6
28/06/2018 1:13:03 PM	3613000383	1013.00	27.48	28.97	92.7	27.13	28.97	95.8	26.90	28.97	97.9	26.77	28.97	99.2
28/06/2018 1:13:04 PM	3613000384	1013.00	27.49	28.97	92.6	27.18	28.97	95.4	26.90	28.97	97.9	26.78	28.97	99.1
28/06/2018 1:13:05 PM	3613000385	1013.00	27.45	28.97	93.0	27.17	28.97	95.5	26.93	28.97	97.7	26.71	28.97	99.7
28/06/2018 1:13:06 PM	3613000386	1013.00	27.46	28.97	92.9	27.15	28.97	95.6	26.88	28.97	98.1	26.81	28.97	98.8
28/06/2018 1:13:07 PM	3613000387	1013.00	27.47	28.98	92.8	27.13	28.98	95.8	26.90	28.98	97.9	26.78	28.98	99.0
28/06/2018 1:13:08 PM	3613000388	1013.00	27.47	28.98	92.8	27.11	28.98	96.0	26.89	28.98	98.0	26.82	28.98	98.7
28/06/2018 1:13:09 PM	3613000389	1013.00	27.44	28.97	93.0	27.08	28.97	96.3	26.87	28.97	98.2	26.77	28.97	99.2
28/06/2018 1:13:10 PM	3613000390	1013.00	27.45	28.97	93.0	27.19	28.97	95.3	26.92	28.97	97.7	26.77	28.97	99.2
28/06/2018 1:13:11 PM	3613000391	1013.00	27.46	28.97	92.9	27.11	28.97	96.0	26.89	28.97	98.0	26.82	28.97	98.7
28/06/2018 1:13:12 PM	3613000392	1013.00	27.44	28.97	93.0	27.13	28.97	95.8	26.93	28.97	97.7	26.77	28.97	99.2
28/06/2018 1:13:13 PM	3613000393	1013.00	27.51	28.97	92.4	27.05	28.97	96.5	26.91	28.97	97.8	26.82	28.97	98.7
28/06/2018 1:13:14 PM	3613000394	1013.00	27.48	28.98	92.7	27.09	28.98	96.2	26.90	28.98	97.9	26.74	28.98	99.4
28/06/2018 1:13:15 PM	3613000395	1013.00	27.50	28.97	92.5	27.13	28.97	95.8	26.89	28.97	98.0	26.79	28.97	99.0
28/06/2018 1:13:16 PM	3613000396	1013.00	27.47	28.97	92.8	27.10	28.97	96.1	26.89	28.97	98.0	26.79	28.97	99.0
28/06/2018 1:13:17 PM	3613000397	1013.00	27.45	28.98	92.9	27.14	28.98	95.7	26.91	28.98	97.8	26.83	28.98	98.6
28/06/2018 1:13:18 PM	3613000398	1013.00	27.47	28.98	92.8	27.14	28.98	95.7	26.92	28.98	97.7	26.79	28.98	98.9
28/06/2018 1:13:19 PM	3613000399	1013.00	27.45	28.98	92.9	27.12	28.98	95.9	26.90	28.98	97.9	26.82	28.98	98.7
28/06/2018 1:13:20 PM	3613000400	1013.00	27.50	28.99	92.5	27.21	28.99	95.1	26.92	28.99	97.7	26.79	28.99	98.9
28/06/2018 1:13:21 PM	3613000401	1013.00	27.49	28.98	92.6	27.14	28.98	95.7	26.92	28.98	97.7	26.76	28.98	99.2
28/06/2018 1:13:22 PM	3613000402	1013.00	27.49	28.98	92.6	27.17	28.98	95.4	26.89	28.98	98.0	26.86	28.98	98.3
28/06/2018 1:13:23 PM	3613000403	1013.00	27.48	28.98	92.7	27.19	28.98	95.3	26.91	28.98	97.8	26.79	28.98	98.9
28/06/2018 1:13:24 PM	3613000404	1013.00	27.47	28.98	92.8	27.08	28.98	96.3	26.90	28.98	97.9	26.92	28.98	97.7
28/06/2018 1:13:25 PM	3613000405	1013.00	27.48	28.99	92.7	27.12	28.99	95.9	26.88	28.99	98.1	26.86	28.99	98.3
28/06/2018 1:13:26 PM	3613000406	1013.00	27.47	28.99	92.8	27.15	28.99	95.6	26.93	28.99	97.6	26.87	28.99	98.2
28/06/2018 1:13:27 PM	3613000407	1013.00	27.49	28.99	92.6	27.14	28.99	95.7	26.93	28.99	97.6	26.80	28.99	98.8
28/06/2018 1:13:28 PM	3613000408	1013.00	27.49	28.99	92.6	27.15	28.99	95.6	26.91	28.99	97.8	26.81	28.99	98.7
28/06/2018 1:13:29 PM	3613000409	1013.00	27.45	28.99	92.9	27.12	28.99	95.9	26.89	28.99	98.0	26.84	28.99	98.5
28/06/2018 1:13:30 PM	3613000410	1013.00	27.48	28.99	92.7	27.17	28.99	95.4	26.94	28.99	97.5	26.91	28.99	97.8
28/06/2018 1:13:31 PM	3613000411	1013.00	27.48	28.99	92.7	27.14	28.99	95.7	26.95	28.99	97.4	26.85	28.99	98.4
28/06/2018 1:13:32 PM	3613000412	1013.00	27.48	28.98	92.7	27.14	28.98	95.7	26.91	28.98	97.8	26.85	28.98	98.4
28/06/2018 1:13:33 PM	3613000413	1013.00	27.47	28.99	92.8	27.14	28.99	95.7	26.88	28.99	98.1	26.81	28.99	98.7
28/06/2018 1:13:34 PM	3613000414	1013.00	27.44	28.98	93.0	27.11	28.98	96.0	26.92	28.98	97.7	26.82	28.98	98.7
28/06/2018 1:13:35 PM	3613000415	1013.00	27.50	28.98	92.5	27.12	28.98	95.9	26.88	28.98	98.1	26.87	28.98	98.2
28/06/2018 1:13:36 PM	3613000416	1013.00	27.49	28.98	92.6	27.15	28.98	95.6	26.87	28.98	98.2	26.90	28.98	97.9
28/06/2018 1:13:37 PM	3613000417	1013.00	27.49	28.98	92.6	27.14	28.98	95.7	26.93	28.98	97.6	26.91	28.98	97.8
28/06/2018 1:13:38 PM	3613000418	1013.00	27.52	28.98	92.3	27.16	28.98	95.5	26.89	28.98	98.0	26.90	28.98	97.9
28/06/2018 1:13:39 PM	3613000419	1013.00	27.50	28.97	92.5	27.20	28.97	95.2	26.91	28.97	97.8	26.84	28.97	98.5
28/06/2018 1:13:40 PM	3613000420	1013.00	27.50	28.97	92.5	27.16	28.97	95.5	26.88	28.97	98.1	26.91	28.97	97.8
28/06/2018 1:13:41 PM	3613000421	1013.00	27.52	28.97	92.3	27.11	28.97	96.0	26.90	28.97	97.9	26.93	28.97	97.7
28/06/2018 1:13:42 PM	3613000422	1013.00	27.53	28.97	92.3	27.14	28.97	95.7	26.89	28.97	98.0	26.85	28.97	98.4
28/06/2018 1:13:43 PM	3613000423	1013.00	27.51	28.97	92.4	27.17	28.97	95.5	26.90	28.97	97.9	26.90	28.97	97.9
28/06/2018 1:13:44 PM	3613000424	1013.00	27.52	28.98	92.3	27.16	28.98	95.5	26.89	28.98	98.0	26.90	28.98	97.9
28/06/2018 1:13:45 PM	3613000425	1013.00	27.49	28.97	92.6	27.11	28.97	96.0	26.92	28.97	97.7	26.93	28.97	97.7
28/06/2018 1:13:46 PM	3613000426	1013.00	27.50	28.98	92.5	27.16	28.98	95.5	26.90	28.98	97.9	26.89	28.98	98.0
28/06/2018 1:13:47 PM	3613000427	1013.00	27.53	28.98	92.2	27.19	28.98	95.3	26.94	28.98	97.5	26.95	28.98	97.4
28/06/2018 1:13:48 PM	3613000428	1013.00	27.56	28.98	92.0	27.15	28.98	95.6	26.90	28.98	97.9	26.90	28.98	97.9
28/06/2018 1:13:49 PM	3613000429	1013.00	27.53	28.98	92.2	27.19	28.98	95.3	26.89	28.98	98.0	26.84	28.98	98.5
28/06/2018 1:13:50 PM	3613000430	1013.00	27.53	28.98	92.2	27.19	28.98	95.3	26.88	28.98	98.1	26.96	28.98	97.4
28/06/2018 1:13:51 PM	3613000431	1013.00	27.53	28.98	92.2	27.15	28.98	95.6	26.90	28.98	97.9	26.92	28.98	97.7
28/06/2018 1:13:52 PM	3613000432	1013.00	27.51	28.98	92.4	27.20	28.98	95.2	26.91	28.98	97.8	26.95	28.98	97.4
28/06/2018 1:13:53 PM	3613000433	1013.00	27.55	28.97	92.1	27.16	28.97	95.5	26.90	28.97	97.9	26.88	28.97	98.1
28/06/2018 1:13:54 PM	3613000434	1013.00	27.51	28.98	92.4	27.17	28.98	95.4	26.90	28.98	97.9	26.99	28.98	97.1
28/06/2018 1:13:55 PM	3613000435	1013.00	27.55	28.98	92.1	27.17	28.98	95.4	26.89	28.98	98.0	26.98	28.98	97.2
28/06/2018 1:13:56 PM	3613000436	1013.00	27.57	28.98	91.9	27.17	28.98	95.4	26.88	28.98	98.1	26.96	28.98	97.4
28/06/2018 1:13:57 PM	3613000437	1013.00	27.56	28.98	92.0	27.16	28.98	95.5	26.92	28.98	97.7	26.97	28.98	97.3
28/06/2018 1:13:58 PM	3613000438	1013.00	27.55	28.98	92.1	27.16	28.98	95.5	26.93	28.98	97.6	26.96	28.98	97.4
28/06/2018 1:13:59 PM	3613000439	1013.00	27.54	28.97	92.2	27.15	28.97	95.6	26.85	28.97	98.4	26.97	28.97	97.3
28/06/2018 1:14:00 PM	3613000440	1013.00	27.54	28.98	92.2	27.22	28.98	95.0	26.92	28.98	97.7	27.03	28.98	96.7
28/06/2018 1:14:00 PM	3613000440	1013.00	27.58	28.98	91.8	27.18	28.98	95.3	26.96	28.98	97.4	26.91	28.98	97.8
28/06/2018 1:14:02 PM	3613000442	1013.00	27.55	28.98	92.1	27.17	28.98	95.4	26.89	28.98	98.0	26.95	28.98	97.4
28/06/2018 1:14:03 PM	3613000443	1013.00	27.55	28.98	92.1	27.16	28.98	95.5	26.95	28.98	97.4	27.01	28.98	96.9
28/06/2018 1:14:04 PM	3613000444	1013.00	27.59	28.98	91.7	27.12	28.98	95.9	26.89	28.98	98.0	26.95	28.98	97.4
28/06/2018 1:14:05 PM	3613000445	1013.00	27.60	28.98	91.6	27.18	28.98	95.3	26.91	28.98	97.8	27.04	28.98	96.6
28/06/2018 1:14:06 PM	3613000446	1013.00	27.52	28.98	92.3	27.19	28.98	95.3	26.91	28.98	97.8	26.98	28.98	97.2
28/06/2018 1:14:07 PM	3613000447	1013.00	27.56	28.98	92.0	27.15	28.98	95.6	26.91	28.98	97.8	27.02	28.98	96.8
28/06/2018 1:14:08 PM	3613000448	1013.00	27.57	28.98	91.9	27.13	28.98	95.8	26.87	28.98	98.2	27.04	28.98	96.6
28/06/2018 1:14:09 PM	3613000449	1013.00	27.60	28.98	91.6	27.17	28.98	95.4	26.87	28.98	98.2	26.97	28.98	97.3
28/06/2018 1:14:10 PM	3613000450	1013.00	27.53	28.98	92.2	27.20	28.98	95.2	26.91	28.98	97.8	27.07	28.98	96.3
28/06/2018 1:14:11 PM	3613000451	1013.00	27.59	28.98	91.7	27.18	28.98	95.3	26.88	28.98	98.1	27.00	28.98	97.0
28/06/2018 1:14:12 PM	3613000452	1013.00	27.59	28.99	91.7	27.22	28.99	95.0	26.86	28.99	98.3	27.05	28.99	96.5
28/06/2018 1:14:13 PM	3613000453	1013.00	27.55	28.99	92.1	27.15	28.99	95.6	26.91	28.99	97.8	27.03	28.99	96.7
28/06/2018 1:14:14 PM	3613000454	1013.00	27.60	28.99	91.6	27.20	28.99	95.1	26.95	28.99	97.4	27.10	28.99	96.1
28/06/2018 1:14:15 PM	3613000455	1013.00	27.64	28.99	91.3	27.16	28.99	95.5	26.84	28.99	98.5	27.03	28.99	96.7
28/06/2018 1:14:16 PM	3613000456	1013.00	27.57	28.99	91.9	27.17	28.99	95.4	26.93	28.99	97.6	27.05	28.99	96.5
28/06/2018 1:14:17 PM	3613000457	1013.00	27.57	28.99	91.9	27.18	28.99	95.3	26.88	28.99	98.1	27.03	28.99	96.7
28/06/2018 1:14:18 PM	3613000458	1013.00	27.62	28.99	91.5	27.18	28.99	95.3	26.89	28.99	98.0	27.04	28.99	96.6
28/06/2018 1:14:19 PM	3613000459	1013.00	27.62	28.99	91.5	27.16	28.99	95.5	26.88	28.99	98.1	27.03	28.99	96.7
28/06/2018 1:14:20 PM	3613000460	1013.00	27.61	29.00	91.5	27.34	29.00	93.9	26.91	29.00	97.8	27.08	29.00	96.2
28/06/2018 1:14:21 PM	3613000461	1013.00	27.57	28.99	91.9	27.24	28.99	94.8	26.93	28.99	97.6	27.08	28.99	96.2
28/06/2018 1:14:22 PM	3613000462	1013.00	27.60	28.98	91.6	27.21	28.98	95.1	26.93	28.98	97.6	27.10	28.98	96.1
28/06/2018 1:14:23 PM	3613000463	1013.00	27.59	28.98	91.7	27.21	28.98	95.1	26.89	28.98	98.0	27.10	28.98	96.1
28/06/2018 1:14:24 PM	3613000464	1013.00	27.59	28.98	91.7	27.20	28.98	95.2	26.87	28.98	98.2	27.10	28.98	96.1
28/06/2018 1:14:25 PM	3613000465	1013.00	27.60	28.97	91.7	27.13	28.97	95.8	26.90	28.97	97.9	27.04	28.97	96.6
28/06/2018 1:14:26 PM	3613000466	1013.00	27.56	28.97	92.0	27.18	28.97	95.4	26.93	28.97	97.7	27.07	28.97	96.4
28/06/2018 1:14:27 PM	3613000467	1013.00	27.63	28.98	91.4	27.19	28.98	95.3	26.91	28.98	97.8	27.02	28.98	96.8
28/06/2018 1:14:28 PM	3613000468	1013.00	27.61	28.97	91.6	27.22	28.97	95.0	26.89	28.97	98.0	27.15	28.97	95.6
28/06/2018 1:14:29 PM	3613000469	1013.00	27.64	28.97	91.3	27.17	28.97	95.5	26.95	28.97	97.5	27.12	28.97	95.9
28/06/2018 1:14:30 PM	3613000470	1013.00	27.67	28.97	91.1	27.20	28.97	95.2	26.90	28.97	97.9	27.14	28.97	95.7
28/06/2018 1:14:31 PM	3613000471	1013.00	27.64	28.97	91.3	27.24	28.97	94.8	26.94	28.97	97.6	27.16	28.97	95.5
28/06/2018 1:14:32 PM	3613000472	1013.00	27.62	28.97	91.5	27.25	28.97	94.7	26.91	28.97	97.8	27.10	28.97	96.1
28/06/2018 1:14:33 PM	3613000473	1013.00	27.67	28.98	91.0	27.22	28.98	95.0	26.93	28.98	97.6	27.06	28.98	96.4
28/06/2018 1:14:34 PM	3613000474	1013.00	27.64	28.97	91.3	27.24	28.97	94.8	26.89	28.97	98.0	27.13	28.97	95.8
28/06/2018 1:14:35 PM	3613000475	1013.00	27.63	28.97	91.4	27.27	28.97	94.6	26.95	28.97	97.5	27.10	28.97	96.1
28/06/2018 1:14:36 PM	3613000476	1013.00	27.66	28.97	91.1	27.16	28.97	95.5	26.93	28.97	97.7	27.12	28.97	95.9
28/06/2018 1:14:37 PM	3613000477	1013.00	27.60	28.97	91.7	27.27	28.97	94.6	26.88	28.97	98.1	27.15	28.97	95.6
28/06/2018 1:14:38 PM	3613000478	1013.00	27.68	28.97	91.0	27.18	28.97	95.4	26.90	28.97	97.9	27.14	28.97	95.7
28/06/2018 1:14:39 PM	3613000479	1013.00	27.69	28.98	90.9	27.18	28.98	95.3	26.92	28.98	97.7	27.14	28.98	95.7
28/06/2018 1:14:40 PM	3613000480	1013.00	27.66	28.99	91.1	27.23	28.99	94.9	26.91	28.99	97.8	27.15	28.99	95.6
28/06/2018 1:14:41 PM	3613000481	1013.00	27.65	28.99	91.2	27.15	28.99	95.6	26.90	28.99	97.9	27.11	28.99	96.0
28/06/2018 1:14:42 PM	3613000482	1013.00	27.67	28.99	91.0	27.21	28.99	95.1	26.97	28.99	97.2	27.10	28.99	96.1
28/06/2018 1:14:43 PM	3613000483	1013.00	27.63	28.98	91.4	27.24	28.98	94.8	26.93	28.98	97.6	27.08	28.98	96.3
28/06/2018 1:14:44 PM	3613000484	1013.00	27.65	28.98	91.2	27.24	28.98	94.8	26.95	28.98	97.4	27.17	28.98	95.4
28/06/2018 1:14:45 PM	3613000485	1013.00	27.69	28.97	90.9	27.19	28.97	95.3	26.95	28.97	97.5	27.07	28.97	96.4
28/06/2018 1:14:46 PM	3613000486	1013.00	27.67	28.97	91.1	27.25	28.97	94.7	26.94	28.97	97.6	27.10	28.97	96.1
28/06/2018 1:14:47 PM	3613000487	1013.00	27.70	28.97	90.8	27.16	28.97	95.5	26.94	28.97	97.6	27.12	28.97	95.9
28/06/2018 1:14:48 PM	3613000488	1013.00	27.69	28.98	90.9	27.23	28.98	94.9	26.88	28.98	98.1	27.14	28.98	95.7
28/06/2018 1:14:49 PM	3613000489	1013.00	27.72	28.98	90.6	27.20	28.98	95.2	26.90	28.98	97.9	27.17	28.98	95.4
28/06/2018 1:14:50 PM	3613000490	1013.00	27.71	28.98	90.7	27.28	28.98	94.4	26.96	28.98	97.4	27.11	28.98	96.0
28/06/2018 1:14:51 PM	3613000491	1013.00	27.69	28.98	90.9	27.22	28.98	95.0	26.97	28.98	97.3	27.11	28.98	96.0
28/06/2018 1:14:52 PM	3613000492	1013.00	27.63	28.98	91.4	27.26	28.98	94.6	26.94	28.98	97.5	27.16	28.98	95.5
28/06/2018 1:14:53 PM	3613000493	1013.00	27.72	28.98	90.6	27.30	28.98	94.3	26.96	28.98	97.4	27.15	28.98	95.6
28/06/2018 1:14:54 PM	3613000494	1013.00	27.71	28.98	90.7	27.28	28.98	94.4	26.98	28.98	97.2	27.14	28.98	95.7
28/06/2018 1:14:55 PM	3613000495	1013.00	27.68	28.98	91.0	27.23	28.98	94.9	26.95	28.98	97.4	27.17	28.98	95.4
28/06/2018 1:14:56 PM	3613000496	1013.00	27.72	28.98	90.6	27.29	28.98	94.4	26.93	28.98	97.6	27.15	28.98	95.6
28/06/2018 1:14:57 PM	3613000497	1013.00	27.67	28.98	91.0	27.26	28.98	94.6	26.94	28.98	97.5	27.21	28.98	95.1
28/06/2018 1:14:58 PM	3613000498	1013.00	27.66	28.98	91.1	27.28	28.98	94.4	26.90	28.98	97.9	27.15	28.98	95.6
28/06/2018 1:14:59 PM	3613000499	1013.00	27.75	28.97	90.4	27.23	28.97	94.9	26.90	28.97	97.9	27.14	28.97	95.7
28/06/2018 1:15:00 PM	3613000500	1013.00	27.71	28.97	90.7	27.23	28.97	94.9	26.95	28.97	97.5	27.17	28.97	95.5
28/06/2018 1:15:00 PM	3613000500	1013.00	27.71	28.97	90.7	27.31	28.97	94.2	26.93	28.97	97.7	27.14	28.97	95.7
28/06/2018 1:15:02 PM	3613000502	1013.00	27.71	28.97	90.7	27.26	28.97	94.6	26.95	28.97	97.5	27.18	28.97	95.4
28/06/2018 1:15:03 PM	3613000503	1013.00	27.73	28.97	90.5	27.33	28.97	94.0	26.95	28.97	97.5	27.21	28.97	95.1
28/06/2018 1:15:04 PM	3613000504	1013.00	27.72	28.97	90.6	27.23	28.97	94.9	26.91	28.97	97.8	27.27	28.97	94.6
28/06/2018 1:15:05 PM	3613000505	1013.00	27.74	28.97	90.5	27.24	28.97	94.8	26.93	28.97	97.7	27.27	28.97	94.6
28/06/2018 1:15:06 PM	3613000506	1013.00	27.67	28.97	91.1	27.27	28.97	94.6	26.94	28.97	97.6	27.20	28.97	95.2
28/06/2018 1:15:07 PM	3613000507	1013.00	27.71	28.98	90.7	27.30	28.98	94.3	26.95	28.98	97.4	27.20	28.98	95.2
28/06/2018 1:15:08 PM	3613000508	1013.00	27.74	28.98	90.4	27.32	28.98	94.1	26.97	28.98	97.3	27.21	28.98	95.1
28/06/2018 1:15:09 PM	3613000509	1013.00	27.76	28.98	90.3	27.30	28.98	94.3	26.93	28.98	97.6	27.23	28.98	94.9
28/06/2018 1:15:10 PM	3613000510	1013.00	27.76	28.97	90.3	27.26	28.97	94.6	26.95	28.97	97.5	27.29	28.97	94.4
28/06/2018 1:15:11 PM	3613000511	1013.00	27.77	28.98	90.2	27.30	28.98	94.3	26.94	28.98	97.5	27.26	28.98	94.6
28/06/2018 1:15:12 PM	3613000512	1013.00	27.73	28.97	90.5	27.29	28.97	94.4	26.95	28.97	97.5	27.30	28.97	94.3
28/06/2018 1:15:13 PM	3613000513	1013.00	27.73	28.98	90.5	27.25	28.98	94.7	26.92	28.98	97.7	27.28	28.98	94.4
28/06/2018 1:15:14 PM	3613000514	1013.00	27.73	28.98	90.5	27.31	28.98	94.2	26.97	28.98	97.3	27.23	28.98	94.9
28/06/2018 1:15:15 PM	3613000515	1013.00	27.75	28.98	90.4	27.29	28.98	94.4	26.94	28.98	97.5	27.32	28.98	94.1
28/06/2018 1:15:16 PM	3613000516	1013.00	27.74	28.98	90.4	27.27	28.98	94.5	26.98	28.98	97.2	27.33	28.98	94.0
28/06/2018 1:15:17 PM	3613000517	1013.00	27.78	28.97	90.1	27.21	28.97	95.1	26.93	28.97	97.7	27.33	28.97	94.0
28/06/2018 1:15:18 PM	3613000518	1013.00	27.77	28.97	90.2	27.28	28.97	94.5	26.94	28.97	97.6	27.27	28.97	94.6
28/06/2018 1:15:19 PM	3613000519	1013.00	27.78	28.97	90.1	27.32	28.97	94.1	26.96	28.97	97.4	27.28	28.97	94.5
28/06/2018 1:15:20 PM	3613000520	1013.00	27.77	28.97	90.2	27.31	28.97	94.2	26.96	28.97	97.4	27.27	28.97	94.6
28/06/2018 1:15:21 PM	3613000521	1013.00	27.81	28.97	89.9	27.31	28.97	94.2	26.93	28.97	97.7	27.35	28.97	93.8
28/06/2018 1:15:22 PM	3613000522	1013.00	27.80	28.97	90.0	27.30	28.97	94.3	26.98	28.97	97.2	27.33	28.97	94.0
28/06/2018 1:15:23 PM	3613000523	1013.00	27.77	28.97	90.2	27.30	28.97	94.3	26.96	28.97	97.4	27.37	28.97	93.7
28/06/2018 1:15:24 PM	3613000524	1013.00	27.78	28.98	90.1	27.32	28.98	94.1	26.91	28.98	97.8	27.37	28.98	93.6
28/06/2018 1:15:25 PM	3613000525	1013.00	27.81	28.98	89.9	27.33	28.98	94.0	26.99	28.98	97.1	27.40	28.98	93.4
28/06/2018 1:15:26 PM	3613000526	1013.00	27.78	28.97	90.1	27.33	28.97	94.0	26.97	28.97	97.3	27.40	28.97	93.4
28/06/2018 1:15:27 PM	3613000527	1013.00	27.80	28.97	90.0	27.32	28.97	94.1	26.95	28.97	97.5	27.40	28.97	93.4
28/06/2018 1:15:28 PM	3613000528	1013.00	27.83	28.98	89.7	27.23	28.98	94.9	26.92	28.98	97.7	27.43	28.98	93.1
28/06/2018 1:15:29 PM	3613000529	1013.00	27.83	28.98	89.7	27.32	28.98	94.1	27.03	28.98	96.7	27.38	28.98	93.6
28/06/2018 1:15:30 PM	3613000530	1013.00	27.82	28.97	89.8	27.27	28.97	94.6	26.96	28.97	97.4	27.45	28.97	93.0
28/06/2018 1:15:31 PM	3613000531	1013.00	27.81	28.98	89.9	27.27	28.98	94.5	26.96	28.98	97.4	27.36	28.98	93.7
28/06/2018 1:15:32 PM	3613000532	1013.00	27.81	28.98	89.9	27.32	28.98	94.1	26.94	28.98	97.5	27.43	28.98	93.1
28/06/2018 1:15:33 PM	3613000533	1013.00	27.82	28.97	89.8	27.31	28.97	94.2	26.97	28.97	97.3	27.43	28.97	93.1
28/06/2018 1:15:34 PM	3613000534	1013.00	27.81	28.97	89.9	27.31	28.97	94.2	26.95	28.97	97.5	27.45	28.97	93.0
28/06/2018 1:15:35 PM	3613000535	1013.00	27.80	28.98	89.9	27.36	28.98	93.7	26.97	28.98	97.3	27.43	28.98	93.1
28/06/2018 1:15:36 PM	3613000536	1013.00	27.81	28.98	89.9	27.35	28.98	93.8	26.98	28.98	97.2	27.37	28.98	93.6
28/06/2018 1:15:37 PM	3613000537	1013.00	27.83	28.98	89.7	27.31	28.98	94.2	26.98	28.98	97.2	27.45	28.98	92.9
28/06/2018 1:15:38 PM	3613000538	1013.00	27.80	28.98	89.9	27.32	28.98	94.1	27.01	28.98	96.9	27.45	28.98	92.9
28/06/2018 1:15:39 PM	3613000539	1013.00	27.86	28.98	89.4	27.32	28.98	94.1	27.01	28.98	96.9	27.47	28.98	92.8
28/06/2018 1:15:40 PM	3613000540	1013.00	27.87	28.98	89.4	27.32	28.98	94.1	26.97	28.98	97.3	27.49	28.98	92.6
28/06/2018 1:15:41 PM	3613000541	1013.00	27.83	28.98	89.7	27.29	28.98	94.4	26.95	28.98	97.4	27.46	28.98	92.9
28/06/2018 1:15:42 PM	3613000542	1013.00	27.83	28.98	89.7	27.30	28.98	94.3	26.97	28.98	97.3	27.48	28.98	92.7
28/06/2018 1:15:43 PM	3613000543	1013.00	27.85	28.98	89.5	27.31	28.98	94.2	26.97	28.98	97.3	27.54	28.98	92.2
28/06/2018 1:15:44 PM	3613000544	1013.00	27.83	28.98	89.7	27.38	28.98	93.6	27.00	28.98	97.0	27.47	28.98	92.8
28/06/2018 1:15:45 PM	3613000545	1013.00	27.86	28.99	89.4	27.29	28.99	94.3	26.97	28.99	97.2	27.46	28.99	92.8
28/06/2018 1:15:46 PM	3613000546	1013.00	27.84	28.99	89.6	27.32	28.99	94.1	26.95	28.99	97.4	27.48	28.99	92.7
28/06/2018 1:15:46 PM	3613000546	1013.00	27.92	28.98	88.9	27.35	28.98	93.8	27.00	28.98	97.0	27.53	28.98	92.2
28/06/2018 1:15:47 PM	3613000547	1013.00	27.88	28.99	89.3	27.29	28.99	94.3	27.04	28.99	96.6	27.50	28.99	92.5
28/06/2018 1:15:49 PM	3613000549	1013.00	27.89	28.98	89.2	27.34	28.98	93.9	26.98	28.98	97.2	27.52	28.98	92.3
28/06/2018 1:15:50 PM	3613000550	1013.00	27.87	28.98	89.4	27.34	28.98	93.9	26.99	28.98	97.1	27.53	28.98	92.2
28/06/2018 1:15:51 PM	3613000551	1013.00	27.87	28.98	89.4	27.29	28.98	94.4	26.99	28.98	97.1	27.53	28.98	92.2
28/06/2018 1:15:52 PM	3613000552	1013.00	27.89	28.98	89.2	27.33	28.98	94.0	26.99	28.98	97.1	27.48	28.98	92.7
28/06/2018 1:15:53 PM	3613000553	1013.00	27.87	28.98	89.4	27.32	28.98	94.1	26.95	28.98	97.4	27.51	28.98	92.4
28/06/2018 1:15:54 PM	3613000554	1013.00	27.93	28.99	88.8	27.35	28.99	93.8	26.99	28.99	97.1	27.53	28.99	92.2
28/06/2018 1:15:55 PM	3613000555	1013.00	27.91	28.98	89.0	27.31	28.98	94.2	27.04	28.98	96.6	27.57	28.98	91.9
28/06/2018 1:15:56 PM	3613000556	1013.00	27.88	28.98	89.3	27.34	28.98	93.9	26.98	28.98	97.2	27.56	28.98	92.0
28/06/2018 1:15:57 PM	3613000557	1013.00	27.86	28.97	89.5	27.34	28.97	93.9	26.96	28.97	97.4	27.57	28.97	91.9
28/06/2018 1:15:58 PM	3613000558	1013.00	27.90	28.97	89.1	27.40	28.97	93.4	26.95	28.97	97.5	27.52	28.97	92.3
28/06/2018 1:15:59 PM	3613000559	1013.00	27.87	28.97	89.4	27.33	28.97	94.0	26.97	28.97	97.3	27.55	28.97	92.1
28/06/2018 1:16:00 PM	3613000560	1013.00	27.88	28.97	89.3	27.35	28.97	93.8	26.97	28.97	97.3	27.57	28.97	91.9
28/06/2018 1:16:00 PM	3613000560	1013.00	27.94	28.97	88.8	27.32	28.97	94.1	26.99	28.97	97.1	27.60	28.97	91.7
28/06/2018 1:16:02 PM	3613000562	1013.00	27.90	28.97	89.1	27.37	28.97	93.7	26.99	28.97	97.1	27.51	28.97	92.4
28/06/2018 1:16:03 PM	3613000563	1013.00	27.92	28.97	89.0	27.36	28.97	93.8	27.01	28.97	96.9	27.53	28.97	92.3
28/06/2018 1:16:04 PM	3613000564	1013.00	27.91	28.97	89.0	27.35	28.97	93.8	27.02	28.97	96.8	27.60	28.97	91.7
28/06/2018 1:16:05 PM	3613000565	1013.00	27.93	28.97	88.9	27.38	28.97	93.6	27.00	28.97	97.0	27.61	28.97	91.6
28/06/2018 1:16:06 PM	3613000566	1013.00	27.94	28.98	88.8	27.36	28.98	93.7	26.98	28.98	97.2	27.58	28.98	91.8
28/06/2018 1:16:07 PM	3613000567	1013.00	27.91	28.98	89.0	27.28	28.98	94.4	27.00	28.98	97.0	27.65	28.98	91.2
28/06/2018 1:16:08 PM	3613000568	1013.00	27.93	28.98	88.9	27.35	28.98	93.8	27.00	28.98	97.0	27.63	28.98	91.4
28/06/2018 1:16:09 PM	3613000569	1013.00	27.97	28.98	88.5	27.38	28.98	93.6	26.96	28.98	97.4	27.60	28.98	91.6
28/06/2018 1:16:10 PM	3613000570	1013.00	27.93	28.98	88.9	27.38	28.98	93.6	26.99	28.98	97.1	27.65	28.98	91.2
28/06/2018 1:16:11 PM	3613000571	1013.00	27.93	28.97	88.9	27.37	28.97	93.7	27.03	28.97	96.7	27.63	28.97	91.4
28/06/2018 1:16:12 PM	3613000572	1013.00	27.95	28.97	88.7	27.35	28.97	93.8	27.01	28.97	96.9	27.65	28.97	91.2
28/06/2018 1:16:13 PM	3613000573	1013.00	27.93	28.97	88.9	27.40	28.97	93.4	27.04	28.97	96.6	27.62	28.97	91.5
28/06/2018 1:16:14 PM	3613000574	1013.00	28.00	28.97	88.3	27.33	28.97	94.0	27.01	28.97	96.9	27.60	28.97	91.7
28/06/2018 1:16:15 PM	3613000575	1013.00	28.00	28.97	88.3	27.40	28.97	93.4	26.97	28.97	97.3	27.63	28.97	91.4
28/06/2018 1:16:16 PM	3613000576	1013.00	27.97	28.97	88.5	27.38	28.97	93.6	26.95	28.97	97.5	27.62	28.97	91.5
28/06/2018 1:16:17 PM	3613000577	1013.00	27.98	28.97	88.5	27.38	28.97	93.6	26.99	28.97	97.1	27.64	28.97	91.3
28/06/2018 1:16:18 PM	3613000578	1013.00	27.98	28.97	88.5	27.42	28.97	93.2	26.99	28.97	97.1	27.64	28.97	91.3
28/06/2018 1:16:19 PM	3613000579	1013.00	27.93	28.98	88.9	27.34	28.98	93.9	27.03	28.98	96.7	27.66	28.98	91.1
28/06/2018 1:16:20 PM	3613000580	1013.00	27.97	28.98	88.5	27.37	28.98	93.6	27.03	28.98	96.7	27.68	28.98	91.0
28/06/2018 1:16:21 PM	3613000581	1013.00	28.00	28.97	88.3	27.37	28.97	93.7	27.05	28.97	96.5	27.68	28.97	91.0
28/06/2018 1:16:22 PM	3613000582	1013.00	28.06	28.98	87.8	27.38	28.98	93.6	26.99	28.98	97.1	27.62	28.98	91.5
28/06/2018 1:16:23 PM	3613000583	1013.00	28.03	28.98	88.0	27.37	28.98	93.6	26.99	28.98	97.1	27.70	28.98	90.8
28/06/2018 1:16:24 PM	3613000584	1013.00	28.01	28.98	88.2	27.42	28.98	93.2	27.01	28.98	96.9	27.70	28.98	90.8
28/06/2018 1:16:25 PM	3613000585	1013.00	28.02	28.97	88.1	27.42	28.97	93.2	27.01	28.97	96.9	27.73	28.97	90.5
28/06/2018 1:16:26 PM	3613000586	1013.00	28.02	28.98	88.1	27.43	28.98	93.1	27.05	28.98	96.5	27.71	28.98	90.7
28/06/2018 1:16:27 PM	3613000587	1013.00	28.01	28.98	88.2	27.40	28.98	93.4	27.00	28.98	97.0	27.69	28.98	90.9
28/06/2018 1:16:28 PM	3613000588	1013.00	28.07	28.98	87.7	27.36	28.98	93.7	26.98	28.98	97.2	27.73	28.98	90.5
28/06/2018 1:16:29 PM	3613000589	1013.00	28.06	28.98	87.8	27.43	28.98	93.1	27.01	28.98	96.9	27.71	28.98	90.7
28/06/2018 1:16:30 PM	3613000590	1013.00	28.06	28.98	87.8	27.47	28.98	92.8	27.01	28.98	96.9	27.77	28.98	90.2
28/06/2018 1:16:31 PM	3613000591	1013.00	28.07	28.98	87.7	27.47	28.98	92.8	27.01	28.98	96.9	27.75	28.98	90.4
28/06/2018 1:16:32 PM	3613000592	1013.00	28.05	28.98	87.9	27.43	28.98	93.1	26.97	28.98	97.3	27.76	28.98	90.3
28/06/2018 1:16:33 PM	3613000593	1013.00	28.03	28.98	88.0	27.44	28.98	93.0	27.00	28.98	97.0	27.76	28.98	90.3
28/06/2018 1:16:34 PM	3613000594	1013.00	28.04	28.98	88.0	27.49	28.98	92.6	26.98	28.98	97.2	27.81	28.98	89.9
28/06/2018 1:16:35 PM	3613000595	1013.00	28.11	28.97	87.4	27.52	28.97	92.3	27.05	28.97	96.5	27.75	28.97	90.4
28/06/2018 1:16:36 PM	3613000596	1013.00	28.08	28.98	87.6	27.44	28.98	93.0	26.99	28.98	97.1	27.81	28.98	89.9
28/06/2018 1:16:37 PM	3613000597	1013.00	28.07	28.98	87.7	27.44	28.98	93.0	27.03	28.98	96.7	27.75	28.98	90.4
28/06/2018 1:16:38 PM	3613000598	1013.00	28.06	28.98	87.8	27.48	28.98	92.7	27.03	28.98	96.7	27.76	28.98	90.3
28/06/2018 1:16:39 PM	3613000599	1013.00	28.08	28.98	87.6	27.47	28.98	92.8	27.03	28.98	96.7	27.72	28.98	90.6
28/06/2018 1:16:40 PM	3613000600	1013.00	28.11	28.98	87.4	27.42	28.98	93.2	27.01	28.98	96.9	27.77	28.98	90.2
28/06/2018 1:16:41 PM	3613000601	1013.00	28.06	28.98	87.8	27.51	28.98	92.4	27.01	28.98	96.9	27.83	28.98	89.7
28/06/2018 1:16:42 PM	3613000602	1013.00	28.11	28.98	87.4	27.44	28.98	93.0	27.01	28.98	96.9	27.75	28.98	90.4
28/06/2018 1:16:43 PM	3613000603	1013.00	28.09	28.98	87.5	27.49	28.98	92.6	27.02	28.98	96.8	27.79	28.98	90.0
28/06/2018 1:16:44 PM	3613000604	1013.00	28.05	28.98	87.9	27.44	28.98	93.0	27.02	28.98	96.8	27.77	28.98	90.2
28/06/2018 1:16:45 PM	3613000605	1013.00	28.10	28.98	87.5	27.50	28.98	92.5	27.04	28.98	96.6	27.82	28.98	89.8
28/06/2018 1:16:46 PM	3613000606	1013.00	28.10	28.98	87.5	27.51	28.98	92.4	27.03	28.98	96.7	27.76	28.98	90.3
28/06/2018 1:16:47 PM	3613000607	1013.00	28.07	28.98	87.7	27.54	28.98	92.2	27.00	28.98	97.0	27.80	28.98	89.9
28/06/2018 1:16:48 PM	3613000608	1013.00	28.10	28.98	87.5	27.47	28.98	92.8	27.03	28.98	96.7	27.76	28.98	90.3
28/06/2018 1:16:49 PM	3613000609	1013.00	28.09	28.98	87.5	27.46	28.98	92.9	27.07	28.98	96.3	27.78	28.98	90.1
28/06/2018 1:16:50 PM	3613000610	1013.00	28.11	28.98	87.4	27.49	28.98	92.6	27.03	28.98	96.7	27.78	28.98	90.1
28/06/2018 1:16:51 PM	3613000611	1013.00	28.13	28.98	87.2	27.52	28.98	92.3	27.06	28.98	96.4	27.81	28.98	89.9
28/06/2018 1:16:52 PM	3613000612	1013.00	28.15	28.98	87.1	27.52	28.98	92.3	27.04	28.98	96.6	27.80	28.98	89.9
28/06/2018 1:16:53 PM	3613000613	1013.00	28.12	28.98	87.3	27.54	28.98	92.2	27.01	28.98	96.9	27.79	28.98	90.0
28/06/2018 1:16:54 PM	3613000614	1013.00	28.13	28.98	87.2	27.50	28.98	92.5	27.06	28.98	96.4	27.83	28.98	89.7
28/06/2018 1:16:55 PM	3613000615	1013.00	28.12	28.98	87.3	27.49	28.98	92.6	27.02	28.98	96.8	27.82	28.98	89.8
28/06/2018 1:16:56 PM	3613000616	1013.00	28.16	28.98	87.0	27.54	28.98	92.2	27.03	28.98	96.7	27.87	28.98	89.4
28/06/2018 1:16:57 PM	3613000617	1013.00	28.18	28.98	86.8	27.56	28.98	92.0	27.04	28.98	96.6	27.89	28.98	89.2
28/06/2018 1:16:58 PM	3613000618	1013.00	28.14	28.98	87.1	27.55	28.98	92.1	27.06	28.98	96.4	27.81	28.98	89.9
28/06/2018 1:16:59 PM	3613000619	1013.00	28.17	28.98	86.9	27.49	28.98	92.6	27.04	28.98	96.6	27.87	28.98	89.4
28/06/2018 1:17:00 PM	3613000620	1013.00	28.18	28.99	86.8	27.50	28.99	92.5	27.04	28.99	96.6	27.83	28.99	89.7
28/06/2018 1:17:00 PM	3613000620	1013.00	28.15	28.99	87.0	27.51	28.99	92.4	27.03	28.99	96.7	27.91	28.99	89.0
28/06/2018 1:17:02 PM	3613000622	1013.00	28.23	28.99	86.4	27.44	28.99	93.0	27.06	28.99	96.4	27.85	28.99	89.5
28/06/2018 1:17:03 PM	3613000623	1013.00	28.19	28.99	86.7	27.51	28.99	92.4	27.04	28.99	96.6	27.80	28.99	89.9
28/06/2018 1:17:04 PM	3613000624	1013.00	28.19	28.98	86.7	27.56	28.98	92.0	27.04	28.98	96.6	27.79	28.98	90.0
28/06/2018 1:17:05 PM	3613000625	1013.00	28.19	28.97	86.8	27.58	28.97	91.8	27.08	28.97	96.3	27.90	28.97	89.1
28/06/2018 1:17:06 PM	3613000626	1013.00	28.21	28.98	86.6	27.52	28.98	92.3	27.05	28.98	96.5	27.91	28.98	89.0
28/06/2018 1:17:07 PM	3613000627	1013.00	28.21	28.98	86.6	27.50	28.98	92.5	27.02	28.98	96.8	27.83	28.98	89.7
28/06/2018 1:17:08 PM	3613000628	1013.00	28.18	28.97	86.8	27.52	28.97	92.3	27.05	28.97	96.5	27.88	28.97	89.3
28/06/2018 1:17:09 PM	3613000629	1013.00	28.25	28.98	86.3	27.54	28.98	92.2	27.10	28.98	96.1	27.87	28.98	89.4
28/06/2018 1:17:10 PM	3613000630	1013.00	28.21	28.98	86.6	27.57	28.98	91.9	27.05	28.98	96.5	27.93	28.98	88.9
28/06/2018 1:17:11 PM	3613000631	1013.00	28.27	28.98	86.1	27.54	28.98	92.2	27.03	28.98	96.7	27.88	28.98	89.3
28/06/2018 1:17:12 PM	3613000632	1013.00	28.24	28.98	86.3	27.50	28.98	92.5	27.07	28.98	96.3	27.95	28.98	88.7
28/06/2018 1:17:13 PM	3613000633	1013.00	28.23	28.98	86.4	27.54	28.98	92.2	27.08	28.98	96.3	27.90	28.98	89.1
28/06/2018 1:17:14 PM	3613000634	1013.00	28.24	28.98	86.3	27.51	28.98	92.4	27.02	28.98	96.8	27.90	28.98	89.1
28/06/2018 1:17:15 PM	3613000635	1013.00	28.25	28.98	86.3	27.49	28.98	92.6	27.10	28.98	96.1	27.89	28.98	89.2
28/06/2018 1:17:16 PM	3613000636	1013.00	28.23	28.98	86.4	27.52	28.98	92.3	27.09	28.98	96.2	27.90	28.98	89.1
28/06/2018 1:17:17 PM	3613000637	1013.00	28.23	28.98	86.4	27.54	28.98	92.2	27.07	28.98	96.3	27.88	28.98	89.3
28/06/2018 1:17:18 PM	3613000638	1013.00	28.27	28.98	86.1	27.54	28.98	92.2	27.08	28.98	96.3	27.93	28.98	88.9
28/06/2018 1:17:19 PM	3613000639	1013.00	28.29	28.99	85.9	27.51	28.99	92.4	27.09	28.99	96.1	27.93	28.99	88.8
28/06/2018 1:17:20 PM	3613000640	1013.00	28.26	28.99	86.2	27.54	28.99	92.1	27.06	28.99	96.4	27.93	28.99	88.8
28/06/2018 1:17:21 PM	3613000641	1013.00	28.29	28.99	85.9	27.58	28.99	91.8	27.08	28.99	96.2	27.90	28.99	89.1
28/06/2018 1:17:22 PM	3613000642	1013.00	28.31	28.98	85.8	27.54	28.98	92.2	27.03	28.98	96.7	27.91	28.98	89.0
28/06/2018 1:17:23 PM	3613000643	1013.00	28.29	28.98	85.9	27.52	28.98	92.3	27.09	28.98	96.2	27.89	28.98	89.2
28/06/2018 1:17:24 PM	3613000644	1013.00	28.29	28.98	85.9	27.56	28.98	92.0	27.04	28.98	96.6	27.95	28.98	88.7
28/06/2018 1:17:25 PM	3613000645	1013.00	28.28	28.98	86.0	27.53	28.98	92.2	27.05	28.98	96.5	27.98	28.98	88.4
28/06/2018 1:17:26 PM	3613000646	1013.00	28.33	28.98	85.6	27.54	28.98	92.2	27.06	28.98	96.4	27.95	28.98	88.7
28/06/2018 1:17:27 PM	3613000647	1013.00	28.34	28.98	85.5	27.55	28.98	92.1	27.07	28.98	96.3	27.91	28.98	89.0
28/06/2018 1:17:28 PM	3613000648	1013.00	28.27	28.99	86.1	27.47	28.99	92.8	27.05	28.99	96.5	27.91	28.99	89.0
28/06/2018 1:17:29 PM	3613000649	1013.00	28.31	28.99	85.8	27.56	28.99	92.0	27.05	28.99	96.5	27.93	28.99	88.8
28/06/2018 1:17:30 PM	3613000650	1013.00	28.30	28.99	85.8	27.57	28.99	91.9	27.11	28.99	96.0	27.99	28.99	88.3
28/06/2018 1:17:31 PM	3613000651	1013.00	28.31	28.99	85.8	27.58	28.99	91.8	27.09	28.99	96.1	27.93	28.99	88.8
28/06/2018 1:17:32 PM	3613000652	1013.00	28.29	28.99	85.9	27.52	28.99	92.3	27.05	28.99	96.5	28.00	28.99	88.3
28/06/2018 1:17:33 PM	3613000653	1013.00	28.34	28.98	85.5	27.52	28.98	92.3	27.10	28.98	96.1	28.00	28.98	88.3
28/06/2018 1:17:34 PM	3613000654	1013.00	28.32	28.98	85.7	27.63	28.98	91.4	27.11	28.98	96.0	27.98	28.98	88.4
28/06/2018 1:17:35 PM	3613000655	1013.00	28.34	28.98	85.5	27.60	28.98	91.6	27.10	28.98	96.1	27.99	28.98	88.4
28/06/2018 1:17:36 PM	3613000656	1013.00	28.38	28.98	85.2	27.57	28.98	91.9	27.11	28.98	96.0	27.97	28.98	88.5
28/06/2018 1:17:37 PM	3613000657	1013.00	28.32	28.98	85.7	27.59	28.98	91.7	27.09	28.98	96.2	27.95	28.98	88.7
28/06/2018 1:17:38 PM	3613000658	1013.00	28.33	28.99	85.6	27.53	28.99	92.2	27.10	28.99	96.1	27.98	28.99	88.4
28/06/2018 1:17:39 PM	3613000659	1013.00	28.34	28.99	85.5	27.58	28.99	91.8	27.11	28.99	96.0	28.00	28.99	88.3
28/06/2018 1:17:40 PM	3613000660	1013.00	28.33	28.99	85.6	27.61	28.99	91.5	27.07	28.99	96.3	28.05	28.99	87.9
28/06/2018 1:17:41 PM	3613000661	1013.00	28.35	28.99	85.4	27.60	28.99	91.6	27.06	28.99	96.4	28.03	28.99	88.0
28/06/2018 1:17:42 PM	3613000662	1013.00	28.37	28.99	85.3	27.62	28.99	91.5	27.09	28.99	96.1	27.97	28.99	88.5
28/06/2018 1:17:43 PM	3613000663	1013.00	28.42	28.98	84.9	27.54	28.98	92.2	27.04	28.98	96.6	27.98	28.98	88.4
28/06/2018 1:17:44 PM	3613000664	1013.00	28.45	28.98	84.7	27.57	28.98	91.9	27.09	28.98	96.2	27.99	28.98	88.4
28/06/2018 1:17:45 PM	3613000665	1013.00	28.37	28.98	85.3	27.60	28.98	91.6	27.15	28.98	95.6	28.00	28.98	88.3
28/06/2018 1:17:46 PM	3613000666	1013.00	28.38	28.98	85.2	27.61	28.98	91.6	27.08	28.98	96.3	28.00	28.98	88.3
28/06/2018 1:17:47 PM	3613000667	1013.00	28.38	28.98	85.2	27.66	28.98	91.1	27.09	28.98	96.2	28.03	28.98	88.0
28/06/2018 1:17:48 PM	3613000668	1013.00	28.40	28.98	85.1	27.61	28.98	91.6	27.11	28.98	96.0	28.03	28.98	88.0
28/06/2018 1:17:49 PM	3613000669	1013.00	28.45	28.98	84.7	27.60	28.98	91.6	27.11	28.98	96.0	27.99	28.98	88.4
28/06/2018 1:17:50 PM	3613000670	1013.00	28.42	28.98	84.9	27.56	28.98	92.0	27.09	28.98	96.2	28.06	28.98	87.8
28/06/2018 1:17:51 PM	3613000671	1013.00	28.42	28.99	84.9	27.59	28.99	91.7	27.14	28.99	95.7	28.02	28.99	88.1
28/06/2018 1:17:52 PM	3613000672	1013.00	28.42	28.99	84.9	27.62	28.99	91.5	27.12	28.99	95.9	28.04	28.99	87.9
28/06/2018 1:17:53 PM	3613000673	1013.00	28.45	28.99	84.7	27.64	28.99	91.3	27.13	28.99	95.8	28.04	28.99	87.9
28/06/2018 1:17:54 PM	3613000674	1013.00	28.38	28.99	85.2	27.67	28.99	91.0	27.11	28.99	96.0	27.96	28.99	88.6
28/06/2018 1:17:55 PM	3613000675	1013.00	28.43	28.99	84.8	27.65	28.99	91.2	27.10	28.99	96.1	28.00	28.99	88.3
28/06/2018 1:17:56 PM	3613000676	1013.00	28.43	28.99	84.8	27.62	28.99	91.5	27.09	28.99	96.1	28.00	28.99	88.3
28/06/2018 1:17:57 PM	3613000677	1013.00	28.47	28.98	84.5	27.66	28.98	91.1	27.12	28.98	95.9	28.02	28.98	88.1
28/06/2018 1:17:58 PM	3613000678	1013.00	28.42	28.99	84.9	27.56	28.99	92.0	27.14	28.99	95.7	28.01	28.99	88.2
28/06/2018 1:17:59 PM	3613000679	1013.00	28.48	28.98	84.4	27.62	28.98	91.5	27.12	28.98	95.9	27.97	28.98	88.5
28/06/2018 1:18:00 PM	3613000680	1013.00	28.50	28.98	84.3	27.62	28.98	91.5	27.08	28.98	96.3	28.03	28.98	88.0
28/06/2018 1:18:00 PM	3613000680	1013.00	28.49	28.98	84.4	27.66	28.98	91.1	27.15	28.98	95.6	27.93	28.98	88.9
28/06/2018 1:18:02 PM	3613000682	1013.00	28.48	28.98	84.4	27.55	28.98	92.1	27.15	28.98	95.6	27.96	28.98	88.6
28/06/2018 1:18:03 PM	3613000683	1013.00	28.46	28.98	84.6	27.66	28.98	91.1	27.14	28.98	95.7	28.06	28.98	87.8
28/06/2018 1:18:04 PM	3613000684	1013.00	28.50	28.97	84.3	27.64	28.97	91.3	27.16	28.97	95.5	28.02	28.97	88.1
28/06/2018 1:18:05 PM	3613000685	1013.00	28.50	28.97	84.3	27.63	28.97	91.4	27.17	28.97	95.5	28.04	28.97	88.0
28/06/2018 1:18:06 PM	3613000686	1013.00	28.55	28.97	83.9	27.61	28.97	91.6	27.15	28.97	95.6	28.01	28.97	88.2
28/06/2018 1:18:07 PM	3613000687	1013.00	28.47	28.97	84.5	27.66	28.97	91.1	27.13	28.97	95.8	28.00	28.97	88.3
28/06/2018 1:18:08 PM	3613000688	1013.00	28.51	28.98	84.2	27.64	28.98	91.3	27.14	28.98	95.7	28.03	28.98	88.0
28/06/2018 1:18:09 PM	3613000689	1013.00	28.48	28.98	84.4	27.60	28.98	91.6	27.08	28.98	96.3	28.02	28.98	88.1
28/06/2018 1:18:10 PM	3613000690	1013.00	28.49	28.98	84.4	27.60	28.98	91.6	27.11	28.98	96.0	28.04	28.98	88.0
28/06/2018 1:18:11 PM	3613000691	1013.00	28.51	28.98	84.2	27.64	28.98	91.3	27.16	28.98	95.5	28.03	28.98	88.0
28/06/2018 1:18:12 PM	3613000692	1013.00	28.50	28.98	84.3	27.64	28.98	91.3	27.16	28.98	95.5	28.06	28.98	87.8
28/06/2018 1:18:13 PM	3613000693	1013.00	28.52	28.98	84.1	27.66	28.98	91.1	27.13	28.98	95.8	28.07	28.98	87.7
28/06/2018 1:18:14 PM	3613000694	1013.00	28.54	28.98	84.0	27.68	28.98	91.0	27.12	28.98	95.9	28.00	28.98	88.3
28/06/2018 1:18:15 PM	3613000695	1013.00	28.50	28.98	84.3	27.63	28.98	91.4	27.13	28.98	95.8	28.06	28.98	87.8
28/06/2018 1:18:16 PM	3613000696	1013.00	28.56	28.98	83.8	27.69	28.98	90.9	27.16	28.98	95.5	28.06	28.98	87.8
28/06/2018 1:18:17 PM	3613000697	1013.00	28.53	28.98	84.1	27.62	28.98	91.5	27.14	28.98	95.7	28.05	28.98	87.9
28/06/2018 1:18:18 PM	3613000698	1013.00	28.56	28.98	83.8	27.62	28.98	91.5	27.16	28.98	95.5	28.08	28.98	87.6
28/06/2018 1:18:19 PM	3613000699	1013.00	28.50	28.98	84.3	27.68	28.98	91.0	27.15	28.98	95.6	28.03	28.98	88.0
28/06/2018 1:18:20 PM	3613000700	1013.00	28.54	28.98	84.0	27.69	28.98	90.9	27.16	28.98	95.5	28.03	28.98	88.0
28/06/2018 1:18:21 PM	3613000701	1013.00	28.56	28.98	83.8	27.67	28.98	91.0	27.13	28.98	95.8	28.10	28.98	87.5
28/06/2018 1:18:22 PM	3613000702	1013.00	28.57	28.98	83.7	27.64	28.98	91.3	27.14	28.98	95.7	28.07	28.98	87.7
28/06/2018 1:18:23 PM	3613000703	1013.00	28.57	28.97	83.8	27.65	28.97	91.2	27.15	28.97	95.6	28.04	28.97	88.0
28/06/2018 1:18:24 PM	3613000704	1013.00	28.57	28.97	83.8	27.68	28.97	91.0	27.17	28.97	95.5	28.05	28.97	87.9
28/06/2018 1:18:25 PM	3613000705	1013.00	28.54	28.98	84.0	27.66	28.98	91.1	27.13	28.98	95.8	28.06	28.98	87.8
28/06/2018 1:18:26 PM	3613000706	1013.00	28.58	28.98	83.7	27.64	28.98	91.3	27.15	28.98	95.6	28.07	28.98	87.7
28/06/2018 1:18:27 PM	3613000707	1013.00	28.57	28.97	83.8	27.70	28.97	90.8	27.19	28.97	95.3	28.04	28.97	88.0
28/06/2018 1:18:28 PM	3613000708	1013.00	28.56	28.97	83.8	27.66	28.97	91.1	27.17	28.97	95.5	28.08	28.97	87.6
28/06/2018 1:18:29 PM	3613000709	1013.00	28.60	28.97	83.5	27.68	28.97	91.0	27.16	28.97	95.5	28.17	28.97	86.9
28/06/2018 1:18:30 PM	3613000710	1013.00	28.58	28.97	83.7	27.68	28.97	91.0	27.21	28.97	95.1	28.08	28.97	87.6
28/06/2018 1:18:31 PM	3613000711	1013.00	28.57	28.97	83.8	27.73	28.97	90.5	27.12	28.97	95.9	28.14	28.97	87.2
28/06/2018 1:18:32 PM	3613000712	1013.00	28.61	28.97	83.5	27.69	28.97	90.9	27.14	28.97	95.7	28.12	28.97	87.3
28/06/2018 1:18:33 PM	3613000713	1013.00	28.61	28.97	83.5	27.69	28.97	90.9	27.18	28.97	95.4	28.09	28.97	87.6
28/06/2018 1:18:34 PM	3613000714	1013.00	28.61	28.97	83.5	27.71	28.97	90.7	27.17	28.97	95.5	28.10	28.97	87.5
28/06/2018 1:18:35 PM	3613000715	1013.00	28.60	28.97	83.5	27.70	28.97	90.8	27.15	28.97	95.6	28.13	28.97	87.2
28/06/2018 1:18:36 PM	3613000716	1013.00	28.58	28.97	83.7	27.73	28.97	90.5	27.22	28.97	95.0	28.09	28.97	87.6
28/06/2018 1:18:37 PM	3613000717	1013.00	28.61	28.97	83.5	27.73	28.97	90.5	27.17	28.97	95.5	28.14	28.97	87.2
28/06/2018 1:18:38 PM	3613000718	1013.00	28.63	28.97	83.3	27.70	28.97	90.8	27.12	28.97	95.9	28.14	28.97	87.2
28/06/2018 1:18:39 PM	3613000719	1013.00	28.61	28.97	83.5	27.73	28.97	90.5	27.16	28.97	95.5	28.12	28.97	87.3
28/06/2018 1:18:40 PM	3613000720	1013.00	28.59	28.97	83.6	27.71	28.97	90.7	27.20	28.97	95.2	28.12	28.97	87.3
28/06/2018 1:18:41 PM	3613000721	1013.00	28.59	28.97	83.6	27.79	28.97	90.0	27.19	28.97	95.3	28.17	28.97	86.9
28/06/2018 1:18:42 PM	3613000722	1013.00	28.65	28.97	83.1	27.76	28.97	90.3	27.15	28.97	95.6	28.06	28.97	87.8
28/06/2018 1:18:43 PM	3613000723	1013.00	28.64	28.97	83.2	27.71	28.97	90.7	27.23	28.97	94.9	28.15	28.97	87.1
28/06/2018 1:18:44 PM	3613000724	1013.00	28.63	28.97	83.3	27.76	28.97	90.3	27.21	28.97	95.1	28.15	28.97	87.1
28/06/2018 1:18:45 PM	3613000725	1013.00	28.60	28.98	83.5	27.68	28.98	91.0	27.16	28.98	95.5	28.18	28.98	86.8
28/06/2018 1:18:46 PM	3613000726	1013.00	28.63	28.98	83.3	27.68	28.98	91.0	27.14	28.98	95.7	28.17	28.98	86.9
28/06/2018 1:18:47 PM	3613000727	1013.00	28.68	28.98	82.9	27.72	28.98	90.6	27.23	28.98	94.9	28.13	28.98	87.2
28/06/2018 1:18:48 PM	3613000728	1013.00	28.65	28.98	83.1	27.74	28.98	90.4	27.18	28.98	95.3	28.23	28.98	86.4
28/06/2018 1:18:49 PM	3613000729	1013.00	28.63	28.98	83.3	27.77	28.98	90.2	27.23	28.98	94.9	28.23	28.98	86.4
28/06/2018 1:18:50 PM	3613000730	1013.00	28.67	28.97	83.0	27.74	28.97	90.5	27.22	28.97	95.0	28.23	28.97	86.4
28/06/2018 1:18:51 PM	3613000731	1013.00	28.66	28.97	83.1	27.77	28.97	90.2	27.21	28.97	95.1	28.28	28.97	86.0
28/06/2018 1:18:52 PM	3613000732	1013.00	28.67	28.97	83.0	27.78	28.97	90.1	27.17	28.97	95.5	28.30	28.97	85.9
28/06/2018 1:18:53 PM	3613000733	1013.00	28.69	28.97	82.8	27.78	28.97	90.1	27.18	28.97	95.4	28.27	28.97	86.1
28/06/2018 1:18:54 PM	3613000734	1013.00	28.65	28.97	83.1	27.77	28.97	90.2	27.21	28.97	95.1	28.26	28.97	86.2
28/06/2018 1:18:55 PM	3613000735	1013.00	28.69	28.98	82.8	27.77	28.98	90.2	27.17	28.98	95.4	28.26	28.98	86.2
28/06/2018 1:18:56 PM	3613000736	1013.00	28.66	28.97	83.1	27.74	28.97	90.5	27.19	28.97	95.3	28.35	28.97	85.5
28/06/2018 1:18:57 PM	3613000737	1013.00	28.69	28.97	82.8	27.78	28.97	90.1	27.22	28.97	95.0	28.26	28.97	86.2
28/06/2018 1:18:58 PM	3613000738	1013.00	28.72	28.97	82.6	27.79	28.97	90.0	27.25	28.97	94.7	28.25	28.97	86.3
28/06/2018 1:18:59 PM	3613000739	1013.00	28.72	28.97	82.6	27.78	28.97	90.1	27.26	28.97	94.6	28.32	28.97	85.7
28/06/2018 1:19:00 PM	3613000740	1013.00	28.72	28.97	82.6	27.80	28.97	90.0	27.22	28.97	95.0	28.35	28.97	85.5
28/06/2018 1:19:00 PM	3613000740	1013.00	28.66	28.98	83.1	27.84	28.98	89.6	27.25	28.98	94.7	28.32	28.98	85.7
28/06/2018 1:19:02 PM	3613000742	1013.00	28.74	28.97	82.5	27.75	28.97	90.4	27.21	28.97	95.1	28.35	28.97	85.5
28/06/2018 1:19:03 PM	3613000743	1013.00	28.71	28.97	82.7	27.77	28.97	90.2	27.19	28.97	95.3	28.40	28.97	85.1
28/06/2018 1:19:04 PM	3613000744	1013.00	28.74	28.98	82.4	27.73	28.98	90.5	27.21	28.98	95.1	28.35	28.98	85.5
28/06/2018 1:19:05 PM	3613000745	1013.00	28.69	28.98	82.8	27.78	28.98	90.1	27.23	28.98	94.9	28.37	28.98	85.3
28/06/2018 1:19:06 PM	3613000746	1013.00	28.76	28.98	82.3	27.74	28.98	90.4	27.23	28.98	94.9	28.35	28.98	85.5
28/06/2018 1:19:07 PM	3613000747	1013.00	28.73	28.99	82.5	27.76	28.99	90.3	27.21	28.99	95.1	28.42	28.99	84.9
28/06/2018 1:19:08 PM	3613000748	1013.00	28.74	28.98	82.4	27.80	28.98	89.9	27.23	28.98	94.9	28.35	28.98	85.5
28/06/2018 1:19:09 PM	3613000749	1013.00	28.71	28.98	82.7	27.83	28.98	89.7	27.20	28.98	95.2	28.44	28.98	84.8
28/06/2018 1:19:10 PM	3613000750	1013.00	28.71	28.98	82.7	27.82	28.98	89.8	27.20	28.98	95.2	28.39	28.98	85.1
28/06/2018 1:19:11 PM	3613000751	1013.00	28.78	28.98	82.1	27.80	28.98	89.9	27.22	28.98	95.0	28.36	28.98	85.4
28/06/2018 1:19:12 PM	3613000752	1013.00	28.74	28.97	82.5	27.82	28.97	89.8	27.20	28.97	95.2	28.39	28.97	85.2
28/06/2018 1:19:13 PM	3613000753	1013.00	28.77	28.98	82.2	27.78	28.98	90.1	27.24	28.98	94.8	28.41	28.98	85.0
28/06/2018 1:19:14 PM	3613000754	1013.00	28.74	28.98	82.4	27.76	28.98	90.3	27.23	28.98	94.9	28.37	28.98	85.3
28/06/2018 1:19:15 PM	3613000755	1013.00	28.73	28.98	82.5	27.81	28.98	89.9	27.22	28.98	95.0	28.38	28.98	85.2
28/06/2018 1:19:16 PM	3613000756	1013.00	28.72	28.98	82.6	27.75	28.98	90.4	27.22	28.98	95.0	28.39	28.98	85.1
28/06/2018 1:19:17 PM	3613000757	1013.00	28.75	28.97	82.4	27.80	28.97	90.0	27.19	28.97	95.3	28.40	28.97	85.1
28/06/2018 1:19:18 PM	3613000758	1013.00	28.75	28.97	82.4	27.80	28.97	90.0	27.21	28.97	95.1	28.33	28.97	85.6
28/06/2018 1:19:19 PM	3613000759	1013.00	28.75	28.97	82.4	27.80	28.97	90.0	27.23	28.97	94.9	28.46	28.97	84.6
28/06/2018 1:19:20 PM	3613000760	1013.00	28.79	28.97	82.1	27.86	28.97	89.5	27.21	28.97	95.1	28.46	28.97	84.6
28/06/2018 1:19:21 PM	3613000761	1013.00	28.75	28.97	82.4	27.74	28.97	90.5	27.25	28.97	94.7	28.42	28.97	84.9
28/06/2018 1:19:22 PM	3613000762	1013.00	28.79	28.97	82.1	27.79	28.97	90.0	27.22	28.97	95.0	28.41	28.97	85.0
28/06/2018 1:19:23 PM	3613000763	1013.00	28.75	28.97	82.4	27.84	28.97	89.6	27.21	28.97	95.1	28.43	28.97	84.8
28/06/2018 1:19:24 PM	3613000764	1013.00	28.77	28.97	82.2	27.85	28.97	89.5	27.23	28.97	94.9	28.42	28.97	84.9
28/06/2018 1:19:25 PM	3613000765	1013.00	28.80	28.97	82.0	27.79	28.97	90.0	27.25	28.97	94.7	28.42	28.97	84.9
28/06/2018 1:19:26 PM	3613000766	1013.00	28.80	28.97	82.0	27.84	28.97	89.6	27.21	28.97	95.1	28.40	28.97	85.1
28/06/2018 1:19:27 PM	3613000767	1013.00	28.78	28.97	82.2	27.82	28.97	89.8	27.26	28.97	94.6	28.42	28.97	84.9
28/06/2018 1:19:28 PM	3613000768	1013.00	28.81	28.97	81.9	27.86	28.97	89.5	27.21	28.97	95.1	28.40	28.97	85.1
28/06/2018 1:19:29 PM	3613000769	1013.00	28.80	28.97	82.0	27.83	28.97	89.7	27.24	28.97	94.8	28.43	28.97	84.8
28/06/2018 1:19:30 PM	3613000770	1013.00	28.80	28.97	82.0	27.83	28.97	89.7	27.27	28.97	94.6	28.47	28.97	84.5
28/06/2018 1:19:31 PM	3613000771	1013.00	28.81	28.97	81.9	27.84	28.97	89.6	27.25	28.97	94.7	28.47	28.97	84.5
28/06/2018 1:19:32 PM	3613000772	1013.00	28.85	28.97	81.6	27.83	28.97	89.7	27.25	28.97	94.7	28.52	28.97	84.1
28/06/2018 1:19:33 PM	3613000773	1013.00	28.84	28.97	81.7	27.78	28.97	90.1	27.25	28.97	94.7	28.49	28.97	84.4
28/06/2018 1:19:34 PM	3613000774	1013.00	28.86	28.97	81.6	27.87	28.97	89.4	27.22	28.97	95.0	28.48	28.97	84.5
28/06/2018 1:19:35 PM	3613000775	1013.00	28.84	28.98	81.7	27.86	28.98	89.4	27.26	28.98	94.6	28.48	28.98	84.4
28/06/2018 1:19:36 PM	3613000776	1013.00	28.87	28.98	81.5	27.86	28.98	89.4	27.18	28.98	95.3	28.48	28.98	84.4
28/06/2018 1:19:37 PM	3613000777	1013.00	28.86	28.98	81.5	27.82	28.98	89.8	27.26	28.98	94.6	28.44	28.98	84.8
28/06/2018 1:19:38 PM	3613000778	1013.00	28.86	28.98	81.5	27.84	28.98	89.6	27.26	28.98	94.6	28.45	28.98	84.7
28/06/2018 1:19:39 PM	3613000779	1013.00	28.86	28.99	81.5	27.85	28.99	89.5	27.24	28.99	94.8	28.45	28.99	84.7
28/06/2018 1:19:40 PM	3613000780	1013.00	28.80	28.99	82.0	27.87	28.99	89.3	27.23	28.99	94.9	28.47	28.99	84.5
28/06/2018 1:19:41 PM	3613000781	1013.00	28.86	28.99	81.5	27.87	28.99	89.3	27.24	28.99	94.8	28.47	28.99	84.5
28/06/2018 1:19:42 PM	3613000782	1013.00	28.86	28.99	81.5	27.82	28.99	89.8	27.24	28.99	94.8	28.46	28.99	84.6
28/06/2018 1:19:43 PM	3613000783	1013.00	28.86	28.99	81.5	27.80	28.99	89.9	27.26	28.99	94.6	28.48	28.99	84.4
28/06/2018 1:19:44 PM	3613000784	1013.00	28.87	28.99	81.5	27.80	28.99	89.9	27.26	28.99	94.6	28.47	28.99	84.5
28/06/2018 1:19:45 PM	3613000785	1013.00	28.89	28.99	81.3	27.80	28.99	89.9	27.28	28.99	94.4	28.51	28.99	84.2
28/06/2018 1:19:46 PM	3613000786	1013.00	28.88	28.99	81.4	27.86	28.99	89.4	27.25	28.99	94.7	28.47	28.99	84.5
28/06/2018 1:19:47 PM	3613000787	1013.00	28.88	28.98	81.4	27.83	28.98	89.7	27.29	28.98	94.4	28.47	28.98	84.5
28/06/2018 1:19:48 PM	3613000788	1013.00	28.89	28.98	81.3	27.85	28.98	89.5	27.25	28.98	94.7	28.51	28.98	84.2
28/06/2018 1:19:49 PM	3613000789	1013.00	28.90	28.98	81.3	27.82	28.98	89.8	27.30	28.98	94.3	28.49	28.98	84.4
28/06/2018 1:19:50 PM	3613000790	1013.00	28.91	28.98	81.2	27.83	28.98	89.7	27.29	28.98	94.4	28.50	28.98	84.3
28/06/2018 1:19:51 PM	3613000791	1013.00	28.91	28.98	81.2	27.88	28.98	89.3	27.25	28.98	94.7	28.50	28.98	84.3
28/06/2018 1:19:52 PM	3613000792	1013.00	28.90	28.98	81.3	27.85	28.98	89.5	27.25	28.98	94.7	28.48	28.98	84.4
28/06/2018 1:19:53 PM	3613000793	1013.00	28.95	28.98	80.9	27.82	28.98	89.8	27.26	28.98	94.6	28.50	28.98	84.3
28/06/2018 1:19:54 PM	3613000794	1013.00	28.91	28.98	81.2	27.88	28.98	89.3	27.26	28.98	94.6	28.49	28.98	84.4
28/06/2018 1:19:55 PM	3613000795	1013.00	28.94	28.98	81.0	27.88	28.98	89.3	27.29	28.98	94.4	28.48	28.98	84.4
28/06/2018 1:19:56 PM	3613000796	1013.00	28.91	28.98	81.2	27.86	28.98	89.4	27.27	28.98	94.5	28.52	28.98	84.1
28/06/2018 1:19:57 PM	3613000797	1013.00	28.93	28.99	81.0	27.86	28.99	89.4	27.27	28.99	94.5	28.58	28.99	83.7
28/06/2018 1:19:58 PM	3613000798	1013.00	28.95	28.98	80.9	27.83	28.98	89.7	27.28	28.98	94.4	28.51	28.98	84.2
28/06/2018 1:19:59 PM	3613000799	1013.00	28.94	28.99	80.9	27.88	28.99	89.3	27.28	28.99	94.4	28.54	28.99	84.0
28/06/2018 1:20:00 PM	3613000800	1013.00	28.98	28.99	80.6	27.90	28.99	89.1	27.27	28.99	94.5	28.52	28.99	84.1
28/06/2018 1:20:00 PM	3613000800	1013.00	28.98	28.99	80.6	27.86	28.99	89.4	27.27	28.99	94.5	28.50	28.99	84.3
28/06/2018 1:20:02 PM	3613000802	1013.00	28.96	28.99	80.8	27.91	28.99	89.0	27.28	28.99	94.4	28.50	28.99	84.3
28/06/2018 1:20:03 PM	3613000803	1013.00	28.99	28.99	80.6	27.92	28.99	88.9	27.30	28.99	94.3	28.54	28.99	84.0
28/06/2018 1:20:04 PM	3613000804	1013.00	28.99	28.99	80.6	27.88	28.99	89.3	27.27	28.99	94.5	28.47	28.99	84.5
28/06/2018 1:20:05 PM	3613000805	1013.00	28.98	28.99	80.6	27.90	28.99	89.1	27.27	28.99	94.5	28.51	28.99	84.2
28/06/2018 1:20:06 PM	3613000806	1013.00	29.00	28.98	80.5	27.89	28.98	89.2	27.28	28.98	94.4	28.51	28.98	84.2
28/06/2018 1:20:07 PM	3613000807	1013.00	28.96	28.99	80.8	27.91	28.99	89.0	27.31	28.99	94.2	28.54	28.99	84.0
28/06/2018 1:20:08 PM	3613000808	1013.00	28.98	28.98	80.7	27.86	28.98	89.4	27.31	28.98	94.2	28.52	28.98	84.1
28/06/2018 1:20:09 PM	3613000809	1013.00	28.97	28.98	80.7	27.93	28.98	88.9	27.31	28.98	94.2	28.59	28.98	83.6
28/06/2018 1:20:10 PM	3613000810	1013.00	29.01	28.98	80.4	27.88	28.98	89.3	27.35	28.98	93.8	28.60	28.98	83.5
28/06/2018 1:20:11 PM	3613000811	1013.00	29.01	28.99	80.4	27.87	28.99	89.3	27.30	28.99	94.3	28.54	28.99	84.0
28/06/2018 1:20:12 PM	3613000812	1013.00	29.00	28.99	80.5	27.94	28.99	88.8	27.31	28.99	94.2	28.57	28.99	83.7
28/06/2018 1:20:13 PM	3613000813	1013.00	28.97	28.99	80.7	27.85	28.99	89.5	27.33	28.99	94.0	28.57	28.99	83.7
28/06/2018 1:20:14 PM	3613000814	1013.00	29.04	28.99	80.2	27.87	28.99	89.3	27.33	28.99	94.0	28.49	28.99	84.4
28/06/2018 1:20:15 PM	3613000815	1013.00	29.06	28.99	80.1	27.93	28.99	88.8	27.35	28.99	93.8	28.50	28.99	84.3
28/06/2018 1:20:16 PM	3613000816	1013.00	29.07	28.98	80.0	27.94	28.98	88.8	27.26	28.98	94.6	28.57	28.98	83.7
28/06/2018 1:20:17 PM	3613000817	1013.00	29.05	28.99	80.1	27.90	28.99	89.1	27.31	28.99	94.2	28.56	28.99	83.8
28/06/2018 1:20:18 PM	3613000818	1013.00	29.06	28.99	80.1	27.94	28.99	88.8	27.34	28.99	93.9	28.59	28.99	83.6
28/06/2018 1:20:19 PM	3613000819	1013.00	29.05	28.99	80.1	27.95	28.99	88.7	27.30	28.99	94.3	28.55	28.99	83.9
28/06/2018 1:20:20 PM	3613000820	1013.00	29.08	28.99	79.9	27.92	28.99	88.9	27.30	28.99	94.3	28.57	28.99	83.7
28/06/2018 1:20:21 PM	3613000821	1013.00	29.08	28.99	79.9	27.93	28.99	88.8	27.26	28.99	94.6	28.60	28.99	83.5
28/06/2018 1:20:22 PM	3613000822	1013.00	29.09	28.98	79.9	27.88	28.98	89.3	27.28	28.98	94.4	28.59	28.98	83.6
28/06/2018 1:20:23 PM	3613000823	1013.00	29.12	28.98	79.6	27.89	28.98	89.2	27.30	28.98	94.3	28.60	28.98	83.5
28/06/2018 1:20:24 PM	3613000824	1013.00	29.09	28.98	79.9	27.96	28.98	88.6	27.32	28.98	94.1	28.56	28.98	83.8
28/06/2018 1:20:25 PM	3613000825	1013.00	29.11	28.98	79.7	27.91	28.98	89.0	27.34	28.98	93.9	28.62	28.98	83.4
28/06/2018 1:20:26 PM	3613000826	1013.00	29.12	28.97	79.7	27.89	28.97	89.2	27.34	28.97	93.9	28.62	28.97	83.4
28/06/2018 1:20:27 PM	3613000827	1013.00	29.10	28.97	79.8	27.94	28.97	88.8	27.31	28.97	94.2	28.64	28.97	83.2
28/06/2018 1:20:28 PM	3613000828	1013.00	29.14	28.97	79.5	27.91	28.97	89.0	27.33	28.97	94.0	28.60	28.97	83.5
28/06/2018 1:20:29 PM	3613000829	1013.00	29.14	28.97	79.5	27.93	28.97	88.9	27.31	28.97	94.2	28.65	28.97	83.1
28/06/2018 1:20:30 PM	3613000830	1013.00	29.07	28.98	80.0	27.96	28.98	88.6	27.29	28.98	94.4	28.62	28.98	83.4
28/06/2018 1:20:31 PM	3613000831	1013.00	29.13	28.98	79.6	27.89	28.98	89.2	27.30	28.98	94.3	28.62	28.98	83.4
28/06/2018 1:20:32 PM	3613000832	1013.00	29.14	28.98	79.5	27.93	28.98	88.9	27.34	28.98	93.9	28.57	28.98	83.7
28/06/2018 1:20:33 PM	3613000833	1013.00	29.17	28.98	79.3	27.95	28.98	88.7	27.36	28.98	93.7	28.62	28.98	83.4
28/06/2018 1:20:34 PM	3613000834	1013.00	29.12	28.98	79.6	27.90	28.98	89.1	27.35	28.98	93.8	28.58	28.98	83.7
28/06/2018 1:20:35 PM	3613000835	1013.00	29.13	28.98	79.6	27.96	28.98	88.6	27.35	28.98	93.8	28.55	28.98	83.9
28/06/2018 1:20:36 PM	3613000836	1013.00	29.10	28.98	79.8	27.95	28.98	88.7	27.30	28.98	94.3	28.64	28.98	83.2
28/06/2018 1:20:37 PM	3613000837	1013.00	29.11	28.98	79.7	27.93	28.98	88.9	27.34	28.98	93.9	28.61	28.98	83.4
28/06/2018 1:20:38 PM	3613000838	1013.00	29.13	28.98	79.6	27.95	28.98	88.7	27.33	28.98	94.0	28.54	28.98	84.0
28/06/2018 1:20:39 PM	3613000839	1013.00	29.13	28.98	79.6	28.00	28.98	88.3	27.38	28.98	93.6	28.58	28.98	83.7
28/06/2018 1:20:40 PM	3613000840	1013.00	29.15	28.99	79.4	28.01	28.99	88.2	27.34	28.99	93.9	28.62	28.99	83.3
28/06/2018 1:20:41 PM	3613000841	1013.00	29.18	28.99	79.2	27.98	28.99	88.4	27.32	28.99	94.1	28.56	28.99	83.8
28/06/2018 1:20:42 PM	3613000842	1013.00	29.19	28.98	79.1	27.98	28.98	88.4	27.36	28.98	93.7	28.65	28.98	83.1
28/06/2018 1:20:43 PM	3613000843	1013.00	29.17	28.98	79.3	27.97	28.98	88.5	27.35	28.98	93.8	28.62	28.98	83.4
28/06/2018 1:20:44 PM	3613000844	1013.00	29.16	28.98	79.3	27.98	28.98	88.4	27.35	28.98	93.8	28.61	28.98	83.4
28/06/2018 1:20:45 PM	3613000845	1013.00	29.19	28.97	79.1	27.97	28.97	88.5	27.35	28.97	93.8	28.64	28.97	83.2
28/06/2018 1:20:46 PM	3613000846	1013.00	29.19	28.97	79.1	27.98	28.97	88.5	27.34	28.97	93.9	28.64	28.97	83.2
28/06/2018 1:20:47 PM	3613000847	1013.00	29.21	28.98	79.0	28.01	28.98	88.2	27.33	28.98	94.0	28.62	28.98	83.4
28/06/2018 1:20:48 PM	3613000848	1013.00	29.18	28.98	79.2	28.02	28.98	88.1	27.35	28.98	93.8	28.60	28.98	83.5
28/06/2018 1:20:49 PM	3613000849	1013.00	29.21	28.98	79.0	28.06	28.98	87.8	27.32	28.98	94.1	28.59	28.98	83.6
28/06/2018 1:20:50 PM	3613000850	1013.00	29.22	28.98	78.9	27.99	28.98	88.4	27.36	28.98	93.7	28.61	28.98	83.4
28/06/2018 1:20:51 PM	3613000851	1013.00	29.14	28.98	79.5	28.04	28.98	88.0	27.32	28.98	94.1	28.67	28.98	83.0
28/06/2018 1:20:52 PM	3613000852	1013.00	29.20	28.98	79.1	28.05	28.98	87.9	27.40	28.98	93.4	28.63	28.98	83.3
28/06/2018 1:20:53 PM	3613000853	1013.00	29.20	28.98	79.1	28.00	28.98	88.3	27.38	28.98	93.6	28.59	28.98	83.6
28/06/2018 1:20:54 PM	3613000854	1013.00	29.23	28.98	78.8	27.97	28.98	88.5	27.32	28.98	94.1	28.64	28.98	83.2
28/06/2018 1:20:55 PM	3613000855	1013.00	29.22	28.99	78.9	27.96	28.99	88.6	27.37	28.99	93.6	28.56	28.99	83.8
28/06/2018 1:20:56 PM	3613000856	1013.00	29.22	28.99	78.9	27.98	28.99	88.4	27.37	28.99	93.6	28.63	28.99	83.3
28/06/2018 1:20:57 PM	3613000857	1013.00	29.20	28.99	79.0	28.05	28.99	87.9	27.35	28.99	93.8	28.62	28.99	83.3
28/06/2018 1:20:58 PM	3613000858	1013.00	29.26	28.99	78.6	28.02	28.99	88.1	27.36	28.99	93.7	28.63	28.99	83.3
28/06/2018 1:20:59 PM	3613000859	1013.00	29.25	28.99	78.7	27.99	28.99	88.3	27.37	28.99	93.6	28.55	28.99	83.9
28/06/2018 1:21:00 PM	3613000860	1013.00	29.26	28.99	78.6	27.98	28.99	88.4	27.33	28.99	94.0	28.58	28.99	83.7
28/06/2018 1:21:00 PM	3613000860	1013.00	29.23	28.99	78.8	28.02	28.99	88.1	27.36	28.99	93.7	28.59	28.99	83.6
28/06/2018 1:21:02 PM	3613000862	1013.00	29.29	28.99	78.4	28.03	28.99	88.0	27.40	28.99	93.4	28.62	28.99	83.3
28/06/2018 1:21:03 PM	3613000863	1013.00	29.28	28.98	78.5	28.00	28.98	88.3	27.37	28.98	93.6	28.59	28.98	83.6
28/06/2018 1:21:04 PM	3613000864	1013.00	29.29	28.98	78.4	28.00	28.98	88.3	27.38	28.98	93.6	28.63	28.98	83.3
28/06/2018 1:21:05 PM	3613000865	1013.00	29.31	28.98	78.3	28.03	28.98	88.0	27.39	28.98	93.5	28.63	28.98	83.3
28/06/2018 1:21:06 PM	3613000866	1013.00	29.34	28.98	78.1	27.99	28.98	88.4	27.35	28.98	93.8	28.64	28.98	83.2
28/06/2018 1:21:07 PM	3613000867	1013.00	29.33	28.98	78.1	28.02	28.98	88.1	27.40	28.98	93.4	28.63	28.98	83.3
28/06/2018 1:21:08 PM	3613000868	1013.00	29.32	28.98	78.2	28.05	28.98	87.9	27.35	28.98	93.8	28.63	28.98	83.3
28/06/2018 1:21:09 PM	3613000869	1013.00	29.35	28.99	78.0	28.09	28.99	87.5	27.34	28.99	93.9	28.69	28.99	82.8
28/06/2018 1:21:10 PM	3613000870	1013.00	29.36	28.99	77.9	28.05	28.99	87.9	27.37	28.99	93.6	28.65	28.99	83.1
28/06/2018 1:21:11 PM	3613000871	1013.00	29.33	28.99	78.1	28.09	28.99	87.5	27.37	28.99	93.6	28.70	28.99	82.7
28/06/2018 1:21:12 PM	3613000872	1013.00	29.31	28.99	78.3	28.04	28.99	87.9	27.43	28.99	93.1	28.66	28.99	83.0
28/06/2018 1:21:13 PM	3613000873	1013.00	29.34	28.99	78.0	28.11	28.99	87.4	27.40	28.99	93.4	28.67	28.99	83.0
28/06/2018 1:21:14 PM	3613000874	1013.00	29.32	28.99	78.2	28.02	28.99	88.1	27.42	28.99	93.2	28.64	28.99	83.2
28/06/2018 1:21:15 PM	3613000875	1013.00	29.35	28.98	78.0	28.05	28.98	87.9	27.40	28.98	93.4	28.65	28.98	83.1
28/06/2018 1:21:16 PM	3613000876	1013.00	29.36	28.98	77.9	28.08	28.98	87.6	27.38	28.98	93.6	28.73	28.98	82.5
28/06/2018 1:21:17 PM	3613000877	1013.00	29.36	28.98	77.9	27.99	28.98	88.4	27.46	28.98	92.9	28.75	28.98	82.4
28/06/2018 1:21:18 PM	3613000878	1013.00	29.39	28.98	77.7	28.05	28.98	87.9	27.39	28.98	93.5	28.71	28.98	82.7
28/06/2018 1:21:19 PM	3613000879	1013.00	29.36	28.98	77.9	28.07	28.98	87.7	27.34	28.98	93.9	28.78	28.98	82.1
28/06/2018 1:21:20 PM	3613000880	1013.00	29.38	28.98	77.8	28.02	28.98	88.1	27.41	28.98	93.3	28.72	28.98	82.6
28/06/2018 1:21:21 PM	3613000881	1013.00	29.39	28.98	77.7	28.13	28.98	87.2	27.36	28.98	93.7	28.73	28.98	82.5
28/06/2018 1:21:22 PM	3613000882	1013.00	29.38	28.99	77.8	28.04	28.99	87.9	27.42	28.99	93.2	28.76	28.99	82.3
28/06/2018 1:21:23 PM	3613000883	1013.00	29.36	28.99	77.9	28.08	28.99	87.6	27.39	28.99	93.5	28.74	28.99	82.4
28/06/2018 1:21:24 PM	3613000884	1013.00	29.39	28.99	77.7	28.06	28.99	87.8	27.41	28.99	93.3	28.77	28.99	82.2
28/06/2018 1:21:25 PM	3613000885	1013.00	29.43	28.99	77.4	28.07	28.99	87.7	27.42	28.99	93.2	28.73	28.99	82.5
28/06/2018 1:21:26 PM	3613000886	1013.00	29.39	28.99	77.7	28.14	28.99	87.1	27.41	28.99	93.3	28.78	28.99	82.1
28/06/2018 1:21:27 PM	3613000887	1013.00	29.41	28.99	77.6	28.10	28.99	87.4	27.43	28.99	93.1	28.80	28.99	82.0
28/06/2018 1:21:28 PM	3613000888	1013.00	29.42	28.99	77.5	28.12	28.99	87.3	27.43	28.99	93.1	28.77	28.99	82.2
28/06/2018 1:21:29 PM	3613000889	1013.00	29.42	28.99	77.5	28.09	28.99	87.5	27.39	28.99	93.5	28.77	28.99	82.2
28/06/2018 1:21:30 PM	3613000890	1013.00	29.45	28.99	77.3	28.07	28.99	87.7	27.41	28.99	93.3	28.74	28.99	82.4
28/06/2018 1:21:31 PM	3613000891	1013.00	29.39	29.00	77.7	28.10	29.00	87.4	27.41	29.00	93.3	28.83	29.00	81.7
28/06/2018 1:21:32 PM	3613000892	1013.00	29.46	28.99	77.2	28.10	28.99	87.4	27.39	28.99	93.5	28.76	28.99	82.3
28/06/2018 1:21:33 PM	3613000893	1013.00	29.47	28.99	77.1	28.12	28.99	87.3	27.40	28.99	93.4	28.78	28.99	82.1
28/06/2018 1:21:34 PM	3613000894	1013.00	29.46	28.99	77.2	28.10	28.99	87.4	27.40	28.99	93.4	28.81	28.99	81.9
28/06/2018 1:21:35 PM	3613000895	1013.00	29.47	28.99	77.1	28.12	28.99	87.3	27.40	28.99	93.4	28.81	28.99	81.9
28/06/2018 1:21:36 PM	3613000896	1013.00	29.44	28.98	77.4	28.12	28.98	87.3	27.42	28.98	93.2	28.83	28.98	81.8
28/06/2018 1:21:37 PM	3613000897	1013.00	29.46	28.98	77.2	28.08	28.98	87.6	27.43	28.98	93.1	28.76	28.98	82.3
28/06/2018 1:21:38 PM	3613000898	1013.00	29.47	28.98	77.1	28.10	28.98	87.5	27.41	28.98	93.3	28.84	28.98	81.7
28/06/2018 1:21:39 PM	3613000899	1013.00	29.48	28.97	77.1	28.18	28.97	86.8	27.43	28.97	93.1	28.82	28.97	81.9
28/06/2018 1:21:40 PM	3613000900	1013.00	29.47	28.97	77.2	28.04	28.97	88.0	27.45	28.97	93.0	28.84	28.97	81.7
28/06/2018 1:21:41 PM	3613000901	1013.00	29.46	28.98	77.2	28.07	28.98	87.7	27.42	28.98	93.2	28.83	28.98	81.8
28/06/2018 1:21:42 PM	3613000902	1013.00	29.47	28.98	77.1	28.15	28.98	87.1	27.44	28.98	93.0	28.85	28.98	81.6
28/06/2018 1:21:43 PM	3613000903	1013.00	29.47	28.98	77.1	28.18	28.98	86.8	27.46	28.98	92.9	28.82	28.98	81.8
28/06/2018 1:21:44 PM	3613000904	1013.00	29.48	28.98	77.1	28.10	28.98	87.5	27.48	28.98	92.7	28.89	28.98	81.3
28/06/2018 1:21:45 PM	3613000905	1013.00	29.50	28.98	76.9	28.12	28.98	87.3	27.44	28.98	93.0	28.81	28.98	81.9
28/06/2018 1:21:46 PM	3613000906	1013.00	29.50	28.98	76.9	28.12	28.98	87.3	27.42	28.98	93.2	28.86	28.98	81.5
28/06/2018 1:21:47 PM	3613000907	1013.00	29.56	28.98	76.5	28.12	28.98	87.3	27.43	28.98	93.1	28.80	28.98	82.0
28/06/2018 1:21:48 PM	3613000908	1013.00	29.53	28.98	76.7	28.11	28.98	87.4	27.47	28.98	92.8	28.83	28.98	81.8
28/06/2018 1:21:49 PM	3613000909	1013.00	29.51	28.98	76.9	28.04	28.98	88.0	27.46	28.98	92.9	28.91	28.98	81.2
28/06/2018 1:21:50 PM	3613000910	1013.00	29.53	28.98	76.7	28.16	28.98	87.0	27.48	28.98	92.7	28.87	28.98	81.5
28/06/2018 1:21:51 PM	3613000911	1013.00	29.53	28.99	76.7	28.09	28.99	87.5	27.45	28.99	92.9	28.87	28.99	81.5
28/06/2018 1:21:52 PM	3613000912	1013.00	29.55	28.99	76.6	28.12	28.99	87.3	27.42	28.99	93.2	28.85	28.99	81.6
28/06/2018 1:21:53 PM	3613000913	1013.00	29.53	28.99	76.7	28.10	28.99	87.4	27.42	28.99	93.2	28.86	28.99	81.5
28/06/2018 1:21:54 PM	3613000914	1013.00	29.54	28.99	76.6	28.18	28.99	86.8	27.43	28.99	93.1	28.88	28.99	81.4
28/06/2018 1:21:55 PM	3613000915	1013.00	29.50	28.99	76.9	28.11	28.99	87.4	27.48	28.99	92.7	28.88	28.99	81.4
28/06/2018 1:21:56 PM	3613000916	1013.00	29.52	28.98	76.8	28.17	28.98	86.9	27.40	28.98	93.4	28.88	28.98	81.4
28/06/2018 1:21:57 PM	3613000917	1013.00	29.56	28.98	76.5	28.06	28.98	87.8	27.46	28.98	92.9	28.87	28.98	81.5
28/06/2018 1:21:58 PM	3613000918	1013.00	29.52	28.99	76.8	28.13	28.99	87.2	27.46	28.99	92.8	28.87	28.99	81.5
28/06/2018 1:21:59 PM	3613000919	1013.00	29.51	28.99	76.9	28.18	28.99	86.8	27.46	28.99	92.8	28.90	28.99	81.2
28/06/2018 1:22:00 PM	3613000920	1013.00	29.55	28.99	76.6	28.16	28.99	87.0	27.45	28.99	92.9	28.87	28.99	81.5
28/06/2018 1:22:00 PM	3613000920	1013.00	29.53	29.00	76.7	28.17	29.00	86.9	27.48	29.00	92.6	28.87	29.00	81.4
28/06/2018 1:22:02 PM	3613000922	1013.00	29.56	28.99	76.5	28.15	28.99	87.0	27.46	28.99	92.8	28.89	28.99	81.3
28/06/2018 1:22:03 PM	3613000923	1013.00	29.54	28.98	76.7	28.15	28.98	87.1	27.46	28.98	92.9	28.93	28.98	81.0
28/06/2018 1:22:04 PM	3613000924	1013.00	29.59	28.98	76.3	28.16	28.98	87.0	27.46	28.98	92.9	28.91	28.98	81.2
28/06/2018 1:22:05 PM	3613000925	1013.00	29.58	28.98	76.4	28.16	28.98	87.0	27.48	28.98	92.7	28.93	28.98	81.0
28/06/2018 1:22:06 PM	3613000926	1013.00	29.60	28.97	76.3	28.18	28.97	86.8	27.49	28.97	92.6	28.94	28.97	81.0
28/06/2018 1:22:07 PM	3613000927	1013.00	29.61	28.97	76.2	28.17	28.97	86.9	27.51	28.97	92.4	28.94	28.97	81.0
28/06/2018 1:22:08 PM	3613000928	1013.00	29.61	28.97	76.2	28.17	28.97	86.9	27.39	28.97	93.5	28.94	28.97	81.0
28/06/2018 1:22:09 PM	3613000929	1013.00	29.59	28.97	76.3	28.15	28.97	87.1	27.48	28.97	92.7	28.93	28.97	81.0
28/06/2018 1:22:10 PM	3613000930	1013.00	29.60	28.98	76.2	28.17	28.98	86.9	27.52	28.98	92.3	28.96	28.98	80.8
28/06/2018 1:22:11 PM	3613000931	1013.00	29.61	28.98	76.2	28.22	28.98	86.5	27.45	28.98	92.9	28.94	28.98	81.0
28/06/2018 1:22:12 PM	3613000932	1013.00	29.59	28.99	76.3	28.22	28.99	86.5	27.48	28.99	92.7	28.96	28.99	80.8
28/06/2018 1:22:13 PM	3613000933	1013.00	29.62	28.99	76.1	28.13	28.99	87.2	27.51	28.99	92.4	28.98	28.99	80.6
28/06/2018 1:22:14 PM	3613000934	1013.00	29.64	28.99	76.0	28.19	28.99	86.7	27.45	28.99	92.9	29.00	28.99	80.5
28/06/2018 1:22:15 PM	3613000935	1013.00	29.63	28.98	76.0	28.18	28.98	86.8	27.50	28.98	92.5	28.98	28.98	80.7
28/06/2018 1:22:16 PM	3613000936	1013.00	29.65	28.99	75.9	28.20	28.99	86.6	27.49	28.99	92.6	29.02	28.99	80.4
28/06/2018 1:22:17 PM	3613000937	1013.00	29.67	28.98	75.8	28.15	28.98	87.1	27.48	28.98	92.7	28.98	28.98	80.7
28/06/2018 1:22:18 PM	3613000938	1013.00	29.67	28.98	75.8	28.19	28.98	86.7	27.49	28.98	92.6	28.96	28.98	80.8
28/06/2018 1:22:19 PM	3613000939	1013.00	29.62	28.98	76.1	28.17	28.98	86.9	27.52	28.98	92.3	29.00	28.98	80.5
28/06/2018 1:22:20 PM	3613000940	1013.00	29.62	28.98	76.1	28.18	28.98	86.8	27.47	28.98	92.8	29.01	28.98	80.4
28/06/2018 1:22:21 PM	3613000941	1013.00	29.66	28.97	75.9	28.19	28.97	86.8	27.52	28.97	92.3	29.04	28.97	80.2
28/06/2018 1:22:22 PM	3613000942	1013.00	29.65	28.98	75.9	28.25	28.98	86.3	27.53	28.98	92.2	29.08	28.98	79.9
28/06/2018 1:22:23 PM	3613000943	1013.00	29.67	28.98	75.8	28.24	28.98	86.3	27.48	28.98	92.7	29.08	28.98	79.9
28/06/2018 1:22:24 PM	3613000944	1013.00	29.71	28.98	75.5	28.24	28.98	86.3	27.49	28.98	92.6	29.00	28.98	80.5
28/06/2018 1:22:25 PM	3613000945	1013.00	29.69	28.98	75.6	28.21	28.98	86.6	27.52	28.98	92.3	28.98	28.98	80.7
28/06/2018 1:22:26 PM	3613000946	1013.00	29.69	28.98	75.6	28.28	28.98	86.0	27.56	28.98	92.0	29.07	28.98	80.0
28/06/2018 1:22:27 PM	3613000947	1013.00	29.67	28.98	75.8	28.22	28.98	86.5	27.54	28.98	92.2	29.03	28.98	80.3
28/06/2018 1:22:28 PM	3613000948	1013.00	29.69	28.98	75.6	28.30	28.98	85.9	27.48	28.98	92.7	29.06	28.98	80.1
28/06/2018 1:22:29 PM	3613000949	1013.00	29.67	28.97	75.8	28.22	28.97	86.5	27.54	28.97	92.2	29.04	28.97	80.2
28/06/2018 1:22:30 PM	3613000950	1013.00	29.71	28.97	75.5	28.25	28.97	86.3	27.57	28.97	91.9	29.11	28.97	79.7
28/06/2018 1:22:31 PM	3613000951	1013.00	29.71	28.97	75.5	28.25	28.97	86.3	27.51	28.97	92.4	29.12	28.97	79.7
28/06/2018 1:22:32 PM	3613000952	1013.00	29.75	28.97	75.2	28.24	28.97	86.4	27.55	28.97	92.1	29.12	28.97	79.7
28/06/2018 1:22:33 PM	3613000953	1013.00	29.74	28.98	75.3	28.27	28.98	86.1	27.50	28.98	92.5	29.17	28.98	79.3
28/06/2018 1:22:34 PM	3613000954	1013.00	29.73	28.98	75.4	28.23	28.98	86.4	27.53	28.98	92.2	29.14	28.98	79.5
28/06/2018 1:22:35 PM	3613000955	1013.00	29.70	28.98	75.6	28.21	28.98	86.6	27.50	28.98	92.5	29.17	28.98	79.3
28/06/2018 1:22:36 PM	3613000956	1013.00	29.66	28.98	75.8	28.27	28.98	86.1	27.48	28.98	92.7	29.17	28.98	79.3
28/06/2018 1:22:37 PM	3613000957	1013.00	29.71	28.99	75.5	28.31	28.99	85.8	27.52	28.99	92.3	29.14	28.99	79.5
28/06/2018 1:22:38 PM	3613000958	1013.00	29.70	28.98	75.6	28.28	28.98	86.0	27.51	28.98	92.4	29.19	28.98	79.1
28/06/2018 1:22:39 PM	3613000959	1013.00	29.68	28.98	75.7	28.26	28.98	86.2	27.59	28.98	91.7	29.23	28.98	78.8
28/06/2018 1:22:40 PM	3613000960	1013.00	29.75	28.98	75.2	28.23	28.98	86.4	27.53	28.98	92.2	29.26	28.98	78.6
28/06/2018 1:22:41 PM	3613000961	1013.00	29.72	28.99	75.4	28.22	28.99	86.5	27.53	28.99	92.2	29.27	28.99	78.5
28/06/2018 1:22:42 PM	3613000962	1013.00	29.77	28.98	75.1	28.26	28.98	86.2	27.51	28.98	92.4	29.23	28.98	78.8
28/06/2018 1:22:43 PM	3613000963	1013.00	29.74	28.98	75.3	28.31	28.98	85.8	27.52	28.98	92.3	29.26	28.98	78.6
28/06/2018 1:22:44 PM	3613000964	1013.00	29.72	28.99	75.4	28.28	28.99	86.0	27.51	28.99	92.4	29.20	28.99	79.0
28/06/2018 1:22:45 PM	3613000965	1013.00	29.72	28.99	75.4	28.27	28.99	86.1	27.58	28.99	91.8	29.28	28.99	78.5
28/06/2018 1:22:46 PM	3613000966	1013.00	29.74	28.99	75.3	28.20	28.99	86.6	27.56	28.99	92.0	29.26	28.99	78.6
28/06/2018 1:22:47 PM	3613000967	1013.00	29.69	28.99	75.6	28.27	28.99	86.1	27.53	28.99	92.2	29.27	28.99	78.5
28/06/2018 1:22:48 PM	3613000968	1013.00	29.79	28.99	74.9	28.32	28.99	85.7	27.58	28.99	91.8	29.32	28.99	78.2
28/06/2018 1:22:49 PM	3613000969	1013.00	29.78	28.98	75.0	28.31	28.98	85.8	27.56	28.98	92.0	29.33	28.98	78.1
28/06/2018 1:22:50 PM	3613000970	1013.00	29.77	28.98	75.1	28.30	28.98	85.9	27.55	28.98	92.1	29.30	28.98	78.3
28/06/2018 1:22:51 PM	3613000971	1013.00	29.80	28.97	74.9	28.31	28.97	85.8	27.55	28.97	92.1	29.30	28.97	78.4
28/06/2018 1:22:52 PM	3613000972	1013.00	29.79	28.98	75.0	28.27	28.98	86.1	27.55	28.98	92.1	29.31	28.98	78.3
28/06/2018 1:22:53 PM	3613000973	1013.00	29.79	28.97	75.0	28.30	28.97	85.9	27.53	28.97	92.3	29.28	28.97	78.5
28/06/2018 1:22:54 PM	3613000974	1013.00	29.78	28.98	75.0	28.31	28.98	85.8	27.55	28.98	92.1	29.24	28.98	78.8
28/06/2018 1:22:55 PM	3613000975	1013.00	29.75	28.98	75.2	28.29	28.98	85.9	27.55	28.98	92.1	29.36	28.98	77.9
28/06/2018 1:22:56 PM	3613000976	1013.00	29.77	28.99	75.1	28.33	28.99	85.6	27.58	28.99	91.8	29.33	28.99	78.1
28/06/2018 1:22:57 PM	3613000977	1013.00	29.76	28.99	75.1	28.37	28.99	85.3	27.57	28.99	91.9	29.35	28.99	78.0
28/06/2018 1:22:58 PM	3613000978	1013.00	29.77	28.99	75.1	28.33	28.99	85.6	27.55	28.99	92.1	29.28	28.99	78.5
28/06/2018 1:22:59 PM	3613000979	1013.00	29.77	28.99	75.1	28.38	28.99	85.2	27.59	28.99	91.7	29.35	28.99	78.0
28/06/2018 1:23:00 PM	3613000980	1013.00	29.73	28.99	75.3	28.38	28.99	85.2	27.55	28.99	92.1	29.35	28.99	78.0
28/06/2018 1:23:00 PM	3613000980	1013.00	29.80	28.99	74.9	28.34	28.99	85.5	27.58	28.99	91.8	29.36	28.99	77.9
28/06/2018 1:23:02 PM	3613000982	1013.00	29.83	28.99	74.7	28.37	28.99	85.3	27.58	28.99	91.8	29.37	28.99	77.8
28/06/2018 1:23:03 PM	3613000983	1013.00	29.78	28.99	75.0	28.34	28.99	85.5	27.59	28.99	91.7	29.39	28.99	77.7
28/06/2018 1:23:04 PM	3613000984	1013.00	29.84	28.98	74.6	28.32	28.98	85.7	27.53	28.98	92.2	29.41	28.98	77.6
28/06/2018 1:23:05 PM	3613000985	1013.00	29.83	28.99	74.7	28.33	28.99	85.6	27.59	28.99	91.7	29.39	28.99	77.7
28/06/2018 1:23:06 PM	3613000986	1013.00	29.83	28.98	74.7	28.33	28.98	85.6	27.58	28.98	91.8	29.39	28.98	77.7
28/06/2018 1:23:07 PM	3613000987	1013.00	29.82	28.98	74.8	28.33	28.98	85.6	27.64	28.98	91.3	29.38	28.98	77.8
28/06/2018 1:23:08 PM	3613000988	1013.00	29.84	28.99	74.6	28.40	28.99	85.1	27.59	28.99	91.7	29.43	28.99	77.4
28/06/2018 1:23:09 PM	3613000989	1013.00	29.82	28.99	74.7	28.34	28.99	85.5	27.59	28.99	91.7	29.38	28.99	77.8
28/06/2018 1:23:10 PM	3613000990	1013.00	29.90	28.99	74.2	28.29	28.99	85.9	27.63	28.99	91.4	29.38	28.99	77.8
28/06/2018 1:23:11 PM	3613000991	1013.00	29.80	28.99	74.9	28.32	28.99	85.7	27.57	28.99	91.9	29.39	28.99	77.7
28/06/2018 1:23:12 PM	3613000992	1013.00	29.88	29.00	74.3	28.40	29.00	85.0	27.57	29.00	91.9	29.45	29.00	77.3
28/06/2018 1:23:13 PM	3613000993	1013.00	29.88	29.00	74.3	28.36	29.00	85.4	27.59	29.00	91.7	29.44	29.00	77.3
28/06/2018 1:23:14 PM	3613000994	1013.00	29.88	29.00	74.3	28.36	29.00	85.4	27.60	29.00	91.6	29.40	29.00	77.6
28/06/2018 1:23:15 PM	3613000995	1013.00	29.86	28.99	74.5	28.35	28.99	85.4	27.59	28.99	91.7	29.43	28.99	77.4
28/06/2018 1:23:16 PM	3613000996	1013.00	29.88	28.99	74.3	28.36	28.99	85.4	27.62	28.99	91.5	29.40	28.99	77.6
28/06/2018 1:23:17 PM	3613000997	1013.00	29.90	28.99	74.2	28.39	28.99	85.1	27.65	28.99	91.2	29.39	28.99	77.7
28/06/2018 1:23:18 PM	3613000998	1013.00	29.89	28.99	74.3	28.39	28.99	85.1	27.63	28.99	91.4	29.42	28.99	77.5
28/06/2018 1:23:19 PM	3613000999	1013.00	29.88	28.99	74.3	28.40	28.99	85.1	27.57	28.99	91.9	29.39	28.99	77.7
28/06/2018 1:23:20 PM	3613001000	1013.00	29.91	28.99	74.1	28.43	28.99	84.8	27.59	28.99	91.7	29.43	28.99	77.4
28/06/2018 1:23:21 PM	3613001001	1013.00	29.89	28.99	74.3	28.36	28.99	85.4	27.58	28.99	91.8	29.46	28.99	77.2
28/06/2018 1:23:22 PM	3613001002	1013.00	29.94	28.99	73.9	28.37	28.99	85.3	27.61	28.99	91.5	29.41	28.99	77.6
28/06/2018 1:23:23 PM	3613001003	1013.00	29.91	28.99	74.1	28.39	28.99	85.1	27.66	28.99	91.1	29.40	28.99	77.6
28/06/2018 1:23:24 PM	3613001004	1013.00	29.95	28.99	73.9	28.37	28.99	85.3	27.60	28.99	91.6	29.46	28.99	77.2
28/06/2018 1:23:25 PM	3613001005	1013.00	29.89	29.00	74.3	28.32	29.00	85.7	27.65	29.00	91.2	29.43	29.00	77.4
28/06/2018 1:23:26 PM	3613001006	1013.00	29.95	29.00	73.9	28.43	29.00	84.8	27.62	29.00	91.4	29.40	29.00	77.6
28/06/2018 1:23:27 PM	3613001007	1013.00	29.95	29.00	73.9	28.39	29.00	85.1	27.66	29.00	91.1	29.45	29.00	77.3
28/06/2018 1:23:28 PM	3613001008	1013.00	29.92	29.00	74.1	28.42	29.00	84.9	27.60	29.00	91.6	29.45	29.00	77.3
28/06/2018 1:23:29 PM	3613001009	1013.00	29.99	29.00	73.6	28.38	29.00	85.2	27.57	29.00	91.9	29.46	29.00	77.2
28/06/2018 1:23:30 PM	3613001010	1013.00	29.98	29.00	73.7	28.39	29.00	85.1	27.62	29.00	91.4	29.48	29.00	77.1
28/06/2018 1:23:31 PM	3613001011	1013.00	29.98	29.00	73.7	28.41	29.00	85.0	27.64	29.00	91.3	29.43	29.00	77.4
28/06/2018 1:23:32 PM	3613001012	1013.00	29.99	29.00	73.6	28.40	29.00	85.0	27.63	29.00	91.4	29.44	29.00	77.3
28/06/2018 1:23:33 PM	3613001013	1013.00	30.02	29.00	73.4	28.44	29.00	84.7	27.64	29.00	91.3	29.48	29.00	77.1
28/06/2018 1:23:33 PM	3613001013	1013.00	30.01	29.00	73.5	28.43	29.00	84.8	27.63	29.00	91.4	29.45	29.00	77.3
28/06/2018 1:23:35 PM	3613001015	1013.00	30.00	29.00	73.5	28.37	29.00	85.3	27.62	29.00	91.4	29.50	29.00	76.9
28/06/2018 1:23:36 PM	3613001016	1013.00	30.04	28.99	73.3	28.38	28.99	85.2	27.67	28.99	91.0	29.52	28.99	76.8
28/06/2018 1:23:37 PM	3613001017	1013.00	29.97	28.99	73.7	28.47	28.99	84.5	27.66	28.99	91.1	29.48	28.99	77.1
28/06/2018 1:23:38 PM	3613001018	1013.00	29.98	28.99	73.7	28.38	28.99	85.2	27.66	28.99	91.1	29.51	28.99	76.9
28/06/2018 1:23:39 PM	3613001019	1013.00	30.02	28.99	73.4	28.44	28.99	84.7	27.68	28.99	90.9	29.43	28.99	77.4
28/06/2018 1:23:40 PM	3613001020	1013.00	30.03	28.99	73.3	28.41	28.99	85.0	27.65	28.99	91.2	29.53	28.99	76.7
28/06/2018 1:23:41 PM	3613001021	1013.00	30.03	28.99	73.3	28.43	28.99	84.8	27.64	28.99	91.3	29.46	28.99	77.2
28/06/2018 1:23:42 PM	3613001022	1013.00	30.03	28.98	73.4	28.44	28.98	84.8	27.67	28.98	91.0	29.48	28.98	77.1
28/06/2018 1:23:43 PM	3613001023	1013.00	30.07	28.99	73.1	28.53	28.99	84.0	27.65	28.99	91.2	29.48	28.99	77.1
28/06/2018 1:23:44 PM	3613001024	1013.00	30.01	28.99	73.5	28.48	28.99	84.4	27.67	28.99	91.0	29.51	28.99	76.9
28/06/2018 1:23:45 PM	3613001025	1013.00	30.01	28.99	73.5	28.40	28.99	85.1	27.65	28.99	91.2	29.54	28.99	76.6
28/06/2018 1:23:46 PM	3613001026	1013.00	30.05	28.99	73.2	28.46	28.99	84.6	27.65	28.99	91.2	29.52	28.99	76.8
28/06/2018 1:23:47 PM	3613001027	1013.00	30.05	28.99	73.2	28.41	28.99	85.0	27.63	28.99	91.4	29.49	28.99	77.0
28/06/2018 1:23:48 PM	3613001028	1013.00	30.04	28.99	73.3	28.50	28.99	84.3	27.71	28.99	90.7	29.52	28.99	76.8
28/06/2018 1:23:49 PM	3613001029	1013.00	30.06	28.98	73.2	28.52	28.98	84.1	27.64	28.98	91.3	29.50	28.98	76.9
28/06/2018 1:23:50 PM	3613001030	1013.00	30.07	28.99	73.1	28.49	28.99	84.4	27.65	28.99	91.2	29.51	28.99	76.9
28/06/2018 1:23:51 PM	3613001031	1013.00	30.04	28.99	73.3	28.48	28.99	84.4	27.64	28.99	91.3	29.49	28.99	77.0
28/06/2018 1:23:52 PM	3613001032	1013.00	30.05	28.99	73.2	28.54	28.99	84.0	27.65	28.99	91.2	29.56	28.99	76.5
28/06/2018 1:23:53 PM	3613001033	1013.00	30.11	29.00	72.8	28.50	29.00	84.3	27.65	29.00	91.2	29.54	29.00	76.6
28/06/2018 1:23:54 PM	3613001034	1013.00	30.11	29.00	72.8	28.56	29.00	83.8	27.66	29.00	91.1	29.55	29.00	76.6
