Date & time of file creation	28/06/2018 10:18 AM													
Data file path	C:\Users\ameli\Desktop\Diego Barneche\28_06_2018\32_C_new_witrox_18.txt													
														
														
CALIBRATION DATA														
Parameter/Channel	N moving average	LO phase [r.U.]	HI phase [r.U.]	LO oxygen [%air saturation]	HI oxygen [%air saturation]	LO temperature [°C]	HI temperature [°C]	Salinity [‰]						
SDWD0003000199      , CH 1	1	59.07	26.13	0.00	100.00	32.11	32.13	0.000						
SDWD0003000199      , CH 2	1	59.07	26.13	0.00	100.00	32.11	32.13	0.000						
SDWD0003000199      , CH 3	1	59.07	26.13	0.00	100.00	32.11	32.13	0.000						
SDWD0003000199      , CH 4	1	59.07	26.13	0.00	100.00	32.11	32.13	0.000						
														
														
Date &Time [DD-MM-YYYY HH:MM:SS]	Time stamp code	Barometric pressure [hPa]	SDWD0003000199      , CH 1 phase [r.U.]	SDWD0003000199      , CH 1 temp [°C]	SDWD0003000199      , CH 1 O2 [% air saturation]	SDWD0003000199      , CH 2 phase [r.U.]	SDWD0003000199      , CH 2 temp [°C]	SDWD0003000199      , CH 2 O2 [% air saturation]	SDWD0003000199      , CH 3 phase [r.U.]	SDWD0003000199      , CH 3 temp [°C]	SDWD0003000199      , CH 3 O2 [% air saturation]	SDWD0003000199      , CH 4 phase [r.U.]	SDWD0003000199      , CH 4 temp [°C]	SDWD0003000199      , CH 4 O2 [% air saturation]
28/06/2018 10:19:37 AM	3612989977	1013.00	26.92	31.98	92.9	26.63	31.98	95.5	26.40	31.98	97.7	26.14	31.98	100.2
28/06/2018 10:19:38 AM	3612989978	1013.00	26.95	31.98	92.6	26.60	31.98	95.8	26.35	31.98	98.1	26.17	31.98	99.9
28/06/2018 10:19:39 AM	3612989979	1013.00	26.99	31.98	92.3	26.60	31.98	95.8	26.38	31.98	97.9	26.18	31.98	99.8
28/06/2018 10:19:40 AM	3612989980	1013.00	26.95	31.98	92.6	26.56	31.98	96.2	26.38	31.98	97.9	26.14	31.98	100.2
28/06/2018 10:19:41 AM	3612989981	1013.00	26.94	31.98	92.7	26.64	31.98	95.4	26.34	31.98	98.2	26.17	31.98	99.9
28/06/2018 10:19:42 AM	3612989982	1013.00	26.96	31.99	92.5	26.63	31.99	95.5	26.39	31.99	97.7	26.22	31.99	99.4
28/06/2018 10:19:43 AM	3612989983	1013.00	26.97	31.99	92.5	26.59	31.99	95.9	26.34	31.99	98.2	26.19	31.99	99.7
28/06/2018 10:19:44 AM	3612989984	1013.00	26.94	31.99	92.7	26.67	31.99	95.1	26.35	31.99	98.1	26.20	31.99	99.6
28/06/2018 10:19:45 AM	3612989985	1013.00	26.94	31.99	92.7	26.57	31.99	96.1	26.41	31.99	97.6	26.21	31.99	99.5
28/06/2018 10:19:46 AM	3612989986	1013.00	27.00	31.99	92.2	26.62	31.99	95.6	26.35	31.99	98.1	26.14	31.99	100.1
28/06/2018 10:19:47 AM	3612989987	1013.00	26.93	31.99	92.8	26.62	31.99	95.6	26.33	31.99	98.3	26.19	31.99	99.7
28/06/2018 10:19:48 AM	3612989988	1013.00	26.96	31.99	92.5	26.68	31.99	95.1	26.39	31.99	97.7	26.16	31.99	99.9
28/06/2018 10:19:49 AM	3612989989	1013.00	26.95	31.99	92.6	26.61	31.99	95.7	26.39	31.99	97.7	26.22	31.99	99.4
28/06/2018 10:19:50 AM	3612989990	1013.00	26.95	31.99	92.6	26.59	31.99	95.9	26.42	31.99	97.5	26.16	31.99	99.9
28/06/2018 10:19:51 AM	3612989991	1013.00	26.94	31.99	92.7	26.63	31.99	95.5	26.41	31.99	97.6	26.18	31.99	99.7
28/06/2018 10:19:52 AM	3612989992	1013.00	26.94	31.99	92.7	26.63	31.99	95.5	26.33	31.99	98.3	26.18	31.99	99.7
28/06/2018 10:19:53 AM	3612989993	1013.00	26.96	31.98	92.6	26.64	31.98	95.4	26.28	31.98	98.8	26.21	31.98	99.5
28/06/2018 10:19:54 AM	3612989994	1013.00	26.96	31.98	92.6	26.56	31.98	96.2	26.42	31.98	97.5	26.18	31.98	99.8
28/06/2018 10:19:55 AM	3612989995	1013.00	26.93	31.98	92.8	26.64	31.98	95.4	26.39	31.98	97.8	26.13	31.98	100.3
28/06/2018 10:19:56 AM	3612989996	1013.00	26.95	31.98	92.6	26.68	31.98	95.1	26.36	31.98	98.0	26.19	31.98	99.7
28/06/2018 10:19:57 AM	3612989997	1013.00	26.97	31.98	92.5	26.64	31.98	95.4	26.42	31.98	97.5	26.21	31.98	99.5
28/06/2018 10:19:58 AM	3612989998	1013.00	26.97	31.98	92.5	26.62	31.98	95.6	26.38	31.98	97.9	26.21	31.98	99.5
28/06/2018 10:19:59 AM	3612989999	1013.00	26.92	31.98	92.9	26.62	31.98	95.6	26.32	31.98	98.4	26.19	31.98	99.7
28/06/2018 10:20:00 AM	3612990000	1013.00	26.95	31.98	92.6	26.71	31.98	94.8	26.34	31.98	98.2	26.20	31.98	99.6
28/06/2018 10:20:01 AM	3612990001	1013.00	26.93	31.98	92.8	26.65	31.98	95.3	26.39	31.98	97.8	26.16	31.98	100.0
28/06/2018 10:20:02 AM	3612990002	1013.00	26.95	31.98	92.6	26.62	31.98	95.6	26.40	31.98	97.7	26.22	31.98	99.4
28/06/2018 10:20:03 AM	3612990003	1013.00	26.97	31.98	92.5	26.69	31.98	95.0	26.42	31.98	97.5	26.21	31.98	99.5
28/06/2018 10:20:04 AM	3612990004	1013.00	26.96	31.98	92.6	26.53	31.98	96.4	26.36	31.98	98.0	26.26	31.98	99.0
28/06/2018 10:20:05 AM	3612990005	1013.00	26.97	31.98	92.5	26.72	31.98	94.7	26.38	31.98	97.9	26.19	31.98	99.7
28/06/2018 10:20:06 AM	3612990006	1013.00	26.98	31.98	92.4	26.60	31.98	95.8	26.42	31.98	97.5	26.15	31.98	100.1
28/06/2018 10:20:07 AM	3612990007	1013.00	26.96	31.98	92.6	26.67	31.98	95.2	26.40	31.98	97.7	26.22	31.98	99.4
28/06/2018 10:20:08 AM	3612990008	1013.00	27.02	31.98	92.0	26.59	31.98	95.9	26.34	31.98	98.2	26.21	31.98	99.5
28/06/2018 10:20:09 AM	3612990009	1013.00	27.00	31.99	92.2	26.63	31.99	95.5	26.40	31.99	97.6	26.20	31.99	99.6
28/06/2018 10:20:10 AM	3612990010	1013.00	26.98	31.98	92.4	26.64	31.98	95.4	26.36	31.98	98.0	26.18	31.98	99.8
28/06/2018 10:20:11 AM	3612990011	1013.00	27.01	31.98	92.1	26.63	31.98	95.5	26.39	31.98	97.8	26.22	31.98	99.4
28/06/2018 10:20:12 AM	3612990012	1013.00	26.98	31.99	92.4	26.56	31.99	96.2	26.42	31.99	97.5	26.24	31.99	99.2
28/06/2018 10:20:13 AM	3612990013	1013.00	26.97	31.99	92.5	26.59	31.99	95.9	26.43	31.99	97.4	26.20	31.99	99.6
28/06/2018 10:20:14 AM	3612990014	1013.00	26.97	31.98	92.5	26.67	31.98	95.2	26.38	31.98	97.9	26.29	31.98	98.7
28/06/2018 10:20:15 AM	3612990015	1013.00	27.01	31.98	92.1	26.55	31.98	96.3	26.40	31.98	97.7	26.19	31.98	99.7
28/06/2018 10:20:16 AM	3612990016	1013.00	26.96	31.98	92.6	26.60	31.98	95.8	26.42	31.98	97.5	26.21	31.98	99.5
28/06/2018 10:20:17 AM	3612990017	1013.00	27.01	31.98	92.1	26.63	31.98	95.5	26.40	31.98	97.7	26.19	31.98	99.7
28/06/2018 10:20:18 AM	3612990018	1013.00	26.99	31.98	92.3	26.62	31.98	95.6	26.36	31.98	98.0	26.17	31.98	99.9
28/06/2018 10:20:19 AM	3612990019	1013.00	27.02	31.98	92.0	26.60	31.98	95.8	26.43	31.98	97.4	26.24	31.98	99.2
28/06/2018 10:20:20 AM	3612990020	1013.00	27.00	31.98	92.2	26.62	31.98	95.6	26.38	31.98	97.9	26.22	31.98	99.4
28/06/2018 10:20:21 AM	3612990021	1013.00	26.99	31.98	92.3	26.71	31.98	94.8	26.38	31.98	97.9	26.12	31.98	100.3
28/06/2018 10:20:22 AM	3612990022	1013.00	27.02	31.98	92.0	26.63	31.98	95.5	26.39	31.98	97.8	26.21	31.98	99.5
28/06/2018 10:20:23 AM	3612990023	1013.00	26.98	31.97	92.4	26.71	31.97	94.8	26.33	31.97	98.3	26.20	31.97	99.6
28/06/2018 10:20:24 AM	3612990024	1013.00	27.03	31.98	91.9	26.69	31.98	95.0	26.36	31.98	98.0	26.22	31.98	99.4
28/06/2018 10:20:25 AM	3612990025	1013.00	27.00	31.98	92.2	26.61	31.98	95.7	26.38	31.98	97.9	26.21	31.98	99.5
28/06/2018 10:20:26 AM	3612990026	1013.00	27.03	31.98	91.9	26.67	31.98	95.2	26.36	31.98	98.0	26.24	31.98	99.2
28/06/2018 10:20:27 AM	3612990027	1013.00	27.00	31.98	92.2	26.72	31.98	94.7	26.37	31.98	97.9	26.19	31.98	99.7
28/06/2018 10:20:28 AM	3612990028	1013.00	27.00	31.98	92.2	26.64	31.98	95.4	26.40	31.98	97.7	26.11	31.98	100.4
28/06/2018 10:20:29 AM	3612990029	1013.00	27.02	31.98	92.0	26.67	31.98	95.2	26.39	31.98	97.8	26.21	31.98	99.5
28/06/2018 10:20:30 AM	3612990030	1013.00	27.03	31.98	91.9	26.63	31.98	95.5	26.39	31.98	97.8	26.18	31.98	99.8
28/06/2018 10:20:31 AM	3612990031	1013.00	27.02	31.99	92.0	26.67	31.99	95.1	26.39	31.99	97.7	26.27	31.99	98.9
28/06/2018 10:20:32 AM	3612990032	1013.00	27.00	31.99	92.2	26.68	31.99	95.1	26.39	31.99	97.7	26.20	31.99	99.6
28/06/2018 10:20:33 AM	3612990033	1013.00	27.04	31.99	91.8	26.67	31.99	95.1	26.41	31.99	97.6	26.22	31.99	99.4
28/06/2018 10:20:34 AM	3612990034	1013.00	27.04	31.98	91.9	26.63	31.98	95.5	26.38	31.98	97.9	26.29	31.98	98.7
28/06/2018 10:20:35 AM	3612990035	1013.00	27.00	31.98	92.2	26.66	31.98	95.3	26.40	31.98	97.7	26.17	31.98	99.9
28/06/2018 10:20:36 AM	3612990036	1013.00	27.01	31.98	92.1	26.68	31.98	95.1	26.41	31.98	97.6	26.26	31.98	99.0
28/06/2018 10:20:37 AM	3612990037	1013.00	27.02	31.98	92.0	26.65	31.98	95.3	26.39	31.98	97.8	26.23	31.98	99.3
28/06/2018 10:20:38 AM	3612990038	1013.00	27.03	31.99	91.9	26.67	31.99	95.1	26.37	31.99	97.9	26.22	31.99	99.4
28/06/2018 10:20:39 AM	3612990039	1013.00	27.06	31.98	91.7	26.63	31.98	95.5	26.34	31.98	98.2	26.23	31.98	99.3
28/06/2018 10:20:40 AM	3612990040	1013.00	27.07	31.99	91.6	26.69	31.99	95.0	26.37	31.99	97.9	26.23	31.99	99.3
28/06/2018 10:20:41 AM	3612990041	1013.00	27.02	31.98	92.0	26.64	31.98	95.4	26.42	31.98	97.5	26.25	31.98	99.1
28/06/2018 10:20:42 AM	3612990042	1013.00	27.09	31.98	91.4	26.72	31.98	94.7	26.38	31.98	97.9	26.24	31.98	99.2
28/06/2018 10:20:43 AM	3612990043	1013.00	27.07	31.98	91.6	26.67	31.98	95.2	26.41	31.98	97.6	26.28	31.98	98.8
28/06/2018 10:20:44 AM	3612990044	1013.00	27.06	31.98	91.7	26.70	31.98	94.9	26.34	31.98	98.2	26.23	31.98	99.3
28/06/2018 10:20:45 AM	3612990045	1013.00	27.08	31.98	91.5	26.71	31.98	94.8	26.37	31.98	97.9	26.18	31.98	99.8
28/06/2018 10:20:46 AM	3612990046	1013.00	27.09	31.98	91.4	26.71	31.98	94.8	26.36	31.98	98.0	26.27	31.98	98.9
28/06/2018 10:20:47 AM	3612990047	1013.00	27.03	31.98	91.9	26.71	31.98	94.8	26.34	31.98	98.2	26.25	31.98	99.1
28/06/2018 10:20:48 AM	3612990048	1013.00	27.06	31.98	91.7	26.65	31.98	95.3	26.41	31.98	97.6	26.24	31.98	99.2
28/06/2018 10:20:49 AM	3612990049	1013.00	27.05	31.98	91.8	26.70	31.98	94.9	26.38	31.98	97.9	26.23	31.98	99.3
28/06/2018 10:20:50 AM	3612990050	1013.00	27.06	31.98	91.7	26.65	31.98	95.3	26.40	31.98	97.7	26.28	31.98	98.8
28/06/2018 10:20:51 AM	3612990051	1013.00	27.06	31.98	91.7	26.70	31.98	94.9	26.40	31.98	97.7	26.24	31.98	99.2
28/06/2018 10:20:52 AM	3612990052	1013.00	27.06	31.98	91.7	26.67	31.98	95.2	26.45	31.98	97.2	26.27	31.98	98.9
28/06/2018 10:20:53 AM	3612990053	1013.00	27.03	31.98	91.9	26.60	31.98	95.8	26.43	31.98	97.4	26.25	31.98	99.1
28/06/2018 10:20:54 AM	3612990054	1013.00	27.06	31.98	91.7	26.68	31.98	95.1	26.39	31.98	97.8	26.27	31.98	98.9
28/06/2018 10:20:55 AM	3612990055	1013.00	27.06	31.98	91.7	26.66	31.98	95.3	26.41	31.98	97.6	26.35	31.98	98.1
28/06/2018 10:20:56 AM	3612990056	1013.00	27.10	31.97	91.4	26.64	31.97	95.5	26.46	31.97	97.1	26.27	31.97	98.9
28/06/2018 10:20:57 AM	3612990057	1013.00	27.07	31.97	91.6	26.71	31.97	94.8	26.39	31.97	97.8	26.27	31.97	98.9
28/06/2018 10:20:58 AM	3612990058	1013.00	27.10	31.97	91.4	26.72	31.97	94.7	26.40	31.97	97.7	26.27	31.97	98.9
28/06/2018 10:20:59 AM	3612990059	1013.00	27.05	31.97	91.8	26.72	31.97	94.7	26.40	31.97	97.7	26.22	31.97	99.4
28/06/2018 10:21:00 AM	3612990060	1013.00	27.04	31.97	91.9	26.73	31.97	94.6	26.37	31.97	98.0	26.27	31.97	98.9
28/06/2018 10:21:01 AM	3612990061	1013.00	27.11	31.97	91.3	26.70	31.97	94.9	26.38	31.97	97.9	26.26	31.97	99.0
28/06/2018 10:21:02 AM	3612990062	1013.00	27.10	31.97	91.4	26.74	31.97	94.5	26.43	31.97	97.4	26.31	31.97	98.5
28/06/2018 10:21:03 AM	3612990063	1013.00	27.11	31.97	91.3	26.76	31.97	94.4	26.38	31.97	97.9	26.28	31.97	98.8
28/06/2018 10:21:04 AM	3612990064	1013.00	27.08	31.98	91.5	26.72	31.98	94.7	26.39	31.98	97.8	26.32	31.98	98.4
28/06/2018 10:21:05 AM	3612990065	1013.00	27.13	31.98	91.1	26.67	31.98	95.2	26.43	31.98	97.4	26.29	31.98	98.7
28/06/2018 10:21:06 AM	3612990066	1013.00	27.14	31.99	91.0	26.76	31.99	94.3	26.42	31.99	97.5	26.27	31.99	98.9
28/06/2018 10:21:07 AM	3612990067	1013.00	27.10	31.99	91.3	26.72	31.99	94.7	26.39	31.99	97.7	26.30	31.99	98.6
28/06/2018 10:21:08 AM	3612990068	1013.00	27.12	31.99	91.1	26.72	31.99	94.7	26.46	31.99	97.1	26.30	31.99	98.6
28/06/2018 10:21:09 AM	3612990069	1013.00	27.10	31.99	91.3	26.76	31.99	94.3	26.39	31.99	97.7	26.31	31.99	98.5
28/06/2018 10:21:10 AM	3612990070	1013.00	27.08	31.99	91.5	26.69	31.99	95.0	26.42	31.99	97.5	26.30	31.99	98.6
28/06/2018 10:21:11 AM	3612990071	1013.00	27.11	31.98	91.2	26.69	31.98	95.0	26.36	31.98	98.0	26.31	31.98	98.5
28/06/2018 10:21:12 AM	3612990072	1013.00	27.12	31.98	91.2	26.71	31.98	94.8	26.37	31.98	97.9	26.33	31.98	98.3
28/06/2018 10:21:13 AM	3612990073	1013.00	27.13	31.99	91.1	26.75	31.99	94.4	26.44	31.99	97.3	26.33	31.99	98.3
28/06/2018 10:21:14 AM	3612990074	1013.00	27.10	31.98	91.3	26.73	31.98	94.6	26.41	31.98	97.6	26.32	31.98	98.4
28/06/2018 10:21:15 AM	3612990075	1013.00	27.13	31.98	91.1	26.68	31.98	95.1	26.41	31.98	97.6	26.26	31.98	99.0
28/06/2018 10:21:16 AM	3612990076	1013.00	27.13	31.98	91.1	26.76	31.98	94.3	26.45	31.98	97.2	26.31	31.98	98.5
28/06/2018 10:21:17 AM	3612990077	1013.00	27.12	31.98	91.2	26.69	31.98	95.0	26.35	31.98	98.1	26.31	31.98	98.5
28/06/2018 10:21:18 AM	3612990078	1013.00	27.12	31.98	91.2	26.70	31.98	94.9	26.41	31.98	97.6	26.33	31.98	98.3
28/06/2018 10:21:19 AM	3612990079	1013.00	27.12	31.98	91.2	26.78	31.98	94.2	26.44	31.98	97.3	26.37	31.98	97.9
28/06/2018 10:21:20 AM	3612990080	1013.00	27.14	31.98	91.0	26.70	31.98	94.9	26.41	31.98	97.6	26.32	31.98	98.4
28/06/2018 10:21:21 AM	3612990081	1013.00	27.16	31.99	90.8	26.74	31.99	94.5	26.43	31.99	97.4	26.37	31.99	97.9
28/06/2018 10:21:22 AM	3612990082	1013.00	27.16	31.99	90.8	26.70	31.99	94.9	26.41	31.99	97.6	26.36	31.99	98.0
28/06/2018 10:21:23 AM	3612990083	1013.00	27.13	31.99	91.1	26.74	31.99	94.5	26.37	31.99	97.9	26.36	31.99	98.0
28/06/2018 10:21:24 AM	3612990084	1013.00	27.19	31.99	90.5	26.70	31.99	94.9	26.40	31.99	97.6	26.33	31.99	98.3
28/06/2018 10:21:25 AM	3612990085	1013.00	27.15	31.98	90.9	26.81	31.98	93.9	26.42	31.98	97.5	26.32	31.98	98.4
28/06/2018 10:21:26 AM	3612990086	1013.00	27.15	31.99	90.9	26.71	31.99	94.8	26.45	31.99	97.2	26.34	31.99	98.2
28/06/2018 10:21:27 AM	3612990087	1013.00	27.16	31.98	90.8	26.68	31.98	95.1	26.41	31.98	97.6	26.32	31.98	98.4
28/06/2018 10:21:28 AM	3612990088	1013.00	27.18	31.99	90.6	26.72	31.99	94.7	26.43	31.99	97.4	26.33	31.99	98.3
28/06/2018 10:21:29 AM	3612990089	1013.00	27.16	31.99	90.8	26.78	31.99	94.1	26.38	31.99	97.8	26.35	31.99	98.1
28/06/2018 10:21:30 AM	3612990090	1013.00	27.19	31.99	90.5	26.74	31.99	94.5	26.44	31.99	97.3	26.33	31.99	98.3
28/06/2018 10:21:31 AM	3612990091	1013.00	27.20	31.98	90.5	26.73	31.98	94.6	26.41	31.98	97.6	26.44	31.98	97.3
28/06/2018 10:21:32 AM	3612990092	1013.00	27.18	31.99	90.6	26.71	31.99	94.8	26.47	31.99	97.0	26.37	31.99	97.9
28/06/2018 10:21:33 AM	3612990093	1013.00	27.20	31.98	90.5	26.76	31.98	94.3	26.42	31.98	97.5	26.35	31.98	98.1
28/06/2018 10:21:34 AM	3612990094	1013.00	27.21	31.98	90.4	26.79	31.98	94.1	26.37	31.98	97.9	26.37	31.98	97.9
28/06/2018 10:21:35 AM	3612990095	1013.00	27.17	31.98	90.7	26.79	31.98	94.1	26.41	31.98	97.6	26.36	31.98	98.0
28/06/2018 10:21:36 AM	3612990096	1013.00	27.20	31.98	90.5	26.78	31.98	94.2	26.40	31.98	97.7	26.37	31.98	97.9
28/06/2018 10:21:37 AM	3612990097	1013.00	27.18	31.98	90.6	26.77	31.98	94.3	26.41	31.98	97.6	26.47	31.98	97.0
28/06/2018 10:21:38 AM	3612990098	1013.00	27.21	31.98	90.4	26.78	31.98	94.2	26.40	31.98	97.7	26.40	31.98	97.7
28/06/2018 10:21:39 AM	3612990099	1013.00	27.17	31.98	90.7	26.73	31.98	94.6	26.41	31.98	97.6	26.42	31.98	97.5
28/06/2018 10:21:40 AM	3612990100	1013.00	27.22	31.99	90.3	26.77	31.99	94.2	26.43	31.99	97.4	26.38	31.99	97.8
28/06/2018 10:21:41 AM	3612990101	1013.00	27.20	31.98	90.5	26.75	31.98	94.4	26.44	31.98	97.3	26.45	31.98	97.2
28/06/2018 10:21:42 AM	3612990102	1013.00	27.24	31.98	90.1	26.75	31.98	94.4	26.41	31.98	97.6	26.39	31.98	97.8
28/06/2018 10:21:43 AM	3612990103	1013.00	27.22	31.98	90.3	26.75	31.98	94.4	26.41	31.98	97.6	26.39	31.98	97.8
28/06/2018 10:21:44 AM	3612990104	1013.00	27.27	31.98	89.9	26.72	31.98	94.7	26.36	31.98	98.0	26.41	31.98	97.6
28/06/2018 10:21:45 AM	3612990105	1013.00	27.20	31.98	90.5	26.84	31.98	93.6	26.43	31.98	97.4	26.40	31.98	97.7
28/06/2018 10:21:46 AM	3612990106	1013.00	27.21	31.98	90.4	26.82	31.98	93.8	26.42	31.98	97.5	26.45	31.98	97.2
28/06/2018 10:21:47 AM	3612990107	1013.00	27.27	31.98	89.9	26.81	31.98	93.9	26.49	31.98	96.8	26.48	31.98	96.9
28/06/2018 10:21:48 AM	3612990108	1013.00	27.23	31.98	90.2	26.77	31.98	94.3	26.38	31.98	97.9	26.44	31.98	97.3
28/06/2018 10:21:49 AM	3612990109	1013.00	27.25	31.98	90.0	26.78	31.98	94.2	26.44	31.98	97.3	26.46	31.98	97.1
28/06/2018 10:21:50 AM	3612990110	1013.00	27.26	31.99	89.9	26.73	31.99	94.6	26.46	31.99	97.1	26.43	31.99	97.4
28/06/2018 10:21:51 AM	3612990111	1013.00	27.24	31.99	90.1	26.80	31.99	94.0	26.45	31.99	97.2	26.40	31.99	97.6
28/06/2018 10:21:52 AM	3612990112	1013.00	27.24	31.99	90.1	26.77	31.99	94.2	26.43	31.99	97.4	26.47	31.99	97.0
28/06/2018 10:21:53 AM	3612990113	1013.00	27.30	31.98	89.6	26.81	31.98	93.9	26.41	31.98	97.6	26.49	31.98	96.8
28/06/2018 10:21:54 AM	3612990114	1013.00	27.24	31.99	90.1	26.81	31.99	93.9	26.46	31.99	97.1	26.43	31.99	97.4
28/06/2018 10:21:55 AM	3612990115	1013.00	27.29	31.98	89.7	26.79	31.98	94.1	26.46	31.98	97.1	26.47	31.98	97.0
28/06/2018 10:21:56 AM	3612990116	1013.00	27.31	31.98	89.5	26.85	31.98	93.5	26.42	31.98	97.5	26.42	31.98	97.5
28/06/2018 10:21:57 AM	3612990117	1013.00	27.33	31.99	89.4	26.78	31.99	94.1	26.46	31.99	97.1	26.45	31.99	97.2
28/06/2018 10:21:58 AM	3612990118	1013.00	27.29	31.99	89.7	26.78	31.99	94.1	26.49	31.99	96.8	26.44	31.99	97.3
28/06/2018 10:21:59 AM	3612990119	1013.00	27.29	31.98	89.7	26.81	31.98	93.9	26.48	31.98	96.9	26.53	31.98	96.4
28/06/2018 10:22:00 AM	3612990120	1013.00	27.28	31.98	89.8	26.77	31.98	94.3	26.46	31.98	97.1	26.45	31.98	97.2
28/06/2018 10:22:01 AM	3612990121	1013.00	27.31	31.98	89.5	26.77	31.98	94.3	26.49	31.98	96.8	26.50	31.98	96.7
28/06/2018 10:22:02 AM	3612990122	1013.00	27.32	31.98	89.5	26.84	31.98	93.6	26.42	31.98	97.5	26.43	31.98	97.4
28/06/2018 10:22:03 AM	3612990123	1013.00	27.33	31.98	89.4	26.80	31.98	94.0	26.49	31.98	96.8	26.48	31.98	96.9
28/06/2018 10:22:04 AM	3612990124	1013.00	27.34	31.98	89.3	26.80	31.98	94.0	26.43	31.98	97.4	26.40	31.98	97.7
28/06/2018 10:22:05 AM	3612990125	1013.00	27.31	31.98	89.5	26.76	31.98	94.3	26.44	31.98	97.3	26.49	31.98	96.8
28/06/2018 10:22:06 AM	3612990126	1013.00	27.36	31.98	89.1	26.83	31.98	93.7	26.43	31.98	97.4	26.50	31.98	96.7
28/06/2018 10:22:07 AM	3612990127	1013.00	27.32	31.99	89.4	26.78	31.99	94.1	26.48	31.99	96.9	26.46	31.99	97.1
28/06/2018 10:22:08 AM	3612990128	1013.00	27.36	31.99	89.1	26.80	31.99	94.0	26.44	31.99	97.3	26.51	31.99	96.6
28/06/2018 10:22:09 AM	3612990129	1013.00	27.36	31.99	89.1	26.80	31.99	94.0	26.40	31.99	97.6	26.58	31.99	96.0
28/06/2018 10:22:10 AM	3612990130	1013.00	27.34	31.99	89.3	26.82	31.99	93.8	26.44	31.99	97.3	26.48	31.99	96.9
28/06/2018 10:22:11 AM	3612990131	1013.00	27.37	31.98	89.0	26.81	31.98	93.9	26.52	31.98	96.5	26.51	31.98	96.6
28/06/2018 10:22:12 AM	3612990132	1013.00	27.37	31.99	89.0	26.87	31.99	93.3	26.46	31.99	97.1	26.55	31.99	96.2
28/06/2018 10:22:13 AM	3612990133	1013.00	27.34	31.98	89.3	26.84	31.98	93.6	26.45	31.98	97.2	26.56	31.98	96.2
28/06/2018 10:22:14 AM	3612990134	1013.00	27.34	31.99	89.3	26.78	31.99	94.1	26.42	31.99	97.5	26.49	31.99	96.8
28/06/2018 10:22:15 AM	3612990135	1013.00	27.32	31.98	89.5	26.82	31.98	93.8	26.48	31.98	96.9	26.49	31.98	96.8
28/06/2018 10:22:16 AM	3612990136	1013.00	27.29	31.98	89.7	26.80	31.98	94.0	26.42	31.98	97.5	26.55	31.98	96.3
28/06/2018 10:22:17 AM	3612990137	1013.00	27.35	31.98	89.2	26.85	31.98	93.5	26.39	31.98	97.8	26.52	31.98	96.5
28/06/2018 10:22:18 AM	3612990138	1013.00	27.37	31.97	89.0	26.86	31.97	93.5	26.50	31.97	96.7	26.51	31.97	96.7
28/06/2018 10:22:19 AM	3612990139	1013.00	27.39	31.97	88.9	26.87	31.97	93.4	26.46	31.97	97.1	26.56	31.97	96.2
28/06/2018 10:22:20 AM	3612990140	1013.00	27.35	31.97	89.2	26.87	31.97	93.4	26.45	31.97	97.2	26.58	31.97	96.0
28/06/2018 10:22:21 AM	3612990141	1013.00	27.40	31.97	88.8	26.83	31.97	93.7	26.41	31.97	97.6	26.52	31.97	96.6
28/06/2018 10:22:22 AM	3612990142	1013.00	27.36	31.97	89.1	26.87	31.97	93.4	26.43	31.97	97.4	26.54	31.97	96.4
28/06/2018 10:22:23 AM	3612990143	1013.00	27.40	31.98	88.8	26.85	31.98	93.5	26.48	31.98	96.9	26.64	31.98	95.4
28/06/2018 10:22:24 AM	3612990144	1013.00	27.46	31.98	88.3	26.86	31.98	93.4	26.52	31.98	96.5	26.55	31.98	96.3
28/06/2018 10:22:25 AM	3612990145	1013.00	27.38	31.98	88.9	26.86	31.98	93.4	26.50	31.98	96.7	26.57	31.98	96.1
28/06/2018 10:22:26 AM	3612990146	1013.00	27.37	31.98	89.0	26.90	31.98	93.1	26.47	31.98	97.0	26.61	31.98	95.7
28/06/2018 10:22:27 AM	3612990147	1013.00	27.44	31.98	88.4	26.79	31.98	94.1	26.44	31.98	97.3	26.55	31.98	96.3
28/06/2018 10:22:28 AM	3612990148	1013.00	27.39	31.98	88.9	26.85	31.98	93.5	26.51	31.98	96.6	26.57	31.98	96.1
28/06/2018 10:22:29 AM	3612990149	1013.00	27.41	31.98	88.7	26.87	31.98	93.4	26.46	31.98	97.1	26.58	31.98	96.0
28/06/2018 10:22:30 AM	3612990150	1013.00	27.41	31.98	88.7	26.86	31.98	93.4	26.46	31.98	97.1	26.59	31.98	95.9
28/06/2018 10:22:31 AM	3612990151	1013.00	27.42	31.98	88.6	26.82	31.98	93.8	26.50	31.98	96.7	26.56	31.98	96.2
28/06/2018 10:22:32 AM	3612990152	1013.00	27.40	31.98	88.8	26.85	31.98	93.5	26.48	31.98	96.9	26.60	31.98	95.8
28/06/2018 10:22:33 AM	3612990153	1013.00	27.41	31.99	88.7	26.83	31.99	93.7	26.47	31.99	97.0	26.57	31.99	96.1
28/06/2018 10:22:34 AM	3612990154	1013.00	27.43	31.99	88.5	26.90	31.99	93.1	26.52	31.99	96.5	26.56	31.99	96.2
28/06/2018 10:22:35 AM	3612990155	1013.00	27.47	31.99	88.2	26.88	31.99	93.3	26.46	31.99	97.1	26.62	31.99	95.6
28/06/2018 10:22:36 AM	3612990156	1013.00	27.45	31.99	88.3	26.83	31.99	93.7	26.42	31.99	97.5	26.62	31.99	95.6
28/06/2018 10:22:37 AM	3612990157	1013.00	27.44	31.98	88.4	26.83	31.98	93.7	26.49	31.98	96.8	26.57	31.98	96.1
28/06/2018 10:22:38 AM	3612990158	1013.00	27.45	31.98	88.4	26.88	31.98	93.3	26.44	31.98	97.3	26.61	31.98	95.7
28/06/2018 10:22:39 AM	3612990159	1013.00	27.50	31.98	87.9	26.86	31.98	93.4	26.47	31.98	97.0	26.63	31.98	95.5
28/06/2018 10:22:40 AM	3612990160	1013.00	27.44	31.99	88.4	26.86	31.99	93.4	26.46	31.99	97.1	26.62	31.99	95.6
28/06/2018 10:22:41 AM	3612990161	1013.00	27.49	31.99	88.0	26.93	31.99	92.8	26.51	31.99	96.6	26.61	31.99	95.7
28/06/2018 10:22:42 AM	3612990162	1013.00	27.47	31.99	88.2	26.85	31.99	93.5	26.51	31.99	96.6	26.68	31.99	95.1
28/06/2018 10:22:43 AM	3612990163	1013.00	27.46	31.99	88.3	26.85	31.99	93.5	26.47	31.99	97.0	26.69	31.99	95.0
28/06/2018 10:22:44 AM	3612990164	1013.00	27.48	32.00	88.1	26.90	32.00	93.1	26.54	32.00	96.3	26.62	32.00	95.6
28/06/2018 10:22:45 AM	3612990165	1013.00	27.48	31.99	88.1	26.89	31.99	93.2	26.51	31.99	96.6	26.68	31.99	95.1
28/06/2018 10:22:46 AM	3612990166	1013.00	27.50	31.99	87.9	26.88	31.99	93.3	26.47	31.99	97.0	26.65	31.99	95.3
28/06/2018 10:22:47 AM	3612990167	1013.00	27.49	31.99	88.0	26.86	31.99	93.4	26.44	31.99	97.3	26.62	31.99	95.6
28/06/2018 10:22:48 AM	3612990168	1013.00	27.47	31.99	88.2	26.88	31.99	93.3	26.46	31.99	97.1	26.64	31.99	95.4
28/06/2018 10:22:49 AM	3612990169	1013.00	27.52	31.99	87.8	26.90	31.99	93.1	26.47	31.99	97.0	26.66	31.99	95.2
28/06/2018 10:22:50 AM	3612990170	1013.00	27.54	31.98	87.6	26.87	31.98	93.4	26.51	31.98	96.6	26.63	31.98	95.5
28/06/2018 10:22:51 AM	3612990171	1013.00	27.48	31.98	88.1	26.93	31.98	92.8	26.48	31.98	96.9	26.61	31.98	95.7
28/06/2018 10:22:52 AM	3612990172	1013.00	27.52	31.98	87.8	26.86	31.98	93.4	26.51	31.98	96.6	26.67	31.98	95.2
28/06/2018 10:22:53 AM	3612990173	1013.00	27.50	31.98	87.9	26.87	31.98	93.4	26.46	31.98	97.1	26.64	31.98	95.4
28/06/2018 10:22:54 AM	3612990174	1013.00	27.49	31.99	88.0	26.89	31.99	93.2	26.49	31.99	96.8	26.65	31.99	95.3
28/06/2018 10:22:55 AM	3612990175	1013.00	27.52	31.99	87.8	26.94	31.99	92.7	26.48	31.99	96.9	26.70	31.99	94.9
28/06/2018 10:22:56 AM	3612990176	1013.00	27.54	31.99	87.6	26.99	31.99	92.3	26.52	31.99	96.5	26.69	31.99	95.0
28/06/2018 10:22:57 AM	3612990177	1013.00	27.53	31.99	87.7	26.94	31.99	92.7	26.52	31.99	96.5	26.67	31.99	95.1
28/06/2018 10:22:58 AM	3612990178	1013.00	27.58	31.98	87.3	26.90	31.98	93.1	26.46	31.98	97.1	26.70	31.98	94.9
28/06/2018 10:22:59 AM	3612990179	1013.00	27.56	31.98	87.5	26.91	31.98	93.0	26.47	31.98	97.0	26.71	31.98	94.8
28/06/2018 10:23:00 AM	3612990180	1013.00	27.54	31.98	87.6	26.87	31.98	93.4	26.52	31.98	96.5	26.67	31.98	95.2
28/06/2018 10:23:01 AM	3612990181	1013.00	27.57	31.98	87.4	26.95	31.98	92.6	26.53	31.98	96.4	26.65	31.98	95.3
28/06/2018 10:23:02 AM	3612990182	1013.00	27.53	31.98	87.7	26.96	31.98	92.6	26.53	31.98	96.4	26.69	31.98	95.0
28/06/2018 10:23:03 AM	3612990183	1013.00	27.51	31.98	87.9	26.90	31.98	93.1	26.54	31.98	96.4	26.72	31.98	94.7
28/06/2018 10:23:04 AM	3612990184	1013.00	27.58	31.98	87.3	26.93	31.98	92.8	26.49	31.98	96.8	26.71	31.98	94.8
28/06/2018 10:23:05 AM	3612990185	1013.00	27.56	31.98	87.5	26.93	31.98	92.8	26.54	31.98	96.4	26.67	31.98	95.2
28/06/2018 10:23:06 AM	3612990186	1013.00	27.55	31.99	87.5	26.95	31.99	92.6	26.52	31.99	96.5	26.65	31.99	95.3
28/06/2018 10:23:07 AM	3612990187	1013.00	27.51	31.99	87.8	26.89	31.99	93.2	26.51	31.99	96.6	26.68	31.99	95.1
28/06/2018 10:23:08 AM	3612990188	1013.00	27.53	31.99	87.7	26.95	31.99	92.6	26.54	31.99	96.3	26.73	31.99	94.6
28/06/2018 10:23:09 AM	3612990189	1013.00	27.56	31.99	87.4	27.00	31.99	92.2	26.51	31.99	96.6	26.71	31.99	94.8
28/06/2018 10:23:10 AM	3612990190	1013.00	27.57	31.99	87.4	26.91	31.99	93.0	26.51	31.99	96.6	26.63	31.99	95.5
28/06/2018 10:23:11 AM	3612990191	1013.00	27.59	31.99	87.2	26.96	31.99	92.5	26.51	31.99	96.6	26.73	31.99	94.6
28/06/2018 10:23:12 AM	3612990192	1013.00	27.63	31.99	86.9	26.98	31.99	92.4	26.55	31.99	96.2	26.74	31.99	94.5
28/06/2018 10:23:13 AM	3612990193	1013.00	27.60	31.99	87.1	26.95	31.99	92.6	26.52	31.99	96.5	26.72	31.99	94.7
28/06/2018 10:23:14 AM	3612990194	1013.00	27.64	31.99	86.8	27.00	31.99	92.2	26.54	31.99	96.3	26.69	31.99	95.0
28/06/2018 10:23:15 AM	3612990195	1013.00	27.60	31.98	87.1	26.96	31.98	92.6	26.53	31.98	96.4	26.78	31.98	94.2
28/06/2018 10:23:16 AM	3612990196	1013.00	27.63	31.98	86.9	27.02	31.98	92.0	26.52	31.98	96.5	26.77	31.98	94.3
28/06/2018 10:23:17 AM	3612990197	1013.00	27.59	31.98	87.2	27.00	31.98	92.2	26.55	31.98	96.3	26.74	31.98	94.5
28/06/2018 10:23:18 AM	3612990198	1013.00	27.57	31.98	87.4	26.92	31.98	92.9	26.48	31.98	96.9	26.71	31.98	94.8
28/06/2018 10:23:19 AM	3612990199	1013.00	27.62	31.98	87.0	26.98	31.98	92.4	26.60	31.98	95.8	26.71	31.98	94.8
28/06/2018 10:23:20 AM	3612990200	1013.00	27.66	31.99	86.6	27.04	31.99	91.8	26.55	31.99	96.2	26.73	31.99	94.6
28/06/2018 10:23:21 AM	3612990201	1013.00	27.65	31.99	86.7	27.01	31.99	92.1	26.55	31.99	96.2	26.71	31.99	94.8
28/06/2018 10:23:22 AM	3612990202	1013.00	27.61	31.99	87.0	26.99	31.99	92.3	26.58	31.99	96.0	26.73	31.99	94.6
28/06/2018 10:23:23 AM	3612990203	1013.00	27.64	31.99	86.8	26.97	31.99	92.5	26.57	31.99	96.1	26.72	31.99	94.7
28/06/2018 10:23:24 AM	3612990204	1013.00	27.63	31.99	86.9	26.95	31.99	92.6	26.54	31.99	96.3	26.76	31.99	94.3
28/06/2018 10:23:25 AM	3612990205	1013.00	27.64	31.99	86.8	27.01	31.99	92.1	26.56	31.99	96.2	26.75	31.99	94.4
28/06/2018 10:23:26 AM	3612990206	1013.00	27.61	31.98	87.0	27.03	31.98	91.9	26.54	31.98	96.4	26.77	31.98	94.3
28/06/2018 10:23:27 AM	3612990207	1013.00	27.60	31.99	87.1	27.03	31.99	91.9	26.61	31.99	95.7	26.75	31.99	94.4
28/06/2018 10:23:28 AM	3612990208	1013.00	27.58	31.98	87.3	27.02	31.98	92.0	26.59	31.98	95.9	26.72	31.98	94.7
28/06/2018 10:23:29 AM	3612990209	1013.00	27.63	31.98	86.9	27.04	31.98	91.9	26.53	31.98	96.4	26.80	31.98	94.0
28/06/2018 10:23:30 AM	3612990210	1013.00	27.66	31.98	86.6	26.99	31.98	92.3	26.57	31.98	96.1	26.76	31.98	94.3
28/06/2018 10:23:31 AM	3612990211	1013.00	27.61	31.99	87.0	26.97	31.99	92.5	26.57	31.99	96.1	26.76	31.99	94.3
28/06/2018 10:23:32 AM	3612990212	1013.00	27.65	31.98	86.7	27.00	31.98	92.2	26.55	31.98	96.3	26.72	31.98	94.7
28/06/2018 10:23:33 AM	3612990213	1013.00	27.65	31.99	86.7	27.00	31.99	92.2	26.62	31.99	95.6	26.79	31.99	94.1
28/06/2018 10:23:34 AM	3612990214	1013.00	27.70	31.99	86.3	27.00	31.99	92.2	26.56	31.99	96.2	26.79	31.99	94.1
28/06/2018 10:23:35 AM	3612990215	1013.00	27.67	31.99	86.5	26.98	31.99	92.4	26.55	31.99	96.2	26.79	31.99	94.1
28/06/2018 10:23:36 AM	3612990216	1013.00	27.67	31.99	86.5	27.00	31.99	92.2	26.58	31.99	96.0	26.82	31.99	93.8
28/06/2018 10:23:37 AM	3612990217	1013.00	27.68	32.00	86.4	26.97	32.00	92.4	26.57	32.00	96.0	26.76	32.00	94.3
28/06/2018 10:23:38 AM	3612990218	1013.00	27.67	31.99	86.5	26.96	31.99	92.5	26.55	31.99	96.2	26.76	31.99	94.3
28/06/2018 10:23:39 AM	3612990219	1013.00	27.66	31.99	86.6	26.96	31.99	92.5	26.59	31.99	95.9	26.80	31.99	94.0
28/06/2018 10:23:40 AM	3612990220	1013.00	27.66	31.99	86.6	26.98	31.99	92.4	26.57	31.99	96.1	26.81	31.99	93.9
28/06/2018 10:23:41 AM	3612990221	1013.00	27.64	31.99	86.8	27.04	31.99	91.8	26.56	31.99	96.2	26.85	31.99	93.5
28/06/2018 10:23:42 AM	3612990222	1013.00	27.69	31.98	86.4	27.05	31.98	91.8	26.61	31.98	95.7	26.78	31.98	94.2
28/06/2018 10:23:43 AM	3612990223	1013.00	27.66	31.98	86.6	26.97	31.98	92.5	26.55	31.98	96.3	26.80	31.98	94.0
28/06/2018 10:23:44 AM	3612990224	1013.00	27.68	31.98	86.5	27.02	31.98	92.0	26.59	31.98	95.9	26.82	31.98	93.8
28/06/2018 10:23:45 AM	3612990225	1013.00	27.68	31.98	86.5	27.04	31.98	91.9	26.60	31.98	95.8	26.80	31.98	94.0
28/06/2018 10:23:46 AM	3612990226	1013.00	27.66	31.98	86.6	27.03	31.98	91.9	26.60	31.98	95.8	26.84	31.98	93.6
28/06/2018 10:23:47 AM	3612990227	1013.00	27.60	31.97	87.1	27.03	31.97	92.0	26.59	31.97	95.9	26.79	31.97	94.1
28/06/2018 10:23:48 AM	3612990228	1013.00	27.69	31.97	86.4	27.06	31.97	91.7	26.56	31.97	96.2	26.82	31.97	93.8
28/06/2018 10:23:49 AM	3612990229	1013.00	27.69	31.98	86.4	26.98	31.98	92.4	26.56	31.98	96.2	26.87	31.98	93.4
28/06/2018 10:23:50 AM	3612990230	1013.00	27.68	31.97	86.5	27.00	31.97	92.2	26.54	31.97	96.4	26.87	31.97	93.4
28/06/2018 10:23:51 AM	3612990231	1013.00	27.65	31.98	86.7	27.00	31.98	92.2	26.56	31.98	96.2	26.78	31.98	94.2
28/06/2018 10:23:52 AM	3612990232	1013.00	27.70	31.98	86.3	27.04	31.98	91.9	26.60	31.98	95.8	26.79	31.98	94.1
28/06/2018 10:23:53 AM	3612990233	1013.00	27.67	31.98	86.6	26.98	31.98	92.4	26.60	31.98	95.8	26.82	31.98	93.8
28/06/2018 10:23:54 AM	3612990234	1013.00	27.72	31.99	86.1	27.05	31.99	91.8	26.63	31.99	95.5	26.88	31.99	93.3
28/06/2018 10:23:55 AM	3612990235	1013.00	27.70	31.99	86.3	27.05	31.99	91.8	26.54	31.99	96.3	26.76	31.99	94.3
28/06/2018 10:23:56 AM	3612990236	1013.00	27.72	31.99	86.1	27.05	31.99	91.8	26.57	31.99	96.1	26.79	31.99	94.1
28/06/2018 10:23:57 AM	3612990237	1013.00	27.71	31.99	86.2	27.06	31.99	91.7	26.55	31.99	96.2	26.86	31.99	93.4
28/06/2018 10:23:58 AM	3612990238	1013.00	27.71	31.99	86.2	27.03	31.99	91.9	26.59	31.99	95.9	26.81	31.99	93.9
28/06/2018 10:23:59 AM	3612990239	1013.00	27.72	31.99	86.1	27.03	31.99	91.9	26.61	31.99	95.7	26.86	31.99	93.4
28/06/2018 10:24:00 AM	3612990240	1013.00	27.73	31.99	86.1	27.08	31.99	91.5	26.62	31.99	95.6	26.88	31.99	93.3
28/06/2018 10:24:01 AM	3612990241	1013.00	27.73	31.99	86.1	26.99	31.99	92.3	26.59	31.99	95.9	26.80	31.99	94.0
28/06/2018 10:24:02 AM	3612990242	1013.00	27.76	31.99	85.8	26.96	31.99	92.5	26.64	31.99	95.4	26.84	31.99	93.6
28/06/2018 10:24:03 AM	3612990243	1013.00	27.72	31.98	86.1	27.04	31.98	91.9	26.60	31.98	95.8	26.81	31.98	93.9
28/06/2018 10:24:04 AM	3612990244	1013.00	27.71	31.98	86.2	26.99	31.98	92.3	26.60	31.98	95.8	26.85	31.98	93.5
28/06/2018 10:24:05 AM	3612990245	1013.00	27.75	31.99	85.9	27.05	31.99	91.8	26.60	31.99	95.8	26.81	31.99	93.9
28/06/2018 10:24:06 AM	3612990246	1013.00	27.73	31.99	86.1	27.03	31.99	91.9	26.59	31.99	95.9	26.87	31.99	93.3
28/06/2018 10:24:07 AM	3612990247	1013.00	27.76	31.99	85.8	27.07	31.99	91.6	26.62	31.99	95.6	26.82	31.99	93.8
28/06/2018 10:24:08 AM	3612990248	1013.00	27.72	31.99	86.1	27.06	31.99	91.7	26.64	31.99	95.4	26.90	31.99	93.1
28/06/2018 10:24:09 AM	3612990249	1013.00	27.72	31.99	86.1	27.10	31.99	91.3	26.56	31.99	96.2	26.89	31.99	93.2
28/06/2018 10:24:10 AM	3612990250	1013.00	27.74	31.99	86.0	27.04	31.99	91.8	26.63	31.99	95.5	26.86	31.99	93.4
28/06/2018 10:24:11 AM	3612990251	1013.00	27.76	31.99	85.8	27.06	31.99	91.7	26.58	31.99	96.0	26.86	31.99	93.4
28/06/2018 10:24:12 AM	3612990252	1013.00	27.72	31.99	86.1	27.04	31.99	91.8	26.63	31.99	95.5	26.90	31.99	93.1
28/06/2018 10:24:13 AM	3612990253	1013.00	27.73	31.99	86.1	27.09	31.99	91.4	26.62	31.99	95.6	26.92	31.99	92.9
28/06/2018 10:24:14 AM	3612990254	1013.00	27.72	31.99	86.1	27.10	31.99	91.3	26.56	31.99	96.2	26.86	31.99	93.4
28/06/2018 10:24:15 AM	3612990255	1013.00	27.76	31.99	85.8	27.03	31.99	91.9	26.63	31.99	95.5	26.84	31.99	93.6
28/06/2018 10:24:16 AM	3612990256	1013.00	27.74	31.99	86.0	27.05	31.99	91.8	26.65	31.99	95.3	26.92	31.99	92.9
28/06/2018 10:24:17 AM	3612990257	1013.00	27.75	31.98	85.9	27.01	31.98	92.1	26.66	31.98	95.3	26.90	31.98	93.1
28/06/2018 10:24:18 AM	3612990258	1013.00	27.73	31.98	86.1	27.07	31.98	91.6	26.67	31.98	95.2	26.86	31.98	93.4
28/06/2018 10:24:19 AM	3612990259	1013.00	27.75	31.98	85.9	27.07	31.98	91.6	26.60	31.98	95.8	26.90	31.98	93.1
28/06/2018 10:24:20 AM	3612990260	1013.00	27.72	31.98	86.1	27.12	31.98	91.2	26.67	31.98	95.2	26.91	31.98	93.0
28/06/2018 10:24:21 AM	3612990261	1013.00	27.79	31.98	85.6	27.09	31.98	91.4	26.62	31.98	95.6	26.85	31.98	93.5
28/06/2018 10:24:22 AM	3612990262	1013.00	27.77	31.99	85.7	27.12	31.99	91.1	26.62	31.99	95.6	26.90	31.99	93.1
28/06/2018 10:24:23 AM	3612990263	1013.00	27.76	31.99	85.8	27.10	31.99	91.3	26.65	31.99	95.3	26.91	31.99	93.0
28/06/2018 10:24:24 AM	3612990264	1013.00	27.74	31.99	86.0	27.11	31.99	91.2	26.68	31.99	95.1	26.92	31.99	92.9
28/06/2018 10:24:25 AM	3612990265	1013.00	27.79	31.99	85.6	27.16	31.99	90.8	26.66	31.99	95.2	26.92	31.99	92.9
28/06/2018 10:24:26 AM	3612990266	1013.00	27.81	31.99	85.4	27.10	31.99	91.3	26.65	31.99	95.3	26.87	31.99	93.3
28/06/2018 10:24:27 AM	3612990267	1013.00	27.73	31.99	86.1	27.11	31.99	91.2	26.68	31.99	95.1	26.94	31.99	92.7
28/06/2018 10:24:28 AM	3612990268	1013.00	27.81	31.99	85.4	27.10	31.99	91.3	26.68	31.99	95.1	26.88	31.99	93.3
28/06/2018 10:24:29 AM	3612990269	1013.00	27.80	31.99	85.5	27.11	31.99	91.2	26.71	31.99	94.8	26.91	31.99	93.0
28/06/2018 10:24:30 AM	3612990270	1013.00	27.82	31.99	85.3	27.09	31.99	91.4	26.67	31.99	95.1	26.98	31.99	92.4
28/06/2018 10:24:31 AM	3612990271	1013.00	27.85	32.00	85.1	27.14	32.00	91.0	26.72	32.00	94.7	26.97	32.00	92.4
28/06/2018 10:24:32 AM	3612990272	1013.00	27.82	32.00	85.3	27.16	32.00	90.8	26.71	32.00	94.8	26.97	32.00	92.4
28/06/2018 10:24:33 AM	3612990273	1013.00	27.82	31.99	85.3	27.16	31.99	90.8	26.67	31.99	95.1	26.89	31.99	93.2
28/06/2018 10:24:34 AM	3612990274	1013.00	27.87	31.99	84.9	27.17	31.99	90.7	26.69	31.99	95.0	26.95	31.99	92.6
28/06/2018 10:24:35 AM	3612990275	1013.00	27.84	31.99	85.2	27.12	31.99	91.1	26.61	31.99	95.7	26.92	31.99	92.9
28/06/2018 10:24:36 AM	3612990276	1013.00	27.87	31.99	84.9	27.17	31.99	90.7	26.70	31.99	94.9	26.94	31.99	92.7
28/06/2018 10:24:37 AM	3612990277	1013.00	27.83	32.00	85.2	27.15	32.00	90.9	26.69	32.00	94.9	26.95	32.00	92.6
28/06/2018 10:24:38 AM	3612990278	1013.00	27.84	32.00	85.2	27.19	32.00	90.5	26.71	32.00	94.8	26.94	32.00	92.7
28/06/2018 10:24:39 AM	3612990279	1013.00	27.85	32.00	85.1	27.13	32.00	91.0	26.70	32.00	94.9	26.92	32.00	92.9
28/06/2018 10:24:40 AM	3612990280	1013.00	27.90	32.00	84.7	27.13	32.00	91.0	26.69	32.00	94.9	26.99	32.00	92.3
28/06/2018 10:24:41 AM	3612990281	1013.00	27.88	31.99	84.9	27.14	31.99	91.0	26.72	31.99	94.7	26.95	31.99	92.6
28/06/2018 10:24:42 AM	3612990282	1013.00	27.86	31.99	85.0	27.16	31.99	90.8	26.73	31.99	94.6	26.93	31.99	92.8
28/06/2018 10:24:43 AM	3612990283	1013.00	27.85	31.99	85.1	27.16	31.99	90.8	26.71	31.99	94.8	26.93	31.99	92.8
28/06/2018 10:24:44 AM	3612990284	1013.00	27.88	31.98	84.9	27.11	31.98	91.2	26.66	31.98	95.3	26.91	31.98	93.0
28/06/2018 10:24:45 AM	3612990285	1013.00	27.90	31.99	84.7	27.15	31.99	90.9	26.69	31.99	95.0	26.91	31.99	93.0
28/06/2018 10:24:46 AM	3612990286	1013.00	27.87	31.99	84.9	27.18	31.99	90.6	26.69	31.99	95.0	26.97	31.99	92.5
28/06/2018 10:24:47 AM	3612990287	1013.00	27.88	31.99	84.9	27.17	31.99	90.7	26.71	31.99	94.8	26.94	31.99	92.7
28/06/2018 10:24:48 AM	3612990288	1013.00	27.91	31.99	84.6	27.15	31.99	90.9	26.68	31.99	95.1	26.98	31.99	92.4
28/06/2018 10:24:49 AM	3612990289	1013.00	27.87	31.99	84.9	27.14	31.99	91.0	26.72	31.99	94.7	26.98	31.99	92.4
28/06/2018 10:24:50 AM	3612990290	1013.00	27.90	31.99	84.7	27.16	31.99	90.8	26.71	31.99	94.8	26.92	31.99	92.9
28/06/2018 10:24:51 AM	3612990291	1013.00	27.89	31.99	84.8	27.11	31.99	91.2	26.71	31.99	94.8	27.00	31.99	92.2
28/06/2018 10:24:52 AM	3612990292	1013.00	27.91	31.99	84.6	27.18	31.99	90.6	26.69	31.99	95.0	26.94	31.99	92.7
28/06/2018 10:24:53 AM	3612990293	1013.00	27.93	31.99	84.5	27.19	31.99	90.5	26.66	31.99	95.2	26.97	31.99	92.5
28/06/2018 10:24:54 AM	3612990294	1013.00	27.91	32.00	84.6	27.17	32.00	90.7	26.71	32.00	94.8	27.00	32.00	92.2
28/06/2018 10:24:55 AM	3612990295	1013.00	27.87	32.00	84.9	27.15	32.00	90.9	26.76	32.00	94.3	26.94	32.00	92.7
28/06/2018 10:24:56 AM	3612990296	1013.00	27.90	32.00	84.7	27.16	32.00	90.8	26.76	32.00	94.3	26.98	32.00	92.4
28/06/2018 10:24:57 AM	3612990297	1013.00	27.94	32.00	84.4	27.15	32.00	90.9	26.77	32.00	94.2	26.90	32.00	93.1
28/06/2018 10:24:58 AM	3612990298	1013.00	27.91	32.00	84.6	27.23	32.00	90.2	26.72	32.00	94.7	26.99	32.00	92.3
28/06/2018 10:24:59 AM	3612990299	1013.00	27.92	32.00	84.5	27.21	32.00	90.4	26.77	32.00	94.2	26.96	32.00	92.5
28/06/2018 10:25:00 AM	3612990300	1013.00	27.95	32.00	84.3	27.15	32.00	90.9	26.72	32.00	94.7	26.97	32.00	92.4
28/06/2018 10:25:01 AM	3612990301	1013.00	27.91	31.99	84.6	27.17	31.99	90.7	26.71	31.99	94.8	26.93	31.99	92.8
28/06/2018 10:25:02 AM	3612990302	1013.00	27.90	31.99	84.7	27.22	31.99	90.3	26.74	31.99	94.5	27.03	31.99	91.9
28/06/2018 10:25:03 AM	3612990303	1013.00	27.90	31.99	84.7	27.20	31.99	90.5	26.73	31.99	94.6	27.00	31.99	92.2
28/06/2018 10:25:04 AM	3612990304	1013.00	27.90	31.98	84.7	27.20	31.98	90.5	26.77	31.98	94.3	26.99	31.98	92.3
28/06/2018 10:25:05 AM	3612990305	1013.00	27.89	31.99	84.8	27.15	31.99	90.9	26.74	31.99	94.5	27.05	31.99	91.8
28/06/2018 10:25:06 AM	3612990306	1013.00	27.89	31.99	84.8	27.18	31.99	90.6	26.76	31.99	94.3	26.98	31.99	92.4
28/06/2018 10:25:07 AM	3612990307	1013.00	27.91	31.99	84.6	27.18	31.99	90.6	26.71	31.99	94.8	27.02	31.99	92.0
28/06/2018 10:25:08 AM	3612990308	1013.00	27.92	31.99	84.5	27.20	31.99	90.5	26.71	31.99	94.8	27.06	31.99	91.7
28/06/2018 10:25:09 AM	3612990309	1013.00	27.93	32.00	84.4	27.20	32.00	90.4	26.74	32.00	94.5	27.01	32.00	92.1
28/06/2018 10:25:10 AM	3612990310	1013.00	27.96	31.99	84.2	27.24	31.99	90.1	26.72	31.99	94.7	27.01	31.99	92.1
28/06/2018 10:25:11 AM	3612990311	1013.00	27.96	32.00	84.2	27.19	32.00	90.5	26.71	32.00	94.8	27.01	32.00	92.1
28/06/2018 10:25:12 AM	3612990312	1013.00	27.96	32.00	84.2	27.26	32.00	89.9	26.74	32.00	94.5	27.00	32.00	92.2
28/06/2018 10:25:13 AM	3612990313	1013.00	27.97	32.00	84.1	27.24	32.00	90.1	26.77	32.00	94.2	26.98	32.00	92.4
28/06/2018 10:25:14 AM	3612990314	1013.00	27.97	31.99	84.1	27.23	31.99	90.2	26.74	31.99	94.5	27.02	31.99	92.0
28/06/2018 10:25:15 AM	3612990315	1013.00	27.96	32.00	84.2	27.24	32.00	90.1	26.75	32.00	94.4	27.04	32.00	91.8
28/06/2018 10:25:16 AM	3612990316	1013.00	27.98	31.99	84.1	27.17	31.99	90.7	26.75	31.99	94.4	27.02	31.99	92.0
28/06/2018 10:25:17 AM	3612990317	1013.00	27.94	32.00	84.4	27.19	32.00	90.5	26.75	32.00	94.4	26.97	32.00	92.4
28/06/2018 10:25:18 AM	3612990318	1013.00	27.95	32.00	84.3	27.25	32.00	90.0	26.75	32.00	94.4	27.01	32.00	92.1
28/06/2018 10:25:19 AM	3612990319	1013.00	27.94	32.00	84.4	27.27	32.00	89.8	26.81	32.00	93.9	27.03	32.00	91.9
28/06/2018 10:25:20 AM	3612990320	1013.00	27.96	31.99	84.2	27.21	31.99	90.4	26.73	31.99	94.6	26.98	31.99	92.4
28/06/2018 10:25:21 AM	3612990321	1013.00	27.99	31.99	84.0	27.23	31.99	90.2	26.79	31.99	94.1	27.07	31.99	91.6
28/06/2018 10:25:22 AM	3612990322	1013.00	27.99	31.99	84.0	27.24	31.99	90.1	26.74	31.99	94.5	27.09	31.99	91.4
28/06/2018 10:25:23 AM	3612990323	1013.00	28.02	31.98	83.8	27.24	31.98	90.1	26.78	31.98	94.2	27.05	31.98	91.8
28/06/2018 10:25:24 AM	3612990324	1013.00	28.01	31.99	83.8	27.25	31.99	90.0	26.77	31.99	94.2	27.03	31.99	91.9
28/06/2018 10:25:25 AM	3612990325	1013.00	28.01	31.99	83.8	27.30	31.99	89.6	26.77	31.99	94.2	27.04	31.99	91.8
28/06/2018 10:25:26 AM	3612990326	1013.00	28.00	32.00	83.9	27.22	32.00	90.3	26.80	32.00	94.0	27.03	32.00	91.9
28/06/2018 10:25:27 AM	3612990327	1013.00	27.99	32.00	84.0	27.24	32.00	90.1	26.80	32.00	94.0	27.03	32.00	91.9
28/06/2018 10:25:28 AM	3612990328	1013.00	27.99	32.00	84.0	27.28	32.00	89.8	26.79	32.00	94.0	27.02	32.00	92.0
28/06/2018 10:25:29 AM	3612990329	1013.00	28.02	32.00	83.7	27.27	32.00	89.8	26.78	32.00	94.1	27.07	32.00	91.6
28/06/2018 10:25:30 AM	3612990330	1013.00	28.01	32.00	83.8	27.23	32.00	90.2	26.78	32.00	94.1	27.08	32.00	91.5
28/06/2018 10:25:31 AM	3612990331	1013.00	28.07	31.99	83.4	27.26	31.99	89.9	26.83	31.99	93.7	27.06	31.99	91.7
28/06/2018 10:25:32 AM	3612990332	1013.00	28.05	31.99	83.5	27.22	31.99	90.3	26.77	31.99	94.2	27.10	31.99	91.3
28/06/2018 10:25:33 AM	3612990333	1013.00	28.03	31.99	83.7	27.30	31.99	89.6	26.76	31.99	94.3	27.07	31.99	91.6
28/06/2018 10:25:34 AM	3612990334	1013.00	28.05	32.00	83.5	27.28	32.00	89.8	26.80	32.00	94.0	27.08	32.00	91.5
28/06/2018 10:25:35 AM	3612990335	1013.00	28.05	32.00	83.5	27.29	32.00	89.7	26.76	32.00	94.3	27.09	32.00	91.4
28/06/2018 10:25:36 AM	3612990336	1013.00	28.04	32.00	83.6	27.22	32.00	90.3	26.82	32.00	93.8	27.03	32.00	91.9
28/06/2018 10:25:37 AM	3612990337	1013.00	28.09	32.00	83.2	27.32	32.00	89.4	26.71	32.00	94.8	27.05	32.00	91.7
28/06/2018 10:25:38 AM	3612990338	1013.00	28.05	31.99	83.5	27.26	31.99	89.9	26.82	31.99	93.8	27.10	31.99	91.3
28/06/2018 10:25:39 AM	3612990339	1013.00	28.04	32.00	83.6	27.32	32.00	89.4	26.79	32.00	94.0	27.08	32.00	91.5
28/06/2018 10:25:40 AM	3612990340	1013.00	28.08	31.99	83.3	27.27	31.99	89.9	26.80	31.99	94.0	27.10	31.99	91.3
28/06/2018 10:25:41 AM	3612990341	1013.00	28.07	31.99	83.4	27.31	31.99	89.5	26.75	31.99	94.4	27.05	31.99	91.8
28/06/2018 10:25:42 AM	3612990342	1013.00	28.04	31.99	83.6	27.29	31.99	89.7	26.79	31.99	94.1	27.06	31.99	91.7
28/06/2018 10:25:43 AM	3612990343	1013.00	28.05	31.99	83.5	27.27	31.99	89.9	26.75	31.99	94.4	27.08	31.99	91.5
28/06/2018 10:25:44 AM	3612990344	1013.00	28.08	31.99	83.3	27.26	31.99	89.9	26.78	31.99	94.1	27.05	31.99	91.8
28/06/2018 10:25:45 AM	3612990345	1013.00	28.06	31.99	83.4	27.26	31.99	89.9	26.82	31.99	93.8	27.07	31.99	91.6
28/06/2018 10:25:46 AM	3612990346	1013.00	28.11	31.99	83.1	27.25	31.99	90.0	26.81	31.99	93.9	27.05	31.99	91.8
28/06/2018 10:25:47 AM	3612990347	1013.00	28.10	31.99	83.1	27.27	31.99	89.9	26.76	31.99	94.3	27.10	31.99	91.3
28/06/2018 10:25:48 AM	3612990348	1013.00	28.11	32.00	83.0	27.26	32.00	89.9	26.79	32.00	94.0	27.11	32.00	91.2
28/06/2018 10:25:49 AM	3612990349	1013.00	28.09	32.00	83.2	27.32	32.00	89.4	26.83	32.00	93.7	27.04	32.00	91.8
28/06/2018 10:25:50 AM	3612990350	1013.00	28.09	32.00	83.2	27.29	32.00	89.7	26.80	32.00	94.0	27.12	32.00	91.1
28/06/2018 10:25:51 AM	3612990351	1013.00	28.08	32.00	83.3	27.31	32.00	89.5	26.77	32.00	94.2	27.10	32.00	91.3
28/06/2018 10:25:52 AM	3612990352	1013.00	28.11	32.00	83.0	27.33	32.00	89.3	26.82	32.00	93.8	27.13	32.00	91.0
28/06/2018 10:25:53 AM	3612990353	1013.00	28.09	32.00	83.2	27.22	32.00	90.3	26.77	32.00	94.2	27.09	32.00	91.4
28/06/2018 10:25:54 AM	3612990354	1013.00	28.10	31.99	83.1	27.36	31.99	89.1	26.84	31.99	93.6	27.04	31.99	91.8
28/06/2018 10:25:55 AM	3612990355	1013.00	28.17	31.99	82.6	27.33	31.99	89.4	26.78	31.99	94.1	27.10	31.99	91.3
28/06/2018 10:25:56 AM	3612990356	1013.00	28.13	31.99	82.9	27.29	31.99	89.7	26.80	31.99	94.0	27.11	31.99	91.2
28/06/2018 10:25:57 AM	3612990357	1013.00	28.12	31.99	83.0	27.34	31.99	89.3	26.82	31.99	93.8	27.14	31.99	91.0
28/06/2018 10:25:58 AM	3612990358	1013.00	28.13	31.98	82.9	27.35	31.98	89.2	26.80	31.98	94.0	27.14	31.98	91.0
28/06/2018 10:25:59 AM	3612990359	1013.00	28.15	31.99	82.8	27.31	31.99	89.5	26.81	31.99	93.9	27.16	31.99	90.8
28/06/2018 10:26:00 AM	3612990360	1013.00	28.15	31.99	82.8	27.34	31.99	89.3	26.82	31.99	93.8	27.15	31.99	90.9
28/06/2018 10:26:01 AM	3612990361	1013.00	28.16	31.98	82.7	27.27	31.98	89.9	26.83	31.98	93.7	27.09	31.98	91.4
28/06/2018 10:26:02 AM	3612990362	1013.00	28.14	31.99	82.8	27.32	31.99	89.4	26.85	31.99	93.5	27.05	31.99	91.8
28/06/2018 10:26:03 AM	3612990363	1013.00	28.16	31.99	82.7	27.28	31.99	89.8	26.82	31.99	93.8	27.14	31.99	91.0
28/06/2018 10:26:04 AM	3612990364	1013.00	28.12	31.99	83.0	27.40	31.99	88.8	26.84	31.99	93.6	27.12	31.99	91.1
28/06/2018 10:26:05 AM	3612990365	1013.00	28.10	31.99	83.1	27.36	31.99	89.1	26.78	31.99	94.1	27.09	31.99	91.4
28/06/2018 10:26:06 AM	3612990366	1013.00	28.12	32.00	83.0	27.29	32.00	89.7	26.85	32.00	93.5	27.14	32.00	91.0
28/06/2018 10:26:07 AM	3612990367	1013.00	28.17	32.00	82.6	27.30	32.00	89.6	26.80	32.00	94.0	27.14	32.00	91.0
28/06/2018 10:26:08 AM	3612990368	1013.00	28.12	32.00	83.0	27.33	32.00	89.3	26.82	32.00	93.8	27.14	32.00	91.0
28/06/2018 10:26:09 AM	3612990369	1013.00	28.12	31.99	83.0	27.40	31.99	88.8	26.84	31.99	93.6	27.09	31.99	91.4
28/06/2018 10:26:10 AM	3612990370	1013.00	28.16	31.99	82.7	27.37	31.99	89.0	26.84	31.99	93.6	27.13	31.99	91.1
28/06/2018 10:26:11 AM	3612990371	1013.00	28.14	31.99	82.8	27.36	31.99	89.1	26.87	31.99	93.3	27.12	31.99	91.1
28/06/2018 10:26:12 AM	3612990372	1013.00	28.15	31.99	82.8	27.30	31.99	89.6	26.82	31.99	93.8	27.19	31.99	90.5
28/06/2018 10:26:13 AM	3612990373	1013.00	28.16	31.99	82.7	27.29	31.99	89.7	26.80	31.99	94.0	27.16	31.99	90.8
28/06/2018 10:26:14 AM	3612990374	1013.00	28.21	31.99	82.3	27.34	31.99	89.3	26.87	31.99	93.3	27.18	31.99	90.6
28/06/2018 10:26:15 AM	3612990375	1013.00	28.18	31.99	82.5	27.32	31.99	89.4	26.86	31.99	93.4	27.13	31.99	91.1
28/06/2018 10:26:16 AM	3612990376	1013.00	28.19	31.99	82.4	27.32	31.99	89.4	26.88	31.99	93.3	27.15	31.99	90.9
28/06/2018 10:26:17 AM	3612990377	1013.00	28.23	31.98	82.2	27.36	31.98	89.1	26.79	31.98	94.1	27.20	31.98	90.5
28/06/2018 10:26:18 AM	3612990378	1013.00	28.23	31.98	82.2	27.37	31.98	89.0	26.85	31.98	93.5	27.17	31.98	90.7
28/06/2018 10:26:19 AM	3612990379	1013.00	28.24	31.98	82.1	27.33	31.98	89.4	26.88	31.98	93.3	27.21	31.98	90.4
28/06/2018 10:26:20 AM	3612990380	1013.00	28.21	31.98	82.3	27.29	31.98	89.7	26.87	31.98	93.4	27.20	31.98	90.5
28/06/2018 10:26:21 AM	3612990381	1013.00	28.23	31.99	82.1	27.40	31.99	88.8	26.86	31.99	93.4	27.14	31.99	91.0
28/06/2018 10:26:22 AM	3612990382	1013.00	28.28	31.99	81.8	27.38	31.99	88.9	26.88	31.99	93.3	27.20	31.99	90.5
28/06/2018 10:26:23 AM	3612990383	1013.00	28.26	31.99	81.9	27.34	31.99	89.3	26.90	31.99	93.1	27.18	31.99	90.6
28/06/2018 10:26:24 AM	3612990384	1013.00	28.20	31.99	82.4	27.33	31.99	89.4	26.83	31.99	93.7	27.13	31.99	91.1
28/06/2018 10:26:25 AM	3612990385	1013.00	28.25	31.99	82.0	27.36	31.99	89.1	26.85	31.99	93.5	27.17	31.99	90.7
28/06/2018 10:26:26 AM	3612990386	1013.00	28.23	32.00	82.1	27.41	32.00	88.7	26.88	32.00	93.2	27.14	32.00	91.0
28/06/2018 10:26:27 AM	3612990387	1013.00	28.26	31.99	81.9	27.40	31.99	88.8	26.86	31.99	93.4	27.13	31.99	91.1
28/06/2018 10:26:28 AM	3612990388	1013.00	28.24	31.99	82.1	27.44	31.99	88.4	26.90	31.99	93.1	27.16	31.99	90.8
28/06/2018 10:26:29 AM	3612990389	1013.00	28.22	31.99	82.2	27.37	31.99	89.0	26.84	31.99	93.6	27.15	31.99	90.9
28/06/2018 10:26:30 AM	3612990390	1013.00	28.28	31.98	81.8	27.34	31.98	89.3	26.87	31.98	93.4	27.22	31.98	90.3
28/06/2018 10:26:31 AM	3612990391	1013.00	28.26	31.98	81.9	27.40	31.98	88.8	26.89	31.98	93.2	27.19	31.98	90.6
28/06/2018 10:26:32 AM	3612990392	1013.00	28.28	31.99	81.8	27.49	31.99	88.0	26.91	31.99	93.0	27.20	31.99	90.5
28/06/2018 10:26:33 AM	3612990393	1013.00	28.28	31.99	81.8	27.37	31.99	89.0	26.88	31.99	93.3	27.19	31.99	90.5
28/06/2018 10:26:34 AM	3612990394	1013.00	28.28	31.99	81.8	27.42	31.99	88.6	26.89	31.99	93.2	27.14	31.99	91.0
28/06/2018 10:26:35 AM	3612990395	1013.00	28.28	31.99	81.8	27.38	31.99	88.9	26.86	31.99	93.4	27.22	31.99	90.3
28/06/2018 10:26:36 AM	3612990396	1013.00	28.25	31.98	82.0	27.32	31.98	89.5	26.88	31.98	93.3	27.21	31.98	90.4
28/06/2018 10:26:37 AM	3612990397	1013.00	28.26	31.98	81.9	27.38	31.98	88.9	26.87	31.98	93.4	27.22	31.98	90.3
28/06/2018 10:26:38 AM	3612990398	1013.00	28.30	31.98	81.6	27.42	31.98	88.6	26.86	31.98	93.4	27.17	31.98	90.7
28/06/2018 10:26:39 AM	3612990399	1013.00	28.31	31.98	81.5	27.39	31.98	88.9	26.88	31.98	93.3	27.16	31.98	90.8
28/06/2018 10:26:40 AM	3612990400	1013.00	28.30	31.99	81.6	27.36	31.99	89.1	26.85	31.99	93.5	27.15	31.99	90.9
28/06/2018 10:26:41 AM	3612990401	1013.00	28.27	31.99	81.8	27.43	31.99	88.5	26.86	31.99	93.4	27.19	31.99	90.5
28/06/2018 10:26:42 AM	3612990402	1013.00	28.28	31.99	81.8	27.35	31.99	89.2	26.91	31.99	93.0	27.24	31.99	90.1
28/06/2018 10:26:43 AM	3612990403	1013.00	28.29	31.99	81.7	27.43	31.99	88.5	26.94	31.99	92.7	27.20	31.99	90.5
28/06/2018 10:26:44 AM	3612990404	1013.00	28.33	31.99	81.4	27.37	31.99	89.0	26.91	31.99	93.0	27.28	31.99	89.8
28/06/2018 10:26:45 AM	3612990405	1013.00	28.33	31.99	81.4	27.49	31.99	88.0	26.88	31.99	93.3	27.19	31.99	90.5
28/06/2018 10:26:46 AM	3612990406	1013.00	28.30	31.99	81.6	27.40	31.99	88.8	26.90	31.99	93.1	27.20	31.99	90.5
28/06/2018 10:26:47 AM	3612990407	1013.00	28.30	31.99	81.6	27.40	31.99	88.8	26.86	31.99	93.4	27.23	31.99	90.2
28/06/2018 10:26:48 AM	3612990408	1013.00	28.32	31.99	81.5	27.42	31.99	88.6	26.90	31.99	93.1	27.18	31.99	90.6
28/06/2018 10:26:49 AM	3612990409	1013.00	28.32	31.99	81.5	27.42	31.99	88.6	26.87	31.99	93.3	27.15	31.99	90.9
28/06/2018 10:26:50 AM	3612990410	1013.00	28.32	31.99	81.5	27.47	31.99	88.2	26.88	31.99	93.3	27.20	31.99	90.5
28/06/2018 10:26:51 AM	3612990411	1013.00	28.34	32.00	81.3	27.47	32.00	88.2	26.93	32.00	92.8	27.23	32.00	90.2
28/06/2018 10:26:52 AM	3612990412	1013.00	28.35	32.00	81.2	27.45	32.00	88.3	26.89	32.00	93.1	27.23	32.00	90.2
28/06/2018 10:26:53 AM	3612990413	1013.00	28.30	32.00	81.6	27.43	32.00	88.5	26.89	32.00	93.1	27.23	32.00	90.2
28/06/2018 10:26:54 AM	3612990414	1013.00	28.34	32.00	81.3	27.44	32.00	88.4	26.94	32.00	92.7	27.20	32.00	90.4
28/06/2018 10:26:55 AM	3612990415	1013.00	28.34	32.00	81.3	27.40	32.00	88.7	26.96	32.00	92.5	27.25	32.00	90.0
28/06/2018 10:26:56 AM	3612990416	1013.00	28.36	31.99	81.2	27.42	31.99	88.6	26.95	31.99	92.6	27.25	31.99	90.0
28/06/2018 10:26:57 AM	3612990417	1013.00	28.34	31.99	81.3	27.44	31.99	88.4	26.93	31.99	92.8	27.20	31.99	90.5
28/06/2018 10:26:58 AM	3612990418	1013.00	28.35	31.99	81.2	27.46	31.99	88.3	26.94	31.99	92.7	27.23	31.99	90.2
28/06/2018 10:26:59 AM	3612990419	1013.00	28.35	31.99	81.2	27.48	31.99	88.1	26.95	31.99	92.6	27.27	31.99	89.9
28/06/2018 10:27:00 AM	3612990420	1013.00	28.31	31.99	81.5	27.41	31.99	88.7	26.98	31.99	92.4	27.28	31.99	89.8
28/06/2018 10:27:01 AM	3612990421	1013.00	28.34	31.99	81.3	27.43	31.99	88.5	26.94	31.99	92.7	27.25	31.99	90.0
28/06/2018 10:27:02 AM	3612990422	1013.00	28.38	31.99	81.0	27.42	31.99	88.6	26.94	31.99	92.7	27.26	31.99	89.9
28/06/2018 10:27:03 AM	3612990423	1013.00	28.35	31.99	81.2	27.50	31.99	87.9	26.94	31.99	92.7	27.19	31.99	90.5
28/06/2018 10:27:04 AM	3612990424	1013.00	28.33	31.99	81.4	27.45	31.99	88.3	26.92	31.99	92.9	27.26	31.99	89.9
28/06/2018 10:27:05 AM	3612990425	1013.00	28.37	31.99	81.1	27.42	31.99	88.6	26.95	31.99	92.6	27.22	31.99	90.3
28/06/2018 10:27:06 AM	3612990426	1013.00	28.36	31.99	81.2	27.39	31.99	88.8	26.93	31.99	92.8	27.22	31.99	90.3
28/06/2018 10:27:07 AM	3612990427	1013.00	28.35	32.00	81.2	27.48	32.00	88.1	26.91	32.00	93.0	27.33	32.00	89.3
28/06/2018 10:27:08 AM	3612990428	1013.00	28.35	31.99	81.2	27.47	31.99	88.2	26.97	31.99	92.5	27.25	31.99	90.0
28/06/2018 10:27:09 AM	3612990429	1013.00	28.36	31.99	81.2	27.48	31.99	88.1	26.93	31.99	92.8	27.26	31.99	89.9
28/06/2018 10:27:10 AM	3612990430	1013.00	28.33	31.99	81.4	27.50	31.99	87.9	26.95	31.99	92.6	27.26	31.99	89.9
28/06/2018 10:27:11 AM	3612990431	1013.00	28.34	32.00	81.3	27.50	32.00	87.9	26.94	32.00	92.7	27.29	32.00	89.7
28/06/2018 10:27:12 AM	3612990432	1013.00	28.38	32.00	81.0	27.53	32.00	87.7	26.94	32.00	92.7	27.32	32.00	89.4
28/06/2018 10:27:13 AM	3612990433	1013.00	28.34	32.00	81.3	27.47	32.00	88.2	26.96	32.00	92.5	27.28	32.00	89.8
28/06/2018 10:27:14 AM	3612990434	1013.00	28.35	32.00	81.2	27.51	32.00	87.8	26.95	32.00	92.6	27.23	32.00	90.2
28/06/2018 10:27:15 AM	3612990435	1013.00	28.40	32.00	80.8	27.48	32.00	88.1	26.98	32.00	92.4	27.34	32.00	89.3
28/06/2018 10:27:16 AM	3612990436	1013.00	28.32	32.00	81.4	27.48	32.00	88.1	26.94	32.00	92.7	27.29	32.00	89.7
28/06/2018 10:27:17 AM	3612990437	1013.00	28.34	32.00	81.3	27.45	32.00	88.3	26.97	32.00	92.4	27.37	32.00	89.0
28/06/2018 10:27:18 AM	3612990438	1013.00	28.38	32.00	81.0	27.47	32.00	88.2	26.95	32.00	92.6	27.29	32.00	89.7
28/06/2018 10:27:19 AM	3612990439	1013.00	28.38	32.00	81.0	27.54	32.00	87.6	26.90	32.00	93.1	27.37	32.00	89.0
28/06/2018 10:27:20 AM	3612990440	1013.00	28.35	32.00	81.2	27.51	32.00	87.8	27.01	32.00	92.1	27.29	32.00	89.7
28/06/2018 10:27:21 AM	3612990441	1013.00	28.36	32.00	81.1	27.48	32.00	88.1	26.99	32.00	92.3	27.36	32.00	89.1
28/06/2018 10:27:22 AM	3612990442	1013.00	28.32	32.00	81.4	27.55	32.00	87.5	26.98	32.00	92.4	27.34	32.00	89.3
28/06/2018 10:27:23 AM	3612990443	1013.00	28.39	32.00	80.9	27.55	32.00	87.5	27.00	32.00	92.2	27.31	32.00	89.5
28/06/2018 10:27:24 AM	3612990444	1013.00	28.40	31.99	80.9	27.55	31.99	87.5	26.98	31.99	92.4	27.35	31.99	89.2
28/06/2018 10:27:25 AM	3612990445	1013.00	28.38	31.99	81.0	27.52	31.99	87.8	27.02	31.99	92.0	27.36	31.99	89.1
28/06/2018 10:27:26 AM	3612990446	1013.00	28.37	31.99	81.1	27.55	31.99	87.5	27.03	31.99	91.9	27.38	31.99	88.9
28/06/2018 10:27:27 AM	3612990447	1013.00	28.38	31.99	81.0	27.56	31.99	87.4	27.01	31.99	92.1	27.33	31.99	89.4
28/06/2018 10:27:28 AM	3612990448	1013.00	28.42	31.99	80.7	27.49	31.99	88.0	27.03	31.99	91.9	27.38	31.99	88.9
28/06/2018 10:27:29 AM	3612990449	1013.00	28.40	31.99	80.9	27.54	31.99	87.6	27.00	31.99	92.2	27.33	31.99	89.4
28/06/2018 10:27:30 AM	3612990450	1013.00	28.44	31.99	80.6	27.55	31.99	87.5	26.98	31.99	92.4	27.37	31.99	89.0
28/06/2018 10:27:31 AM	3612990451	1013.00	28.43	31.99	80.6	27.55	31.99	87.5	27.00	31.99	92.2	27.38	31.99	88.9
28/06/2018 10:27:32 AM	3612990452	1013.00	28.41	31.99	80.8	27.62	31.99	86.9	26.99	31.99	92.3	27.40	31.99	88.8
28/06/2018 10:27:33 AM	3612990453	1013.00	28.39	31.99	80.9	27.59	31.99	87.2	27.03	31.99	91.9	27.36	31.99	89.1
28/06/2018 10:27:34 AM	3612990454	1013.00	28.40	31.99	80.9	27.52	31.99	87.8	27.06	31.99	91.7	27.38	31.99	88.9
28/06/2018 10:27:35 AM	3612990455	1013.00	28.43	31.99	80.6	27.50	31.99	87.9	27.06	31.99	91.7	27.37	31.99	89.0
28/06/2018 10:27:36 AM	3612990456	1013.00	28.41	31.99	80.8	27.52	31.99	87.8	27.06	31.99	91.7	27.42	31.99	88.6
28/06/2018 10:27:37 AM	3612990457	1013.00	28.41	31.99	80.8	27.60	31.99	87.1	27.00	31.99	92.2	27.40	31.99	88.8
28/06/2018 10:27:38 AM	3612990458	1013.00	28.47	31.99	80.3	27.53	31.99	87.7	27.02	31.99	92.0	27.41	31.99	88.7
28/06/2018 10:27:39 AM	3612990459	1013.00	28.41	31.99	80.8	27.57	31.99	87.4	27.05	31.99	91.8	27.44	31.99	88.4
28/06/2018 10:27:40 AM	3612990460	1013.00	28.44	31.99	80.6	27.60	31.99	87.1	27.06	31.99	91.7	27.40	31.99	88.8
28/06/2018 10:27:41 AM	3612990461	1013.00	28.43	31.99	80.6	27.53	31.99	87.7	27.03	31.99	91.9	27.47	31.99	88.2
28/06/2018 10:27:42 AM	3612990462	1013.00	28.44	31.99	80.6	27.54	31.99	87.6	27.01	31.99	92.1	27.45	31.99	88.3
28/06/2018 10:27:43 AM	3612990463	1013.00	28.43	31.99	80.6	27.60	31.99	87.1	27.06	31.99	91.7	27.41	31.99	88.7
28/06/2018 10:27:44 AM	3612990464	1013.00	28.42	31.99	80.7	27.60	31.99	87.1	27.10	31.99	91.3	27.39	31.99	88.8
28/06/2018 10:27:45 AM	3612990465	1013.00	28.43	31.99	80.6	27.61	31.99	87.0	26.99	31.99	92.3	27.40	31.99	88.8
28/06/2018 10:27:46 AM	3612990466	1013.00	28.46	31.99	80.4	27.66	31.99	86.6	27.03	31.99	91.9	27.42	31.99	88.6
28/06/2018 10:27:47 AM	3612990467	1013.00	28.46	31.98	80.4	27.62	31.98	87.0	27.06	31.98	91.7	27.43	31.98	88.5
28/06/2018 10:27:48 AM	3612990468	1013.00	28.43	31.98	80.6	27.65	31.98	86.7	27.05	31.98	91.8	27.36	31.98	89.1
28/06/2018 10:27:49 AM	3612990469	1013.00	28.42	31.98	80.7	27.63	31.98	86.9	27.04	31.98	91.9	27.40	31.98	88.8
28/06/2018 10:27:50 AM	3612990470	1013.00	28.48	31.98	80.3	27.58	31.98	87.3	27.05	31.98	91.8	27.41	31.98	88.7
28/06/2018 10:27:51 AM	3612990471	1013.00	28.47	31.99	80.3	27.59	31.99	87.2	27.07	31.99	91.6	27.39	31.99	88.8
28/06/2018 10:27:52 AM	3612990472	1013.00	28.45	31.99	80.5	27.59	31.99	87.2	27.08	31.99	91.5	27.42	31.99	88.6
28/06/2018 10:27:53 AM	3612990473	1013.00	28.47	31.99	80.3	27.67	31.99	86.5	27.04	31.99	91.8	27.44	31.99	88.4
28/06/2018 10:27:54 AM	3612990474	1013.00	28.47	31.99	80.3	27.67	31.99	86.5	27.05	31.99	91.8	27.48	31.99	88.1
28/06/2018 10:27:55 AM	3612990475	1013.00	28.47	31.99	80.3	27.62	31.99	86.9	27.06	31.99	91.7	27.46	31.99	88.3
28/06/2018 10:27:56 AM	3612990476	1013.00	28.45	31.99	80.5	27.58	31.99	87.3	27.05	31.99	91.8	27.44	31.99	88.4
28/06/2018 10:27:57 AM	3612990477	1013.00	28.47	31.99	80.3	27.59	31.99	87.2	27.09	31.99	91.4	27.40	31.99	88.8
28/06/2018 10:27:58 AM	3612990478	1013.00	28.51	31.99	80.0	27.68	31.99	86.5	27.10	31.99	91.3	27.48	31.99	88.1
28/06/2018 10:27:59 AM	3612990479	1013.00	28.48	31.99	80.3	27.71	31.99	86.2	27.05	31.99	91.8	27.47	31.99	88.2
28/06/2018 10:28:00 AM	3612990480	1013.00	28.51	31.99	80.0	27.67	31.99	86.5	27.09	31.99	91.4	27.46	31.99	88.3
28/06/2018 10:28:01 AM	3612990481	1013.00	28.53	31.99	79.9	27.69	31.99	86.4	27.05	31.99	91.8	27.49	31.99	88.0
28/06/2018 10:28:02 AM	3612990482	1013.00	28.49	31.99	80.2	27.64	31.99	86.8	27.08	31.99	91.5	27.50	31.99	87.9
28/06/2018 10:28:03 AM	3612990483	1013.00	28.48	31.98	80.3	27.63	31.98	86.9	27.07	31.98	91.6	27.52	31.98	87.8
28/06/2018 10:28:04 AM	3612990484	1013.00	28.50	31.98	80.1	27.65	31.98	86.7	27.14	31.98	91.0	27.52	31.98	87.8
28/06/2018 10:28:05 AM	3612990485	1013.00	28.47	31.99	80.3	27.65	31.99	86.7	27.11	31.99	91.2	27.49	31.99	88.0
28/06/2018 10:28:06 AM	3612990486	1013.00	28.51	31.99	80.0	27.66	31.99	86.6	27.10	31.99	91.3	27.55	31.99	87.5
28/06/2018 10:28:07 AM	3612990487	1013.00	28.51	32.00	80.0	27.71	32.00	86.2	27.16	32.00	90.8	27.53	32.00	87.7
28/06/2018 10:28:08 AM	3612990488	1013.00	28.51	32.00	80.0	27.71	32.00	86.2	27.12	32.00	91.1	27.51	32.00	87.8
28/06/2018 10:28:09 AM	3612990489	1013.00	28.51	32.00	80.0	27.76	32.00	85.8	27.09	32.00	91.4	27.51	32.00	87.8
28/06/2018 10:28:10 AM	3612990490	1013.00	28.51	32.00	80.0	27.74	32.00	86.0	27.07	32.00	91.6	27.52	32.00	87.8
28/06/2018 10:28:11 AM	3612990491	1013.00	28.47	31.99	80.3	27.69	31.99	86.4	27.11	31.99	91.2	27.55	31.99	87.5
28/06/2018 10:28:12 AM	3612990492	1013.00	28.50	31.99	80.1	27.69	31.99	86.4	27.14	31.99	91.0	27.55	31.99	87.5
28/06/2018 10:28:13 AM	3612990493	1013.00	28.53	31.98	79.9	27.70	31.98	86.3	27.11	31.98	91.2	27.57	31.98	87.4
28/06/2018 10:28:14 AM	3612990494	1013.00	28.50	31.98	80.1	27.65	31.98	86.7	27.15	31.98	90.9	27.52	31.98	87.8
28/06/2018 10:28:15 AM	3612990495	1013.00	28.53	31.98	79.9	27.71	31.98	86.2	27.10	31.98	91.3	27.55	31.98	87.5
28/06/2018 10:28:16 AM	3612990496	1013.00	28.50	31.98	80.1	27.66	31.98	86.6	27.10	31.98	91.3	27.53	31.98	87.7
28/06/2018 10:28:17 AM	3612990497	1013.00	28.51	31.99	80.0	27.69	31.99	86.4	27.10	31.99	91.3	27.58	31.99	87.3
28/06/2018 10:28:18 AM	3612990498	1013.00	28.50	31.99	80.1	27.69	31.99	86.4	27.15	31.99	90.9	27.58	31.99	87.3
28/06/2018 10:28:19 AM	3612990499	1013.00	28.50	31.99	80.1	27.70	31.99	86.3	27.14	31.99	91.0	27.56	31.99	87.4
28/06/2018 10:28:20 AM	3612990500	1013.00	28.52	31.99	80.0	27.69	31.99	86.4	27.19	31.99	90.5	27.55	31.99	87.5
28/06/2018 10:28:21 AM	3612990501	1013.00	28.53	31.99	79.9	27.74	31.99	86.0	27.16	31.99	90.8	27.62	31.99	86.9
28/06/2018 10:28:22 AM	3612990502	1013.00	28.53	31.98	79.9	27.72	31.98	86.1	27.12	31.98	91.2	27.55	31.98	87.5
28/06/2018 10:28:23 AM	3612990503	1013.00	28.58	31.98	79.5	27.82	31.98	85.3	27.13	31.98	91.1	27.60	31.98	87.1
28/06/2018 10:28:24 AM	3612990504	1013.00	28.59	31.99	79.5	27.76	31.99	85.8	27.12	31.99	91.1	27.57	31.99	87.4
28/06/2018 10:28:25 AM	3612990505	1013.00	28.60	31.99	79.4	27.68	31.99	86.5	27.13	31.99	91.1	27.65	31.99	86.7
28/06/2018 10:28:26 AM	3612990506	1013.00	28.60	31.99	79.4	27.72	31.99	86.1	27.23	31.99	90.2	27.65	31.99	86.7
28/06/2018 10:28:27 AM	3612990507	1013.00	28.60	31.99	79.4	27.71	31.99	86.2	27.21	31.99	90.4	27.60	31.99	87.1
28/06/2018 10:28:28 AM	3612990508	1013.00	28.62	31.99	79.2	27.71	31.99	86.2	27.20	31.99	90.5	27.63	31.99	86.9
28/06/2018 10:28:29 AM	3612990509	1013.00	28.62	31.99	79.2	27.70	31.99	86.3	27.17	31.99	90.7	27.58	31.99	87.3
28/06/2018 10:28:30 AM	3612990510	1013.00	28.61	31.99	79.3	27.75	31.99	85.9	27.17	31.99	90.7	27.64	31.99	86.8
28/06/2018 10:28:31 AM	3612990511	1013.00	28.63	31.99	79.2	27.69	31.99	86.4	27.18	31.99	90.6	27.57	31.99	87.4
28/06/2018 10:28:32 AM	3612990512	1013.00	28.61	31.99	79.3	27.72	31.99	86.1	27.21	31.99	90.4	27.66	31.99	86.6
28/06/2018 10:28:33 AM	3612990513	1013.00	28.66	31.99	78.9	27.75	31.99	85.9	27.15	31.99	90.9	27.64	31.99	86.8
28/06/2018 10:28:34 AM	3612990514	1013.00	28.65	31.99	79.0	27.70	31.99	86.3	27.16	31.99	90.8	27.64	31.99	86.8
28/06/2018 10:28:35 AM	3612990515	1013.00	28.68	31.99	78.8	27.70	31.99	86.3	27.17	31.99	90.7	27.60	31.99	87.1
28/06/2018 10:28:36 AM	3612990516	1013.00	28.64	31.99	79.1	27.67	31.99	86.5	27.21	31.99	90.4	27.72	31.99	86.1
28/06/2018 10:28:37 AM	3612990517	1013.00	28.66	31.99	78.9	27.74	31.99	86.0	27.23	31.99	90.2	27.68	31.99	86.5
28/06/2018 10:28:38 AM	3612990518	1013.00	28.66	31.98	79.0	27.74	31.98	86.0	27.25	31.98	90.0	27.65	31.98	86.7
28/06/2018 10:28:39 AM	3612990519	1013.00	28.68	31.99	78.8	27.71	31.99	86.2	27.17	31.99	90.7	27.68	31.99	86.5
28/06/2018 10:28:40 AM	3612990520	1013.00	28.66	31.99	78.9	27.72	31.99	86.1	27.17	31.99	90.7	27.71	31.99	86.2
28/06/2018 10:28:41 AM	3612990521	1013.00	28.66	31.99	78.9	27.71	31.99	86.2	27.18	31.99	90.6	27.67	31.99	86.5
28/06/2018 10:28:42 AM	3612990522	1013.00	28.68	31.99	78.8	27.76	31.99	85.8	27.20	31.99	90.5	27.65	31.99	86.7
28/06/2018 10:28:43 AM	3612990523	1013.00	28.68	32.00	78.8	27.84	32.00	85.2	27.23	32.00	90.2	27.68	32.00	86.4
28/06/2018 10:28:44 AM	3612990524	1013.00	28.73	31.99	78.4	27.82	31.99	85.3	27.20	31.99	90.5	27.70	31.99	86.3
28/06/2018 10:28:45 AM	3612990525	1013.00	28.74	31.99	78.4	27.74	31.99	86.0	27.24	31.99	90.1	27.73	31.99	86.1
28/06/2018 10:28:46 AM	3612990526	1013.00	28.68	31.99	78.8	27.81	31.99	85.4	27.16	31.99	90.8	27.64	31.99	86.8
28/06/2018 10:28:47 AM	3612990527	1013.00	28.74	31.99	78.4	27.80	31.99	85.5	27.26	31.99	89.9	27.74	31.99	86.0
28/06/2018 10:28:48 AM	3612990528	1013.00	28.70	31.99	78.7	27.79	31.99	85.6	27.22	31.99	90.3	27.70	31.99	86.3
28/06/2018 10:28:49 AM	3612990529	1013.00	28.73	31.99	78.4	27.80	31.99	85.5	27.24	31.99	90.1	27.71	31.99	86.2
28/06/2018 10:28:50 AM	3612990530	1013.00	28.71	31.99	78.6	27.80	31.99	85.5	27.23	31.99	90.2	27.66	31.99	86.6
28/06/2018 10:28:51 AM	3612990531	1013.00	28.72	31.99	78.5	27.76	31.99	85.8	27.23	31.99	90.2	27.71	31.99	86.2
28/06/2018 10:28:52 AM	3612990532	1013.00	28.78	31.98	78.1	27.77	31.98	85.7	27.24	31.98	90.1	27.73	31.98	86.1
28/06/2018 10:28:53 AM	3612990533	1013.00	28.77	31.98	78.2	27.78	31.98	85.7	27.22	31.98	90.3	27.65	31.98	86.7
28/06/2018 10:28:54 AM	3612990534	1013.00	28.74	31.98	78.4	27.81	31.98	85.4	27.22	31.98	90.3	27.75	31.98	85.9
28/06/2018 10:28:55 AM	3612990535	1013.00	28.78	31.98	78.1	27.86	31.98	85.0	27.23	31.98	90.2	27.70	31.98	86.3
28/06/2018 10:28:56 AM	3612990536	1013.00	28.76	31.98	78.2	27.84	31.98	85.2	27.28	31.98	89.8	27.67	31.98	86.6
28/06/2018 10:28:57 AM	3612990537	1013.00	28.75	31.98	78.3	27.87	31.98	84.9	27.28	31.98	89.8	27.75	31.98	85.9
28/06/2018 10:28:58 AM	3612990538	1013.00	28.80	31.98	77.9	27.80	31.98	85.5	27.18	31.98	90.6	27.72	31.98	86.1
28/06/2018 10:28:59 AM	3612990539	1013.00	28.75	31.98	78.3	27.85	31.98	85.1	27.26	31.98	90.0	27.70	31.98	86.3
28/06/2018 10:29:00 AM	3612990540	1013.00	28.81	31.98	77.9	27.79	31.98	85.6	27.30	31.98	89.6	27.74	31.98	86.0
28/06/2018 10:29:01 AM	3612990541	1013.00	28.80	31.99	77.9	27.85	31.99	85.1	27.28	31.99	89.8	27.79	31.99	85.6
28/06/2018 10:29:02 AM	3612990542	1013.00	28.78	31.99	78.1	27.83	31.99	85.3	27.25	31.99	90.0	27.76	31.99	85.8
28/06/2018 10:29:03 AM	3612990543	1013.00	28.86	32.00	77.5	27.87	32.00	84.9	27.25	32.00	90.0	27.77	32.00	85.7
28/06/2018 10:29:04 AM	3612990544	1013.00	28.78	31.99	78.1	27.92	31.99	84.5	27.27	31.99	89.9	27.77	31.99	85.7
28/06/2018 10:29:05 AM	3612990545	1013.00	28.78	31.99	78.1	27.85	31.99	85.1	27.29	31.99	89.7	27.79	31.99	85.6
28/06/2018 10:29:06 AM	3612990546	1013.00	28.79	32.00	78.0	27.83	32.00	85.2	27.27	32.00	89.8	27.81	32.00	85.4
28/06/2018 10:29:07 AM	3612990547	1013.00	28.81	31.99	77.9	27.91	31.99	84.6	27.24	31.99	90.1	27.78	31.99	85.7
28/06/2018 10:29:08 AM	3612990548	1013.00	28.78	31.99	78.1	27.85	31.99	85.1	27.30	31.99	89.6	27.77	31.99	85.7
28/06/2018 10:29:09 AM	3612990549	1013.00	28.81	31.99	77.9	27.92	31.99	84.5	27.29	31.99	89.7	27.78	31.99	85.7
28/06/2018 10:29:10 AM	3612990550	1013.00	28.84	31.99	77.7	27.90	31.99	84.7	27.30	31.99	89.6	27.77	31.99	85.7
28/06/2018 10:29:11 AM	3612990551	1013.00	28.81	31.99	77.9	27.88	31.99	84.9	27.29	31.99	89.7	27.83	31.99	85.3
28/06/2018 10:29:12 AM	3612990552	1013.00	28.82	31.99	77.8	27.91	31.99	84.6	27.31	31.99	89.5	27.79	31.99	85.6
28/06/2018 10:29:13 AM	3612990553	1013.00	28.82	31.99	77.8	27.88	31.99	84.9	27.28	31.99	89.8	27.84	31.99	85.2
28/06/2018 10:29:14 AM	3612990554	1013.00	28.82	31.99	77.8	27.92	31.99	84.5	27.28	31.99	89.8	27.87	31.99	84.9
28/06/2018 10:29:15 AM	3612990555	1013.00	28.84	31.99	77.7	27.91	31.99	84.6	27.31	31.99	89.5	27.83	31.99	85.3
28/06/2018 10:29:16 AM	3612990556	1013.00	28.85	31.99	77.6	27.89	31.99	84.8	27.29	31.99	89.7	27.85	31.99	85.1
28/06/2018 10:29:17 AM	3612990557	1013.00	28.86	31.99	77.5	27.94	31.99	84.4	27.24	31.99	90.1	27.86	31.99	85.0
28/06/2018 10:29:18 AM	3612990558	1013.00	28.85	31.99	77.6	27.91	31.99	84.6	27.28	31.99	89.8	27.88	31.99	84.9
28/06/2018 10:29:19 AM	3612990559	1013.00	28.89	31.99	77.3	27.88	31.99	84.9	27.29	31.99	89.7	27.91	31.99	84.6
28/06/2018 10:29:20 AM	3612990560	1013.00	28.90	31.99	77.2	27.95	31.99	84.3	27.31	31.99	89.5	27.83	31.99	85.3
28/06/2018 10:29:21 AM	3612990561	1013.00	28.92	31.98	77.1	27.93	31.98	84.5	27.29	31.98	89.7	27.85	31.98	85.1
28/06/2018 10:29:22 AM	3612990562	1013.00	28.91	31.98	77.2	27.89	31.98	84.8	27.33	31.98	89.4	27.87	31.98	84.9
28/06/2018 10:29:23 AM	3612990563	1013.00	28.87	31.98	77.5	27.89	31.98	84.8	27.31	31.98	89.5	27.87	31.98	84.9
28/06/2018 10:29:24 AM	3612990564	1013.00	28.90	31.98	77.2	27.96	31.98	84.2	27.36	31.98	89.1	27.84	31.98	85.2
28/06/2018 10:29:25 AM	3612990565	1013.00	28.93	31.97	77.0	27.95	31.97	84.3	27.33	31.97	89.4	27.85	31.97	85.1
28/06/2018 10:29:26 AM	3612990566	1013.00	28.94	31.98	77.0	27.88	31.98	84.9	27.34	31.98	89.3	27.95	31.98	84.3
28/06/2018 10:29:27 AM	3612990567	1013.00	28.91	31.97	77.2	27.95	31.97	84.3	27.36	31.97	89.1	27.87	31.97	85.0
28/06/2018 10:29:28 AM	3612990568	1013.00	28.92	31.97	77.1	27.95	31.97	84.3	27.28	31.97	89.8	27.91	31.97	84.6
28/06/2018 10:29:29 AM	3612990569	1013.00	28.96	31.98	76.8	27.97	31.98	84.2	27.29	31.98	89.7	27.88	31.98	84.9
28/06/2018 10:29:30 AM	3612990570	1013.00	28.99	31.98	76.6	27.96	31.98	84.2	27.33	31.98	89.4	27.92	31.98	84.6
28/06/2018 10:29:31 AM	3612990571	1013.00	29.00	31.98	76.5	27.89	31.98	84.8	27.38	31.98	88.9	27.89	31.98	84.8
28/06/2018 10:29:32 AM	3612990572	1013.00	28.98	31.98	76.7	27.97	31.98	84.2	27.37	31.98	89.0	27.91	31.98	84.6
28/06/2018 10:29:33 AM	3612990573	1013.00	28.97	31.99	76.7	27.96	31.99	84.2	27.36	31.99	89.1	27.89	31.99	84.8
28/06/2018 10:29:34 AM	3612990574	1013.00	28.96	31.98	76.8	27.97	31.98	84.2	27.35	31.98	89.2	27.87	31.98	84.9
28/06/2018 10:29:35 AM	3612990575	1013.00	29.01	31.99	76.5	27.95	31.99	84.3	27.33	31.99	89.4	27.91	31.99	84.6
28/06/2018 10:29:36 AM	3612990576	1013.00	28.99	31.98	76.6	28.05	31.98	83.5	27.34	31.98	89.3	27.93	31.98	84.5
28/06/2018 10:29:37 AM	3612990577	1013.00	28.98	31.98	76.7	27.95	31.98	84.3	27.37	31.98	89.0	27.92	31.98	84.6
28/06/2018 10:29:38 AM	3612990578	1013.00	29.01	31.99	76.5	27.94	31.99	84.4	27.39	31.99	88.8	27.92	31.99	84.5
28/06/2018 10:29:39 AM	3612990579	1013.00	29.00	31.99	76.5	27.92	31.99	84.5	27.40	31.99	88.8	27.95	31.99	84.3
28/06/2018 10:29:40 AM	3612990580	1013.00	29.00	31.99	76.5	27.90	31.99	84.7	27.36	31.99	89.1	27.93	31.99	84.5
28/06/2018 10:29:41 AM	3612990581	1013.00	29.07	32.00	76.0	27.94	32.00	84.4	27.35	32.00	89.2	27.89	32.00	84.8
28/06/2018 10:29:42 AM	3612990582	1013.00	29.04	32.00	76.2	27.93	32.00	84.4	27.34	32.00	89.3	27.92	32.00	84.5
28/06/2018 10:29:43 AM	3612990583	1013.00	29.03	31.99	76.3	27.95	31.99	84.3	27.39	31.99	88.8	27.91	31.99	84.6
28/06/2018 10:29:44 AM	3612990584	1013.00	29.07	31.99	76.0	27.95	31.99	84.3	27.34	31.99	89.3	27.86	31.99	85.0
28/06/2018 10:29:45 AM	3612990585	1013.00	29.06	31.99	76.1	27.96	31.99	84.2	27.36	31.99	89.1	27.91	31.99	84.6
28/06/2018 10:29:46 AM	3612990586	1013.00	29.05	31.98	76.2	27.96	31.98	84.2	27.41	31.98	88.7	27.91	31.98	84.6
28/06/2018 10:29:47 AM	3612990587	1013.00	29.06	31.99	76.1	27.97	31.99	84.1	27.37	31.99	89.0	27.98	31.99	84.1
28/06/2018 10:29:48 AM	3612990588	1013.00	29.04	31.99	76.2	27.94	31.99	84.4	27.37	31.99	89.0	27.90	31.99	84.7
28/06/2018 10:29:49 AM	3612990589	1013.00	29.08	31.99	76.0	27.97	31.99	84.1	27.38	31.99	88.9	27.94	31.99	84.4
28/06/2018 10:29:50 AM	3612990590	1013.00	29.05	31.98	76.2	27.93	31.98	84.5	27.40	31.98	88.8	27.96	31.98	84.2
28/06/2018 10:29:51 AM	3612990591	1013.00	29.06	31.98	76.1	27.92	31.98	84.6	27.40	31.98	88.8	28.00	31.98	83.9
28/06/2018 10:29:52 AM	3612990592	1013.00	29.07	31.98	76.1	28.00	31.98	83.9	27.45	31.98	88.4	27.90	31.98	84.7
28/06/2018 10:29:53 AM	3612990593	1013.00	29.06	31.97	76.1	27.97	31.97	84.2	27.41	31.97	88.7	27.97	31.97	84.2
28/06/2018 10:29:54 AM	3612990594	1013.00	29.09	31.98	75.9	27.88	31.98	84.9	27.40	31.98	88.8	27.99	31.98	84.0
28/06/2018 10:29:55 AM	3612990595	1013.00	29.07	31.99	76.0	27.99	31.99	84.0	27.42	31.99	88.6	28.00	31.99	83.9
28/06/2018 10:29:56 AM	3612990596	1013.00	29.07	31.99	76.0	27.96	31.99	84.2	27.40	31.99	88.8	27.97	31.99	84.1
28/06/2018 10:29:57 AM	3612990597	1013.00	29.09	31.99	75.9	27.94	31.99	84.4	27.40	31.99	88.8	28.01	31.99	83.8
28/06/2018 10:29:58 AM	3612990598	1013.00	29.13	31.99	75.6	27.97	31.99	84.1	27.45	31.99	88.3	28.00	31.99	83.9
28/06/2018 10:29:59 AM	3612990599	1013.00	29.12	31.98	75.7	27.99	31.98	84.0	27.42	31.98	88.6	27.94	31.98	84.4
28/06/2018 10:30:00 AM	3612990600	1013.00	29.08	31.98	76.0	27.98	31.98	84.1	27.44	31.98	88.4	27.94	31.98	84.4
28/06/2018 10:30:01 AM	3612990601	1013.00	29.09	31.98	75.9	27.95	31.98	84.3	27.44	31.98	88.4	27.98	31.98	84.1
28/06/2018 10:30:02 AM	3612990602	1013.00	29.10	31.98	75.8	27.99	31.98	84.0	27.42	31.98	88.6	28.01	31.98	83.8
28/06/2018 10:30:03 AM	3612990603	1013.00	29.11	31.98	75.8	27.97	31.98	84.2	27.42	31.98	88.6	28.00	31.98	83.9
28/06/2018 10:30:04 AM	3612990604	1013.00	29.09	31.99	75.9	27.93	31.99	84.5	27.43	31.99	88.5	27.98	31.99	84.1
28/06/2018 10:30:05 AM	3612990605	1013.00	29.07	31.98	76.1	28.02	31.98	83.8	27.48	31.98	88.1	27.98	31.98	84.1
28/06/2018 10:30:06 AM	3612990606	1013.00	29.12	31.98	75.7	27.97	31.98	84.2	27.45	31.98	88.4	27.98	31.98	84.1
28/06/2018 10:30:07 AM	3612990607	1013.00	29.12	31.98	75.7	28.05	31.98	83.5	27.44	31.98	88.4	28.02	31.98	83.8
28/06/2018 10:30:08 AM	3612990608	1013.00	29.11	31.98	75.8	27.97	31.98	84.2	27.45	31.98	88.4	28.04	31.98	83.6
28/06/2018 10:30:09 AM	3612990609	1013.00	29.15	31.98	75.5	28.01	31.98	83.8	27.44	31.98	88.4	27.95	31.98	84.3
28/06/2018 10:30:10 AM	3612990610	1013.00	29.07	31.99	76.0	28.01	31.99	83.8	27.48	31.99	88.1	28.00	31.99	83.9
28/06/2018 10:30:11 AM	3612990611	1013.00	29.12	32.00	75.7	28.02	32.00	83.7	27.48	32.00	88.1	28.00	32.00	83.9
28/06/2018 10:30:12 AM	3612990612	1013.00	29.11	32.00	75.7	28.04	32.00	83.6	27.45	32.00	88.3	28.01	32.00	83.8
28/06/2018 10:30:13 AM	3612990613	1013.00	29.13	32.00	75.6	27.98	32.00	84.1	27.49	32.00	88.0	28.01	32.00	83.8
28/06/2018 10:30:14 AM	3612990614	1013.00	29.11	31.99	75.8	28.03	31.99	83.7	27.48	31.99	88.1	28.01	31.99	83.8
28/06/2018 10:30:15 AM	3612990615	1013.00	29.11	31.99	75.8	28.03	31.99	83.7	27.52	31.99	87.8	28.03	31.99	83.7
28/06/2018 10:30:16 AM	3612990616	1013.00	29.11	31.99	75.8	28.03	31.99	83.7	27.52	31.99	87.8	27.96	31.99	84.2
28/06/2018 10:30:17 AM	3612990617	1013.00	29.14	31.99	75.6	27.96	31.99	84.2	27.47	31.99	88.2	27.97	31.99	84.1
28/06/2018 10:30:18 AM	3612990618	1013.00	29.11	31.99	75.8	27.97	31.99	84.1	27.54	31.99	87.6	28.02	31.99	83.8
28/06/2018 10:30:19 AM	3612990619	1013.00	29.14	31.99	75.6	28.02	31.99	83.8	27.48	31.99	88.1	28.03	31.99	83.7
28/06/2018 10:30:20 AM	3612990620	1013.00	29.18	31.99	75.3	27.99	31.99	84.0	27.47	31.99	88.2	27.95	31.99	84.3
28/06/2018 10:30:21 AM	3612990621	1013.00	29.15	31.99	75.5	28.05	31.99	83.5	27.45	31.99	88.3	28.03	31.99	83.7
28/06/2018 10:30:22 AM	3612990622	1013.00	29.18	32.00	75.3	28.00	32.00	83.9	27.49	32.00	88.0	28.06	32.00	83.4
28/06/2018 10:30:23 AM	3612990623	1013.00	29.13	32.00	75.6	28.07	32.00	83.4	27.53	32.00	87.7	28.01	32.00	83.8
28/06/2018 10:30:24 AM	3612990624	1013.00	29.17	31.99	75.3	28.11	31.99	83.1	27.49	31.99	88.0	28.01	31.99	83.8
28/06/2018 10:30:25 AM	3612990625	1013.00	29.20	31.99	75.1	28.06	31.99	83.4	27.55	31.99	87.5	28.03	31.99	83.7
28/06/2018 10:30:26 AM	3612990626	1013.00	29.20	31.99	75.1	28.01	31.99	83.8	27.50	31.99	87.9	28.06	31.99	83.4
28/06/2018 10:30:27 AM	3612990627	1013.00	29.20	31.99	75.1	27.94	31.99	84.4	27.48	31.99	88.1	28.03	31.99	83.7
28/06/2018 10:30:28 AM	3612990628	1013.00	29.19	31.99	75.2	27.99	31.99	84.0	27.54	31.99	87.6	28.02	31.99	83.8
28/06/2018 10:30:29 AM	3612990629	1013.00	29.21	31.99	75.1	28.04	31.99	83.6	27.55	31.99	87.5	28.06	31.99	83.4
28/06/2018 10:30:30 AM	3612990630	1013.00	29.22	32.00	75.0	28.04	32.00	83.6	27.52	32.00	87.8	28.04	32.00	83.6
28/06/2018 10:30:31 AM	3612990631	1013.00	29.27	31.99	74.7	28.01	31.99	83.8	27.52	31.99	87.8	28.11	31.99	83.1
28/06/2018 10:30:32 AM	3612990632	1013.00	29.21	31.99	75.1	28.07	31.99	83.4	27.55	31.99	87.5	28.01	31.99	83.8
28/06/2018 10:30:33 AM	3612990633	1013.00	29.23	31.99	74.9	28.07	31.99	83.4	27.56	31.99	87.4	28.05	31.99	83.5
28/06/2018 10:30:34 AM	3612990634	1013.00	29.24	31.99	74.9	28.06	31.99	83.4	27.52	31.99	87.8	28.08	31.99	83.3
28/06/2018 10:30:35 AM	3612990635	1013.00	29.27	31.98	74.7	28.06	31.98	83.5	27.54	31.98	87.6	28.07	31.98	83.4
28/06/2018 10:30:36 AM	3612990636	1013.00	29.23	31.99	74.9	28.11	31.99	83.1	27.53	31.99	87.7	28.08	31.99	83.3
28/06/2018 10:30:37 AM	3612990637	1013.00	29.24	31.99	74.9	28.09	31.99	83.2	27.55	31.99	87.5	28.08	31.99	83.3
28/06/2018 10:30:38 AM	3612990638	1013.00	29.27	31.99	74.7	28.04	31.99	83.6	27.53	31.99	87.7	28.03	31.99	83.7
28/06/2018 10:30:39 AM	3612990639	1013.00	29.29	31.98	74.5	28.11	31.98	83.1	27.55	31.98	87.5	28.11	31.98	83.1
28/06/2018 10:30:40 AM	3612990640	1013.00	29.28	31.98	74.6	28.11	31.98	83.1	27.63	31.98	86.9	28.07	31.98	83.4
28/06/2018 10:30:41 AM	3612990641	1013.00	29.29	31.99	74.5	28.09	31.99	83.2	27.58	31.99	87.3	28.08	31.99	83.3
28/06/2018 10:30:42 AM	3612990642	1013.00	29.25	31.99	74.8	28.12	31.99	83.0	27.60	31.99	87.1	28.11	31.99	83.1
28/06/2018 10:30:43 AM	3612990643	1013.00	29.27	31.99	74.7	28.03	31.99	83.7	27.60	31.99	87.1	28.08	31.99	83.3
28/06/2018 10:30:44 AM	3612990644	1013.00	29.31	32.00	74.4	28.13	32.00	82.9	27.55	32.00	87.5	28.09	32.00	83.2
28/06/2018 10:30:45 AM	3612990645	1013.00	29.30	32.00	74.5	28.06	32.00	83.4	27.59	32.00	87.2	28.14	32.00	82.8
28/06/2018 10:30:46 AM	3612990646	1013.00	29.34	32.00	74.2	28.05	32.00	83.5	27.52	32.00	87.8	28.13	32.00	82.9
28/06/2018 10:30:47 AM	3612990647	1013.00	29.28	31.99	74.6	28.14	31.99	82.8	27.59	31.99	87.2	28.10	31.99	83.1
28/06/2018 10:30:48 AM	3612990648	1013.00	29.31	31.99	74.4	28.13	31.99	82.9	27.63	31.99	86.9	28.09	31.99	83.2
28/06/2018 10:30:49 AM	3612990649	1013.00	29.31	31.99	74.4	28.14	31.99	82.8	27.61	31.99	87.0	28.13	31.99	82.9
28/06/2018 10:30:50 AM	3612990650	1013.00	29.30	31.98	74.5	28.12	31.98	83.0	27.59	31.98	87.2	28.11	31.98	83.1
28/06/2018 10:30:51 AM	3612990651	1013.00	29.28	31.99	74.6	28.13	31.99	82.9	27.63	31.99	86.9	28.10	31.99	83.1
28/06/2018 10:30:52 AM	3612990652	1013.00	29.31	31.99	74.4	28.08	31.99	83.3	27.58	31.99	87.3	28.15	31.99	82.8
28/06/2018 10:30:53 AM	3612990653	1013.00	29.32	32.00	74.3	28.15	32.00	82.7	27.60	32.00	87.1	28.09	32.00	83.2
28/06/2018 10:30:54 AM	3612990654	1013.00	29.28	31.99	74.6	28.16	31.99	82.7	27.62	31.99	86.9	28.17	31.99	82.6
28/06/2018 10:30:55 AM	3612990655	1013.00	29.34	31.99	74.2	28.09	31.99	83.2	27.57	31.99	87.4	28.18	31.99	82.5
28/06/2018 10:30:56 AM	3612990656	1013.00	29.34	31.99	74.2	28.14	31.99	82.8	27.59	31.99	87.2	28.15	31.99	82.8
28/06/2018 10:30:57 AM	3612990657	1013.00	29.29	31.99	74.5	28.19	31.99	82.4	27.61	31.99	87.0	28.13	31.99	82.9
28/06/2018 10:30:58 AM	3612990658	1013.00	29.31	31.99	74.4	28.25	31.99	82.0	27.62	31.99	86.9	28.17	31.99	82.6
28/06/2018 10:30:59 AM	3612990659	1013.00	29.33	31.99	74.3	28.16	31.99	82.7	27.64	31.99	86.8	28.13	31.99	82.9
28/06/2018 10:31:00 AM	3612990660	1013.00	29.36	31.99	74.1	28.16	31.99	82.7	27.72	31.99	86.1	28.21	31.99	82.3
28/06/2018 10:31:01 AM	3612990661	1013.00	29.39	31.99	73.9	28.22	31.99	82.2	27.67	31.99	86.5	28.21	31.99	82.3
28/06/2018 10:31:02 AM	3612990662	1013.00	29.35	31.99	74.1	28.20	31.99	82.4	27.67	31.99	86.5	28.19	31.99	82.4
28/06/2018 10:31:03 AM	3612990663	1013.00	29.38	31.99	73.9	28.17	31.99	82.6	27.67	31.99	86.5	28.22	31.99	82.2
28/06/2018 10:31:04 AM	3612990664	1013.00	29.36	32.00	74.0	28.20	32.00	82.4	27.64	32.00	86.8	28.21	32.00	82.3
28/06/2018 10:31:05 AM	3612990665	1013.00	29.37	32.00	74.0	28.18	32.00	82.5	27.67	32.00	86.5	28.23	32.00	82.1
28/06/2018 10:31:06 AM	3612990666	1013.00	29.36	32.00	74.0	28.22	32.00	82.2	27.66	32.00	86.6	28.17	32.00	82.6
28/06/2018 10:31:07 AM	3612990667	1013.00	29.38	32.00	73.9	28.17	32.00	82.6	27.66	32.00	86.6	28.19	32.00	82.4
28/06/2018 10:31:08 AM	3612990668	1013.00	29.37	32.00	74.0	28.15	32.00	82.7	27.68	32.00	86.4	28.21	32.00	82.3
28/06/2018 10:31:09 AM	3612990669	1013.00	29.40	31.99	73.8	28.22	31.99	82.2	27.69	31.99	86.4	28.20	31.99	82.4
28/06/2018 10:31:10 AM	3612990670	1013.00	29.42	31.99	73.7	28.19	31.99	82.4	27.65	31.99	86.7	28.22	31.99	82.2
28/06/2018 10:31:11 AM	3612990671	1013.00	29.44	32.00	73.5	28.21	32.00	82.3	27.64	32.00	86.8	28.19	32.00	82.4
28/06/2018 10:31:12 AM	3612990672	1013.00	29.41	31.99	73.7	28.14	31.99	82.8	27.68	31.99	86.5	28.24	31.99	82.1
28/06/2018 10:31:13 AM	3612990673	1013.00	29.43	31.99	73.6	28.18	31.99	82.5	27.64	31.99	86.8	28.21	31.99	82.3
28/06/2018 10:31:14 AM	3612990674	1013.00	29.41	31.99	73.7	28.23	31.99	82.1	27.64	31.99	86.8	28.25	31.99	82.0
28/06/2018 10:31:15 AM	3612990675	1013.00	29.45	31.98	73.5	28.17	31.98	82.6	27.69	31.98	86.4	28.21	31.98	82.3
28/06/2018 10:31:16 AM	3612990676	1013.00	29.42	31.98	73.7	28.16	31.98	82.7	27.69	31.98	86.4	28.26	31.98	81.9
28/06/2018 10:31:17 AM	3612990677	1013.00	29.45	31.99	73.5	28.17	31.99	82.6	27.67	31.99	86.5	28.21	31.99	82.3
28/06/2018 10:31:18 AM	3612990678	1013.00	29.42	31.99	73.7	28.21	31.99	82.3	27.67	31.99	86.5	28.25	31.99	82.0
28/06/2018 10:31:19 AM	3612990679	1013.00	29.45	31.99	73.5	28.20	31.99	82.4	27.69	31.99	86.4	28.21	31.99	82.3
28/06/2018 10:31:20 AM	3612990680	1013.00	29.44	31.99	73.5	28.23	31.99	82.1	27.70	31.99	86.3	28.22	31.99	82.2
28/06/2018 10:31:21 AM	3612990681	1013.00	29.43	31.99	73.6	28.23	31.99	82.1	27.73	31.99	86.1	28.23	31.99	82.1
28/06/2018 10:31:22 AM	3612990682	1013.00	29.43	31.99	73.6	28.21	31.99	82.3	27.67	31.99	86.5	28.20	31.99	82.4
28/06/2018 10:31:23 AM	3612990683	1013.00	29.48	32.00	73.2	28.22	32.00	82.2	27.66	32.00	86.6	28.20	32.00	82.4
28/06/2018 10:31:24 AM	3612990684	1013.00	29.47	32.00	73.3	28.17	32.00	82.6	27.74	32.00	86.0	28.20	32.00	82.4
28/06/2018 10:31:25 AM	3612990685	1013.00	29.45	32.00	73.4	28.20	32.00	82.4	27.74	32.00	86.0	28.25	32.00	82.0
28/06/2018 10:31:26 AM	3612990686	1013.00	29.47	31.99	73.3	28.22	31.99	82.2	27.71	31.99	86.2	28.23	31.99	82.1
28/06/2018 10:31:27 AM	3612990687	1013.00	29.46	31.99	73.4	28.20	31.99	82.4	27.71	31.99	86.2	28.26	31.99	81.9
28/06/2018 10:31:28 AM	3612990688	1013.00	29.44	31.99	73.5	28.26	31.99	81.9	27.70	31.99	86.3	28.17	31.99	82.6
28/06/2018 10:31:29 AM	3612990689	1013.00	29.48	31.99	73.3	28.20	31.99	82.4	27.68	31.99	86.5	28.29	31.99	81.7
28/06/2018 10:31:30 AM	3612990690	1013.00	29.48	31.99	73.3	28.20	31.99	82.4	27.71	31.99	86.2	28.24	31.99	82.1
28/06/2018 10:31:31 AM	3612990691	1013.00	29.48	31.99	73.3	28.25	31.99	82.0	27.75	31.99	85.9	28.26	31.99	81.9
28/06/2018 10:31:32 AM	3612990692	1013.00	29.49	31.99	73.2	28.26	31.99	81.9	27.69	31.99	86.4	28.24	31.99	82.1
28/06/2018 10:31:33 AM	3612990693	1013.00	29.48	31.99	73.3	28.21	31.99	82.3	27.76	31.99	85.8	28.27	31.99	81.8
28/06/2018 10:31:34 AM	3612990694	1013.00	29.47	31.99	73.3	28.20	31.99	82.4	27.71	31.99	86.2	28.30	31.99	81.6
28/06/2018 10:31:35 AM	3612990695	1013.00	29.49	31.99	73.2	28.21	31.99	82.3	27.76	31.99	85.8	28.23	31.99	82.1
28/06/2018 10:31:36 AM	3612990696	1013.00	29.49	31.99	73.2	28.20	31.99	82.4	27.72	31.99	86.1	28.24	31.99	82.1
28/06/2018 10:31:37 AM	3612990697	1013.00	29.51	32.00	73.0	28.24	32.00	82.0	27.73	32.00	86.0	28.19	32.00	82.4
28/06/2018 10:31:38 AM	3612990698	1013.00	29.51	32.00	73.0	28.25	32.00	82.0	27.75	32.00	85.9	28.24	32.00	82.0
28/06/2018 10:31:39 AM	3612990699	1013.00	29.51	32.00	73.0	28.30	32.00	81.6	27.77	32.00	85.7	28.26	32.00	81.9
28/06/2018 10:31:40 AM	3612990700	1013.00	29.52	32.00	73.0	28.31	32.00	81.5	27.72	32.00	86.1	28.28	32.00	81.7
28/06/2018 10:31:41 AM	3612990701	1013.00	29.53	32.00	72.9	28.30	32.00	81.6	27.78	32.00	85.6	28.26	32.00	81.9
28/06/2018 10:31:42 AM	3612990702	1013.00	29.51	32.00	73.0	28.29	32.00	81.7	27.75	32.00	85.9	28.23	32.00	82.1
28/06/2018 10:31:43 AM	3612990703	1013.00	29.55	32.00	72.8	28.25	32.00	82.0	27.71	32.00	86.2	28.26	32.00	81.9
28/06/2018 10:31:44 AM	3612990704	1013.00	29.55	32.00	72.8	28.25	32.00	82.0	27.73	32.00	86.0	28.32	32.00	81.4
28/06/2018 10:31:45 AM	3612990705	1013.00	29.58	32.00	72.6	28.29	32.00	81.7	27.72	32.00	86.1	28.29	32.00	81.7
28/06/2018 10:31:46 AM	3612990706	1013.00	29.57	32.00	72.7	28.20	32.00	82.4	27.76	32.00	85.8	28.28	32.00	81.7
28/06/2018 10:31:47 AM	3612990707	1013.00	29.57	32.00	72.7	28.30	32.00	81.6	27.75	32.00	85.9	28.29	32.00	81.7
28/06/2018 10:31:48 AM	3612990708	1013.00	29.58	31.99	72.6	28.30	31.99	81.6	27.76	31.99	85.8	28.24	31.99	82.1
28/06/2018 10:31:49 AM	3612990709	1013.00	29.58	31.99	72.6	28.26	31.99	81.9	27.74	31.99	86.0	28.27	31.99	81.8
28/06/2018 10:31:50 AM	3612990710	1013.00	29.59	31.99	72.5	28.27	31.99	81.8	27.74	31.99	86.0	28.20	31.99	82.4
28/06/2018 10:31:51 AM	3612990711	1013.00	29.60	31.98	72.5	28.31	31.98	81.5	27.81	31.98	85.4	28.25	31.98	82.0
28/06/2018 10:31:52 AM	3612990712	1013.00	29.59	31.98	72.5	28.32	31.98	81.5	27.80	31.98	85.5	28.31	31.98	81.5
28/06/2018 10:31:53 AM	3612990713	1013.00	29.59	31.98	72.5	28.31	31.98	81.5	27.79	31.98	85.6	28.27	31.98	81.8
28/06/2018 10:31:54 AM	3612990714	1013.00	29.64	31.98	72.2	28.31	31.98	81.5	27.77	31.98	85.7	28.27	31.98	81.8
28/06/2018 10:31:55 AM	3612990715	1013.00	29.59	31.98	72.5	28.33	31.98	81.4	27.76	31.98	85.8	28.25	31.98	82.0
28/06/2018 10:31:56 AM	3612990716	1013.00	29.63	31.99	72.3	28.27	31.99	81.8	27.79	31.99	85.6	28.28	31.99	81.8
28/06/2018 10:31:57 AM	3612990717	1013.00	29.66	32.00	72.1	28.39	32.00	80.9	27.82	32.00	85.3	28.29	32.00	81.7
28/06/2018 10:31:58 AM	3612990718	1013.00	29.65	32.00	72.1	28.29	32.00	81.7	27.82	32.00	85.3	28.28	32.00	81.7
28/06/2018 10:31:59 AM	3612990719	1013.00	29.67	32.00	72.0	28.31	32.00	81.5	27.84	32.00	85.2	28.30	32.00	81.6
28/06/2018 10:32:00 AM	3612990720	1013.00	29.63	32.00	72.3	28.32	32.00	81.4	27.77	32.00	85.7	28.25	32.00	82.0
28/06/2018 10:32:01 AM	3612990721	1013.00	29.64	32.00	72.2	28.34	32.00	81.3	27.83	32.00	85.2	28.31	32.00	81.5
28/06/2018 10:32:02 AM	3612990722	1013.00	29.65	31.99	72.1	28.34	31.99	81.3	27.80	31.99	85.5	28.29	31.99	81.7
28/06/2018 10:32:03 AM	3612990723	1013.00	29.64	31.98	72.2	28.37	31.98	81.1	27.85	31.98	85.1	28.28	31.98	81.8
28/06/2018 10:32:04 AM	3612990724	1013.00	29.70	31.98	71.8	28.33	31.98	81.4	27.84	31.98	85.2	28.31	31.98	81.5
28/06/2018 10:32:05 AM	3612990725	1013.00	29.63	31.98	72.3	28.35	31.98	81.2	27.83	31.98	85.3	28.29	31.98	81.7
28/06/2018 10:32:06 AM	3612990726	1013.00	29.66	31.98	72.1	28.35	31.98	81.2	27.80	31.98	85.5	28.29	31.98	81.7
28/06/2018 10:32:07 AM	3612990727	1013.00	29.68	31.99	71.9	28.37	31.99	81.1	27.85	31.99	85.1	28.27	31.99	81.8
28/06/2018 10:32:08 AM	3612990728	1013.00	29.67	31.99	72.0	28.37	31.99	81.1	27.85	31.99	85.1	28.30	31.99	81.6
28/06/2018 10:32:09 AM	3612990729	1013.00	29.68	32.00	71.9	28.30	32.00	81.6	27.83	32.00	85.2	28.31	32.00	81.5
28/06/2018 10:32:10 AM	3612990730	1013.00	29.71	31.99	71.8	28.39	31.99	80.9	27.91	31.99	84.6	28.34	31.99	81.3
28/06/2018 10:32:11 AM	3612990731	1013.00	29.71	32.00	71.7	28.36	32.00	81.1	27.81	32.00	85.4	28.30	32.00	81.6
28/06/2018 10:32:12 AM	3612990732	1013.00	29.69	31.99	71.9	28.38	31.99	81.0	27.83	31.99	85.3	28.28	31.99	81.8
28/06/2018 10:32:13 AM	3612990733	1013.00	29.71	31.99	71.8	28.35	31.99	81.2	27.82	31.99	85.3	28.28	31.99	81.8
28/06/2018 10:32:14 AM	3612990734	1013.00	29.67	31.99	72.0	28.36	31.99	81.2	27.85	31.99	85.1	28.37	31.99	81.1
28/06/2018 10:32:15 AM	3612990735	1013.00	29.72	31.99	71.7	28.39	31.99	80.9	27.87	31.99	84.9	28.34	31.99	81.3
28/06/2018 10:32:16 AM	3612990736	1013.00	29.68	31.99	71.9	28.37	31.99	81.1	27.85	31.99	85.1	28.38	31.99	81.0
28/06/2018 10:32:17 AM	3612990737	1013.00	29.74	31.99	71.6	28.33	31.99	81.4	27.84	31.99	85.2	28.33	31.99	81.4
28/06/2018 10:32:18 AM	3612990738	1013.00	29.73	31.99	71.6	28.40	31.99	80.9	27.88	31.99	84.9	28.34	31.99	81.3
28/06/2018 10:32:19 AM	3612990739	1013.00	29.74	32.00	71.5	28.36	32.00	81.1	27.89	32.00	84.8	28.33	32.00	81.4
28/06/2018 10:32:20 AM	3612990740	1013.00	29.78	31.99	71.3	28.37	31.99	81.1	27.91	31.99	84.6	28.36	31.99	81.2
28/06/2018 10:32:21 AM	3612990741	1013.00	29.75	32.00	71.5	28.38	32.00	81.0	27.91	32.00	84.6	28.33	32.00	81.4
28/06/2018 10:32:22 AM	3612990742	1013.00	29.75	32.00	71.5	28.44	32.00	80.5	27.90	32.00	84.7	28.34	32.00	81.3
28/06/2018 10:32:23 AM	3612990743	1013.00	29.75	32.00	71.5	28.39	32.00	80.9	27.86	32.00	85.0	28.33	32.00	81.4
28/06/2018 10:32:24 AM	3612990744	1013.00	29.78	31.99	71.3	28.39	31.99	80.9	27.94	31.99	84.4	28.35	31.99	81.2
28/06/2018 10:32:25 AM	3612990745	1013.00	29.77	31.99	71.4	28.40	31.99	80.9	27.90	31.99	84.7	28.33	31.99	81.4
28/06/2018 10:32:26 AM	3612990746	1013.00	29.77	31.99	71.4	28.47	31.99	80.3	27.95	31.99	84.3	28.32	31.99	81.5
28/06/2018 10:32:27 AM	3612990747	1013.00	29.74	31.99	71.6	28.48	31.99	80.3	27.90	31.99	84.7	28.38	31.99	81.0
28/06/2018 10:32:28 AM	3612990748	1013.00	29.79	31.99	71.2	28.45	31.99	80.5	27.91	31.99	84.6	28.37	31.99	81.1
28/06/2018 10:32:29 AM	3612990749	1013.00	29.77	31.99	71.4	28.42	31.99	80.7	27.85	31.99	85.1	28.32	31.99	81.5
28/06/2018 10:32:30 AM	3612990750	1013.00	29.81	31.99	71.1	28.44	31.99	80.6	27.93	31.99	84.5	28.34	31.99	81.3
28/06/2018 10:32:31 AM	3612990751	1013.00	29.80	31.99	71.2	28.36	31.99	81.2	27.92	31.99	84.5	28.27	31.99	81.8
28/06/2018 10:32:32 AM	3612990752	1013.00	29.79	31.99	71.2	28.48	31.99	80.3	27.93	31.99	84.5	28.38	31.99	81.0
28/06/2018 10:32:33 AM	3612990753	1013.00	29.79	31.99	71.2	28.42	31.99	80.7	27.94	31.99	84.4	28.38	31.99	81.0
28/06/2018 10:32:34 AM	3612990754	1013.00	29.80	31.99	71.2	28.42	31.99	80.7	27.98	31.99	84.1	28.39	31.99	80.9
28/06/2018 10:32:35 AM	3612990755	1013.00	29.78	31.99	71.3	28.50	31.99	80.1	27.89	31.99	84.8	28.37	31.99	81.1
28/06/2018 10:32:36 AM	3612990756	1013.00	29.79	31.99	71.2	28.46	31.99	80.4	27.92	31.99	84.5	28.32	31.99	81.5
28/06/2018 10:32:37 AM	3612990757	1013.00	29.82	31.98	71.1	28.42	31.98	80.7	27.94	31.98	84.4	28.37	31.98	81.1
28/06/2018 10:32:38 AM	3612990758	1013.00	29.82	31.99	71.0	28.47	31.99	80.3	27.93	31.99	84.5	28.42	31.99	80.7
28/06/2018 10:32:39 AM	3612990759	1013.00	29.84	31.98	70.9	28.43	31.98	80.6	27.93	31.98	84.5	28.44	31.98	80.6
28/06/2018 10:32:40 AM	3612990760	1013.00	29.84	31.99	70.9	28.40	31.99	80.9	27.87	31.99	84.9	28.40	31.99	80.9
28/06/2018 10:32:41 AM	3612990761	1013.00	29.86	31.98	70.8	28.48	31.98	80.3	27.96	31.98	84.2	28.44	31.98	80.6
28/06/2018 10:32:42 AM	3612990762	1013.00	29.84	31.99	70.9	28.47	31.99	80.3	27.94	31.99	84.4	28.39	31.99	80.9
28/06/2018 10:32:43 AM	3612990763	1013.00	29.83	31.98	71.0	28.50	31.98	80.1	27.93	31.98	84.5	28.37	31.98	81.1
28/06/2018 10:32:44 AM	3612990764	1013.00	29.85	31.99	70.9	28.46	31.99	80.4	27.99	31.99	84.0	28.45	31.99	80.5
28/06/2018 10:32:45 AM	3612990765	1013.00	29.87	31.99	70.7	28.40	31.99	80.9	27.95	31.99	84.3	28.40	31.99	80.9
28/06/2018 10:32:46 AM	3612990766	1013.00	29.90	32.00	70.5	28.43	32.00	80.6	28.00	32.00	83.9	28.40	32.00	80.8
28/06/2018 10:32:47 AM	3612990767	1013.00	29.90	32.00	70.5	28.49	32.00	80.2	27.99	32.00	84.0	28.39	32.00	80.9
28/06/2018 10:32:48 AM	3612990768	1013.00	29.94	32.00	70.3	28.46	32.00	80.4	27.98	32.00	84.1	28.40	32.00	80.8
28/06/2018 10:32:49 AM	3612990769	1013.00	29.92	31.99	70.4	28.51	31.99	80.0	27.95	31.99	84.3	28.44	31.99	80.6
28/06/2018 10:32:50 AM	3612990770	1013.00	29.94	32.00	70.3	28.52	32.00	80.0	27.93	32.00	84.4	28.36	32.00	81.1
28/06/2018 10:32:51 AM	3612990771	1013.00	30.02	31.99	69.8	28.45	31.99	80.5	27.96	31.99	84.2	28.38	31.99	81.0
28/06/2018 10:32:52 AM	3612990772	1013.00	29.99	31.99	70.0	28.45	31.99	80.5	28.02	31.99	83.8	28.46	31.99	80.4
28/06/2018 10:32:53 AM	3612990773	1013.00	30.01	31.99	69.8	28.46	31.99	80.4	27.99	31.99	84.0	28.42	31.99	80.7
28/06/2018 10:32:54 AM	3612990774	1013.00	30.02	31.99	69.8	28.46	31.99	80.4	27.99	31.99	84.0	28.35	31.99	81.2
28/06/2018 10:32:55 AM	3612990775	1013.00	30.00	31.99	69.9	28.46	31.99	80.4	28.01	31.99	83.8	28.42	31.99	80.7
28/06/2018 10:32:56 AM	3612990776	1013.00	30.01	31.99	69.8	28.46	31.99	80.4	28.02	31.99	83.8	28.39	31.99	80.9
28/06/2018 10:32:57 AM	3612990777	1013.00	30.06	31.99	69.5	28.50	31.99	80.1	28.01	31.99	83.8	28.42	31.99	80.7
28/06/2018 10:32:58 AM	3612990778	1013.00	30.01	31.99	69.8	28.45	31.99	80.5	27.97	31.99	84.1	28.45	31.99	80.5
28/06/2018 10:32:59 AM	3612990779	1013.00	30.04	31.99	69.7	28.46	31.99	80.4	27.98	31.99	84.1	28.43	31.99	80.6
28/06/2018 10:33:00 AM	3612990780	1013.00	30.07	31.99	69.5	28.50	31.99	80.1	28.02	31.99	83.8	28.43	31.99	80.6
28/06/2018 10:33:01 AM	3612990781	1013.00	30.06	32.00	69.5	28.47	32.00	80.3	27.98	32.00	84.1	28.41	32.00	80.8
28/06/2018 10:33:02 AM	3612990782	1013.00	30.02	31.99	69.8	28.43	31.99	80.6	28.01	31.99	83.8	28.41	31.99	80.8
28/06/2018 10:33:03 AM	3612990783	1013.00	30.04	32.00	69.6	28.47	32.00	80.3	28.00	32.00	83.9	28.40	32.00	80.8
28/06/2018 10:33:04 AM	3612990784	1013.00	30.04	32.00	69.6	28.49	32.00	80.2	28.05	32.00	83.5	28.41	32.00	80.8
28/06/2018 10:33:05 AM	3612990785	1013.00	30.07	32.00	69.5	28.44	32.00	80.5	28.00	32.00	83.9	28.40	32.00	80.8
28/06/2018 10:33:06 AM	3612990786	1013.00	30.06	31.99	69.5	28.52	31.99	80.0	28.00	31.99	83.9	28.43	31.99	80.6
28/06/2018 10:33:07 AM	3612990787	1013.00	30.07	32.00	69.5	28.48	32.00	80.2	28.09	32.00	83.2	28.41	32.00	80.8
28/06/2018 10:33:08 AM	3612990788	1013.00	30.06	31.99	69.5	28.43	31.99	80.6	28.09	31.99	83.2	28.38	31.99	81.0
28/06/2018 10:33:09 AM	3612990789	1013.00	30.11	32.00	69.2	28.43	32.00	80.6	28.02	32.00	83.7	28.43	32.00	80.6
28/06/2018 10:33:10 AM	3612990790	1013.00	30.05	31.99	69.6	28.48	31.99	80.3	28.03	31.99	83.7	28.46	31.99	80.4
28/06/2018 10:33:11 AM	3612990791	1013.00	30.08	31.99	69.4	28.52	31.99	80.0	28.04	31.99	83.6	28.40	31.99	80.9
28/06/2018 10:33:12 AM	3612990792	1013.00	30.09	31.99	69.3	28.46	31.99	80.4	28.03	31.99	83.7	28.45	31.99	80.5
28/06/2018 10:33:13 AM	3612990793	1013.00	30.09	31.98	69.4	28.44	31.98	80.6	28.02	31.98	83.8	28.43	31.98	80.6
28/06/2018 10:33:14 AM	3612990794	1013.00	30.09	31.98	69.4	28.47	31.98	80.4	28.09	31.98	83.2	28.48	31.98	80.3
28/06/2018 10:33:15 AM	3612990795	1013.00	30.10	31.99	69.3	28.48	31.99	80.3	28.10	31.99	83.1	28.40	31.99	80.9
28/06/2018 10:33:16 AM	3612990796	1013.00	30.12	31.99	69.2	28.55	31.99	79.7	28.05	31.99	83.5	28.41	31.99	80.8
28/06/2018 10:33:17 AM	3612990797	1013.00	30.10	31.99	69.3	28.52	31.99	80.0	28.05	31.99	83.5	28.44	31.99	80.6
28/06/2018 10:33:18 AM	3612990798	1013.00	30.13	31.99	69.1	28.51	31.99	80.0	28.05	31.99	83.5	28.48	31.99	80.3
28/06/2018 10:33:19 AM	3612990799	1013.00	30.11	31.99	69.2	28.50	31.99	80.1	28.01	31.99	83.8	28.50	31.99	80.1
28/06/2018 10:33:20 AM	3612990800	1013.00	30.11	32.00	69.2	28.51	32.00	80.0	28.08	32.00	83.3	28.48	32.00	80.2
28/06/2018 10:33:21 AM	3612990801	1013.00	30.12	32.00	69.1	28.49	32.00	80.2	28.10	32.00	83.1	28.47	32.00	80.3
28/06/2018 10:33:22 AM	3612990802	1013.00	30.11	32.01	69.2	28.54	32.01	79.8	28.04	32.01	83.6	28.48	32.01	80.2
28/06/2018 10:33:23 AM	3612990803	1013.00	30.08	32.00	69.4	28.50	32.00	80.1	28.05	32.00	83.5	28.43	32.00	80.6
28/06/2018 10:33:24 AM	3612990804	1013.00	30.11	32.00	69.2	28.53	32.00	79.9	28.05	32.00	83.5	28.52	32.00	80.0
28/06/2018 10:33:25 AM	3612990805	1013.00	30.15	32.00	69.0	28.48	32.00	80.2	28.12	32.00	83.0	28.47	32.00	80.3
28/06/2018 10:33:26 AM	3612990806	1013.00	30.14	32.00	69.0	28.50	32.00	80.1	28.11	32.00	83.0	28.45	32.00	80.5
28/06/2018 10:33:27 AM	3612990807	1013.00	30.17	32.00	68.8	28.59	32.00	79.4	28.09	32.00	83.2	28.53	32.00	79.9
28/06/2018 10:33:28 AM	3612990808	1013.00	30.16	31.99	68.9	28.46	31.99	80.4	28.05	31.99	83.5	28.52	31.99	80.0
28/06/2018 10:33:29 AM	3612990809	1013.00	30.17	31.99	68.8	28.52	31.99	80.0	28.08	31.99	83.3	28.51	31.99	80.0
28/06/2018 10:33:30 AM	3612990810	1013.00	30.18	31.99	68.8	28.54	31.99	79.8	28.11	31.99	83.1	28.48	31.99	80.3
28/06/2018 10:33:31 AM	3612990811	1013.00	30.17	31.99	68.8	28.54	31.99	79.8	28.10	31.99	83.1	28.54	31.99	79.8
28/06/2018 10:33:32 AM	3612990812	1013.00	30.15	31.99	69.0	28.55	31.99	79.7	28.14	31.99	82.8	28.53	31.99	79.9
28/06/2018 10:33:33 AM	3612990813	1013.00	30.18	31.99	68.8	28.59	31.99	79.5	28.10	31.99	83.1	28.48	31.99	80.3
28/06/2018 10:33:34 AM	3612990814	1013.00	30.18	31.99	68.8	28.55	31.99	79.7	28.10	31.99	83.1	28.56	31.99	79.7
28/06/2018 10:33:35 AM	3612990815	1013.00	30.20	31.99	68.7	28.54	31.99	79.8	28.09	31.99	83.2	28.56	31.99	79.7
28/06/2018 10:33:36 AM	3612990816	1013.00	30.21	31.99	68.6	28.50	31.99	80.1	28.10	31.99	83.1	28.57	31.99	79.6
28/06/2018 10:33:37 AM	3612990817	1013.00	30.20	31.99	68.7	28.56	31.99	79.7	28.17	31.99	82.6	28.53	31.99	79.9
28/06/2018 10:33:38 AM	3612990818	1013.00	30.23	32.00	68.5	28.53	32.00	79.9	28.15	32.00	82.7	28.55	32.00	79.7
28/06/2018 10:33:39 AM	3612990819	1013.00	30.22	32.00	68.5	28.53	32.00	79.9	28.11	32.00	83.0	28.58	32.00	79.5
28/06/2018 10:33:40 AM	3612990820	1013.00	30.23	32.00	68.5	28.50	32.00	80.1	28.12	32.00	83.0	28.57	32.00	79.6
28/06/2018 10:33:41 AM	3612990821	1013.00	30.21	32.00	68.6	28.55	32.00	79.7	28.12	32.00	83.0	28.59	32.00	79.4
28/06/2018 10:33:42 AM	3612990822	1013.00	30.25	32.00	68.3	28.60	32.00	79.4	28.18	32.00	82.5	28.59	32.00	79.4
28/06/2018 10:33:43 AM	3612990823	1013.00	30.22	31.99	68.5	28.56	31.99	79.7	28.12	31.99	83.0	28.60	31.99	79.4
28/06/2018 10:33:44 AM	3612990824	1013.00	30.20	31.99	68.7	28.56	31.99	79.7	28.21	31.99	82.3	28.64	31.99	79.1
28/06/2018 10:33:45 AM	3612990825	1013.00	30.19	32.00	68.7	28.54	32.00	79.8	28.17	32.00	82.6	28.64	32.00	79.1
