Date & time of file creation	22/06/2018 10:26 AM													
Data file path	C:\Users\ameli\Desktop\Diego Barneche\22_06_2018\29_C_new_witrox_15.txt													
														
														
CALIBRATION DATA														
Parameter/Channel	N moving average	LO phase [r.U.]	HI phase [r.U.]	LO oxygen [%air saturation]	HI oxygen [%air saturation]	LO temperature [°C]	HI temperature [°C]	Salinity [‰]						
SDWD0003000199      , CH 1	1	60.06	27.93	0.00	100.00	19.77	19.76	0.000						
SDWD0003000199      , CH 2	1	60.06	27.93	0.00	100.00	19.77	19.76	0.000						
SDWD0003000199      , CH 3	1	60.06	27.93	0.00	100.00	19.77	19.76	0.000						
SDWD0003000199      , CH 4	1	60.06	27.93	0.00	100.00	19.77	19.76	0.000						
														
														
Date &Time [DD-MM-YYYY HH:MM:SS]	Time stamp code	Barometric pressure [hPa]	SDWD0003000199      , CH 1 phase [r.U.]	SDWD0003000199      , CH 1 temp [°C]	SDWD0003000199      , CH 1 O2 [% air saturation]	SDWD0003000199      , CH 2 phase [r.U.]	SDWD0003000199      , CH 2 temp [°C]	SDWD0003000199      , CH 2 O2 [% air saturation]	SDWD0003000199      , CH 3 phase [r.U.]	SDWD0003000199      , CH 3 temp [°C]	SDWD0003000199      , CH 3 O2 [% air saturation]	SDWD0003000199      , CH 4 phase [r.U.]	SDWD0003000199      , CH 4 temp [°C]	SDWD0003000199      , CH 4 O2 [% air saturation]
22/06/2018 10:27:38 AM	3612472058	1013.00	27.29	29.10	90.5	26.99	29.10	93.1	26.89	29.10	94.0	26.57	29.10	96.9
22/06/2018 10:27:39 AM	3612472059	1013.00	27.26	29.09	90.8	27.05	29.09	92.6	26.88	29.09	94.1	26.58	29.09	96.8
22/06/2018 10:27:40 AM	3612472060	1013.00	27.30	29.09	90.4	26.99	29.09	93.1	26.87	29.09	94.2	26.66	29.09	96.1
22/06/2018 10:27:41 AM	3612472061	1013.00	27.31	29.09	90.3	27.08	29.09	92.3	26.89	29.09	94.0	26.62	29.09	96.5
22/06/2018 10:27:42 AM	3612472062	1013.00	27.27	29.09	90.7	27.06	29.09	92.5	26.91	29.09	93.8	26.59	29.09	96.7
22/06/2018 10:27:43 AM	3612472063	1013.00	27.26	29.10	90.7	27.02	29.10	92.8	26.88	29.10	94.1	26.61	29.10	96.5
22/06/2018 10:27:44 AM	3612472064	1013.00	27.28	29.10	90.6	27.04	29.10	92.7	26.87	29.10	94.2	26.59	29.10	96.7
22/06/2018 10:27:45 AM	3612472065	1013.00	27.28	29.09	90.6	27.09	29.09	92.2	26.88	29.09	94.1	26.60	29.09	96.7
22/06/2018 10:27:46 AM	3612472066	1013.00	27.28	29.10	90.6	27.05	29.10	92.6	26.87	29.10	94.2	26.62	29.10	96.5
22/06/2018 10:27:47 AM	3612472067	1013.00	27.26	29.10	90.7	27.02	29.10	92.8	26.88	29.10	94.1	26.60	29.10	96.6
22/06/2018 10:27:48 AM	3612472068	1013.00	27.28	29.09	90.6	27.01	29.09	92.9	26.90	29.09	93.9	26.57	29.09	96.9
22/06/2018 10:27:49 AM	3612472069	1013.00	27.26	29.10	90.7	27.08	29.10	92.3	26.89	29.10	94.0	26.58	29.10	96.8
22/06/2018 10:27:50 AM	3612472070	1013.00	27.27	29.10	90.7	27.11	29.10	92.0	26.84	29.10	94.4	26.64	29.10	96.3
22/06/2018 10:27:51 AM	3612472071	1013.00	27.31	29.10	90.3	27.06	29.10	92.5	26.86	29.10	94.3	26.56	29.10	97.0
22/06/2018 10:27:52 AM	3612472072	1013.00	27.27	29.09	90.7	27.05	29.09	92.6	26.85	29.09	94.4	26.62	29.09	96.5
22/06/2018 10:27:53 AM	3612472073	1013.00	27.27	29.09	90.7	27.07	29.09	92.4	26.89	29.09	94.0	26.62	29.09	96.5
22/06/2018 10:27:54 AM	3612472074	1013.00	27.27	29.09	90.7	27.02	29.09	92.9	26.87	29.09	94.2	26.62	29.09	96.5
22/06/2018 10:27:55 AM	3612472075	1013.00	27.28	29.09	90.6	27.05	29.09	92.6	26.92	29.09	93.7	26.64	29.09	96.3
22/06/2018 10:27:56 AM	3612472076	1013.00	27.24	29.09	90.9	27.08	29.09	92.3	26.85	29.09	94.4	26.66	29.09	96.1
22/06/2018 10:27:57 AM	3612472077	1013.00	27.29	29.09	90.5	27.07	29.09	92.4	26.88	29.09	94.1	26.65	29.09	96.2
22/06/2018 10:27:58 AM	3612472078	1013.00	27.28	29.09	90.6	27.05	29.09	92.6	26.89	29.09	94.0	26.66	29.09	96.1
22/06/2018 10:27:59 AM	3612472079	1013.00	27.31	29.09	90.3	27.05	29.09	92.6	26.87	29.09	94.2	26.64	29.09	96.3
22/06/2018 10:28:00 AM	3612472080	1013.00	27.31	29.09	90.3	27.03	29.09	92.8	26.90	29.09	93.9	26.67	29.09	96.0
22/06/2018 10:28:01 AM	3612472081	1013.00	27.29	29.09	90.5	27.06	29.09	92.5	26.90	29.09	93.9	26.65	29.09	96.2
22/06/2018 10:28:02 AM	3612472082	1013.00	27.30	29.10	90.4	27.06	29.10	92.5	26.87	29.10	94.2	26.64	29.10	96.3
22/06/2018 10:28:03 AM	3612472083	1013.00	27.25	29.09	90.8	27.05	29.09	92.6	26.86	29.09	94.3	26.60	29.09	96.7
22/06/2018 10:28:04 AM	3612472084	1013.00	27.28	29.09	90.6	27.07	29.09	92.4	26.86	29.09	94.3	26.69	29.09	95.8
22/06/2018 10:28:05 AM	3612472085	1013.00	27.30	29.09	90.4	27.09	29.09	92.2	26.91	29.09	93.8	26.67	29.09	96.0
22/06/2018 10:28:06 AM	3612472086	1013.00	27.28	29.09	90.6	27.03	29.09	92.8	26.91	29.09	93.8	26.69	29.09	95.8
22/06/2018 10:28:07 AM	3612472087	1013.00	27.27	29.09	90.7	27.06	29.09	92.5	26.95	29.09	93.5	26.67	29.09	96.0
22/06/2018 10:28:08 AM	3612472088	1013.00	27.30	29.09	90.4	27.16	29.09	91.6	26.87	29.09	94.2	26.69	29.09	95.8
22/06/2018 10:28:09 AM	3612472089	1013.00	27.31	29.09	90.3	27.03	29.09	92.8	26.92	29.09	93.7	26.69	29.09	95.8
22/06/2018 10:28:10 AM	3612472090	1013.00	27.31	29.09	90.3	27.10	29.09	92.1	26.88	29.09	94.1	26.71	29.09	95.6
22/06/2018 10:28:11 AM	3612472091	1013.00	27.27	29.09	90.7	27.05	29.09	92.6	26.86	29.09	94.3	26.69	29.09	95.8
22/06/2018 10:28:12 AM	3612472092	1013.00	27.27	29.09	90.7	27.03	29.09	92.8	26.88	29.09	94.1	26.72	29.09	95.5
22/06/2018 10:28:13 AM	3612472093	1013.00	27.26	29.09	90.8	27.09	29.09	92.2	26.85	29.09	94.4	26.69	29.09	95.8
22/06/2018 10:28:14 AM	3612472094	1013.00	27.30	29.09	90.4	27.13	29.09	91.9	26.85	29.09	94.4	26.68	29.09	95.9
22/06/2018 10:28:15 AM	3612472095	1013.00	27.28	29.09	90.6	27.05	29.09	92.6	26.85	29.09	94.4	26.70	29.09	95.7
22/06/2018 10:28:16 AM	3612472096	1013.00	27.29	29.08	90.5	27.08	29.08	92.3	26.93	29.08	93.7	26.71	29.08	95.7
22/06/2018 10:28:17 AM	3612472097	1013.00	27.26	29.09	90.8	27.09	29.09	92.2	26.88	29.09	94.1	26.74	29.09	95.4
22/06/2018 10:28:18 AM	3612472098	1013.00	27.31	29.09	90.3	27.07	29.09	92.4	26.88	29.09	94.1	26.70	29.09	95.7
22/06/2018 10:28:19 AM	3612472099	1013.00	27.30	29.09	90.4	27.07	29.09	92.4	26.85	29.09	94.4	26.73	29.09	95.5
22/06/2018 10:28:20 AM	3612472100	1013.00	27.28	29.09	90.6	27.03	29.09	92.8	26.93	29.09	93.7	26.65	29.09	96.2
22/06/2018 10:28:21 AM	3612472101	1013.00	27.28	29.09	90.6	27.01	29.09	92.9	26.92	29.09	93.7	26.67	29.09	96.0
22/06/2018 10:28:22 AM	3612472102	1013.00	27.29	29.08	90.5	27.09	29.08	92.3	26.88	29.08	94.1	26.70	29.08	95.7
22/06/2018 10:28:23 AM	3612472103	1013.00	27.31	29.09	90.3	27.12	29.09	92.0	26.88	29.09	94.1	26.75	29.09	95.3
22/06/2018 10:28:24 AM	3612472104	1013.00	27.31	29.09	90.3	27.13	29.09	91.9	26.90	29.09	93.9	26.74	29.09	95.4
22/06/2018 10:28:25 AM	3612472105	1013.00	27.33	29.09	90.2	27.09	29.09	92.2	26.87	29.09	94.2	26.72	29.09	95.5
22/06/2018 10:28:26 AM	3612472106	1013.00	27.30	29.09	90.4	27.08	29.09	92.3	26.91	29.09	93.8	26.75	29.09	95.3
22/06/2018 10:28:27 AM	3612472107	1013.00	27.31	29.09	90.3	27.08	29.09	92.3	26.89	29.09	94.0	26.72	29.09	95.5
22/06/2018 10:28:28 AM	3612472108	1013.00	27.29	29.09	90.5	27.10	29.09	92.1	26.86	29.09	94.3	26.73	29.09	95.5
22/06/2018 10:28:29 AM	3612472109	1013.00	27.32	29.08	90.3	27.09	29.08	92.3	26.87	29.08	94.2	26.74	29.08	95.4
22/06/2018 10:28:30 AM	3612472110	1013.00	27.27	29.08	90.7	27.07	29.08	92.4	26.92	29.08	93.8	26.73	29.08	95.5
22/06/2018 10:28:31 AM	3612472111	1013.00	27.32	29.08	90.3	27.10	29.08	92.2	26.86	29.08	94.3	26.74	29.08	95.4
22/06/2018 10:28:32 AM	3612472112	1013.00	27.29	29.09	90.5	27.09	29.09	92.2	26.93	29.09	93.7	26.73	29.09	95.5
22/06/2018 10:28:33 AM	3612472113	1013.00	27.32	29.09	90.3	27.07	29.09	92.4	26.89	29.09	94.0	26.71	29.09	95.6
22/06/2018 10:28:34 AM	3612472114	1013.00	27.29	29.09	90.5	27.14	29.09	91.8	26.87	29.09	94.2	26.79	29.09	94.9
22/06/2018 10:28:35 AM	3612472115	1013.00	27.32	29.09	90.3	27.04	29.09	92.7	26.88	29.09	94.1	26.72	29.09	95.5
22/06/2018 10:28:36 AM	3612472116	1013.00	27.31	29.09	90.3	27.14	29.09	91.8	26.88	29.09	94.1	26.74	29.09	95.4
22/06/2018 10:28:37 AM	3612472117	1013.00	27.31	29.09	90.3	27.12	29.09	92.0	26.89	29.09	94.0	26.73	29.09	95.5
22/06/2018 10:28:38 AM	3612472118	1013.00	27.33	29.09	90.2	27.11	29.09	92.1	26.93	29.09	93.7	26.74	29.09	95.4
22/06/2018 10:28:39 AM	3612472119	1013.00	27.31	29.09	90.3	27.15	29.09	91.7	26.89	29.09	94.0	26.75	29.09	95.3
22/06/2018 10:28:40 AM	3612472120	1013.00	27.33	29.08	90.2	27.08	29.08	92.3	26.93	29.08	93.7	26.78	29.08	95.0
22/06/2018 10:28:41 AM	3612472121	1013.00	27.28	29.08	90.6	27.13	29.08	91.9	26.87	29.08	94.2	26.77	29.08	95.1
22/06/2018 10:28:42 AM	3612472122	1013.00	27.31	29.08	90.4	27.13	29.08	91.9	26.92	29.08	93.8	26.81	29.08	94.7
22/06/2018 10:28:43 AM	3612472123	1013.00	27.31	29.08	90.4	27.19	29.08	91.4	26.93	29.08	93.7	26.77	29.08	95.1
22/06/2018 10:28:44 AM	3612472124	1013.00	27.30	29.08	90.4	27.18	29.08	91.5	26.92	29.08	93.8	26.79	29.08	94.9
22/06/2018 10:28:45 AM	3612472125	1013.00	27.33	29.08	90.2	27.17	29.08	91.6	26.90	29.08	93.9	26.74	29.08	95.4
22/06/2018 10:28:46 AM	3612472126	1013.00	27.31	29.08	90.4	27.09	29.08	92.3	26.88	29.08	94.1	26.74	29.08	95.4
22/06/2018 10:28:47 AM	3612472127	1013.00	27.37	29.08	89.8	27.12	29.08	92.0	26.91	29.08	93.8	26.77	29.08	95.1
22/06/2018 10:28:48 AM	3612472128	1013.00	27.34	29.08	90.1	27.15	29.08	91.7	26.92	29.08	93.8	26.74	29.08	95.4
22/06/2018 10:28:49 AM	3612472129	1013.00	27.36	29.08	89.9	27.11	29.08	92.1	26.91	29.08	93.8	26.81	29.08	94.7
22/06/2018 10:28:50 AM	3612472130	1013.00	27.31	29.08	90.4	27.15	29.08	91.7	26.91	29.08	93.8	26.82	29.08	94.7
22/06/2018 10:28:51 AM	3612472131	1013.00	27.35	29.08	90.0	27.18	29.08	91.5	26.91	29.08	93.8	26.78	29.08	95.0
22/06/2018 10:28:52 AM	3612472132	1013.00	27.35	29.08	90.0	27.14	29.08	91.8	26.90	29.08	93.9	26.78	29.08	95.0
22/06/2018 10:28:53 AM	3612472133	1013.00	27.29	29.08	90.5	27.13	29.08	91.9	26.89	29.08	94.0	26.84	29.08	94.5
22/06/2018 10:28:54 AM	3612472134	1013.00	27.33	29.08	90.2	27.11	29.08	92.1	26.93	29.08	93.7	26.83	29.08	94.6
22/06/2018 10:28:55 AM	3612472135	1013.00	27.29	29.07	90.5	27.16	29.07	91.7	26.90	29.07	94.0	26.80	29.07	94.9
22/06/2018 10:28:56 AM	3612472136	1013.00	27.31	29.08	90.4	27.19	29.08	91.4	26.89	29.08	94.0	26.80	29.08	94.8
22/06/2018 10:28:57 AM	3612472137	1013.00	27.30	29.08	90.4	27.16	29.08	91.6	26.89	29.08	94.0	26.80	29.08	94.8
22/06/2018 10:28:58 AM	3612472138	1013.00	27.30	29.08	90.4	27.14	29.08	91.8	26.90	29.08	93.9	26.87	29.08	94.2
22/06/2018 10:28:59 AM	3612472139	1013.00	27.30	29.07	90.5	27.14	29.07	91.8	26.92	29.07	93.8	26.82	29.07	94.7
22/06/2018 10:29:00 AM	3612472140	1013.00	27.29	29.08	90.5	27.14	29.08	91.8	26.94	29.08	93.6	26.82	29.08	94.7
22/06/2018 10:29:01 AM	3612472141	1013.00	27.34	29.07	90.1	27.19	29.07	91.4	26.88	29.07	94.1	26.83	29.07	94.6
22/06/2018 10:29:02 AM	3612472142	1013.00	27.33	29.07	90.2	27.14	29.07	91.8	26.87	29.07	94.2	26.84	29.07	94.5
22/06/2018 10:29:03 AM	3612472143	1013.00	27.32	29.07	90.3	27.16	29.07	91.7	26.97	29.07	93.3	26.88	29.07	94.1
22/06/2018 10:29:04 AM	3612472144	1013.00	27.29	29.07	90.5	27.16	29.07	91.7	26.88	29.07	94.1	26.83	29.07	94.6
22/06/2018 10:29:05 AM	3612472145	1013.00	27.31	29.07	90.4	27.13	29.07	91.9	26.96	29.07	93.4	26.86	29.07	94.3
22/06/2018 10:29:06 AM	3612472146	1013.00	27.32	29.07	90.3	27.13	29.07	91.9	26.89	29.07	94.0	26.85	29.07	94.4
22/06/2018 10:29:07 AM	3612472147	1013.00	27.34	29.07	90.1	27.18	29.07	91.5	26.89	29.07	94.0	26.81	29.07	94.8
22/06/2018 10:29:08 AM	3612472148	1013.00	27.31	29.07	90.4	27.17	29.07	91.6	26.90	29.07	94.0	26.91	29.07	93.9
22/06/2018 10:29:09 AM	3612472149	1013.00	27.36	29.07	89.9	27.19	29.07	91.4	26.92	29.07	93.8	26.88	29.07	94.1
22/06/2018 10:29:10 AM	3612472150	1013.00	27.32	29.07	90.3	27.14	29.07	91.8	26.91	29.07	93.9	26.88	29.07	94.1
22/06/2018 10:29:11 AM	3612472151	1013.00	27.31	29.07	90.4	27.14	29.07	91.8	26.96	29.07	93.4	26.87	29.07	94.2
22/06/2018 10:29:12 AM	3612472152	1013.00	27.34	29.06	90.1	27.22	29.06	91.2	26.90	29.06	94.0	26.91	29.06	93.9
22/06/2018 10:29:13 AM	3612472153	1013.00	27.34	29.06	90.1	27.12	29.06	92.0	26.96	29.06	93.4	26.80	29.06	94.9
22/06/2018 10:29:14 AM	3612472154	1013.00	27.32	29.06	90.3	27.18	29.06	91.5	26.92	29.06	93.8	26.89	29.06	94.1
22/06/2018 10:29:15 AM	3612472155	1013.00	27.37	29.05	89.9	27.19	29.05	91.4	26.93	29.05	93.7	26.89	29.05	94.1
22/06/2018 10:29:16 AM	3612472156	1013.00	27.34	29.05	90.1	27.19	29.05	91.4	26.91	29.05	93.9	26.91	29.05	93.9
22/06/2018 10:29:17 AM	3612472157	1013.00	27.37	29.05	89.9	27.21	29.05	91.3	26.90	29.05	94.0	26.89	29.05	94.1
22/06/2018 10:29:18 AM	3612472158	1013.00	27.36	29.05	90.0	27.12	29.05	92.0	26.91	29.05	93.9	26.86	29.05	94.3
22/06/2018 10:29:19 AM	3612472159	1013.00	27.33	29.05	90.2	27.18	29.05	91.5	26.88	29.05	94.2	26.94	29.05	93.6
22/06/2018 10:29:20 AM	3612472160	1013.00	27.33	29.05	90.2	27.23	29.05	91.1	26.94	29.05	93.6	27.01	29.05	93.0
22/06/2018 10:29:21 AM	3612472161	1013.00	27.31	29.04	90.4	27.24	29.04	91.0	26.93	29.04	93.7	26.91	29.04	93.9
22/06/2018 10:29:22 AM	3612472162	1013.00	27.36	29.03	90.0	27.19	29.03	91.5	26.91	29.03	93.9	26.90	29.03	94.0
22/06/2018 10:29:23 AM	3612472163	1013.00	27.35	29.03	90.1	27.21	29.03	91.3	26.95	29.03	93.6	26.94	29.03	93.7
22/06/2018 10:29:24 AM	3612472164	1013.00	27.33	29.03	90.3	27.18	29.03	91.5	26.90	29.03	94.0	26.92	29.03	93.8
22/06/2018 10:29:25 AM	3612472165	1013.00	27.34	29.03	90.2	27.22	29.03	91.2	26.94	29.03	93.7	26.92	29.03	93.8
22/06/2018 10:29:26 AM	3612472166	1013.00	27.31	29.03	90.4	27.25	29.03	90.9	26.94	29.03	93.7	26.94	29.03	93.7
22/06/2018 10:29:27 AM	3612472167	1013.00	27.38	29.03	89.8	27.24	29.03	91.0	26.96	29.03	93.5	26.96	29.03	93.5
22/06/2018 10:29:28 AM	3612472168	1013.00	27.32	29.03	90.3	27.28	29.03	90.7	26.95	29.03	93.6	26.96	29.03	93.5
22/06/2018 10:29:29 AM	3612472169	1013.00	27.35	29.02	90.1	27.25	29.02	91.0	27.01	29.02	93.0	26.96	29.02	93.5
22/06/2018 10:29:30 AM	3612472170	1013.00	27.33	29.03	90.3	27.18	29.03	91.5	26.95	29.03	93.6	26.96	29.03	93.5
22/06/2018 10:29:31 AM	3612472171	1013.00	27.32	29.03	90.3	27.23	29.03	91.1	26.94	29.03	93.7	26.89	29.03	94.1
22/06/2018 10:29:32 AM	3612472172	1013.00	27.36	29.02	90.0	27.19	29.02	91.5	26.93	29.02	93.8	26.98	29.02	93.3
22/06/2018 10:29:33 AM	3612472173	1013.00	27.33	29.02	90.3	27.23	29.02	91.1	26.91	29.02	93.9	26.97	29.02	93.4
22/06/2018 10:29:34 AM	3612472174	1013.00	27.37	29.02	89.9	27.15	29.02	91.8	26.97	29.02	93.4	26.98	29.02	93.3
22/06/2018 10:29:35 AM	3612472175	1013.00	27.35	29.02	90.1	27.27	29.02	90.8	26.89	29.02	94.1	26.97	29.02	93.4
22/06/2018 10:29:36 AM	3612472176	1013.00	27.32	29.01	90.4	27.20	29.01	91.4	26.93	29.01	93.8	26.95	29.01	93.6
22/06/2018 10:29:37 AM	3612472177	1013.00	27.35	29.01	90.1	27.21	29.01	91.3	26.93	29.01	93.8	26.98	29.01	93.3
22/06/2018 10:29:38 AM	3612472178	1013.00	27.33	29.01	90.3	27.29	29.01	90.6	26.94	29.01	93.7	26.98	29.01	93.3
22/06/2018 10:29:39 AM	3612472179	1013.00	27.33	29.00	90.3	27.26	29.00	90.9	26.95	29.00	93.6	27.01	29.00	93.1
22/06/2018 10:29:40 AM	3612472180	1013.00	27.34	29.00	90.2	27.23	29.00	91.2	26.95	29.00	93.6	26.99	29.00	93.3
22/06/2018 10:29:41 AM	3612472181	1013.00	27.35	29.00	90.1	27.24	29.00	91.1	26.93	29.00	93.8	26.95	29.00	93.6
22/06/2018 10:29:42 AM	3612472182	1013.00	27.34	29.00	90.2	27.27	29.00	90.8	26.97	29.00	93.4	26.99	29.00	93.3
22/06/2018 10:29:43 AM	3612472183	1013.00	27.33	29.01	90.3	27.27	29.01	90.8	26.99	29.01	93.2	26.99	29.01	93.2
22/06/2018 10:29:44 AM	3612472184	1013.00	27.38	29.01	89.9	27.28	29.01	90.7	26.97	29.01	93.4	27.03	29.01	92.9
22/06/2018 10:29:45 AM	3612472185	1013.00	27.34	29.01	90.2	27.28	29.01	90.7	26.97	29.01	93.4	27.01	29.01	93.1
22/06/2018 10:29:46 AM	3612472186	1013.00	27.34	29.00	90.2	27.23	29.00	91.2	26.97	29.00	93.4	27.01	29.00	93.1
22/06/2018 10:29:47 AM	3612472187	1013.00	27.34	29.00	90.2	27.25	29.00	91.0	26.96	29.00	93.5	27.01	29.00	93.1
22/06/2018 10:29:48 AM	3612472188	1013.00	27.37	29.00	90.0	27.35	29.00	90.1	26.93	29.00	93.8	27.00	29.00	93.2
22/06/2018 10:29:49 AM	3612472189	1013.00	27.35	28.99	90.1	27.28	28.99	90.7	26.99	28.99	93.3	27.05	28.99	92.7
22/06/2018 10:29:50 AM	3612472190	1013.00	27.37	28.99	90.0	27.30	28.99	90.6	26.97	28.99	93.4	27.03	28.99	92.9
22/06/2018 10:29:51 AM	3612472191	1013.00	27.35	28.99	90.1	27.20	28.99	91.4	26.98	28.99	93.4	27.00	28.99	93.2
22/06/2018 10:29:52 AM	3612472192	1013.00	27.38	28.99	89.9	27.22	28.99	91.3	26.96	28.99	93.5	27.03	28.99	92.9
22/06/2018 10:29:53 AM	3612472193	1013.00	27.34	28.99	90.2	27.23	28.99	91.2	26.96	28.99	93.5	27.01	28.99	93.1
22/06/2018 10:29:54 AM	3612472194	1013.00	27.35	28.99	90.1	27.27	28.99	90.8	26.99	28.99	93.3	27.04	28.99	92.8
22/06/2018 10:29:55 AM	3612472195	1013.00	27.36	28.99	90.1	27.22	28.99	91.3	26.96	28.99	93.5	27.05	28.99	92.7
22/06/2018 10:29:56 AM	3612472196	1013.00	27.36	28.99	90.1	27.31	28.99	90.5	26.98	28.99	93.4	27.02	28.99	93.0
22/06/2018 10:29:57 AM	3612472197	1013.00	27.35	28.99	90.1	27.30	28.99	90.6	27.00	28.99	93.2	27.06	28.99	92.7
22/06/2018 10:29:58 AM	3612472198	1013.00	27.37	28.99	90.0	27.32	28.99	90.4	26.98	28.99	93.4	26.99	28.99	93.3
22/06/2018 10:29:59 AM	3612472199	1013.00	27.39	28.99	89.8	27.24	28.99	91.1	26.98	28.99	93.4	27.05	28.99	92.7
22/06/2018 10:30:00 AM	3612472200	1013.00	27.32	28.99	90.4	27.31	28.99	90.5	27.00	28.99	93.2	27.06	28.99	92.7
22/06/2018 10:30:01 AM	3612472201	1013.00	27.36	28.98	90.1	27.34	28.98	90.2	26.96	28.98	93.6	27.08	28.98	92.5
22/06/2018 10:30:02 AM	3612472202	1013.00	27.34	28.99	90.2	27.28	28.99	90.7	26.98	28.99	93.4	27.09	28.99	92.4
22/06/2018 10:30:03 AM	3612472203	1013.00	27.36	28.99	90.1	27.31	28.99	90.5	26.97	28.99	93.4	27.06	28.99	92.7
22/06/2018 10:30:04 AM	3612472204	1013.00	27.38	28.98	89.9	27.29	28.98	90.7	27.02	28.98	93.0	27.05	28.98	92.8
22/06/2018 10:30:05 AM	3612472205	1013.00	27.34	28.99	90.2	27.24	28.99	91.1	26.98	28.99	93.4	27.08	28.99	92.5
22/06/2018 10:30:06 AM	3612472206	1013.00	27.33	28.99	90.3	27.30	28.99	90.6	26.99	28.99	93.3	27.05	28.99	92.7
22/06/2018 10:30:07 AM	3612472207	1013.00	27.38	28.99	89.9	27.26	28.99	90.9	26.99	28.99	93.3	27.08	28.99	92.5
22/06/2018 10:30:08 AM	3612472208	1013.00	27.36	28.99	90.1	27.29	28.99	90.7	26.98	28.99	93.4	27.07	28.99	92.6
22/06/2018 10:30:09 AM	3612472209	1013.00	27.35	28.99	90.1	27.28	28.99	90.7	27.00	28.99	93.2	27.01	28.99	93.1
22/06/2018 10:30:10 AM	3612472210	1013.00	27.34	28.99	90.2	27.36	28.99	90.1	26.98	28.99	93.4	27.09	28.99	92.4
22/06/2018 10:30:11 AM	3612472211	1013.00	27.41	28.99	89.6	27.29	28.99	90.7	26.98	28.99	93.4	27.09	28.99	92.4
22/06/2018 10:30:12 AM	3612472212	1013.00	27.37	28.99	90.0	27.30	28.99	90.6	27.00	28.99	93.2	27.07	28.99	92.6
22/06/2018 10:30:13 AM	3612472213	1013.00	27.36	28.99	90.1	27.29	28.99	90.7	26.99	28.99	93.3	27.09	28.99	92.4
22/06/2018 10:30:14 AM	3612472214	1013.00	27.36	28.99	90.1	27.30	28.99	90.6	26.98	28.99	93.4	27.07	28.99	92.6
22/06/2018 10:30:15 AM	3612472215	1013.00	27.36	28.99	90.1	27.30	28.99	90.6	26.98	28.99	93.4	27.07	28.99	92.6
22/06/2018 10:30:16 AM	3612472216	1013.00	27.38	28.98	89.9	27.36	28.98	90.1	27.03	28.98	92.9	27.04	28.98	92.8
22/06/2018 10:30:17 AM	3612472217	1013.00	27.35	28.98	90.2	27.34	28.98	90.2	27.05	28.98	92.8	27.10	28.98	92.3
22/06/2018 10:30:18 AM	3612472218	1013.00	27.39	28.97	89.8	27.36	28.97	90.1	27.01	28.97	93.1	27.01	28.97	93.1
22/06/2018 10:30:19 AM	3612472219	1013.00	27.36	28.97	90.1	27.31	28.97	90.5	27.03	28.97	92.9	27.10	28.97	92.3
22/06/2018 10:30:20 AM	3612472220	1013.00	27.39	28.97	89.8	27.37	28.97	90.0	27.00	28.97	93.2	27.12	28.97	92.2
22/06/2018 10:30:21 AM	3612472221	1013.00	27.36	28.97	90.1	27.32	28.97	90.4	27.06	28.97	92.7	27.10	28.97	92.3
22/06/2018 10:30:22 AM	3612472222	1013.00	27.37	28.97	90.0	27.32	28.97	90.4	27.05	28.97	92.8	27.10	28.97	92.3
22/06/2018 10:30:23 AM	3612472223	1013.00	27.38	28.97	89.9	27.26	28.97	90.9	27.05	28.97	92.8	27.06	28.97	92.7
22/06/2018 10:30:24 AM	3612472224	1013.00	27.38	28.97	89.9	27.33	28.97	90.3	27.00	28.97	93.2	27.07	28.97	92.6
22/06/2018 10:30:25 AM	3612472225	1013.00	27.40	28.97	89.8	27.33	28.97	90.3	27.00	28.97	93.2	27.10	28.97	92.3
22/06/2018 10:30:26 AM	3612472226	1013.00	27.42	28.97	89.6	27.31	28.97	90.5	27.03	28.97	92.9	27.09	28.97	92.4
22/06/2018 10:30:27 AM	3612472227	1013.00	27.38	28.97	89.9	27.29	28.97	90.7	27.01	28.97	93.1	27.13	28.97	92.1
22/06/2018 10:30:28 AM	3612472228	1013.00	27.39	28.97	89.8	27.38	28.97	89.9	27.02	28.97	93.0	27.11	28.97	92.2
22/06/2018 10:30:29 AM	3612472229	1013.00	27.35	28.97	90.2	27.40	28.97	89.8	27.05	28.97	92.8	27.14	28.97	92.0
22/06/2018 10:30:30 AM	3612472230	1013.00	27.35	28.97	90.2	27.35	28.97	90.2	26.99	28.97	93.3	27.12	28.97	92.2
22/06/2018 10:30:31 AM	3612472231	1013.00	27.42	28.97	89.6	27.30	28.97	90.6	27.03	28.97	92.9	27.10	28.97	92.3
22/06/2018 10:30:32 AM	3612472232	1013.00	27.39	28.96	89.9	27.37	28.96	90.0	27.00	28.96	93.2	27.14	28.96	92.0
22/06/2018 10:30:33 AM	3612472233	1013.00	27.39	28.96	89.9	27.39	28.96	89.9	27.02	28.96	93.1	27.15	28.96	91.9
22/06/2018 10:30:34 AM	3612472234	1013.00	27.39	28.97	89.8	27.35	28.97	90.2	27.02	28.97	93.0	27.17	28.97	91.7
22/06/2018 10:30:35 AM	3612472235	1013.00	27.38	28.97	89.9	27.39	28.97	89.8	27.01	28.97	93.1	27.11	28.97	92.2
22/06/2018 10:30:36 AM	3612472236	1013.00	27.37	28.96	90.0	27.39	28.96	89.9	26.98	28.96	93.4	27.07	28.96	92.6
22/06/2018 10:30:37 AM	3612472237	1013.00	27.36	28.97	90.1	27.33	28.97	90.3	27.05	28.97	92.8	27.14	28.97	92.0
22/06/2018 10:30:38 AM	3612472238	1013.00	27.40	28.97	89.8	27.37	28.97	90.0	27.02	28.97	93.0	27.10	28.97	92.3
22/06/2018 10:30:39 AM	3612472239	1013.00	27.39	28.97	89.8	27.38	28.97	89.9	27.01	28.97	93.1	27.13	28.97	92.1
22/06/2018 10:30:40 AM	3612472240	1013.00	27.35	28.96	90.2	27.38	28.96	89.9	27.06	28.96	92.7	27.15	28.96	91.9
22/06/2018 10:30:41 AM	3612472241	1013.00	27.40	28.96	89.8	27.35	28.96	90.2	27.04	28.96	92.9	27.14	28.96	92.0
22/06/2018 10:30:42 AM	3612472242	1013.00	27.37	28.96	90.0	27.33	28.96	90.4	26.98	28.96	93.4	27.16	28.96	91.8
22/06/2018 10:30:43 AM	3612472243	1013.00	27.37	28.97	90.0	27.40	28.97	89.8	27.05	28.97	92.8	27.16	28.97	91.8
22/06/2018 10:30:44 AM	3612472244	1013.00	27.39	28.97	89.8	27.34	28.97	90.3	27.07	28.97	92.6	27.12	28.97	92.2
22/06/2018 10:30:45 AM	3612472245	1013.00	27.41	28.97	89.7	27.37	28.97	90.0	27.04	28.97	92.9	27.14	28.97	92.0
22/06/2018 10:30:46 AM	3612472246	1013.00	27.40	28.96	89.8	27.35	28.96	90.2	27.02	28.96	93.1	27.15	28.96	91.9
22/06/2018 10:30:47 AM	3612472247	1013.00	27.37	28.96	90.0	27.39	28.96	89.9	27.04	28.96	92.9	27.16	28.96	91.8
22/06/2018 10:30:48 AM	3612472248	1013.00	27.38	28.95	89.9	27.37	28.95	90.0	27.04	28.95	92.9	27.19	28.95	91.6
22/06/2018 10:30:49 AM	3612472249	1013.00	27.41	28.96	89.7	27.35	28.96	90.2	27.03	28.96	93.0	27.19	28.96	91.6
22/06/2018 10:30:50 AM	3612472250	1013.00	27.37	28.96	90.0	27.41	28.96	89.7	27.07	28.96	92.6	27.20	28.96	91.5
22/06/2018 10:30:51 AM	3612472251	1013.00	27.39	28.96	89.9	27.39	28.96	89.9	27.03	28.96	93.0	27.19	28.96	91.6
22/06/2018 10:30:52 AM	3612472252	1013.00	27.36	28.96	90.1	27.41	28.96	89.7	27.07	28.96	92.6	27.17	28.96	91.7
22/06/2018 10:30:53 AM	3612472253	1013.00	27.39	28.96	89.9	27.43	28.96	89.5	27.08	28.96	92.5	27.23	28.96	91.2
22/06/2018 10:30:54 AM	3612472254	1013.00	27.37	28.96	90.0	27.39	28.96	89.9	27.07	28.96	92.6	27.18	28.96	91.7
22/06/2018 10:30:55 AM	3612472255	1013.00	27.40	28.95	89.8	27.34	28.95	90.3	27.06	28.95	92.7	27.24	28.95	91.1
22/06/2018 10:30:56 AM	3612472256	1013.00	27.42	28.95	89.6	27.41	28.95	89.7	27.04	28.95	92.9	27.24	28.95	91.1
22/06/2018 10:30:57 AM	3612472257	1013.00	27.38	28.95	89.9	27.33	28.95	90.4	27.07	28.95	92.6	27.23	28.95	91.2
22/06/2018 10:30:58 AM	3612472258	1013.00	27.41	28.95	89.7	27.40	28.95	89.8	27.08	28.95	92.5	27.22	28.95	91.3
22/06/2018 10:30:59 AM	3612472259	1013.00	27.40	28.95	89.8	27.40	28.95	89.8	27.04	28.95	92.9	27.17	28.95	91.8
22/06/2018 10:31:00 AM	3612472260	1013.00	27.39	28.95	89.9	27.32	28.95	90.5	27.06	28.95	92.7	27.23	28.95	91.2
22/06/2018 10:31:01 AM	3612472261	1013.00	27.41	28.95	89.7	27.38	28.95	89.9	27.05	28.95	92.8	27.26	28.95	91.0
22/06/2018 10:31:02 AM	3612472262	1013.00	27.41	28.95	89.7	27.40	28.95	89.8	27.01	28.95	93.2	27.17	28.95	91.8
22/06/2018 10:31:03 AM	3612472263	1013.00	27.40	28.95	89.8	27.42	28.95	89.6	27.04	28.95	92.9	27.25	28.95	91.1
22/06/2018 10:31:04 AM	3612472264	1013.00	27.37	28.95	90.0	27.43	28.95	89.5	27.09	28.95	92.5	27.29	28.95	90.7
22/06/2018 10:31:05 AM	3612472265	1013.00	27.38	28.94	90.0	27.46	28.94	89.3	27.03	28.94	93.0	27.28	28.94	90.8
22/06/2018 10:31:06 AM	3612472266	1013.00	27.41	28.94	89.7	27.41	28.94	89.7	27.05	28.94	92.8	27.25	28.94	91.1
22/06/2018 10:31:07 AM	3612472267	1013.00	27.36	28.94	90.1	27.40	28.94	89.8	27.06	28.94	92.7	27.24	28.94	91.2
22/06/2018 10:31:08 AM	3612472268	1013.00	27.39	28.94	89.9	27.38	28.94	90.0	27.08	28.94	92.6	27.26	28.94	91.0
22/06/2018 10:31:09 AM	3612472269	1013.00	27.41	28.94	89.7	27.47	28.94	89.2	27.08	28.94	92.6	27.26	28.94	91.0
22/06/2018 10:31:10 AM	3612472270	1013.00	27.38	28.94	90.0	27.45	28.94	89.4	27.06	28.94	92.7	27.21	28.94	91.4
22/06/2018 10:31:11 AM	3612472271	1013.00	27.39	28.94	89.9	27.39	28.94	89.9	27.05	28.94	92.8	27.27	28.94	90.9
22/06/2018 10:31:12 AM	3612472272	1013.00	27.42	28.94	89.6	27.41	28.94	89.7	27.05	28.94	92.8	27.24	28.94	91.2
22/06/2018 10:31:13 AM	3612472273	1013.00	27.41	28.94	89.7	27.44	28.94	89.5	27.04	28.94	92.9	27.25	28.94	91.1
22/06/2018 10:31:14 AM	3612472274	1013.00	27.40	28.94	89.8	27.45	28.94	89.4	27.07	28.94	92.6	27.25	28.94	91.1
22/06/2018 10:31:15 AM	3612472275	1013.00	27.43	28.94	89.5	27.45	28.94	89.4	27.07	28.94	92.6	27.27	28.94	90.9
22/06/2018 10:31:16 AM	3612472276	1013.00	27.40	28.94	89.8	27.42	28.94	89.6	27.12	28.94	92.2	27.22	28.94	91.3
22/06/2018 10:31:17 AM	3612472277	1013.00	27.40	28.94	89.8	27.44	28.94	89.5	27.12	28.94	92.2	27.22	28.94	91.3
22/06/2018 10:31:18 AM	3612472278	1013.00	27.41	28.94	89.7	27.44	28.94	89.5	27.05	28.94	92.8	27.25	28.94	91.1
22/06/2018 10:31:19 AM	3612472279	1013.00	27.44	28.94	89.5	27.49	28.94	89.0	27.08	28.94	92.6	27.22	28.94	91.3
22/06/2018 10:31:20 AM	3612472280	1013.00	27.41	28.94	89.7	27.46	28.94	89.3	27.10	28.94	92.4	27.29	28.94	90.7
22/06/2018 10:31:21 AM	3612472281	1013.00	27.39	28.94	89.9	27.44	28.94	89.5	27.06	28.94	92.7	27.31	28.94	90.6
22/06/2018 10:31:22 AM	3612472282	1013.00	27.43	28.94	89.5	27.43	28.94	89.5	27.03	28.94	93.0	27.26	28.94	91.0
22/06/2018 10:31:23 AM	3612472283	1013.00	27.44	28.94	89.5	27.43	28.94	89.5	27.03	28.94	93.0	27.28	28.94	90.8
22/06/2018 10:31:24 AM	3612472284	1013.00	27.46	28.94	89.3	27.48	28.94	89.1	27.09	28.94	92.5	27.30	28.94	90.6
22/06/2018 10:31:25 AM	3612472285	1013.00	27.40	28.95	89.8	27.44	28.95	89.4	27.10	28.95	92.4	27.30	28.95	90.6
22/06/2018 10:31:26 AM	3612472286	1013.00	27.40	28.94	89.8	27.46	28.94	89.3	27.05	28.94	92.8	27.28	28.94	90.8
22/06/2018 10:31:27 AM	3612472287	1013.00	27.40	28.94	89.8	27.42	28.94	89.6	27.12	28.94	92.2	27.23	28.94	91.2
22/06/2018 10:31:28 AM	3612472288	1013.00	27.38	28.94	90.0	27.46	28.94	89.3	27.09	28.94	92.5	27.30	28.94	90.6
22/06/2018 10:31:29 AM	3612472289	1013.00	27.40	28.93	89.8	27.45	28.93	89.4	27.07	28.93	92.7	27.27	28.93	90.9
22/06/2018 10:31:30 AM	3612472290	1013.00	27.43	28.93	89.6	27.44	28.93	89.5	27.09	28.93	92.5	27.31	28.93	90.6
22/06/2018 10:31:31 AM	3612472291	1013.00	27.44	28.94	89.5	27.44	28.94	89.5	27.11	28.94	92.3	27.34	28.94	90.3
22/06/2018 10:31:32 AM	3612472292	1013.00	27.44	28.94	89.5	27.45	28.94	89.4	27.07	28.94	92.6	27.33	28.94	90.4
22/06/2018 10:31:33 AM	3612472293	1013.00	27.43	28.94	89.5	27.45	28.94	89.4	27.06	28.94	92.7	27.32	28.94	90.5
22/06/2018 10:31:34 AM	3612472294	1013.00	27.43	28.94	89.5	27.49	28.94	89.0	27.09	28.94	92.5	27.34	28.94	90.3
22/06/2018 10:31:35 AM	3612472295	1013.00	27.42	28.93	89.6	27.49	28.93	89.1	27.12	28.93	92.2	27.32	28.93	90.5
22/06/2018 10:31:36 AM	3612472296	1013.00	27.43	28.93	89.6	27.45	28.93	89.4	27.09	28.93	92.5	27.32	28.93	90.5
22/06/2018 10:31:37 AM	3612472297	1013.00	27.40	28.93	89.8	27.52	28.93	88.8	27.11	28.93	92.3	27.31	28.93	90.6
22/06/2018 10:31:38 AM	3612472298	1013.00	27.42	28.93	89.6	27.48	28.93	89.1	27.11	28.93	92.3	27.30	28.93	90.7
22/06/2018 10:31:39 AM	3612472299	1013.00	27.39	28.93	89.9	27.47	28.93	89.2	27.12	28.93	92.2	27.31	28.93	90.6
22/06/2018 10:31:40 AM	3612472300	1013.00	27.41	28.93	89.7	27.44	28.93	89.5	27.13	28.93	92.1	27.36	28.93	90.1
22/06/2018 10:31:41 AM	3612472301	1013.00	27.40	28.93	89.8	27.48	28.93	89.1	27.12	28.93	92.2	27.32	28.93	90.5
22/06/2018 10:31:42 AM	3612472302	1013.00	27.40	28.93	89.8	27.50	28.93	89.0	27.16	28.93	91.9	27.37	28.93	90.1
22/06/2018 10:31:43 AM	3612472303	1013.00	27.36	28.93	90.1	27.52	28.93	88.8	27.10	28.93	92.4	27.35	28.93	90.2
22/06/2018 10:31:44 AM	3612472304	1013.00	27.40	28.93	89.8	27.50	28.93	89.0	27.14	28.93	92.0	27.38	28.93	90.0
22/06/2018 10:31:45 AM	3612472305	1013.00	27.39	28.93	89.9	27.50	28.93	89.0	27.14	28.93	92.0	27.35	28.93	90.2
22/06/2018 10:31:46 AM	3612472306	1013.00	27.42	28.93	89.6	27.53	28.93	88.7	27.13	28.93	92.1	27.35	28.93	90.2
22/06/2018 10:31:47 AM	3612472307	1013.00	27.42	28.92	89.7	27.48	28.92	89.2	27.14	28.92	92.1	27.32	28.92	90.5
22/06/2018 10:31:48 AM	3612472308	1013.00	27.42	28.92	89.7	27.53	28.92	88.7	27.12	28.92	92.2	27.43	28.92	89.6
22/06/2018 10:31:49 AM	3612472309	1013.00	27.40	28.92	89.8	27.48	28.92	89.2	27.09	28.92	92.5	27.35	28.92	90.2
22/06/2018 10:31:50 AM	3612472310	1013.00	27.35	28.92	90.2	27.51	28.92	88.9	27.12	28.92	92.2	27.40	28.92	89.8
22/06/2018 10:31:51 AM	3612472311	1013.00	27.42	28.92	89.7	27.53	28.92	88.7	27.14	28.92	92.1	27.40	28.92	89.8
22/06/2018 10:31:52 AM	3612472312	1013.00	27.39	28.92	89.9	27.51	28.92	88.9	27.14	28.92	92.1	27.36	28.92	90.2
22/06/2018 10:31:53 AM	3612472313	1013.00	27.42	28.91	89.7	27.51	28.91	88.9	27.16	28.91	91.9	27.44	28.91	89.5
22/06/2018 10:31:54 AM	3612472314	1013.00	27.40	28.91	89.8	27.50	28.91	89.0	27.16	28.91	91.9	27.43	28.91	89.6
22/06/2018 10:31:55 AM	3612472315	1013.00	27.37	28.90	90.1	27.53	28.90	88.8	27.16	28.90	91.9	27.41	28.90	89.8
22/06/2018 10:31:56 AM	3612472316	1013.00	27.45	28.90	89.4	27.48	28.90	89.2	27.14	28.90	92.1	27.37	28.90	90.1
22/06/2018 10:31:57 AM	3612472317	1013.00	27.39	28.91	89.9	27.51	28.91	88.9	27.16	28.91	91.9	27.43	28.91	89.6
22/06/2018 10:31:58 AM	3612472318	1013.00	27.44	28.91	89.5	27.58	28.91	88.3	27.15	28.91	92.0	27.42	28.91	89.7
22/06/2018 10:31:59 AM	3612472319	1013.00	27.41	28.92	89.7	27.54	28.92	88.6	27.15	28.92	92.0	27.46	28.92	89.3
22/06/2018 10:32:00 AM	3612472320	1013.00	27.38	28.92	90.0	27.53	28.92	88.7	27.15	28.92	92.0	27.45	28.92	89.4
22/06/2018 10:32:01 AM	3612472321	1013.00	27.40	28.92	89.8	27.49	28.92	89.1	27.13	28.92	92.1	27.46	28.92	89.3
22/06/2018 10:32:02 AM	3612472322	1013.00	27.43	28.91	89.6	27.54	28.91	88.7	27.10	28.91	92.4	27.41	28.91	89.8
22/06/2018 10:32:03 AM	3612472323	1013.00	27.42	28.91	89.7	27.53	28.91	88.7	27.16	28.91	91.9	27.44	28.91	89.5
22/06/2018 10:32:04 AM	3612472324	1013.00	27.41	28.91	89.8	27.61	28.91	88.1	27.11	28.91	92.3	27.49	28.91	89.1
22/06/2018 10:32:05 AM	3612472325	1013.00	27.42	28.91	89.7	27.58	28.91	88.3	27.18	28.91	91.7	27.45	28.91	89.4
22/06/2018 10:32:06 AM	3612472326	1013.00	27.42	28.91	89.7	27.54	28.91	88.7	27.15	28.91	92.0	27.44	28.91	89.5
22/06/2018 10:32:07 AM	3612472327	1013.00	27.41	28.91	89.8	27.52	28.91	88.8	27.19	28.91	91.6	27.46	28.91	89.3
22/06/2018 10:32:08 AM	3612472328	1013.00	27.45	28.91	89.4	27.53	28.91	88.7	27.14	28.91	92.1	27.43	28.91	89.6
22/06/2018 10:32:09 AM	3612472329	1013.00	27.41	28.90	89.8	27.58	28.90	88.3	27.13	28.90	92.2	27.46	28.90	89.3
22/06/2018 10:32:10 AM	3612472330	1013.00	27.44	28.90	89.5	27.54	28.90	88.7	27.16	28.90	91.9	27.46	28.90	89.3
22/06/2018 10:32:11 AM	3612472331	1013.00	27.42	28.90	89.7	27.57	28.90	88.4	27.14	28.90	92.1	27.46	28.90	89.3
22/06/2018 10:32:12 AM	3612472332	1013.00	27.43	28.90	89.6	27.52	28.90	88.8	27.16	28.90	91.9	27.50	28.90	89.0
22/06/2018 10:32:13 AM	3612472333	1013.00	27.40	28.90	89.9	27.56	28.90	88.5	27.17	28.90	91.8	27.50	28.90	89.0
22/06/2018 10:32:14 AM	3612472334	1013.00	27.42	28.90	89.7	27.52	28.90	88.8	27.18	28.90	91.7	27.51	28.90	88.9
22/06/2018 10:32:15 AM	3612472335	1013.00	27.42	28.90	89.7	27.54	28.90	88.7	27.17	28.90	91.8	27.54	28.90	88.7
22/06/2018 10:32:16 AM	3612472336	1013.00	27.48	28.90	89.2	27.52	28.90	88.8	27.13	28.90	92.2	27.49	28.90	89.1
22/06/2018 10:32:17 AM	3612472337	1013.00	27.43	28.89	89.6	27.56	28.89	88.5	27.17	28.89	91.8	27.52	28.89	88.9
22/06/2018 10:32:18 AM	3612472338	1013.00	27.42	28.89	89.7	27.59	28.89	88.3	27.17	28.89	91.8	27.55	28.89	88.6
22/06/2018 10:32:19 AM	3612472339	1013.00	27.42	28.90	89.7	27.55	28.90	88.6	27.19	28.90	91.7	27.53	28.90	88.8
22/06/2018 10:32:20 AM	3612472340	1013.00	27.39	28.90	89.9	27.51	28.90	88.9	27.19	28.90	91.7	27.53	28.90	88.8
22/06/2018 10:32:21 AM	3612472341	1013.00	27.44	28.90	89.5	27.56	28.90	88.5	27.17	28.90	91.8	27.52	28.90	88.8
22/06/2018 10:32:22 AM	3612472342	1013.00	27.40	28.90	89.9	27.55	28.90	88.6	27.19	28.90	91.7	27.54	28.90	88.7
22/06/2018 10:32:23 AM	3612472343	1013.00	27.40	28.90	89.9	27.52	28.90	88.8	27.15	28.90	92.0	27.60	28.90	88.2
22/06/2018 10:32:24 AM	3612472344	1013.00	27.45	28.90	89.4	27.55	28.90	88.6	27.17	28.90	91.8	27.56	28.90	88.5
22/06/2018 10:32:25 AM	3612472345	1013.00	27.47	28.90	89.3	27.58	28.90	88.3	27.22	28.90	91.4	27.57	28.90	88.4
22/06/2018 10:32:26 AM	3612472346	1013.00	27.41	28.90	89.8	27.58	28.90	88.3	27.17	28.90	91.8	27.56	28.90	88.5
22/06/2018 10:32:27 AM	3612472347	1013.00	27.40	28.90	89.9	27.58	28.90	88.3	27.18	28.90	91.7	27.55	28.90	88.6
22/06/2018 10:32:28 AM	3612472348	1013.00	27.41	28.90	89.8	27.54	28.90	88.7	27.19	28.90	91.7	27.53	28.90	88.8
22/06/2018 10:32:29 AM	3612472349	1013.00	27.44	28.90	89.5	27.56	28.90	88.5	27.23	28.90	91.3	27.58	28.90	88.3
22/06/2018 10:32:30 AM	3612472350	1013.00	27.46	28.90	89.3	27.64	28.90	87.9	27.19	28.90	91.7	27.58	28.90	88.3
22/06/2018 10:32:31 AM	3612472351	1013.00	27.47	28.90	89.3	27.61	28.90	88.1	27.23	28.90	91.3	27.55	28.90	88.6
22/06/2018 10:32:32 AM	3612472352	1013.00	27.43	28.90	89.6	27.60	28.90	88.2	27.25	28.90	91.1	27.57	28.90	88.4
22/06/2018 10:32:33 AM	3612472353	1013.00	27.47	28.90	89.3	27.63	28.90	87.9	27.21	28.90	91.5	27.59	28.90	88.3
22/06/2018 10:32:34 AM	3612472354	1013.00	27.49	28.90	89.1	27.65	28.90	87.8	27.21	28.90	91.5	27.59	28.90	88.3
22/06/2018 10:32:35 AM	3612472355	1013.00	27.48	28.90	89.2	27.60	28.90	88.2	27.26	28.90	91.1	27.59	28.90	88.3
22/06/2018 10:32:36 AM	3612472356	1013.00	27.45	28.90	89.4	27.61	28.90	88.1	27.20	28.90	91.6	27.55	28.90	88.6
22/06/2018 10:32:37 AM	3612472357	1013.00	27.49	28.90	89.1	27.59	28.90	88.3	27.23	28.90	91.3	27.60	28.90	88.2
22/06/2018 10:32:38 AM	3612472358	1013.00	27.49	28.90	89.1	27.64	28.90	87.9	27.22	28.90	91.4	27.63	28.90	87.9
22/06/2018 10:32:39 AM	3612472359	1013.00	27.51	28.90	88.9	27.56	28.90	88.5	27.22	28.90	91.4	27.60	28.90	88.2
22/06/2018 10:32:40 AM	3612472360	1013.00	27.51	28.90	88.9	27.60	28.90	88.2	27.20	28.90	91.6	27.65	28.90	87.8
22/06/2018 10:32:41 AM	3612472361	1013.00	27.51	28.89	88.9	27.61	28.89	88.1	27.26	28.89	91.1	27.64	28.89	87.9
22/06/2018 10:32:42 AM	3612472362	1013.00	27.52	28.89	88.9	27.61	28.89	88.1	27.27	28.89	91.0	27.61	28.89	88.1
22/06/2018 10:32:43 AM	3612472363	1013.00	27.50	28.89	89.0	27.63	28.89	87.9	27.28	28.89	90.9	27.63	28.89	87.9
22/06/2018 10:32:44 AM	3612472364	1013.00	27.55	28.89	88.6	27.65	28.89	87.8	27.26	28.89	91.1	27.61	28.89	88.1
22/06/2018 10:32:45 AM	3612472365	1013.00	27.50	28.89	89.0	27.65	28.89	87.8	27.27	28.89	91.0	27.69	28.89	87.5
22/06/2018 10:32:46 AM	3612472366	1013.00	27.51	28.88	89.0	27.69	28.88	87.5	27.26	28.88	91.1	27.66	28.88	87.7
22/06/2018 10:32:47 AM	3612472367	1013.00	27.56	28.88	88.5	27.67	28.88	87.6	27.26	28.88	91.1	27.64	28.88	87.9
22/06/2018 10:32:48 AM	3612472368	1013.00	27.54	28.88	88.7	27.67	28.88	87.6	27.30	28.88	90.7	27.75	28.88	87.0
22/06/2018 10:32:49 AM	3612472369	1013.00	27.53	28.87	88.8	27.67	28.87	87.6	27.30	28.87	90.8	27.67	28.87	87.6
22/06/2018 10:32:50 AM	3612472370	1013.00	27.57	28.88	88.5	27.65	28.88	87.8	27.27	28.88	91.0	27.67	28.88	87.6
22/06/2018 10:32:51 AM	3612472371	1013.00	27.58	28.88	88.4	27.67	28.88	87.6	27.26	28.88	91.1	27.65	28.88	87.8
22/06/2018 10:32:52 AM	3612472372	1013.00	27.57	28.88	88.5	27.66	28.88	87.7	27.30	28.88	90.7	27.68	28.88	87.6
22/06/2018 10:32:53 AM	3612472373	1013.00	27.58	28.88	88.4	27.65	28.88	87.8	27.30	28.88	90.7	27.67	28.88	87.6
22/06/2018 10:32:54 AM	3612472374	1013.00	27.56	28.89	88.5	27.67	28.89	87.6	27.31	28.89	90.6	27.68	28.89	87.5
22/06/2018 10:32:55 AM	3612472375	1013.00	27.56	28.89	88.5	27.74	28.89	87.0	27.29	28.89	90.8	27.65	28.89	87.8
22/06/2018 10:32:56 AM	3612472376	1013.00	27.58	28.89	88.4	27.66	28.89	87.7	27.29	28.89	90.8	27.68	28.89	87.5
22/06/2018 10:32:57 AM	3612472377	1013.00	27.60	28.90	88.2	27.72	28.90	87.2	27.31	28.90	90.6	27.65	28.90	87.8
22/06/2018 10:32:58 AM	3612472378	1013.00	27.58	28.89	88.4	27.71	28.89	87.3	27.31	28.89	90.6	27.71	28.89	87.3
22/06/2018 10:32:59 AM	3612472379	1013.00	27.58	28.89	88.4	27.66	28.89	87.7	27.30	28.89	90.7	27.70	28.89	87.4
22/06/2018 10:33:00 AM	3612472380	1013.00	27.56	28.89	88.5	27.67	28.89	87.6	27.28	28.89	90.9	27.67	28.89	87.6
22/06/2018 10:33:01 AM	3612472381	1013.00	27.59	28.89	88.3	27.67	28.89	87.6	27.29	28.89	90.8	27.65	28.89	87.8
22/06/2018 10:33:02 AM	3612472382	1013.00	27.61	28.88	88.1	27.67	28.88	87.6	27.28	28.88	90.9	27.67	28.88	87.6
22/06/2018 10:33:03 AM	3612472383	1013.00	27.63	28.88	88.0	27.66	28.88	87.7	27.31	28.88	90.7	27.74	28.88	87.1
22/06/2018 10:33:04 AM	3612472384	1013.00	27.61	28.88	88.1	27.67	28.88	87.6	27.33	28.88	90.5	27.69	28.88	87.5
22/06/2018 10:33:05 AM	3612472385	1013.00	27.65	28.88	87.8	27.70	28.88	87.4	27.31	28.88	90.7	27.67	28.88	87.6
22/06/2018 10:33:06 AM	3612472386	1013.00	27.61	28.88	88.1	27.67	28.88	87.6	27.35	28.88	90.3	27.75	28.88	87.0
22/06/2018 10:33:07 AM	3612472387	1013.00	27.60	28.87	88.2	27.69	28.87	87.5	27.32	28.87	90.6	27.73	28.87	87.2
22/06/2018 10:33:08 AM	3612472388	1013.00	27.69	28.88	87.5	27.69	28.88	87.5	27.32	28.88	90.6	27.70	28.88	87.4
22/06/2018 10:33:09 AM	3612472389	1013.00	27.66	28.87	87.7	27.69	28.87	87.5	27.28	28.87	90.9	27.75	28.87	87.0
22/06/2018 10:33:10 AM	3612472390	1013.00	27.63	28.87	88.0	27.71	28.87	87.3	27.30	28.87	90.8	27.72	28.87	87.2
22/06/2018 10:33:11 AM	3612472391	1013.00	27.62	28.88	88.0	27.70	28.88	87.4	27.31	28.88	90.7	27.71	28.88	87.3
22/06/2018 10:33:12 AM	3612472392	1013.00	27.64	28.88	87.9	27.68	28.88	87.6	27.35	28.88	90.3	27.73	28.88	87.1
22/06/2018 10:33:13 AM	3612472393	1013.00	27.63	28.88	88.0	27.72	28.88	87.2	27.35	28.88	90.3	27.72	28.88	87.2
22/06/2018 10:33:14 AM	3612472394	1013.00	27.66	28.88	87.7	27.69	28.88	87.5	27.32	28.88	90.6	27.70	28.88	87.4
22/06/2018 10:33:15 AM	3612472395	1013.00	27.60	28.88	88.2	27.68	28.88	87.6	27.33	28.88	90.5	27.77	28.88	86.8
22/06/2018 10:33:16 AM	3612472396	1013.00	27.65	28.87	87.8	27.67	28.87	87.6	27.31	28.87	90.7	27.73	28.87	87.2
22/06/2018 10:33:17 AM	3612472397	1013.00	27.62	28.87	88.1	27.68	28.87	87.6	27.35	28.87	90.3	27.73	28.87	87.2
22/06/2018 10:33:18 AM	3612472398	1013.00	27.64	28.86	87.9	27.69	28.86	87.5	27.36	28.86	90.3	27.78	28.86	86.8
22/06/2018 10:33:19 AM	3612472399	1013.00	27.65	28.86	87.8	27.69	28.86	87.5	27.36	28.86	90.3	27.75	28.86	87.0
22/06/2018 10:33:20 AM	3612472400	1013.00	27.69	28.86	87.5	27.69	28.86	87.5	27.35	28.86	90.3	27.78	28.86	86.8
22/06/2018 10:33:21 AM	3612472401	1013.00	27.63	28.86	88.0	27.71	28.86	87.3	27.33	28.86	90.5	27.76	28.86	86.9
22/06/2018 10:33:22 AM	3612472402	1013.00	27.67	28.86	87.7	27.66	28.86	87.7	27.36	28.86	90.3	27.77	28.86	86.8
22/06/2018 10:33:23 AM	3612472403	1013.00	27.68	28.86	87.6	27.71	28.86	87.3	27.39	28.86	90.0	27.78	28.86	86.8
22/06/2018 10:33:24 AM	3612472404	1013.00	27.66	28.86	87.7	27.73	28.86	87.2	27.35	28.86	90.3	27.80	28.86	86.6
22/06/2018 10:33:25 AM	3612472405	1013.00	27.63	28.86	88.0	27.69	28.86	87.5	27.38	28.86	90.1	27.79	28.86	86.7
22/06/2018 10:33:26 AM	3612472406	1013.00	27.68	28.87	87.6	27.71	28.87	87.3	27.34	28.87	90.4	27.77	28.87	86.8
22/06/2018 10:33:27 AM	3612472407	1013.00	27.71	28.87	87.3	27.72	28.87	87.2	27.36	28.87	90.2	27.82	28.87	86.4
22/06/2018 10:33:28 AM	3612472408	1013.00	27.66	28.87	87.7	27.73	28.87	87.2	27.36	28.87	90.2	27.78	28.87	86.8
22/06/2018 10:33:29 AM	3612472409	1013.00	27.70	28.87	87.4	27.73	28.87	87.2	27.35	28.87	90.3	27.81	28.87	86.5
22/06/2018 10:33:30 AM	3612472410	1013.00	27.69	28.86	87.5	27.76	28.86	86.9	27.37	28.86	90.2	27.85	28.86	86.2
22/06/2018 10:33:31 AM	3612472411	1013.00	27.70	28.86	87.4	27.71	28.86	87.3	27.34	28.86	90.4	27.79	28.86	86.7
22/06/2018 10:33:32 AM	3612472412	1013.00	27.71	28.87	87.3	27.75	28.87	87.0	27.40	28.87	89.9	27.82	28.87	86.4
22/06/2018 10:33:33 AM	3612472413	1013.00	27.73	28.87	87.2	27.75	28.87	87.0	27.38	28.87	90.1	27.81	28.87	86.5
22/06/2018 10:33:34 AM	3612472414	1013.00	27.68	28.87	87.6	27.76	28.87	86.9	27.41	28.87	89.8	27.79	28.87	86.7
22/06/2018 10:33:35 AM	3612472415	1013.00	27.69	28.87	87.5	27.72	28.87	87.2	27.42	28.87	89.7	27.82	28.87	86.4
22/06/2018 10:33:36 AM	3612472416	1013.00	27.73	28.87	87.2	27.71	28.87	87.3	27.40	28.87	89.9	27.85	28.87	86.2
22/06/2018 10:33:37 AM	3612472417	1013.00	27.73	28.87	87.2	27.78	28.87	86.8	27.38	28.87	90.1	27.80	28.87	86.6
22/06/2018 10:33:38 AM	3612472418	1013.00	27.75	28.86	87.0	27.74	28.86	87.1	27.39	28.86	90.0	27.85	28.86	86.2
22/06/2018 10:33:39 AM	3612472419	1013.00	27.70	28.86	87.4	27.74	28.86	87.1	27.40	28.86	89.9	27.91	28.86	85.7
22/06/2018 10:33:40 AM	3612472420	1013.00	27.71	28.86	87.3	27.76	28.86	86.9	27.39	28.86	90.0	27.88	28.86	86.0
22/06/2018 10:33:41 AM	3612472421	1013.00	27.74	28.86	87.1	27.74	28.86	87.1	27.38	28.86	90.1	27.86	28.86	86.1
22/06/2018 10:33:42 AM	3612472422	1013.00	27.73	28.86	87.2	27.78	28.86	86.8	27.45	28.86	89.5	27.86	28.86	86.1
22/06/2018 10:33:43 AM	3612472423	1013.00	27.76	28.86	86.9	27.76	28.86	86.9	27.43	28.86	89.7	27.84	28.86	86.3
22/06/2018 10:33:44 AM	3612472424	1013.00	27.72	28.86	87.3	27.74	28.86	87.1	27.42	28.86	89.7	27.90	28.86	85.8
22/06/2018 10:33:45 AM	3612472425	1013.00	27.74	28.86	87.1	27.77	28.86	86.8	27.43	28.86	89.7	27.90	28.86	85.8
22/06/2018 10:33:46 AM	3612472426	1013.00	27.79	28.87	86.7	27.79	28.87	86.7	27.41	28.87	89.8	27.86	28.87	86.1
22/06/2018 10:33:47 AM	3612472427	1013.00	27.76	28.87	86.9	27.83	28.87	86.3	27.41	28.87	89.8	27.91	28.87	85.7
22/06/2018 10:33:48 AM	3612472428	1013.00	27.77	28.86	86.8	27.73	28.86	87.2	27.38	28.86	90.1	27.90	28.86	85.8
22/06/2018 10:33:49 AM	3612472429	1013.00	27.77	28.87	86.8	27.81	28.87	86.5	27.38	28.87	90.1	27.87	28.87	86.0
22/06/2018 10:33:50 AM	3612472430	1013.00	27.76	28.86	86.9	27.75	28.86	87.0	27.43	28.86	89.7	27.97	28.86	85.2
22/06/2018 10:33:51 AM	3612472431	1013.00	27.77	28.86	86.8	27.77	28.86	86.8	27.43	28.86	89.7	27.87	28.86	86.0
22/06/2018 10:33:52 AM	3612472432	1013.00	27.77	28.86	86.8	27.78	28.86	86.8	27.44	28.86	89.6	27.91	28.86	85.7
22/06/2018 10:33:53 AM	3612472433	1013.00	27.80	28.86	86.6	27.82	28.86	86.4	27.44	28.86	89.6	27.98	28.86	85.2
22/06/2018 10:33:54 AM	3612472434	1013.00	27.81	28.86	86.5	27.78	28.86	86.8	27.44	28.86	89.6	27.97	28.86	85.2
22/06/2018 10:33:55 AM	3612472435	1013.00	27.78	28.86	86.8	27.75	28.86	87.0	27.45	28.86	89.5	27.96	28.86	85.3
22/06/2018 10:33:56 AM	3612472436	1013.00	27.80	28.86	86.6	27.80	28.86	86.6	27.44	28.86	89.6	27.92	28.86	85.6
22/06/2018 10:33:57 AM	3612472437	1013.00	27.83	28.86	86.4	27.77	28.86	86.8	27.44	28.86	89.6	27.95	28.86	85.4
22/06/2018 10:33:58 AM	3612472438	1013.00	27.79	28.86	86.7	27.81	28.86	86.5	27.42	28.86	89.7	27.98	28.86	85.2
22/06/2018 10:33:59 AM	3612472439	1013.00	27.78	28.85	86.8	27.82	28.85	86.5	27.47	28.85	89.3	27.94	28.85	85.5
22/06/2018 10:34:00 AM	3612472440	1013.00	27.79	28.85	86.7	27.81	28.85	86.5	27.45	28.85	89.5	27.95	28.85	85.4
22/06/2018 10:34:01 AM	3612472441	1013.00	27.84	28.85	86.3	27.79	28.85	86.7	27.44	28.85	89.6	27.99	28.85	85.1
22/06/2018 10:34:02 AM	3612472442	1013.00	27.79	28.85	86.7	27.82	28.85	86.5	27.49	28.85	89.2	28.00	28.85	85.0
22/06/2018 10:34:03 AM	3612472443	1013.00	27.83	28.85	86.4	27.83	28.85	86.4	27.49	28.85	89.2	27.97	28.85	85.3
22/06/2018 10:34:04 AM	3612472444	1013.00	27.83	28.84	86.4	27.82	28.84	86.5	27.46	28.84	89.4	27.97	28.84	85.3
22/06/2018 10:34:05 AM	3612472445	1013.00	27.81	28.84	86.6	27.84	28.84	86.3	27.48	28.84	89.3	28.00	28.84	85.0
22/06/2018 10:34:06 AM	3612472446	1013.00	27.85	28.84	86.2	27.84	28.84	86.3	27.49	28.84	89.2	27.96	28.84	85.3
22/06/2018 10:34:07 AM	3612472447	1013.00	27.84	28.84	86.3	27.82	28.84	86.5	27.50	28.84	89.1	28.03	28.84	84.8
22/06/2018 10:34:08 AM	3612472448	1013.00	27.80	28.84	86.6	27.81	28.84	86.6	27.49	28.84	89.2	27.97	28.84	85.3
22/06/2018 10:34:09 AM	3612472449	1013.00	27.83	28.84	86.4	27.79	28.84	86.7	27.49	28.84	89.2	27.98	28.84	85.2
22/06/2018 10:34:10 AM	3612472450	1013.00	27.82	28.84	86.5	27.79	28.84	86.7	27.50	28.84	89.1	27.99	28.84	85.1
22/06/2018 10:34:11 AM	3612472451	1013.00	27.82	28.84	86.5	27.83	28.84	86.4	27.56	28.84	88.6	27.97	28.84	85.3
22/06/2018 10:34:12 AM	3612472452	1013.00	27.86	28.84	86.1	27.87	28.84	86.1	27.49	28.84	89.2	28.01	28.84	85.0
22/06/2018 10:34:13 AM	3612472453	1013.00	27.89	28.84	85.9	27.83	28.84	86.4	27.56	28.84	88.6	28.01	28.84	85.0
22/06/2018 10:34:14 AM	3612472454	1013.00	27.86	28.84	86.1	27.82	28.84	86.5	27.48	28.84	89.3	28.00	28.84	85.0
22/06/2018 10:34:15 AM	3612472455	1013.00	27.86	28.84	86.1	27.85	28.84	86.2	27.52	28.84	88.9	28.00	28.84	85.0
22/06/2018 10:34:16 AM	3612472456	1013.00	27.85	28.84	86.2	27.84	28.84	86.3	27.54	28.84	88.8	28.07	28.84	84.5
22/06/2018 10:34:17 AM	3612472457	1013.00	27.89	28.84	85.9	27.87	28.84	86.1	27.47	28.84	89.4	28.08	28.84	84.4
22/06/2018 10:34:18 AM	3612472458	1013.00	27.86	28.84	86.1	27.85	28.84	86.2	27.53	28.84	88.9	28.00	28.84	85.0
22/06/2018 10:34:19 AM	3612472459	1013.00	27.87	28.83	86.1	27.81	28.83	86.6	27.53	28.83	88.9	27.98	28.83	85.2
22/06/2018 10:34:20 AM	3612472460	1013.00	27.87	28.83	86.1	27.85	28.83	86.2	27.48	28.83	89.3	28.07	28.83	84.5
22/06/2018 10:34:21 AM	3612472461	1013.00	27.90	28.84	85.8	27.86	28.84	86.1	27.52	28.84	88.9	28.05	28.84	84.6
22/06/2018 10:34:22 AM	3612472462	1013.00	27.89	28.83	85.9	27.83	28.83	86.4	27.53	28.83	88.9	28.06	28.83	84.6
22/06/2018 10:34:23 AM	3612472463	1013.00	27.86	28.83	86.2	27.86	28.83	86.2	27.50	28.83	89.1	28.05	28.83	84.7
22/06/2018 10:34:24 AM	3612472464	1013.00	27.91	28.84	85.7	27.85	28.84	86.2	27.57	28.84	88.5	28.03	28.84	84.8
22/06/2018 10:34:25 AM	3612472465	1013.00	27.89	28.83	85.9	27.83	28.83	86.4	27.57	28.83	88.5	28.08	28.83	84.4
22/06/2018 10:34:26 AM	3612472466	1013.00	27.88	28.83	86.0	27.85	28.83	86.2	27.49	28.83	89.2	28.12	28.83	84.1
22/06/2018 10:34:27 AM	3612472467	1013.00	27.90	28.84	85.8	27.90	28.84	85.8	27.52	28.84	88.9	28.07	28.84	84.5
22/06/2018 10:34:28 AM	3612472468	1013.00	27.92	28.84	85.7	27.84	28.84	86.3	27.57	28.84	88.5	28.08	28.84	84.4
22/06/2018 10:34:29 AM	3612472469	1013.00	27.88	28.83	86.0	27.89	28.83	85.9	27.54	28.83	88.8	28.10	28.83	84.3
22/06/2018 10:34:30 AM	3612472470	1013.00	27.87	28.83	86.1	27.82	28.83	86.5	27.51	28.83	89.0	28.12	28.83	84.1
22/06/2018 10:34:31 AM	3612472471	1013.00	27.89	28.83	85.9	27.89	28.83	85.9	27.56	28.83	88.6	28.10	28.83	84.3
22/06/2018 10:34:32 AM	3612472472	1013.00	27.88	28.83	86.0	27.92	28.83	85.7	27.56	28.83	88.6	28.12	28.83	84.1
22/06/2018 10:34:33 AM	3612472473	1013.00	27.91	28.83	85.8	27.87	28.83	86.1	27.53	28.83	88.9	28.10	28.83	84.3
22/06/2018 10:34:34 AM	3612472474	1013.00	27.92	28.83	85.7	27.91	28.83	85.8	27.58	28.83	88.4	28.14	28.83	83.9
22/06/2018 10:34:35 AM	3612472475	1013.00	27.94	28.83	85.5	27.87	28.83	86.1	27.57	28.83	88.5	28.16	28.83	83.8
22/06/2018 10:34:36 AM	3612472476	1013.00	27.89	28.83	85.9	27.94	28.83	85.5	27.58	28.83	88.4	28.17	28.83	83.7
22/06/2018 10:34:37 AM	3612472477	1013.00	27.90	28.83	85.8	27.89	28.83	85.9	27.57	28.83	88.5	28.17	28.83	83.7
22/06/2018 10:34:38 AM	3612472478	1013.00	27.91	28.83	85.8	27.89	28.83	85.9	27.54	28.83	88.8	28.18	28.83	83.6
22/06/2018 10:34:39 AM	3612472479	1013.00	27.92	28.83	85.7	27.91	28.83	85.8	27.57	28.83	88.5	28.19	28.83	83.6
22/06/2018 10:34:40 AM	3612472480	1013.00	27.93	28.83	85.6	27.92	28.83	85.7	27.55	28.83	88.7	28.20	28.83	83.5
22/06/2018 10:34:41 AM	3612472481	1013.00	27.94	28.82	85.5	27.91	28.82	85.8	27.56	28.82	88.6	28.18	28.82	83.6
22/06/2018 10:34:42 AM	3612472482	1013.00	27.92	28.82	85.7	27.91	28.82	85.8	27.61	28.82	88.2	28.19	28.82	83.6
22/06/2018 10:34:43 AM	3612472483	1013.00	27.96	28.82	85.4	27.89	28.82	85.9	27.59	28.82	88.4	28.17	28.82	83.7
22/06/2018 10:34:44 AM	3612472484	1013.00	27.95	28.82	85.5	27.88	28.82	86.0	27.60	28.82	88.3	28.15	28.82	83.9
22/06/2018 10:34:45 AM	3612472485	1013.00	27.96	28.82	85.4	27.85	28.82	86.3	27.57	28.82	88.5	28.24	28.82	83.2
22/06/2018 10:34:46 AM	3612472486	1013.00	27.93	28.82	85.6	27.90	28.82	85.9	27.61	28.82	88.2	28.22	28.82	83.3
22/06/2018 10:34:47 AM	3612472487	1013.00	27.93	28.82	85.6	27.94	28.82	85.5	27.62	28.82	88.1	28.20	28.82	83.5
22/06/2018 10:34:48 AM	3612472488	1013.00	27.97	28.82	85.3	27.90	28.82	85.9	27.64	28.82	88.0	28.21	28.82	83.4
22/06/2018 10:34:49 AM	3612472489	1013.00	27.97	28.82	85.3	27.93	28.82	85.6	27.60	28.82	88.3	28.22	28.82	83.3
22/06/2018 10:34:50 AM	3612472490	1013.00	27.95	28.82	85.5	27.90	28.82	85.9	27.62	28.82	88.1	28.22	28.82	83.3
22/06/2018 10:34:51 AM	3612472491	1013.00	27.97	28.82	85.3	27.94	28.82	85.5	27.60	28.82	88.3	28.22	28.82	83.3
22/06/2018 10:34:52 AM	3612472492	1013.00	27.98	28.83	85.2	27.94	28.83	85.5	27.63	28.83	88.0	28.24	28.83	83.2
22/06/2018 10:34:53 AM	3612472493	1013.00	27.97	28.83	85.3	27.88	28.83	86.0	27.61	28.83	88.2	28.21	28.83	83.4
22/06/2018 10:34:54 AM	3612472494	1013.00	27.98	28.82	85.2	27.91	28.82	85.8	27.65	28.82	87.9	28.24	28.82	83.2
22/06/2018 10:34:55 AM	3612472495	1013.00	27.96	28.82	85.4	27.92	28.82	85.7	27.63	28.82	88.1	28.25	28.82	83.1
22/06/2018 10:34:56 AM	3612472496	1013.00	28.04	28.82	84.7	27.96	28.82	85.4	27.64	28.82	88.0	28.24	28.82	83.2
22/06/2018 10:34:57 AM	3612472497	1013.00	28.02	28.81	84.9	27.92	28.81	85.7	27.63	28.81	88.1	28.23	28.81	83.3
22/06/2018 10:34:58 AM	3612472498	1013.00	28.01	28.82	85.0	27.93	28.82	85.6	27.65	28.82	87.9	28.21	28.82	83.4
22/06/2018 10:34:59 AM	3612472499	1013.00	27.99	28.82	85.1	27.96	28.82	85.4	27.59	28.82	88.4	28.27	28.82	83.0
22/06/2018 10:35:00 AM	3612472500	1013.00	28.04	28.82	84.7	27.97	28.82	85.3	27.63	28.82	88.1	28.23	28.82	83.3
22/06/2018 10:35:01 AM	3612472501	1013.00	28.01	28.82	85.0	27.98	28.82	85.2	27.67	28.82	87.7	28.24	28.82	83.2
22/06/2018 10:35:02 AM	3612472502	1013.00	28.01	28.82	85.0	27.93	28.82	85.6	27.67	28.82	87.7	28.23	28.82	83.3
22/06/2018 10:35:03 AM	3612472503	1013.00	28.00	28.83	85.0	28.00	28.83	85.0	27.65	28.83	87.9	28.28	28.83	82.9
22/06/2018 10:35:04 AM	3612472504	1013.00	27.98	28.83	85.2	27.95	28.83	85.4	27.70	28.83	87.5	28.26	28.83	83.0
22/06/2018 10:35:05 AM	3612472505	1013.00	28.03	28.83	84.8	28.00	28.83	85.0	27.65	28.83	87.9	28.26	28.83	83.0
22/06/2018 10:35:06 AM	3612472506	1013.00	28.04	28.83	84.7	28.03	28.83	84.8	27.64	28.83	88.0	28.24	28.83	83.2
22/06/2018 10:35:07 AM	3612472507	1013.00	28.04	28.83	84.7	27.98	28.83	85.2	27.66	28.83	87.8	28.23	28.83	83.2
22/06/2018 10:35:08 AM	3612472508	1013.00	28.04	28.82	84.7	27.96	28.82	85.4	27.65	28.82	87.9	28.28	28.82	82.9
22/06/2018 10:35:09 AM	3612472509	1013.00	28.06	28.82	84.6	28.03	28.82	84.8	27.70	28.82	87.5	28.26	28.82	83.0
22/06/2018 10:35:10 AM	3612472510	1013.00	28.06	28.82	84.6	28.02	28.82	84.9	27.63	28.82	88.1	28.27	28.82	83.0
22/06/2018 10:35:11 AM	3612472511	1013.00	28.05	28.82	84.7	28.06	28.82	84.6	27.64	28.82	88.0	28.27	28.82	83.0
22/06/2018 10:35:12 AM	3612472512	1013.00	28.09	28.82	84.4	27.96	28.82	85.4	27.66	28.82	87.8	28.27	28.82	83.0
22/06/2018 10:35:13 AM	3612472513	1013.00	28.06	28.82	84.6	28.01	28.82	85.0	27.71	28.82	87.4	28.27	28.82	83.0
22/06/2018 10:35:14 AM	3612472514	1013.00	28.04	28.82	84.7	28.01	28.82	85.0	27.65	28.82	87.9	28.29	28.82	82.8
22/06/2018 10:35:15 AM	3612472515	1013.00	28.04	28.82	84.7	28.03	28.82	84.8	27.69	28.82	87.6	28.28	28.82	82.9
22/06/2018 10:35:16 AM	3612472516	1013.00	28.08	28.82	84.4	28.01	28.82	85.0	27.66	28.82	87.8	28.29	28.82	82.8
22/06/2018 10:35:17 AM	3612472517	1013.00	28.07	28.82	84.5	28.02	28.82	84.9	27.68	28.82	87.6	28.29	28.82	82.8
22/06/2018 10:35:18 AM	3612472518	1013.00	28.08	28.81	84.4	28.02	28.81	84.9	27.69	28.81	87.6	28.29	28.81	82.8
22/06/2018 10:35:19 AM	3612472519	1013.00	28.07	28.81	84.5	27.99	28.81	85.2	27.66	28.81	87.8	28.32	28.81	82.6
22/06/2018 10:35:20 AM	3612472520	1013.00	28.07	28.82	84.5	28.04	28.82	84.7	27.69	28.82	87.6	28.32	28.82	82.6
22/06/2018 10:35:21 AM	3612472521	1013.00	28.08	28.82	84.4	28.03	28.82	84.8	27.70	28.82	87.5	28.26	28.82	83.0
22/06/2018 10:35:22 AM	3612472522	1013.00	28.06	28.82	84.6	28.01	28.82	85.0	27.69	28.82	87.6	28.31	28.82	82.6
22/06/2018 10:35:23 AM	3612472523	1013.00	28.06	28.82	84.6	28.03	28.82	84.8	27.71	28.82	87.4	28.35	28.82	82.3
22/06/2018 10:35:24 AM	3612472524	1013.00	28.08	28.81	84.4	28.01	28.81	85.0	27.72	28.81	87.3	28.32	28.81	82.6
22/06/2018 10:35:25 AM	3612472525	1013.00	28.12	28.81	84.1	28.03	28.81	84.8	27.67	28.81	87.7	28.37	28.81	82.2
22/06/2018 10:35:26 AM	3612472526	1013.00	28.07	28.81	84.5	28.02	28.81	84.9	27.70	28.81	87.5	28.33	28.81	82.5
22/06/2018 10:35:27 AM	3612472527	1013.00	28.08	28.80	84.5	28.05	28.80	84.7	27.67	28.80	87.8	28.33	28.80	82.5
22/06/2018 10:35:28 AM	3612472528	1013.00	28.09	28.81	84.4	28.04	28.81	84.8	27.71	28.81	87.4	28.34	28.81	82.4
22/06/2018 10:35:29 AM	3612472529	1013.00	28.05	28.81	84.7	28.05	28.81	84.7	27.70	28.81	87.5	28.39	28.81	82.1
22/06/2018 10:35:30 AM	3612472530	1013.00	28.11	28.81	84.2	28.03	28.81	84.8	27.71	28.81	87.4	28.42	28.81	81.8
22/06/2018 10:35:31 AM	3612472531	1013.00	28.12	28.81	84.1	28.07	28.81	84.5	27.71	28.81	87.4	28.36	28.81	82.3
22/06/2018 10:35:32 AM	3612472532	1013.00	28.11	28.81	84.2	28.07	28.81	84.5	27.69	28.81	87.6	28.42	28.81	81.8
22/06/2018 10:35:33 AM	3612472533	1013.00	28.08	28.81	84.4	28.05	28.81	84.7	27.73	28.81	87.2	28.34	28.81	82.4
22/06/2018 10:35:34 AM	3612472534	1013.00	28.06	28.81	84.6	28.07	28.81	84.5	27.73	28.81	87.2	28.47	28.81	81.5
22/06/2018 10:35:35 AM	3612472535	1013.00	28.09	28.81	84.4	28.06	28.81	84.6	27.71	28.81	87.4	28.39	28.81	82.1
22/06/2018 10:35:36 AM	3612472536	1013.00	28.08	28.81	84.4	28.08	28.81	84.4	27.77	28.81	86.9	28.39	28.81	82.1
22/06/2018 10:35:37 AM	3612472537	1013.00	28.09	28.80	84.4	28.03	28.80	84.9	27.73	28.80	87.3	28.39	28.80	82.1
22/06/2018 10:35:38 AM	3612472538	1013.00	28.11	28.81	84.2	28.08	28.81	84.4	27.71	28.81	87.4	28.38	28.81	82.1
22/06/2018 10:35:39 AM	3612472539	1013.00	28.09	28.80	84.4	28.08	28.80	84.5	27.75	28.80	87.1	28.42	28.80	81.8
22/06/2018 10:35:40 AM	3612472540	1013.00	28.09	28.80	84.4	28.10	28.80	84.3	27.73	28.80	87.3	28.42	28.80	81.8
22/06/2018 10:35:41 AM	3612472541	1013.00	28.14	28.80	84.0	28.11	28.80	84.2	27.74	28.80	87.2	28.39	28.80	82.1
22/06/2018 10:35:42 AM	3612472542	1013.00	28.15	28.79	83.9	28.04	28.79	84.8	27.74	28.79	87.2	28.42	28.79	81.9
22/06/2018 10:35:43 AM	3612472543	1013.00	28.10	28.79	84.3	28.11	28.79	84.2	27.74	28.79	87.2	28.42	28.79	81.9
22/06/2018 10:35:44 AM	3612472544	1013.00	28.14	28.79	84.0	28.10	28.79	84.3	27.74	28.79	87.2	28.42	28.79	81.9
22/06/2018 10:35:45 AM	3612472545	1013.00	28.10	28.79	84.3	28.07	28.79	84.5	27.76	28.79	87.0	28.44	28.79	81.7
22/06/2018 10:35:46 AM	3612472546	1013.00	28.13	28.79	84.1	28.09	28.79	84.4	27.77	28.79	86.9	28.42	28.79	81.9
22/06/2018 10:35:47 AM	3612472547	1013.00	28.15	28.79	83.9	28.07	28.79	84.5	27.76	28.79	87.0	28.41	28.79	81.9
22/06/2018 10:35:48 AM	3612472548	1013.00	28.17	28.79	83.8	28.16	28.79	83.8	27.73	28.79	87.3	28.44	28.79	81.7
22/06/2018 10:35:49 AM	3612472549	1013.00	28.15	28.79	83.9	28.12	28.79	84.2	27.74	28.79	87.2	28.46	28.79	81.6
22/06/2018 10:35:50 AM	3612472550	1013.00	28.14	28.79	84.0	28.12	28.79	84.2	27.74	28.79	87.2	28.43	28.79	81.8
22/06/2018 10:35:51 AM	3612472551	1013.00	28.15	28.79	83.9	28.13	28.79	84.1	27.75	28.79	87.1	28.46	28.79	81.6
22/06/2018 10:35:52 AM	3612472552	1013.00	28.16	28.79	83.8	28.14	28.79	84.0	27.80	28.79	86.7	28.45	28.79	81.6
22/06/2018 10:35:53 AM	3612472553	1013.00	28.17	28.79	83.8	28.12	28.79	84.2	27.75	28.79	87.1	28.46	28.79	81.6
22/06/2018 10:35:54 AM	3612472554	1013.00	28.12	28.79	84.2	28.17	28.79	83.8	27.80	28.79	86.7	28.50	28.79	81.3
22/06/2018 10:35:55 AM	3612472555	1013.00	28.20	28.79	83.5	28.18	28.79	83.7	27.76	28.79	87.0	28.47	28.79	81.5
22/06/2018 10:35:56 AM	3612472556	1013.00	28.17	28.79	83.8	28.18	28.79	83.7	27.81	28.79	86.6	28.49	28.79	81.3
22/06/2018 10:35:57 AM	3612472557	1013.00	28.19	28.79	83.6	28.14	28.79	84.0	27.80	28.79	86.7	28.49	28.79	81.3
22/06/2018 10:35:58 AM	3612472558	1013.00	28.19	28.79	83.6	28.08	28.79	84.5	27.80	28.79	86.7	28.46	28.79	81.6
22/06/2018 10:35:59 AM	3612472559	1013.00	28.22	28.78	83.4	28.15	28.78	83.9	27.77	28.78	87.0	28.49	28.78	81.3
22/06/2018 10:36:00 AM	3612472560	1013.00	28.20	28.79	83.5	28.17	28.79	83.8	27.82	28.79	86.5	28.47	28.79	81.5
22/06/2018 10:36:01 AM	3612472561	1013.00	28.22	28.78	83.4	28.16	28.78	83.9	27.77	28.78	87.0	28.53	28.78	81.0
22/06/2018 10:36:02 AM	3612472562	1013.00	28.22	28.77	83.4	28.20	28.77	83.6	27.78	28.77	86.9	28.51	28.77	81.2
22/06/2018 10:36:03 AM	3612472563	1013.00	28.18	28.77	83.7	28.12	28.77	84.2	27.76	28.77	87.1	28.51	28.77	81.2
22/06/2018 10:36:04 AM	3612472564	1013.00	28.20	28.77	83.6	28.17	28.77	83.8	27.80	28.77	86.7	28.50	28.77	81.3
22/06/2018 10:36:05 AM	3612472565	1013.00	28.22	28.77	83.4	28.24	28.77	83.3	27.81	28.77	86.7	28.53	28.77	81.1
22/06/2018 10:36:06 AM	3612472566	1013.00	28.19	28.78	83.6	28.22	28.78	83.4	27.79	28.78	86.8	28.47	28.78	81.5
22/06/2018 10:36:07 AM	3612472567	1013.00	28.21	28.78	83.5	28.19	28.78	83.6	27.82	28.78	86.6	28.52	28.78	81.1
22/06/2018 10:36:08 AM	3612472568	1013.00	28.20	28.78	83.6	28.19	28.78	83.6	27.82	28.78	86.6	28.51	28.78	81.2
22/06/2018 10:36:09 AM	3612472569	1013.00	28.22	28.78	83.4	28.19	28.78	83.6	27.80	28.78	86.7	28.51	28.78	81.2
22/06/2018 10:36:10 AM	3612472570	1013.00	28.20	28.78	83.6	28.20	28.78	83.6	27.83	28.78	86.5	28.50	28.78	81.3
22/06/2018 10:36:11 AM	3612472571	1013.00	28.21	28.78	83.5	28.20	28.78	83.6	27.76	28.78	87.0	28.52	28.78	81.1
22/06/2018 10:36:12 AM	3612472572	1013.00	28.21	28.78	83.5	28.19	28.78	83.6	27.84	28.78	86.4	28.51	28.78	81.2
22/06/2018 10:36:13 AM	3612472573	1013.00	28.24	28.78	83.2	28.18	28.78	83.7	27.81	28.78	86.6	28.47	28.78	81.5
22/06/2018 10:36:14 AM	3612472574	1013.00	28.23	28.78	83.3	28.17	28.78	83.8	27.85	28.78	86.3	28.51	28.78	81.2
22/06/2018 10:36:15 AM	3612472575	1013.00	28.24	28.78	83.2	28.25	28.78	83.2	27.86	28.78	86.2	28.50	28.78	81.3
22/06/2018 10:36:16 AM	3612472576	1013.00	28.20	28.77	83.6	28.20	28.77	83.6	27.87	28.77	86.2	28.50	28.77	81.3
22/06/2018 10:36:17 AM	3612472577	1013.00	28.23	28.77	83.3	28.19	28.77	83.6	27.89	28.77	86.0	28.52	28.77	81.1
22/06/2018 10:36:18 AM	3612472578	1013.00	28.23	28.77	83.3	28.24	28.77	83.3	27.87	28.77	86.2	28.52	28.77	81.1
22/06/2018 10:36:19 AM	3612472579	1013.00	28.27	28.77	83.0	28.20	28.77	83.6	27.83	28.77	86.5	28.54	28.77	81.0
22/06/2018 10:36:20 AM	3612472580	1013.00	28.28	28.77	82.9	28.19	28.77	83.6	27.87	28.77	86.2	28.52	28.77	81.1
22/06/2018 10:36:21 AM	3612472581	1013.00	28.29	28.78	82.9	28.19	28.78	83.6	27.80	28.78	86.7	28.56	28.78	80.8
22/06/2018 10:36:22 AM	3612472582	1013.00	28.25	28.78	83.2	28.22	28.78	83.4	27.83	28.78	86.5	28.61	28.78	80.4
22/06/2018 10:36:23 AM	3612472583	1013.00	28.29	28.78	82.9	28.25	28.78	83.2	27.88	28.78	86.1	28.50	28.78	81.3
22/06/2018 10:36:24 AM	3612472584	1013.00	28.27	28.78	83.0	28.28	28.78	82.9	27.86	28.78	86.2	28.57	28.78	80.7
22/06/2018 10:36:25 AM	3612472585	1013.00	28.28	28.78	82.9	28.20	28.78	83.6	27.88	28.78	86.1	28.60	28.78	80.5
22/06/2018 10:36:26 AM	3612472586	1013.00	28.26	28.77	83.1	28.25	28.77	83.2	27.85	28.77	86.3	28.60	28.77	80.5
22/06/2018 10:36:27 AM	3612472587	1013.00	28.28	28.77	82.9	28.25	28.77	83.2	27.84	28.77	86.4	28.55	28.77	80.9
22/06/2018 10:36:28 AM	3612472588	1013.00	28.29	28.77	82.9	28.29	28.77	82.9	27.86	28.77	86.2	28.60	28.77	80.5
22/06/2018 10:36:29 AM	3612472589	1013.00	28.31	28.77	82.7	28.24	28.77	83.3	27.86	28.77	86.2	28.64	28.77	80.2
22/06/2018 10:36:30 AM	3612472590	1013.00	28.28	28.77	82.9	28.27	28.77	83.0	27.86	28.77	86.2	28.63	28.77	80.3
22/06/2018 10:36:31 AM	3612472591	1013.00	28.27	28.77	83.0	28.27	28.77	83.0	27.89	28.77	86.0	28.65	28.77	80.2
22/06/2018 10:36:32 AM	3612472592	1013.00	28.29	28.77	82.9	28.25	28.77	83.2	27.87	28.77	86.2	28.64	28.77	80.2
22/06/2018 10:36:33 AM	3612472593	1013.00	28.26	28.77	83.1	28.25	28.77	83.2	27.88	28.77	86.1	28.59	28.77	80.6
22/06/2018 10:36:34 AM	3612472594	1013.00	28.28	28.77	82.9	28.23	28.77	83.3	27.92	28.77	85.8	28.62	28.77	80.4
22/06/2018 10:36:35 AM	3612472595	1013.00	28.33	28.77	82.6	28.25	28.77	83.2	27.86	28.77	86.2	28.60	28.77	80.5
22/06/2018 10:36:36 AM	3612472596	1013.00	28.31	28.77	82.7	28.28	28.77	82.9	27.91	28.77	85.8	28.60	28.77	80.5
22/06/2018 10:36:37 AM	3612472597	1013.00	28.30	28.77	82.8	28.25	28.77	83.2	27.89	28.77	86.0	28.63	28.77	80.3
22/06/2018 10:36:38 AM	3612472598	1013.00	28.34	28.78	82.5	28.25	28.78	83.2	27.88	28.78	86.1	28.62	28.78	80.4
22/06/2018 10:36:39 AM	3612472599	1013.00	28.32	28.77	82.6	28.27	28.77	83.0	27.91	28.77	85.8	28.64	28.77	80.2
22/06/2018 10:36:40 AM	3612472600	1013.00	28.30	28.77	82.8	28.26	28.77	83.1	27.87	28.77	86.2	28.68	28.77	79.9
22/06/2018 10:36:41 AM	3612472601	1013.00	28.30	28.77	82.8	28.27	28.77	83.0	27.94	28.77	85.6	28.62	28.77	80.4
22/06/2018 10:36:42 AM	3612472602	1013.00	28.31	28.77	82.7	28.26	28.77	83.1	27.90	28.77	85.9	28.67	28.77	80.0
22/06/2018 10:36:43 AM	3612472603	1013.00	28.31	28.77	82.7	28.29	28.77	82.9	27.90	28.77	85.9	28.67	28.77	80.0
22/06/2018 10:36:44 AM	3612472604	1013.00	28.30	28.77	82.8	28.29	28.77	82.9	27.92	28.77	85.8	28.65	28.77	80.2
22/06/2018 10:36:45 AM	3612472605	1013.00	28.32	28.77	82.6	28.27	28.77	83.0	27.93	28.77	85.7	28.67	28.77	80.0
22/06/2018 10:36:46 AM	3612472606	1013.00	28.33	28.78	82.6	28.30	28.78	82.8	27.90	28.78	85.9	28.66	28.78	80.1
22/06/2018 10:36:47 AM	3612472607	1013.00	28.29	28.78	82.9	28.27	28.78	83.0	27.94	28.78	85.6	28.64	28.78	80.2
22/06/2018 10:36:48 AM	3612472608	1013.00	28.31	28.77	82.7	28.31	28.77	82.7	27.94	28.77	85.6	28.71	28.77	79.7
22/06/2018 10:36:49 AM	3612472609	1013.00	28.34	28.77	82.5	28.28	28.77	82.9	27.97	28.77	85.4	28.73	28.77	79.6
22/06/2018 10:36:50 AM	3612472610	1013.00	28.34	28.77	82.5	28.28	28.77	82.9	27.91	28.77	85.8	28.69	28.77	79.9
22/06/2018 10:36:51 AM	3612472611	1013.00	28.30	28.76	82.8	28.26	28.76	83.1	27.91	28.76	85.9	28.69	28.76	79.9
22/06/2018 10:36:52 AM	3612472612	1013.00	28.34	28.76	82.5	28.30	28.76	82.8	27.93	28.76	85.7	28.70	28.76	79.8
22/06/2018 10:36:53 AM	3612472613	1013.00	28.32	28.76	82.7	28.27	28.76	83.0	27.94	28.76	85.6	28.73	28.76	79.6
22/06/2018 10:36:54 AM	3612472614	1013.00	28.34	28.76	82.5	28.27	28.76	83.0	27.94	28.76	85.6	28.72	28.76	79.7
22/06/2018 10:36:55 AM	3612472615	1013.00	28.32	28.76	82.7	28.30	28.76	82.8	27.95	28.76	85.5	28.67	28.76	80.0
22/06/2018 10:36:56 AM	3612472616	1013.00	28.28	28.76	83.0	28.30	28.76	82.8	27.91	28.76	85.9	28.74	28.76	79.5
22/06/2018 10:36:57 AM	3612472617	1013.00	28.32	28.76	82.7	28.31	28.76	82.7	27.96	28.76	85.5	28.77	28.76	79.3
22/06/2018 10:36:58 AM	3612472618	1013.00	28.36	28.77	82.3	28.28	28.77	82.9	27.95	28.77	85.5	28.74	28.77	79.5
22/06/2018 10:36:59 AM	3612472619	1013.00	28.33	28.77	82.6	28.32	28.77	82.6	27.95	28.77	85.5	28.74	28.77	79.5
22/06/2018 10:37:00 AM	3612472620	1013.00	28.35	28.76	82.4	28.28	28.76	83.0	28.02	28.76	85.0	28.76	28.76	79.4
22/06/2018 10:37:01 AM	3612472621	1013.00	28.36	28.76	82.4	28.32	28.76	82.7	27.95	28.76	85.5	28.79	28.76	79.2
22/06/2018 10:37:02 AM	3612472622	1013.00	28.28	28.76	83.0	28.32	28.76	82.7	27.98	28.76	85.3	28.79	28.76	79.2
22/06/2018 10:37:03 AM	3612472623	1013.00	28.35	28.75	82.4	28.35	28.75	82.4	27.98	28.75	85.3	28.77	28.75	79.3
22/06/2018 10:37:04 AM	3612472624	1013.00	28.34	28.75	82.5	28.37	28.75	82.3	27.96	28.75	85.5	28.79	28.75	79.2
22/06/2018 10:37:05 AM	3612472625	1013.00	28.31	28.75	82.7	28.35	28.75	82.4	27.94	28.75	85.6	28.78	28.75	79.2
22/06/2018 10:37:06 AM	3612472626	1013.00	28.36	28.75	82.4	28.36	28.75	82.4	28.00	28.75	85.2	28.81	28.75	79.0
22/06/2018 10:37:07 AM	3612472627	1013.00	28.36	28.75	82.4	28.34	28.75	82.5	27.96	28.75	85.5	28.81	28.75	79.0
22/06/2018 10:37:08 AM	3612472628	1013.00	28.36	28.75	82.4	28.37	28.75	82.3	27.98	28.75	85.3	28.85	28.75	78.7
22/06/2018 10:37:09 AM	3612472629	1013.00	28.34	28.76	82.5	28.35	28.76	82.4	28.00	28.76	85.1	28.81	28.76	79.0
22/06/2018 10:37:10 AM	3612472630	1013.00	28.37	28.75	82.3	28.39	28.75	82.1	28.00	28.75	85.2	28.84	28.75	78.8
22/06/2018 10:37:11 AM	3612472631	1013.00	28.37	28.75	82.3	28.34	28.75	82.5	27.97	28.75	85.4	28.80	28.75	79.1
22/06/2018 10:37:12 AM	3612472632	1013.00	28.35	28.75	82.4	28.28	28.75	83.0	28.00	28.75	85.2	28.81	28.75	79.0
22/06/2018 10:37:13 AM	3612472633	1013.00	28.36	28.74	82.4	28.40	28.74	82.1	28.03	28.74	84.9	28.87	28.74	78.6
22/06/2018 10:37:14 AM	3612472634	1013.00	28.34	28.74	82.5	28.39	28.74	82.1	27.98	28.74	85.3	28.84	28.74	78.8
22/06/2018 10:37:15 AM	3612472635	1013.00	28.37	28.74	82.3	28.40	28.74	82.1	28.04	28.74	84.9	28.87	28.74	78.6
22/06/2018 10:37:16 AM	3612472636	1013.00	28.37	28.74	82.3	28.37	28.74	82.3	28.00	28.74	85.2	28.87	28.74	78.6
22/06/2018 10:37:17 AM	3612472637	1013.00	28.40	28.74	82.1	28.35	28.74	82.5	28.04	28.74	84.9	28.82	28.74	79.0
22/06/2018 10:37:18 AM	3612472638	1013.00	28.39	28.75	82.1	28.36	28.75	82.4	27.98	28.75	85.3	28.87	28.75	78.6
22/06/2018 10:37:19 AM	3612472639	1013.00	28.36	28.75	82.4	28.38	28.75	82.2	28.01	28.75	85.1	28.87	28.75	78.6
22/06/2018 10:37:20 AM	3612472640	1013.00	28.36	28.75	82.4	28.41	28.75	82.0	28.03	28.75	84.9	28.87	28.75	78.6
22/06/2018 10:37:21 AM	3612472641	1013.00	28.37	28.74	82.3	28.40	28.74	82.1	28.02	28.74	85.0	28.91	28.74	78.3
22/06/2018 10:37:22 AM	3612472642	1013.00	28.36	28.74	82.4	28.40	28.74	82.1	28.02	28.74	85.0	28.88	28.74	78.5
22/06/2018 10:37:23 AM	3612472643	1013.00	28.38	28.73	82.2	28.34	28.73	82.5	28.02	28.73	85.0	28.89	28.73	78.5
22/06/2018 10:37:24 AM	3612472644	1013.00	28.35	28.73	82.5	28.39	28.73	82.2	27.99	28.73	85.3	28.88	28.73	78.5
22/06/2018 10:37:25 AM	3612472645	1013.00	28.35	28.73	82.5	28.33	28.73	82.6	28.03	28.73	84.9	28.90	28.73	78.4
22/06/2018 10:37:26 AM	3612472646	1013.00	28.36	28.73	82.4	28.38	28.73	82.2	28.03	28.73	84.9	28.88	28.73	78.5
22/06/2018 10:37:27 AM	3612472647	1013.00	28.33	28.73	82.6	28.39	28.73	82.2	28.05	28.73	84.8	28.93	28.73	78.2
22/06/2018 10:37:28 AM	3612472648	1013.00	28.38	28.74	82.2	28.41	28.74	82.0	28.06	28.74	84.7	28.95	28.74	78.0
22/06/2018 10:37:29 AM	3612472649	1013.00	28.36	28.74	82.4	28.34	28.74	82.5	28.08	28.74	84.5	28.92	28.74	78.2
22/06/2018 10:37:30 AM	3612472650	1013.00	28.40	28.73	82.1	28.38	28.73	82.2	28.08	28.73	84.6	28.91	28.73	78.3
22/06/2018 10:37:31 AM	3612472651	1013.00	28.36	28.73	82.4	28.45	28.73	81.7	28.03	28.73	84.9	28.92	28.73	78.3
22/06/2018 10:37:32 AM	3612472652	1013.00	28.40	28.73	82.1	28.39	28.73	82.2	28.03	28.73	84.9	29.00	28.73	77.7
22/06/2018 10:37:33 AM	3612472653	1013.00	28.41	28.73	82.0	28.43	28.73	81.9	28.05	28.73	84.8	28.94	28.73	78.1
22/06/2018 10:37:34 AM	3612472654	1013.00	28.42	28.73	81.9	28.46	28.73	81.6	28.06	28.73	84.7	29.00	28.73	77.7
22/06/2018 10:37:35 AM	3612472655	1013.00	28.41	28.73	82.0	28.43	28.73	81.9	28.06	28.73	84.7	28.94	28.73	78.1
22/06/2018 10:37:36 AM	3612472656	1013.00	28.41	28.73	82.0	28.41	28.73	82.0	28.06	28.73	84.7	28.97	28.73	77.9
22/06/2018 10:37:37 AM	3612472657	1013.00	28.45	28.73	81.7	28.42	28.73	81.9	28.08	28.73	84.6	28.97	28.73	77.9
22/06/2018 10:37:38 AM	3612472658	1013.00	28.48	28.73	81.5	28.41	28.73	82.0	28.06	28.73	84.7	28.99	28.73	77.8
22/06/2018 10:37:39 AM	3612472659	1013.00	28.45	28.73	81.7	28.41	28.73	82.0	28.09	28.73	84.5	29.00	28.73	77.7
22/06/2018 10:37:40 AM	3612472660	1013.00	28.49	28.73	81.4	28.40	28.73	82.1	28.10	28.73	84.4	28.99	28.73	77.8
22/06/2018 10:37:41 AM	3612472661	1013.00	28.50	28.73	81.3	28.42	28.73	81.9	28.08	28.73	84.6	29.02	28.73	77.6
22/06/2018 10:37:42 AM	3612472662	1013.00	28.49	28.73	81.4	28.45	28.73	81.7	28.09	28.73	84.5	28.92	28.73	78.3
22/06/2018 10:37:43 AM	3612472663	1013.00	28.49	28.73	81.4	28.42	28.73	81.9	28.11	28.73	84.3	29.03	28.73	77.5
22/06/2018 10:37:44 AM	3612472664	1013.00	28.49	28.73	81.4	28.47	28.73	81.6	28.11	28.73	84.3	29.00	28.73	77.7
22/06/2018 10:37:45 AM	3612472665	1013.00	28.52	28.74	81.2	28.42	28.74	81.9	28.12	28.74	84.2	29.01	28.74	77.6
22/06/2018 10:37:46 AM	3612472666	1013.00	28.52	28.73	81.2	28.42	28.73	81.9	28.11	28.73	84.3	29.00	28.73	77.7
22/06/2018 10:37:47 AM	3612472667	1013.00	28.52	28.73	81.2	28.38	28.73	82.2	28.12	28.73	84.2	29.01	28.73	77.6
22/06/2018 10:37:48 AM	3612472668	1013.00	28.51	28.73	81.3	28.47	28.73	81.6	28.12	28.73	84.2	29.03	28.73	77.5
22/06/2018 10:37:49 AM	3612472669	1013.00	28.51	28.72	81.3	28.44	28.72	81.8	28.13	28.72	84.2	29.03	28.72	77.5
22/06/2018 10:37:50 AM	3612472670	1013.00	28.54	28.72	81.0	28.47	28.72	81.6	28.11	28.72	84.3	29.03	28.72	77.5
22/06/2018 10:37:51 AM	3612472671	1013.00	28.51	28.72	81.3	28.46	28.72	81.6	28.10	28.72	84.4	29.07	28.72	77.2
22/06/2018 10:37:52 AM	3612472672	1013.00	28.52	28.73	81.2	28.48	28.73	81.5	28.12	28.73	84.2	29.02	28.73	77.6
22/06/2018 10:37:53 AM	3612472673	1013.00	28.51	28.72	81.3	28.49	28.72	81.4	28.14	28.72	84.1	29.08	28.72	77.1
22/06/2018 10:37:54 AM	3612472674	1013.00	28.54	28.73	81.0	28.51	28.73	81.3	28.15	28.73	84.0	29.07	28.73	77.2
22/06/2018 10:37:55 AM	3612472675	1013.00	28.53	28.73	81.1	28.50	28.73	81.3	28.15	28.73	84.0	29.07	28.73	77.2
22/06/2018 10:37:56 AM	3612472676	1013.00	28.54	28.73	81.0	28.49	28.73	81.4	28.14	28.73	84.1	29.02	28.73	77.6
22/06/2018 10:37:57 AM	3612472677	1013.00	28.58	28.73	80.7	28.50	28.73	81.3	28.13	28.73	84.2	29.08	28.73	77.1
22/06/2018 10:37:58 AM	3612472678	1013.00	28.54	28.73	81.0	28.44	28.73	81.8	28.14	28.73	84.1	29.06	28.73	77.3
22/06/2018 10:37:59 AM	3612472679	1013.00	28.52	28.73	81.2	28.51	28.73	81.3	28.16	28.73	83.9	29.10	28.73	77.0
22/06/2018 10:38:00 AM	3612472680	1013.00	28.58	28.73	80.7	28.52	28.73	81.2	28.14	28.73	84.1	29.10	28.73	77.0
22/06/2018 10:38:01 AM	3612472681	1013.00	28.57	28.73	80.8	28.52	28.73	81.2	28.17	28.73	83.9	29.10	28.73	77.0
22/06/2018 10:38:02 AM	3612472682	1013.00	28.55	28.73	81.0	28.47	28.73	81.6	28.21	28.73	83.5	29.07	28.73	77.2
22/06/2018 10:38:03 AM	3612472683	1013.00	28.58	28.73	80.7	28.51	28.73	81.3	28.15	28.73	84.0	29.11	28.73	76.9
22/06/2018 10:38:04 AM	3612472684	1013.00	28.59	28.72	80.7	28.52	28.72	81.2	28.16	28.72	83.9	29.11	28.72	76.9
22/06/2018 10:38:05 AM	3612472685	1013.00	28.59	28.72	80.7	28.54	28.72	81.0	28.18	28.72	83.8	29.13	28.72	76.8
22/06/2018 10:38:06 AM	3612472686	1013.00	28.59	28.72	80.7	28.48	28.72	81.5	28.16	28.72	83.9	29.09	28.72	77.1
22/06/2018 10:38:07 AM	3612472687	1013.00	28.59	28.72	80.7	28.52	28.72	81.2	28.18	28.72	83.8	29.15	28.72	76.7
22/06/2018 10:38:08 AM	3612472688	1013.00	28.60	28.73	80.6	28.51	28.73	81.3	28.20	28.73	83.6	29.13	28.73	76.8
22/06/2018 10:38:09 AM	3612472689	1013.00	28.63	28.73	80.4	28.54	28.73	81.0	28.16	28.73	83.9	29.09	28.73	77.1
22/06/2018 10:38:10 AM	3612472690	1013.00	28.58	28.73	80.7	28.55	28.73	81.0	28.18	28.73	83.8	29.10	28.73	77.0
22/06/2018 10:38:11 AM	3612472691	1013.00	28.59	28.73	80.7	28.56	28.73	80.9	28.20	28.73	83.6	29.18	28.73	76.4
22/06/2018 10:38:12 AM	3612472692	1013.00	28.62	28.73	80.4	28.54	28.73	81.0	28.23	28.73	83.4	29.17	28.73	76.5
22/06/2018 10:38:13 AM	3612472693	1013.00	28.64	28.73	80.3	28.55	28.73	81.0	28.20	28.73	83.6	29.14	28.73	76.7
22/06/2018 10:38:14 AM	3612472694	1013.00	28.62	28.73	80.4	28.56	28.73	80.9	28.21	28.73	83.5	29.18	28.73	76.4
22/06/2018 10:38:15 AM	3612472695	1013.00	28.61	28.73	80.5	28.57	28.73	80.8	28.19	28.73	83.7	29.17	28.73	76.5
22/06/2018 10:38:16 AM	3612472696	1013.00	28.62	28.73	80.4	28.60	28.73	80.6	28.21	28.73	83.5	29.19	28.73	76.4
22/06/2018 10:38:17 AM	3612472697	1013.00	28.63	28.73	80.4	28.61	28.73	80.5	28.22	28.73	83.5	29.19	28.73	76.4
22/06/2018 10:38:18 AM	3612472698	1013.00	28.64	28.72	80.3	28.60	28.72	80.6	28.24	28.72	83.3	29.16	28.72	76.6
22/06/2018 10:38:19 AM	3612472699	1013.00	28.63	28.72	80.4	28.53	28.72	81.1	28.21	28.72	83.6	29.20	28.72	76.3
22/06/2018 10:38:20 AM	3612472700	1013.00	28.65	28.72	80.2	28.58	28.72	80.8	28.24	28.72	83.3	29.20	28.72	76.3
22/06/2018 10:38:21 AM	3612472701	1013.00	28.64	28.72	80.3	28.58	28.72	80.8	28.19	28.72	83.7	29.23	28.72	76.1
22/06/2018 10:38:22 AM	3612472702	1013.00	28.63	28.72	80.4	28.59	28.72	80.7	28.22	28.72	83.5	29.22	28.72	76.2
22/06/2018 10:38:23 AM	3612472703	1013.00	28.65	28.72	80.2	28.58	28.72	80.8	28.22	28.72	83.5	29.24	28.72	76.0
22/06/2018 10:38:24 AM	3612472704	1013.00	28.65	28.72	80.2	28.62	28.72	80.5	28.25	28.72	83.2	29.24	28.72	76.0
22/06/2018 10:38:25 AM	3612472705	1013.00	28.64	28.73	80.3	28.62	28.73	80.4	28.22	28.73	83.5	29.29	28.73	75.7
22/06/2018 10:38:26 AM	3612472706	1013.00	28.66	28.73	80.1	28.59	28.73	80.7	28.24	28.73	83.3	29.23	28.73	76.1
22/06/2018 10:38:27 AM	3612472707	1013.00	28.64	28.72	80.3	28.58	28.72	80.8	28.24	28.72	83.3	29.29	28.72	75.7
22/06/2018 10:38:28 AM	3612472708	1013.00	28.65	28.72	80.2	28.59	28.72	80.7	28.21	28.72	83.6	29.28	28.72	75.8
22/06/2018 10:38:29 AM	3612472709	1013.00	28.65	28.72	80.2	28.56	28.72	80.9	28.29	28.72	82.9	29.29	28.72	75.7
22/06/2018 10:38:30 AM	3612472710	1013.00	28.62	28.71	80.5	28.62	28.71	80.5	28.23	28.71	83.4	29.32	28.71	75.5
22/06/2018 10:38:31 AM	3612472711	1013.00	28.64	28.71	80.3	28.60	28.71	80.6	28.25	28.71	83.3	29.30	28.71	75.6
22/06/2018 10:38:32 AM	3612472712	1013.00	28.64	28.71	80.3	28.61	28.71	80.5	28.27	28.71	83.1	29.31	28.71	75.6
22/06/2018 10:38:33 AM	3612472713	1013.00	28.64	28.71	80.3	28.61	28.71	80.5	28.23	28.71	83.4	29.28	28.71	75.8
22/06/2018 10:38:34 AM	3612472714	1013.00	28.66	28.71	80.2	28.63	28.71	80.4	28.26	28.71	83.2	29.28	28.71	75.8
22/06/2018 10:38:35 AM	3612472715	1013.00	28.68	28.71	80.0	28.57	28.71	80.8	28.26	28.71	83.2	29.28	28.71	75.8
22/06/2018 10:38:36 AM	3612472716	1013.00	28.68	28.71	80.0	28.66	28.71	80.2	28.27	28.71	83.1	29.26	28.71	75.9
22/06/2018 10:38:37 AM	3612472717	1013.00	28.65	28.70	80.3	28.62	28.70	80.5	28.31	28.70	82.8	29.28	28.70	75.8
22/06/2018 10:38:38 AM	3612472718	1013.00	28.67	28.70	80.1	28.61	28.70	80.6	28.31	28.70	82.8	29.33	28.70	75.4
22/06/2018 10:38:39 AM	3612472719	1013.00	28.69	28.70	80.0	28.60	28.70	80.6	28.29	28.70	83.0	29.31	28.70	75.6
22/06/2018 10:38:40 AM	3612472720	1013.00	28.68	28.70	80.0	28.64	28.70	80.3	28.31	28.70	82.8	29.34	28.70	75.4
22/06/2018 10:38:41 AM	3612472721	1013.00	28.68	28.70	80.0	28.65	28.70	80.3	28.30	28.70	82.9	29.28	28.70	75.8
22/06/2018 10:38:42 AM	3612472722	1013.00	28.71	28.70	79.8	28.62	28.70	80.5	28.28	28.70	83.0	29.31	28.70	75.6
22/06/2018 10:38:43 AM	3612472723	1013.00	28.69	28.70	80.0	28.67	28.70	80.1	28.33	28.70	82.7	29.37	28.70	75.2
22/06/2018 10:38:44 AM	3612472724	1013.00	28.70	28.69	79.9	28.61	28.69	80.6	28.29	28.69	83.0	29.29	28.69	75.7
22/06/2018 10:38:45 AM	3612472725	1013.00	28.69	28.69	80.0	28.65	28.69	80.3	28.33	28.69	82.7	29.29	28.69	75.7
22/06/2018 10:38:46 AM	3612472726	1013.00	28.73	28.69	79.7	28.67	28.69	80.1	28.34	28.69	82.6	29.33	28.69	75.4
22/06/2018 10:38:47 AM	3612472727	1013.00	28.73	28.69	79.7	28.68	28.69	80.1	28.35	28.69	82.5	29.36	28.69	75.2
22/06/2018 10:38:48 AM	3612472728	1013.00	28.67	28.69	80.1	28.65	28.69	80.3	28.31	28.69	82.8	29.35	28.69	75.3
22/06/2018 10:38:49 AM	3612472729	1013.00	28.69	28.69	80.0	28.67	28.69	80.1	28.31	28.69	82.8	29.36	28.69	75.2
22/06/2018 10:38:50 AM	3612472730	1013.00	28.71	28.69	79.8	28.70	28.69	79.9	28.31	28.69	82.8	29.35	28.69	75.3
22/06/2018 10:38:51 AM	3612472731	1013.00	28.69	28.69	80.0	28.71	28.69	79.8	28.35	28.69	82.5	29.30	28.69	75.7
22/06/2018 10:38:52 AM	3612472732	1013.00	28.69	28.69	80.0	28.71	28.69	79.8	28.31	28.69	82.8	29.37	28.69	75.2
22/06/2018 10:38:53 AM	3612472733	1013.00	28.72	28.69	79.8	28.68	28.69	80.1	28.36	28.69	82.4	29.37	28.69	75.2
22/06/2018 10:38:54 AM	3612472734	1013.00	28.72	28.69	79.8	28.71	28.69	79.8	28.39	28.69	82.2	29.43	28.69	74.8
22/06/2018 10:38:55 AM	3612472735	1013.00	28.70	28.69	79.9	28.67	28.69	80.1	28.37	28.69	82.4	29.35	28.69	75.3
22/06/2018 10:38:56 AM	3612472736	1013.00	28.69	28.69	80.0	28.71	28.69	79.8	28.36	28.69	82.4	29.36	28.69	75.2
22/06/2018 10:38:57 AM	3612472737	1013.00	28.71	28.69	79.8	28.71	28.69	79.8	28.37	28.69	82.4	29.37	28.69	75.2
22/06/2018 10:38:58 AM	3612472738	1013.00	28.71	28.68	79.8	28.71	28.68	79.8	28.40	28.68	82.2	29.34	28.68	75.4
22/06/2018 10:38:59 AM	3612472739	1013.00	28.71	28.68	79.8	28.76	28.68	79.5	28.38	28.68	82.3	29.35	28.68	75.3
22/06/2018 10:39:00 AM	3612472740	1013.00	28.71	28.68	79.8	28.73	28.68	79.7	28.35	28.68	82.5	29.37	28.68	75.2
22/06/2018 10:39:01 AM	3612472741	1013.00	28.70	28.68	79.9	28.69	28.68	80.0	28.38	28.68	82.3	29.34	28.68	75.4
22/06/2018 10:39:02 AM	3612472742	1013.00	28.74	28.68	79.6	28.75	28.68	79.6	28.38	28.68	82.3	29.36	28.68	75.3
22/06/2018 10:39:03 AM	3612472743	1013.00	28.71	28.69	79.8	28.71	28.69	79.8	28.40	28.69	82.1	29.37	28.69	75.2
22/06/2018 10:39:04 AM	3612472744	1013.00	28.75	28.68	79.6	28.72	28.68	79.8	28.42	28.68	82.0	29.38	28.68	75.1
22/06/2018 10:39:05 AM	3612472745	1013.00	28.71	28.69	79.8	28.72	28.69	79.8	28.39	28.69	82.2	29.40	28.69	75.0
22/06/2018 10:39:06 AM	3612472746	1013.00	28.73	28.69	79.7	28.74	28.69	79.6	28.38	28.69	82.3	29.35	28.69	75.3
22/06/2018 10:39:07 AM	3612472747	1013.00	28.72	28.69	79.8	28.70	28.69	79.9	28.45	28.69	81.8	29.40	28.69	75.0
22/06/2018 10:39:08 AM	3612472748	1013.00	28.73	28.69	79.7	28.75	28.69	79.5	28.38	28.69	82.3	29.42	28.69	74.8
22/06/2018 10:39:09 AM	3612472749	1013.00	28.73	28.69	79.7	28.78	28.69	79.3	28.45	28.69	81.8	29.37	28.69	75.2
22/06/2018 10:39:10 AM	3612472750	1013.00	28.75	28.70	79.5	28.75	28.70	79.5	28.43	28.70	81.9	29.43	28.70	74.8
