Date & time of file creation	14/06/2018 1:14 PM													
Data file path	C:\Users\ameli\Desktop\Diego Barneche\14_06_2018\29_C_old_witrox_11.txt													
														
														
CALIBRATION DATA														
Parameter/Channel	N moving average	LO phase [r.U.]	HI phase [r.U.]	LO oxygen [%air saturation]	HI oxygen [%air saturation]	LO temperature [°C]	HI temperature [°C]	Salinity [‰]						
S WOT 0041 000001   , CH 1	1	59.47	26.71	0.00	100.00	32.42	32.40	0.000						
S WOT 0041 000001   , CH 2	1	59.47	26.71	0.00	100.00	32.42	32.40	0.000						
S WOT 0041 000001   , CH 3	1	59.47	26.71	0.00	100.00	32.42	32.40	0.000						
S WOT 0041 000001   , CH 4	1	59.47	26.71	0.00	100.00	32.42	32.40	0.000						
														
														
Date &Time [DD-MM-YYYY HH:MM:SS]	Time stamp code	Barometric pressure [hPa]	S WOT 0041 000001   , CH 1 phase [r.U.]	S WOT 0041 000001   , CH 1 temp [°C]	S WOT 0041 000001   , CH 1 O2 [% air saturation]	S WOT 0041 000001   , CH 2 phase [r.U.]	S WOT 0041 000001   , CH 2 temp [°C]	S WOT 0041 000001   , CH 2 O2 [% air saturation]	S WOT 0041 000001   , CH 3 phase [r.U.]	S WOT 0041 000001   , CH 3 temp [°C]	S WOT 0041 000001   , CH 3 O2 [% air saturation]	S WOT 0041 000001   , CH 4 phase [r.U.]	S WOT 0041 000001   , CH 4 temp [°C]	S WOT 0041 000001   , CH 4 O2 [% air saturation]
14/06/2018 1:15:55 PM	3611790955	1013.00	26.73	29.19	105.4	26.74	29.19	105.3	26.64	29.19	106.3	NaN	29.19	NaN
14/06/2018 1:15:56 PM	3611790956	1013.00	26.70	29.19	105.7	26.68	29.19	105.9	26.63	29.19	106.4	NaN	29.19	NaN
14/06/2018 1:15:57 PM	3611790957	1013.00	26.71	29.19	105.6	26.73	29.19	105.4	26.65	29.19	106.2	NaN	29.19	NaN
14/06/2018 1:15:58 PM	3611790958	1013.00	26.72	29.19	105.5	26.70	29.19	105.7	26.65	29.19	106.2	NaN	29.19	NaN
14/06/2018 1:15:59 PM	3611790959	1013.00	26.71	29.20	105.6	26.72	29.20	105.5	26.66	29.20	106.1	NaN	29.20	NaN
14/06/2018 1:16:00 PM	3611790960	1013.00	26.72	29.20	105.5	26.69	29.20	105.8	26.63	29.20	106.4	NaN	29.20	NaN
14/06/2018 1:16:01 PM	3611790961	1013.00	26.74	29.20	105.3	26.73	29.20	105.4	26.68	29.20	105.9	NaN	29.20	NaN
14/06/2018 1:16:02 PM	3611790962	1013.00	26.73	29.20	105.4	26.72	29.20	105.5	26.61	29.20	106.6	NaN	29.20	NaN
14/06/2018 1:16:03 PM	3611790963	1013.00	26.73	29.20	105.4	26.71	29.20	105.6	26.62	29.20	106.5	NaN	29.20	NaN
14/06/2018 1:16:04 PM	3611790964	1013.00	26.73	29.20	105.4	26.71	29.20	105.6	26.63	29.20	106.4	NaN	29.20	NaN
14/06/2018 1:16:05 PM	3611790965	1013.00	26.72	29.19	105.5	26.70	29.19	105.7	26.68	29.19	105.9	NaN	29.19	NaN
14/06/2018 1:16:06 PM	3611790966	1013.00	26.73	29.19	105.4	26.70	29.19	105.7	26.61	29.19	106.7	NaN	29.19	NaN
14/06/2018 1:16:07 PM	3611790967	1013.00	26.73	29.20	105.4	26.73	29.20	105.4	26.63	29.20	106.4	NaN	29.20	NaN
14/06/2018 1:16:08 PM	3611790968	1013.00	26.73	29.20	105.4	26.70	29.20	105.7	26.67	29.20	106.0	NaN	29.20	NaN
14/06/2018 1:16:09 PM	3611790969	1013.00	26.72	29.20	105.5	26.74	29.20	105.3	26.63	29.20	106.4	NaN	29.20	NaN
14/06/2018 1:16:10 PM	3611790970	1013.00	26.71	29.20	105.6	26.69	29.20	105.8	26.66	29.20	106.1	NaN	29.20	NaN
14/06/2018 1:16:11 PM	3611790971	1013.00	26.73	29.20	105.4	26.75	29.20	105.2	26.67	29.20	106.0	NaN	29.20	NaN
14/06/2018 1:16:12 PM	3611790972	1013.00	26.72	29.20	105.5	26.77	29.20	105.0	26.68	29.20	105.9	NaN	29.20	NaN
14/06/2018 1:16:13 PM	3611790973	1013.00	26.72	29.20	105.5	26.71	29.20	105.6	26.65	29.20	106.2	NaN	29.20	NaN
14/06/2018 1:16:14 PM	3611790974	1013.00	26.70	29.19	105.7	26.73	29.19	105.4	26.68	29.19	105.9	NaN	29.19	NaN
14/06/2018 1:16:15 PM	3611790975	1013.00	26.75	29.19	105.2	26.72	29.19	105.5	26.64	29.19	106.3	NaN	29.19	NaN
14/06/2018 1:16:16 PM	3611790976	1013.00	26.72	29.20	105.5	26.69	29.20	105.8	26.66	29.20	106.1	NaN	29.20	NaN
14/06/2018 1:16:17 PM	3611790977	1013.00	26.70	29.20	105.7	26.71	29.20	105.6	26.60	29.20	106.7	NaN	29.20	NaN
14/06/2018 1:16:18 PM	3611790978	1013.00	26.72	29.20	105.5	26.74	29.20	105.3	26.66	29.20	106.1	NaN	29.20	NaN
14/06/2018 1:16:19 PM	3611790979	1013.00	26.70	29.20	105.7	26.74	29.20	105.3	26.63	29.20	106.4	NaN	29.20	NaN
14/06/2018 1:16:20 PM	3611790980	1013.00	26.74	29.20	105.3	26.70	29.20	105.7	26.64	29.20	106.3	NaN	29.20	NaN
14/06/2018 1:16:21 PM	3611790981	1013.00	26.72	29.21	105.5	26.73	29.21	105.4	26.64	29.21	106.3	NaN	29.21	NaN
14/06/2018 1:16:22 PM	3611790982	1013.00	26.75	29.21	105.2	26.73	29.21	105.4	26.65	29.21	106.2	NaN	29.21	NaN
14/06/2018 1:16:23 PM	3611790983	1013.00	26.71	29.21	105.6	26.73	29.21	105.4	26.72	29.21	105.5	NaN	29.21	NaN
14/06/2018 1:16:24 PM	3611790984	1013.00	26.75	29.22	105.2	26.67	29.22	106.0	26.66	29.22	106.1	NaN	29.22	NaN
14/06/2018 1:16:25 PM	3611790985	1013.00	26.73	29.22	105.4	26.73	29.22	105.4	26.64	29.22	106.3	NaN	29.22	NaN
14/06/2018 1:16:26 PM	3611790986	1013.00	26.73	29.21	105.4	26.71	29.21	105.6	26.66	29.21	106.1	NaN	29.21	NaN
14/06/2018 1:16:27 PM	3611790987	1013.00	26.72	29.21	105.5	26.71	29.21	105.6	26.67	29.21	106.0	NaN	29.21	NaN
14/06/2018 1:16:28 PM	3611790988	1013.00	26.73	29.21	105.4	26.69	29.21	105.8	26.64	29.21	106.3	NaN	29.21	NaN
14/06/2018 1:16:29 PM	3611790989	1013.00	26.72	29.20	105.5	26.70	29.20	105.7	26.69	29.20	105.8	NaN	29.20	NaN
14/06/2018 1:16:30 PM	3611790990	1013.00	26.73	29.20	105.4	26.75	29.20	105.2	26.65	29.20	106.2	NaN	29.20	NaN
14/06/2018 1:16:31 PM	3611790991	1013.00	26.73	29.21	105.4	26.70	29.21	105.7	26.64	29.21	106.3	NaN	29.21	NaN
14/06/2018 1:16:32 PM	3611790992	1013.00	26.73	29.21	105.4	26.70	29.21	105.7	26.65	29.21	106.2	NaN	29.21	NaN
14/06/2018 1:16:33 PM	3611790993	1013.00	26.71	29.22	105.6	26.75	29.22	105.2	26.65	29.22	106.2	NaN	29.22	NaN
14/06/2018 1:16:34 PM	3611790994	1013.00	26.72	29.22	105.5	26.73	29.22	105.4	26.64	29.22	106.3	NaN	29.22	NaN
14/06/2018 1:16:35 PM	3611790995	1013.00	26.72	29.22	105.5	26.74	29.22	105.3	26.61	29.22	106.6	NaN	29.22	NaN
14/06/2018 1:16:36 PM	3611790996	1013.00	26.73	29.22	105.4	26.70	29.22	105.7	26.66	29.22	106.1	NaN	29.22	NaN
14/06/2018 1:16:37 PM	3611790997	1013.00	26.74	29.22	105.3	26.73	29.22	105.4	26.64	29.22	106.3	NaN	29.22	NaN
14/06/2018 1:16:38 PM	3611790998	1013.00	26.72	29.22	105.5	26.72	29.22	105.5	26.63	29.22	106.4	NaN	29.22	NaN
14/06/2018 1:16:39 PM	3611790999	1013.00	26.73	29.22	105.4	26.71	29.22	105.6	26.64	29.22	106.3	NaN	29.22	NaN
14/06/2018 1:16:40 PM	3611791000	1013.00	26.75	29.22	105.2	26.72	29.22	105.5	26.64	29.22	106.3	NaN	29.22	NaN
14/06/2018 1:16:41 PM	3611791001	1013.00	26.73	29.22	105.4	26.73	29.22	105.4	26.64	29.22	106.3	NaN	29.22	NaN
14/06/2018 1:16:42 PM	3611791002	1013.00	26.72	29.21	105.5	26.74	29.21	105.3	26.65	29.21	106.2	NaN	29.21	NaN
14/06/2018 1:16:43 PM	3611791003	1013.00	26.75	29.21	105.2	26.69	29.21	105.8	26.66	29.21	106.1	NaN	29.21	NaN
14/06/2018 1:16:44 PM	3611791004	1013.00	26.75	29.21	105.2	26.72	29.21	105.5	26.65	29.21	106.2	NaN	29.21	NaN
14/06/2018 1:16:45 PM	3611791005	1013.00	26.71	29.21	105.6	26.72	29.21	105.5	26.65	29.21	106.2	NaN	29.21	NaN
14/06/2018 1:16:46 PM	3611791006	1013.00	26.75	29.21	105.2	26.74	29.21	105.3	26.67	29.21	106.0	NaN	29.21	NaN
14/06/2018 1:16:47 PM	3611791007	1013.00	26.70	29.21	105.7	26.75	29.21	105.2	26.65	29.21	106.2	NaN	29.21	NaN
14/06/2018 1:16:48 PM	3611791008	1013.00	26.72	29.22	105.5	26.70	29.22	105.7	26.60	29.22	106.7	NaN	29.22	NaN
14/06/2018 1:16:49 PM	3611791009	1013.00	26.70	29.22	105.7	26.69	29.22	105.8	26.64	29.22	106.3	NaN	29.22	NaN
14/06/2018 1:16:50 PM	3611791010	1013.00	26.71	29.21	105.6	26.74	29.21	105.3	26.66	29.21	106.1	NaN	29.21	NaN
14/06/2018 1:16:51 PM	3611791011	1013.00	26.72	29.22	105.5	26.73	29.22	105.4	26.67	29.22	106.0	NaN	29.22	NaN
14/06/2018 1:16:52 PM	3611791012	1013.00	26.71	29.21	105.6	26.72	29.21	105.5	26.67	29.21	106.0	NaN	29.21	NaN
14/06/2018 1:16:53 PM	3611791013	1013.00	26.74	29.21	105.3	26.72	29.21	105.5	26.67	29.21	106.0	NaN	29.21	NaN
14/06/2018 1:16:54 PM	3611791014	1013.00	26.73	29.21	105.4	26.74	29.21	105.3	26.69	29.21	105.8	NaN	29.21	NaN
14/06/2018 1:16:55 PM	3611791015	1013.00	26.70	29.21	105.7	26.69	29.21	105.8	26.66	29.21	106.1	NaN	29.21	NaN
14/06/2018 1:16:56 PM	3611791016	1013.00	26.71	29.21	105.6	26.72	29.21	105.5	26.69	29.21	105.8	NaN	29.21	NaN
14/06/2018 1:16:57 PM	3611791017	1013.00	26.72	29.23	105.5	26.70	29.23	105.7	26.67	29.23	106.0	NaN	29.23	NaN
14/06/2018 1:16:58 PM	3611791018	1013.00	26.74	29.23	105.3	26.76	29.23	105.1	26.65	29.23	106.2	NaN	29.23	NaN
14/06/2018 1:16:59 PM	3611791019	1013.00	26.73	29.23	105.4	26.73	29.23	105.4	26.64	29.23	106.3	NaN	29.23	NaN
14/06/2018 1:17:00 PM	3611791020	1013.00	26.74	29.23	105.3	26.71	29.23	105.6	26.66	29.23	106.1	NaN	29.23	NaN
14/06/2018 1:17:01 PM	3611791021	1013.00	26.73	29.22	105.4	26.72	29.22	105.5	26.67	29.22	106.0	NaN	29.22	NaN
14/06/2018 1:17:02 PM	3611791022	1013.00	26.71	29.21	105.6	26.73	29.21	105.4	26.67	29.21	106.0	NaN	29.21	NaN
14/06/2018 1:17:03 PM	3611791023	1013.00	26.73	29.21	105.4	26.74	29.21	105.3	26.68	29.21	105.9	NaN	29.21	NaN
14/06/2018 1:17:04 PM	3611791024	1013.00	26.74	29.21	105.3	26.73	29.21	105.4	26.67	29.21	106.0	NaN	29.21	NaN
14/06/2018 1:17:05 PM	3611791025	1013.00	26.74	29.22	105.3	26.74	29.22	105.3	26.63	29.22	106.4	NaN	29.22	NaN
14/06/2018 1:17:06 PM	3611791026	1013.00	26.72	29.22	105.5	26.72	29.22	105.5	26.67	29.22	106.0	NaN	29.22	NaN
14/06/2018 1:17:07 PM	3611791027	1013.00	26.75	29.23	105.2	26.76	29.23	105.1	26.65	29.23	106.2	NaN	29.23	NaN
14/06/2018 1:17:08 PM	3611791028	1013.00	26.72	29.23	105.5	26.72	29.23	105.5	26.68	29.23	105.9	NaN	29.23	NaN
14/06/2018 1:17:09 PM	3611791029	1013.00	26.75	29.23	105.2	26.74	29.23	105.3	26.67	29.23	106.0	NaN	29.23	NaN
14/06/2018 1:17:10 PM	3611791030	1013.00	26.74	29.23	105.3	26.73	29.23	105.4	26.67	29.23	106.0	NaN	29.23	NaN
14/06/2018 1:17:11 PM	3611791031	1013.00	26.75	29.23	105.2	26.77	29.23	105.0	26.67	29.23	106.0	NaN	29.23	NaN
14/06/2018 1:17:12 PM	3611791032	1013.00	26.75	29.23	105.2	26.76	29.23	105.1	26.68	29.23	105.9	NaN	29.23	NaN
14/06/2018 1:17:13 PM	3611791033	1013.00	26.71	29.23	105.6	26.73	29.23	105.4	26.69	29.23	105.8	NaN	29.23	NaN
14/06/2018 1:17:14 PM	3611791034	1013.00	26.74	29.22	105.3	26.69	29.22	105.8	26.66	29.22	106.1	NaN	29.22	NaN
14/06/2018 1:17:15 PM	3611791035	1013.00	26.72	29.22	105.5	26.71	29.22	105.6	26.66	29.22	106.1	NaN	29.22	NaN
14/06/2018 1:17:16 PM	3611791036	1013.00	26.72	29.22	105.5	26.69	29.22	105.8	26.66	29.22	106.1	NaN	29.22	NaN
14/06/2018 1:17:17 PM	3611791037	1013.00	26.74	29.22	105.3	26.70	29.22	105.7	26.68	29.22	105.9	NaN	29.22	NaN
14/06/2018 1:17:18 PM	3611791038	1013.00	26.73	29.22	105.4	26.76	29.22	105.1	26.68	29.22	105.9	NaN	29.22	NaN
14/06/2018 1:17:19 PM	3611791039	1013.00	26.73	29.22	105.4	26.71	29.22	105.6	26.65	29.22	106.2	NaN	29.22	NaN
14/06/2018 1:17:20 PM	3611791040	1013.00	26.72	29.23	105.5	26.72	29.23	105.5	26.68	29.23	105.9	NaN	29.23	NaN
14/06/2018 1:17:21 PM	3611791041	1013.00	26.74	29.22	105.3	26.75	29.22	105.2	26.65	29.22	106.2	NaN	29.22	NaN
14/06/2018 1:17:22 PM	3611791042	1013.00	26.74	29.22	105.3	26.71	29.22	105.6	26.71	29.22	105.6	NaN	29.22	NaN
14/06/2018 1:17:23 PM	3611791043	1013.00	26.74	29.22	105.3	26.78	29.22	104.9	26.72	29.22	105.5	NaN	29.22	NaN
14/06/2018 1:17:24 PM	3611791044	1013.00	26.74	29.21	105.3	26.78	29.21	104.9	26.70	29.21	105.7	NaN	29.21	NaN
14/06/2018 1:17:25 PM	3611791045	1013.00	26.72	29.21	105.5	26.77	29.21	105.0	26.68	29.21	105.9	NaN	29.21	NaN
14/06/2018 1:17:26 PM	3611791046	1013.00	26.75	29.21	105.2	26.75	29.21	105.2	26.71	29.21	105.6	NaN	29.21	NaN
14/06/2018 1:17:27 PM	3611791047	1013.00	26.72	29.22	105.5	26.75	29.22	105.2	26.69	29.22	105.8	NaN	29.22	NaN
14/06/2018 1:17:28 PM	3611791048	1013.00	26.74	29.21	105.3	26.71	29.21	105.6	26.68	29.21	105.9	NaN	29.21	NaN
14/06/2018 1:17:29 PM	3611791049	1013.00	26.74	29.22	105.3	26.74	29.22	105.3	26.68	29.22	105.9	NaN	29.22	NaN
14/06/2018 1:17:30 PM	3611791050	1013.00	26.72	29.22	105.5	26.76	29.22	105.1	26.71	29.22	105.6	NaN	29.22	NaN
14/06/2018 1:17:31 PM	3611791051	1013.00	26.73	29.22	105.4	26.74	29.22	105.3	26.70	29.22	105.7	NaN	29.22	NaN
14/06/2018 1:17:32 PM	3611791052	1013.00	26.72	29.22	105.5	26.75	29.22	105.2	26.69	29.22	105.8	NaN	29.22	NaN
14/06/2018 1:17:33 PM	3611791053	1013.00	26.74	29.22	105.3	26.75	29.22	105.2	26.66	29.22	106.1	NaN	29.22	NaN
14/06/2018 1:17:34 PM	3611791054	1013.00	26.73	29.22	105.4	26.73	29.22	105.4	26.65	29.22	106.2	NaN	29.22	NaN
14/06/2018 1:17:35 PM	3611791055	1013.00	26.73	29.22	105.4	26.76	29.22	105.1	26.68	29.22	105.9	NaN	29.22	NaN
14/06/2018 1:17:36 PM	3611791056	1013.00	26.73	29.22	105.4	26.76	29.22	105.1	26.71	29.22	105.6	NaN	29.22	NaN
14/06/2018 1:17:37 PM	3611791057	1013.00	26.73	29.21	105.4	26.79	29.21	104.8	26.72	29.21	105.5	NaN	29.21	NaN
14/06/2018 1:17:38 PM	3611791058	1013.00	26.72	29.22	105.5	26.76	29.22	105.1	26.71	29.22	105.6	NaN	29.22	NaN
14/06/2018 1:17:39 PM	3611791059	1013.00	26.74	29.23	105.3	26.78	29.23	104.9	26.67	29.23	106.0	NaN	29.23	NaN
14/06/2018 1:17:40 PM	3611791060	1013.00	26.75	29.22	105.2	26.74	29.22	105.3	26.69	29.22	105.8	NaN	29.22	NaN
14/06/2018 1:17:41 PM	3611791061	1013.00	26.74	29.23	105.3	26.72	29.23	105.5	26.71	29.23	105.6	NaN	29.23	NaN
14/06/2018 1:17:42 PM	3611791062	1013.00	26.74	29.23	105.3	26.73	29.23	105.4	26.69	29.23	105.8	NaN	29.23	NaN
14/06/2018 1:17:43 PM	3611791063	1013.00	26.76	29.22	105.1	26.76	29.22	105.1	26.68	29.22	105.9	NaN	29.22	NaN
14/06/2018 1:17:44 PM	3611791064	1013.00	26.76	29.22	105.1	26.76	29.22	105.1	26.69	29.22	105.8	NaN	29.22	NaN
14/06/2018 1:17:45 PM	3611791065	1013.00	26.74	29.23	105.3	26.74	29.23	105.3	26.72	29.23	105.5	NaN	29.23	NaN
14/06/2018 1:17:46 PM	3611791066	1013.00	26.75	29.23	105.2	26.76	29.23	105.1	26.71	29.23	105.6	NaN	29.23	NaN
14/06/2018 1:17:47 PM	3611791067	1013.00	26.76	29.22	105.1	26.75	29.22	105.2	26.72	29.22	105.5	NaN	29.22	NaN
14/06/2018 1:17:48 PM	3611791068	1013.00	26.76	29.23	105.1	26.76	29.23	105.1	26.71	29.23	105.6	NaN	29.23	NaN
14/06/2018 1:17:49 PM	3611791069	1013.00	26.75	29.23	105.2	26.74	29.23	105.3	26.72	29.23	105.5	NaN	29.23	NaN
14/06/2018 1:17:50 PM	3611791070	1013.00	26.73	29.23	105.4	26.77	29.23	105.0	26.73	29.23	105.4	NaN	29.23	NaN
14/06/2018 1:17:51 PM	3611791071	1013.00	26.75	29.22	105.2	26.73	29.22	105.4	26.71	29.22	105.6	NaN	29.22	NaN
14/06/2018 1:17:52 PM	3611791072	1013.00	26.72	29.22	105.5	26.74	29.22	105.3	26.69	29.22	105.8	NaN	29.22	NaN
14/06/2018 1:17:53 PM	3611791073	1013.00	26.74	29.22	105.3	26.76	29.22	105.1	26.68	29.22	105.9	NaN	29.22	NaN
14/06/2018 1:17:54 PM	3611791074	1013.00	26.77	29.22	105.0	26.75	29.22	105.2	26.70	29.22	105.7	NaN	29.22	NaN
14/06/2018 1:17:55 PM	3611791075	1013.00	26.74	29.22	105.3	26.75	29.22	105.2	26.69	29.22	105.8	NaN	29.22	NaN
14/06/2018 1:17:56 PM	3611791076	1013.00	26.76	29.22	105.1	26.72	29.22	105.5	26.69	29.22	105.8	NaN	29.22	NaN
14/06/2018 1:17:57 PM	3611791077	1013.00	26.76	29.22	105.1	26.73	29.22	105.4	26.73	29.22	105.4	NaN	29.22	NaN
14/06/2018 1:17:58 PM	3611791078	1013.00	26.76	29.22	105.1	26.75	29.22	105.2	26.71	29.22	105.6	NaN	29.22	NaN
14/06/2018 1:17:59 PM	3611791079	1013.00	26.74	29.21	105.3	26.74	29.21	105.3	26.72	29.21	105.5	NaN	29.21	NaN
14/06/2018 1:18:00 PM	3611791080	1013.00	26.75	29.22	105.2	26.74	29.22	105.3	26.66	29.22	106.1	NaN	29.22	NaN
14/06/2018 1:18:01 PM	3611791081	1013.00	26.75	29.21	105.2	26.72	29.21	105.5	26.71	29.21	105.6	NaN	29.21	NaN
14/06/2018 1:18:02 PM	3611791082	1013.00	26.78	29.21	104.9	26.77	29.21	105.0	26.71	29.21	105.6	NaN	29.21	NaN
14/06/2018 1:18:03 PM	3611791083	1013.00	26.73	29.22	105.4	26.76	29.22	105.1	26.72	29.22	105.5	NaN	29.22	NaN
14/06/2018 1:18:04 PM	3611791084	1013.00	26.74	29.23	105.3	26.77	29.23	105.0	26.72	29.23	105.5	NaN	29.23	NaN
14/06/2018 1:18:05 PM	3611791085	1013.00	26.76	29.23	105.1	26.78	29.23	104.9	26.74	29.23	105.3	NaN	29.23	NaN
14/06/2018 1:18:06 PM	3611791086	1013.00	26.77	29.23	105.0	26.77	29.23	105.0	26.72	29.23	105.5	NaN	29.23	NaN
14/06/2018 1:18:07 PM	3611791087	1013.00	26.75	29.23	105.2	26.75	29.23	105.2	26.70	29.23	105.7	NaN	29.23	NaN
14/06/2018 1:18:08 PM	3611791088	1013.00	26.77	29.24	104.9	26.77	29.24	104.9	26.74	29.24	105.2	NaN	29.24	NaN
14/06/2018 1:18:09 PM	3611791089	1013.00	26.79	29.23	104.8	26.76	29.23	105.1	26.74	29.23	105.3	NaN	29.23	NaN
14/06/2018 1:18:10 PM	3611791090	1013.00	26.77	29.24	104.9	26.75	29.24	105.1	26.72	29.24	105.4	NaN	29.24	NaN
14/06/2018 1:18:11 PM	3611791091	1013.00	26.75	29.24	105.1	26.79	29.24	104.7	26.76	29.24	105.0	NaN	29.24	NaN
14/06/2018 1:18:12 PM	3611791092	1013.00	26.76	29.23	105.1	26.77	29.23	105.0	26.75	29.23	105.2	NaN	29.23	NaN
14/06/2018 1:18:13 PM	3611791093	1013.00	26.74	29.23	105.3	26.74	29.23	105.3	26.73	29.23	105.4	NaN	29.23	NaN
14/06/2018 1:18:14 PM	3611791094	1013.00	26.79	29.23	104.8	26.75	29.23	105.2	26.72	29.23	105.5	NaN	29.23	NaN
14/06/2018 1:18:15 PM	3611791095	1013.00	26.77	29.22	105.0	26.80	29.22	104.7	26.75	29.22	105.2	NaN	29.22	NaN
14/06/2018 1:18:16 PM	3611791096	1013.00	26.79	29.23	104.8	26.80	29.23	104.7	26.74	29.23	105.3	NaN	29.23	NaN
14/06/2018 1:18:17 PM	3611791097	1013.00	26.78	29.24	104.8	26.78	29.24	104.8	26.75	29.24	105.1	NaN	29.24	NaN
14/06/2018 1:18:18 PM	3611791098	1013.00	26.79	29.24	104.7	26.78	29.24	104.8	26.71	29.24	105.5	NaN	29.24	NaN
14/06/2018 1:18:19 PM	3611791099	1013.00	26.80	29.24	104.6	26.76	29.24	105.0	26.71	29.24	105.5	NaN	29.24	NaN
14/06/2018 1:18:20 PM	3611791100	1013.00	26.79	29.24	104.7	26.76	29.24	105.0	26.74	29.24	105.2	NaN	29.24	NaN
14/06/2018 1:18:21 PM	3611791101	1013.00	26.76	29.23	105.1	26.79	29.23	104.8	26.79	29.23	104.8	NaN	29.23	NaN
14/06/2018 1:18:22 PM	3611791102	1013.00	26.79	29.24	104.7	26.77	29.24	104.9	26.75	29.24	105.1	NaN	29.24	NaN
14/06/2018 1:18:23 PM	3611791103	1013.00	26.77	29.23	105.0	26.78	29.23	104.9	26.73	29.23	105.4	NaN	29.23	NaN
14/06/2018 1:18:24 PM	3611791104	1013.00	26.80	29.23	104.7	26.76	29.23	105.1	26.76	29.23	105.1	NaN	29.23	NaN
14/06/2018 1:18:25 PM	3611791105	1013.00	26.79	29.23	104.8	26.77	29.23	105.0	26.72	29.23	105.5	NaN	29.23	NaN
14/06/2018 1:18:26 PM	3611791106	1013.00	26.80	29.23	104.7	26.77	29.23	105.0	26.72	29.23	105.5	NaN	29.23	NaN
14/06/2018 1:18:27 PM	3611791107	1013.00	26.79	29.23	104.8	26.79	29.23	104.8	26.79	29.23	104.8	NaN	29.23	NaN
14/06/2018 1:18:28 PM	3611791108	1013.00	26.79	29.24	104.7	26.79	29.24	104.7	26.73	29.24	105.3	NaN	29.24	NaN
14/06/2018 1:18:29 PM	3611791109	1013.00	26.78	29.23	104.9	26.79	29.23	104.8	26.76	29.23	105.1	NaN	29.23	NaN
14/06/2018 1:18:30 PM	3611791110	1013.00	26.80	29.23	104.7	26.78	29.23	104.9	26.76	29.23	105.1	NaN	29.23	NaN
14/06/2018 1:18:31 PM	3611791111	1013.00	26.77	29.23	105.0	26.77	29.23	105.0	26.71	29.23	105.6	NaN	29.23	NaN
14/06/2018 1:18:32 PM	3611791112	1013.00	26.79	29.23	104.8	26.80	29.23	104.7	26.74	29.23	105.3	NaN	29.23	NaN
14/06/2018 1:18:33 PM	3611791113	1013.00	26.79	29.23	104.8	26.76	29.23	105.1	26.73	29.23	105.4	NaN	29.23	NaN
14/06/2018 1:18:34 PM	3611791114	1013.00	26.80	29.23	104.7	26.76	29.23	105.1	26.75	29.23	105.2	NaN	29.23	NaN
14/06/2018 1:18:35 PM	3611791115	1013.00	26.82	29.23	104.5	26.74	29.23	105.3	26.77	29.23	105.0	NaN	29.23	NaN
14/06/2018 1:18:36 PM	3611791116	1013.00	26.81	29.24	104.5	26.78	29.24	104.8	26.80	29.24	104.6	NaN	29.24	NaN
14/06/2018 1:18:37 PM	3611791117	1013.00	26.79	29.23	104.8	26.79	29.23	104.8	26.76	29.23	105.1	NaN	29.23	NaN
14/06/2018 1:18:38 PM	3611791118	1013.00	26.79	29.23	104.8	26.77	29.23	105.0	26.80	29.23	104.7	NaN	29.23	NaN
14/06/2018 1:18:39 PM	3611791119	1013.00	26.82	29.24	104.4	26.78	29.24	104.8	26.78	29.24	104.8	NaN	29.24	NaN
14/06/2018 1:18:40 PM	3611791120	1013.00	26.82	29.24	104.4	26.81	29.24	104.5	26.79	29.24	104.7	NaN	29.24	NaN
14/06/2018 1:18:41 PM	3611791121	1013.00	26.84	29.24	104.2	26.75	29.24	105.1	26.76	29.24	105.0	NaN	29.24	NaN
14/06/2018 1:18:42 PM	3611791122	1013.00	26.81	29.24	104.5	26.77	29.24	104.9	26.74	29.24	105.2	NaN	29.24	NaN
14/06/2018 1:18:43 PM	3611791123	1013.00	26.82	29.24	104.4	26.76	29.24	105.0	26.81	29.24	104.5	NaN	29.24	NaN
14/06/2018 1:18:44 PM	3611791124	1013.00	26.84	29.24	104.2	26.77	29.24	104.9	26.75	29.24	105.1	NaN	29.24	NaN
14/06/2018 1:18:45 PM	3611791125	1013.00	26.80	29.23	104.7	26.80	29.23	104.7	26.78	29.23	104.9	NaN	29.23	NaN
14/06/2018 1:18:46 PM	3611791126	1013.00	26.82	29.23	104.5	26.78	29.23	104.9	26.74	29.23	105.3	NaN	29.23	NaN
14/06/2018 1:18:47 PM	3611791127	1013.00	26.83	29.24	104.3	26.81	29.24	104.5	26.78	29.24	104.8	NaN	29.24	NaN
14/06/2018 1:18:48 PM	3611791128	1013.00	26.81	29.23	104.6	26.79	29.23	104.8	26.79	29.23	104.8	NaN	29.23	NaN
14/06/2018 1:18:49 PM	3611791129	1013.00	26.82	29.23	104.5	26.80	29.23	104.7	26.76	29.23	105.1	NaN	29.23	NaN
14/06/2018 1:18:50 PM	3611791130	1013.00	26.84	29.23	104.3	26.78	29.23	104.9	26.79	29.23	104.8	NaN	29.23	NaN
14/06/2018 1:18:51 PM	3611791131	1013.00	26.81	29.24	104.5	26.80	29.24	104.6	26.77	29.24	104.9	NaN	29.24	NaN
14/06/2018 1:18:52 PM	3611791132	1013.00	26.82	29.24	104.4	26.76	29.24	105.0	26.74	29.24	105.2	NaN	29.24	NaN
14/06/2018 1:18:53 PM	3611791133	1013.00	26.82	29.24	104.4	26.77	29.24	104.9	26.77	29.24	104.9	NaN	29.24	NaN
14/06/2018 1:18:54 PM	3611791134	1013.00	26.82	29.24	104.4	26.81	29.24	104.5	26.78	29.24	104.8	NaN	29.24	NaN
14/06/2018 1:18:55 PM	3611791135	1013.00	26.83	29.24	104.3	26.79	29.24	104.7	26.81	29.24	104.5	NaN	29.24	NaN
14/06/2018 1:18:56 PM	3611791136	1013.00	26.86	29.24	104.0	26.79	29.24	104.7	26.77	29.24	104.9	NaN	29.24	NaN
14/06/2018 1:18:57 PM	3611791137	1013.00	26.83	29.24	104.3	26.80	29.24	104.6	26.77	29.24	104.9	NaN	29.24	NaN
14/06/2018 1:18:58 PM	3611791138	1013.00	26.82	29.25	104.4	26.83	29.25	104.3	26.82	29.25	104.4	NaN	29.25	NaN
14/06/2018 1:18:59 PM	3611791139	1013.00	26.81	29.24	104.5	26.82	29.24	104.4	26.81	29.24	104.5	NaN	29.24	NaN
14/06/2018 1:19:00 PM	3611791140	1013.00	26.82	29.24	104.4	26.84	29.24	104.2	26.76	29.24	105.0	NaN	29.24	NaN
14/06/2018 1:19:01 PM	3611791141	1013.00	26.84	29.25	104.2	26.80	29.25	104.6	26.77	29.25	104.9	NaN	29.25	NaN
14/06/2018 1:19:02 PM	3611791142	1013.00	26.83	29.24	104.3	26.81	29.24	104.5	26.78	29.24	104.8	NaN	29.24	NaN
14/06/2018 1:19:03 PM	3611791143	1013.00	26.85	29.23	104.2	26.81	29.23	104.6	26.82	29.23	104.5	NaN	29.23	NaN
14/06/2018 1:19:04 PM	3611791144	1013.00	26.82	29.23	104.5	26.78	29.23	104.9	26.79	29.23	104.8	NaN	29.23	NaN
14/06/2018 1:19:05 PM	3611791145	1013.00	26.85	29.24	104.1	26.82	29.24	104.4	26.82	29.24	104.4	NaN	29.24	NaN
14/06/2018 1:19:06 PM	3611791146	1013.00	26.82	29.24	104.4	26.79	29.24	104.7	26.79	29.24	104.7	NaN	29.24	NaN
14/06/2018 1:19:07 PM	3611791147	1013.00	26.85	29.24	104.1	26.81	29.24	104.5	26.82	29.24	104.4	NaN	29.24	NaN
14/06/2018 1:19:08 PM	3611791148	1013.00	26.82	29.25	104.4	26.78	29.25	104.8	26.77	29.25	104.9	NaN	29.25	NaN
14/06/2018 1:19:09 PM	3611791149	1013.00	26.83	29.25	104.3	26.81	29.25	104.5	26.83	29.25	104.3	NaN	29.25	NaN
14/06/2018 1:19:10 PM	3611791150	1013.00	26.85	29.24	104.1	26.83	29.24	104.3	26.81	29.24	104.5	NaN	29.24	NaN
14/06/2018 1:19:11 PM	3611791151	1013.00	26.82	29.24	104.4	26.80	29.24	104.6	26.82	29.24	104.4	NaN	29.24	NaN
14/06/2018 1:19:12 PM	3611791152	1013.00	26.86	29.25	104.0	26.81	29.25	104.5	26.79	29.25	104.7	NaN	29.25	NaN
14/06/2018 1:19:13 PM	3611791153	1013.00	26.87	29.24	103.9	26.83	29.24	104.3	26.81	29.24	104.5	NaN	29.24	NaN
14/06/2018 1:19:14 PM	3611791154	1013.00	26.83	29.24	104.3	26.82	29.24	104.4	26.79	29.24	104.7	NaN	29.24	NaN
14/06/2018 1:19:15 PM	3611791155	1013.00	26.83	29.24	104.3	26.82	29.24	104.4	26.80	29.24	104.6	NaN	29.24	NaN
14/06/2018 1:19:16 PM	3611791156	1013.00	26.85	29.24	104.1	26.85	29.24	104.1	26.80	29.24	104.6	NaN	29.24	NaN
14/06/2018 1:19:17 PM	3611791157	1013.00	26.85	29.24	104.1	26.82	29.24	104.4	26.82	29.24	104.4	NaN	29.24	NaN
14/06/2018 1:19:18 PM	3611791158	1013.00	26.84	29.25	104.2	26.79	29.25	104.7	26.79	29.25	104.7	NaN	29.25	NaN
14/06/2018 1:19:19 PM	3611791159	1013.00	26.85	29.24	104.1	26.83	29.24	104.3	26.84	29.24	104.2	NaN	29.24	NaN
14/06/2018 1:19:20 PM	3611791160	1013.00	26.87	29.24	103.9	26.83	29.24	104.3	26.86	29.24	104.0	NaN	29.24	NaN
14/06/2018 1:19:21 PM	3611791161	1013.00	26.84	29.23	104.3	26.85	29.23	104.2	26.79	29.23	104.8	NaN	29.23	NaN
14/06/2018 1:19:22 PM	3611791162	1013.00	26.85	29.23	104.2	26.81	29.23	104.6	26.86	29.23	104.1	NaN	29.23	NaN
14/06/2018 1:19:23 PM	3611791163	1013.00	26.85	29.23	104.2	26.87	29.23	104.0	26.81	29.23	104.6	NaN	29.23	NaN
14/06/2018 1:19:24 PM	3611791164	1013.00	26.85	29.23	104.2	26.81	29.23	104.6	26.87	29.23	104.0	NaN	29.23	NaN
14/06/2018 1:19:25 PM	3611791165	1013.00	26.86	29.22	104.1	26.80	29.22	104.7	26.85	29.22	104.2	NaN	29.22	NaN
14/06/2018 1:19:26 PM	3611791166	1013.00	26.83	29.23	104.4	26.82	29.23	104.5	26.84	29.23	104.3	NaN	29.23	NaN
14/06/2018 1:19:27 PM	3611791167	1013.00	26.85	29.23	104.2	26.86	29.23	104.1	26.84	29.23	104.3	NaN	29.23	NaN
14/06/2018 1:19:28 PM	3611791168	1013.00	26.87	29.24	103.9	26.89	29.24	103.7	26.88	29.24	103.8	NaN	29.24	NaN
14/06/2018 1:19:29 PM	3611791169	1013.00	26.86	29.23	104.1	26.84	29.23	104.3	26.85	29.23	104.2	NaN	29.23	NaN
14/06/2018 1:19:30 PM	3611791170	1013.00	26.87	29.24	103.9	26.81	29.24	104.5	26.89	29.24	103.7	NaN	29.24	NaN
14/06/2018 1:19:31 PM	3611791171	1013.00	26.87	29.24	103.9	26.84	29.24	104.2	26.81	29.24	104.5	NaN	29.24	NaN
14/06/2018 1:19:32 PM	3611791172	1013.00	26.86	29.24	104.0	26.82	29.24	104.4	26.85	29.24	104.1	NaN	29.24	NaN
14/06/2018 1:19:33 PM	3611791173	1013.00	26.87	29.23	104.0	26.83	29.23	104.4	26.88	29.23	103.9	NaN	29.23	NaN
14/06/2018 1:19:34 PM	3611791174	1013.00	26.86	29.24	104.0	26.84	29.24	104.2	26.84	29.24	104.2	NaN	29.24	NaN
14/06/2018 1:19:35 PM	3611791175	1013.00	26.89	29.23	103.8	26.83	29.23	104.4	26.85	29.23	104.2	NaN	29.23	NaN
14/06/2018 1:19:36 PM	3611791176	1013.00	26.85	29.24	104.1	26.83	29.24	104.3	26.87	29.24	103.9	NaN	29.24	NaN
14/06/2018 1:19:37 PM	3611791177	1013.00	26.87	29.24	103.9	26.79	29.24	104.7	26.88	29.24	103.8	NaN	29.24	NaN
14/06/2018 1:19:38 PM	3611791178	1013.00	26.85	29.24	104.1	26.85	29.24	104.1	26.89	29.24	103.7	NaN	29.24	NaN
14/06/2018 1:19:39 PM	3611791179	1013.00	26.86	29.24	104.0	26.83	29.24	104.3	26.86	29.24	104.0	NaN	29.24	NaN
14/06/2018 1:19:40 PM	3611791180	1013.00	26.86	29.24	104.0	26.83	29.24	104.3	26.88	29.24	103.8	NaN	29.24	NaN
14/06/2018 1:19:41 PM	3611791181	1013.00	26.87	29.23	104.0	26.82	29.23	104.5	26.90	29.23	103.7	NaN	29.23	NaN
14/06/2018 1:19:42 PM	3611791182	1013.00	26.86	29.23	104.1	26.84	29.23	104.3	26.86	29.23	104.1	NaN	29.23	NaN
14/06/2018 1:19:43 PM	3611791183	1013.00	26.87	29.23	104.0	26.85	29.23	104.2	26.90	29.23	103.7	NaN	29.23	NaN
14/06/2018 1:19:44 PM	3611791184	1013.00	26.89	29.24	103.7	26.83	29.24	104.3	26.89	29.24	103.7	NaN	29.24	NaN
14/06/2018 1:19:45 PM	3611791185	1013.00	26.88	29.24	103.8	26.83	29.24	104.3	26.89	29.24	103.7	NaN	29.24	NaN
14/06/2018 1:19:46 PM	3611791186	1013.00	26.86	29.25	104.0	26.84	29.25	104.2	26.88	29.25	103.8	NaN	29.25	NaN
14/06/2018 1:19:47 PM	3611791187	1013.00	26.89	29.25	103.7	26.88	29.25	103.8	26.89	29.25	103.7	NaN	29.25	NaN
14/06/2018 1:19:48 PM	3611791188	1013.00	26.90	29.25	103.6	26.88	29.25	103.8	26.90	29.25	103.6	NaN	29.25	NaN
14/06/2018 1:19:49 PM	3611791189	1013.00	26.90	29.24	103.6	26.89	29.24	103.7	26.87	29.24	103.9	NaN	29.24	NaN
14/06/2018 1:19:50 PM	3611791190	1013.00	26.87	29.25	103.9	26.87	29.25	103.9	26.89	29.25	103.7	NaN	29.25	NaN
14/06/2018 1:19:51 PM	3611791191	1013.00	26.86	29.24	104.0	26.83	29.24	104.3	26.85	29.24	104.1	NaN	29.24	NaN
14/06/2018 1:19:52 PM	3611791192	1013.00	26.87	29.24	103.9	26.85	29.24	104.1	26.95	29.24	103.2	NaN	29.24	NaN
14/06/2018 1:19:53 PM	3611791193	1013.00	26.90	29.24	103.6	26.87	29.24	103.9	26.88	29.24	103.8	NaN	29.24	NaN
14/06/2018 1:19:54 PM	3611791194	1013.00	26.89	29.24	103.7	26.86	29.24	104.0	26.90	29.24	103.6	NaN	29.24	NaN
14/06/2018 1:19:55 PM	3611791195	1013.00	26.89	29.23	103.8	26.86	29.23	104.1	26.92	29.23	103.5	NaN	29.23	NaN
14/06/2018 1:19:56 PM	3611791196	1013.00	26.91	29.23	103.6	26.88	29.23	103.9	26.92	29.23	103.5	NaN	29.23	NaN
14/06/2018 1:19:57 PM	3611791197	1013.00	26.90	29.22	103.7	26.87	29.22	104.0	26.90	29.22	103.7	NaN	29.22	NaN
14/06/2018 1:19:58 PM	3611791198	1013.00	26.91	29.23	103.6	26.86	29.23	104.1	26.92	29.23	103.5	NaN	29.23	NaN
14/06/2018 1:19:59 PM	3611791199	1013.00	26.88	29.23	103.9	26.89	29.23	103.8	26.94	29.23	103.3	NaN	29.23	NaN
14/06/2018 1:20:00 PM	3611791200	1013.00	26.91	29.24	103.6	26.89	29.24	103.7	26.91	29.24	103.6	NaN	29.24	NaN
14/06/2018 1:20:01 PM	3611791201	1013.00	26.90	29.24	103.6	26.90	29.24	103.6	26.92	29.24	103.5	NaN	29.24	NaN
14/06/2018 1:20:02 PM	3611791202	1013.00	26.90	29.25	103.6	26.84	29.25	104.2	26.91	29.25	103.5	NaN	29.25	NaN
14/06/2018 1:20:03 PM	3611791203	1013.00	26.90	29.25	103.6	26.87	29.25	103.9	26.92	29.25	103.4	NaN	29.25	NaN
14/06/2018 1:20:04 PM	3611791204	1013.00	26.91	29.25	103.5	26.84	29.25	104.2	26.93	29.25	103.3	NaN	29.25	NaN
14/06/2018 1:20:05 PM	3611791205	1013.00	26.90	29.24	103.6	26.89	29.24	103.7	26.93	29.24	103.4	NaN	29.24	NaN
14/06/2018 1:20:06 PM	3611791206	1013.00	26.92	29.24	103.5	26.88	29.24	103.8	26.91	29.24	103.6	NaN	29.24	NaN
14/06/2018 1:20:07 PM	3611791207	1013.00	26.91	29.24	103.6	26.88	29.24	103.8	26.95	29.24	103.2	NaN	29.24	NaN
14/06/2018 1:20:08 PM	3611791208	1013.00	26.91	29.24	103.6	26.87	29.24	103.9	26.95	29.24	103.2	NaN	29.24	NaN
14/06/2018 1:20:09 PM	3611791209	1013.00	26.90	29.24	103.6	26.89	29.24	103.7	26.95	29.24	103.2	NaN	29.24	NaN
14/06/2018 1:20:10 PM	3611791210	1013.00	26.92	29.25	103.4	26.92	29.25	103.4	26.91	29.25	103.5	NaN	29.25	NaN
14/06/2018 1:20:11 PM	3611791211	1013.00	26.91	29.25	103.5	26.91	29.25	103.5	26.95	29.25	103.1	NaN	29.25	NaN
14/06/2018 1:20:12 PM	3611791212	1013.00	26.91	29.26	103.5	26.91	29.26	103.5	26.94	29.26	103.2	NaN	29.26	NaN
14/06/2018 1:20:13 PM	3611791213	1013.00	26.90	29.25	103.6	26.89	29.25	103.7	27.01	29.25	102.6	NaN	29.25	NaN
14/06/2018 1:20:14 PM	3611791214	1013.00	26.91	29.24	103.6	26.90	29.24	103.6	26.97	29.24	103.0	NaN	29.24	NaN
14/06/2018 1:20:15 PM	3611791215	1013.00	26.94	29.25	103.2	26.89	29.25	103.7	26.95	29.25	103.1	NaN	29.25	NaN
14/06/2018 1:20:16 PM	3611791216	1013.00	26.91	29.24	103.6	26.91	29.24	103.6	26.95	29.24	103.2	NaN	29.24	NaN
14/06/2018 1:20:17 PM	3611791217	1013.00	26.93	29.23	103.4	26.88	29.23	103.9	26.95	29.23	103.2	NaN	29.23	NaN
14/06/2018 1:20:18 PM	3611791218	1013.00	26.91	29.24	103.6	26.89	29.24	103.7	26.99	29.24	102.8	NaN	29.24	NaN
14/06/2018 1:20:19 PM	3611791219	1013.00	26.94	29.24	103.3	26.90	29.24	103.6	26.97	29.24	103.0	NaN	29.24	NaN
14/06/2018 1:20:20 PM	3611791220	1013.00	26.94	29.23	103.3	26.87	29.23	104.0	26.95	29.23	103.2	NaN	29.23	NaN
14/06/2018 1:20:21 PM	3611791221	1013.00	26.92	29.24	103.5	26.86	29.24	104.0	26.99	29.24	102.8	NaN	29.24	NaN
14/06/2018 1:20:22 PM	3611791222	1013.00	26.94	29.24	103.3	26.87	29.24	103.9	26.97	29.24	103.0	NaN	29.24	NaN
14/06/2018 1:20:23 PM	3611791223	1013.00	26.93	29.24	103.4	26.86	29.24	104.0	27.01	29.24	102.6	NaN	29.24	NaN
14/06/2018 1:20:24 PM	3611791224	1013.00	26.93	29.24	103.4	26.88	29.24	103.8	26.97	29.24	103.0	NaN	29.24	NaN
14/06/2018 1:20:25 PM	3611791225	1013.00	26.96	29.24	103.1	26.91	29.24	103.6	27.00	29.24	102.7	NaN	29.24	NaN
14/06/2018 1:20:26 PM	3611791226	1013.00	26.92	29.24	103.5	26.87	29.24	103.9	26.97	29.24	103.0	NaN	29.24	NaN
14/06/2018 1:20:27 PM	3611791227	1013.00	26.94	29.24	103.3	26.91	29.24	103.6	27.00	29.24	102.7	NaN	29.24	NaN
14/06/2018 1:20:28 PM	3611791228	1013.00	26.91	29.24	103.6	26.92	29.24	103.5	26.99	29.24	102.8	NaN	29.24	NaN
14/06/2018 1:20:29 PM	3611791229	1013.00	26.95	29.25	103.1	26.90	29.25	103.6	27.01	29.25	102.6	NaN	29.25	NaN
14/06/2018 1:20:30 PM	3611791230	1013.00	26.93	29.24	103.4	26.92	29.24	103.5	26.97	29.24	103.0	NaN	29.24	NaN
14/06/2018 1:20:31 PM	3611791231	1013.00	26.93	29.24	103.4	26.93	29.24	103.4	27.02	29.24	102.5	NaN	29.24	NaN
14/06/2018 1:20:32 PM	3611791232	1013.00	26.91	29.25	103.5	26.89	29.25	103.7	27.00	29.25	102.7	NaN	29.25	NaN
14/06/2018 1:20:33 PM	3611791233	1013.00	26.96	29.24	103.1	26.90	29.24	103.6	27.00	29.24	102.7	NaN	29.24	NaN
14/06/2018 1:20:34 PM	3611791234	1013.00	26.96	29.24	103.1	26.92	29.24	103.5	27.01	29.24	102.6	NaN	29.24	NaN
14/06/2018 1:20:35 PM	3611791235	1013.00	26.95	29.24	103.2	26.95	29.24	103.2	27.00	29.24	102.7	NaN	29.24	NaN
14/06/2018 1:20:36 PM	3611791236	1013.00	26.93	29.24	103.4	26.94	29.24	103.3	27.01	29.24	102.6	NaN	29.24	NaN
14/06/2018 1:20:37 PM	3611791237	1013.00	26.95	29.25	103.1	26.91	29.25	103.5	26.97	29.25	102.9	NaN	29.25	NaN
14/06/2018 1:20:38 PM	3611791238	1013.00	26.94	29.25	103.2	26.93	29.25	103.3	27.01	29.25	102.6	NaN	29.25	NaN
14/06/2018 1:20:39 PM	3611791239	1013.00	26.95	29.25	103.1	26.93	29.25	103.3	27.01	29.25	102.6	NaN	29.25	NaN
14/06/2018 1:20:40 PM	3611791240	1013.00	26.94	29.25	103.2	26.92	29.25	103.4	26.99	29.25	102.7	NaN	29.25	NaN
14/06/2018 1:20:41 PM	3611791241	1013.00	26.96	29.25	103.0	26.93	29.25	103.3	27.01	29.25	102.6	NaN	29.25	NaN
14/06/2018 1:20:42 PM	3611791242	1013.00	26.97	29.24	103.0	26.90	29.24	103.6	27.04	29.24	102.3	NaN	29.24	NaN
14/06/2018 1:20:43 PM	3611791243	1013.00	26.95	29.24	103.2	26.91	29.24	103.6	27.03	29.24	102.4	NaN	29.24	NaN
14/06/2018 1:20:44 PM	3611791244	1013.00	26.94	29.24	103.3	26.90	29.24	103.6	27.03	29.24	102.4	NaN	29.24	NaN
14/06/2018 1:20:45 PM	3611791245	1013.00	26.96	29.24	103.1	26.93	29.24	103.4	27.01	29.24	102.6	NaN	29.24	NaN
14/06/2018 1:20:46 PM	3611791246	1013.00	26.98	29.25	102.8	26.90	29.25	103.6	27.01	29.25	102.6	NaN	29.25	NaN
14/06/2018 1:20:47 PM	3611791247	1013.00	26.97	29.24	103.0	26.95	29.24	103.2	27.02	29.24	102.5	NaN	29.24	NaN
14/06/2018 1:20:48 PM	3611791248	1013.00	26.96	29.25	103.0	26.95	29.25	103.1	27.03	29.25	102.4	NaN	29.25	NaN
14/06/2018 1:20:49 PM	3611791249	1013.00	26.97	29.24	103.0	26.91	29.24	103.6	27.00	29.24	102.7	NaN	29.24	NaN
14/06/2018 1:20:50 PM	3611791250	1013.00	26.97	29.23	103.0	26.95	29.23	103.2	27.07	29.23	102.0	NaN	29.23	NaN
14/06/2018 1:20:51 PM	3611791251	1013.00	26.95	29.24	103.2	26.94	29.24	103.3	27.01	29.24	102.6	NaN	29.24	NaN
14/06/2018 1:20:52 PM	3611791252	1013.00	26.97	29.24	103.0	26.92	29.24	103.5	27.08	29.24	101.9	NaN	29.24	NaN
14/06/2018 1:20:53 PM	3611791253	1013.00	26.96	29.25	103.0	26.94	29.25	103.2	27.07	29.25	102.0	NaN	29.25	NaN
14/06/2018 1:20:54 PM	3611791254	1013.00	26.94	29.25	103.2	26.92	29.25	103.4	27.05	29.25	102.2	NaN	29.25	NaN
14/06/2018 1:20:55 PM	3611791255	1013.00	27.00	29.25	102.7	26.90	29.25	103.6	27.04	29.25	102.3	NaN	29.25	NaN
14/06/2018 1:20:56 PM	3611791256	1013.00	26.99	29.24	102.8	26.97	29.24	103.0	27.05	29.24	102.2	NaN	29.24	NaN
14/06/2018 1:20:57 PM	3611791257	1013.00	26.98	29.24	102.9	26.94	29.24	103.3	27.08	29.24	101.9	NaN	29.24	NaN
14/06/2018 1:20:58 PM	3611791258	1013.00	26.97	29.24	103.0	26.93	29.24	103.4	27.07	29.24	102.0	NaN	29.24	NaN
14/06/2018 1:20:59 PM	3611791259	1013.00	27.01	29.25	102.6	26.93	29.25	103.3	27.07	29.25	102.0	NaN	29.25	NaN
14/06/2018 1:21:00 PM	3611791260	1013.00	26.97	29.25	102.9	26.94	29.25	103.2	27.03	29.25	102.4	NaN	29.25	NaN
14/06/2018 1:21:01 PM	3611791261	1013.00	26.98	29.25	102.8	26.93	29.25	103.3	27.06	29.25	102.1	NaN	29.25	NaN
14/06/2018 1:21:02 PM	3611791262	1013.00	26.96	29.25	103.0	26.95	29.25	103.1	27.08	29.25	101.9	NaN	29.25	NaN
14/06/2018 1:21:03 PM	3611791263	1013.00	26.97	29.24	103.0	26.93	29.24	103.4	27.08	29.24	101.9	NaN	29.24	NaN
14/06/2018 1:21:04 PM	3611791264	1013.00	26.98	29.24	102.9	26.91	29.24	103.6	27.08	29.24	101.9	NaN	29.24	NaN
14/06/2018 1:21:05 PM	3611791265	1013.00	26.96	29.24	103.1	26.96	29.24	103.1	27.11	29.24	101.6	NaN	29.24	NaN
14/06/2018 1:21:06 PM	3611791266	1013.00	26.99	29.24	102.8	26.94	29.24	103.3	27.08	29.24	101.9	NaN	29.24	NaN
14/06/2018 1:21:07 PM	3611791267	1013.00	26.99	29.23	102.8	26.96	29.23	103.1	27.09	29.23	101.8	NaN	29.23	NaN
14/06/2018 1:21:08 PM	3611791268	1013.00	27.00	29.24	102.7	26.94	29.24	103.3	27.08	29.24	101.9	NaN	29.24	NaN
14/06/2018 1:21:09 PM	3611791269	1013.00	26.99	29.24	102.8	26.93	29.24	103.4	27.09	29.24	101.8	NaN	29.24	NaN
14/06/2018 1:21:10 PM	3611791270	1013.00	26.99	29.24	102.8	26.96	29.24	103.1	27.10	29.24	101.7	NaN	29.24	NaN
14/06/2018 1:21:11 PM	3611791271	1013.00	26.99	29.23	102.8	26.95	29.23	103.2	27.11	29.23	101.6	NaN	29.23	NaN
14/06/2018 1:21:12 PM	3611791272	1013.00	26.98	29.23	102.9	26.96	29.23	103.1	27.11	29.23	101.6	NaN	29.23	NaN
14/06/2018 1:21:13 PM	3611791273	1013.00	27.00	29.24	102.7	26.95	29.24	103.2	27.10	29.24	101.7	NaN	29.24	NaN
14/06/2018 1:21:14 PM	3611791274	1013.00	26.96	29.23	103.1	26.95	29.23	103.2	27.13	29.23	101.4	NaN	29.23	NaN
14/06/2018 1:21:15 PM	3611791275	1013.00	26.99	29.23	102.8	26.95	29.23	103.2	27.13	29.23	101.4	NaN	29.23	NaN
14/06/2018 1:21:16 PM	3611791276	1013.00	26.99	29.23	102.8	26.93	29.23	103.4	27.10	29.23	101.7	NaN	29.23	NaN
14/06/2018 1:21:17 PM	3611791277	1013.00	26.99	29.23	102.8	26.97	29.23	103.0	27.13	29.23	101.4	NaN	29.23	NaN
14/06/2018 1:21:18 PM	3611791278	1013.00	27.02	29.23	102.5	26.95	29.23	103.2	27.14	29.23	101.3	NaN	29.23	NaN
14/06/2018 1:21:19 PM	3611791279	1013.00	27.00	29.23	102.7	26.94	29.23	103.3	27.10	29.23	101.7	NaN	29.23	NaN
14/06/2018 1:21:20 PM	3611791280	1013.00	27.00	29.23	102.7	26.99	29.23	102.8	27.11	29.23	101.6	NaN	29.23	NaN
14/06/2018 1:21:21 PM	3611791281	1013.00	26.99	29.24	102.8	26.96	29.24	103.1	27.12	29.24	101.5	NaN	29.24	NaN
14/06/2018 1:21:22 PM	3611791282	1013.00	27.01	29.24	102.6	26.98	29.24	102.9	27.15	29.24	101.2	NaN	29.24	NaN
14/06/2018 1:21:23 PM	3611791283	1013.00	27.01	29.24	102.6	26.94	29.24	103.3	27.13	29.24	101.4	NaN	29.24	NaN
14/06/2018 1:21:24 PM	3611791284	1013.00	27.00	29.24	102.7	26.92	29.24	103.5	27.10	29.24	101.7	NaN	29.24	NaN
14/06/2018 1:21:25 PM	3611791285	1013.00	27.01	29.24	102.6	26.93	29.24	103.4	27.08	29.24	101.9	NaN	29.24	NaN
14/06/2018 1:21:26 PM	3611791286	1013.00	27.01	29.24	102.6	26.97	29.24	103.0	27.12	29.24	101.5	NaN	29.24	NaN
14/06/2018 1:21:27 PM	3611791287	1013.00	27.00	29.24	102.7	26.95	29.24	103.2	27.12	29.24	101.5	NaN	29.24	NaN
14/06/2018 1:21:28 PM	3611791288	1013.00	27.01	29.24	102.6	26.97	29.24	103.0	27.09	29.24	101.8	NaN	29.24	NaN
14/06/2018 1:21:29 PM	3611791289	1013.00	27.00	29.23	102.7	26.96	29.23	103.1	27.14	29.23	101.3	NaN	29.23	NaN
14/06/2018 1:21:30 PM	3611791290	1013.00	27.01	29.24	102.6	26.94	29.24	103.3	27.13	29.24	101.4	NaN	29.24	NaN
14/06/2018 1:21:31 PM	3611791291	1013.00	26.99	29.24	102.8	27.00	29.24	102.7	27.11	29.24	101.6	NaN	29.24	NaN
14/06/2018 1:21:32 PM	3611791292	1013.00	27.05	29.24	102.2	26.99	29.24	102.8	27.11	29.24	101.6	NaN	29.24	NaN
14/06/2018 1:21:33 PM	3611791293	1013.00	27.03	29.24	102.4	26.95	29.24	103.2	27.15	29.24	101.2	NaN	29.24	NaN
14/06/2018 1:21:34 PM	3611791294	1013.00	27.00	29.24	102.7	26.96	29.24	103.1	27.14	29.24	101.3	NaN	29.24	NaN
14/06/2018 1:21:35 PM	3611791295	1013.00	27.03	29.24	102.4	26.96	29.24	103.1	27.09	29.24	101.8	NaN	29.24	NaN
14/06/2018 1:21:36 PM	3611791296	1013.00	27.02	29.25	102.5	26.98	29.25	102.8	27.12	29.25	101.5	NaN	29.25	NaN
14/06/2018 1:21:37 PM	3611791297	1013.00	27.00	29.25	102.7	26.98	29.25	102.8	27.13	29.25	101.4	NaN	29.25	NaN
14/06/2018 1:21:38 PM	3611791298	1013.00	27.04	29.25	102.3	26.95	29.25	103.1	27.17	29.25	101.0	NaN	29.25	NaN
14/06/2018 1:21:39 PM	3611791299	1013.00	27.03	29.25	102.4	26.99	29.25	102.7	27.12	29.25	101.5	NaN	29.25	NaN
14/06/2018 1:21:40 PM	3611791300	1013.00	27.03	29.25	102.4	26.98	29.25	102.8	27.21	29.25	100.6	NaN	29.25	NaN
14/06/2018 1:21:41 PM	3611791301	1013.00	27.02	29.24	102.5	26.97	29.24	103.0	27.16	29.24	101.1	NaN	29.24	NaN
14/06/2018 1:21:42 PM	3611791302	1013.00	27.02	29.24	102.5	27.02	29.24	102.5	27.14	29.24	101.3	NaN	29.24	NaN
14/06/2018 1:21:43 PM	3611791303	1013.00	27.02	29.24	102.5	26.97	29.24	103.0	27.17	29.24	101.0	NaN	29.24	NaN
14/06/2018 1:21:44 PM	3611791304	1013.00	27.02	29.23	102.5	26.99	29.23	102.8	27.14	29.23	101.3	NaN	29.23	NaN
14/06/2018 1:21:45 PM	3611791305	1013.00	27.06	29.23	102.1	26.96	29.23	103.1	27.11	29.23	101.6	NaN	29.23	NaN
14/06/2018 1:21:46 PM	3611791306	1013.00	27.04	29.24	102.3	26.96	29.24	103.1	27.19	29.24	100.8	NaN	29.24	NaN
14/06/2018 1:21:47 PM	3611791307	1013.00	27.03	29.23	102.4	26.95	29.23	103.2	27.12	29.23	101.5	NaN	29.23	NaN
14/06/2018 1:21:48 PM	3611791308	1013.00	27.04	29.23	102.3	26.98	29.23	102.9	27.16	29.23	101.1	NaN	29.23	NaN
14/06/2018 1:21:49 PM	3611791309	1013.00	27.05	29.24	102.2	26.98	29.24	102.9	27.19	29.24	100.8	NaN	29.24	NaN
14/06/2018 1:21:50 PM	3611791310	1013.00	27.02	29.23	102.5	26.97	29.23	103.0	27.18	29.23	100.9	NaN	29.23	NaN
14/06/2018 1:21:51 PM	3611791311	1013.00	27.03	29.24	102.4	26.98	29.24	102.9	27.17	29.24	101.0	NaN	29.24	NaN
14/06/2018 1:21:52 PM	3611791312	1013.00	27.04	29.24	102.3	26.93	29.24	103.4	27.21	29.24	100.6	NaN	29.24	NaN
14/06/2018 1:21:53 PM	3611791313	1013.00	27.02	29.24	102.5	26.98	29.24	102.9	27.19	29.24	100.8	NaN	29.24	NaN
14/06/2018 1:21:54 PM	3611791314	1013.00	27.04	29.23	102.3	27.03	29.23	102.4	27.19	29.23	100.9	NaN	29.23	NaN
14/06/2018 1:21:55 PM	3611791315	1013.00	27.03	29.24	102.4	26.97	29.24	103.0	27.16	29.24	101.1	NaN	29.24	NaN
14/06/2018 1:21:56 PM	3611791316	1013.00	27.03	29.24	102.4	26.98	29.24	102.9	27.19	29.24	100.8	NaN	29.24	NaN
14/06/2018 1:21:57 PM	3611791317	1013.00	27.02	29.24	102.5	26.98	29.24	102.9	27.24	29.24	100.4	NaN	29.24	NaN
14/06/2018 1:21:58 PM	3611791318	1013.00	27.04	29.24	102.3	27.02	29.24	102.5	27.20	29.24	100.7	NaN	29.24	NaN
14/06/2018 1:21:59 PM	3611791319	1013.00	27.06	29.25	102.1	27.04	29.25	102.3	27.20	29.25	100.7	NaN	29.25	NaN
14/06/2018 1:22:00 PM	3611791320	1013.00	27.06	29.24	102.1	26.98	29.24	102.9	27.18	29.24	100.9	NaN	29.24	NaN
14/06/2018 1:22:01 PM	3611791321	1013.00	27.06	29.24	102.1	26.96	29.24	103.1	27.22	29.24	100.6	NaN	29.24	NaN
14/06/2018 1:22:02 PM	3611791322	1013.00	27.05	29.24	102.2	27.01	29.24	102.6	27.20	29.24	100.7	NaN	29.24	NaN
14/06/2018 1:22:03 PM	3611791323	1013.00	27.04	29.24	102.3	27.00	29.24	102.7	27.22	29.24	100.6	NaN	29.24	NaN
14/06/2018 1:22:04 PM	3611791324	1013.00	27.06	29.24	102.1	27.03	29.24	102.4	27.21	29.24	100.6	NaN	29.24	NaN
14/06/2018 1:22:05 PM	3611791325	1013.00	27.05	29.24	102.2	27.04	29.24	102.3	27.18	29.24	100.9	NaN	29.24	NaN
14/06/2018 1:22:06 PM	3611791326	1013.00	27.06	29.24	102.1	26.97	29.24	103.0	27.25	29.24	100.3	NaN	29.24	NaN
14/06/2018 1:22:07 PM	3611791327	1013.00	27.06	29.24	102.1	27.03	29.24	102.4	27.24	29.24	100.4	NaN	29.24	NaN
14/06/2018 1:22:08 PM	3611791328	1013.00	27.05	29.24	102.2	27.00	29.24	102.7	27.27	29.24	100.1	NaN	29.24	NaN
14/06/2018 1:22:09 PM	3611791329	1013.00	27.06	29.23	102.1	27.01	29.23	102.6	27.24	29.23	100.4	NaN	29.23	NaN
14/06/2018 1:22:10 PM	3611791330	1013.00	27.07	29.23	102.0	26.99	29.23	102.8	27.26	29.23	100.2	NaN	29.23	NaN
14/06/2018 1:22:11 PM	3611791331	1013.00	27.04	29.23	102.3	26.99	29.23	102.8	27.27	29.23	100.1	NaN	29.23	NaN
14/06/2018 1:22:12 PM	3611791332	1013.00	27.08	29.23	101.9	27.01	29.23	102.6	27.27	29.23	100.1	NaN	29.23	NaN
14/06/2018 1:22:13 PM	3611791333	1013.00	27.06	29.24	102.1	27.01	29.24	102.6	27.23	29.24	100.5	NaN	29.24	NaN
14/06/2018 1:22:14 PM	3611791334	1013.00	27.06	29.24	102.1	27.03	29.24	102.4	27.28	29.24	100.0	NaN	29.24	NaN
14/06/2018 1:22:15 PM	3611791335	1013.00	27.05	29.24	102.2	27.00	29.24	102.7	27.27	29.24	100.1	NaN	29.24	NaN
14/06/2018 1:22:16 PM	3611791336	1013.00	27.05	29.24	102.2	27.01	29.24	102.6	27.22	29.24	100.6	NaN	29.24	NaN
14/06/2018 1:22:17 PM	3611791337	1013.00	27.05	29.24	102.2	27.00	29.24	102.7	27.26	29.24	100.2	NaN	29.24	NaN
14/06/2018 1:22:18 PM	3611791338	1013.00	27.07	29.24	102.0	27.00	29.24	102.7	27.31	29.24	99.7	NaN	29.24	NaN
14/06/2018 1:22:19 PM	3611791339	1013.00	27.05	29.24	102.2	27.05	29.24	102.2	27.29	29.24	99.9	NaN	29.24	NaN
14/06/2018 1:22:20 PM	3611791340	1013.00	27.06	29.24	102.1	27.05	29.24	102.2	27.30	29.24	99.8	NaN	29.24	NaN
14/06/2018 1:22:21 PM	3611791341	1013.00	27.09	29.24	101.8	27.04	29.24	102.3	27.30	29.24	99.8	NaN	29.24	NaN
14/06/2018 1:22:22 PM	3611791342	1013.00	27.06	29.24	102.1	27.04	29.24	102.3	27.25	29.24	100.3	NaN	29.24	NaN
14/06/2018 1:22:23 PM	3611791343	1013.00	27.08	29.24	101.9	27.01	29.24	102.6	27.29	29.24	99.9	NaN	29.24	NaN
14/06/2018 1:22:24 PM	3611791344	1013.00	27.07	29.23	102.0	27.00	29.23	102.7	27.31	29.23	99.7	NaN	29.23	NaN
14/06/2018 1:22:25 PM	3611791345	1013.00	27.08	29.24	101.9	27.00	29.24	102.7	27.32	29.24	99.6	NaN	29.24	NaN
14/06/2018 1:22:26 PM	3611791346	1013.00	27.06	29.24	102.1	27.05	29.24	102.2	27.30	29.24	99.8	NaN	29.24	NaN
14/06/2018 1:22:27 PM	3611791347	1013.00	27.07	29.24	102.0	27.06	29.24	102.1	27.28	29.24	100.0	NaN	29.24	NaN
14/06/2018 1:22:28 PM	3611791348	1013.00	27.08	29.24	101.9	27.04	29.24	102.3	27.31	29.24	99.7	NaN	29.24	NaN
14/06/2018 1:22:29 PM	3611791349	1013.00	27.06	29.25	102.1	27.05	29.25	102.2	27.33	29.25	99.5	NaN	29.25	NaN
14/06/2018 1:22:30 PM	3611791350	1013.00	27.08	29.25	101.9	27.06	29.25	102.1	27.30	29.25	99.8	NaN	29.25	NaN
14/06/2018 1:22:31 PM	3611791351	1013.00	27.09	29.24	101.8	27.04	29.24	102.3	27.32	29.24	99.6	NaN	29.24	NaN
14/06/2018 1:22:32 PM	3611791352	1013.00	27.04	29.24	102.3	27.05	29.24	102.2	27.31	29.24	99.7	NaN	29.24	NaN
14/06/2018 1:22:33 PM	3611791353	1013.00	27.09	29.24	101.8	27.04	29.24	102.3	27.35	29.24	99.3	NaN	29.24	NaN
14/06/2018 1:22:34 PM	3611791354	1013.00	27.08	29.24	101.9	27.04	29.24	102.3	27.34	29.24	99.4	NaN	29.24	NaN
14/06/2018 1:22:35 PM	3611791355	1013.00	27.10	29.24	101.7	27.08	29.24	101.9	27.34	29.24	99.4	NaN	29.24	NaN
14/06/2018 1:22:36 PM	3611791356	1013.00	27.06	29.25	102.1	27.02	29.25	102.5	27.33	29.25	99.5	NaN	29.25	NaN
14/06/2018 1:22:37 PM	3611791357	1013.00	27.07	29.24	102.0	27.02	29.24	102.5	27.32	29.24	99.6	NaN	29.24	NaN
14/06/2018 1:22:38 PM	3611791358	1013.00	27.08	29.24	101.9	27.01	29.24	102.6	27.33	29.24	99.5	NaN	29.24	NaN
14/06/2018 1:22:39 PM	3611791359	1013.00	27.06	29.25	102.1	27.04	29.25	102.3	27.32	29.25	99.6	NaN	29.25	NaN
14/06/2018 1:22:40 PM	3611791360	1013.00	27.08	29.24	101.9	27.11	29.24	101.6	27.33	29.24	99.5	NaN	29.24	NaN
14/06/2018 1:22:41 PM	3611791361	1013.00	27.09	29.24	101.8	27.04	29.24	102.3	27.35	29.24	99.3	NaN	29.24	NaN
14/06/2018 1:22:42 PM	3611791362	1013.00	27.08	29.24	101.9	27.06	29.24	102.1	27.35	29.24	99.3	NaN	29.24	NaN
14/06/2018 1:22:43 PM	3611791363	1013.00	27.11	29.24	101.6	27.10	29.24	101.7	27.34	29.24	99.4	NaN	29.24	NaN
14/06/2018 1:22:44 PM	3611791364	1013.00	27.07	29.24	102.0	27.07	29.24	102.0	27.36	29.24	99.2	NaN	29.24	NaN
14/06/2018 1:22:45 PM	3611791365	1013.00	27.07	29.24	102.0	27.06	29.24	102.1	27.37	29.24	99.1	NaN	29.24	NaN
14/06/2018 1:22:46 PM	3611791366	1013.00	27.08	29.23	101.9	27.06	29.23	102.1	27.37	29.23	99.2	NaN	29.23	NaN
14/06/2018 1:22:47 PM	3611791367	1013.00	27.08	29.24	101.9	27.07	29.24	102.0	27.32	29.24	99.6	NaN	29.24	NaN
14/06/2018 1:22:48 PM	3611791368	1013.00	27.05	29.24	102.2	27.11	29.24	101.6	27.38	29.24	99.0	NaN	29.24	NaN
14/06/2018 1:22:49 PM	3611791369	1013.00	27.10	29.24	101.7	27.07	29.24	102.0	27.38	29.24	99.0	NaN	29.24	NaN
14/06/2018 1:22:50 PM	3611791370	1013.00	27.11	29.23	101.6	27.08	29.23	101.9	27.39	29.23	99.0	NaN	29.23	NaN
14/06/2018 1:22:51 PM	3611791371	1013.00	27.10	29.23	101.7	27.04	29.23	102.3	27.36	29.23	99.2	NaN	29.23	NaN
14/06/2018 1:22:52 PM	3611791372	1013.00	27.09	29.23	101.8	27.07	29.23	102.0	27.37	29.23	99.2	NaN	29.23	NaN
14/06/2018 1:22:53 PM	3611791373	1013.00	27.07	29.23	102.0	27.05	29.23	102.2	27.41	29.23	98.8	NaN	29.23	NaN
14/06/2018 1:22:54 PM	3611791374	1013.00	27.08	29.24	101.9	27.09	29.24	101.8	27.39	29.24	99.0	NaN	29.24	NaN
14/06/2018 1:22:55 PM	3611791375	1013.00	27.11	29.24	101.6	27.07	29.24	102.0	27.37	29.24	99.1	NaN	29.24	NaN
14/06/2018 1:22:56 PM	3611791376	1013.00	27.06	29.25	102.1	27.08	29.25	101.9	27.39	29.25	98.9	NaN	29.25	NaN
14/06/2018 1:22:57 PM	3611791377	1013.00	27.07	29.24	102.0	27.11	29.24	101.6	27.41	29.24	98.8	NaN	29.24	NaN
14/06/2018 1:22:58 PM	3611791378	1013.00	27.08	29.25	101.9	27.06	29.25	102.1	27.40	29.25	98.8	NaN	29.25	NaN
14/06/2018 1:22:59 PM	3611791379	1013.00	27.10	29.25	101.7	27.08	29.25	101.9	27.40	29.25	98.8	NaN	29.25	NaN
14/06/2018 1:23:00 PM	3611791380	1013.00	27.10	29.25	101.7	27.05	29.25	102.2	27.42	29.25	98.7	NaN	29.25	NaN
14/06/2018 1:23:01 PM	3611791381	1013.00	27.12	29.25	101.5	27.07	29.25	102.0	27.42	29.25	98.7	NaN	29.25	NaN
14/06/2018 1:23:02 PM	3611791382	1013.00	27.10	29.24	101.7	27.13	29.24	101.4	27.41	29.24	98.8	NaN	29.24	NaN
14/06/2018 1:23:03 PM	3611791383	1013.00	27.09	29.24	101.8	27.09	29.24	101.8	27.42	29.24	98.7	NaN	29.24	NaN
14/06/2018 1:23:04 PM	3611791384	1013.00	27.11	29.23	101.6	27.11	29.23	101.6	27.40	29.23	98.9	NaN	29.23	NaN
14/06/2018 1:23:05 PM	3611791385	1013.00	27.10	29.24	101.7	27.09	29.24	101.8	27.40	29.24	98.9	NaN	29.24	NaN
14/06/2018 1:23:06 PM	3611791386	1013.00	27.09	29.24	101.8	27.11	29.24	101.6	27.39	29.24	99.0	NaN	29.24	NaN
14/06/2018 1:23:07 PM	3611791387	1013.00	27.11	29.25	101.6	27.09	29.25	101.8	27.42	29.25	98.7	NaN	29.25	NaN
14/06/2018 1:23:08 PM	3611791388	1013.00	27.11	29.25	101.6	27.09	29.25	101.8	27.41	29.25	98.7	NaN	29.25	NaN
14/06/2018 1:23:09 PM	3611791389	1013.00	27.12	29.25	101.5	27.14	29.25	101.3	27.45	29.25	98.4	NaN	29.25	NaN
14/06/2018 1:23:10 PM	3611791390	1013.00	27.11	29.25	101.6	27.14	29.25	101.3	27.44	29.25	98.5	NaN	29.25	NaN
14/06/2018 1:23:11 PM	3611791391	1013.00	27.13	29.24	101.4	27.13	29.24	101.4	27.42	29.24	98.7	NaN	29.24	NaN
14/06/2018 1:23:12 PM	3611791392	1013.00	27.13	29.24	101.4	27.13	29.24	101.4	27.43	29.24	98.6	NaN	29.24	NaN
14/06/2018 1:23:13 PM	3611791393	1013.00	27.11	29.24	101.6	27.08	29.24	101.9	27.44	29.24	98.5	NaN	29.24	NaN
14/06/2018 1:23:14 PM	3611791394	1013.00	27.13	29.24	101.4	27.11	29.24	101.6	27.45	29.24	98.4	NaN	29.24	NaN
14/06/2018 1:23:15 PM	3611791395	1013.00	27.12	29.24	101.5	27.12	29.24	101.5	27.47	29.24	98.2	NaN	29.24	NaN
14/06/2018 1:23:16 PM	3611791396	1013.00	27.09	29.25	101.8	27.16	29.25	101.1	27.47	29.25	98.2	NaN	29.25	NaN
14/06/2018 1:23:17 PM	3611791397	1013.00	27.11	29.26	101.6	27.11	29.26	101.6	27.46	29.26	98.3	NaN	29.26	NaN
14/06/2018 1:23:18 PM	3611791398	1013.00	27.13	29.25	101.4	27.14	29.25	101.3	27.42	29.25	98.7	NaN	29.25	NaN
14/06/2018 1:23:19 PM	3611791399	1013.00	27.10	29.26	101.7	27.13	29.26	101.4	27.49	29.26	98.0	NaN	29.26	NaN
14/06/2018 1:23:20 PM	3611791400	1013.00	27.13	29.26	101.4	27.15	29.26	101.2	27.47	29.26	98.2	NaN	29.26	NaN
14/06/2018 1:23:21 PM	3611791401	1013.00	27.11	29.25	101.6	27.14	29.25	101.3	27.40	29.25	98.8	NaN	29.25	NaN
14/06/2018 1:23:22 PM	3611791402	1013.00	27.11	29.24	101.6	27.11	29.24	101.6	27.46	29.24	98.3	NaN	29.24	NaN
14/06/2018 1:23:23 PM	3611791403	1013.00	27.12	29.25	101.5	27.12	29.25	101.5	27.47	29.25	98.2	NaN	29.25	NaN
14/06/2018 1:23:24 PM	3611791404	1013.00	27.12	29.25	101.5	27.10	29.25	101.7	27.46	29.25	98.3	NaN	29.25	NaN
14/06/2018 1:23:25 PM	3611791405	1013.00	27.13	29.25	101.4	27.15	29.25	101.2	27.44	29.25	98.5	NaN	29.25	NaN
14/06/2018 1:23:26 PM	3611791406	1013.00	27.11	29.25	101.6	27.14	29.25	101.3	27.46	29.25	98.3	NaN	29.25	NaN
14/06/2018 1:23:27 PM	3611791407	1013.00	27.14	29.26	101.3	27.14	29.26	101.3	27.49	29.26	98.0	NaN	29.26	NaN
14/06/2018 1:23:28 PM	3611791408	1013.00	27.11	29.26	101.6	27.13	29.26	101.4	27.48	29.26	98.1	NaN	29.26	NaN
14/06/2018 1:23:29 PM	3611791409	1013.00	27.14	29.25	101.3	27.15	29.25	101.2	27.51	29.25	97.8	NaN	29.25	NaN
14/06/2018 1:23:30 PM	3611791410	1013.00	27.13	29.25	101.4	27.10	29.25	101.7	27.49	29.25	98.0	NaN	29.25	NaN
14/06/2018 1:23:31 PM	3611791411	1013.00	27.15	29.25	101.2	27.16	29.25	101.1	27.52	29.25	97.7	NaN	29.25	NaN
14/06/2018 1:23:32 PM	3611791412	1013.00	27.15	29.24	101.2	27.15	29.24	101.2	27.50	29.24	97.9	NaN	29.24	NaN
14/06/2018 1:23:33 PM	3611791413	1013.00	27.14	29.24	101.3	27.15	29.24	101.2	27.52	29.24	97.7	NaN	29.24	NaN
14/06/2018 1:23:34 PM	3611791414	1013.00	27.14	29.25	101.3	27.15	29.25	101.2	27.49	29.25	98.0	NaN	29.25	NaN
14/06/2018 1:23:35 PM	3611791415	1013.00	27.16	29.25	101.1	27.12	29.25	101.5	27.55	29.25	97.5	NaN	29.25	NaN
14/06/2018 1:23:36 PM	3611791416	1013.00	27.14	29.25	101.3	27.19	29.25	100.8	27.56	29.25	97.4	NaN	29.25	NaN
14/06/2018 1:23:37 PM	3611791417	1013.00	27.13	29.24	101.4	27.13	29.24	101.4	27.48	29.24	98.1	NaN	29.24	NaN
14/06/2018 1:23:38 PM	3611791418	1013.00	27.14	29.24	101.3	27.17	29.24	101.0	27.52	29.24	97.7	NaN	29.24	NaN
14/06/2018 1:23:39 PM	3611791419	1013.00	27.17	29.24	101.0	27.17	29.24	101.0	27.54	29.24	97.6	NaN	29.24	NaN
14/06/2018 1:23:40 PM	3611791420	1013.00	27.17	29.24	101.0	27.17	29.24	101.0	27.52	29.24	97.7	NaN	29.24	NaN
14/06/2018 1:23:41 PM	3611791421	1013.00	27.17	29.23	101.0	27.18	29.23	100.9	27.52	29.23	97.8	NaN	29.23	NaN
14/06/2018 1:23:42 PM	3611791422	1013.00	27.16	29.25	101.1	27.15	29.25	101.2	27.53	29.25	97.6	NaN	29.25	NaN
14/06/2018 1:23:43 PM	3611791423	1013.00	27.16	29.25	101.1	27.18	29.25	100.9	27.53	29.25	97.6	NaN	29.25	NaN
14/06/2018 1:23:44 PM	3611791424	1013.00	27.14	29.25	101.3	27.17	29.25	101.0	27.56	29.25	97.4	NaN	29.25	NaN
14/06/2018 1:23:45 PM	3611791425	1013.00	27.15	29.25	101.2	27.15	29.25	101.2	27.58	29.25	97.2	NaN	29.25	NaN
14/06/2018 1:23:46 PM	3611791426	1013.00	27.17	29.26	101.0	27.19	29.26	100.8	27.58	29.26	97.2	NaN	29.26	NaN
14/06/2018 1:23:47 PM	3611791427	1013.00	27.17	29.25	101.0	27.13	29.25	101.4	27.56	29.25	97.4	NaN	29.25	NaN
14/06/2018 1:23:48 PM	3611791428	1013.00	27.16	29.25	101.1	27.17	29.25	101.0	27.54	29.25	97.5	NaN	29.25	NaN
14/06/2018 1:23:49 PM	3611791429	1013.00	27.19	29.25	100.8	27.18	29.25	100.9	27.55	29.25	97.5	NaN	29.25	NaN
14/06/2018 1:23:50 PM	3611791430	1013.00	27.17	29.25	101.0	27.19	29.25	100.8	27.59	29.25	97.1	NaN	29.25	NaN
14/06/2018 1:23:51 PM	3611791431	1013.00	27.18	29.25	100.9	27.17	29.25	101.0	27.55	29.25	97.5	NaN	29.25	NaN
14/06/2018 1:23:52 PM	3611791432	1013.00	27.17	29.26	101.0	27.18	29.26	100.9	27.59	29.26	97.1	NaN	29.26	NaN
14/06/2018 1:23:53 PM	3611791433	1013.00	27.16	29.25	101.1	27.17	29.25	101.0	27.57	29.25	97.3	NaN	29.25	NaN
14/06/2018 1:23:54 PM	3611791434	1013.00	27.18	29.26	100.9	27.17	29.26	101.0	27.59	29.26	97.1	NaN	29.26	NaN
14/06/2018 1:23:55 PM	3611791435	1013.00	27.19	29.26	100.8	27.18	29.26	100.9	27.57	29.26	97.3	NaN	29.26	NaN
14/06/2018 1:23:56 PM	3611791436	1013.00	27.20	29.26	100.7	27.18	29.26	100.9	27.64	29.26	96.6	NaN	29.26	NaN
14/06/2018 1:23:57 PM	3611791437	1013.00	27.17	29.25	101.0	27.16	29.25	101.1	27.64	29.25	96.6	NaN	29.25	NaN
14/06/2018 1:23:58 PM	3611791438	1013.00	27.19	29.25	100.8	27.19	29.25	100.8	27.60	29.25	97.0	NaN	29.25	NaN
14/06/2018 1:23:59 PM	3611791439	1013.00	27.20	29.24	100.7	27.21	29.24	100.6	27.64	29.24	96.7	NaN	29.24	NaN
14/06/2018 1:24:00 PM	3611791440	1013.00	27.16	29.24	101.1	27.15	29.24	101.2	27.65	29.24	96.6	NaN	29.24	NaN
14/06/2018 1:24:01 PM	3611791441	1013.00	27.19	29.24	100.8	27.20	29.24	100.7	27.61	29.24	96.9	NaN	29.24	NaN
14/06/2018 1:24:02 PM	3611791442	1013.00	27.20	29.24	100.7	27.19	29.24	100.8	27.61	29.24	96.9	NaN	29.24	NaN
14/06/2018 1:24:03 PM	3611791443	1013.00	27.18	29.25	100.9	27.20	29.25	100.7	27.66	29.25	96.5	NaN	29.25	NaN
14/06/2018 1:24:04 PM	3611791444	1013.00	27.20	29.25	100.7	27.23	29.25	100.4	27.57	29.25	97.3	NaN	29.25	NaN
14/06/2018 1:24:05 PM	3611791445	1013.00	27.19	29.25	100.8	27.16	29.25	101.1	27.67	29.25	96.4	NaN	29.25	NaN
14/06/2018 1:24:06 PM	3611791446	1013.00	27.20	29.25	100.7	27.17	29.25	101.0	27.66	29.25	96.5	NaN	29.25	NaN
14/06/2018 1:24:07 PM	3611791447	1013.00	27.21	29.25	100.6	27.22	29.25	100.5	27.67	29.25	96.4	NaN	29.25	NaN
14/06/2018 1:24:08 PM	3611791448	1013.00	27.21	29.24	100.6	27.21	29.24	100.6	27.69	29.24	96.2	NaN	29.24	NaN
14/06/2018 1:24:09 PM	3611791449	1013.00	27.22	29.24	100.6	27.19	29.24	100.8	27.62	29.24	96.8	NaN	29.24	NaN
14/06/2018 1:24:10 PM	3611791450	1013.00	27.22	29.25	100.5	27.19	29.25	100.8	27.69	29.25	96.2	NaN	29.25	NaN
14/06/2018 1:24:11 PM	3611791451	1013.00	27.20	29.24	100.7	27.22	29.24	100.6	27.68	29.24	96.3	NaN	29.24	NaN
14/06/2018 1:24:12 PM	3611791452	1013.00	27.24	29.24	100.4	27.20	29.24	100.7	27.67	29.24	96.4	NaN	29.24	NaN
14/06/2018 1:24:13 PM	3611791453	1013.00	27.21	29.24	100.6	27.24	29.24	100.4	27.66	29.24	96.5	NaN	29.24	NaN
14/06/2018 1:24:14 PM	3611791454	1013.00	27.23	29.25	100.4	27.23	29.25	100.4	27.65	29.25	96.5	NaN	29.25	NaN
14/06/2018 1:24:15 PM	3611791455	1013.00	27.21	29.25	100.6	27.21	29.25	100.6	27.69	29.25	96.2	NaN	29.25	NaN
14/06/2018 1:24:16 PM	3611791456	1013.00	27.22	29.25	100.5	27.23	29.25	100.4	27.67	29.25	96.4	NaN	29.25	NaN
14/06/2018 1:24:17 PM	3611791457	1013.00	27.21	29.25	100.6	27.19	29.25	100.8	27.67	29.25	96.4	NaN	29.25	NaN
14/06/2018 1:24:18 PM	3611791458	1013.00	27.22	29.24	100.6	27.22	29.24	100.6	27.67	29.24	96.4	NaN	29.24	NaN
14/06/2018 1:24:19 PM	3611791459	1013.00	27.21	29.24	100.6	27.19	29.24	100.8	27.71	29.24	96.0	NaN	29.24	NaN
14/06/2018 1:24:20 PM	3611791460	1013.00	27.21	29.25	100.6	27.22	29.25	100.5	27.71	29.25	96.0	NaN	29.25	NaN
14/06/2018 1:24:21 PM	3611791461	1013.00	27.22	29.25	100.5	27.25	29.25	100.2	27.69	29.25	96.2	NaN	29.25	NaN
14/06/2018 1:24:22 PM	3611791462	1013.00	27.23	29.25	100.4	27.23	29.25	100.4	27.67	29.25	96.4	NaN	29.25	NaN
14/06/2018 1:24:23 PM	3611791463	1013.00	27.23	29.26	100.4	27.20	29.26	100.7	27.73	29.26	95.8	NaN	29.26	NaN
14/06/2018 1:24:24 PM	3611791464	1013.00	27.23	29.25	100.4	27.20	29.25	100.7	27.74	29.25	95.7	NaN	29.25	NaN
14/06/2018 1:24:25 PM	3611791465	1013.00	27.24	29.25	100.3	27.22	29.25	100.5	27.72	29.25	95.9	NaN	29.25	NaN
14/06/2018 1:24:26 PM	3611791466	1013.00	27.25	29.25	100.2	27.24	29.25	100.3	27.73	29.25	95.8	NaN	29.25	NaN
14/06/2018 1:24:27 PM	3611791467	1013.00	27.27	29.25	100.1	27.22	29.25	100.5	27.72	29.25	95.9	NaN	29.25	NaN
14/06/2018 1:24:28 PM	3611791468	1013.00	27.24	29.25	100.3	27.25	29.25	100.2	27.72	29.25	95.9	NaN	29.25	NaN
14/06/2018 1:24:29 PM	3611791469	1013.00	27.23	29.26	100.4	27.25	29.26	100.2	27.75	29.26	95.6	NaN	29.26	NaN
14/06/2018 1:24:30 PM	3611791470	1013.00	27.25	29.26	100.2	27.23	29.26	100.4	27.76	29.26	95.5	NaN	29.26	NaN
14/06/2018 1:24:31 PM	3611791471	1013.00	27.25	29.26	100.2	27.24	29.26	100.3	27.76	29.26	95.5	NaN	29.26	NaN
14/06/2018 1:24:32 PM	3611791472	1013.00	27.24	29.26	100.3	27.27	29.26	100.0	27.77	29.26	95.5	NaN	29.26	NaN
14/06/2018 1:24:33 PM	3611791473	1013.00	27.27	29.25	100.1	27.26	29.25	100.2	27.75	29.25	95.6	NaN	29.25	NaN
14/06/2018 1:24:34 PM	3611791474	1013.00	27.27	29.25	100.1	27.21	29.25	100.6	27.76	29.25	95.6	NaN	29.25	NaN
14/06/2018 1:24:35 PM	3611791475	1013.00	27.25	29.24	100.3	27.26	29.24	100.2	27.79	29.24	95.3	NaN	29.24	NaN
14/06/2018 1:24:36 PM	3611791476	1013.00	27.23	29.23	100.5	27.22	29.23	100.6	27.79	29.23	95.3	NaN	29.23	NaN
14/06/2018 1:24:37 PM	3611791477	1013.00	27.23	29.24	100.5	27.21	29.24	100.6	27.80	29.24	95.2	NaN	29.24	NaN
14/06/2018 1:24:38 PM	3611791478	1013.00	27.26	29.23	100.2	27.24	29.23	100.4	27.79	29.23	95.3	NaN	29.23	NaN
14/06/2018 1:24:39 PM	3611791479	1013.00	27.26	29.23	100.2	27.29	29.23	99.9	27.78	29.23	95.4	NaN	29.23	NaN
14/06/2018 1:24:40 PM	3611791480	1013.00	27.24	29.24	100.4	27.25	29.24	100.3	27.82	29.24	95.0	NaN	29.24	NaN
14/06/2018 1:24:41 PM	3611791481	1013.00	27.26	29.24	100.2	27.27	29.24	100.1	27.80	29.24	95.2	NaN	29.24	NaN
14/06/2018 1:24:42 PM	3611791482	1013.00	27.27	29.24	100.1	27.29	29.24	99.9	27.82	29.24	95.0	NaN	29.24	NaN
14/06/2018 1:24:43 PM	3611791483	1013.00	27.25	29.25	100.2	27.28	29.25	100.0	27.79	29.25	95.3	NaN	29.25	NaN
14/06/2018 1:24:44 PM	3611791484	1013.00	27.25	29.25	100.2	27.23	29.25	100.4	27.77	29.25	95.5	NaN	29.25	NaN
14/06/2018 1:24:45 PM	3611791485	1013.00	27.25	29.25	100.2	27.28	29.25	100.0	27.82	29.25	95.0	NaN	29.25	NaN
14/06/2018 1:24:46 PM	3611791486	1013.00	27.27	29.25	100.1	27.25	29.25	100.2	27.78	29.25	95.4	NaN	29.25	NaN
14/06/2018 1:24:47 PM	3611791487	1013.00	27.24	29.24	100.4	27.28	29.24	100.0	27.80	29.24	95.2	NaN	29.24	NaN
14/06/2018 1:24:48 PM	3611791488	1013.00	27.25	29.24	100.3	27.30	29.24	99.8	27.82	29.24	95.0	NaN	29.24	NaN
14/06/2018 1:24:49 PM	3611791489	1013.00	27.29	29.24	99.9	27.26	29.24	100.2	27.81	29.24	95.1	NaN	29.24	NaN
14/06/2018 1:24:50 PM	3611791490	1013.00	27.26	29.25	100.2	27.26	29.25	100.2	27.82	29.25	95.0	NaN	29.25	NaN
14/06/2018 1:24:51 PM	3611791491	1013.00	27.27	29.25	100.1	27.28	29.25	100.0	27.83	29.25	94.9	NaN	29.25	NaN
14/06/2018 1:24:52 PM	3611791492	1013.00	27.26	29.25	100.2	27.33	29.25	99.5	27.84	29.25	94.8	NaN	29.25	NaN
14/06/2018 1:24:53 PM	3611791493	1013.00	27.28	29.25	100.0	27.27	29.25	100.1	27.85	29.25	94.8	NaN	29.25	NaN
14/06/2018 1:24:54 PM	3611791494	1013.00	27.27	29.25	100.1	27.29	29.25	99.9	27.82	29.25	95.0	NaN	29.25	NaN
14/06/2018 1:24:55 PM	3611791495	1013.00	27.29	29.25	99.9	27.26	29.25	100.2	27.86	29.25	94.7	NaN	29.25	NaN
14/06/2018 1:24:56 PM	3611791496	1013.00	27.27	29.24	100.1	27.29	29.24	99.9	27.86	29.24	94.7	NaN	29.24	NaN
14/06/2018 1:24:57 PM	3611791497	1013.00	27.27	29.24	100.1	27.27	29.24	100.1	27.82	29.24	95.0	NaN	29.24	NaN
14/06/2018 1:24:58 PM	3611791498	1013.00	27.27	29.24	100.1	27.30	29.24	99.8	27.85	29.24	94.8	NaN	29.24	NaN
14/06/2018 1:24:59 PM	3611791499	1013.00	27.29	29.24	99.9	27.29	29.24	99.9	27.84	29.24	94.9	NaN	29.24	NaN
14/06/2018 1:25:00 PM	3611791500	1013.00	27.28	29.24	100.0	27.29	29.24	99.9	27.82	29.24	95.0	NaN	29.24	NaN
14/06/2018 1:25:01 PM	3611791501	1013.00	27.31	29.23	99.7	27.31	29.23	99.7	27.86	29.23	94.7	NaN	29.23	NaN
14/06/2018 1:25:02 PM	3611791502	1013.00	27.29	29.24	99.9	27.29	29.24	99.9	27.87	29.24	94.6	NaN	29.24	NaN
14/06/2018 1:25:03 PM	3611791503	1013.00	27.27	29.24	100.1	27.29	29.24	99.9	27.86	29.24	94.7	NaN	29.24	NaN
14/06/2018 1:25:04 PM	3611791504	1013.00	27.30	29.24	99.8	27.27	29.24	100.1	27.83	29.24	95.0	NaN	29.24	NaN
14/06/2018 1:25:05 PM	3611791505	1013.00	27.28	29.24	100.0	27.31	29.24	99.7	27.86	29.24	94.7	NaN	29.24	NaN
14/06/2018 1:25:06 PM	3611791506	1013.00	27.29	29.24	99.9	27.29	29.24	99.9	27.86	29.24	94.7	NaN	29.24	NaN
14/06/2018 1:25:07 PM	3611791507	1013.00	27.29	29.24	99.9	27.33	29.24	99.5	27.87	29.24	94.6	NaN	29.24	NaN
14/06/2018 1:25:08 PM	3611791508	1013.00	27.30	29.24	99.8	27.31	29.24	99.7	27.85	29.24	94.8	NaN	29.24	NaN
14/06/2018 1:25:09 PM	3611791509	1013.00	27.29	29.25	99.9	27.27	29.25	100.1	27.92	29.25	94.1	NaN	29.25	NaN
14/06/2018 1:25:10 PM	3611791510	1013.00	27.28	29.25	100.0	27.29	29.25	99.9	27.88	29.25	94.5	NaN	29.25	NaN
14/06/2018 1:25:11 PM	3611791511	1013.00	27.28	29.25	100.0	27.30	29.25	99.8	27.86	29.25	94.7	NaN	29.25	NaN
14/06/2018 1:25:12 PM	3611791512	1013.00	27.30	29.25	99.8	27.32	29.25	99.6	27.85	29.25	94.8	NaN	29.25	NaN
14/06/2018 1:25:13 PM	3611791513	1013.00	27.31	29.25	99.7	27.34	29.25	99.4	27.89	29.25	94.4	NaN	29.25	NaN
14/06/2018 1:25:14 PM	3611791514	1013.00	27.30	29.24	99.8	27.30	29.24	99.8	27.87	29.24	94.6	NaN	29.24	NaN
14/06/2018 1:25:15 PM	3611791515	1013.00	27.30	29.24	99.8	27.35	29.24	99.3	27.96	29.24	93.8	NaN	29.24	NaN
14/06/2018 1:25:16 PM	3611791516	1013.00	27.29	29.23	99.9	27.36	29.23	99.2	27.89	29.23	94.4	NaN	29.23	NaN
14/06/2018 1:25:17 PM	3611791517	1013.00	27.31	29.23	99.7	27.32	29.23	99.6	27.90	29.23	94.4	NaN	29.23	NaN
14/06/2018 1:25:18 PM	3611791518	1013.00	27.32	29.23	99.6	27.33	29.23	99.5	27.88	29.23	94.5	NaN	29.23	NaN
14/06/2018 1:25:19 PM	3611791519	1013.00	27.31	29.23	99.7	27.34	29.23	99.4	27.91	29.23	94.3	NaN	29.23	NaN
14/06/2018 1:25:20 PM	3611791520	1013.00	27.30	29.24	99.8	27.35	29.24	99.3	27.88	29.24	94.5	NaN	29.24	NaN
14/06/2018 1:25:21 PM	3611791521	1013.00	27.32	29.24	99.6	27.33	29.24	99.5	27.90	29.24	94.3	NaN	29.24	NaN
14/06/2018 1:25:22 PM	3611791522	1013.00	27.33	29.24	99.5	27.33	29.24	99.5	27.90	29.24	94.3	NaN	29.24	NaN
14/06/2018 1:25:23 PM	3611791523	1013.00	27.29	29.24	99.9	27.34	29.24	99.4	27.91	29.24	94.2	NaN	29.24	NaN
14/06/2018 1:25:24 PM	3611791524	1013.00	27.32	29.24	99.6	27.36	29.24	99.2	27.94	29.24	94.0	NaN	29.24	NaN
14/06/2018 1:25:25 PM	3611791525	1013.00	27.31	29.24	99.7	27.33	29.24	99.5	27.90	29.24	94.3	NaN	29.24	NaN
14/06/2018 1:25:26 PM	3611791526	1013.00	27.30	29.24	99.8	27.34	29.24	99.4	27.94	29.24	94.0	NaN	29.24	NaN
14/06/2018 1:25:27 PM	3611791527	1013.00	27.32	29.24	99.6	27.34	29.24	99.4	27.99	29.24	93.5	NaN	29.24	NaN
14/06/2018 1:25:28 PM	3611791528	1013.00	27.33	29.24	99.5	27.36	29.24	99.2	27.98	29.24	93.6	NaN	29.24	NaN
14/06/2018 1:25:29 PM	3611791529	1013.00	27.33	29.23	99.5	27.34	29.23	99.4	27.94	29.23	94.0	NaN	29.23	NaN
14/06/2018 1:25:30 PM	3611791530	1013.00	27.33	29.23	99.5	27.36	29.23	99.2	27.93	29.23	94.1	NaN	29.23	NaN
14/06/2018 1:25:31 PM	3611791531	1013.00	27.29	29.23	99.9	27.33	29.23	99.5	27.97	29.23	93.7	NaN	29.23	NaN
14/06/2018 1:25:32 PM	3611791532	1013.00	27.33	29.23	99.5	27.32	29.23	99.6	27.95	29.23	93.9	NaN	29.23	NaN
14/06/2018 1:25:33 PM	3611791533	1013.00	27.31	29.23	99.7	27.35	29.23	99.3	27.97	29.23	93.7	NaN	29.23	NaN
14/06/2018 1:25:34 PM	3611791534	1013.00	27.33	29.23	99.5	27.36	29.23	99.2	27.97	29.23	93.7	NaN	29.23	NaN
14/06/2018 1:25:35 PM	3611791535	1013.00	27.33	29.23	99.5	27.33	29.23	99.5	27.97	29.23	93.7	NaN	29.23	NaN
14/06/2018 1:25:36 PM	3611791536	1013.00	27.32	29.23	99.6	27.36	29.23	99.2	27.97	29.23	93.7	NaN	29.23	NaN
14/06/2018 1:25:37 PM	3611791537	1013.00	27.33	29.23	99.5	27.33	29.23	99.5	27.95	29.23	93.9	NaN	29.23	NaN
14/06/2018 1:25:38 PM	3611791538	1013.00	27.33	29.23	99.5	27.39	29.23	99.0	27.98	29.23	93.7	NaN	29.23	NaN
14/06/2018 1:25:39 PM	3611791539	1013.00	27.35	29.24	99.3	27.34	29.24	99.4	27.98	29.24	93.6	NaN	29.24	NaN
14/06/2018 1:25:40 PM	3611791540	1013.00	27.34	29.24	99.4	27.33	29.24	99.5	28.01	29.24	93.4	NaN	29.24	NaN
14/06/2018 1:25:41 PM	3611791541	1013.00	27.33	29.24	99.5	27.36	29.24	99.2	27.99	29.24	93.5	NaN	29.24	NaN
14/06/2018 1:25:42 PM	3611791542	1013.00	27.33	29.24	99.5	27.35	29.24	99.3	28.06	29.24	92.9	NaN	29.24	NaN
14/06/2018 1:25:43 PM	3611791543	1013.00	27.36	29.24	99.2	27.39	29.24	99.0	28.04	29.24	93.1	NaN	29.24	NaN
14/06/2018 1:25:44 PM	3611791544	1013.00	27.35	29.23	99.3	27.39	29.23	99.0	27.99	29.23	93.6	NaN	29.23	NaN
14/06/2018 1:25:45 PM	3611791545	1013.00	27.34	29.23	99.4	27.33	29.23	99.5	28.02	29.23	93.3	NaN	29.23	NaN
14/06/2018 1:25:46 PM	3611791546	1013.00	27.35	29.22	99.4	27.38	29.22	99.1	28.05	29.22	93.1	NaN	29.22	NaN
14/06/2018 1:25:47 PM	3611791547	1013.00	27.37	29.22	99.2	27.39	29.22	99.0	28.02	29.22	93.3	NaN	29.22	NaN
14/06/2018 1:25:48 PM	3611791548	1013.00	27.34	29.23	99.4	27.35	29.23	99.3	28.03	29.23	93.2	NaN	29.23	NaN
14/06/2018 1:25:49 PM	3611791549	1013.00	27.33	29.23	99.5	27.35	29.23	99.3	28.04	29.23	93.1	NaN	29.23	NaN
14/06/2018 1:25:50 PM	3611791550	1013.00	27.34	29.24	99.4	27.38	29.24	99.0	28.08	29.24	92.8	NaN	29.24	NaN
