Date & time of file creation	14/06/2018 1:28 PM													
Data file path	C:\Users\ameli\Desktop\Diego Barneche\14_06_2018\29_C_old_witrox_10.txt													
														
														
CALIBRATION DATA														
Parameter/Channel	N moving average	LO phase [r.U.]	HI phase [r.U.]	LO oxygen [%air saturation]	HI oxygen [%air saturation]	LO temperature [°C]	HI temperature [°C]	Salinity [‰]						
S WOT 0041 000001   , CH 1	1	59.47	26.71	0.00	100.00	32.42	32.40	0.000						
S WOT 0041 000001   , CH 2	1	59.47	26.71	0.00	100.00	32.42	32.40	0.000						
S WOT 0041 000001   , CH 3	1	59.47	26.71	0.00	100.00	32.42	32.40	0.000						
S WOT 0041 000001   , CH 4	1	59.47	26.71	0.00	100.00	32.42	32.40	0.000						
														
														
Date &Time [DD-MM-YYYY HH:MM:SS]	Time stamp code	Barometric pressure [hPa]	S WOT 0041 000001   , CH 1 phase [r.U.]	S WOT 0041 000001   , CH 1 temp [°C]	S WOT 0041 000001   , CH 1 O2 [% air saturation]	S WOT 0041 000001   , CH 2 phase [r.U.]	S WOT 0041 000001   , CH 2 temp [°C]	S WOT 0041 000001   , CH 2 O2 [% air saturation]	S WOT 0041 000001   , CH 3 phase [r.U.]	S WOT 0041 000001   , CH 3 temp [°C]	S WOT 0041 000001   , CH 3 O2 [% air saturation]	S WOT 0041 000001   , CH 4 phase [r.U.]	S WOT 0041 000001   , CH 4 temp [°C]	S WOT 0041 000001   , CH 4 O2 [% air saturation]
14/06/2018 1:28:46 PM	3611791726	1013.00	26.93	29.14	103.5	26.74	29.14	105.4	26.83	29.14	104.5	26.70	29.14	105.8
14/06/2018 1:28:47 PM	3611791727	1013.00	26.90	29.14	103.8	26.70	29.14	105.8	26.76	29.14	105.2	26.69	29.14	105.9
14/06/2018 1:28:48 PM	3611791728	1013.00	26.91	29.14	103.7	26.66	29.14	106.2	26.83	29.14	104.5	26.71	29.14	105.7
14/06/2018 1:28:49 PM	3611791729	1013.00	26.94	29.14	103.4	26.69	29.14	105.9	26.80	29.14	104.8	26.71	29.14	105.7
14/06/2018 1:28:50 PM	3611791730	1013.00	26.95	29.14	103.3	26.73	29.14	105.5	26.83	29.14	104.5	26.68	29.14	106.0
14/06/2018 1:28:51 PM	3611791731	1013.00	26.93	29.13	103.6	26.72	29.13	105.6	26.85	29.13	104.3	26.70	29.13	105.8
14/06/2018 1:28:52 PM	3611791732	1013.00	26.93	29.14	103.5	26.69	29.14	105.9	26.81	29.14	104.7	26.68	29.14	106.0
14/06/2018 1:28:53 PM	3611791733	1013.00	26.94	29.13	103.5	26.73	29.13	105.5	26.81	29.13	104.7	26.72	29.13	105.6
14/06/2018 1:28:54 PM	3611791734	1013.00	26.94	29.13	103.5	26.77	29.13	105.1	26.83	29.13	104.5	26.65	29.13	106.4
14/06/2018 1:28:55 PM	3611791735	1013.00	26.91	29.13	103.7	26.75	29.13	105.3	26.81	29.13	104.7	26.69	29.13	105.9
14/06/2018 1:28:56 PM	3611791736	1013.00	26.94	29.13	103.5	26.72	29.13	105.6	26.86	29.13	104.2	26.68	29.13	106.1
14/06/2018 1:28:57 PM	3611791737	1013.00	26.93	29.12	103.6	26.73	29.12	105.6	26.82	29.12	104.7	26.68	29.12	106.1
14/06/2018 1:28:58 PM	3611791738	1013.00	26.93	29.12	103.6	26.78	29.12	105.1	26.85	29.12	104.4	26.70	29.12	105.9
14/06/2018 1:28:59 PM	3611791739	1013.00	26.93	29.13	103.6	26.71	29.13	105.7	26.79	29.13	104.9	26.71	29.13	105.7
14/06/2018 1:29:00 PM	3611791740	1013.00	26.93	29.12	103.6	26.75	29.12	105.4	26.84	29.12	104.5	26.69	29.12	106.0
14/06/2018 1:29:01 PM	3611791741	1013.00	26.91	29.12	103.8	26.73	29.12	105.6	26.84	29.12	104.5	26.68	29.12	106.1
14/06/2018 1:29:02 PM	3611791742	1013.00	26.93	29.12	103.6	26.72	29.12	105.7	26.80	29.12	104.9	26.70	29.12	105.9
14/06/2018 1:29:03 PM	3611791743	1013.00	26.95	29.12	103.4	26.75	29.12	105.4	26.88	29.12	104.1	26.68	29.12	106.1
14/06/2018 1:29:04 PM	3611791744	1013.00	26.92	29.12	103.7	26.79	29.12	105.0	26.84	29.12	104.5	26.73	29.12	105.6
14/06/2018 1:29:05 PM	3611791745	1013.00	26.94	29.12	103.5	26.72	29.12	105.7	26.82	29.12	104.7	26.69	29.12	106.0
14/06/2018 1:29:06 PM	3611791746	1013.00	26.93	29.12	103.6	26.69	29.12	106.0	26.82	29.12	104.7	26.71	29.12	105.8
14/06/2018 1:29:07 PM	3611791747	1013.00	26.93	29.12	103.6	26.74	29.12	105.5	26.83	29.12	104.6	26.65	29.12	106.4
14/06/2018 1:29:08 PM	3611791748	1013.00	26.93	29.11	103.6	26.76	29.11	105.3	26.78	29.11	105.1	26.70	29.11	105.9
14/06/2018 1:29:09 PM	3611791749	1013.00	26.91	29.11	103.8	26.73	29.11	105.6	26.84	29.11	104.5	26.71	29.11	105.8
14/06/2018 1:29:10 PM	3611791750	1013.00	26.95	29.11	103.4	26.72	29.11	105.7	26.83	29.11	104.6	26.70	29.11	105.9
14/06/2018 1:29:11 PM	3611791751	1013.00	26.93	29.10	103.6	26.75	29.10	105.4	26.80	29.10	104.9	26.73	29.10	105.6
14/06/2018 1:29:12 PM	3611791752	1013.00	26.92	29.10	103.7	26.81	29.10	104.8	26.87	29.10	104.2	26.69	29.10	106.0
14/06/2018 1:29:13 PM	3611791753	1013.00	26.92	29.11	103.7	26.76	29.11	105.3	26.81	29.11	104.8	26.73	29.11	105.6
14/06/2018 1:29:14 PM	3611791754	1013.00	26.89	29.11	104.0	26.80	29.11	104.9	26.82	29.11	104.7	26.70	29.11	105.9
14/06/2018 1:29:15 PM	3611791755	1013.00	26.92	29.11	103.7	26.79	29.11	105.0	26.83	29.11	104.6	26.70	29.11	105.9
14/06/2018 1:29:16 PM	3611791756	1013.00	26.93	29.11	103.6	26.70	29.11	105.9	26.79	29.11	105.0	26.70	29.11	105.9
14/06/2018 1:29:17 PM	3611791757	1013.00	26.92	29.11	103.7	26.81	29.11	104.8	26.82	29.11	104.7	26.68	29.11	106.1
14/06/2018 1:29:18 PM	3611791758	1013.00	26.94	29.12	103.5	26.74	29.12	105.5	26.83	29.12	104.6	26.71	29.12	105.8
14/06/2018 1:29:19 PM	3611791759	1013.00	26.92	29.11	103.7	26.78	29.11	105.1	26.83	29.11	104.6	26.71	29.11	105.8
14/06/2018 1:29:20 PM	3611791760	1013.00	26.92	29.12	103.7	26.77	29.12	105.2	26.78	29.12	105.1	26.72	29.12	105.7
14/06/2018 1:29:21 PM	3611791761	1013.00	26.96	29.12	103.3	26.76	29.12	105.3	26.78	29.12	105.1	26.72	29.12	105.7
14/06/2018 1:29:22 PM	3611791762	1013.00	26.92	29.12	103.7	26.78	29.12	105.1	26.85	29.12	104.4	26.74	29.12	105.5
14/06/2018 1:29:23 PM	3611791763	1013.00	26.91	29.11	103.8	26.80	29.11	104.9	26.84	29.11	104.5	26.67	29.11	106.2
14/06/2018 1:29:24 PM	3611791764	1013.00	26.92	29.11	103.7	26.81	29.11	104.8	26.82	29.11	104.7	26.72	29.11	105.7
14/06/2018 1:29:25 PM	3611791765	1013.00	26.95	29.11	103.4	26.83	29.11	104.6	26.86	29.11	104.3	26.69	29.11	106.0
14/06/2018 1:29:26 PM	3611791766	1013.00	26.91	29.10	103.8	26.79	29.10	105.0	26.82	29.10	104.7	26.71	29.10	105.8
14/06/2018 1:29:27 PM	3611791767	1013.00	26.95	29.10	103.4	26.81	29.10	104.8	26.83	29.10	104.6	26.69	29.10	106.0
14/06/2018 1:29:28 PM	3611791768	1013.00	26.91	29.10	103.8	26.80	29.10	104.9	26.84	29.10	104.5	26.72	29.10	105.7
14/06/2018 1:29:29 PM	3611791769	1013.00	26.95	29.10	103.4	26.84	29.10	104.5	26.80	29.10	104.9	26.70	29.10	105.9
14/06/2018 1:29:30 PM	3611791770	1013.00	26.93	29.09	103.6	26.78	29.09	105.1	26.82	29.09	104.7	26.68	29.09	106.1
14/06/2018 1:29:31 PM	3611791771	1013.00	26.93	29.09	103.6	26.81	29.09	104.8	26.82	29.09	104.7	26.70	29.09	105.9
14/06/2018 1:29:32 PM	3611791772	1013.00	26.95	29.10	103.4	26.91	29.10	103.8	26.82	29.10	104.7	26.74	29.10	105.5
14/06/2018 1:29:33 PM	3611791773	1013.00	26.92	29.09	103.7	26.79	29.09	105.0	26.83	29.09	104.6	26.71	29.09	105.8
14/06/2018 1:29:34 PM	3611791774	1013.00	26.95	29.09	103.4	26.78	29.09	105.1	26.79	29.09	105.0	26.70	29.09	105.9
14/06/2018 1:29:35 PM	3611791775	1013.00	26.95	29.10	103.4	26.83	29.10	104.6	26.85	29.10	104.4	26.71	29.10	105.8
14/06/2018 1:29:36 PM	3611791776	1013.00	26.95	29.11	103.4	26.86	29.11	104.3	26.78	29.11	105.1	26.69	29.11	106.0
14/06/2018 1:29:37 PM	3611791777	1013.00	26.94	29.10	103.5	26.80	29.10	104.9	26.77	29.10	105.2	26.71	29.10	105.8
14/06/2018 1:29:38 PM	3611791778	1013.00	26.95	29.10	103.4	26.82	29.10	104.7	26.82	29.10	104.7	26.70	29.10	105.9
14/06/2018 1:29:39 PM	3611791779	1013.00	26.95	29.10	103.4	26.82	29.10	104.7	26.82	29.10	104.7	26.70	29.10	105.9
14/06/2018 1:29:40 PM	3611791780	1013.00	26.93	29.11	103.6	26.82	29.11	104.7	26.78	29.11	105.1	26.72	29.11	105.7
14/06/2018 1:29:41 PM	3611791781	1013.00	26.94	29.10	103.5	26.83	29.10	104.6	26.85	29.10	104.4	26.70	29.10	105.9
14/06/2018 1:29:42 PM	3611791782	1013.00	26.98	29.10	103.1	26.87	29.10	104.2	26.84	29.10	104.5	26.70	29.10	105.9
14/06/2018 1:29:43 PM	3611791783	1013.00	26.97	29.10	103.2	26.85	29.10	104.4	26.82	29.10	104.7	26.72	29.10	105.7
14/06/2018 1:29:44 PM	3611791784	1013.00	26.93	29.09	103.6	26.81	29.09	104.8	26.85	29.09	104.4	26.69	29.09	106.0
14/06/2018 1:29:45 PM	3611791785	1013.00	26.95	29.09	103.4	26.89	29.09	104.0	26.84	29.09	104.5	26.71	29.09	105.8
14/06/2018 1:29:46 PM	3611791786	1013.00	26.95	29.10	103.4	26.83	29.10	104.6	26.81	29.10	104.8	26.71	29.10	105.8
14/06/2018 1:29:47 PM	3611791787	1013.00	26.99	29.10	103.0	26.83	29.10	104.6	26.80	29.10	104.9	26.70	29.10	105.9
14/06/2018 1:29:48 PM	3611791788	1013.00	26.98	29.10	103.1	26.83	29.10	104.6	26.82	29.10	104.7	26.70	29.10	105.9
14/06/2018 1:29:49 PM	3611791789	1013.00	26.97	29.10	103.2	26.78	29.10	105.1	26.81	29.10	104.8	26.72	29.10	105.7
14/06/2018 1:29:50 PM	3611791790	1013.00	26.96	29.10	103.3	26.81	29.10	104.8	26.81	29.10	104.8	26.69	29.10	106.0
14/06/2018 1:29:51 PM	3611791791	1013.00	26.97	29.09	103.2	26.84	29.09	104.5	26.78	29.09	105.1	26.77	29.09	105.2
14/06/2018 1:29:52 PM	3611791792	1013.00	26.96	29.09	103.3	26.80	29.09	104.9	26.84	29.09	104.5	26.71	29.09	105.8
14/06/2018 1:29:53 PM	3611791793	1013.00	26.97	29.09	103.2	26.84	29.09	104.5	26.76	29.09	105.3	26.72	29.09	105.7
14/06/2018 1:29:54 PM	3611791794	1013.00	26.99	29.08	103.1	26.87	29.08	104.2	26.80	29.08	104.9	26.72	29.08	105.7
14/06/2018 1:29:55 PM	3611791795	1013.00	26.97	29.07	103.3	26.89	29.07	104.1	26.80	29.07	105.0	26.71	29.07	105.9
14/06/2018 1:29:56 PM	3611791796	1013.00	27.01	29.07	102.9	26.84	29.07	104.6	26.81	29.07	104.9	26.70	29.07	106.0
14/06/2018 1:29:57 PM	3611791797	1013.00	26.98	29.08	103.1	26.85	29.08	104.4	26.79	29.08	105.0	26.68	29.08	106.1
14/06/2018 1:29:58 PM	3611791798	1013.00	27.00	29.08	103.0	26.86	29.08	104.3	26.81	29.08	104.8	26.69	29.08	106.0
14/06/2018 1:29:59 PM	3611791799	1013.00	26.94	29.07	103.6	26.90	29.07	104.0	26.83	29.07	104.7	26.74	29.07	105.6
14/06/2018 1:30:00 PM	3611791800	1013.00	26.97	29.07	103.3	26.86	29.07	104.4	26.83	29.07	104.7	26.70	29.07	106.0
14/06/2018 1:30:01 PM	3611791801	1013.00	26.99	29.08	103.1	26.86	29.08	104.3	26.83	29.08	104.6	26.67	29.08	106.2
14/06/2018 1:30:02 PM	3611791802	1013.00	26.98	29.08	103.1	26.91	29.08	103.8	26.80	29.08	104.9	26.70	29.08	105.9
14/06/2018 1:30:03 PM	3611791803	1013.00	27.01	29.07	102.9	26.89	29.07	104.1	26.82	29.07	104.8	26.72	29.07	105.8
14/06/2018 1:30:04 PM	3611791804	1013.00	26.98	29.08	103.1	26.89	29.08	104.0	26.86	29.08	104.3	26.72	29.08	105.7
14/06/2018 1:30:05 PM	3611791805	1013.00	26.97	29.08	103.2	26.87	29.08	104.2	26.84	29.08	104.5	26.70	29.08	105.9
14/06/2018 1:30:06 PM	3611791806	1013.00	26.99	29.07	103.1	26.87	29.07	104.3	26.85	29.07	104.5	26.72	29.07	105.8
14/06/2018 1:30:07 PM	3611791807	1013.00	26.99	29.07	103.1	26.92	29.07	103.8	26.85	29.07	104.5	26.73	29.07	105.7
14/06/2018 1:30:08 PM	3611791808	1013.00	26.99	29.07	103.1	26.94	29.07	103.6	26.84	29.07	104.6	26.71	29.07	105.9
14/06/2018 1:30:09 PM	3611791809	1013.00	27.01	29.06	102.9	26.91	29.06	103.9	26.80	29.06	105.0	26.74	29.06	105.6
14/06/2018 1:30:10 PM	3611791810	1013.00	27.00	29.06	103.0	26.92	29.06	103.8	26.85	29.06	104.5	26.72	29.06	105.8
14/06/2018 1:30:11 PM	3611791811	1013.00	27.01	29.06	102.9	26.92	29.06	103.8	26.86	29.06	104.4	26.72	29.06	105.8
14/06/2018 1:30:12 PM	3611791812	1013.00	26.99	29.05	103.1	26.89	29.05	104.1	26.82	29.05	104.8	26.71	29.05	105.9
14/06/2018 1:30:13 PM	3611791813	1013.00	26.97	29.06	103.3	26.97	29.06	103.3	26.84	29.06	104.6	26.72	29.06	105.8
14/06/2018 1:30:14 PM	3611791814	1013.00	27.00	29.07	103.0	26.87	29.07	104.3	26.84	29.07	104.6	26.70	29.07	106.0
14/06/2018 1:30:15 PM	3611791815	1013.00	27.00	29.06	103.0	26.94	29.06	103.6	26.83	29.06	104.7	26.72	29.06	105.8
14/06/2018 1:30:16 PM	3611791816	1013.00	27.00	29.07	103.0	26.94	29.07	103.6	26.89	29.07	104.1	26.74	29.07	105.6
14/06/2018 1:30:17 PM	3611791817	1013.00	27.00	29.07	103.0	26.91	29.07	103.9	26.87	29.07	104.3	26.69	29.07	106.1
14/06/2018 1:30:18 PM	3611791818	1013.00	27.05	29.06	102.5	26.90	29.06	104.0	26.86	29.06	104.4	26.73	29.06	105.7
14/06/2018 1:30:19 PM	3611791819	1013.00	27.02	29.06	102.8	26.98	29.06	103.2	26.82	29.06	104.8	26.70	29.06	106.0
14/06/2018 1:30:20 PM	3611791820	1013.00	27.00	29.06	103.0	27.00	29.06	103.0	26.89	29.06	104.1	26.71	29.06	105.9
14/06/2018 1:30:21 PM	3611791821	1013.00	27.00	29.05	103.0	26.96	29.05	103.4	26.83	29.05	104.7	26.72	29.05	105.8
14/06/2018 1:30:22 PM	3611791822	1013.00	27.02	29.06	102.8	26.98	29.06	103.2	26.84	29.06	104.6	26.71	29.06	105.9
14/06/2018 1:30:23 PM	3611791823	1013.00	26.99	29.06	103.1	26.94	29.06	103.6	26.84	29.06	104.6	26.71	29.06	105.9
14/06/2018 1:30:24 PM	3611791824	1013.00	26.99	29.06	103.1	26.93	29.06	103.7	26.85	29.06	104.5	26.72	29.06	105.8
14/06/2018 1:30:25 PM	3611791825	1013.00	26.99	29.07	103.1	26.95	29.07	103.5	26.89	29.07	104.1	26.70	29.07	106.0
14/06/2018 1:30:26 PM	3611791826	1013.00	27.01	29.06	102.9	26.97	29.06	103.3	26.88	29.06	104.2	26.72	29.06	105.8
14/06/2018 1:30:27 PM	3611791827	1013.00	27.00	29.07	103.0	26.96	29.07	103.4	26.87	29.07	104.3	26.71	29.07	105.9
14/06/2018 1:30:28 PM	3611791828	1013.00	27.05	29.06	102.5	26.98	29.06	103.2	26.83	29.06	104.7	26.74	29.06	105.6
14/06/2018 1:30:29 PM	3611791829	1013.00	27.05	29.06	102.5	26.93	29.06	103.7	26.89	29.06	104.1	26.73	29.06	105.7
14/06/2018 1:30:30 PM	3611791830	1013.00	27.04	29.06	102.6	26.98	29.06	103.2	26.89	29.06	104.1	26.70	29.06	106.0
14/06/2018 1:30:31 PM	3611791831	1013.00	27.03	29.05	102.7	26.98	29.05	103.2	26.85	29.05	104.5	26.70	29.05	106.0
14/06/2018 1:30:32 PM	3611791832	1013.00	27.02	29.05	102.8	26.95	29.05	103.5	26.88	29.05	104.2	26.72	29.05	105.8
14/06/2018 1:30:33 PM	3611791833	1013.00	27.02	29.05	102.8	26.93	29.05	103.7	26.90	29.05	104.0	26.72	29.05	105.8
14/06/2018 1:30:34 PM	3611791834	1013.00	27.06	29.04	102.4	26.93	29.04	103.7	26.85	29.04	104.5	26.70	29.04	106.0
14/06/2018 1:30:35 PM	3611791835	1013.00	27.02	29.05	102.8	26.99	29.05	103.1	26.85	29.05	104.5	26.70	29.05	106.0
14/06/2018 1:30:36 PM	3611791836	1013.00	27.01	29.04	102.9	27.02	29.04	102.8	26.88	29.04	104.2	26.72	29.04	105.8
14/06/2018 1:30:37 PM	3611791837	1013.00	27.03	29.04	102.7	26.99	29.04	103.1	26.88	29.04	104.2	26.71	29.04	105.9
14/06/2018 1:30:38 PM	3611791838	1013.00	27.02	29.05	102.8	26.94	29.05	103.6	26.87	29.05	104.3	26.71	29.05	105.9
14/06/2018 1:30:39 PM	3611791839	1013.00	27.04	29.05	102.6	27.00	29.05	103.0	26.86	29.05	104.4	26.69	29.05	106.1
14/06/2018 1:30:40 PM	3611791840	1013.00	27.04	29.04	102.6	27.06	29.04	102.4	26.84	29.04	104.6	26.73	29.04	105.7
14/06/2018 1:30:41 PM	3611791841	1013.00	27.05	29.05	102.5	27.01	29.05	102.9	26.88	29.05	104.2	26.74	29.05	105.6
14/06/2018 1:30:42 PM	3611791842	1013.00	27.03	29.04	102.7	27.04	29.04	102.6	26.87	29.04	104.3	26.75	29.04	105.5
14/06/2018 1:30:43 PM	3611791843	1013.00	27.01	29.04	102.9	27.00	29.04	103.0	26.87	29.04	104.3	26.71	29.04	105.9
14/06/2018 1:30:44 PM	3611791844	1013.00	27.01	29.03	102.9	27.02	29.03	102.8	26.90	29.03	104.0	26.71	29.03	105.9
14/06/2018 1:30:45 PM	3611791845	1013.00	27.03	29.04	102.7	27.01	29.04	102.9	26.88	29.04	104.2	26.69	29.04	106.1
14/06/2018 1:30:46 PM	3611791846	1013.00	27.06	29.04	102.4	27.00	29.04	103.0	26.88	29.04	104.2	26.73	29.04	105.7
14/06/2018 1:30:47 PM	3611791847	1013.00	27.04	29.04	102.6	26.95	29.04	103.5	26.90	29.04	104.0	26.72	29.04	105.8
14/06/2018 1:30:48 PM	3611791848	1013.00	27.06	29.03	102.5	26.99	29.03	103.1	26.87	29.03	104.3	26.73	29.03	105.7
14/06/2018 1:30:49 PM	3611791849	1013.00	27.02	29.04	102.8	26.96	29.04	103.4	26.86	29.04	104.4	26.73	29.04	105.7
14/06/2018 1:30:50 PM	3611791850	1013.00	27.04	29.03	102.7	26.96	29.03	103.4	26.89	29.03	104.1	26.74	29.03	105.6
14/06/2018 1:30:51 PM	3611791851	1013.00	27.04	29.02	102.7	26.94	29.02	103.6	26.89	29.02	104.1	26.69	29.02	106.2
14/06/2018 1:30:52 PM	3611791852	1013.00	27.05	29.03	102.6	27.08	29.03	102.3	26.92	29.03	103.8	26.70	29.03	106.0
14/06/2018 1:30:53 PM	3611791853	1013.00	27.07	29.03	102.4	27.01	29.03	102.9	26.91	29.03	103.9	26.70	29.03	106.0
14/06/2018 1:30:54 PM	3611791854	1013.00	27.01	29.02	103.0	26.99	29.02	103.2	26.94	29.02	103.6	26.74	29.02	105.6
14/06/2018 1:30:55 PM	3611791855	1013.00	27.06	29.03	102.5	27.03	29.03	102.7	26.91	29.03	103.9	26.73	29.03	105.7
14/06/2018 1:30:56 PM	3611791856	1013.00	27.04	29.04	102.6	27.06	29.04	102.4	26.90	29.04	104.0	26.72	29.04	105.8
14/06/2018 1:30:57 PM	3611791857	1013.00	27.07	29.04	102.3	27.04	29.04	102.6	26.88	29.04	104.2	26.73	29.04	105.7
14/06/2018 1:30:58 PM	3611791858	1013.00	27.05	29.03	102.6	26.98	29.03	103.2	26.93	29.03	103.7	26.74	29.03	105.6
14/06/2018 1:30:59 PM	3611791859	1013.00	27.03	29.04	102.7	27.01	29.04	102.9	26.87	29.04	104.3	26.73	29.04	105.7
14/06/2018 1:31:00 PM	3611791860	1013.00	27.05	29.04	102.5	27.02	29.04	102.8	26.91	29.04	103.9	26.72	29.04	105.8
14/06/2018 1:31:01 PM	3611791861	1013.00	27.04	29.03	102.7	26.98	29.03	103.2	26.93	29.03	103.7	26.73	29.03	105.7
14/06/2018 1:31:02 PM	3611791862	1013.00	27.05	29.03	102.6	27.04	29.03	102.7	26.92	29.03	103.8	26.72	29.03	105.8
14/06/2018 1:31:03 PM	3611791863	1013.00	27.09	29.03	102.2	27.02	29.03	102.8	26.94	29.03	103.6	26.73	29.03	105.7
14/06/2018 1:31:04 PM	3611791864	1013.00	27.06	29.03	102.5	27.04	29.03	102.7	26.87	29.03	104.3	26.69	29.03	106.1
14/06/2018 1:31:05 PM	3611791865	1013.00	27.06	29.03	102.5	27.02	29.03	102.8	26.92	29.03	103.8	26.73	29.03	105.7
14/06/2018 1:31:06 PM	3611791866	1013.00	27.06	29.03	102.5	26.97	29.03	103.3	26.89	29.03	104.1	26.69	29.03	106.1
14/06/2018 1:31:07 PM	3611791867	1013.00	27.04	29.03	102.7	27.04	29.03	102.7	26.95	29.03	103.5	26.73	29.03	105.7
14/06/2018 1:31:08 PM	3611791868	1013.00	27.08	29.03	102.3	27.04	29.03	102.7	26.92	29.03	103.8	26.69	29.03	106.1
14/06/2018 1:31:09 PM	3611791869	1013.00	27.10	29.03	102.1	27.02	29.03	102.8	26.87	29.03	104.3	26.72	29.03	105.8
14/06/2018 1:31:10 PM	3611791870	1013.00	27.06	29.03	102.5	27.04	29.03	102.7	26.97	29.03	103.3	26.74	29.03	105.6
14/06/2018 1:31:11 PM	3611791871	1013.00	27.04	29.03	102.7	27.05	29.03	102.6	26.85	29.03	104.5	26.72	29.03	105.8
14/06/2018 1:31:12 PM	3611791872	1013.00	27.08	29.02	102.3	27.02	29.02	102.9	26.91	29.02	103.9	26.72	29.02	105.8
14/06/2018 1:31:13 PM	3611791873	1013.00	27.08	29.03	102.3	27.04	29.03	102.7	26.91	29.03	103.9	26.70	29.03	106.0
14/06/2018 1:31:14 PM	3611791874	1013.00	27.06	29.03	102.5	27.06	29.03	102.5	26.90	29.03	104.0	26.75	29.03	105.5
14/06/2018 1:31:15 PM	3611791875	1013.00	27.05	29.02	102.6	27.05	29.02	102.6	26.86	29.02	104.4	26.71	29.02	105.9
14/06/2018 1:31:16 PM	3611791876	1013.00	27.05	29.02	102.6	27.07	29.02	102.4	26.92	29.02	103.8	26.72	29.02	105.8
14/06/2018 1:31:17 PM	3611791877	1013.00	27.07	29.03	102.4	27.05	29.03	102.6	26.87	29.03	104.3	26.70	29.03	106.0
14/06/2018 1:31:18 PM	3611791878	1013.00	27.07	29.03	102.4	27.13	29.03	101.8	26.91	29.03	103.9	26.73	29.03	105.7
14/06/2018 1:31:19 PM	3611791879	1013.00	27.05	29.03	102.6	27.08	29.03	102.3	26.91	29.03	103.9	26.73	29.03	105.7
14/06/2018 1:31:20 PM	3611791880	1013.00	27.07	29.03	102.4	27.03	29.03	102.7	26.92	29.03	103.8	26.72	29.03	105.8
14/06/2018 1:31:21 PM	3611791881	1013.00	27.07	29.03	102.4	27.02	29.03	102.8	26.94	29.03	103.6	26.69	29.03	106.1
14/06/2018 1:31:22 PM	3611791882	1013.00	27.08	29.03	102.3	27.07	29.03	102.4	26.95	29.03	103.5	26.73	29.03	105.7
14/06/2018 1:31:23 PM	3611791883	1013.00	27.08	29.03	102.3	27.08	29.03	102.3	26.93	29.03	103.7	26.74	29.03	105.6
14/06/2018 1:31:24 PM	3611791884	1013.00	27.10	29.03	102.1	27.09	29.03	102.2	26.91	29.03	103.9	26.74	29.03	105.6
14/06/2018 1:31:25 PM	3611791885	1013.00	27.09	29.03	102.2	27.08	29.03	102.3	26.93	29.03	103.7	26.73	29.03	105.7
14/06/2018 1:31:26 PM	3611791886	1013.00	27.07	29.03	102.4	27.07	29.03	102.4	26.92	29.03	103.8	26.77	29.03	105.3
14/06/2018 1:31:27 PM	3611791887	1013.00	27.08	29.03	102.3	27.13	29.03	101.8	26.97	29.03	103.3	26.71	29.03	105.9
14/06/2018 1:31:28 PM	3611791888	1013.00	27.11	29.03	102.0	27.17	29.03	101.4	26.92	29.03	103.8	26.73	29.03	105.7
14/06/2018 1:31:29 PM	3611791889	1013.00	27.10	29.03	102.1	27.11	29.03	102.0	26.97	29.03	103.3	26.74	29.03	105.6
14/06/2018 1:31:30 PM	3611791890	1013.00	27.09	29.03	102.2	27.12	29.03	101.9	26.96	29.03	103.4	26.74	29.03	105.6
14/06/2018 1:31:31 PM	3611791891	1013.00	27.10	29.02	102.1	27.14	29.02	101.7	26.92	29.02	103.8	26.73	29.02	105.7
14/06/2018 1:31:32 PM	3611791892	1013.00	27.10	29.02	102.1	27.13	29.02	101.8	26.91	29.02	103.9	26.74	29.02	105.6
14/06/2018 1:31:33 PM	3611791893	1013.00	27.10	29.02	102.1	27.14	29.02	101.7	26.95	29.02	103.6	26.72	29.02	105.8
14/06/2018 1:31:34 PM	3611791894	1013.00	27.11	29.01	102.0	27.15	29.01	101.6	26.93	29.01	103.8	26.72	29.01	105.9
14/06/2018 1:31:35 PM	3611791895	1013.00	27.14	29.02	101.7	27.16	29.02	101.5	26.96	29.02	103.5	26.73	29.02	105.7
14/06/2018 1:31:36 PM	3611791896	1013.00	27.08	29.03	102.3	27.19	29.03	101.2	26.90	29.03	104.0	26.72	29.03	105.8
14/06/2018 1:31:37 PM	3611791897	1013.00	27.08	29.02	102.3	27.14	29.02	101.7	26.97	29.02	103.4	26.74	29.02	105.6
14/06/2018 1:31:38 PM	3611791898	1013.00	27.10	29.02	102.1	27.20	29.02	101.1	26.90	29.02	104.0	26.71	29.02	105.9
14/06/2018 1:31:39 PM	3611791899	1013.00	27.12	29.02	101.9	27.13	29.02	101.8	26.95	29.02	103.6	26.75	29.02	105.5
14/06/2018 1:31:40 PM	3611791900	1013.00	27.12	29.03	101.9	27.14	29.03	101.7	26.90	29.03	104.0	26.74	29.03	105.6
14/06/2018 1:31:41 PM	3611791901	1013.00	27.13	29.03	101.8	27.20	29.03	101.1	26.92	29.03	103.8	26.74	29.03	105.6
14/06/2018 1:31:42 PM	3611791902	1013.00	27.10	29.02	102.1	27.17	29.02	101.4	26.97	29.02	103.4	26.72	29.02	105.8
14/06/2018 1:31:43 PM	3611791903	1013.00	27.11	29.02	102.0	27.20	29.02	101.1	26.92	29.02	103.8	26.71	29.02	105.9
14/06/2018 1:31:44 PM	3611791904	1013.00	27.10	29.02	102.1	27.18	29.02	101.3	26.96	29.02	103.5	26.70	29.02	106.0
14/06/2018 1:31:45 PM	3611791905	1013.00	27.11	29.01	102.0	27.16	29.01	101.5	26.93	29.01	103.8	26.72	29.01	105.9
14/06/2018 1:31:46 PM	3611791906	1013.00	27.13	29.01	101.8	27.21	29.01	101.0	26.91	29.01	104.0	26.75	29.01	105.6
14/06/2018 1:31:47 PM	3611791907	1013.00	27.15	29.01	101.6	27.16	29.01	101.5	26.96	29.01	103.5	26.73	29.01	105.8
14/06/2018 1:31:48 PM	3611791908	1013.00	27.11	29.01	102.0	27.21	29.01	101.0	26.93	29.01	103.8	26.74	29.01	105.7
14/06/2018 1:31:49 PM	3611791909	1013.00	27.14	29.02	101.7	27.17	29.02	101.4	26.93	29.02	103.7	26.74	29.02	105.6
14/06/2018 1:31:50 PM	3611791910	1013.00	27.16	29.02	101.5	27.22	29.02	100.9	26.98	29.02	103.3	26.69	29.02	106.2
14/06/2018 1:31:51 PM	3611791911	1013.00	27.17	29.01	101.4	27.19	29.01	101.2	26.98	29.01	103.3	26.74	29.01	105.7
14/06/2018 1:31:52 PM	3611791912	1013.00	27.14	29.01	101.7	27.23	29.01	100.9	27.01	29.01	103.0	26.73	29.01	105.8
14/06/2018 1:31:53 PM	3611791913	1013.00	27.12	29.02	101.9	27.21	29.02	101.0	26.93	29.02	103.7	26.72	29.02	105.8
14/06/2018 1:31:54 PM	3611791914	1013.00	27.15	29.01	101.6	27.20	29.01	101.1	26.93	29.01	103.8	26.73	29.01	105.8
14/06/2018 1:31:55 PM	3611791915	1013.00	27.16	29.02	101.5	27.19	29.02	101.2	26.94	29.02	103.6	26.72	29.02	105.8
14/06/2018 1:31:56 PM	3611791916	1013.00	27.17	29.02	101.4	27.23	29.02	100.8	27.00	29.02	103.1	26.73	29.02	105.7
14/06/2018 1:31:57 PM	3611791917	1013.00	27.14	29.02	101.7	27.18	29.02	101.3	27.00	29.02	103.1	26.73	29.02	105.7
14/06/2018 1:31:58 PM	3611791918	1013.00	27.16	29.02	101.5	27.21	29.02	101.0	26.98	29.02	103.3	26.73	29.02	105.7
14/06/2018 1:31:59 PM	3611791919	1013.00	27.16	29.02	101.5	27.22	29.02	100.9	26.95	29.02	103.6	26.75	29.02	105.5
14/06/2018 1:32:00 PM	3611791920	1013.00	27.17	29.01	101.4	27.22	29.01	101.0	26.96	29.01	103.5	26.74	29.01	105.7
14/06/2018 1:32:01 PM	3611791921	1013.00	27.18	29.01	101.3	27.25	29.01	100.7	26.93	29.01	103.8	26.74	29.01	105.7
14/06/2018 1:32:02 PM	3611791922	1013.00	27.16	29.01	101.5	27.23	29.01	100.9	26.96	29.01	103.5	26.74	29.01	105.7
14/06/2018 1:32:03 PM	3611791923	1013.00	27.15	29.01	101.6	27.16	29.01	101.5	26.96	29.01	103.5	26.72	29.01	105.9
14/06/2018 1:32:04 PM	3611791924	1013.00	27.19	29.02	101.2	27.21	29.02	101.0	26.94	29.02	103.6	26.72	29.02	105.8
14/06/2018 1:32:05 PM	3611791925	1013.00	27.17	29.02	101.4	27.30	29.02	100.2	26.95	29.02	103.6	26.73	29.02	105.7
14/06/2018 1:32:06 PM	3611791926	1013.00	27.20	29.02	101.1	27.24	29.02	100.7	27.01	29.02	103.0	26.75	29.02	105.5
14/06/2018 1:32:07 PM	3611791927	1013.00	27.17	29.01	101.4	27.20	29.01	101.1	26.97	29.01	103.4	26.72	29.01	105.9
14/06/2018 1:32:08 PM	3611791928	1013.00	27.16	29.02	101.5	27.26	29.02	100.6	26.97	29.02	103.4	26.73	29.02	105.7
14/06/2018 1:32:09 PM	3611791929	1013.00	27.17	29.02	101.4	27.20	29.02	101.1	26.99	29.02	103.2	26.72	29.02	105.8
14/06/2018 1:32:10 PM	3611791930	1013.00	27.22	29.02	100.9	27.22	29.02	100.9	26.99	29.02	103.2	26.73	29.02	105.7
14/06/2018 1:32:11 PM	3611791931	1013.00	27.21	29.02	101.0	27.26	29.02	100.6	26.97	29.02	103.4	26.74	29.02	105.6
14/06/2018 1:32:12 PM	3611791932	1013.00	27.19	29.03	101.2	27.29	29.03	100.3	27.00	29.03	103.0	26.72	29.03	105.8
14/06/2018 1:32:13 PM	3611791933	1013.00	27.16	29.02	101.5	27.20	29.02	101.1	26.98	29.02	103.3	26.74	29.02	105.6
14/06/2018 1:32:14 PM	3611791934	1013.00	27.18	29.02	101.3	27.22	29.02	100.9	26.95	29.02	103.6	26.71	29.02	105.9
14/06/2018 1:32:15 PM	3611791935	1013.00	27.21	29.02	101.0	27.23	29.02	100.8	27.04	29.02	102.7	26.72	29.02	105.8
14/06/2018 1:32:16 PM	3611791936	1013.00	27.21	29.03	101.0	27.19	29.03	101.2	26.97	29.03	103.3	26.74	29.03	105.6
14/06/2018 1:32:17 PM	3611791937	1013.00	27.21	29.02	101.0	27.25	29.02	100.6	27.03	29.02	102.8	26.71	29.02	105.9
14/06/2018 1:32:18 PM	3611791938	1013.00	27.21	29.01	101.0	27.24	29.01	100.8	26.98	29.01	103.3	26.74	29.01	105.7
14/06/2018 1:32:19 PM	3611791939	1013.00	27.22	29.01	101.0	27.22	29.01	101.0	26.96	29.01	103.5	26.74	29.01	105.7
14/06/2018 1:32:20 PM	3611791940	1013.00	27.26	29.01	100.6	27.27	29.01	100.5	27.00	29.01	103.1	26.74	29.01	105.7
14/06/2018 1:32:21 PM	3611791941	1013.00	27.21	29.00	101.1	27.25	29.00	100.7	26.97	29.00	103.4	26.76	29.00	105.5
14/06/2018 1:32:22 PM	3611791942	1013.00	27.25	29.00	100.7	27.19	29.00	101.3	27.02	29.00	102.9	26.74	29.00	105.7
14/06/2018 1:32:23 PM	3611791943	1013.00	27.22	29.00	101.0	27.22	29.00	101.0	27.02	29.00	102.9	26.73	29.00	105.8
14/06/2018 1:32:24 PM	3611791944	1013.00	27.21	29.00	101.1	27.30	29.00	100.2	27.05	29.00	102.6	26.72	29.00	105.9
14/06/2018 1:32:25 PM	3611791945	1013.00	27.25	29.00	100.7	27.25	29.00	100.7	27.00	29.00	103.1	26.71	29.00	106.0
14/06/2018 1:32:26 PM	3611791946	1013.00	27.27	29.01	100.5	27.23	29.01	100.9	27.02	29.01	102.9	26.72	29.01	105.9
14/06/2018 1:32:27 PM	3611791947	1013.00	27.23	29.01	100.9	27.26	29.01	100.6	27.09	29.01	102.2	26.72	29.01	105.9
14/06/2018 1:32:28 PM	3611791948	1013.00	27.27	29.02	100.5	27.32	29.02	100.0	27.02	29.02	102.9	26.74	29.02	105.6
14/06/2018 1:32:29 PM	3611791949	1013.00	27.26	29.02	100.6	27.27	29.02	100.5	27.04	29.02	102.7	26.73	29.02	105.7
14/06/2018 1:32:30 PM	3611791950	1013.00	27.26	29.01	100.6	27.26	29.01	100.6	27.02	29.01	102.9	26.73	29.01	105.8
14/06/2018 1:32:31 PM	3611791951	1013.00	27.26	29.01	100.6	27.27	29.01	100.5	27.05	29.01	102.6	26.71	29.01	106.0
14/06/2018 1:32:32 PM	3611791952	1013.00	27.24	29.00	100.8	27.28	29.00	100.4	27.06	29.00	102.5	26.73	29.00	105.8
14/06/2018 1:32:33 PM	3611791953	1013.00	27.27	29.00	100.5	27.28	29.00	100.4	27.01	29.00	103.0	26.75	29.00	105.6
14/06/2018 1:32:34 PM	3611791954	1013.00	27.24	29.01	100.8	27.24	29.01	100.8	27.08	29.01	102.3	26.71	29.01	106.0
14/06/2018 1:32:35 PM	3611791955	1013.00	27.25	29.00	100.7	27.29	29.00	100.3	27.01	29.00	103.0	26.75	29.00	105.6
14/06/2018 1:32:36 PM	3611791956	1013.00	27.26	29.01	100.6	27.30	29.01	100.2	27.08	29.01	102.3	26.72	29.01	105.9
14/06/2018 1:32:37 PM	3611791957	1013.00	27.25	29.02	100.6	27.31	29.02	100.1	27.07	29.02	102.4	26.73	29.02	105.7
14/06/2018 1:32:38 PM	3611791958	1013.00	27.25	29.01	100.7	27.28	29.01	100.4	27.06	29.01	102.5	26.71	29.01	106.0
14/06/2018 1:32:39 PM	3611791959	1013.00	27.24	29.01	100.8	27.25	29.01	100.7	27.06	29.01	102.5	26.70	29.01	106.1
14/06/2018 1:32:40 PM	3611791960	1013.00	27.29	29.01	100.3	27.32	29.01	100.0	27.04	29.01	102.7	26.75	29.01	105.6
14/06/2018 1:32:41 PM	3611791961	1013.00	27.27	29.00	100.5	27.27	29.00	100.5	27.06	29.00	102.5	26.75	29.00	105.6
14/06/2018 1:32:42 PM	3611791962	1013.00	27.30	29.00	100.2	27.26	29.00	100.6	27.06	29.00	102.5	26.73	29.00	105.8
14/06/2018 1:32:43 PM	3611791963	1013.00	27.27	29.00	100.5	27.33	29.00	99.9	27.08	29.00	102.3	26.74	29.00	105.7
14/06/2018 1:32:44 PM	3611791964	1013.00	27.30	28.99	100.2	27.30	28.99	100.2	27.07	28.99	102.4	26.75	28.99	105.6
14/06/2018 1:32:45 PM	3611791965	1013.00	27.29	29.00	100.3	27.30	29.00	100.2	27.07	29.00	102.4	26.73	29.00	105.8
14/06/2018 1:32:46 PM	3611791966	1013.00	27.29	29.00	100.3	27.29	29.00	100.3	27.07	29.00	102.4	26.72	29.00	105.9
14/06/2018 1:32:47 PM	3611791967	1013.00	27.30	29.00	100.2	27.25	29.00	100.7	27.08	29.00	102.3	26.72	29.00	105.9
14/06/2018 1:32:48 PM	3611791968	1013.00	27.27	29.01	100.5	27.28	29.01	100.4	27.08	29.01	102.3	26.77	29.01	105.4
14/06/2018 1:32:49 PM	3611791969	1013.00	27.32	29.02	100.0	27.27	29.02	100.5	27.07	29.02	102.4	26.75	29.02	105.5
14/06/2018 1:32:50 PM	3611791970	1013.00	27.32	29.03	100.0	27.34	29.03	99.8	27.06	29.03	102.5	26.74	29.03	105.6
14/06/2018 1:32:51 PM	3611791971	1013.00	27.29	29.03	100.3	27.32	29.03	100.0	27.07	29.03	102.4	26.73	29.03	105.7
14/06/2018 1:32:52 PM	3611791972	1013.00	27.31	29.03	100.1	27.33	29.03	99.9	27.10	29.03	102.1	26.72	29.03	105.8
14/06/2018 1:32:53 PM	3611791973	1013.00	27.32	29.02	100.0	27.30	29.02	100.2	27.11	29.02	102.0	26.73	29.02	105.7
14/06/2018 1:32:54 PM	3611791974	1013.00	27.34	29.01	99.8	27.33	29.01	99.9	27.07	29.01	102.4	26.73	29.01	105.8
14/06/2018 1:32:56 PM	3611791976	1013.00	27.32	29.01	100.0	27.29	29.01	100.3	27.13	29.01	101.8	26.76	29.01	105.5
14/06/2018 1:32:57 PM	3611791977	1013.00	27.33	29.01	99.9	27.33	29.01	99.9	27.04	29.01	102.7	26.73	29.01	105.8
14/06/2018 1:32:58 PM	3611791978	1013.00	27.31	29.00	100.1	27.33	29.00	99.9	27.10	29.00	102.1	26.71	29.00	106.0
14/06/2018 1:32:59 PM	3611791979	1013.00	27.35	29.01	99.7	27.28	29.01	100.4	27.10	29.01	102.1	26.72	29.01	105.9
14/06/2018 1:33:00 PM	3611791980	1013.00	27.32	29.01	100.0	27.30	29.01	100.2	27.10	29.01	102.1	26.72	29.01	105.9
14/06/2018 1:33:01 PM	3611791981	1013.00	27.35	29.01	99.7	27.32	29.01	100.0	27.07	29.01	102.4	26.73	29.01	105.8
14/06/2018 1:33:02 PM	3611791982	1013.00	27.34	29.01	99.8	27.34	29.01	99.8	27.10	29.01	102.1	26.76	29.01	105.5
14/06/2018 1:33:03 PM	3611791983	1013.00	27.37	29.02	99.5	27.25	29.02	100.6	27.11	29.02	102.0	26.73	29.02	105.7
14/06/2018 1:33:04 PM	3611791984	1013.00	27.34	29.02	99.8	27.39	29.02	99.3	27.11	29.02	102.0	26.74	29.02	105.6
14/06/2018 1:33:05 PM	3611791985	1013.00	27.37	29.01	99.5	27.31	29.01	100.1	27.06	29.01	102.5	26.75	29.01	105.6
14/06/2018 1:33:06 PM	3611791986	1013.00	27.35	29.01	99.7	27.32	29.01	100.0	27.10	29.01	102.1	26.74	29.01	105.7
14/06/2018 1:33:07 PM	3611791987	1013.00	27.39	29.01	99.3	27.36	29.01	99.6	27.04	29.01	102.7	26.76	29.01	105.5
14/06/2018 1:33:08 PM	3611791988	1013.00	27.35	29.01	99.7	27.32	29.01	100.0	27.09	29.01	102.2	26.70	29.01	106.1
14/06/2018 1:33:09 PM	3611791989	1013.00	27.35	29.01	99.7	27.34	29.01	99.8	27.09	29.01	102.2	26.75	29.01	105.6
14/06/2018 1:33:10 PM	3611791990	1013.00	27.37	29.01	99.5	27.31	29.01	100.1	27.10	29.01	102.1	26.73	29.01	105.8
14/06/2018 1:33:11 PM	3611791991	1013.00	27.39	29.01	99.3	27.33	29.01	99.9	27.11	29.01	102.0	26.77	29.01	105.4
14/06/2018 1:33:12 PM	3611791992	1013.00	27.38	29.01	99.4	27.34	29.01	99.8	27.07	29.01	102.4	26.74	29.01	105.7
14/06/2018 1:33:13 PM	3611791993	1013.00	27.41	29.01	99.2	27.31	29.01	100.1	27.15	29.01	101.6	26.69	29.01	106.2
14/06/2018 1:33:14 PM	3611791994	1013.00	27.37	29.01	99.5	27.34	29.01	99.8	27.10	29.01	102.1	26.75	29.01	105.6
14/06/2018 1:33:15 PM	3611791995	1013.00	27.41	29.02	99.1	27.32	29.02	100.0	27.12	29.02	101.9	26.74	29.02	105.6
14/06/2018 1:33:16 PM	3611791996	1013.00	27.39	29.01	99.3	27.34	29.01	99.8	27.10	29.01	102.1	26.78	29.01	105.3
14/06/2018 1:33:17 PM	3611791997	1013.00	27.42	29.01	99.1	27.32	29.01	100.0	27.08	29.01	102.3	26.73	29.01	105.8
14/06/2018 1:33:18 PM	3611791998	1013.00	27.40	29.02	99.2	27.33	29.02	99.9	27.08	29.02	102.3	26.72	29.02	105.8
14/06/2018 1:33:19 PM	3611791999	1013.00	27.38	29.02	99.4	27.31	29.02	100.1	27.16	29.02	101.5	26.74	29.02	105.6
14/06/2018 1:33:20 PM	3611792000	1013.00	27.41	29.01	99.2	27.34	29.01	99.8	27.10	29.01	102.1	26.75	29.01	105.6
14/06/2018 1:33:21 PM	3611792001	1013.00	27.37	29.02	99.5	27.32	29.02	100.0	27.09	29.02	102.2	26.75	29.02	105.5
14/06/2018 1:33:22 PM	3611792002	1013.00	27.42	29.02	99.0	27.33	29.02	99.9	27.09	29.02	102.2	26.76	29.02	105.4
14/06/2018 1:33:23 PM	3611792003	1013.00	27.41	29.02	99.1	27.34	29.02	99.8	27.12	29.02	101.9	26.75	29.02	105.5
14/06/2018 1:33:24 PM	3611792004	1013.00	27.41	29.02	99.1	27.32	29.02	100.0	27.12	29.02	101.9	26.73	29.02	105.7
14/06/2018 1:33:25 PM	3611792005	1013.00	27.40	29.02	99.2	27.28	29.02	100.4	27.12	29.02	101.9	26.75	29.02	105.5
14/06/2018 1:33:26 PM	3611792006	1013.00	27.41	29.02	99.1	27.36	29.02	99.6	27.14	29.02	101.7	26.73	29.02	105.7
14/06/2018 1:33:27 PM	3611792007	1013.00	27.41	29.02	99.1	27.36	29.02	99.6	27.16	29.02	101.5	26.73	29.02	105.7
14/06/2018 1:33:28 PM	3611792008	1013.00	27.41	29.02	99.1	27.35	29.02	99.7	27.11	29.02	102.0	26.76	29.02	105.4
14/06/2018 1:33:29 PM	3611792009	1013.00	27.41	29.02	99.1	27.31	29.02	100.1	27.16	29.02	101.5	26.73	29.02	105.7
14/06/2018 1:33:30 PM	3611792010	1013.00	27.42	29.02	99.0	27.37	29.02	99.5	27.13	29.02	101.8	26.71	29.02	105.9
14/06/2018 1:33:31 PM	3611792011	1013.00	27.42	29.03	99.0	27.33	29.03	99.9	27.16	29.03	101.5	26.76	29.03	105.4
14/06/2018 1:33:32 PM	3611792012	1013.00	27.42	29.04	99.0	27.36	29.04	99.6	27.13	29.04	101.8	26.74	29.04	105.6
14/06/2018 1:33:33 PM	3611792013	1013.00	27.42	29.04	99.0	27.34	29.04	99.8	27.13	29.04	101.8	26.72	29.04	105.8
14/06/2018 1:33:34 PM	3611792014	1013.00	27.46	29.05	98.6	27.28	29.05	100.3	27.15	29.05	101.6	26.77	29.05	105.3
14/06/2018 1:33:35 PM	3611792015	1013.00	27.41	29.05	99.1	27.31	29.05	100.0	27.15	29.05	101.6	26.76	29.05	105.4
14/06/2018 1:33:36 PM	3611792016	1013.00	27.45	29.05	98.7	27.31	29.05	100.0	27.14	29.05	101.6	26.75	29.05	105.5
14/06/2018 1:33:37 PM	3611792017	1013.00	27.43	29.06	98.9	27.36	29.06	99.5	27.14	29.06	101.6	26.75	29.06	105.5
14/06/2018 1:33:38 PM	3611792018	1013.00	27.43	29.06	98.9	27.40	29.06	99.2	27.19	29.06	101.1	26.76	29.06	105.4
14/06/2018 1:33:39 PM	3611792019	1013.00	27.42	29.05	99.0	27.39	29.05	99.3	27.17	29.05	101.4	26.71	29.05	105.9
14/06/2018 1:33:40 PM	3611792020	1013.00	27.45	29.06	98.7	27.30	29.06	100.1	27.18	29.06	101.2	26.77	29.06	105.3
14/06/2018 1:33:41 PM	3611792021	1013.00	27.44	29.06	98.8	27.32	29.06	99.9	27.16	29.06	101.4	26.75	29.06	105.5
14/06/2018 1:33:42 PM	3611792022	1013.00	27.45	29.06	98.7	27.42	29.06	99.0	27.17	29.06	101.3	26.76	29.06	105.4
14/06/2018 1:33:43 PM	3611792023	1013.00	27.44	29.06	98.8	27.40	29.06	99.2	27.13	29.06	101.7	26.75	29.06	105.5
14/06/2018 1:33:44 PM	3611792024	1013.00	27.46	29.06	98.6	27.34	29.06	99.7	27.19	29.06	101.1	26.76	29.06	105.4
14/06/2018 1:33:45 PM	3611792025	1013.00	27.46	29.06	98.6	27.35	29.06	99.6	27.16	29.06	101.4	26.76	29.06	105.4
14/06/2018 1:33:46 PM	3611792026	1013.00	27.48	29.06	98.4	27.39	29.06	99.3	27.20	29.06	101.1	26.74	29.06	105.6
14/06/2018 1:33:47 PM	3611792027	1013.00	27.47	29.06	98.5	27.42	29.06	99.0	27.18	29.06	101.2	26.69	29.06	106.1
14/06/2018 1:33:48 PM	3611792028	1013.00	27.45	29.06	98.7	27.41	29.06	99.1	27.17	29.06	101.3	26.75	29.06	105.5
14/06/2018 1:33:49 PM	3611792029	1013.00	27.49	29.05	98.3	27.45	29.05	98.7	27.11	29.05	101.9	26.72	29.05	105.8
14/06/2018 1:33:50 PM	3611792030	1013.00	27.48	29.05	98.4	27.40	29.05	99.2	27.18	29.05	101.3	26.72	29.05	105.8
14/06/2018 1:33:51 PM	3611792031	1013.00	27.51	29.05	98.2	27.44	29.05	98.8	27.15	29.05	101.6	26.73	29.05	105.7
14/06/2018 1:33:52 PM	3611792032	1013.00	27.49	29.05	98.3	27.38	29.05	99.4	27.16	29.05	101.5	26.73	29.05	105.7
14/06/2018 1:33:53 PM	3611792033	1013.00	27.48	29.05	98.4	27.38	29.05	99.4	27.14	29.05	101.6	26.75	29.05	105.5
14/06/2018 1:33:54 PM	3611792034	1013.00	27.50	29.06	98.2	27.40	29.06	99.2	27.15	29.06	101.5	26.72	29.06	105.8
14/06/2018 1:33:55 PM	3611792035	1013.00	27.48	29.06	98.4	27.38	29.06	99.4	27.23	29.06	100.8	26.72	29.06	105.8
14/06/2018 1:33:56 PM	3611792036	1013.00	27.50	29.06	98.2	27.45	29.06	98.7	27.16	29.06	101.4	26.74	29.06	105.6
14/06/2018 1:33:57 PM	3611792037	1013.00	27.52	29.08	98.0	27.37	29.08	99.4	27.19	29.08	101.1	26.76	29.08	105.3
14/06/2018 1:33:58 PM	3611792038	1013.00	27.51	29.08	98.1	27.42	29.08	98.9	27.20	29.08	101.0	26.73	29.08	105.6
14/06/2018 1:33:59 PM	3611792039	1013.00	27.51	29.07	98.1	27.40	29.07	99.1	27.18	29.07	101.2	26.72	29.07	105.8
14/06/2018 1:34:00 PM	3611792040	1013.00	27.49	29.07	98.3	27.45	29.07	98.7	27.18	29.07	101.2	26.76	29.07	105.4
14/06/2018 1:34:01 PM	3611792041	1013.00	27.49	29.06	98.3	27.44	29.06	98.8	27.20	29.06	101.1	26.73	29.06	105.7
14/06/2018 1:34:02 PM	3611792042	1013.00	27.51	29.05	98.2	27.45	29.05	98.7	27.23	29.05	100.8	26.72	29.05	105.8
14/06/2018 1:34:03 PM	3611792043	1013.00	27.54	29.05	97.9	27.40	29.05	99.2	27.19	29.05	101.2	26.74	29.05	105.6
14/06/2018 1:34:04 PM	3611792044	1013.00	27.52	29.06	98.1	27.39	29.06	99.3	27.15	29.06	101.5	26.75	29.06	105.5
14/06/2018 1:34:05 PM	3611792045	1013.00	27.51	29.07	98.1	27.39	29.07	99.2	27.22	29.07	100.8	26.75	29.07	105.5
14/06/2018 1:34:06 PM	3611792046	1013.00	27.54	29.07	97.9	27.41	29.07	99.1	27.21	29.07	100.9	26.74	29.07	105.6
14/06/2018 1:34:07 PM	3611792047	1013.00	27.55	29.07	97.8	27.42	29.07	99.0	27.18	29.07	101.2	26.74	29.07	105.6
14/06/2018 1:34:08 PM	3611792048	1013.00	27.55	29.07	97.8	27.42	29.07	99.0	27.20	29.07	101.0	26.74	29.07	105.6
14/06/2018 1:34:09 PM	3611792049	1013.00	27.51	29.07	98.1	27.44	29.07	98.8	27.21	29.07	100.9	26.73	29.07	105.7
14/06/2018 1:34:10 PM	3611792050	1013.00	27.53	29.07	97.9	27.43	29.07	98.9	27.22	29.07	100.8	26.77	29.07	105.3
14/06/2018 1:34:11 PM	3611792051	1013.00	27.55	29.07	97.8	27.37	29.07	99.4	27.22	29.07	100.8	26.74	29.07	105.6
14/06/2018 1:34:12 PM	3611792052	1013.00	27.57	29.07	97.6	27.45	29.07	98.7	27.22	29.07	100.8	26.76	29.07	105.4
14/06/2018 1:34:13 PM	3611792053	1013.00	27.55	29.07	97.8	27.42	29.07	99.0	27.23	29.07	100.8	26.72	29.07	105.8
14/06/2018 1:34:14 PM	3611792054	1013.00	27.52	29.07	98.0	27.44	29.07	98.8	27.20	29.07	101.0	26.75	29.07	105.5
14/06/2018 1:34:15 PM	3611792055	1013.00	27.56	29.07	97.7	27.46	29.07	98.6	27.18	29.07	101.2	26.73	29.07	105.7
14/06/2018 1:34:16 PM	3611792056	1013.00	27.54	29.07	97.9	27.45	29.07	98.7	27.22	29.07	100.8	26.75	29.07	105.5
14/06/2018 1:34:17 PM	3611792057	1013.00	27.59	29.06	97.4	27.42	29.06	99.0	27.23	29.06	100.8	26.77	29.06	105.3
14/06/2018 1:34:18 PM	3611792058	1013.00	27.55	29.07	97.8	27.41	29.07	99.1	27.26	29.07	100.5	26.73	29.07	105.7
14/06/2018 1:34:19 PM	3611792059	1013.00	27.56	29.07	97.7	27.47	29.07	98.5	27.24	29.07	100.7	26.74	29.07	105.6
14/06/2018 1:34:20 PM	3611792060	1013.00	27.56	29.08	97.7	27.44	29.08	98.8	27.21	29.08	100.9	26.76	29.08	105.3
14/06/2018 1:34:21 PM	3611792061	1013.00	27.58	29.08	97.5	27.38	29.08	99.3	27.22	29.08	100.8	26.75	29.08	105.4
14/06/2018 1:34:22 PM	3611792062	1013.00	27.57	29.08	97.6	27.45	29.08	98.7	27.23	29.08	100.7	26.73	29.08	105.6
14/06/2018 1:34:23 PM	3611792063	1013.00	27.58	29.07	97.5	27.43	29.07	98.9	27.24	29.07	100.7	26.75	29.07	105.5
14/06/2018 1:34:24 PM	3611792064	1013.00	27.57	29.07	97.6	27.48	29.07	98.4	27.23	29.07	100.8	26.74	29.07	105.6
14/06/2018 1:34:25 PM	3611792065	1013.00	27.58	29.06	97.5	27.49	29.06	98.3	27.23	29.06	100.8	26.73	29.06	105.7
14/06/2018 1:34:26 PM	3611792066	1013.00	27.58	29.06	97.5	27.47	29.06	98.5	27.25	29.06	100.6	26.70	29.06	106.0
14/06/2018 1:34:27 PM	3611792067	1013.00	27.58	29.06	97.5	27.44	29.06	98.8	27.25	29.06	100.6	26.72	29.06	105.8
14/06/2018 1:34:28 PM	3611792068	1013.00	27.59	29.07	97.4	27.46	29.07	98.6	27.24	29.07	100.7	26.74	29.07	105.6
14/06/2018 1:34:29 PM	3611792069	1013.00	27.60	29.07	97.3	27.48	29.07	98.4	27.22	29.07	100.8	26.72	29.07	105.8
14/06/2018 1:34:30 PM	3611792070	1013.00	27.58	29.07	97.5	27.48	29.07	98.4	27.27	29.07	100.4	26.76	29.07	105.4
14/06/2018 1:34:31 PM	3611792071	1013.00	27.58	29.07	97.5	27.49	29.07	98.3	27.25	29.07	100.6	26.74	29.07	105.6
14/06/2018 1:34:32 PM	3611792072	1013.00	27.62	29.07	97.1	27.51	29.07	98.1	27.27	29.07	100.4	26.77	29.07	105.3
14/06/2018 1:34:33 PM	3611792073	1013.00	27.59	29.07	97.4	27.54	29.07	97.9	27.22	29.07	100.8	26.75	29.07	105.5
14/06/2018 1:34:34 PM	3611792074	1013.00	27.59	29.07	97.4	27.47	29.07	98.5	27.23	29.07	100.8	26.73	29.07	105.7
14/06/2018 1:34:35 PM	3611792075	1013.00	27.63	29.07	97.0	27.45	29.07	98.7	27.26	29.07	100.5	26.78	29.07	105.2
14/06/2018 1:34:36 PM	3611792076	1013.00	27.61	29.07	97.2	27.50	29.07	98.2	27.25	29.07	100.6	26.74	29.07	105.6
14/06/2018 1:34:37 PM	3611792077	1013.00	27.62	29.07	97.1	27.51	29.07	98.1	27.27	29.07	100.4	26.73	29.07	105.7
14/06/2018 1:34:38 PM	3611792078	1013.00	27.62	29.08	97.1	27.48	29.08	98.4	27.26	29.08	100.4	26.74	29.08	105.5
14/06/2018 1:34:39 PM	3611792079	1013.00	27.62	29.07	97.1	27.51	29.07	98.1	27.29	29.07	100.2	26.75	29.07	105.5
14/06/2018 1:34:40 PM	3611792080	1013.00	27.60	29.06	97.3	27.48	29.06	98.4	27.31	29.06	100.0	26.75	29.06	105.5
14/06/2018 1:34:41 PM	3611792081	1013.00	27.62	29.06	97.1	27.53	29.06	98.0	27.29	29.06	100.2	26.75	29.06	105.5
14/06/2018 1:34:42 PM	3611792082	1013.00	27.63	29.06	97.0	27.51	29.06	98.1	27.29	29.06	100.2	26.78	29.06	105.2
14/06/2018 1:34:43 PM	3611792083	1013.00	27.63	29.06	97.0	27.48	29.06	98.4	27.26	29.06	100.5	26.73	29.06	105.7
14/06/2018 1:34:44 PM	3611792084	1013.00	27.65	29.07	96.8	27.54	29.07	97.9	27.26	29.07	100.5	26.79	29.07	105.1
14/06/2018 1:34:45 PM	3611792085	1013.00	27.63	29.08	97.0	27.55	29.08	97.7	27.28	29.08	100.3	26.73	29.08	105.6
14/06/2018 1:34:46 PM	3611792086	1013.00	27.64	29.08	96.9	27.53	29.08	97.9	27.27	29.08	100.4	26.75	29.08	105.4
14/06/2018 1:34:47 PM	3611792087	1013.00	27.64	29.08	96.9	27.51	29.08	98.1	27.28	29.08	100.3	26.76	29.08	105.3
14/06/2018 1:34:48 PM	3611792088	1013.00	27.63	29.08	97.0	27.54	29.08	97.8	27.29	29.08	100.2	26.74	29.08	105.5
14/06/2018 1:34:49 PM	3611792089	1013.00	27.65	29.08	96.8	27.52	29.08	98.0	27.28	29.08	100.3	26.76	29.08	105.3
14/06/2018 1:34:50 PM	3611792090	1013.00	27.64	29.08	96.9	27.60	29.08	97.3	27.28	29.08	100.3	26.72	29.08	105.7
14/06/2018 1:34:51 PM	3611792091	1013.00	27.65	29.08	96.8	27.47	29.08	98.5	27.29	29.08	100.2	26.73	29.08	105.6
14/06/2018 1:34:52 PM	3611792092	1013.00	27.65	29.09	96.8	27.56	29.09	97.6	27.29	29.09	100.1	26.74	29.09	105.5
14/06/2018 1:34:53 PM	3611792093	1013.00	27.66	29.08	96.7	27.51	29.08	98.1	27.31	29.08	100.0	26.73	29.08	105.6
14/06/2018 1:34:54 PM	3611792094	1013.00	27.66	29.08	96.7	27.51	29.08	98.1	27.30	29.08	100.1	26.75	29.08	105.4
14/06/2018 1:34:55 PM	3611792095	1013.00	27.67	29.08	96.6	27.55	29.08	97.7	27.34	29.08	99.7	26.77	29.08	105.2
14/06/2018 1:34:56 PM	3611792096	1013.00	27.68	29.08	96.6	27.53	29.08	97.9	27.31	29.08	100.0	26.73	29.08	105.6
14/06/2018 1:34:57 PM	3611792097	1013.00	27.67	29.07	96.7	27.50	29.07	98.2	27.35	29.07	99.6	26.74	29.07	105.6
14/06/2018 1:34:58 PM	3611792098	1013.00	27.68	29.07	96.6	27.56	29.07	97.7	27.32	29.07	99.9	26.73	29.07	105.7
14/06/2018 1:34:59 PM	3611792099	1013.00	27.68	29.08	96.6	27.59	29.08	97.4	27.32	29.08	99.9	26.73	29.08	105.6
14/06/2018 1:35:00 PM	3611792100	1013.00	27.68	29.08	96.6	27.58	29.08	97.5	27.28	29.08	100.3	26.74	29.08	105.5
14/06/2018 1:35:01 PM	3611792101	1013.00	27.67	29.07	96.7	27.61	29.07	97.2	27.32	29.07	99.9	26.73	29.07	105.7
14/06/2018 1:35:02 PM	3611792102	1013.00	27.66	29.07	96.8	27.57	29.07	97.6	27.31	29.07	100.0	26.75	29.07	105.5
14/06/2018 1:35:03 PM	3611792103	1013.00	27.68	29.08	96.6	27.55	29.08	97.7	27.33	29.08	99.8	26.72	29.08	105.7
14/06/2018 1:35:04 PM	3611792104	1013.00	27.71	29.08	96.3	27.59	29.08	97.4	27.35	29.08	99.6	26.73	29.08	105.6
14/06/2018 1:35:05 PM	3611792105	1013.00	27.69	29.08	96.5	27.60	29.08	97.3	27.30	29.08	100.1	26.74	29.08	105.5
14/06/2018 1:35:06 PM	3611792106	1013.00	27.71	29.08	96.3	27.64	29.08	96.9	27.30	29.08	100.1	26.76	29.08	105.3
14/06/2018 1:35:07 PM	3611792107	1013.00	27.71	29.09	96.3	27.65	29.09	96.8	27.30	29.09	100.1	26.73	29.09	105.6
14/06/2018 1:35:08 PM	3611792108	1013.00	27.69	29.08	96.5	27.70	29.08	96.4	27.37	29.08	99.4	26.75	29.08	105.4
14/06/2018 1:35:09 PM	3611792109	1013.00	27.72	29.08	96.2	27.62	29.08	97.1	27.27	29.08	100.4	26.74	29.08	105.5
14/06/2018 1:35:10 PM	3611792110	1013.00	27.73	29.09	96.1	27.61	29.09	97.2	27.34	29.09	99.7	26.76	29.09	105.3
14/06/2018 1:35:11 PM	3611792111	1013.00	27.74	29.09	96.0	27.61	29.09	97.2	27.29	29.09	100.1	26.74	29.09	105.5
14/06/2018 1:35:12 PM	3611792112	1013.00	27.73	29.08	96.1	27.61	29.08	97.2	27.34	29.08	99.7	26.74	29.08	105.5
14/06/2018 1:35:13 PM	3611792113	1013.00	27.73	29.08	96.1	27.64	29.08	96.9	27.37	29.08	99.4	26.75	29.08	105.4
14/06/2018 1:35:14 PM	3611792114	1013.00	27.73	29.08	96.1	27.68	29.08	96.6	27.32	29.08	99.9	26.74	29.08	105.5
14/06/2018 1:35:15 PM	3611792115	1013.00	27.72	29.07	96.2	27.66	29.07	96.8	27.36	29.07	99.5	26.73	29.07	105.7
14/06/2018 1:35:16 PM	3611792116	1013.00	27.71	29.07	96.3	27.65	29.07	96.8	27.35	29.07	99.6	26.76	29.07	105.4
14/06/2018 1:35:17 PM	3611792117	1013.00	27.74	29.07	96.0	27.64	29.07	96.9	27.34	29.07	99.7	26.74	29.07	105.6
14/06/2018 1:35:18 PM	3611792118	1013.00	27.75	29.07	95.9	27.66	29.07	96.8	27.32	29.07	99.9	26.77	29.07	105.3
14/06/2018 1:35:19 PM	3611792119	1013.00	27.73	29.08	96.1	27.59	29.08	97.4	27.31	29.08	100.0	26.74	29.08	105.5
14/06/2018 1:35:20 PM	3611792120	1013.00	27.73	29.08	96.1	27.74	29.08	96.0	27.37	29.08	99.4	26.75	29.08	105.4
14/06/2018 1:35:21 PM	3611792121	1013.00	27.74	29.08	96.0	27.67	29.08	96.6	27.40	29.08	99.1	26.74	29.08	105.5
14/06/2018 1:35:22 PM	3611792122	1013.00	27.76	29.08	95.8	27.75	29.08	95.9	27.35	29.08	99.6	26.75	29.08	105.4
14/06/2018 1:35:23 PM	3611792123	1013.00	27.77	29.09	95.7	27.62	29.09	97.1	27.38	29.09	99.3	26.76	29.09	105.3
14/06/2018 1:35:24 PM	3611792124	1013.00	27.76	29.09	95.8	27.68	29.09	96.5	27.34	29.09	99.7	26.72	29.09	105.7
14/06/2018 1:35:25 PM	3611792125	1013.00	27.76	29.09	95.8	27.71	29.09	96.3	27.35	29.09	99.6	26.76	29.09	105.3
14/06/2018 1:35:26 PM	3611792126	1013.00	27.77	29.10	95.7	27.64	29.10	96.9	27.33	29.10	99.8	26.74	29.10	105.5
14/06/2018 1:35:27 PM	3611792127	1013.00	27.75	29.10	95.9	27.70	29.10	96.3	27.36	29.10	99.5	26.74	29.10	105.5
14/06/2018 1:35:28 PM	3611792128	1013.00	27.79	29.10	95.5	27.67	29.10	96.6	27.36	29.10	99.5	26.74	29.10	105.5
14/06/2018 1:35:29 PM	3611792129	1013.00	27.78	29.10	95.6	27.69	29.10	96.4	27.39	29.10	99.2	26.76	29.10	105.3
14/06/2018 1:35:30 PM	3611792130	1013.00	27.78	29.09	95.6	27.69	29.09	96.5	27.41	29.09	99.0	26.76	29.09	105.3
14/06/2018 1:35:31 PM	3611792131	1013.00	27.75	29.08	95.9	27.67	29.08	96.6	27.35	29.08	99.6	26.72	29.08	105.7
14/06/2018 1:35:32 PM	3611792132	1013.00	27.79	29.08	95.6	27.71	29.08	96.3	27.35	29.08	99.6	26.77	29.08	105.2
14/06/2018 1:35:33 PM	3611792133	1013.00	27.77	29.09	95.7	27.72	29.09	96.2	27.38	29.09	99.3	26.75	29.09	105.4
14/06/2018 1:35:34 PM	3611792134	1013.00	27.79	29.08	95.6	27.72	29.08	96.2	27.39	29.08	99.2	26.77	29.08	105.2
14/06/2018 1:35:35 PM	3611792135	1013.00	27.79	29.08	95.6	27.75	29.08	95.9	27.39	29.08	99.2	26.73	29.08	105.6
14/06/2018 1:35:36 PM	3611792136	1013.00	27.81	29.09	95.4	27.75	29.09	95.9	27.42	29.09	98.9	26.73	29.09	105.6
14/06/2018 1:35:37 PM	3611792137	1013.00	27.80	29.08	95.5	27.72	29.08	96.2	27.41	29.08	99.0	26.76	29.08	105.3
14/06/2018 1:35:38 PM	3611792138	1013.00	27.78	29.09	95.6	27.71	29.09	96.3	27.42	29.09	98.9	26.74	29.09	105.5
14/06/2018 1:35:39 PM	3611792139	1013.00	27.81	29.09	95.4	27.73	29.09	96.1	27.41	29.09	99.0	26.75	29.09	105.4
14/06/2018 1:35:40 PM	3611792140	1013.00	27.82	29.10	95.3	27.69	29.10	96.4	27.39	29.10	99.2	26.75	29.10	105.4
14/06/2018 1:35:41 PM	3611792141	1013.00	27.84	29.10	95.1	27.75	29.10	95.9	27.40	29.10	99.1	26.73	29.10	105.6
14/06/2018 1:35:42 PM	3611792142	1013.00	27.81	29.10	95.4	27.72	29.10	96.2	27.44	29.10	98.7	26.76	29.10	105.3
14/06/2018 1:35:43 PM	3611792143	1013.00	27.82	29.10	95.3	27.74	29.10	96.0	27.42	29.10	98.9	26.75	29.10	105.4
14/06/2018 1:35:44 PM	3611792144	1013.00	27.83	29.11	95.2	27.72	29.11	96.1	27.40	29.11	99.1	26.77	29.11	105.2
14/06/2018 1:35:45 PM	3611792145	1013.00	27.83	29.10	95.2	27.75	29.10	95.9	27.42	29.10	98.9	26.72	29.10	105.7
14/06/2018 1:35:46 PM	3611792146	1013.00	27.86	29.10	94.9	27.72	29.10	96.2	27.46	29.10	98.5	26.77	29.10	105.2
14/06/2018 1:35:47 PM	3611792147	1013.00	27.83	29.11	95.2	27.71	29.11	96.2	27.42	29.11	98.9	26.75	29.11	105.4
14/06/2018 1:35:48 PM	3611792148	1013.00	27.82	29.10	95.3	27.78	29.10	95.6	27.45	29.10	98.6	26.75	29.10	105.4
14/06/2018 1:35:49 PM	3611792149	1013.00	27.83	29.10	95.2	27.78	29.10	95.6	27.44	29.10	98.7	26.76	29.10	105.3
14/06/2018 1:35:50 PM	3611792150	1013.00	27.85	29.11	95.0	27.76	29.11	95.8	27.45	29.11	98.6	26.74	29.11	105.5
14/06/2018 1:35:51 PM	3611792151	1013.00	27.85	29.11	95.0	27.75	29.11	95.9	27.43	29.11	98.8	26.74	29.11	105.5
14/06/2018 1:35:52 PM	3611792152	1013.00	27.87	29.11	94.8	27.76	29.11	95.8	27.42	29.11	98.9	26.77	29.11	105.2
14/06/2018 1:35:53 PM	3611792153	1013.00	27.84	29.11	95.1	27.78	29.11	95.6	27.41	29.11	99.0	26.72	29.11	105.7
14/06/2018 1:35:54 PM	3611792154	1013.00	27.88	29.10	94.7	27.74	29.10	96.0	27.41	29.10	99.0	26.75	29.10	105.4
14/06/2018 1:35:55 PM	3611792155	1013.00	27.90	29.10	94.6	27.73	29.10	96.1	27.46	29.10	98.5	26.78	29.10	105.1
14/06/2018 1:35:56 PM	3611792156	1013.00	27.86	29.09	94.9	27.82	29.09	95.3	27.49	29.09	98.3	26.78	29.09	105.1
14/06/2018 1:35:57 PM	3611792157	1013.00	27.88	29.10	94.7	27.77	29.10	95.7	27.46	29.10	98.5	26.75	29.10	105.4
14/06/2018 1:35:58 PM	3611792158	1013.00	27.90	29.10	94.6	27.77	29.10	95.7	27.43	29.10	98.8	26.75	29.10	105.4
14/06/2018 1:35:59 PM	3611792159	1013.00	27.87	29.10	94.8	27.77	29.10	95.7	27.42	29.10	98.9	26.76	29.10	105.3
14/06/2018 1:36:00 PM	3611792160	1013.00	27.91	29.10	94.5	27.80	29.10	95.4	27.45	29.10	98.6	26.76	29.10	105.3
14/06/2018 1:36:01 PM	3611792161	1013.00	27.89	29.11	94.6	27.80	29.11	95.4	27.45	29.11	98.6	26.78	29.11	105.1
14/06/2018 1:36:02 PM	3611792162	1013.00	27.92	29.10	94.4	27.77	29.10	95.7	27.48	29.10	98.4	26.75	29.10	105.4
14/06/2018 1:36:03 PM	3611792163	1013.00	27.93	29.10	94.3	27.73	29.10	96.1	27.47	29.10	98.4	26.73	29.10	105.6
14/06/2018 1:36:04 PM	3611792164	1013.00	27.92	29.10	94.4	27.82	29.10	95.3	27.49	29.10	98.3	26.74	29.10	105.5
14/06/2018 1:36:05 PM	3611792165	1013.00	27.92	29.09	94.4	27.72	29.09	96.2	27.47	29.09	98.5	26.76	29.09	105.3
14/06/2018 1:36:06 PM	3611792166	1013.00	27.94	29.10	94.2	27.73	29.10	96.1	27.50	29.10	98.2	26.75	29.10	105.4
14/06/2018 1:36:07 PM	3611792167	1013.00	27.95	29.10	94.1	27.77	29.10	95.7	27.48	29.10	98.4	26.75	29.10	105.4
14/06/2018 1:36:08 PM	3611792168	1013.00	27.95	29.10	94.1	27.83	29.10	95.2	27.46	29.10	98.5	26.74	29.10	105.5
14/06/2018 1:36:09 PM	3611792169	1013.00	27.95	29.10	94.1	27.83	29.10	95.2	27.47	29.10	98.4	26.74	29.10	105.5
14/06/2018 1:36:10 PM	3611792170	1013.00	27.93	29.11	94.3	27.77	29.11	95.7	27.47	29.11	98.4	26.76	29.11	105.3
14/06/2018 1:36:11 PM	3611792171	1013.00	27.95	29.11	94.1	27.80	29.11	95.4	27.49	29.11	98.2	26.75	29.11	105.4
14/06/2018 1:36:12 PM	3611792172	1013.00	27.97	29.10	93.9	27.84	29.10	95.1	27.48	29.10	98.4	26.73	29.10	105.6
14/06/2018 1:36:13 PM	3611792173	1013.00	27.98	29.11	93.8	27.81	29.11	95.3	27.47	29.11	98.4	26.76	29.11	105.3
14/06/2018 1:36:14 PM	3611792174	1013.00	27.99	29.11	93.8	27.81	29.11	95.3	27.47	29.11	98.4	26.76	29.11	105.3
14/06/2018 1:36:15 PM	3611792175	1013.00	27.99	29.10	93.8	27.85	29.10	95.0	27.45	29.10	98.6	26.73	29.10	105.6
14/06/2018 1:36:16 PM	3611792176	1013.00	27.97	29.11	93.9	27.83	29.11	95.2	27.47	29.11	98.4	26.75	29.11	105.4
14/06/2018 1:36:17 PM	3611792177	1013.00	28.00	29.12	93.7	27.86	29.12	94.9	27.51	29.12	98.0	26.74	29.12	105.5
14/06/2018 1:36:18 PM	3611792178	1013.00	27.99	29.11	93.8	27.78	29.11	95.6	27.51	29.11	98.1	26.73	29.11	105.6
14/06/2018 1:36:19 PM	3611792179	1013.00	27.99	29.11	93.8	27.86	29.11	94.9	27.45	29.11	98.6	26.78	29.11	105.1
14/06/2018 1:36:20 PM	3611792180	1013.00	28.00	29.12	93.7	27.86	29.12	94.9	27.46	29.12	98.5	26.78	29.12	105.1
14/06/2018 1:36:21 PM	3611792181	1013.00	28.01	29.12	93.6	27.87	29.12	94.8	27.50	29.12	98.1	26.79	29.12	105.0
14/06/2018 1:36:22 PM	3611792182	1013.00	28.00	29.11	93.7	27.79	29.11	95.5	27.46	29.11	98.5	26.72	29.11	105.7
14/06/2018 1:36:23 PM	3611792183	1013.00	28.00	29.12	93.7	27.85	29.12	95.0	27.51	29.12	98.0	26.77	29.12	105.2
14/06/2018 1:36:24 PM	3611792184	1013.00	27.98	29.12	93.8	27.81	29.12	95.3	27.54	29.12	97.8	26.74	29.12	105.5
14/06/2018 1:36:25 PM	3611792185	1013.00	28.02	29.12	93.5	27.84	29.12	95.1	27.52	29.12	98.0	26.77	29.12	105.2
14/06/2018 1:36:26 PM	3611792186	1013.00	28.01	29.12	93.6	27.79	29.12	95.5	27.46	29.12	98.5	26.76	29.12	105.3
14/06/2018 1:36:27 PM	3611792187	1013.00	28.04	29.12	93.3	27.79	29.12	95.5	27.54	29.12	97.8	26.75	29.12	105.4
14/06/2018 1:36:28 PM	3611792188	1013.00	28.02	29.12	93.5	27.84	29.12	95.1	27.51	29.12	98.0	26.74	29.12	105.5
14/06/2018 1:36:29 PM	3611792189	1013.00	28.02	29.12	93.5	27.83	29.12	95.1	27.50	29.12	98.1	26.76	29.12	105.3
14/06/2018 1:36:30 PM	3611792190	1013.00	28.05	29.12	93.2	27.82	29.12	95.2	27.54	29.12	97.8	26.76	29.12	105.3
14/06/2018 1:36:31 PM	3611792191	1013.00	28.02	29.12	93.5	27.88	29.12	94.7	27.51	29.12	98.0	26.73	29.12	105.6
14/06/2018 1:36:32 PM	3611792192	1013.00	27.99	29.12	93.7	27.85	29.12	95.0	27.54	29.12	97.8	26.75	29.12	105.4
14/06/2018 1:36:33 PM	3611792193	1013.00	28.03	29.13	93.4	27.84	29.13	95.0	27.54	29.13	97.8	26.75	29.13	105.3
14/06/2018 1:36:34 PM	3611792194	1013.00	28.01	29.12	93.6	27.89	29.12	94.6	27.52	29.12	98.0	26.76	29.12	105.3
14/06/2018 1:36:35 PM	3611792195	1013.00	28.02	29.13	93.5	27.85	29.13	95.0	27.49	29.13	98.2	26.78	29.13	105.0
14/06/2018 1:36:36 PM	3611792196	1013.00	28.02	29.13	93.5	27.83	29.13	95.1	27.55	29.13	97.7	26.73	29.13	105.5
14/06/2018 1:36:37 PM	3611792197	1013.00	28.03	29.13	93.4	27.89	29.13	94.6	27.53	29.13	97.8	26.76	29.13	105.2
14/06/2018 1:36:38 PM	3611792198	1013.00	28.05	29.13	93.2	27.90	29.13	94.5	27.52	29.13	97.9	26.73	29.13	105.5
14/06/2018 1:36:39 PM	3611792199	1013.00	28.05	29.14	93.2	27.91	29.14	94.4	27.53	29.14	97.8	26.74	29.14	105.4
14/06/2018 1:36:40 PM	3611792200	1013.00	28.04	29.13	93.3	27.91	29.13	94.4	27.53	29.13	97.8	26.73	29.13	105.5
14/06/2018 1:36:41 PM	3611792201	1013.00	28.05	29.13	93.2	27.87	29.13	94.8	27.47	29.13	98.4	26.76	29.13	105.2
14/06/2018 1:36:42 PM	3611792202	1013.00	28.05	29.14	93.2	27.84	29.14	95.0	27.53	29.14	97.8	26.74	29.14	105.4
14/06/2018 1:36:43 PM	3611792203	1013.00	28.06	29.14	93.1	27.92	29.14	94.3	27.54	29.14	97.7	26.77	29.14	105.1
14/06/2018 1:36:44 PM	3611792204	1013.00	28.02	29.14	93.4	27.90	29.14	94.5	27.55	29.14	97.6	26.74	29.14	105.4
14/06/2018 1:36:45 PM	3611792205	1013.00	28.04	29.14	93.3	27.86	29.14	94.9	27.55	29.14	97.6	26.76	29.14	105.2
14/06/2018 1:36:46 PM	3611792206	1013.00	28.06	29.14	93.1	27.86	29.14	94.9	27.53	29.14	97.8	26.74	29.14	105.4
14/06/2018 1:36:47 PM	3611792207	1013.00	28.03	29.14	93.4	27.95	29.14	94.1	27.57	29.14	97.5	26.77	29.14	105.1
14/06/2018 1:36:48 PM	3611792208	1013.00	28.09	29.14	92.8	27.89	29.14	94.6	27.58	29.14	97.4	26.74	29.14	105.4
14/06/2018 1:36:49 PM	3611792209	1013.00	28.07	29.14	93.0	27.87	29.14	94.8	27.55	29.14	97.6	26.75	29.14	105.3
14/06/2018 1:36:50 PM	3611792210	1013.00	28.04	29.14	93.3	27.93	29.14	94.2	27.54	29.14	97.7	26.75	29.14	105.3
14/06/2018 1:36:51 PM	3611792211	1013.00	28.04	29.14	93.3	27.89	29.14	94.6	27.53	29.14	97.8	26.77	29.14	105.1
14/06/2018 1:36:52 PM	3611792212	1013.00	28.08	29.14	92.9	27.89	29.14	94.6	27.56	29.14	97.6	26.77	29.14	105.1
14/06/2018 1:36:53 PM	3611792213	1013.00	28.09	29.14	92.8	27.90	29.14	94.5	27.53	29.14	97.8	26.78	29.14	105.0
14/06/2018 1:36:54 PM	3611792214	1013.00	28.05	29.15	93.2	27.86	29.15	94.8	27.58	29.15	97.4	26.77	29.15	105.1
14/06/2018 1:36:55 PM	3611792215	1013.00	28.09	29.14	92.8	27.89	29.14	94.6	27.59	29.14	97.3	26.73	29.14	105.5
14/06/2018 1:36:56 PM	3611792216	1013.00	28.10	29.14	92.8	27.85	29.14	94.9	27.54	29.14	97.7	26.74	29.14	105.4
14/06/2018 1:36:57 PM	3611792217	1013.00	28.10	29.14	92.8	27.87	29.14	94.8	27.59	29.14	97.3	26.76	29.14	105.2
14/06/2018 1:36:58 PM	3611792218	1013.00	28.06	29.15	93.1	27.90	29.15	94.5	27.57	29.15	97.4	26.77	29.15	105.1
14/06/2018 1:36:59 PM	3611792219	1013.00	28.08	29.15	92.9	27.93	29.15	94.2	27.56	29.15	97.5	26.76	29.15	105.2
14/06/2018 1:37:00 PM	3611792220	1013.00	28.09	29.16	92.8	27.87	29.16	94.7	27.55	29.16	97.6	26.77	29.16	105.1
14/06/2018 1:37:01 PM	3611792221	1013.00	28.08	29.16	92.9	27.88	29.16	94.6	27.53	29.16	97.8	26.77	29.16	105.1
14/06/2018 1:37:02 PM	3611792222	1013.00	28.11	29.16	92.6	27.95	29.16	94.0	27.59	29.16	97.2	26.72	29.16	105.6
14/06/2018 1:37:03 PM	3611792223	1013.00	28.09	29.16	92.8	27.91	29.16	94.4	27.59	29.16	97.2	26.77	29.16	105.1
14/06/2018 1:37:04 PM	3611792224	1013.00	28.12	29.16	92.6	27.90	29.16	94.5	27.55	29.16	97.6	26.77	29.16	105.1
14/06/2018 1:37:05 PM	3611792225	1013.00	28.12	29.16	92.6	27.94	29.16	94.1	27.61	29.16	97.1	26.78	29.16	105.0
14/06/2018 1:37:06 PM	3611792226	1013.00	28.12	29.15	92.6	27.89	29.15	94.6	27.57	29.15	97.4	26.75	29.15	105.3
14/06/2018 1:37:07 PM	3611792227	1013.00	28.15	29.16	92.3	27.88	29.16	94.6	27.59	29.16	97.2	26.74	29.16	105.4
14/06/2018 1:37:08 PM	3611792228	1013.00	28.13	29.16	92.5	27.91	29.16	94.4	27.58	29.16	97.3	26.74	29.16	105.4
14/06/2018 1:37:09 PM	3611792229	1013.00	28.12	29.16	92.6	27.98	29.16	93.8	27.62	29.16	97.0	26.75	29.16	105.3
14/06/2018 1:37:10 PM	3611792230	1013.00	28.17	29.17	92.1	27.89	29.17	94.5	27.53	29.17	97.8	26.73	29.17	105.5
14/06/2018 1:37:11 PM	3611792231	1013.00	28.16	29.17	92.2	27.89	29.17	94.5	27.62	29.17	97.0	26.76	29.17	105.2
14/06/2018 1:37:12 PM	3611792232	1013.00	28.19	29.17	91.9	27.95	29.17	94.0	27.57	29.17	97.4	26.74	29.17	105.4
14/06/2018 1:37:13 PM	3611792233	1013.00	28.18	29.16	92.0	27.86	29.16	94.8	27.56	29.16	97.5	26.75	29.16	105.3
14/06/2018 1:37:14 PM	3611792234	1013.00	28.16	29.17	92.2	27.87	29.17	94.7	27.62	29.17	97.0	26.77	29.17	105.1
14/06/2018 1:37:15 PM	3611792235	1013.00	28.18	29.17	92.0	27.93	29.17	94.2	27.62	29.17	97.0	26.78	29.17	105.0
14/06/2018 1:37:16 PM	3611792236	1013.00	28.23	29.16	91.6	27.95	29.16	94.0	27.64	29.16	96.8	26.74	29.16	105.4
14/06/2018 1:37:17 PM	3611792237	1013.00	28.21	29.16	91.8	27.89	29.16	94.6	27.60	29.16	97.2	26.75	29.16	105.3
14/06/2018 1:37:18 PM	3611792238	1013.00	28.19	29.16	92.0	27.84	29.16	95.0	27.62	29.16	97.0	26.78	29.16	105.0
14/06/2018 1:37:19 PM	3611792239	1013.00	28.21	29.16	91.8	27.90	29.16	94.5	27.63	29.16	96.9	26.76	29.16	105.2
14/06/2018 1:37:20 PM	3611792240	1013.00	28.23	29.16	91.6	27.96	29.16	93.9	27.59	29.16	97.2	26.74	29.16	105.4
14/06/2018 1:37:21 PM	3611792241	1013.00	28.22	29.16	91.7	27.89	29.16	94.6	27.60	29.16	97.2	26.74	29.16	105.4
14/06/2018 1:37:22 PM	3611792242	1013.00	28.26	29.17	91.3	27.93	29.17	94.2	27.62	29.17	97.0	26.77	29.17	105.1
14/06/2018 1:37:23 PM	3611792243	1013.00	28.21	29.17	91.8	27.96	29.17	93.9	27.60	29.17	97.1	26.77	29.17	105.1
14/06/2018 1:37:24 PM	3611792244	1013.00	28.25	29.17	91.4	27.95	29.17	94.0	27.61	29.17	97.0	26.76	29.17	105.2
14/06/2018 1:37:25 PM	3611792245	1013.00	28.23	29.17	91.6	27.98	29.17	93.7	27.65	29.17	96.7	26.76	29.17	105.2
14/06/2018 1:37:26 PM	3611792246	1013.00	28.24	29.17	91.5	27.93	29.17	94.2	27.65	29.17	96.7	26.73	29.17	105.5
14/06/2018 1:37:27 PM	3611792247	1013.00	28.25	29.16	91.4	27.85	29.16	94.9	27.64	29.16	96.8	26.75	29.16	105.3
14/06/2018 1:37:28 PM	3611792248	1013.00	28.22	29.16	91.7	27.91	29.16	94.4	27.68	29.16	96.4	26.78	29.16	105.0
14/06/2018 1:37:29 PM	3611792249	1013.00	28.24	29.16	91.5	27.96	29.16	93.9	27.61	29.16	97.1	26.73	29.16	105.5
14/06/2018 1:37:30 PM	3611792250	1013.00	28.23	29.16	91.6	27.88	29.16	94.6	27.67	29.16	96.5	26.75	29.16	105.3
14/06/2018 1:37:31 PM	3611792251	1013.00	28.25	29.16	91.4	27.95	29.16	94.0	27.65	29.16	96.7	26.77	29.16	105.1
14/06/2018 1:37:32 PM	3611792252	1013.00	28.24	29.15	91.5	27.91	29.15	94.4	27.69	29.15	96.4	26.76	29.15	105.2
14/06/2018 1:37:33 PM	3611792253	1013.00	28.25	29.15	91.5	27.95	29.15	94.0	27.72	29.15	96.1	26.76	29.15	105.2
14/06/2018 1:37:34 PM	3611792254	1013.00	28.26	29.16	91.4	27.95	29.16	94.0	27.63	29.16	96.9	26.75	29.16	105.3
14/06/2018 1:37:35 PM	3611792255	1013.00	28.27	29.15	91.3	27.93	29.15	94.2	27.69	29.15	96.4	26.77	29.15	105.1
14/06/2018 1:37:36 PM	3611792256	1013.00	28.28	29.16	91.2	27.95	29.16	94.0	27.62	29.16	97.0	26.75	29.16	105.3
14/06/2018 1:37:37 PM	3611792257	1013.00	28.26	29.17	91.3	27.91	29.17	94.4	27.66	29.17	96.6	26.76	29.17	105.2
14/06/2018 1:37:38 PM	3611792258	1013.00	28.29	29.16	91.1	27.95	29.16	94.0	27.67	29.16	96.5	26.75	29.16	105.3
14/06/2018 1:37:39 PM	3611792259	1013.00	28.27	29.16	91.3	27.98	29.16	93.8	27.64	29.16	96.8	26.75	29.16	105.3
14/06/2018 1:37:40 PM	3611792260	1013.00	28.30	29.16	91.0	28.01	29.16	93.5	27.60	29.16	97.2	26.74	29.16	105.4
14/06/2018 1:37:41 PM	3611792261	1013.00	28.27	29.16	91.3	27.94	29.16	94.1	27.66	29.16	96.6	26.75	29.16	105.3
14/06/2018 1:37:42 PM	3611792262	1013.00	28.31	29.15	91.0	27.94	29.15	94.1	27.64	29.15	96.8	26.72	29.15	105.6
14/06/2018 1:37:43 PM	3611792263	1013.00	28.31	29.16	90.9	27.92	29.16	94.3	27.66	29.16	96.6	26.75	29.16	105.3
14/06/2018 1:37:44 PM	3611792264	1013.00	28.29	29.16	91.1	27.92	29.16	94.3	27.68	29.16	96.4	26.76	29.16	105.2
14/06/2018 1:37:45 PM	3611792265	1013.00	28.28	29.16	91.2	27.96	29.16	93.9	27.71	29.16	96.2	26.73	29.16	105.5
14/06/2018 1:37:46 PM	3611792266	1013.00	28.31	29.16	90.9	27.93	29.16	94.2	27.68	29.16	96.4	26.74	29.16	105.4
14/06/2018 1:37:47 PM	3611792267	1013.00	28.30	29.16	91.0	27.96	29.16	93.9	27.67	29.16	96.5	26.76	29.16	105.2
14/06/2018 1:37:48 PM	3611792268	1013.00	28.30	29.16	91.0	27.94	29.16	94.1	27.70	29.16	96.2	26.79	29.16	104.9
14/06/2018 1:37:49 PM	3611792269	1013.00	28.31	29.16	90.9	27.98	29.16	93.8	27.67	29.16	96.5	26.77	29.16	105.1
14/06/2018 1:37:50 PM	3611792270	1013.00	28.30	29.17	91.0	27.94	29.17	94.1	27.65	29.17	96.7	26.78	29.17	105.0
14/06/2018 1:37:51 PM	3611792271	1013.00	28.32	29.17	90.8	27.97	29.17	93.8	27.67	29.17	96.5	26.76	29.17	105.2
14/06/2018 1:37:52 PM	3611792272	1013.00	28.30	29.17	91.0	27.98	29.17	93.7	27.72	29.17	96.0	26.76	29.17	105.2
14/06/2018 1:37:53 PM	3611792273	1013.00	28.29	29.18	91.1	28.02	29.18	93.4	27.67	29.18	96.5	26.76	29.18	105.2
14/06/2018 1:37:54 PM	3611792274	1013.00	28.31	29.19	90.9	27.99	29.19	93.6	27.69	29.19	96.3	26.74	29.19	105.3
14/06/2018 1:37:55 PM	3611792275	1013.00	28.32	29.19	90.8	27.96	29.19	93.9	27.70	29.19	96.2	26.77	29.19	105.0
14/06/2018 1:37:56 PM	3611792276	1013.00	28.30	29.19	91.0	27.95	29.19	94.0	27.69	29.19	96.3	26.74	29.19	105.3
14/06/2018 1:37:57 PM	3611792277	1013.00	28.30	29.20	91.0	27.95	29.20	94.0	27.70	29.20	96.2	26.78	29.20	104.9
14/06/2018 1:37:58 PM	3611792278	1013.00	28.34	29.20	90.6	28.02	29.20	93.4	27.71	29.20	96.1	26.76	29.20	105.1
14/06/2018 1:37:59 PM	3611792279	1013.00	28.31	29.20	90.9	27.93	29.20	94.1	27.70	29.20	96.2	26.75	29.20	105.2
14/06/2018 1:38:00 PM	3611792280	1013.00	28.34	29.20	90.6	27.99	29.20	93.6	27.74	29.20	95.8	26.77	29.20	105.0
14/06/2018 1:38:01 PM	3611792281	1013.00	28.36	29.20	90.5	28.00	29.20	93.5	27.72	29.20	96.0	26.73	29.20	105.4
14/06/2018 1:38:02 PM	3611792282	1013.00	28.33	29.20	90.7	27.96	29.20	93.9	27.67	29.20	96.4	26.76	29.20	105.1
14/06/2018 1:38:03 PM	3611792283	1013.00	28.34	29.20	90.6	27.99	29.20	93.6	27.74	29.20	95.8	26.79	29.20	104.8
14/06/2018 1:38:04 PM	3611792284	1013.00	28.38	29.21	90.3	28.05	29.21	93.1	27.73	29.21	95.9	26.77	29.21	105.0
14/06/2018 1:38:05 PM	3611792285	1013.00	28.33	29.21	90.7	28.04	29.21	93.2	27.71	29.21	96.1	26.76	29.21	105.1
14/06/2018 1:38:06 PM	3611792286	1013.00	28.36	29.21	90.4	28.02	29.21	93.3	27.68	29.21	96.3	26.78	29.21	104.9
14/06/2018 1:38:07 PM	3611792287	1013.00	28.38	29.21	90.3	28.01	29.21	93.4	27.70	29.21	96.2	26.78	29.21	104.9
14/06/2018 1:38:08 PM	3611792288	1013.00	28.38	29.20	90.3	28.01	29.20	93.4	27.70	29.20	96.2	26.75	29.20	105.2
14/06/2018 1:38:09 PM	3611792289	1013.00	28.40	29.20	90.1	27.96	29.20	93.9	27.74	29.20	95.8	26.75	29.20	105.2
14/06/2018 1:38:10 PM	3611792290	1013.00	28.37	29.21	90.4	27.99	29.21	93.6	27.70	29.21	96.2	26.78	29.21	104.9
14/06/2018 1:38:11 PM	3611792291	1013.00	28.37	29.21	90.4	28.03	29.21	93.2	27.69	29.21	96.3	26.73	29.21	105.4
14/06/2018 1:38:12 PM	3611792292	1013.00	28.37	29.21	90.4	28.02	29.21	93.3	27.70	29.21	96.2	26.76	29.21	105.1
14/06/2018 1:38:13 PM	3611792293	1013.00	28.39	29.22	90.2	27.99	29.22	93.6	27.72	29.22	96.0	26.76	29.22	105.1
14/06/2018 1:38:14 PM	3611792294	1013.00	28.40	29.21	90.1	28.01	29.21	93.4	27.71	29.21	96.1	26.76	29.21	105.1
14/06/2018 1:38:15 PM	3611792295	1013.00	28.40	29.21	90.1	28.02	29.21	93.3	27.73	29.21	95.9	26.74	29.21	105.3
14/06/2018 1:38:16 PM	3611792296	1013.00	28.41	29.21	90.0	28.05	29.21	93.1	27.72	29.21	96.0	26.77	29.21	105.0
14/06/2018 1:38:17 PM	3611792297	1013.00	28.40	29.21	90.1	28.04	29.21	93.2	27.72	29.21	96.0	26.76	29.21	105.1
14/06/2018 1:38:18 PM	3611792298	1013.00	28.41	29.22	90.0	28.05	29.22	93.1	27.74	29.22	95.8	26.78	29.22	104.9
14/06/2018 1:38:19 PM	3611792299	1013.00	28.41	29.22	90.0	28.01	29.22	93.4	27.75	29.22	95.7	26.77	29.22	105.0
14/06/2018 1:38:20 PM	3611792300	1013.00	28.40	29.22	90.1	28.04	29.22	93.1	27.77	29.22	95.5	26.77	29.22	105.0
14/06/2018 1:38:21 PM	3611792301	1013.00	28.41	29.22	90.0	28.06	29.22	93.0	27.72	29.22	96.0	26.78	29.22	104.9
14/06/2018 1:38:22 PM	3611792302	1013.00	28.41	29.22	90.0	28.06	29.22	93.0	27.73	29.22	95.9	26.73	29.22	105.4
14/06/2018 1:38:23 PM	3611792303	1013.00	28.41	29.22	90.0	28.07	29.22	92.9	27.71	29.22	96.1	26.77	29.22	105.0
14/06/2018 1:38:24 PM	3611792304	1013.00	28.44	29.22	89.8	28.08	29.22	92.8	27.75	29.22	95.7	26.74	29.22	105.3
14/06/2018 1:38:25 PM	3611792305	1013.00	28.43	29.22	89.8	28.00	29.22	93.5	27.73	29.22	95.9	26.74	29.22	105.3
14/06/2018 1:38:26 PM	3611792306	1013.00	28.43	29.23	89.8	28.01	29.23	93.4	27.77	29.23	95.5	26.75	29.23	105.2
14/06/2018 1:38:27 PM	3611792307	1013.00	28.42	29.23	89.9	28.12	29.23	92.4	27.76	29.23	95.6	26.78	29.23	104.9
14/06/2018 1:38:28 PM	3611792308	1013.00	28.43	29.23	89.8	28.08	29.23	92.8	27.74	29.23	95.8	26.76	29.23	105.1
14/06/2018 1:38:29 PM	3611792309	1013.00	28.41	29.23	90.0	28.08	29.23	92.8	27.78	29.23	95.4	26.77	29.23	105.0
14/06/2018 1:38:30 PM	3611792310	1013.00	28.43	29.23	89.8	28.06	29.23	93.0	27.75	29.23	95.7	26.74	29.23	105.3
14/06/2018 1:38:31 PM	3611792311	1013.00	28.41	29.23	90.0	28.09	29.23	92.7	27.79	29.23	95.3	26.75	29.23	105.2
14/06/2018 1:38:32 PM	3611792312	1013.00	28.43	29.23	89.8	28.06	29.23	93.0	27.79	29.23	95.3	26.74	29.23	105.3
14/06/2018 1:38:33 PM	3611792313	1013.00	28.43	29.23	89.8	28.09	29.23	92.7	27.75	29.23	95.7	26.75	29.23	105.2
14/06/2018 1:38:34 PM	3611792314	1013.00	28.45	29.23	89.7	28.07	29.23	92.9	27.75	29.23	95.7	26.77	29.23	105.0
14/06/2018 1:38:35 PM	3611792315	1013.00	28.44	29.22	89.8	28.09	29.22	92.7	27.77	29.22	95.5	26.78	29.22	104.9
14/06/2018 1:38:36 PM	3611792316	1013.00	28.46	29.22	89.6	28.05	29.22	93.1	27.81	29.22	95.2	26.76	29.22	105.1
14/06/2018 1:38:37 PM	3611792317	1013.00	28.45	29.22	89.7	28.06	29.22	93.0	27.76	29.22	95.6	26.73	29.22	105.4
14/06/2018 1:38:38 PM	3611792318	1013.00	28.45	29.22	89.7	28.11	29.22	92.5	27.77	29.22	95.5	26.76	29.22	105.1
14/06/2018 1:38:39 PM	3611792319	1013.00	28.45	29.22	89.7	28.09	29.22	92.7	27.78	29.22	95.4	26.77	29.22	105.0
14/06/2018 1:38:40 PM	3611792320	1013.00	28.47	29.23	89.5	28.10	29.23	92.6	27.78	29.23	95.4	26.77	29.23	105.0
14/06/2018 1:38:41 PM	3611792321	1013.00	28.43	29.22	89.8	28.09	29.22	92.7	27.77	29.22	95.5	26.75	29.22	105.2
14/06/2018 1:38:42 PM	3611792322	1013.00	28.45	29.22	89.7	28.18	29.22	91.9	27.76	29.22	95.6	26.75	29.22	105.2
14/06/2018 1:38:43 PM	3611792323	1013.00	28.48	29.23	89.4	28.10	29.23	92.6	27.77	29.23	95.5	26.77	29.23	105.0
14/06/2018 1:38:44 PM	3611792324	1013.00	28.49	29.23	89.3	28.13	29.23	92.4	27.76	29.23	95.6	26.75	29.23	105.2
14/06/2018 1:38:45 PM	3611792325	1013.00	28.48	29.23	89.4	28.15	29.23	92.2	27.78	29.23	95.4	26.77	29.23	105.0
14/06/2018 1:38:46 PM	3611792326	1013.00	28.48	29.24	89.4	28.09	29.24	92.7	27.74	29.24	95.8	26.76	29.24	105.0
14/06/2018 1:38:47 PM	3611792327	1013.00	28.48	29.24	89.4	28.08	29.24	92.8	27.81	29.24	95.1	26.76	29.24	105.0
14/06/2018 1:38:48 PM	3611792328	1013.00	28.49	29.24	89.3	28.11	29.24	92.5	27.79	29.24	95.3	26.78	29.24	104.8
14/06/2018 1:38:49 PM	3611792329	1013.00	28.49	29.24	89.3	28.14	29.24	92.3	27.78	29.24	95.4	26.75	29.24	105.1
14/06/2018 1:38:50 PM	3611792330	1013.00	28.47	29.24	89.5	28.15	29.24	92.2	27.78	29.24	95.4	26.76	29.24	105.0
14/06/2018 1:38:51 PM	3611792331	1013.00	28.49	29.24	89.3	28.16	29.24	92.1	27.78	29.24	95.4	26.76	29.24	105.0
14/06/2018 1:38:52 PM	3611792332	1013.00	28.51	29.23	89.2	28.16	29.23	92.1	27.83	29.23	95.0	26.78	29.23	104.9
14/06/2018 1:38:53 PM	3611792333	1013.00	28.49	29.23	89.3	28.14	29.23	92.3	27.80	29.23	95.2	26.72	29.23	105.5
14/06/2018 1:38:54 PM	3611792334	1013.00	28.49	29.24	89.3	28.15	29.24	92.2	27.80	29.24	95.2	26.73	29.24	105.3
14/06/2018 1:38:55 PM	3611792335	1013.00	28.49	29.24	89.3	28.12	29.24	92.4	27.80	29.24	95.2	26.76	29.24	105.0
14/06/2018 1:38:56 PM	3611792336	1013.00	28.51	29.24	89.2	28.10	29.24	92.6	27.81	29.24	95.1	26.80	29.24	104.6
14/06/2018 1:38:57 PM	3611792337	1013.00	28.50	29.25	89.2	28.15	29.25	92.2	27.82	29.25	95.0	26.77	29.25	104.9
14/06/2018 1:38:58 PM	3611792338	1013.00	28.51	29.26	89.1	28.16	29.26	92.1	27.83	29.26	94.9	26.75	29.26	105.1
14/06/2018 1:38:59 PM	3611792339	1013.00	28.52	29.26	89.0	28.11	29.26	92.5	27.81	29.26	95.1	26.75	29.26	105.1
14/06/2018 1:39:00 PM	3611792340	1013.00	28.51	29.26	89.1	28.18	29.26	91.9	27.77	29.26	95.5	26.78	29.26	104.8
14/06/2018 1:39:01 PM	3611792341	1013.00	28.51	29.25	89.1	28.13	29.25	92.3	27.81	29.25	95.1	26.76	29.25	105.0
14/06/2018 1:39:02 PM	3611792342	1013.00	28.53	29.25	89.0	28.13	29.25	92.3	27.78	29.25	95.4	26.78	29.25	104.8
14/06/2018 1:39:03 PM	3611792343	1013.00	28.53	29.25	89.0	28.12	29.25	92.4	27.80	29.25	95.2	26.77	29.25	104.9
14/06/2018 1:39:04 PM	3611792344	1013.00	28.51	29.25	89.1	28.17	29.25	92.0	27.80	29.25	95.2	26.73	29.25	105.3
14/06/2018 1:39:05 PM	3611792345	1013.00	28.53	29.26	89.0	28.13	29.26	92.3	27.77	29.26	95.5	26.76	29.26	105.0
14/06/2018 1:39:06 PM	3611792346	1013.00	28.53	29.26	89.0	28.16	29.26	92.1	27.79	29.26	95.3	26.74	29.26	105.2
14/06/2018 1:39:07 PM	3611792347	1013.00	28.50	29.27	89.2	28.12	29.27	92.4	27.76	29.27	95.5	26.78	29.27	104.8
14/06/2018 1:39:08 PM	3611792348	1013.00	28.54	29.27	88.9	28.13	29.27	92.3	27.79	29.27	95.3	26.78	29.27	104.8
14/06/2018 1:39:09 PM	3611792349	1013.00	28.52	29.27	89.0	28.14	29.27	92.2	27.79	29.27	95.3	26.76	29.27	105.0
14/06/2018 1:39:10 PM	3611792350	1013.00	28.54	29.27	88.9	28.16	29.27	92.0	27.76	29.27	95.5	26.76	29.27	105.0
14/06/2018 1:39:11 PM	3611792351	1013.00	28.53	29.27	88.9	28.18	29.27	91.9	27.78	29.27	95.3	26.77	29.27	104.9
14/06/2018 1:39:12 PM	3611792352	1013.00	28.53	29.27	88.9	28.19	29.27	91.8	27.79	29.27	95.3	26.76	29.27	105.0
14/06/2018 1:39:13 PM	3611792353	1013.00	28.55	29.28	88.8	28.20	29.28	91.7	27.79	29.28	95.2	26.78	29.28	104.8
14/06/2018 1:39:14 PM	3611792354	1013.00	28.55	29.28	88.8	28.15	29.28	92.1	27.81	29.28	95.1	26.75	29.28	105.1
14/06/2018 1:39:15 PM	3611792355	1013.00	28.55	29.28	88.8	28.19	29.28	91.8	27.78	29.28	95.3	26.75	29.28	105.1
14/06/2018 1:39:16 PM	3611792356	1013.00	28.55	29.28	88.8	28.23	29.28	91.4	27.79	29.28	95.2	26.77	29.28	104.9
14/06/2018 1:39:17 PM	3611792357	1013.00	28.56	29.28	88.7	28.18	29.28	91.9	27.81	29.28	95.1	26.73	29.28	105.3
14/06/2018 1:39:18 PM	3611792358	1013.00	28.54	29.28	88.8	28.22	29.28	91.5	27.83	29.28	94.9	26.79	29.28	104.7
14/06/2018 1:39:19 PM	3611792359	1013.00	28.57	29.28	88.6	28.16	29.28	92.0	27.79	29.28	95.2	26.79	29.28	104.7
14/06/2018 1:39:20 PM	3611792360	1013.00	28.56	29.27	88.7	28.22	29.27	91.5	27.81	29.27	95.1	26.77	29.27	104.9
14/06/2018 1:39:21 PM	3611792361	1013.00	28.56	29.27	88.7	28.18	29.27	91.9	27.80	29.27	95.2	26.78	29.27	104.8
14/06/2018 1:39:22 PM	3611792362	1013.00	28.61	29.27	88.3	28.16	29.27	92.0	27.82	29.27	95.0	26.76	29.27	105.0
14/06/2018 1:39:23 PM	3611792363	1013.00	28.58	29.27	88.5	28.15	29.27	92.1	27.83	29.27	94.9	26.76	29.27	105.0
14/06/2018 1:39:24 PM	3611792364	1013.00	28.57	29.26	88.6	28.21	29.26	91.6	27.80	29.26	95.2	26.75	29.26	105.1
14/06/2018 1:39:25 PM	3611792365	1013.00	28.59	29.28	88.4	28.18	29.28	91.9	27.83	29.28	94.9	26.79	29.28	104.7
14/06/2018 1:39:26 PM	3611792366	1013.00	28.58	29.28	88.5	28.22	29.28	91.5	27.81	29.28	95.1	26.76	29.28	105.0
14/06/2018 1:39:27 PM	3611792367	1013.00	28.58	29.28	88.5	28.18	29.28	91.9	27.80	29.28	95.2	26.77	29.28	104.9
14/06/2018 1:39:28 PM	3611792368	1013.00	28.61	29.28	88.3	28.22	29.28	91.5	27.83	29.28	94.9	26.79	29.28	104.7
14/06/2018 1:39:29 PM	3611792369	1013.00	28.58	29.28	88.5	28.20	29.28	91.7	27.83	29.28	94.9	26.76	29.28	105.0
14/06/2018 1:39:30 PM	3611792370	1013.00	28.61	29.28	88.3	28.21	29.28	91.6	27.82	29.28	95.0	26.77	29.28	104.9
14/06/2018 1:39:31 PM	3611792371	1013.00	28.60	29.27	88.4	28.22	29.27	91.5	27.84	29.27	94.8	26.74	29.27	105.2
14/06/2018 1:39:32 PM	3611792372	1013.00	28.61	29.27	88.3	28.22	29.27	91.5	27.89	29.27	94.4	26.76	29.27	105.0
14/06/2018 1:39:33 PM	3611792373	1013.00	28.62	29.28	88.2	28.19	29.28	91.8	27.88	29.28	94.4	26.77	29.28	104.9
14/06/2018 1:39:34 PM	3611792374	1013.00	28.62	29.28	88.2	28.18	29.28	91.9	27.88	29.28	94.4	26.78	29.28	104.8
14/06/2018 1:39:35 PM	3611792375	1013.00	28.62	29.28	88.2	28.24	29.28	91.3	27.84	29.28	94.8	26.77	29.28	104.9
14/06/2018 1:39:36 PM	3611792376	1013.00	28.61	29.28	88.3	28.17	29.28	91.9	27.87	29.28	94.5	26.78	29.28	104.8
14/06/2018 1:39:37 PM	3611792377	1013.00	28.61	29.28	88.3	28.23	29.28	91.4	27.85	29.28	94.7	26.78	29.28	104.8
14/06/2018 1:39:38 PM	3611792378	1013.00	28.63	29.28	88.1	28.26	29.28	91.2	27.82	29.28	95.0	26.76	29.28	105.0
14/06/2018 1:39:39 PM	3611792379	1013.00	28.64	29.28	88.0	28.20	29.28	91.7	27.87	29.28	94.5	26.76	29.28	105.0
14/06/2018 1:39:40 PM	3611792380	1013.00	28.63	29.29	88.1	28.25	29.29	91.2	27.85	29.29	94.7	26.75	29.29	105.1
14/06/2018 1:39:41 PM	3611792381	1013.00	28.64	29.30	88.0	28.17	29.30	91.9	27.88	29.30	94.4	26.76	29.30	104.9
14/06/2018 1:39:42 PM	3611792382	1013.00	28.63	29.30	88.1	28.18	29.30	91.8	27.89	29.30	94.3	26.75	29.30	105.0
14/06/2018 1:39:43 PM	3611792383	1013.00	28.62	29.30	88.2	28.24	29.30	91.3	27.83	29.30	94.9	26.75	29.30	105.0
14/06/2018 1:39:44 PM	3611792384	1013.00	28.63	29.31	88.1	28.17	29.31	91.9	27.85	29.31	94.7	26.76	29.31	104.9
14/06/2018 1:39:45 PM	3611792385	1013.00	28.67	29.30	87.8	28.26	29.30	91.1	27.88	29.30	94.4	26.76	29.30	104.9
14/06/2018 1:39:46 PM	3611792386	1013.00	28.66	29.31	87.8	28.19	29.31	91.7	27.88	29.31	94.4	26.74	29.31	105.1
14/06/2018 1:39:47 PM	3611792387	1013.00	28.65	29.31	87.9	28.23	29.31	91.4	27.89	29.31	94.3	26.76	29.31	104.9
14/06/2018 1:39:48 PM	3611792388	1013.00	28.68	29.30	87.7	28.24	29.30	91.3	27.82	29.30	94.9	26.74	29.30	105.1
14/06/2018 1:39:49 PM	3611792389	1013.00	28.66	29.30	87.8	28.22	29.30	91.5	27.89	29.30	94.3	26.77	29.30	104.8
14/06/2018 1:39:50 PM	3611792390	1013.00	28.66	29.31	87.8	28.19	29.31	91.7	27.86	29.31	94.6	26.79	29.31	104.6
14/06/2018 1:39:51 PM	3611792391	1013.00	28.65	29.30	87.9	28.23	29.30	91.4	27.88	29.30	94.4	26.74	29.30	105.1
14/06/2018 1:39:52 PM	3611792392	1013.00	28.68	29.31	87.7	28.20	29.31	91.6	27.87	29.31	94.5	26.77	29.31	104.8
14/06/2018 1:39:53 PM	3611792393	1013.00	28.68	29.30	87.7	28.24	29.30	91.3	27.88	29.30	94.4	26.77	29.30	104.8
14/06/2018 1:39:54 PM	3611792394	1013.00	28.71	29.30	87.4	28.20	29.30	91.6	27.85	29.30	94.7	26.74	29.30	105.1
14/06/2018 1:39:55 PM	3611792395	1013.00	28.68	29.30	87.7	28.27	29.30	91.1	27.90	29.30	94.2	26.75	29.30	105.0
14/06/2018 1:39:56 PM	3611792396	1013.00	28.70	29.30	87.5	28.28	29.30	91.0	27.87	29.30	94.5	26.77	29.30	104.8
14/06/2018 1:39:57 PM	3611792397	1013.00	28.69	29.29	87.6	28.25	29.29	91.2	27.87	29.29	94.5	26.74	29.29	105.2
14/06/2018 1:39:58 PM	3611792398	1013.00	28.68	29.30	87.7	28.23	29.30	91.4	27.92	29.30	94.1	26.77	29.30	104.8
14/06/2018 1:39:59 PM	3611792399	1013.00	28.71	29.31	87.4	28.27	29.31	91.0	27.89	29.31	94.3	26.77	29.31	104.8
14/06/2018 1:40:00 PM	3611792400	1013.00	28.72	29.31	87.3	28.26	29.31	91.1	27.87	29.31	94.5	26.76	29.31	104.9
14/06/2018 1:40:01 PM	3611792401	1013.00	28.76	29.31	87.0	28.26	29.31	91.1	27.90	29.31	94.2	26.76	29.31	104.9
14/06/2018 1:40:02 PM	3611792402	1013.00	28.73	29.31	87.3	28.25	29.31	91.2	27.87	29.31	94.5	26.76	29.31	104.9
14/06/2018 1:40:03 PM	3611792403	1013.00	28.76	29.32	87.0	28.19	29.32	91.7	27.91	29.32	94.1	26.79	29.32	104.6
14/06/2018 1:40:04 PM	3611792404	1013.00	28.74	29.31	87.2	28.24	29.31	91.3	27.87	29.31	94.5	26.72	29.31	105.3
14/06/2018 1:40:05 PM	3611792405	1013.00	28.75	29.31	87.1	28.24	29.31	91.3	27.94	29.31	93.9	26.79	29.31	104.6
14/06/2018 1:40:06 PM	3611792406	1013.00	28.76	29.30	87.0	28.21	29.30	91.6	27.89	29.30	94.3	26.79	29.30	104.6
14/06/2018 1:40:07 PM	3611792407	1013.00	28.76	29.30	87.0	28.28	29.30	91.0	27.88	29.30	94.4	26.77	29.30	104.8
14/06/2018 1:40:08 PM	3611792408	1013.00	28.78	29.30	86.9	28.23	29.30	91.4	27.90	29.30	94.2	26.80	29.30	104.5
14/06/2018 1:40:09 PM	3611792409	1013.00	28.75	29.31	87.1	28.27	29.31	91.0	27.85	29.31	94.7	26.80	29.31	104.5
14/06/2018 1:40:10 PM	3611792410	1013.00	28.76	29.32	87.0	28.29	29.32	90.9	27.92	29.32	94.0	26.77	29.32	104.8
14/06/2018 1:40:11 PM	3611792411	1013.00	28.77	29.32	86.9	28.27	29.32	91.0	27.93	29.32	93.9	26.76	29.32	104.9
14/06/2018 1:40:12 PM	3611792412	1013.00	28.76	29.33	87.0	28.30	29.33	90.8	27.92	29.33	94.0	26.75	29.33	105.0
14/06/2018 1:40:13 PM	3611792413	1013.00	28.77	29.33	86.9	28.33	29.33	90.5	27.95	29.33	93.8	26.78	29.33	104.7
14/06/2018 1:40:14 PM	3611792414	1013.00	28.79	29.33	86.8	28.27	29.33	91.0	27.91	29.33	94.1	26.75	29.33	105.0
14/06/2018 1:40:15 PM	3611792415	1013.00	28.74	29.32	87.2	28.27	29.32	91.0	27.92	29.32	94.0	26.75	29.32	105.0
14/06/2018 1:40:16 PM	3611792416	1013.00	28.76	29.32	87.0	28.28	29.32	90.9	27.91	29.32	94.1	26.75	29.32	105.0
14/06/2018 1:40:17 PM	3611792417	1013.00	28.77	29.32	86.9	28.31	29.32	90.7	27.93	29.32	93.9	26.79	29.32	104.6
14/06/2018 1:40:18 PM	3611792418	1013.00	28.77	29.31	87.0	28.36	29.31	90.3	27.92	29.31	94.0	26.79	29.31	104.6
14/06/2018 1:40:19 PM	3611792419	1013.00	28.75	29.31	87.1	28.34	29.31	90.5	27.91	29.31	94.1	26.78	29.31	104.7
14/06/2018 1:40:20 PM	3611792420	1013.00	28.77	29.31	87.0	28.31	29.31	90.7	27.92	29.31	94.0	26.79	29.31	104.6
14/06/2018 1:40:21 PM	3611792421	1013.00	28.79	29.31	86.8	28.32	29.31	90.6	27.92	29.31	94.0	26.79	29.31	104.6
14/06/2018 1:40:22 PM	3611792422	1013.00	28.79	29.31	86.8	28.33	29.31	90.5	27.94	29.31	93.9	26.78	29.31	104.7
14/06/2018 1:40:23 PM	3611792423	1013.00	28.78	29.31	86.9	28.40	29.31	90.0	27.92	29.31	94.0	26.77	29.31	104.8
14/06/2018 1:40:24 PM	3611792424	1013.00	28.79	29.32	86.8	28.33	29.32	90.5	27.95	29.32	93.8	26.77	29.32	104.8
14/06/2018 1:40:25 PM	3611792425	1013.00	28.77	29.32	86.9	28.31	29.32	90.7	27.95	29.32	93.8	26.78	29.32	104.7
14/06/2018 1:40:26 PM	3611792426	1013.00	28.80	29.32	86.7	28.32	29.32	90.6	27.98	29.32	93.5	26.75	29.32	105.0
14/06/2018 1:40:27 PM	3611792427	1013.00	28.81	29.32	86.6	28.34	29.32	90.4	27.88	29.32	94.4	26.77	29.32	104.8
14/06/2018 1:40:28 PM	3611792428	1013.00	28.78	29.32	86.9	28.40	29.32	89.9	27.95	29.32	93.8	26.78	29.32	104.7
14/06/2018 1:40:29 PM	3611792429	1013.00	28.81	29.31	86.6	28.37	29.31	90.2	27.98	29.31	93.5	26.77	29.31	104.8
14/06/2018 1:40:30 PM	3611792430	1013.00	28.81	29.31	86.6	28.31	29.31	90.7	27.91	29.31	94.1	26.77	29.31	104.8
14/06/2018 1:40:31 PM	3611792431	1013.00	28.80	29.32	86.7	28.37	29.32	90.2	27.95	29.32	93.8	26.79	29.32	104.6
14/06/2018 1:40:32 PM	3611792432	1013.00	28.82	29.31	86.6	28.33	29.31	90.5	27.94	29.31	93.9	26.74	29.31	105.1
14/06/2018 1:40:33 PM	3611792433	1013.00	28.83	29.32	86.5	28.43	29.32	89.7	27.97	29.32	93.6	26.78	29.32	104.7
14/06/2018 1:40:34 PM	3611792434	1013.00	28.81	29.32	86.6	28.35	29.32	90.4	27.97	29.32	93.6	26.75	29.32	105.0
14/06/2018 1:40:35 PM	3611792435	1013.00	28.82	29.33	86.5	28.36	29.33	90.3	27.97	29.33	93.6	26.76	29.33	104.9
14/06/2018 1:40:36 PM	3611792436	1013.00	28.80	29.33	86.7	28.40	29.33	89.9	27.94	29.33	93.8	26.73	29.33	105.2
14/06/2018 1:40:37 PM	3611792437	1013.00	28.82	29.33	86.5	28.40	29.33	89.9	27.93	29.33	93.9	26.75	29.33	105.0
14/06/2018 1:40:38 PM	3611792438	1013.00	28.83	29.33	86.4	28.45	29.33	89.5	27.96	29.33	93.7	26.76	29.33	104.9
14/06/2018 1:40:39 PM	3611792439	1013.00	28.85	29.33	86.3	28.36	29.33	90.3	27.97	29.33	93.6	26.75	29.33	105.0
14/06/2018 1:40:40 PM	3611792440	1013.00	28.86	29.33	86.2	28.37	29.33	90.2	27.96	29.33	93.7	26.79	29.33	104.6
14/06/2018 1:40:41 PM	3611792441	1013.00	28.86	29.33	86.2	28.36	29.33	90.3	27.99	29.33	93.4	26.76	29.33	104.9
14/06/2018 1:40:42 PM	3611792442	1013.00	28.87	29.33	86.1	28.42	29.33	89.8	27.99	29.33	93.4	26.79	29.33	104.6
14/06/2018 1:40:43 PM	3611792443	1013.00	28.85	29.33	86.3	28.37	29.33	90.2	28.01	29.33	93.2	26.77	29.33	104.8
14/06/2018 1:40:44 PM	3611792444	1013.00	28.87	29.33	86.1	28.40	29.33	89.9	27.98	29.33	93.5	26.76	29.33	104.9
14/06/2018 1:40:45 PM	3611792445	1013.00	28.88	29.34	86.0	28.40	29.34	89.9	27.98	29.34	93.5	26.75	29.34	105.0
14/06/2018 1:40:46 PM	3611792446	1013.00	28.88	29.34	86.0	28.40	29.34	89.9	27.97	29.34	93.6	26.77	29.34	104.8
14/06/2018 1:40:47 PM	3611792447	1013.00	28.91	29.34	85.8	28.39	29.34	90.0	28.00	29.34	93.3	26.78	29.34	104.7
14/06/2018 1:40:48 PM	3611792448	1013.00	28.87	29.35	86.1	28.36	29.35	90.2	27.96	29.35	93.6	26.74	29.35	105.0
14/06/2018 1:40:49 PM	3611792449	1013.00	28.90	29.34	85.9	28.40	29.34	89.9	27.99	29.34	93.4	26.76	29.34	104.9
14/06/2018 1:40:50 PM	3611792450	1013.00	28.87	29.34	86.1	28.41	29.34	89.8	27.98	29.34	93.5	26.79	29.34	104.6
14/06/2018 1:40:51 PM	3611792451	1013.00	28.89	29.33	86.0	28.42	29.33	89.8	28.00	29.33	93.3	26.78	29.33	104.7
14/06/2018 1:40:52 PM	3611792452	1013.00	28.92	29.34	85.7	28.45	29.34	89.5	28.01	29.34	93.2	26.77	29.34	104.8
14/06/2018 1:40:53 PM	3611792453	1013.00	28.90	29.34	85.9	28.42	29.34	89.7	28.01	29.34	93.2	26.78	29.34	104.7
14/06/2018 1:40:54 PM	3611792454	1013.00	28.96	29.34	85.4	28.47	29.34	89.3	27.99	29.34	93.4	26.76	29.34	104.9
14/06/2018 1:40:55 PM	3611792455	1013.00	28.91	29.35	85.8	28.40	29.35	89.9	28.01	29.35	93.2	26.79	29.35	104.5
14/06/2018 1:40:56 PM	3611792456	1013.00	28.91	29.35	85.8	28.46	29.35	89.4	28.03	29.35	93.0	26.77	29.35	104.7
14/06/2018 1:40:57 PM	3611792457	1013.00	28.93	29.35	85.6	28.40	29.35	89.9	28.06	29.35	92.8	26.76	29.35	104.8
14/06/2018 1:40:58 PM	3611792458	1013.00	28.90	29.35	85.9	28.45	29.35	89.5	27.98	29.35	93.5	26.78	29.35	104.6
14/06/2018 1:40:59 PM	3611792459	1013.00	28.90	29.35	85.9	28.45	29.35	89.5	28.01	29.35	93.2	26.76	29.35	104.8
14/06/2018 1:41:00 PM	3611792460	1013.00	28.92	29.35	85.7	28.48	29.35	89.2	27.94	29.35	93.8	26.77	29.35	104.7
14/06/2018 1:41:01 PM	3611792461	1013.00	28.91	29.36	85.8	28.43	29.36	89.6	28.00	29.36	93.3	26.78	29.36	104.6
14/06/2018 1:41:02 PM	3611792462	1013.00	28.93	29.36	85.6	28.47	29.36	89.3	28.01	29.36	93.2	26.78	29.36	104.6
14/06/2018 1:41:03 PM	3611792463	1013.00	28.93	29.35	85.6	28.46	29.35	89.4	28.04	29.35	92.9	26.79	29.35	104.5
14/06/2018 1:41:04 PM	3611792464	1013.00	28.95	29.36	85.5	28.46	29.36	89.4	28.01	29.36	93.2	26.76	29.36	104.8
14/06/2018 1:41:05 PM	3611792465	1013.00	28.93	29.36	85.6	28.49	29.36	89.1	28.00	29.36	93.3	26.77	29.36	104.7
14/06/2018 1:41:06 PM	3611792466	1013.00	28.96	29.35	85.4	28.48	29.35	89.2	27.98	29.35	93.5	26.77	29.35	104.7
14/06/2018 1:41:07 PM	3611792467	1013.00	28.94	29.35	85.6	28.45	29.35	89.5	28.01	29.35	93.2	26.76	29.35	104.8
14/06/2018 1:41:08 PM	3611792468	1013.00	28.94	29.36	85.5	28.47	29.36	89.3	28.02	29.36	93.1	26.77	29.36	104.7
14/06/2018 1:41:09 PM	3611792469	1013.00	28.95	29.36	85.5	28.48	29.36	89.2	27.98	29.36	93.4	26.74	29.36	105.0
14/06/2018 1:41:10 PM	3611792470	1013.00	28.96	29.35	85.4	28.49	29.35	89.2	28.02	29.35	93.1	26.77	29.35	104.7
14/06/2018 1:41:11 PM	3611792471	1013.00	28.97	29.36	85.3	28.49	29.36	89.1	28.02	29.36	93.1	26.75	29.36	104.9
14/06/2018 1:41:12 PM	3611792472	1013.00	28.97	29.36	85.3	28.51	29.36	89.0	28.03	29.36	93.0	26.76	29.36	104.8
14/06/2018 1:41:13 PM	3611792473	1013.00	28.96	29.35	85.4	28.48	29.35	89.2	28.02	29.35	93.1	26.74	29.35	105.0
14/06/2018 1:41:14 PM	3611792474	1013.00	29.00	29.36	85.1	28.54	29.36	88.7	28.00	29.36	93.3	26.79	29.36	104.5
14/06/2018 1:41:15 PM	3611792475	1013.00	29.04	29.37	84.7	28.46	29.37	89.4	28.00	29.37	93.3	26.77	29.37	104.7
14/06/2018 1:41:16 PM	3611792476	1013.00	29.00	29.37	85.1	28.50	29.37	89.0	28.01	29.37	93.2	26.79	29.37	104.5
14/06/2018 1:41:17 PM	3611792477	1013.00	29.01	29.37	85.0	28.48	29.37	89.2	28.02	29.37	93.1	26.77	29.37	104.7
14/06/2018 1:41:18 PM	3611792478	1013.00	29.03	29.37	84.8	28.53	29.37	88.8	28.05	29.37	92.8	26.77	29.37	104.7
14/06/2018 1:41:19 PM	3611792479	1013.00	29.03	29.37	84.8	28.47	29.37	89.3	28.00	29.37	93.3	26.76	29.37	104.8
14/06/2018 1:41:20 PM	3611792480	1013.00	29.02	29.37	84.9	28.51	29.37	89.0	28.05	29.37	92.8	26.77	29.37	104.7
14/06/2018 1:41:21 PM	3611792481	1013.00	29.02	29.37	84.9	28.48	29.37	89.2	28.02	29.37	93.1	26.80	29.37	104.4
14/06/2018 1:41:22 PM	3611792482	1013.00	29.04	29.37	84.7	28.50	29.37	89.0	28.04	29.37	92.9	26.74	29.37	105.0
14/06/2018 1:41:23 PM	3611792483	1013.00	29.03	29.37	84.8	28.52	29.37	88.9	28.02	29.37	93.1	26.79	29.37	104.5
14/06/2018 1:41:24 PM	3611792484	1013.00	29.04	29.36	84.8	28.54	29.36	88.7	28.03	29.36	93.0	26.75	29.36	104.9
14/06/2018 1:41:25 PM	3611792485	1013.00	29.03	29.36	84.8	28.50	29.36	89.1	28.04	29.36	92.9	26.78	29.36	104.6
14/06/2018 1:41:26 PM	3611792486	1013.00	29.03	29.37	84.8	28.56	29.37	88.5	28.10	29.37	92.4	26.76	29.37	104.8
14/06/2018 1:41:27 PM	3611792487	1013.00	29.04	29.37	84.7	28.48	29.37	89.2	28.12	29.37	92.2	26.77	29.37	104.7
14/06/2018 1:41:28 PM	3611792488	1013.00	29.04	29.36	84.8	28.50	29.36	89.1	28.08	29.36	92.6	26.77	29.36	104.7
14/06/2018 1:41:29 PM	3611792489	1013.00	29.03	29.37	84.8	28.52	29.37	88.9	28.06	29.37	92.7	26.78	29.37	104.6
14/06/2018 1:41:30 PM	3611792490	1013.00	29.03	29.37	84.8	28.54	29.37	88.7	28.05	29.37	92.8	26.80	29.37	104.4
14/06/2018 1:41:31 PM	3611792491	1013.00	29.05	29.37	84.7	28.55	29.37	88.6	28.05	29.37	92.8	26.79	29.37	104.5
14/06/2018 1:41:32 PM	3611792492	1013.00	29.05	29.37	84.7	28.52	29.37	88.9	28.06	29.37	92.7	26.79	29.37	104.5
14/06/2018 1:41:33 PM	3611792493	1013.00	29.03	29.37	84.8	28.50	29.37	89.0	28.06	29.37	92.7	26.77	29.37	104.7
14/06/2018 1:41:34 PM	3611792494	1013.00	29.04	29.38	84.7	28.56	29.38	88.5	28.08	29.38	92.5	26.78	29.38	104.6
14/06/2018 1:41:35 PM	3611792495	1013.00	29.06	29.36	84.6	28.55	29.36	88.6	28.07	29.36	92.7	26.76	29.36	104.8
14/06/2018 1:41:36 PM	3611792496	1013.00	29.05	29.36	84.7	28.57	29.36	88.5	28.08	29.36	92.6	26.78	29.36	104.6
14/06/2018 1:41:37 PM	3611792497	1013.00	29.05	29.36	84.7	28.50	29.36	89.1	28.08	29.36	92.6	26.78	29.36	104.6
14/06/2018 1:41:38 PM	3611792498	1013.00	29.04	29.36	84.8	28.53	29.36	88.8	28.06	29.36	92.7	26.78	29.36	104.6
14/06/2018 1:41:39 PM	3611792499	1013.00	29.04	29.36	84.8	28.56	29.36	88.6	28.08	29.36	92.6	26.77	29.36	104.7
14/06/2018 1:41:40 PM	3611792500	1013.00	29.09	29.37	84.4	28.51	29.37	89.0	28.07	29.37	92.6	26.79	29.37	104.5
14/06/2018 1:41:41 PM	3611792501	1013.00	29.06	29.37	84.6	28.54	29.37	88.7	28.05	29.37	92.8	26.78	29.37	104.6
14/06/2018 1:41:42 PM	3611792502	1013.00	29.08	29.37	84.4	28.57	29.37	88.5	28.09	29.37	92.5	26.75	29.37	104.9
14/06/2018 1:41:43 PM	3611792503	1013.00	29.05	29.36	84.7	28.54	29.36	88.7	28.06	29.36	92.7	26.76	29.36	104.8
14/06/2018 1:41:44 PM	3611792504	1013.00	29.08	29.36	84.5	28.60	29.36	88.2	28.05	29.36	92.8	26.75	29.36	104.9
14/06/2018 1:41:45 PM	3611792505	1013.00	29.09	29.37	84.4	28.57	29.37	88.5	28.06	29.37	92.7	26.80	29.37	104.4
14/06/2018 1:41:46 PM	3611792506	1013.00	29.11	29.37	84.2	28.58	29.37	88.4	28.07	29.37	92.6	26.77	29.37	104.7
14/06/2018 1:41:47 PM	3611792507	1013.00	29.12	29.37	84.1	28.60	29.37	88.2	28.06	29.37	92.7	26.80	29.37	104.4
14/06/2018 1:41:48 PM	3611792508	1013.00	29.12	29.39	84.1	28.54	29.39	88.7	28.08	29.39	92.5	26.78	29.39	104.6
14/06/2018 1:41:49 PM	3611792509	1013.00	29.09	29.39	84.3	28.59	29.39	88.3	28.08	29.39	92.5	26.76	29.39	104.8
14/06/2018 1:41:50 PM	3611792510	1013.00	29.10	29.38	84.3	28.60	29.38	88.2	28.10	29.38	92.4	26.79	29.38	104.5
14/06/2018 1:41:51 PM	3611792511	1013.00	29.12	29.38	84.1	28.49	29.38	89.1	28.07	29.38	92.6	26.77	29.38	104.7
14/06/2018 1:41:52 PM	3611792512	1013.00	29.14	29.38	84.0	28.55	29.38	88.6	28.11	29.38	92.3	26.78	29.38	104.6
14/06/2018 1:41:53 PM	3611792513	1013.00	29.10	29.38	84.3	28.54	29.38	88.7	28.02	29.38	93.1	26.73	29.38	105.1
14/06/2018 1:41:54 PM	3611792514	1013.00	29.12	29.37	84.1	28.58	29.37	88.4	28.03	29.37	93.0	26.77	29.37	104.7
14/06/2018 1:41:55 PM	3611792515	1013.00	29.13	29.37	84.1	28.58	29.37	88.4	28.07	29.37	92.6	26.78	29.37	104.6
14/06/2018 1:41:56 PM	3611792516	1013.00	29.11	29.38	84.2	28.55	29.38	88.6	28.07	29.38	92.6	26.76	29.38	104.8
14/06/2018 1:41:57 PM	3611792517	1013.00	29.09	29.38	84.3	28.58	29.38	88.4	28.08	29.38	92.5	26.77	29.38	104.7
14/06/2018 1:41:58 PM	3611792518	1013.00	29.13	29.38	84.0	28.54	29.38	88.7	28.08	29.38	92.5	26.79	29.38	104.5
14/06/2018 1:41:59 PM	3611792519	1013.00	29.14	29.39	83.9	28.59	29.39	88.3	28.10	29.39	92.4	26.79	29.39	104.5
14/06/2018 1:42:00 PM	3611792520	1013.00	29.15	29.39	83.9	28.62	29.39	88.0	28.08	29.39	92.5	26.79	29.39	104.5
14/06/2018 1:42:01 PM	3611792521	1013.00	29.13	29.39	84.0	28.66	29.39	87.7	28.10	29.39	92.4	26.77	29.39	104.7
14/06/2018 1:42:02 PM	3611792522	1013.00	29.15	29.38	83.9	28.61	29.38	88.1	28.11	29.38	92.3	26.78	29.38	104.6
14/06/2018 1:42:03 PM	3611792523	1013.00	29.12	29.38	84.1	28.57	29.38	88.5	28.08	29.38	92.5	26.74	29.38	105.0
14/06/2018 1:42:04 PM	3611792524	1013.00	29.13	29.39	84.0	28.63	29.39	88.0	28.09	29.39	92.4	26.78	29.39	104.6
14/06/2018 1:42:05 PM	3611792525	1013.00	29.15	29.39	83.9	28.60	29.39	88.2	28.10	29.39	92.4	26.77	29.39	104.7
14/06/2018 1:42:06 PM	3611792526	1013.00	29.14	29.39	83.9	28.60	29.39	88.2	28.09	29.39	92.4	26.77	29.39	104.7
14/06/2018 1:42:07 PM	3611792527	1013.00	29.16	29.39	83.8	28.63	29.39	88.0	28.11	29.39	92.3	26.78	29.39	104.6
14/06/2018 1:42:08 PM	3611792528	1013.00	29.16	29.39	83.8	28.66	29.39	87.7	28.09	29.39	92.4	26.76	29.39	104.8
14/06/2018 1:42:09 PM	3611792529	1013.00	29.17	29.38	83.7	28.60	29.38	88.2	28.11	29.38	92.3	26.77	29.38	104.7
14/06/2018 1:42:10 PM	3611792530	1013.00	29.15	29.38	83.9	28.63	29.38	88.0	28.15	29.38	91.9	26.77	29.38	104.7
14/06/2018 1:42:11 PM	3611792531	1013.00	29.14	29.37	84.0	28.62	29.37	88.1	28.09	29.37	92.5	26.81	29.37	104.3
14/06/2018 1:42:12 PM	3611792532	1013.00	29.17	29.36	83.8	28.64	29.36	87.9	28.12	29.36	92.2	26.78	29.36	104.6
14/06/2018 1:42:13 PM	3611792533	1013.00	29.18	29.37	83.7	28.61	29.37	88.1	28.14	29.37	92.0	26.80	29.37	104.4
14/06/2018 1:42:14 PM	3611792534	1013.00	29.18	29.37	83.7	28.62	29.37	88.1	28.14	29.37	92.0	26.78	29.37	104.6
14/06/2018 1:42:15 PM	3611792535	1013.00	29.20	29.38	83.5	28.66	29.38	87.7	28.15	29.38	91.9	26.77	29.38	104.7
14/06/2018 1:42:16 PM	3611792536	1013.00	29.21	29.38	83.4	28.62	29.38	88.0	28.09	29.38	92.5	26.80	29.38	104.4
14/06/2018 1:42:17 PM	3611792537	1013.00	29.21	29.38	83.4	28.68	29.38	87.6	28.14	29.38	92.0	26.78	29.38	104.6
14/06/2018 1:42:18 PM	3611792538	1013.00	29.19	29.38	83.6	28.65	29.38	87.8	28.14	29.38	92.0	26.75	29.38	104.9
14/06/2018 1:42:19 PM	3611792539	1013.00	29.19	29.38	83.6	28.71	29.38	87.3	28.13	29.38	92.1	26.75	29.38	104.9
14/06/2018 1:42:20 PM	3611792540	1013.00	29.22	29.38	83.4	28.61	29.38	88.1	28.10	29.38	92.4	26.79	29.38	104.5
14/06/2018 1:42:21 PM	3611792541	1013.00	29.22	29.39	83.3	28.67	29.39	87.6	28.16	29.39	91.8	26.79	29.39	104.5
14/06/2018 1:42:22 PM	3611792542	1013.00	29.21	29.39	83.4	28.67	29.39	87.6	28.14	29.39	92.0	26.79	29.39	104.5
14/06/2018 1:42:23 PM	3611792543	1013.00	29.18	29.39	83.6	28.69	29.39	87.5	28.12	29.39	92.2	26.78	29.39	104.6
14/06/2018 1:42:24 PM	3611792544	1013.00	29.22	29.39	83.3	28.67	29.39	87.6	28.12	29.39	92.2	26.78	29.39	104.6
14/06/2018 1:42:25 PM	3611792545	1013.00	29.21	29.39	83.4	28.71	29.39	87.3	28.16	29.39	91.8	26.78	29.39	104.6
14/06/2018 1:42:26 PM	3611792546	1013.00	29.22	29.39	83.3	28.73	29.39	87.1	28.14	29.39	92.0	26.76	29.39	104.8
14/06/2018 1:42:27 PM	3611792547	1013.00	29.22	29.39	83.3	28.76	29.39	86.9	28.16	29.39	91.8	26.77	29.39	104.7
14/06/2018 1:42:28 PM	3611792548	1013.00	29.21	29.39	83.4	28.70	29.39	87.4	28.19	29.39	91.6	26.76	29.39	104.8
14/06/2018 1:42:29 PM	3611792549	1013.00	29.24	29.39	83.2	28.69	29.39	87.5	28.15	29.39	91.9	26.77	29.39	104.7
14/06/2018 1:42:30 PM	3611792550	1013.00	29.22	29.38	83.4	28.63	29.38	88.0	28.17	29.38	91.8	26.78	29.38	104.6
14/06/2018 1:42:31 PM	3611792551	1013.00	29.26	29.37	83.1	28.72	29.37	87.3	28.16	29.37	91.9	26.80	29.37	104.4
14/06/2018 1:42:32 PM	3611792552	1013.00	29.25	29.37	83.1	28.66	29.37	87.7	28.16	29.37	91.9	26.76	29.37	104.8
14/06/2018 1:42:33 PM	3611792553	1013.00	29.25	29.37	83.1	28.65	29.37	87.8	28.16	29.37	91.9	26.76	29.37	104.8
14/06/2018 1:42:34 PM	3611792554	1013.00	29.25	29.37	83.1	28.68	29.37	87.6	28.21	29.37	91.5	26.76	29.37	104.8
14/06/2018 1:42:35 PM	3611792555	1013.00	29.25	29.38	83.1	28.68	29.38	87.6	28.15	29.38	91.9	26.76	29.38	104.8
14/06/2018 1:42:36 PM	3611792556	1013.00	29.24	29.38	83.2	28.73	29.38	87.2	28.18	29.38	91.7	26.75	29.38	104.9
14/06/2018 1:42:37 PM	3611792557	1013.00	29.26	29.39	83.0	28.72	29.39	87.2	28.18	29.39	91.7	26.76	29.39	104.8
14/06/2018 1:42:38 PM	3611792558	1013.00	29.25	29.38	83.1	28.70	29.38	87.4	28.19	29.38	91.6	26.79	29.38	104.5
14/06/2018 1:42:39 PM	3611792559	1013.00	29.23	29.38	83.3	28.68	29.38	87.6	28.15	29.38	91.9	26.78	29.38	104.6
14/06/2018 1:42:40 PM	3611792560	1013.00	29.23	29.38	83.3	28.72	29.38	87.2	28.18	29.38	91.7	26.79	29.38	104.5
14/06/2018 1:42:41 PM	3611792561	1013.00	29.26	29.38	83.1	28.71	29.38	87.3	28.13	29.38	92.1	26.79	29.38	104.5
14/06/2018 1:42:42 PM	3611792562	1013.00	29.26	29.37	83.1	28.72	29.37	87.3	28.19	29.37	91.6	26.77	29.37	104.7
14/06/2018 1:42:43 PM	3611792563	1013.00	29.26	29.38	83.1	28.68	29.38	87.6	28.18	29.38	91.7	26.78	29.38	104.6
14/06/2018 1:42:44 PM	3611792564	1013.00	29.27	29.38	83.0	28.72	29.38	87.2	28.18	29.38	91.7	26.79	29.38	104.5
14/06/2018 1:42:45 PM	3611792565	1013.00	29.26	29.38	83.1	28.70	29.38	87.4	28.16	29.38	91.9	26.77	29.38	104.7
14/06/2018 1:42:46 PM	3611792566	1013.00	29.28	29.38	82.9	28.72	29.38	87.2	28.18	29.38	91.7	26.78	29.38	104.6
14/06/2018 1:42:47 PM	3611792567	1013.00	29.27	29.38	83.0	28.73	29.38	87.2	28.17	29.38	91.8	26.77	29.38	104.7
14/06/2018 1:42:48 PM	3611792568	1013.00	29.24	29.39	83.2	28.67	29.39	87.6	28.20	29.39	91.5	26.76	29.39	104.8
14/06/2018 1:42:49 PM	3611792569	1013.00	29.27	29.39	83.0	28.74	29.39	87.1	28.19	29.39	91.6	26.77	29.39	104.7
14/06/2018 1:42:50 PM	3611792570	1013.00	29.28	29.39	82.9	28.76	29.39	86.9	28.15	29.39	91.9	26.77	29.39	104.7
14/06/2018 1:42:51 PM	3611792571	1013.00	29.27	29.39	83.0	28.73	29.39	87.1	28.20	29.39	91.5	26.78	29.39	104.6
14/06/2018 1:42:52 PM	3611792572	1013.00	29.27	29.39	83.0	28.73	29.39	87.1	28.18	29.39	91.7	26.77	29.39	104.7
14/06/2018 1:42:53 PM	3611792573	1013.00	29.28	29.39	82.9	28.73	29.39	87.1	28.23	29.39	91.3	26.77	29.39	104.7
14/06/2018 1:42:54 PM	3611792574	1013.00	29.28	29.39	82.9	28.71	29.39	87.3	28.20	29.39	91.5	26.77	29.39	104.7
14/06/2018 1:42:55 PM	3611792575	1013.00	29.27	29.39	83.0	28.72	29.39	87.2	28.22	29.39	91.3	26.80	29.39	104.4
14/06/2018 1:42:56 PM	3611792576	1013.00	29.26	29.39	83.0	28.69	29.39	87.5	28.18	29.39	91.7	26.79	29.39	104.5
14/06/2018 1:42:57 PM	3611792577	1013.00	29.29	29.39	82.8	28.72	29.39	87.2	28.23	29.39	91.3	26.78	29.39	104.6
14/06/2018 1:42:58 PM	3611792578	1013.00	29.29	29.39	82.8	28.73	29.39	87.1	28.24	29.39	91.2	26.79	29.39	104.5
14/06/2018 1:42:59 PM	3611792579	1013.00	29.28	29.39	82.9	28.74	29.39	87.1	28.24	29.39	91.2	26.77	29.39	104.7
14/06/2018 1:43:00 PM	3611792580	1013.00	29.29	29.39	82.8	28.76	29.39	86.9	28.22	29.39	91.3	26.79	29.39	104.5
14/06/2018 1:43:01 PM	3611792581	1013.00	29.31	29.39	82.7	28.74	29.39	87.1	28.23	29.39	91.3	26.75	29.39	104.9
14/06/2018 1:43:02 PM	3611792582	1013.00	29.29	29.39	82.8	28.71	29.39	87.3	28.22	29.39	91.3	26.82	29.39	104.2
14/06/2018 1:43:03 PM	3611792583	1013.00	29.33	29.39	82.5	28.73	29.39	87.1	28.25	29.39	91.1	26.75	29.39	104.9
