Date & time of file creation	27/06/2018 1:38 PM													
Data file path	C:\Users\ameli\Desktop\Diego Barneche\27_06_2018\26_C_old_witrox_18.txt													
														
														
CALIBRATION DATA														
Parameter/Channel	N moving average	LO phase [r.U.]	HI phase [r.U.]	LO oxygen [%air saturation]	HI oxygen [%air saturation]	LO temperature [°C]	HI temperature [°C]	Salinity [‰]						
S WOT 0041 000001   , CH 1	1	59.78	27.37	0.00	100.00	26.35	26.26	0.000						
S WOT 0041 000001   , CH 2	1	59.78	27.37	0.00	100.00	26.35	26.26	0.000						
S WOT 0041 000001   , CH 3	1	59.78	27.37	0.00	100.00	26.35	26.26	0.000						
S WOT 0041 000001   , CH 4	1	59.78	27.37	0.00	100.00	26.35	26.26	0.000						
														
														
Date &Time [DD-MM-YYYY HH:MM:SS]	Time stamp code	Barometric pressure [hPa]	S WOT 0041 000001   , CH 1 phase [r.U.]	S WOT 0041 000001   , CH 1 temp [°C]	S WOT 0041 000001   , CH 1 O2 [% air saturation]	S WOT 0041 000001   , CH 2 phase [r.U.]	S WOT 0041 000001   , CH 2 temp [°C]	S WOT 0041 000001   , CH 2 O2 [% air saturation]	S WOT 0041 000001   , CH 3 phase [r.U.]	S WOT 0041 000001   , CH 3 temp [°C]	S WOT 0041 000001   , CH 3 O2 [% air saturation]	S WOT 0041 000001   , CH 4 phase [r.U.]	S WOT 0041 000001   , CH 4 temp [°C]	S WOT 0041 000001   , CH 4 O2 [% air saturation]
27/06/2018 1:45:39 PM	3612915939	1013.00	27.14	26.46	101.8	27.05	26.46	102.7	26.82	26.46	105.0	NaN	26.46	NaN
27/06/2018 1:45:40 PM	3612915940	1013.00	27.08	26.46	102.4	27.06	26.46	102.6	26.82	26.46	105.0	NaN	26.46	NaN
27/06/2018 1:45:41 PM	3612915941	1013.00	27.11	26.45	102.2	27.07	26.45	102.5	26.82	26.45	105.0	NaN	26.45	NaN
27/06/2018 1:45:42 PM	3612915942	1013.00	27.12	26.45	102.1	27.10	26.45	102.2	26.80	26.45	105.2	NaN	26.45	NaN
27/06/2018 1:45:43 PM	3612915943	1013.00	27.10	26.46	102.2	27.06	26.46	102.6	26.81	26.46	105.1	NaN	26.46	NaN
27/06/2018 1:45:44 PM	3612915944	1013.00	27.12	26.45	102.1	27.04	26.45	102.8	26.81	26.45	105.1	NaN	26.45	NaN
27/06/2018 1:45:45 PM	3612915945	1013.00	27.10	26.45	102.2	27.05	26.45	102.7	26.79	26.45	105.3	NaN	26.45	NaN
27/06/2018 1:45:46 PM	3612915946	1013.00	27.09	26.46	102.3	27.03	26.46	102.9	26.79	26.46	105.3	NaN	26.46	NaN
27/06/2018 1:45:47 PM	3612915947	1013.00	27.10	26.45	102.2	27.08	26.45	102.4	26.82	26.45	105.0	NaN	26.45	NaN
27/06/2018 1:45:48 PM	3612915948	1013.00	27.12	26.45	102.1	27.06	26.45	102.6	26.77	26.45	105.5	NaN	26.45	NaN
27/06/2018 1:45:49 PM	3612915949	1013.00	27.14	26.45	101.9	27.05	26.45	102.7	26.83	26.45	104.9	NaN	26.45	NaN
27/06/2018 1:45:50 PM	3612915950	1013.00	27.12	26.45	102.1	27.02	26.45	103.0	26.83	26.45	104.9	NaN	26.45	NaN
27/06/2018 1:45:51 PM	3612915951	1013.00	27.14	26.45	101.9	27.07	26.45	102.5	26.84	26.45	104.8	NaN	26.45	NaN
27/06/2018 1:45:52 PM	3612915952	1013.00	27.14	26.45	101.9	27.03	26.45	102.9	26.83	26.45	104.9	NaN	26.45	NaN
27/06/2018 1:45:53 PM	3612915953	1013.00	27.12	26.44	102.1	27.04	26.44	102.8	26.82	26.44	105.0	NaN	26.44	NaN
27/06/2018 1:45:54 PM	3612915954	1013.00	27.12	26.45	102.1	27.02	26.45	103.0	26.84	26.45	104.8	NaN	26.45	NaN
27/06/2018 1:45:55 PM	3612915955	1013.00	27.10	26.45	102.2	27.04	26.45	102.8	26.84	26.45	104.8	NaN	26.45	NaN
27/06/2018 1:45:56 PM	3612915956	1013.00	27.10	26.45	102.2	27.04	26.45	102.8	26.85	26.45	104.7	NaN	26.45	NaN
27/06/2018 1:45:57 PM	3612915957	1013.00	27.11	26.46	102.1	27.04	26.46	102.8	26.87	26.46	104.5	NaN	26.46	NaN
27/06/2018 1:45:58 PM	3612915958	1013.00	27.14	26.46	101.8	27.04	26.46	102.8	26.84	26.46	104.8	NaN	26.46	NaN
27/06/2018 1:45:59 PM	3612915959	1013.00	27.13	26.45	102.0	27.04	26.45	102.8	26.87	26.45	104.5	NaN	26.45	NaN
27/06/2018 1:46:00 PM	3612915960	1013.00	27.12	26.45	102.1	27.04	26.45	102.8	26.85	26.45	104.7	NaN	26.45	NaN
27/06/2018 1:46:01 PM	3612915961	1013.00	27.11	26.45	102.2	27.04	26.45	102.8	26.82	26.45	105.0	NaN	26.45	NaN
27/06/2018 1:46:02 PM	3612915962	1013.00	27.12	26.44	102.1	27.02	26.44	103.0	26.86	26.44	104.6	NaN	26.44	NaN
27/06/2018 1:46:03 PM	3612915963	1013.00	27.15	26.44	101.8	27.03	26.44	102.9	26.83	26.44	104.9	NaN	26.44	NaN
27/06/2018 1:46:04 PM	3612915964	1013.00	27.10	26.45	102.2	27.06	26.45	102.6	26.80	26.45	105.2	NaN	26.45	NaN
27/06/2018 1:46:05 PM	3612915965	1013.00	27.14	26.45	101.9	27.04	26.45	102.8	26.80	26.45	105.2	NaN	26.45	NaN
27/06/2018 1:46:06 PM	3612915966	1013.00	27.14	26.46	101.8	27.03	26.46	102.9	26.83	26.46	104.9	NaN	26.46	NaN
27/06/2018 1:46:07 PM	3612915967	1013.00	27.11	26.46	102.1	27.02	26.46	103.0	26.81	26.46	105.1	NaN	26.46	NaN
27/06/2018 1:46:08 PM	3612915968	1013.00	27.13	26.47	101.9	27.06	26.47	102.6	26.82	26.47	105.0	NaN	26.47	NaN
27/06/2018 1:46:09 PM	3612915969	1013.00	27.10	26.46	102.2	27.06	26.46	102.6	26.80	26.46	105.2	NaN	26.46	NaN
27/06/2018 1:46:10 PM	3612915970	1013.00	27.13	26.46	101.9	27.02	26.46	103.0	26.78	26.46	105.4	NaN	26.46	NaN
27/06/2018 1:46:11 PM	3612915971	1013.00	27.16	26.46	101.7	27.07	26.46	102.5	26.85	26.46	104.7	NaN	26.46	NaN
27/06/2018 1:46:12 PM	3612915972	1013.00	27.11	26.46	102.1	27.02	26.46	103.0	26.83	26.46	104.9	NaN	26.46	NaN
27/06/2018 1:46:13 PM	3612915973	1013.00	27.13	26.46	101.9	27.03	26.46	102.9	26.81	26.46	105.1	NaN	26.46	NaN
27/06/2018 1:46:14 PM	3612915974	1013.00	27.12	26.46	102.0	27.09	26.46	102.3	26.85	26.46	104.7	NaN	26.46	NaN
27/06/2018 1:46:15 PM	3612915975	1013.00	27.15	26.46	101.7	27.08	26.46	102.4	26.83	26.46	104.9	NaN	26.46	NaN
27/06/2018 1:46:16 PM	3612915976	1013.00	27.14	26.46	101.8	27.03	26.46	102.9	26.81	26.46	105.1	NaN	26.46	NaN
27/06/2018 1:46:17 PM	3612915977	1013.00	27.13	26.46	101.9	27.05	26.46	102.7	26.83	26.46	104.9	NaN	26.46	NaN
27/06/2018 1:46:18 PM	3612915978	1013.00	27.12	26.46	102.0	27.07	26.46	102.5	26.81	26.46	105.1	NaN	26.46	NaN
27/06/2018 1:46:19 PM	3612915979	1013.00	27.12	26.47	102.0	27.08	26.47	102.4	26.82	26.47	105.0	NaN	26.47	NaN
27/06/2018 1:46:20 PM	3612915980	1013.00	27.13	26.46	101.9	27.07	26.46	102.5	26.80	26.46	105.2	NaN	26.46	NaN
27/06/2018 1:46:21 PM	3612915981	1013.00	27.16	26.46	101.7	27.04	26.46	102.8	26.81	26.46	105.1	NaN	26.46	NaN
27/06/2018 1:46:22 PM	3612915982	1013.00	27.14	26.45	101.9	27.04	26.45	102.8	26.83	26.45	104.9	NaN	26.45	NaN
27/06/2018 1:46:23 PM	3612915983	1013.00	27.12	26.45	102.1	27.06	26.45	102.6	26.86	26.45	104.6	NaN	26.45	NaN
27/06/2018 1:46:24 PM	3612915984	1013.00	27.13	26.46	101.9	27.08	26.46	102.4	26.82	26.46	105.0	NaN	26.46	NaN
27/06/2018 1:46:25 PM	3612915985	1013.00	27.13	26.46	101.9	27.06	26.46	102.6	26.84	26.46	104.8	NaN	26.46	NaN
27/06/2018 1:46:26 PM	3612915986	1013.00	27.13	26.46	101.9	27.09	26.46	102.3	26.86	26.46	104.6	NaN	26.46	NaN
27/06/2018 1:46:27 PM	3612915987	1013.00	27.12	26.47	102.0	27.06	26.47	102.6	26.81	26.47	105.1	NaN	26.47	NaN
27/06/2018 1:46:28 PM	3612915988	1013.00	27.12	26.46	102.0	27.06	26.46	102.6	26.82	26.46	105.0	NaN	26.46	NaN
27/06/2018 1:46:29 PM	3612915989	1013.00	27.15	26.45	101.8	27.07	26.45	102.5	26.83	26.45	104.9	NaN	26.45	NaN
27/06/2018 1:46:30 PM	3612915990	1013.00	27.13	26.46	101.9	27.03	26.46	102.9	26.83	26.46	104.9	NaN	26.46	NaN
27/06/2018 1:46:31 PM	3612915991	1013.00	27.12	26.46	102.0	27.05	26.46	102.7	26.84	26.46	104.8	NaN	26.46	NaN
27/06/2018 1:46:32 PM	3612915992	1013.00	27.15	26.46	101.7	27.08	26.46	102.4	26.84	26.46	104.8	NaN	26.46	NaN
27/06/2018 1:46:33 PM	3612915993	1013.00	27.15	26.46	101.7	27.02	26.46	103.0	26.83	26.46	104.9	NaN	26.46	NaN
27/06/2018 1:46:34 PM	3612915994	1013.00	27.16	26.46	101.7	27.04	26.46	102.8	26.82	26.46	105.0	NaN	26.46	NaN
27/06/2018 1:46:35 PM	3612915995	1013.00	27.16	26.46	101.7	27.09	26.46	102.3	26.85	26.46	104.7	NaN	26.46	NaN
27/06/2018 1:46:36 PM	3612915996	1013.00	27.15	26.46	101.7	27.04	26.46	102.8	26.83	26.46	104.9	NaN	26.46	NaN
27/06/2018 1:46:37 PM	3612915997	1013.00	27.14	26.46	101.8	27.06	26.46	102.6	26.83	26.46	104.9	NaN	26.46	NaN
27/06/2018 1:46:38 PM	3612915998	1013.00	27.14	26.47	101.8	27.07	26.47	102.5	26.84	26.47	104.8	NaN	26.47	NaN
27/06/2018 1:46:39 PM	3612915999	1013.00	27.16	26.46	101.7	27.06	26.46	102.6	26.82	26.46	105.0	NaN	26.46	NaN
27/06/2018 1:46:40 PM	3612916000	1013.00	27.16	26.45	101.7	27.08	26.45	102.4	26.79	26.45	105.3	NaN	26.45	NaN
27/06/2018 1:46:41 PM	3612916001	1013.00	27.15	26.45	101.8	27.06	26.45	102.6	26.82	26.45	105.0	NaN	26.45	NaN
27/06/2018 1:46:42 PM	3612916002	1013.00	27.16	26.45	101.7	27.09	26.45	102.3	26.82	26.45	105.0	NaN	26.45	NaN
27/06/2018 1:46:43 PM	3612916003	1013.00	27.15	26.45	101.8	27.05	26.45	102.7	26.82	26.45	105.0	NaN	26.45	NaN
27/06/2018 1:46:44 PM	3612916004	1013.00	27.14	26.46	101.8	27.08	26.46	102.4	26.84	26.46	104.8	NaN	26.46	NaN
27/06/2018 1:46:45 PM	3612916005	1013.00	27.13	26.46	101.9	27.07	26.46	102.5	26.81	26.46	105.1	NaN	26.46	NaN
27/06/2018 1:46:46 PM	3612916006	1013.00	27.15	26.47	101.7	27.07	26.47	102.5	26.82	26.47	105.0	NaN	26.47	NaN
27/06/2018 1:46:47 PM	3612916007	1013.00	27.14	26.46	101.8	27.09	26.46	102.3	26.83	26.46	104.9	NaN	26.46	NaN
27/06/2018 1:46:48 PM	3612916008	1013.00	27.15	26.46	101.7	27.06	26.46	102.6	26.81	26.46	105.1	NaN	26.46	NaN
27/06/2018 1:46:49 PM	3612916009	1013.00	27.13	26.46	101.9	27.06	26.46	102.6	26.81	26.46	105.1	NaN	26.46	NaN
27/06/2018 1:46:50 PM	3612916010	1013.00	27.14	26.46	101.8	27.07	26.46	102.5	26.86	26.46	104.6	NaN	26.46	NaN
27/06/2018 1:46:51 PM	3612916011	1013.00	27.16	26.46	101.7	27.05	26.46	102.7	26.85	26.46	104.7	NaN	26.46	NaN
27/06/2018 1:46:52 PM	3612916012	1013.00	27.16	26.47	101.6	27.09	26.47	102.3	26.81	26.47	105.1	NaN	26.47	NaN
27/06/2018 1:46:53 PM	3612916013	1013.00	27.16	26.48	101.6	27.10	26.48	102.2	26.80	26.48	105.2	NaN	26.48	NaN
27/06/2018 1:46:54 PM	3612916014	1013.00	27.15	26.48	101.7	27.09	26.48	102.3	26.82	26.48	105.0	NaN	26.48	NaN
27/06/2018 1:46:55 PM	3612916015	1013.00	27.17	26.48	101.5	27.08	26.48	102.4	26.85	26.48	104.7	NaN	26.48	NaN
27/06/2018 1:46:56 PM	3612916016	1013.00	27.15	26.48	101.7	27.08	26.48	102.4	26.82	26.48	105.0	NaN	26.48	NaN
27/06/2018 1:46:57 PM	3612916017	1013.00	27.16	26.48	101.6	27.09	26.48	102.3	26.82	26.48	105.0	NaN	26.48	NaN
27/06/2018 1:46:58 PM	3612916018	1013.00	27.15	26.48	101.7	27.10	26.48	102.2	26.81	26.48	105.1	NaN	26.48	NaN
27/06/2018 1:46:59 PM	3612916019	1013.00	27.15	26.47	101.7	27.08	26.47	102.4	26.78	26.47	105.4	NaN	26.47	NaN
27/06/2018 1:47:00 PM	3612916020	1013.00	27.16	26.47	101.6	27.10	26.47	102.2	26.82	26.47	105.0	NaN	26.47	NaN
27/06/2018 1:47:01 PM	3612916021	1013.00	27.16	26.46	101.7	27.09	26.46	102.3	26.80	26.46	105.2	NaN	26.46	NaN
27/06/2018 1:47:02 PM	3612916022	1013.00	27.18	26.47	101.4	27.11	26.47	102.1	26.82	26.47	105.0	NaN	26.47	NaN
27/06/2018 1:47:03 PM	3612916023	1013.00	27.16	26.46	101.7	27.04	26.46	102.8	26.88	26.46	104.4	NaN	26.46	NaN
27/06/2018 1:47:04 PM	3612916024	1013.00	27.21	26.45	101.2	27.09	26.45	102.3	26.85	26.45	104.7	NaN	26.45	NaN
27/06/2018 1:47:05 PM	3612916025	1013.00	27.17	26.46	101.6	27.13	26.46	101.9	26.83	26.46	104.9	NaN	26.46	NaN
27/06/2018 1:47:06 PM	3612916026	1013.00	27.15	26.46	101.7	27.08	26.46	102.4	26.82	26.46	105.0	NaN	26.46	NaN
27/06/2018 1:47:07 PM	3612916027	1013.00	27.18	26.46	101.5	27.11	26.46	102.1	26.85	26.46	104.7	NaN	26.46	NaN
27/06/2018 1:47:08 PM	3612916028	1013.00	27.15	26.46	101.7	27.11	26.46	102.1	26.80	26.46	105.2	NaN	26.46	NaN
27/06/2018 1:47:09 PM	3612916029	1013.00	27.19	26.46	101.4	27.12	26.46	102.0	26.82	26.46	105.0	NaN	26.46	NaN
27/06/2018 1:47:10 PM	3612916030	1013.00	27.18	26.46	101.5	27.10	26.46	102.2	26.84	26.46	104.8	NaN	26.46	NaN
27/06/2018 1:47:11 PM	3612916031	1013.00	27.19	26.46	101.4	27.15	26.46	101.7	26.84	26.46	104.8	NaN	26.46	NaN
27/06/2018 1:47:12 PM	3612916032	1013.00	27.17	26.45	101.6	27.09	26.45	102.3	26.84	26.45	104.8	NaN	26.45	NaN
27/06/2018 1:47:13 PM	3612916033	1013.00	27.21	26.45	101.2	27.12	26.45	102.1	26.90	26.45	104.2	NaN	26.45	NaN
27/06/2018 1:47:14 PM	3612916034	1013.00	27.17	26.45	101.6	27.11	26.45	102.2	26.86	26.45	104.6	NaN	26.45	NaN
27/06/2018 1:47:15 PM	3612916035	1013.00	27.18	26.45	101.5	27.15	26.45	101.8	26.86	26.45	104.6	NaN	26.45	NaN
27/06/2018 1:47:16 PM	3612916036	1013.00	27.17	26.45	101.6	27.09	26.45	102.3	26.82	26.45	105.0	NaN	26.45	NaN
27/06/2018 1:47:17 PM	3612916037	1013.00	27.17	26.45	101.6	27.08	26.45	102.4	26.80	26.45	105.2	NaN	26.45	NaN
27/06/2018 1:47:18 PM	3612916038	1013.00	27.19	26.46	101.4	27.11	26.46	102.1	26.83	26.46	104.9	NaN	26.46	NaN
27/06/2018 1:47:19 PM	3612916039	1013.00	27.19	26.47	101.3	27.14	26.47	101.8	26.84	26.47	104.8	NaN	26.47	NaN
27/06/2018 1:47:20 PM	3612916040	1013.00	27.19	26.46	101.4	27.13	26.46	101.9	26.91	26.46	104.1	NaN	26.46	NaN
27/06/2018 1:47:21 PM	3612916041	1013.00	27.19	26.46	101.4	27.14	26.46	101.8	26.87	26.46	104.5	NaN	26.46	NaN
27/06/2018 1:47:22 PM	3612916042	1013.00	27.19	26.47	101.3	27.12	26.47	102.0	26.83	26.47	104.9	NaN	26.47	NaN
27/06/2018 1:47:23 PM	3612916043	1013.00	27.22	26.46	101.1	27.16	26.46	101.7	26.87	26.46	104.5	NaN	26.46	NaN
27/06/2018 1:47:24 PM	3612916044	1013.00	27.20	26.45	101.3	27.08	26.45	102.4	26.86	26.45	104.6	NaN	26.45	NaN
27/06/2018 1:47:25 PM	3612916045	1013.00	27.20	26.46	101.3	27.13	26.46	101.9	26.80	26.46	105.2	NaN	26.46	NaN
27/06/2018 1:47:26 PM	3612916046	1013.00	27.21	26.46	101.2	27.08	26.46	102.4	26.81	26.46	105.1	NaN	26.46	NaN
27/06/2018 1:47:27 PM	3612916047	1013.00	27.19	26.46	101.4	27.09	26.46	102.3	26.85	26.46	104.7	NaN	26.46	NaN
27/06/2018 1:47:28 PM	3612916048	1013.00	27.21	26.45	101.2	27.09	26.45	102.3	26.82	26.45	105.0	NaN	26.45	NaN
27/06/2018 1:47:29 PM	3612916049	1013.00	27.21	26.46	101.2	27.10	26.46	102.2	26.84	26.46	104.8	NaN	26.46	NaN
27/06/2018 1:47:30 PM	3612916050	1013.00	27.21	26.46	101.2	27.14	26.46	101.8	26.85	26.46	104.7	NaN	26.46	NaN
27/06/2018 1:47:31 PM	3612916051	1013.00	27.21	26.45	101.2	27.10	26.45	102.2	26.86	26.45	104.6	NaN	26.45	NaN
27/06/2018 1:47:32 PM	3612916052	1013.00	27.20	26.45	101.3	27.13	26.45	102.0	26.83	26.45	104.9	NaN	26.45	NaN
27/06/2018 1:47:33 PM	3612916053	1013.00	27.19	26.46	101.4	27.11	26.46	102.1	26.84	26.46	104.8	NaN	26.46	NaN
27/06/2018 1:47:34 PM	3612916054	1013.00	27.20	26.45	101.3	27.11	26.45	102.2	26.83	26.45	104.9	NaN	26.45	NaN
27/06/2018 1:47:35 PM	3612916055	1013.00	27.21	26.45	101.2	27.11	26.45	102.2	26.87	26.45	104.5	NaN	26.45	NaN
27/06/2018 1:47:36 PM	3612916056	1013.00	27.23	26.45	101.0	27.14	26.45	101.9	26.82	26.45	105.0	NaN	26.45	NaN
27/06/2018 1:47:37 PM	3612916057	1013.00	27.22	26.45	101.1	27.12	26.45	102.1	26.83	26.45	104.9	NaN	26.45	NaN
27/06/2018 1:47:38 PM	3612916058	1013.00	27.24	26.45	100.9	27.14	26.45	101.9	26.84	26.45	104.8	NaN	26.45	NaN
27/06/2018 1:47:39 PM	3612916059	1013.00	27.23	26.46	101.0	27.12	26.46	102.0	26.86	26.46	104.6	NaN	26.46	NaN
27/06/2018 1:47:40 PM	3612916060	1013.00	27.21	26.46	101.2	27.12	26.46	102.0	26.89	26.46	104.3	NaN	26.46	NaN
27/06/2018 1:47:41 PM	3612916061	1013.00	27.23	26.46	101.0	27.13	26.46	101.9	26.85	26.46	104.7	NaN	26.46	NaN
27/06/2018 1:47:42 PM	3612916062	1013.00	27.25	26.46	100.8	27.13	26.46	101.9	26.87	26.46	104.5	NaN	26.46	NaN
27/06/2018 1:47:43 PM	3612916063	1013.00	27.24	26.46	100.9	27.14	26.46	101.8	26.82	26.46	105.0	NaN	26.46	NaN
27/06/2018 1:47:44 PM	3612916064	1013.00	27.24	26.46	100.9	27.11	26.46	102.1	26.89	26.46	104.3	NaN	26.46	NaN
27/06/2018 1:47:45 PM	3612916065	1013.00	27.25	26.46	100.8	27.14	26.46	101.8	26.84	26.46	104.8	NaN	26.46	NaN
27/06/2018 1:47:46 PM	3612916066	1013.00	27.26	26.46	100.7	27.11	26.46	102.1	26.87	26.46	104.5	NaN	26.46	NaN
27/06/2018 1:47:47 PM	3612916067	1013.00	27.23	26.46	101.0	27.14	26.46	101.8	26.85	26.46	104.7	NaN	26.46	NaN
27/06/2018 1:47:48 PM	3612916068	1013.00	27.26	26.45	100.7	27.14	26.45	101.9	26.87	26.45	104.5	NaN	26.45	NaN
27/06/2018 1:47:49 PM	3612916069	1013.00	27.24	26.45	100.9	27.14	26.45	101.9	26.84	26.45	104.8	NaN	26.45	NaN
27/06/2018 1:47:50 PM	3612916070	1013.00	27.26	26.45	100.7	27.13	26.45	102.0	26.85	26.45	104.7	NaN	26.45	NaN
27/06/2018 1:47:51 PM	3612916071	1013.00	27.24	26.45	100.9	27.14	26.45	101.9	26.89	26.45	104.3	NaN	26.45	NaN
27/06/2018 1:47:52 PM	3612916072	1013.00	27.26	26.45	100.7	27.12	26.45	102.1	26.86	26.45	104.6	NaN	26.45	NaN
27/06/2018 1:47:53 PM	3612916073	1013.00	27.24	26.45	100.9	27.18	26.45	101.5	26.83	26.45	104.9	NaN	26.45	NaN
27/06/2018 1:47:54 PM	3612916074	1013.00	27.27	26.44	100.6	27.15	26.44	101.8	26.85	26.44	104.7	NaN	26.44	NaN
27/06/2018 1:47:55 PM	3612916075	1013.00	27.28	26.45	100.5	27.12	26.45	102.1	26.88	26.45	104.4	NaN	26.45	NaN
27/06/2018 1:47:56 PM	3612916076	1013.00	27.28	26.44	100.5	27.14	26.44	101.9	26.86	26.44	104.6	NaN	26.44	NaN
27/06/2018 1:47:57 PM	3612916077	1013.00	27.29	26.44	100.4	27.11	26.44	102.2	26.85	26.44	104.7	NaN	26.44	NaN
27/06/2018 1:47:58 PM	3612916078	1013.00	27.27	26.44	100.6	27.13	26.44	102.0	26.84	26.44	104.8	NaN	26.44	NaN
27/06/2018 1:47:59 PM	3612916079	1013.00	27.29	26.44	100.4	27.15	26.44	101.8	26.88	26.44	104.4	NaN	26.44	NaN
27/06/2018 1:48:00 PM	3612916080	1013.00	27.25	26.43	100.8	27.14	26.43	101.9	26.87	26.43	104.5	NaN	26.43	NaN
27/06/2018 1:48:01 PM	3612916081	1013.00	27.30	26.44	100.3	27.17	26.44	101.6	26.89	26.44	104.3	NaN	26.44	NaN
27/06/2018 1:48:02 PM	3612916082	1013.00	27.29	26.45	100.4	27.16	26.45	101.7	26.86	26.45	104.6	NaN	26.45	NaN
27/06/2018 1:48:03 PM	3612916083	1013.00	27.29	26.45	100.4	27.14	26.45	101.9	26.88	26.45	104.4	NaN	26.45	NaN
27/06/2018 1:48:04 PM	3612916084	1013.00	27.29	26.45	100.4	27.15	26.45	101.8	26.84	26.45	104.8	NaN	26.45	NaN
27/06/2018 1:48:05 PM	3612916085	1013.00	27.28	26.46	100.5	27.16	26.46	101.7	26.83	26.46	104.9	NaN	26.46	NaN
27/06/2018 1:48:06 PM	3612916086	1013.00	27.32	26.46	100.1	27.17	26.46	101.6	26.85	26.46	104.7	NaN	26.46	NaN
27/06/2018 1:48:07 PM	3612916087	1013.00	27.31	26.45	100.2	27.16	26.45	101.7	26.87	26.45	104.5	NaN	26.45	NaN
27/06/2018 1:48:08 PM	3612916088	1013.00	27.32	26.45	100.1	27.14	26.45	101.9	26.86	26.45	104.6	NaN	26.45	NaN
27/06/2018 1:48:09 PM	3612916089	1013.00	27.29	26.45	100.4	27.14	26.45	101.9	26.85	26.45	104.7	NaN	26.45	NaN
27/06/2018 1:48:10 PM	3612916090	1013.00	27.31	26.45	100.2	27.15	26.45	101.8	26.84	26.45	104.8	NaN	26.45	NaN
27/06/2018 1:48:11 PM	3612916091	1013.00	27.32	26.45	100.1	27.16	26.45	101.7	26.87	26.45	104.5	NaN	26.45	NaN
27/06/2018 1:48:12 PM	3612916092	1013.00	27.31	26.45	100.2	27.13	26.45	102.0	26.91	26.45	104.1	NaN	26.45	NaN
27/06/2018 1:48:13 PM	3612916093	1013.00	27.30	26.45	100.3	27.17	26.45	101.6	26.86	26.45	104.6	NaN	26.45	NaN
27/06/2018 1:48:14 PM	3612916094	1013.00	27.32	26.45	100.1	27.17	26.45	101.6	26.87	26.45	104.5	NaN	26.45	NaN
27/06/2018 1:48:15 PM	3612916095	1013.00	27.31	26.45	100.2	27.19	26.45	101.4	26.84	26.45	104.8	NaN	26.45	NaN
27/06/2018 1:48:16 PM	3612916096	1013.00	27.31	26.45	100.2	27.15	26.45	101.8	26.86	26.45	104.6	NaN	26.45	NaN
27/06/2018 1:48:17 PM	3612916097	1013.00	27.30	26.45	100.3	27.17	26.45	101.6	26.87	26.45	104.5	NaN	26.45	NaN
27/06/2018 1:48:18 PM	3612916098	1013.00	27.33	26.45	100.0	27.14	26.45	101.9	26.88	26.45	104.4	NaN	26.45	NaN
27/06/2018 1:48:19 PM	3612916099	1013.00	27.33	26.44	100.1	27.20	26.44	101.3	26.84	26.44	104.8	NaN	26.44	NaN
27/06/2018 1:48:20 PM	3612916100	1013.00	27.35	26.43	99.9	27.15	26.43	101.8	26.89	26.43	104.3	NaN	26.43	NaN
27/06/2018 1:48:21 PM	3612916101	1013.00	27.33	26.43	100.1	27.17	26.43	101.6	26.83	26.43	104.9	NaN	26.43	NaN
27/06/2018 1:48:22 PM	3612916102	1013.00	27.32	26.43	100.2	27.16	26.43	101.7	26.85	26.43	104.7	NaN	26.43	NaN
27/06/2018 1:48:23 PM	3612916103	1013.00	27.35	26.44	99.9	27.19	26.44	101.4	26.83	26.44	104.9	NaN	26.44	NaN
27/06/2018 1:48:24 PM	3612916104	1013.00	27.34	26.44	100.0	27.17	26.44	101.6	26.90	26.44	104.2	NaN	26.44	NaN
27/06/2018 1:48:25 PM	3612916105	1013.00	27.34	26.44	100.0	27.15	26.44	101.8	26.85	26.44	104.7	NaN	26.44	NaN
27/06/2018 1:48:26 PM	3612916106	1013.00	27.34	26.44	100.0	27.20	26.44	101.3	26.88	26.44	104.4	NaN	26.44	NaN
27/06/2018 1:48:27 PM	3612916107	1013.00	27.36	26.44	99.8	27.15	26.44	101.8	26.89	26.44	104.3	NaN	26.44	NaN
27/06/2018 1:48:28 PM	3612916108	1013.00	27.36	26.44	99.8	27.14	26.44	101.9	26.86	26.44	104.6	NaN	26.44	NaN
27/06/2018 1:48:29 PM	3612916109	1013.00	27.39	26.44	99.5	27.18	26.44	101.5	26.87	26.44	104.5	NaN	26.44	NaN
27/06/2018 1:48:30 PM	3612916110	1013.00	27.35	26.44	99.9	27.16	26.44	101.7	26.84	26.44	104.8	NaN	26.44	NaN
27/06/2018 1:48:31 PM	3612916111	1013.00	27.40	26.45	99.4	27.18	26.45	101.5	26.85	26.45	104.7	NaN	26.45	NaN
27/06/2018 1:48:32 PM	3612916112	1013.00	27.34	26.45	100.0	27.17	26.45	101.6	26.88	26.45	104.4	NaN	26.45	NaN
27/06/2018 1:48:33 PM	3612916113	1013.00	27.36	26.45	99.8	27.18	26.45	101.5	26.88	26.45	104.4	NaN	26.45	NaN
27/06/2018 1:48:34 PM	3612916114	1013.00	27.39	26.46	99.5	27.19	26.46	101.4	26.85	26.46	104.7	NaN	26.46	NaN
27/06/2018 1:48:35 PM	3612916115	1013.00	27.39	26.45	99.5	27.20	26.45	101.3	26.88	26.45	104.4	NaN	26.45	NaN
27/06/2018 1:48:36 PM	3612916116	1013.00	27.38	26.45	99.6	27.19	26.45	101.4	26.88	26.45	104.4	NaN	26.45	NaN
27/06/2018 1:48:37 PM	3612916117	1013.00	27.38	26.44	99.6	27.23	26.44	101.0	26.84	26.44	104.8	NaN	26.44	NaN
27/06/2018 1:48:38 PM	3612916118	1013.00	27.41	26.44	99.3	27.19	26.44	101.4	26.83	26.44	104.9	NaN	26.44	NaN
27/06/2018 1:48:39 PM	3612916119	1013.00	27.39	26.44	99.5	27.17	26.44	101.6	26.85	26.44	104.7	NaN	26.44	NaN
27/06/2018 1:48:40 PM	3612916120	1013.00	27.39	26.44	99.5	27.22	26.44	101.1	26.85	26.44	104.7	NaN	26.44	NaN
27/06/2018 1:48:41 PM	3612916121	1013.00	27.45	26.44	98.9	27.21	26.44	101.2	26.84	26.44	104.8	NaN	26.44	NaN
27/06/2018 1:48:42 PM	3612916122	1013.00	27.38	26.45	99.6	27.21	26.45	101.2	26.86	26.45	104.6	NaN	26.45	NaN
27/06/2018 1:48:43 PM	3612916123	1013.00	27.41	26.44	99.3	27.20	26.44	101.3	26.90	26.44	104.2	NaN	26.44	NaN
27/06/2018 1:48:44 PM	3612916124	1013.00	27.41	26.44	99.3	27.21	26.44	101.2	26.86	26.44	104.6	NaN	26.44	NaN
27/06/2018 1:48:45 PM	3612916125	1013.00	27.39	26.45	99.5	27.21	26.45	101.2	26.87	26.45	104.5	NaN	26.45	NaN
27/06/2018 1:48:46 PM	3612916126	1013.00	27.42	26.45	99.2	27.18	26.45	101.5	26.89	26.45	104.3	NaN	26.45	NaN
27/06/2018 1:48:47 PM	3612916127	1013.00	27.44	26.45	99.0	27.20	26.45	101.3	26.86	26.45	104.6	NaN	26.45	NaN
27/06/2018 1:48:48 PM	3612916128	1013.00	27.42	26.45	99.2	27.21	26.45	101.2	26.88	26.45	104.4	NaN	26.45	NaN
27/06/2018 1:48:49 PM	3612916129	1013.00	27.43	26.45	99.1	27.22	26.45	101.1	26.87	26.45	104.5	NaN	26.45	NaN
27/06/2018 1:48:50 PM	3612916130	1013.00	27.44	26.44	99.0	27.21	26.44	101.2	26.88	26.44	104.4	NaN	26.44	NaN
27/06/2018 1:48:51 PM	3612916131	1013.00	27.47	26.44	98.8	27.21	26.44	101.2	26.85	26.44	104.7	NaN	26.44	NaN
27/06/2018 1:48:52 PM	3612916132	1013.00	27.44	26.44	99.0	27.25	26.44	100.8	26.89	26.44	104.3	NaN	26.44	NaN
27/06/2018 1:48:53 PM	3612916133	1013.00	27.44	26.44	99.0	27.22	26.44	101.1	26.89	26.44	104.3	NaN	26.44	NaN
27/06/2018 1:48:54 PM	3612916134	1013.00	27.43	26.44	99.1	27.22	26.44	101.1	26.85	26.44	104.7	NaN	26.44	NaN
27/06/2018 1:48:55 PM	3612916135	1013.00	27.44	26.44	99.0	27.21	26.44	101.2	26.84	26.44	104.8	NaN	26.44	NaN
27/06/2018 1:48:56 PM	3612916136	1013.00	27.48	26.45	98.6	27.23	26.45	101.0	26.88	26.45	104.4	NaN	26.45	NaN
27/06/2018 1:48:57 PM	3612916137	1013.00	27.47	26.45	98.7	27.24	26.45	100.9	26.89	26.45	104.3	NaN	26.45	NaN
27/06/2018 1:48:58 PM	3612916138	1013.00	27.46	26.45	98.8	27.20	26.45	101.3	26.85	26.45	104.7	NaN	26.45	NaN
27/06/2018 1:48:59 PM	3612916139	1013.00	27.45	26.45	98.9	27.22	26.45	101.1	26.88	26.45	104.4	NaN	26.45	NaN
27/06/2018 1:49:00 PM	3612916140	1013.00	27.47	26.44	98.8	27.24	26.44	100.9	26.89	26.44	104.3	NaN	26.44	NaN
27/06/2018 1:49:01 PM	3612916141	1013.00	27.47	26.45	98.7	27.24	26.45	100.9	26.91	26.45	104.1	NaN	26.45	NaN
27/06/2018 1:49:02 PM	3612916142	1013.00	27.48	26.44	98.7	27.24	26.44	100.9	26.89	26.44	104.3	NaN	26.44	NaN
27/06/2018 1:49:03 PM	3612916143	1013.00	27.48	26.43	98.7	27.22	26.43	101.1	26.88	26.43	104.4	NaN	26.43	NaN
27/06/2018 1:49:04 PM	3612916144	1013.00	27.49	26.44	98.6	27.25	26.44	100.8	26.90	26.44	104.2	NaN	26.44	NaN
27/06/2018 1:49:05 PM	3612916145	1013.00	27.49	26.43	98.6	27.27	26.43	100.7	26.88	26.43	104.4	NaN	26.43	NaN
27/06/2018 1:49:06 PM	3612916146	1013.00	27.48	26.43	98.7	27.24	26.43	100.9	26.84	26.43	104.8	NaN	26.43	NaN
27/06/2018 1:49:07 PM	3612916147	1013.00	27.48	26.44	98.7	27.25	26.44	100.8	26.86	26.44	104.6	NaN	26.44	NaN
27/06/2018 1:49:08 PM	3612916148	1013.00	27.48	26.44	98.7	27.28	26.44	100.5	26.90	26.44	104.2	NaN	26.44	NaN
27/06/2018 1:49:09 PM	3612916149	1013.00	27.46	26.44	98.8	27.27	26.44	100.6	26.86	26.44	104.6	NaN	26.44	NaN
27/06/2018 1:49:10 PM	3612916150	1013.00	27.49	26.44	98.6	27.25	26.44	100.8	26.85	26.44	104.7	NaN	26.44	NaN
27/06/2018 1:49:11 PM	3612916151	1013.00	27.48	26.45	98.6	27.30	26.45	100.3	26.89	26.45	104.3	NaN	26.45	NaN
27/06/2018 1:49:12 PM	3612916152	1013.00	27.50	26.45	98.5	27.31	26.45	100.2	26.93	26.45	103.9	NaN	26.45	NaN
27/06/2018 1:49:13 PM	3612916153	1013.00	27.50	26.44	98.5	27.33	26.44	100.1	26.87	26.44	104.5	NaN	26.44	NaN
27/06/2018 1:49:14 PM	3612916154	1013.00	27.49	26.44	98.6	27.27	26.44	100.6	26.87	26.44	104.5	NaN	26.44	NaN
27/06/2018 1:49:15 PM	3612916155	1013.00	27.52	26.44	98.3	27.30	26.44	100.3	26.86	26.44	104.6	NaN	26.44	NaN
27/06/2018 1:49:16 PM	3612916156	1013.00	27.50	26.43	98.5	27.33	26.43	100.1	26.87	26.43	104.5	NaN	26.43	NaN
27/06/2018 1:49:17 PM	3612916157	1013.00	27.49	26.43	98.6	27.29	26.43	100.5	26.84	26.43	104.8	NaN	26.43	NaN
27/06/2018 1:49:18 PM	3612916158	1013.00	27.50	26.43	98.5	27.29	26.43	100.5	26.92	26.43	104.0	NaN	26.43	NaN
27/06/2018 1:49:19 PM	3612916159	1013.00	27.52	26.43	98.3	27.31	26.43	100.3	26.91	26.43	104.1	NaN	26.43	NaN
27/06/2018 1:49:20 PM	3612916160	1013.00	27.49	26.43	98.6	27.28	26.43	100.6	26.94	26.43	103.8	NaN	26.43	NaN
27/06/2018 1:49:21 PM	3612916161	1013.00	27.52	26.43	98.3	27.31	26.43	100.3	26.92	26.43	104.0	NaN	26.43	NaN
27/06/2018 1:49:22 PM	3612916162	1013.00	27.53	26.44	98.2	27.31	26.44	100.3	26.87	26.44	104.5	NaN	26.44	NaN
27/06/2018 1:49:23 PM	3612916163	1013.00	27.51	26.44	98.4	27.27	26.44	100.6	26.86	26.44	104.6	NaN	26.44	NaN
27/06/2018 1:49:24 PM	3612916164	1013.00	27.53	26.44	98.2	27.34	26.44	100.0	26.89	26.44	104.3	NaN	26.44	NaN
27/06/2018 1:49:25 PM	3612916165	1013.00	27.51	26.44	98.4	27.31	26.44	100.3	26.87	26.44	104.5	NaN	26.44	NaN
27/06/2018 1:49:26 PM	3612916166	1013.00	27.54	26.45	98.1	27.26	26.45	100.7	26.90	26.45	104.2	NaN	26.45	NaN
27/06/2018 1:49:27 PM	3612916167	1013.00	27.50	26.44	98.5	27.35	26.44	99.9	26.91	26.44	104.1	NaN	26.44	NaN
27/06/2018 1:49:28 PM	3612916168	1013.00	27.53	26.44	98.2	27.30	26.44	100.3	26.85	26.44	104.7	NaN	26.44	NaN
27/06/2018 1:49:29 PM	3612916169	1013.00	27.54	26.45	98.1	27.30	26.45	100.3	26.90	26.45	104.2	NaN	26.45	NaN
27/06/2018 1:49:30 PM	3612916170	1013.00	27.55	26.44	98.0	27.36	26.44	99.8	26.88	26.44	104.4	NaN	26.44	NaN
27/06/2018 1:49:31 PM	3612916171	1013.00	27.56	26.43	97.9	27.32	26.43	100.2	26.91	26.43	104.1	NaN	26.43	NaN
27/06/2018 1:49:32 PM	3612916172	1013.00	27.54	26.44	98.1	27.31	26.44	100.3	26.86	26.44	104.6	NaN	26.44	NaN
27/06/2018 1:49:33 PM	3612916173	1013.00	27.54	26.44	98.1	27.32	26.44	100.2	26.85	26.44	104.7	NaN	26.44	NaN
27/06/2018 1:49:34 PM	3612916174	1013.00	27.54	26.44	98.1	27.29	26.44	100.4	26.91	26.44	104.1	NaN	26.44	NaN
27/06/2018 1:49:35 PM	3612916175	1013.00	27.54	26.44	98.1	27.34	26.44	100.0	26.89	26.44	104.3	NaN	26.44	NaN
27/06/2018 1:49:36 PM	3612916176	1013.00	27.54	26.45	98.1	27.33	26.45	100.0	26.91	26.45	104.1	NaN	26.45	NaN
27/06/2018 1:49:37 PM	3612916177	1013.00	27.55	26.45	98.0	27.30	26.45	100.3	26.89	26.45	104.3	NaN	26.45	NaN
27/06/2018 1:49:38 PM	3612916178	1013.00	27.56	26.44	97.9	27.30	26.44	100.3	26.88	26.44	104.4	NaN	26.44	NaN
27/06/2018 1:49:39 PM	3612916179	1013.00	27.54	26.43	98.1	27.34	26.43	100.0	26.91	26.43	104.1	NaN	26.43	NaN
27/06/2018 1:49:40 PM	3612916180	1013.00	27.57	26.43	97.8	27.30	26.43	100.4	26.92	26.43	104.0	NaN	26.43	NaN
27/06/2018 1:49:41 PM	3612916181	1013.00	27.55	26.42	98.1	27.32	26.42	100.2	26.90	26.42	104.3	NaN	26.42	NaN
27/06/2018 1:49:42 PM	3612916182	1013.00	27.59	26.41	97.7	27.30	26.41	100.4	26.90	26.41	104.3	NaN	26.41	NaN
27/06/2018 1:49:43 PM	3612916183	1013.00	27.55	26.41	98.1	27.33	26.41	100.1	26.90	26.41	104.3	NaN	26.41	NaN
27/06/2018 1:49:44 PM	3612916184	1013.00	27.55	26.42	98.1	27.33	26.42	100.1	26.88	26.42	104.5	NaN	26.42	NaN
27/06/2018 1:49:45 PM	3612916185	1013.00	27.55	26.43	98.0	27.32	26.43	100.2	26.88	26.43	104.4	NaN	26.43	NaN
27/06/2018 1:49:46 PM	3612916186	1013.00	27.56	26.43	97.9	27.33	26.43	100.1	26.90	26.43	104.2	NaN	26.43	NaN
27/06/2018 1:49:47 PM	3612916187	1013.00	27.58	26.44	97.7	27.35	26.44	99.9	26.89	26.44	104.3	NaN	26.44	NaN
27/06/2018 1:49:48 PM	3612916188	1013.00	27.58	26.44	97.7	27.34	26.44	100.0	26.89	26.44	104.3	NaN	26.44	NaN
27/06/2018 1:49:49 PM	3612916189	1013.00	27.56	26.43	97.9	27.32	26.43	100.2	26.89	26.43	104.3	NaN	26.43	NaN
27/06/2018 1:49:50 PM	3612916190	1013.00	27.57	26.42	97.9	27.34	26.42	100.0	26.88	26.42	104.5	NaN	26.42	NaN
27/06/2018 1:49:51 PM	3612916191	1013.00	27.57	26.43	97.8	27.35	26.43	99.9	26.90	26.43	104.2	NaN	26.43	NaN
27/06/2018 1:49:52 PM	3612916192	1013.00	27.59	26.42	97.7	27.34	26.42	100.0	26.94	26.42	103.9	NaN	26.42	NaN
27/06/2018 1:49:53 PM	3612916193	1013.00	27.58	26.43	97.8	27.33	26.43	100.1	26.89	26.43	104.3	NaN	26.43	NaN
27/06/2018 1:49:54 PM	3612916194	1013.00	27.57	26.42	97.9	27.34	26.42	100.0	26.89	26.42	104.4	NaN	26.42	NaN
27/06/2018 1:49:55 PM	3612916195	1013.00	27.57	26.43	97.8	27.39	26.43	99.5	26.93	26.43	103.9	NaN	26.43	NaN
27/06/2018 1:49:56 PM	3612916196	1013.00	27.59	26.42	97.7	27.32	26.42	100.2	26.91	26.42	104.2	NaN	26.42	NaN
27/06/2018 1:49:57 PM	3612916197	1013.00	27.59	26.42	97.7	27.38	26.42	99.6	26.91	26.42	104.2	NaN	26.42	NaN
27/06/2018 1:49:58 PM	3612916198	1013.00	27.59	26.42	97.7	27.35	26.42	99.9	26.88	26.42	104.5	NaN	26.42	NaN
27/06/2018 1:49:59 PM	3612916199	1013.00	27.58	26.42	97.8	27.38	26.42	99.6	26.90	26.42	104.3	NaN	26.42	NaN
27/06/2018 1:50:00 PM	3612916200	1013.00	27.58	26.42	97.8	27.38	26.42	99.6	26.90	26.42	104.3	NaN	26.42	NaN
27/06/2018 1:50:01 PM	3612916201	1013.00	27.58	26.42	97.8	27.38	26.42	99.6	26.87	26.42	104.6	NaN	26.42	NaN
27/06/2018 1:50:02 PM	3612916202	1013.00	27.60	26.43	97.6	27.37	26.43	99.7	26.86	26.43	104.6	NaN	26.43	NaN
27/06/2018 1:50:03 PM	3612916203	1013.00	27.58	26.42	97.8	27.36	26.42	99.8	26.89	26.42	104.4	NaN	26.42	NaN
27/06/2018 1:50:04 PM	3612916204	1013.00	27.60	26.43	97.6	27.35	26.43	99.9	26.87	26.43	104.5	NaN	26.43	NaN
27/06/2018 1:50:05 PM	3612916205	1013.00	27.58	26.43	97.8	27.39	26.43	99.5	26.85	26.43	104.7	NaN	26.43	NaN
27/06/2018 1:50:06 PM	3612916206	1013.00	27.58	26.42	97.8	27.35	26.42	99.9	26.91	26.42	104.2	NaN	26.42	NaN
27/06/2018 1:50:07 PM	3612916207	1013.00	27.60	26.42	97.6	27.37	26.42	99.7	26.92	26.42	104.1	NaN	26.42	NaN
27/06/2018 1:50:08 PM	3612916208	1013.00	27.61	26.42	97.5	27.40	26.42	99.4	26.94	26.42	103.9	NaN	26.42	NaN
27/06/2018 1:50:09 PM	3612916209	1013.00	27.61	26.42	97.5	27.39	26.42	99.5	26.86	26.42	104.7	NaN	26.42	NaN
27/06/2018 1:50:10 PM	3612916210	1013.00	27.61	26.43	97.5	27.34	26.43	100.0	26.87	26.43	104.5	NaN	26.43	NaN
27/06/2018 1:50:11 PM	3612916211	1013.00	27.60	26.42	97.6	27.44	26.42	99.1	26.87	26.42	104.6	NaN	26.42	NaN
27/06/2018 1:50:12 PM	3612916212	1013.00	27.58	26.41	97.8	27.38	26.41	99.6	26.92	26.41	104.1	NaN	26.41	NaN
27/06/2018 1:50:13 PM	3612916213	1013.00	27.62	26.42	97.4	27.37	26.42	99.7	26.91	26.42	104.2	NaN	26.42	NaN
27/06/2018 1:50:14 PM	3612916214	1013.00	27.61	26.41	97.5	27.38	26.41	99.6	26.90	26.41	104.3	NaN	26.41	NaN
27/06/2018 1:50:15 PM	3612916215	1013.00	27.63	26.40	97.4	27.41	26.40	99.4	26.89	26.40	104.4	NaN	26.40	NaN
27/06/2018 1:50:16 PM	3612916216	1013.00	27.62	26.40	97.4	27.39	26.40	99.6	26.92	26.40	104.1	NaN	26.40	NaN
27/06/2018 1:50:17 PM	3612916217	1013.00	27.60	26.41	97.6	27.38	26.41	99.6	26.93	26.41	104.0	NaN	26.41	NaN
27/06/2018 1:50:18 PM	3612916218	1013.00	27.64	26.40	97.3	27.43	26.40	99.2	26.90	26.40	104.3	NaN	26.40	NaN
27/06/2018 1:50:19 PM	3612916219	1013.00	27.63	26.40	97.4	27.44	26.40	99.1	26.88	26.40	104.5	NaN	26.40	NaN
27/06/2018 1:50:20 PM	3612916220	1013.00	27.62	26.41	97.4	27.43	26.41	99.2	26.86	26.41	104.7	NaN	26.41	NaN
27/06/2018 1:50:21 PM	3612916221	1013.00	27.61	26.41	97.5	27.41	26.41	99.4	26.88	26.41	104.5	NaN	26.41	NaN
27/06/2018 1:50:22 PM	3612916222	1013.00	27.63	26.40	97.4	27.42	26.40	99.3	26.91	26.40	104.2	NaN	26.40	NaN
27/06/2018 1:50:23 PM	3612916223	1013.00	27.62	26.41	97.4	27.45	26.41	99.0	26.91	26.41	104.2	NaN	26.41	NaN
27/06/2018 1:50:24 PM	3612916224	1013.00	27.63	26.41	97.3	27.40	26.41	99.5	26.93	26.41	104.0	NaN	26.41	NaN
27/06/2018 1:50:25 PM	3612916225	1013.00	27.65	26.40	97.2	27.41	26.40	99.4	26.88	26.40	104.5	NaN	26.40	NaN
27/06/2018 1:50:26 PM	3612916226	1013.00	27.63	26.41	97.3	27.41	26.41	99.4	26.87	26.41	104.6	NaN	26.41	NaN
27/06/2018 1:50:27 PM	3612916227	1013.00	27.64	26.41	97.2	27.45	26.41	99.0	26.86	26.41	104.7	NaN	26.41	NaN
27/06/2018 1:50:28 PM	3612916228	1013.00	27.66	26.41	97.1	27.43	26.41	99.2	26.92	26.41	104.1	NaN	26.41	NaN
27/06/2018 1:50:29 PM	3612916229	1013.00	27.64	26.41	97.2	27.45	26.41	99.0	26.91	26.41	104.2	NaN	26.41	NaN
27/06/2018 1:50:30 PM	3612916230	1013.00	27.65	26.41	97.2	27.44	26.41	99.1	26.90	26.41	104.3	NaN	26.41	NaN
27/06/2018 1:50:31 PM	3612916231	1013.00	27.66	26.40	97.1	27.42	26.40	99.3	26.89	26.40	104.4	NaN	26.40	NaN
27/06/2018 1:50:32 PM	3612916232	1013.00	27.64	26.41	97.2	27.44	26.41	99.1	26.89	26.41	104.4	NaN	26.41	NaN
27/06/2018 1:50:33 PM	3612916233	1013.00	27.66	26.41	97.1	27.48	26.41	98.7	26.90	26.41	104.3	NaN	26.41	NaN
27/06/2018 1:50:34 PM	3612916234	1013.00	27.67	26.41	97.0	27.44	26.41	99.1	26.95	26.41	103.8	NaN	26.41	NaN
27/06/2018 1:50:35 PM	3612916235	1013.00	27.67	26.42	97.0	27.43	26.42	99.2	26.93	26.42	104.0	NaN	26.42	NaN
27/06/2018 1:50:36 PM	3612916236	1013.00	27.66	26.42	97.0	27.45	26.42	99.0	26.88	26.42	104.5	NaN	26.42	NaN
27/06/2018 1:50:37 PM	3612916237	1013.00	27.68	26.41	96.9	27.43	26.41	99.2	26.94	26.41	103.9	NaN	26.41	NaN
27/06/2018 1:50:38 PM	3612916238	1013.00	27.70	26.41	96.7	27.49	26.41	98.6	26.87	26.41	104.6	NaN	26.41	NaN
27/06/2018 1:50:39 PM	3612916239	1013.00	27.66	26.41	97.1	27.47	26.41	98.8	26.91	26.41	104.2	NaN	26.41	NaN
27/06/2018 1:50:40 PM	3612916240	1013.00	27.67	26.41	97.0	27.49	26.41	98.6	26.93	26.41	104.0	NaN	26.41	NaN
27/06/2018 1:50:41 PM	3612916241	1013.00	27.67	26.40	97.0	27.46	26.40	98.9	26.90	26.40	104.3	NaN	26.40	NaN
27/06/2018 1:50:42 PM	3612916242	1013.00	27.68	26.40	96.9	27.47	26.40	98.8	26.92	26.40	104.1	NaN	26.40	NaN
27/06/2018 1:50:43 PM	3612916243	1013.00	27.68	26.40	96.9	27.46	26.40	98.9	26.90	26.40	104.3	NaN	26.40	NaN
27/06/2018 1:50:44 PM	3612916244	1013.00	27.70	26.39	96.7	27.50	26.39	98.6	26.90	26.39	104.3	NaN	26.39	NaN
27/06/2018 1:50:45 PM	3612916245	1013.00	27.69	26.39	96.8	27.46	26.39	98.9	26.93	26.39	104.0	NaN	26.39	NaN
27/06/2018 1:50:46 PM	3612916246	1013.00	27.68	26.40	96.9	27.46	26.40	98.9	26.88	26.40	104.5	NaN	26.40	NaN
27/06/2018 1:50:47 PM	3612916247	1013.00	27.69	26.40	96.8	27.48	26.40	98.7	26.93	26.40	104.0	NaN	26.40	NaN
27/06/2018 1:50:48 PM	3612916248	1013.00	27.67	26.41	97.0	27.49	26.41	98.6	26.88	26.41	104.5	NaN	26.41	NaN
27/06/2018 1:50:49 PM	3612916249	1013.00	27.67	26.40	97.0	27.49	26.40	98.6	26.90	26.40	104.3	NaN	26.40	NaN
27/06/2018 1:50:50 PM	3612916250	1013.00	27.71	26.40	96.6	27.52	26.40	98.4	26.86	26.40	104.7	NaN	26.40	NaN
27/06/2018 1:50:51 PM	3612916251	1013.00	27.71	26.40	96.6	27.48	26.40	98.7	26.92	26.40	104.1	NaN	26.40	NaN
27/06/2018 1:50:52 PM	3612916252	1013.00	27.71	26.39	96.6	27.51	26.39	98.5	26.90	26.39	104.3	NaN	26.39	NaN
27/06/2018 1:50:53 PM	3612916253	1013.00	27.72	26.39	96.6	27.50	26.39	98.6	26.91	26.39	104.2	NaN	26.39	NaN
27/06/2018 1:50:54 PM	3612916254	1013.00	27.72	26.40	96.5	27.50	26.40	98.5	26.92	26.40	104.1	NaN	26.40	NaN
27/06/2018 1:50:55 PM	3612916255	1013.00	27.73	26.41	96.4	27.49	26.41	98.6	26.90	26.41	104.3	NaN	26.41	NaN
27/06/2018 1:50:56 PM	3612916256	1013.00	27.74	26.41	96.3	27.50	26.41	98.5	26.91	26.41	104.2	NaN	26.41	NaN
27/06/2018 1:50:57 PM	3612916257	1013.00	27.74	26.42	96.3	27.52	26.42	98.3	26.87	26.42	104.6	NaN	26.42	NaN
27/06/2018 1:50:58 PM	3612916258	1013.00	27.76	26.41	96.2	27.53	26.41	98.3	26.90	26.41	104.3	NaN	26.41	NaN
27/06/2018 1:50:59 PM	3612916259	1013.00	27.74	26.40	96.4	27.48	26.40	98.7	26.89	26.40	104.4	NaN	26.40	NaN
27/06/2018 1:51:00 PM	3612916260	1013.00	27.74	26.41	96.3	27.52	26.41	98.3	26.94	26.41	103.9	NaN	26.41	NaN
27/06/2018 1:51:01 PM	3612916261	1013.00	27.73	26.41	96.4	27.52	26.41	98.3	26.93	26.41	104.0	NaN	26.41	NaN
27/06/2018 1:51:02 PM	3612916262	1013.00	27.74	26.41	96.3	27.50	26.41	98.5	26.88	26.41	104.5	NaN	26.41	NaN
27/06/2018 1:51:03 PM	3612916263	1013.00	27.75	26.41	96.2	27.49	26.41	98.6	26.93	26.41	104.0	NaN	26.41	NaN
27/06/2018 1:51:04 PM	3612916264	1013.00	27.74	26.41	96.3	27.52	26.41	98.3	26.87	26.41	104.6	NaN	26.41	NaN
27/06/2018 1:51:05 PM	3612916265	1013.00	27.75	26.41	96.2	27.54	26.41	98.2	26.91	26.41	104.2	NaN	26.41	NaN
27/06/2018 1:51:06 PM	3612916266	1013.00	27.76	26.40	96.2	27.53	26.40	98.3	26.91	26.40	104.2	NaN	26.40	NaN
27/06/2018 1:51:07 PM	3612916267	1013.00	27.77	26.39	96.1	27.50	26.39	98.6	26.89	26.39	104.4	NaN	26.39	NaN
27/06/2018 1:51:08 PM	3612916268	1013.00	27.75	26.39	96.3	27.52	26.39	98.4	26.87	26.39	104.6	NaN	26.39	NaN
27/06/2018 1:51:09 PM	3612916269	1013.00	27.76	26.38	96.2	27.51	26.38	98.5	26.89	26.38	104.4	NaN	26.38	NaN
27/06/2018 1:51:10 PM	3612916270	1013.00	27.79	26.38	95.9	27.54	26.38	98.2	26.90	26.38	104.3	NaN	26.38	NaN
27/06/2018 1:51:11 PM	3612916271	1013.00	27.77	26.39	96.1	27.50	26.39	98.6	26.95	26.39	103.8	NaN	26.39	NaN
27/06/2018 1:51:12 PM	3612916272	1013.00	27.77	26.39	96.1	27.49	26.39	98.7	26.94	26.39	103.9	NaN	26.39	NaN
27/06/2018 1:51:13 PM	3612916273	1013.00	27.79	26.38	95.9	27.56	26.38	98.0	26.93	26.38	104.0	NaN	26.38	NaN
27/06/2018 1:51:14 PM	3612916274	1013.00	27.80	26.38	95.8	27.50	26.38	98.6	26.93	26.38	104.0	NaN	26.38	NaN
27/06/2018 1:51:15 PM	3612916275	1013.00	27.81	26.38	95.8	27.55	26.38	98.1	26.91	26.38	104.2	NaN	26.38	NaN
27/06/2018 1:51:16 PM	3612916276	1013.00	27.80	26.38	95.8	27.55	26.38	98.1	26.93	26.38	104.0	NaN	26.38	NaN
27/06/2018 1:51:17 PM	3612916277	1013.00	27.82	26.39	95.7	27.52	26.39	98.4	26.89	26.39	104.4	NaN	26.39	NaN
27/06/2018 1:51:18 PM	3612916278	1013.00	27.80	26.40	95.8	27.56	26.40	98.0	26.88	26.40	104.5	NaN	26.40	NaN
27/06/2018 1:51:19 PM	3612916279	1013.00	27.82	26.41	95.6	27.53	26.41	98.3	26.90	26.41	104.3	NaN	26.41	NaN
27/06/2018 1:51:20 PM	3612916280	1013.00	27.83	26.41	95.5	27.53	26.41	98.3	26.92	26.41	104.1	NaN	26.41	NaN
27/06/2018 1:51:21 PM	3612916281	1013.00	27.84	26.41	95.4	27.54	26.41	98.2	26.96	26.41	103.7	NaN	26.41	NaN
27/06/2018 1:51:22 PM	3612916282	1013.00	27.84	26.42	95.4	27.51	26.42	98.4	26.89	26.42	104.4	NaN	26.42	NaN
27/06/2018 1:51:23 PM	3612916283	1013.00	27.84	26.40	95.5	27.55	26.40	98.1	26.91	26.40	104.2	NaN	26.40	NaN
27/06/2018 1:51:24 PM	3612916284	1013.00	27.82	26.41	95.6	27.56	26.41	98.0	26.91	26.41	104.2	NaN	26.41	NaN
27/06/2018 1:51:25 PM	3612916285	1013.00	27.84	26.41	95.4	27.56	26.41	98.0	26.93	26.41	104.0	NaN	26.41	NaN
27/06/2018 1:51:26 PM	3612916286	1013.00	27.86	26.40	95.3	27.54	26.40	98.2	26.92	26.40	104.1	NaN	26.40	NaN
27/06/2018 1:51:27 PM	3612916287	1013.00	27.85	26.40	95.4	27.53	26.40	98.3	26.91	26.40	104.2	NaN	26.40	NaN
27/06/2018 1:51:28 PM	3612916288	1013.00	27.85	26.40	95.4	27.54	26.40	98.2	26.89	26.40	104.4	NaN	26.40	NaN
27/06/2018 1:51:29 PM	3612916289	1013.00	27.83	26.41	95.5	27.55	26.41	98.1	26.93	26.41	104.0	NaN	26.41	NaN
27/06/2018 1:51:30 PM	3612916290	1013.00	27.87	26.41	95.2	27.59	26.41	97.7	26.90	26.41	104.3	NaN	26.41	NaN
27/06/2018 1:51:31 PM	3612916291	1013.00	27.87	26.41	95.2	27.54	26.41	98.2	26.90	26.41	104.3	NaN	26.41	NaN
27/06/2018 1:51:32 PM	3612916292	1013.00	27.89	26.40	95.0	27.59	26.40	97.7	26.91	26.40	104.2	NaN	26.40	NaN
27/06/2018 1:51:33 PM	3612916293	1013.00	27.88	26.40	95.1	27.55	26.40	98.1	26.89	26.40	104.4	NaN	26.40	NaN
27/06/2018 1:51:34 PM	3612916294	1013.00	27.88	26.39	95.1	27.58	26.39	97.8	26.97	26.39	103.6	NaN	26.39	NaN
27/06/2018 1:51:35 PM	3612916295	1013.00	27.90	26.39	94.9	27.52	26.39	98.4	26.94	26.39	103.9	NaN	26.39	NaN
27/06/2018 1:51:36 PM	3612916296	1013.00	27.93	26.39	94.7	27.55	26.39	98.1	26.95	26.39	103.8	NaN	26.39	NaN
27/06/2018 1:51:37 PM	3612916297	1013.00	27.91	26.40	94.8	27.57	26.40	97.9	26.90	26.40	104.3	NaN	26.40	NaN
27/06/2018 1:51:38 PM	3612916298	1013.00	27.91	26.40	94.8	27.58	26.40	97.8	26.95	26.40	103.8	NaN	26.40	NaN
27/06/2018 1:51:39 PM	3612916299	1013.00	27.93	26.40	94.7	27.54	26.40	98.2	26.90	26.40	104.3	NaN	26.40	NaN
27/06/2018 1:51:40 PM	3612916300	1013.00	27.92	26.40	94.8	27.58	26.40	97.8	26.92	26.40	104.1	NaN	26.40	NaN
27/06/2018 1:51:41 PM	3612916301	1013.00	27.95	26.40	94.5	27.56	26.40	98.0	26.91	26.40	104.2	NaN	26.40	NaN
27/06/2018 1:51:42 PM	3612916302	1013.00	27.92	26.39	94.8	27.61	26.39	97.6	26.95	26.39	103.8	NaN	26.39	NaN
27/06/2018 1:51:43 PM	3612916303	1013.00	27.94	26.40	94.6	27.54	26.40	98.2	26.91	26.40	104.2	NaN	26.40	NaN
27/06/2018 1:51:44 PM	3612916304	1013.00	27.92	26.40	94.8	27.60	26.40	97.6	26.91	26.40	104.2	NaN	26.40	NaN
27/06/2018 1:51:45 PM	3612916305	1013.00	27.95	26.41	94.5	27.60	26.41	97.6	26.95	26.41	103.8	NaN	26.41	NaN
27/06/2018 1:51:46 PM	3612916306	1013.00	27.95	26.40	94.5	27.58	26.40	97.8	26.92	26.40	104.1	NaN	26.40	NaN
27/06/2018 1:51:47 PM	3612916307	1013.00	27.95	26.40	94.5	27.60	26.40	97.6	26.94	26.40	103.9	NaN	26.40	NaN
27/06/2018 1:51:48 PM	3612916308	1013.00	27.97	26.40	94.3	27.57	26.40	97.9	26.92	26.40	104.1	NaN	26.40	NaN
27/06/2018 1:51:49 PM	3612916309	1013.00	27.97	26.40	94.3	27.61	26.40	97.5	26.93	26.40	104.0	NaN	26.40	NaN
27/06/2018 1:51:50 PM	3612916310	1013.00	27.99	26.39	94.2	27.59	26.39	97.7	26.88	26.39	104.5	NaN	26.39	NaN
27/06/2018 1:51:51 PM	3612916311	1013.00	27.98	26.39	94.2	27.62	26.39	97.5	26.93	26.39	104.0	NaN	26.39	NaN
27/06/2018 1:51:52 PM	3612916312	1013.00	27.94	26.39	94.6	27.61	26.39	97.6	26.91	26.39	104.2	NaN	26.39	NaN
27/06/2018 1:51:53 PM	3612916313	1013.00	27.97	26.38	94.3	27.59	26.38	97.8	26.94	26.38	103.9	NaN	26.38	NaN
27/06/2018 1:51:54 PM	3612916314	1013.00	27.97	26.39	94.3	27.59	26.39	97.7	26.93	26.39	104.0	NaN	26.39	NaN
27/06/2018 1:51:55 PM	3612916315	1013.00	27.96	26.39	94.4	27.59	26.39	97.7	26.92	26.39	104.1	NaN	26.39	NaN
27/06/2018 1:51:56 PM	3612916316	1013.00	27.97	26.39	94.3	27.59	26.39	97.7	26.89	26.39	104.4	NaN	26.39	NaN
27/06/2018 1:51:57 PM	3612916317	1013.00	28.00	26.39	94.1	27.59	26.39	97.7	26.92	26.39	104.1	NaN	26.39	NaN
27/06/2018 1:51:58 PM	3612916318	1013.00	27.96	26.41	94.4	27.61	26.41	97.5	26.90	26.41	104.3	NaN	26.41	NaN
27/06/2018 1:51:59 PM	3612916319	1013.00	27.98	26.40	94.2	27.59	26.40	97.7	26.94	26.40	103.9	NaN	26.40	NaN
27/06/2018 1:52:00 PM	3612916320	1013.00	28.00	26.40	94.0	27.62	26.40	97.4	26.94	26.40	103.9	NaN	26.40	NaN
27/06/2018 1:52:01 PM	3612916321	1013.00	27.99	26.41	94.1	27.58	26.41	97.8	26.94	26.41	103.9	NaN	26.41	NaN
27/06/2018 1:52:02 PM	3612916322	1013.00	28.00	26.41	94.0	27.64	26.41	97.2	26.92	26.41	104.1	NaN	26.41	NaN
27/06/2018 1:52:03 PM	3612916323	1013.00	28.00	26.41	94.0	27.62	26.41	97.4	26.91	26.41	104.2	NaN	26.41	NaN
27/06/2018 1:52:04 PM	3612916324	1013.00	28.00	26.40	94.0	27.63	26.40	97.4	26.91	26.40	104.2	NaN	26.40	NaN
27/06/2018 1:52:05 PM	3612916325	1013.00	28.02	26.40	93.9	27.64	26.40	97.3	26.92	26.40	104.1	NaN	26.40	NaN
27/06/2018 1:52:06 PM	3612916326	1013.00	28.00	26.41	94.0	27.63	26.41	97.3	26.94	26.41	103.9	NaN	26.41	NaN
27/06/2018 1:52:07 PM	3612916327	1013.00	28.01	26.40	94.0	27.63	26.40	97.4	26.91	26.40	104.2	NaN	26.40	NaN
27/06/2018 1:52:08 PM	3612916328	1013.00	28.01	26.39	94.0	27.65	26.39	97.2	26.98	26.39	103.5	NaN	26.39	NaN
27/06/2018 1:52:09 PM	3612916329	1013.00	28.03	26.40	93.8	27.60	26.40	97.6	26.92	26.40	104.1	NaN	26.40	NaN
27/06/2018 1:52:10 PM	3612916330	1013.00	28.04	26.40	93.7	27.63	26.40	97.4	26.89	26.40	104.4	NaN	26.40	NaN
27/06/2018 1:52:11 PM	3612916331	1013.00	28.03	26.40	93.8	27.62	26.40	97.4	26.90	26.40	104.3	NaN	26.40	NaN
27/06/2018 1:52:12 PM	3612916332	1013.00	28.05	26.41	93.6	27.61	26.41	97.5	26.95	26.41	103.8	NaN	26.41	NaN
27/06/2018 1:52:13 PM	3612916333	1013.00	28.06	26.40	93.5	27.62	26.40	97.4	26.94	26.40	103.9	NaN	26.40	NaN
27/06/2018 1:52:14 PM	3612916334	1013.00	28.06	26.41	93.5	27.65	26.41	97.2	26.94	26.41	103.9	NaN	26.41	NaN
27/06/2018 1:52:15 PM	3612916335	1013.00	28.05	26.40	93.6	27.62	26.40	97.4	26.91	26.40	104.2	NaN	26.40	NaN
27/06/2018 1:52:16 PM	3612916336	1013.00	28.05	26.40	93.6	27.62	26.40	97.4	26.95	26.40	103.8	NaN	26.40	NaN
27/06/2018 1:52:17 PM	3612916337	1013.00	28.05	26.39	93.6	27.63	26.39	97.4	26.96	26.39	103.7	NaN	26.39	NaN
27/06/2018 1:52:18 PM	3612916338	1013.00	28.07	26.39	93.5	27.65	26.39	97.2	26.93	26.39	104.0	NaN	26.39	NaN
27/06/2018 1:52:19 PM	3612916339	1013.00	28.07	26.38	93.5	27.61	26.38	97.6	26.93	26.38	104.0	NaN	26.38	NaN
27/06/2018 1:52:20 PM	3612916340	1013.00	28.07	26.38	93.5	27.64	26.38	97.3	26.91	26.38	104.2	NaN	26.38	NaN
27/06/2018 1:52:21 PM	3612916341	1013.00	28.08	26.38	93.4	27.63	26.38	97.4	26.92	26.38	104.1	NaN	26.38	NaN
27/06/2018 1:52:22 PM	3612916342	1013.00	28.09	26.39	93.3	27.66	26.39	97.1	26.92	26.39	104.1	NaN	26.39	NaN
27/06/2018 1:52:23 PM	3612916343	1013.00	28.08	26.39	93.4	27.67	26.39	97.0	26.95	26.39	103.8	NaN	26.39	NaN
27/06/2018 1:52:24 PM	3612916344	1013.00	28.09	26.39	93.3	27.66	26.39	97.1	26.97	26.39	103.6	NaN	26.39	NaN
27/06/2018 1:52:25 PM	3612916345	1013.00	28.13	26.39	92.9	27.64	26.39	97.3	26.90	26.39	104.3	NaN	26.39	NaN
27/06/2018 1:52:26 PM	3612916346	1013.00	28.10	26.39	93.2	27.64	26.39	97.3	26.94	26.39	103.9	NaN	26.39	NaN
27/06/2018 1:52:27 PM	3612916347	1013.00	28.11	26.37	93.1	27.63	26.37	97.4	26.94	26.37	104.0	NaN	26.37	NaN
27/06/2018 1:52:28 PM	3612916348	1013.00	28.11	26.36	93.2	27.64	26.36	97.3	26.92	26.36	104.2	NaN	26.36	NaN
27/06/2018 1:52:29 PM	3612916349	1013.00	28.10	26.36	93.2	27.68	26.36	97.0	26.93	26.36	104.1	NaN	26.36	NaN
27/06/2018 1:52:30 PM	3612916350	1013.00	28.11	26.36	93.2	27.65	26.36	97.2	26.90	26.36	104.4	NaN	26.36	NaN
27/06/2018 1:52:31 PM	3612916351	1013.00	28.12	26.36	93.1	27.66	26.36	97.1	26.91	26.36	104.3	NaN	26.36	NaN
27/06/2018 1:52:32 PM	3612916352	1013.00	28.12	26.36	93.1	27.65	26.36	97.2	26.89	26.36	104.5	NaN	26.36	NaN
27/06/2018 1:52:33 PM	3612916353	1013.00	28.11	26.37	93.1	27.67	26.37	97.0	26.93	26.37	104.1	NaN	26.37	NaN
27/06/2018 1:52:34 PM	3612916354	1013.00	28.14	26.37	92.9	27.65	26.37	97.2	26.91	26.37	104.3	NaN	26.37	NaN
27/06/2018 1:52:35 PM	3612916355	1013.00	28.12	26.37	93.1	27.66	26.37	97.1	26.92	26.37	104.2	NaN	26.37	NaN
27/06/2018 1:52:36 PM	3612916356	1013.00	28.14	26.37	92.9	27.67	26.37	97.0	26.93	26.37	104.1	NaN	26.37	NaN
27/06/2018 1:52:37 PM	3612916357	1013.00	28.12	26.37	93.1	27.69	26.37	96.9	26.92	26.37	104.2	NaN	26.37	NaN
27/06/2018 1:52:38 PM	3612916358	1013.00	28.12	26.36	93.1	27.66	26.36	97.1	26.94	26.36	104.0	NaN	26.36	NaN
27/06/2018 1:52:39 PM	3612916359	1013.00	28.14	26.37	92.9	27.66	26.37	97.1	26.96	26.37	103.8	NaN	26.37	NaN
27/06/2018 1:52:40 PM	3612916360	1013.00	28.13	26.36	93.0	27.67	26.36	97.1	26.89	26.36	104.5	NaN	26.36	NaN
27/06/2018 1:52:41 PM	3612916361	1013.00	28.15	26.36	92.8	27.70	26.36	96.8	26.94	26.36	104.0	NaN	26.36	NaN
27/06/2018 1:52:42 PM	3612916362	1013.00	28.15	26.36	92.8	27.72	26.36	96.6	26.94	26.36	104.0	NaN	26.36	NaN
27/06/2018 1:52:43 PM	3612916363	1013.00	28.15	26.37	92.8	27.70	26.37	96.8	26.90	26.37	104.4	NaN	26.37	NaN
27/06/2018 1:52:44 PM	3612916364	1013.00	28.16	26.36	92.7	27.70	26.36	96.8	26.93	26.36	104.1	NaN	26.36	NaN
27/06/2018 1:52:45 PM	3612916365	1013.00	28.15	26.38	92.8	27.66	26.38	97.1	26.94	26.38	103.9	NaN	26.38	NaN
27/06/2018 1:52:46 PM	3612916366	1013.00	28.14	26.37	92.9	27.72	26.37	96.6	26.93	26.37	104.1	NaN	26.37	NaN
27/06/2018 1:52:47 PM	3612916367	1013.00	28.14	26.38	92.9	27.70	26.38	96.7	26.96	26.38	103.7	NaN	26.38	NaN
27/06/2018 1:52:48 PM	3612916368	1013.00	28.17	26.37	92.6	27.68	26.37	96.9	26.91	26.37	104.3	NaN	26.37	NaN
27/06/2018 1:52:49 PM	3612916369	1013.00	28.13	26.37	93.0	27.75	26.37	96.3	26.93	26.37	104.1	NaN	26.37	NaN
27/06/2018 1:52:50 PM	3612916370	1013.00	28.19	26.37	92.5	27.71	26.37	96.7	26.90	26.37	104.4	NaN	26.37	NaN
27/06/2018 1:52:51 PM	3612916371	1013.00	28.15	26.36	92.8	27.70	26.36	96.8	26.93	26.36	104.1	NaN	26.36	NaN
27/06/2018 1:52:52 PM	3612916372	1013.00	28.18	26.36	92.6	27.76	26.36	96.2	26.95	26.36	103.9	NaN	26.36	NaN
27/06/2018 1:52:53 PM	3612916373	1013.00	28.15	26.37	92.8	27.71	26.37	96.7	26.90	26.37	104.4	NaN	26.37	NaN
27/06/2018 1:52:54 PM	3612916374	1013.00	28.16	26.36	92.7	27.74	26.36	96.4	26.91	26.36	104.3	NaN	26.36	NaN
27/06/2018 1:52:55 PM	3612916375	1013.00	28.18	26.36	92.6	27.71	26.36	96.7	26.93	26.36	104.1	NaN	26.36	NaN
27/06/2018 1:52:56 PM	3612916376	1013.00	28.19	26.37	92.5	27.73	26.37	96.5	26.95	26.37	103.9	NaN	26.37	NaN
27/06/2018 1:52:57 PM	3612916377	1013.00	28.19	26.36	92.5	27.72	26.36	96.6	26.94	26.36	104.0	NaN	26.36	NaN
27/06/2018 1:52:58 PM	3612916378	1013.00	28.15	26.37	92.8	27.76	26.37	96.2	26.94	26.37	104.0	NaN	26.37	NaN
27/06/2018 1:52:59 PM	3612916379	1013.00	28.17	26.36	92.6	27.74	26.36	96.4	26.93	26.36	104.1	NaN	26.36	NaN
27/06/2018 1:53:00 PM	3612916380	1013.00	28.18	26.36	92.6	27.77	26.36	96.2	26.96	26.36	103.8	NaN	26.36	NaN
27/06/2018 1:53:01 PM	3612916381	1013.00	28.20	26.36	92.4	27.74	26.36	96.4	26.93	26.36	104.1	NaN	26.36	NaN
27/06/2018 1:53:02 PM	3612916382	1013.00	28.20	26.37	92.4	27.75	26.37	96.3	26.96	26.37	103.8	NaN	26.37	NaN
27/06/2018 1:53:03 PM	3612916383	1013.00	28.20	26.36	92.4	27.75	26.36	96.3	26.94	26.36	104.0	NaN	26.36	NaN
27/06/2018 1:53:04 PM	3612916384	1013.00	28.20	26.37	92.4	27.75	26.37	96.3	26.92	26.37	104.2	NaN	26.37	NaN
27/06/2018 1:53:05 PM	3612916385	1013.00	28.20	26.36	92.4	27.76	26.36	96.2	26.94	26.36	104.0	NaN	26.36	NaN
27/06/2018 1:53:06 PM	3612916386	1013.00	28.20	26.35	92.4	27.76	26.35	96.3	26.96	26.35	103.8	NaN	26.35	NaN
27/06/2018 1:53:07 PM	3612916387	1013.00	28.21	26.36	92.3	27.76	26.36	96.2	26.98	26.36	103.6	NaN	26.36	NaN
27/06/2018 1:53:08 PM	3612916388	1013.00	28.24	26.36	92.0	27.76	26.36	96.2	26.91	26.36	104.3	NaN	26.36	NaN
27/06/2018 1:53:09 PM	3612916389	1013.00	28.23	26.36	92.1	27.76	26.36	96.2	26.95	26.36	103.9	NaN	26.36	NaN
27/06/2018 1:53:10 PM	3612916390	1013.00	28.24	26.37	92.0	27.77	26.37	96.1	26.93	26.37	104.1	NaN	26.37	NaN
27/06/2018 1:53:11 PM	3612916391	1013.00	28.24	26.37	92.0	27.71	26.37	96.7	26.96	26.37	103.8	NaN	26.37	NaN
27/06/2018 1:53:12 PM	3612916392	1013.00	28.24	26.37	92.0	27.74	26.37	96.4	26.91	26.37	104.3	NaN	26.37	NaN
27/06/2018 1:53:13 PM	3612916393	1013.00	28.25	26.37	91.9	27.77	26.37	96.1	26.92	26.37	104.2	NaN	26.37	NaN
27/06/2018 1:53:14 PM	3612916394	1013.00	28.25	26.36	92.0	27.75	26.36	96.3	26.94	26.36	104.0	NaN	26.36	NaN
27/06/2018 1:53:15 PM	3612916395	1013.00	28.26	26.36	91.9	27.78	26.36	96.1	26.95	26.36	103.9	NaN	26.36	NaN
27/06/2018 1:53:16 PM	3612916396	1013.00	28.26	26.36	91.9	27.78	26.36	96.1	26.99	26.36	103.5	NaN	26.36	NaN
27/06/2018 1:53:17 PM	3612916397	1013.00	28.27	26.36	91.8	27.78	26.36	96.1	26.91	26.36	104.3	NaN	26.36	NaN
27/06/2018 1:53:18 PM	3612916398	1013.00	28.25	26.36	92.0	27.77	26.36	96.2	26.98	26.36	103.6	NaN	26.36	NaN
27/06/2018 1:53:19 PM	3612916399	1013.00	28.28	26.37	91.7	27.75	26.37	96.3	26.95	26.37	103.9	NaN	26.37	NaN
27/06/2018 1:53:20 PM	3612916400	1013.00	28.27	26.37	91.8	27.79	26.37	96.0	26.94	26.37	104.0	NaN	26.37	NaN
27/06/2018 1:53:21 PM	3612916401	1013.00	28.27	26.36	91.8	27.80	26.36	95.9	26.95	26.36	103.9	NaN	26.36	NaN
27/06/2018 1:53:22 PM	3612916402	1013.00	28.29	26.35	91.6	27.76	26.35	96.3	26.93	26.35	104.1	NaN	26.35	NaN
27/06/2018 1:53:23 PM	3612916403	1013.00	28.29	26.35	91.6	27.77	26.35	96.2	26.91	26.35	104.3	NaN	26.35	NaN
27/06/2018 1:53:24 PM	3612916404	1013.00	28.28	26.35	91.7	27.79	26.35	96.0	26.96	26.35	103.8	NaN	26.35	NaN
27/06/2018 1:53:25 PM	3612916405	1013.00	28.31	26.34	91.5	27.77	26.34	96.2	26.92	26.34	104.2	NaN	26.34	NaN
27/06/2018 1:53:26 PM	3612916406	1013.00	28.33	26.36	91.3	27.77	26.36	96.2	26.97	26.36	103.7	NaN	26.36	NaN
27/06/2018 1:53:27 PM	3612916407	1013.00	28.31	26.36	91.4	27.81	26.36	95.8	26.91	26.36	104.3	NaN	26.36	NaN
27/06/2018 1:53:28 PM	3612916408	1013.00	28.32	26.35	91.4	27.78	26.35	96.1	26.96	26.35	103.8	NaN	26.35	NaN
27/06/2018 1:53:29 PM	3612916409	1013.00	28.31	26.36	91.4	27.76	26.36	96.2	26.99	26.36	103.5	NaN	26.36	NaN
27/06/2018 1:53:30 PM	3612916410	1013.00	28.31	26.36	91.4	27.80	26.36	95.9	26.94	26.36	104.0	NaN	26.36	NaN
27/06/2018 1:53:31 PM	3612916411	1013.00	28.32	26.35	91.4	27.79	26.35	96.0	26.95	26.35	103.9	NaN	26.35	NaN
27/06/2018 1:53:32 PM	3612916412	1013.00	28.33	26.35	91.3	27.79	26.35	96.0	26.94	26.35	104.0	NaN	26.35	NaN
27/06/2018 1:53:33 PM	3612916413	1013.00	28.31	26.35	91.5	27.78	26.35	96.1	26.93	26.35	104.1	NaN	26.35	NaN
27/06/2018 1:53:34 PM	3612916414	1013.00	28.32	26.35	91.4	27.82	26.35	95.7	26.96	26.35	103.8	NaN	26.35	NaN
27/06/2018 1:53:35 PM	3612916415	1013.00	28.34	26.33	91.2	27.82	26.33	95.8	26.94	26.33	104.0	NaN	26.33	NaN
27/06/2018 1:53:36 PM	3612916416	1013.00	28.38	26.34	90.9	27.83	26.34	95.6	26.93	26.34	104.1	NaN	26.34	NaN
27/06/2018 1:53:37 PM	3612916417	1013.00	28.37	26.33	91.0	27.81	26.33	95.8	26.96	26.33	103.8	NaN	26.33	NaN
27/06/2018 1:53:38 PM	3612916418	1013.00	28.36	26.33	91.1	27.78	26.33	96.1	26.95	26.33	103.9	NaN	26.33	NaN
27/06/2018 1:53:39 PM	3612916419	1013.00	28.38	26.34	90.9	27.85	26.34	95.5	26.94	26.34	104.0	NaN	26.34	NaN
27/06/2018 1:53:40 PM	3612916420	1013.00	28.36	26.35	91.0	27.82	26.35	95.7	26.91	26.35	104.3	NaN	26.35	NaN
27/06/2018 1:53:41 PM	3612916421	1013.00	28.38	26.35	90.9	27.81	26.35	95.8	26.96	26.35	103.8	NaN	26.35	NaN
27/06/2018 1:53:42 PM	3612916422	1013.00	28.36	26.36	91.0	27.84	26.36	95.5	26.99	26.36	103.5	NaN	26.36	NaN
27/06/2018 1:53:43 PM	3612916423	1013.00	28.37	26.35	91.0	27.81	26.35	95.8	26.96	26.35	103.8	NaN	26.35	NaN
27/06/2018 1:53:44 PM	3612916424	1013.00	28.37	26.35	91.0	27.83	26.35	95.6	26.96	26.35	103.8	NaN	26.35	NaN
27/06/2018 1:53:45 PM	3612916425	1013.00	28.38	26.34	90.9	27.82	26.34	95.7	26.96	26.34	103.8	NaN	26.34	NaN
27/06/2018 1:53:46 PM	3612916426	1013.00	28.37	26.34	91.0	27.84	26.34	95.6	26.96	26.34	103.8	NaN	26.34	NaN
27/06/2018 1:53:47 PM	3612916427	1013.00	28.37	26.33	91.0	27.82	26.33	95.8	26.94	26.33	104.0	NaN	26.33	NaN
27/06/2018 1:53:48 PM	3612916428	1013.00	28.35	26.34	91.1	27.85	26.34	95.5	26.95	26.34	103.9	NaN	26.34	NaN
27/06/2018 1:53:49 PM	3612916429	1013.00	28.38	26.34	90.9	27.83	26.34	95.6	26.90	26.34	104.4	NaN	26.34	NaN
27/06/2018 1:53:50 PM	3612916430	1013.00	28.40	26.34	90.7	27.86	26.34	95.4	26.96	26.34	103.8	NaN	26.34	NaN
27/06/2018 1:53:51 PM	3612916431	1013.00	28.40	26.34	90.7	27.81	26.34	95.8	26.94	26.34	104.0	NaN	26.34	NaN
27/06/2018 1:53:52 PM	3612916432	1013.00	28.42	26.34	90.6	27.86	26.34	95.4	26.91	26.34	104.3	NaN	26.34	NaN
27/06/2018 1:53:53 PM	3612916433	1013.00	28.40	26.35	90.7	27.87	26.35	95.3	26.94	26.35	104.0	NaN	26.35	NaN
27/06/2018 1:53:54 PM	3612916434	1013.00	28.40	26.34	90.7	27.85	26.34	95.5	26.95	26.34	103.9	NaN	26.34	NaN
27/06/2018 1:53:55 PM	3612916435	1013.00	28.39	26.34	90.8	27.84	26.34	95.6	26.92	26.34	104.2	NaN	26.34	NaN
27/06/2018 1:53:56 PM	3612916436	1013.00	28.41	26.34	90.6	27.84	26.34	95.6	26.93	26.34	104.1	NaN	26.34	NaN
27/06/2018 1:53:57 PM	3612916437	1013.00	28.40	26.33	90.7	27.84	26.33	95.6	26.93	26.33	104.1	NaN	26.33	NaN
27/06/2018 1:53:58 PM	3612916438	1013.00	28.42	26.34	90.6	27.82	26.34	95.7	26.96	26.34	103.8	NaN	26.34	NaN
27/06/2018 1:53:59 PM	3612916439	1013.00	28.42	26.34	90.6	27.85	26.34	95.5	26.94	26.34	104.0	NaN	26.34	NaN
27/06/2018 1:54:00 PM	3612916440	1013.00	28.42	26.33	90.6	27.84	26.33	95.6	26.94	26.33	104.0	NaN	26.33	NaN
27/06/2018 1:54:01 PM	3612916441	1013.00	28.42	26.32	90.6	27.85	26.32	95.5	26.93	26.32	104.1	NaN	26.32	NaN
27/06/2018 1:54:02 PM	3612916442	1013.00	28.41	26.32	90.7	27.84	26.32	95.6	26.92	26.32	104.2	NaN	26.32	NaN
27/06/2018 1:54:03 PM	3612916443	1013.00	28.45	26.32	90.3	27.86	26.32	95.4	26.99	26.32	103.6	NaN	26.32	NaN
27/06/2018 1:54:04 PM	3612916444	1013.00	28.43	26.31	90.5	27.89	26.31	95.2	26.97	26.31	103.8	NaN	26.31	NaN
27/06/2018 1:54:05 PM	3612916445	1013.00	28.45	26.32	90.3	27.87	26.32	95.3	26.95	26.32	103.9	NaN	26.32	NaN
27/06/2018 1:54:06 PM	3612916446	1013.00	28.46	26.33	90.2	27.87	26.33	95.3	26.97	26.33	103.7	NaN	26.33	NaN
27/06/2018 1:54:07 PM	3612916447	1013.00	28.44	26.33	90.4	27.88	26.33	95.2	26.93	26.33	104.1	NaN	26.33	NaN
27/06/2018 1:54:08 PM	3612916448	1013.00	28.45	26.32	90.3	27.86	26.32	95.4	26.98	26.32	103.7	NaN	26.32	NaN
27/06/2018 1:54:09 PM	3612916449	1013.00	28.46	26.32	90.3	27.90	26.32	95.1	26.95	26.32	103.9	NaN	26.32	NaN
27/06/2018 1:54:10 PM	3612916450	1013.00	28.47	26.33	90.2	27.87	26.33	95.3	26.96	26.33	103.8	NaN	26.33	NaN
27/06/2018 1:54:11 PM	3612916451	1013.00	28.48	26.32	90.1	27.91	26.32	95.0	26.93	26.32	104.1	NaN	26.32	NaN
27/06/2018 1:54:12 PM	3612916452	1013.00	28.46	26.32	90.3	27.88	26.32	95.2	26.96	26.32	103.8	NaN	26.32	NaN
27/06/2018 1:54:13 PM	3612916453	1013.00	28.47	26.34	90.1	27.90	26.34	95.0	26.94	26.34	104.0	NaN	26.34	NaN
27/06/2018 1:54:14 PM	3612916454	1013.00	28.46	26.34	90.2	27.87	26.34	95.3	26.95	26.34	103.9	NaN	26.34	NaN
27/06/2018 1:54:15 PM	3612916455	1013.00	28.49	26.33	90.0	27.90	26.33	95.0	26.94	26.33	104.0	NaN	26.33	NaN
27/06/2018 1:54:16 PM	3612916456	1013.00	28.49	26.34	90.0	27.90	26.34	95.0	26.95	26.34	103.9	NaN	26.34	NaN
27/06/2018 1:54:17 PM	3612916457	1013.00	28.50	26.34	89.9	27.90	26.34	95.0	26.97	26.34	103.7	NaN	26.34	NaN
27/06/2018 1:54:18 PM	3612916458	1013.00	28.52	26.33	89.7	27.90	26.33	95.0	26.97	26.33	103.7	NaN	26.33	NaN
27/06/2018 1:54:19 PM	3612916459	1013.00	28.50	26.32	89.9	27.88	26.32	95.2	26.94	26.32	104.0	NaN	26.32	NaN
27/06/2018 1:54:20 PM	3612916460	1013.00	28.49	26.32	90.0	27.90	26.32	95.1	26.91	26.32	104.3	NaN	26.32	NaN
27/06/2018 1:54:21 PM	3612916461	1013.00	28.51	26.32	89.8	27.87	26.32	95.3	26.95	26.32	103.9	NaN	26.32	NaN
27/06/2018 1:54:22 PM	3612916462	1013.00	28.52	26.30	89.8	27.93	26.30	94.8	26.94	26.30	104.1	NaN	26.30	NaN
27/06/2018 1:54:23 PM	3612916463	1013.00	28.50	26.31	89.9	27.93	26.31	94.8	26.91	26.31	104.4	NaN	26.31	NaN
27/06/2018 1:54:24 PM	3612916464	1013.00	28.52	26.32	89.8	27.87	26.32	95.3	26.98	26.32	103.7	NaN	26.32	NaN
27/06/2018 1:54:25 PM	3612916465	1013.00	28.51	26.31	89.9	27.93	26.31	94.8	26.97	26.31	103.8	NaN	26.31	NaN
27/06/2018 1:54:26 PM	3612916466	1013.00	28.50	26.31	89.9	27.92	26.31	94.9	26.91	26.31	104.4	NaN	26.31	NaN
27/06/2018 1:54:27 PM	3612916467	1013.00	28.53	26.31	89.7	27.92	26.31	94.9	26.96	26.31	103.9	NaN	26.31	NaN
27/06/2018 1:54:28 PM	3612916468	1013.00	28.52	26.31	89.8	27.92	26.31	94.9	26.99	26.31	103.6	NaN	26.31	NaN
27/06/2018 1:54:29 PM	3612916469	1013.00	28.52	26.30	89.8	27.91	26.30	95.0	27.00	26.30	103.5	NaN	26.30	NaN
27/06/2018 1:54:30 PM	3612916470	1013.00	28.53	26.31	89.7	27.93	26.31	94.8	26.98	26.31	103.7	NaN	26.31	NaN
27/06/2018 1:54:31 PM	3612916471	1013.00	28.53	26.32	89.7	27.88	26.32	95.2	26.95	26.32	103.9	NaN	26.32	NaN
27/06/2018 1:54:32 PM	3612916472	1013.00	28.57	26.32	89.3	27.95	26.32	94.6	26.93	26.32	104.1	NaN	26.32	NaN
27/06/2018 1:54:33 PM	3612916473	1013.00	28.54	26.32	89.6	27.97	26.32	94.4	26.93	26.32	104.1	NaN	26.32	NaN
27/06/2018 1:54:34 PM	3612916474	1013.00	28.54	26.32	89.6	27.95	26.32	94.6	26.95	26.32	103.9	NaN	26.32	NaN
27/06/2018 1:54:35 PM	3612916475	1013.00	28.55	26.32	89.5	27.94	26.32	94.7	26.98	26.32	103.7	NaN	26.32	NaN
27/06/2018 1:54:36 PM	3612916476	1013.00	28.57	26.31	89.4	27.96	26.31	94.5	26.95	26.31	104.0	NaN	26.31	NaN
27/06/2018 1:54:37 PM	3612916477	1013.00	28.58	26.31	89.3	27.91	26.31	95.0	26.92	26.31	104.3	NaN	26.31	NaN
27/06/2018 1:54:38 PM	3612916478	1013.00	28.55	26.30	89.5	27.93	26.30	94.8	26.95	26.30	104.0	NaN	26.30	NaN
27/06/2018 1:54:39 PM	3612916479	1013.00	28.56	26.31	89.4	27.95	26.31	94.6	26.92	26.31	104.3	NaN	26.31	NaN
27/06/2018 1:54:40 PM	3612916480	1013.00	28.55	26.31	89.5	27.96	26.31	94.5	26.96	26.31	103.9	NaN	26.31	NaN
27/06/2018 1:54:41 PM	3612916481	1013.00	28.57	26.30	89.4	27.95	26.30	94.6	26.91	26.30	104.4	NaN	26.30	NaN
27/06/2018 1:54:42 PM	3612916482	1013.00	28.59	26.30	89.2	27.93	26.30	94.8	26.99	26.30	103.6	NaN	26.30	NaN
27/06/2018 1:54:43 PM	3612916483	1013.00	28.58	26.31	89.3	27.93	26.31	94.8	26.98	26.31	103.7	NaN	26.31	NaN
27/06/2018 1:54:44 PM	3612916484	1013.00	28.60	26.30	89.1	27.99	26.30	94.3	26.98	26.30	103.7	NaN	26.30	NaN
27/06/2018 1:54:45 PM	3612916485	1013.00	28.61	26.30	89.1	27.94	26.30	94.7	26.95	26.30	104.0	NaN	26.30	NaN
27/06/2018 1:54:46 PM	3612916486	1013.00	28.63	26.30	88.9	27.97	26.30	94.5	26.92	26.30	104.3	NaN	26.30	NaN
27/06/2018 1:54:47 PM	3612916487	1013.00	28.59	26.29	89.2	28.00	26.29	94.2	26.92	26.29	104.3	NaN	26.29	NaN
27/06/2018 1:54:48 PM	3612916488	1013.00	28.64	26.29	88.8	27.96	26.29	94.6	26.98	26.29	103.7	NaN	26.29	NaN
27/06/2018 1:54:49 PM	3612916489	1013.00	28.61	26.30	89.1	27.98	26.30	94.4	26.96	26.30	103.9	NaN	26.30	NaN
27/06/2018 1:54:50 PM	3612916490	1013.00	28.63	26.30	88.9	28.00	26.30	94.2	26.94	26.30	104.1	NaN	26.30	NaN
27/06/2018 1:54:51 PM	3612916491	1013.00	28.64	26.30	88.8	27.94	26.30	94.7	26.96	26.30	103.9	NaN	26.30	NaN
27/06/2018 1:54:52 PM	3612916492	1013.00	28.62	26.30	89.0	28.00	26.30	94.2	26.99	26.30	103.6	NaN	26.30	NaN
27/06/2018 1:54:53 PM	3612916493	1013.00	28.63	26.30	88.9	27.96	26.30	94.6	26.96	26.30	103.9	NaN	26.30	NaN
27/06/2018 1:54:54 PM	3612916494	1013.00	28.64	26.30	88.8	28.01	26.30	94.1	26.92	26.30	104.3	NaN	26.30	NaN
27/06/2018 1:54:55 PM	3612916495	1013.00	28.64	26.30	88.8	28.00	26.30	94.2	26.96	26.30	103.9	NaN	26.30	NaN
27/06/2018 1:54:56 PM	3612916496	1013.00	28.65	26.30	88.7	28.04	26.30	93.9	26.96	26.30	103.9	NaN	26.30	NaN
27/06/2018 1:54:57 PM	3612916497	1013.00	28.64	26.30	88.8	28.03	26.30	93.9	26.93	26.30	104.2	NaN	26.30	NaN
27/06/2018 1:54:58 PM	3612916498	1013.00	28.64	26.29	88.8	28.01	26.29	94.1	26.93	26.29	104.2	NaN	26.29	NaN
27/06/2018 1:54:59 PM	3612916499	1013.00	28.64	26.30	88.8	27.99	26.30	94.3	26.93	26.30	104.2	NaN	26.30	NaN
27/06/2018 1:55:00 PM	3612916500	1013.00	28.65	26.29	88.7	28.03	26.29	94.0	26.93	26.29	104.2	NaN	26.29	NaN
27/06/2018 1:55:01 PM	3612916501	1013.00	28.65	26.29	88.7	28.05	26.29	93.8	26.95	26.29	104.0	NaN	26.29	NaN
27/06/2018 1:55:02 PM	3612916502	1013.00	28.67	26.29	88.6	28.02	26.29	94.1	26.95	26.29	104.0	NaN	26.29	NaN
27/06/2018 1:55:03 PM	3612916503	1013.00	28.66	26.29	88.7	28.07	26.29	93.6	26.93	26.29	104.2	NaN	26.29	NaN
27/06/2018 1:55:04 PM	3612916504	1013.00	28.67	26.29	88.6	28.09	26.29	93.4	26.93	26.29	104.2	NaN	26.29	NaN
27/06/2018 1:55:05 PM	3612916505	1013.00	28.67	26.29	88.6	28.03	26.29	94.0	26.98	26.29	103.7	NaN	26.29	NaN
27/06/2018 1:55:06 PM	3612916506	1013.00	28.66	26.29	88.7	28.07	26.29	93.6	26.97	26.29	103.8	NaN	26.29	NaN
27/06/2018 1:55:07 PM	3612916507	1013.00	28.65	26.29	88.7	28.11	26.29	93.3	26.92	26.29	104.3	NaN	26.29	NaN
27/06/2018 1:55:08 PM	3612916508	1013.00	28.66	26.29	88.7	28.07	26.29	93.6	26.94	26.29	104.1	NaN	26.29	NaN
27/06/2018 1:55:09 PM	3612916509	1013.00	28.67	26.29	88.6	28.05	26.29	93.8	26.97	26.29	103.8	NaN	26.29	NaN
27/06/2018 1:55:10 PM	3612916510	1013.00	28.68	26.29	88.5	28.08	26.29	93.5	26.96	26.29	103.9	NaN	26.29	NaN
27/06/2018 1:55:11 PM	3612916511	1013.00	28.67	26.30	88.6	28.09	26.30	93.4	27.00	26.30	103.5	NaN	26.30	NaN
27/06/2018 1:55:12 PM	3612916512	1013.00	28.66	26.30	88.6	28.05	26.30	93.8	26.99	26.30	103.6	NaN	26.30	NaN
27/06/2018 1:55:13 PM	3612916513	1013.00	28.68	26.30	88.5	28.07	26.30	93.6	26.96	26.30	103.9	NaN	26.30	NaN
27/06/2018 1:55:14 PM	3612916514	1013.00	28.71	26.30	88.2	28.09	26.30	93.4	26.98	26.30	103.7	NaN	26.30	NaN
27/06/2018 1:55:15 PM	3612916515	1013.00	28.70	26.30	88.3	28.06	26.30	93.7	26.98	26.30	103.7	NaN	26.30	NaN
27/06/2018 1:55:16 PM	3612916516	1013.00	28.71	26.29	88.3	28.07	26.29	93.6	26.95	26.29	104.0	NaN	26.29	NaN
27/06/2018 1:55:17 PM	3612916517	1013.00	28.68	26.29	88.5	28.05	26.29	93.8	26.96	26.29	103.9	NaN	26.29	NaN
27/06/2018 1:55:18 PM	3612916518	1013.00	28.68	26.28	88.5	28.08	26.28	93.5	27.02	26.28	103.3	NaN	26.28	NaN
27/06/2018 1:55:19 PM	3612916519	1013.00	28.72	26.29	88.2	28.06	26.29	93.7	26.98	26.29	103.7	NaN	26.29	NaN
27/06/2018 1:55:20 PM	3612916520	1013.00	28.73	26.29	88.1	28.11	26.29	93.3	26.99	26.29	103.6	NaN	26.29	NaN
27/06/2018 1:55:21 PM	3612916521	1013.00	28.71	26.29	88.3	28.06	26.29	93.7	26.96	26.29	103.9	NaN	26.29	NaN
27/06/2018 1:55:22 PM	3612916522	1013.00	28.71	26.29	88.3	28.09	26.29	93.4	26.96	26.29	103.9	NaN	26.29	NaN
27/06/2018 1:55:23 PM	3612916523	1013.00	28.72	26.29	88.2	28.07	26.29	93.6	26.97	26.29	103.8	NaN	26.29	NaN
27/06/2018 1:55:24 PM	3612916524	1013.00	28.70	26.28	88.3	28.08	26.28	93.5	26.98	26.28	103.7	NaN	26.28	NaN
27/06/2018 1:55:25 PM	3612916525	1013.00	28.72	26.27	88.2	28.10	26.27	93.4	26.96	26.27	103.9	NaN	26.27	NaN
27/06/2018 1:55:26 PM	3612916526	1013.00	28.71	26.28	88.3	28.09	26.28	93.5	26.99	26.28	103.6	NaN	26.28	NaN
27/06/2018 1:55:27 PM	3612916527	1013.00	28.73	26.28	88.1	28.10	26.28	93.4	26.96	26.28	103.9	NaN	26.28	NaN
27/06/2018 1:55:28 PM	3612916528	1013.00	28.72	26.27	88.2	28.14	26.27	93.0	26.98	26.27	103.7	NaN	26.27	NaN
27/06/2018 1:55:29 PM	3612916529	1013.00	28.72	26.28	88.2	28.09	26.28	93.5	26.95	26.28	104.0	NaN	26.28	NaN
27/06/2018 1:55:30 PM	3612916530	1013.00	28.76	26.28	87.9	28.14	26.28	93.0	26.96	26.28	103.9	NaN	26.28	NaN
27/06/2018 1:55:31 PM	3612916531	1013.00	28.75	26.27	88.0	28.11	26.27	93.3	26.96	26.27	103.9	NaN	26.27	NaN
27/06/2018 1:55:32 PM	3612916532	1013.00	28.75	26.27	88.0	28.10	26.27	93.4	26.98	26.27	103.7	NaN	26.27	NaN
27/06/2018 1:55:33 PM	3612916533	1013.00	28.76	26.28	87.9	28.11	26.28	93.3	26.99	26.28	103.6	NaN	26.28	NaN
27/06/2018 1:55:34 PM	3612916534	1013.00	28.75	26.28	87.9	28.10	26.28	93.4	26.96	26.28	103.9	NaN	26.28	NaN
27/06/2018 1:55:35 PM	3612916535	1013.00	28.75	26.29	87.9	28.12	26.29	93.2	26.94	26.29	104.1	NaN	26.29	NaN
27/06/2018 1:55:36 PM	3612916536	1013.00	28.77	26.29	87.8	28.10	26.29	93.4	26.93	26.29	104.2	NaN	26.29	NaN
27/06/2018 1:55:37 PM	3612916537	1013.00	28.75	26.29	87.9	28.12	26.29	93.2	26.98	26.29	103.7	NaN	26.29	NaN
27/06/2018 1:55:38 PM	3612916538	1013.00	28.75	26.30	87.9	28.14	26.30	93.0	27.00	26.30	103.5	NaN	26.30	NaN
27/06/2018 1:55:39 PM	3612916539	1013.00	28.76	26.29	87.8	28.14	26.29	93.0	26.96	26.29	103.9	NaN	26.29	NaN
27/06/2018 1:55:40 PM	3612916540	1013.00	28.79	26.28	87.6	28.17	26.28	92.8	26.96	26.28	103.9	NaN	26.28	NaN
27/06/2018 1:55:41 PM	3612916541	1013.00	28.79	26.27	87.6	28.13	26.27	93.1	26.95	26.27	104.0	NaN	26.27	NaN
27/06/2018 1:55:42 PM	3612916542	1013.00	28.78	26.27	87.7	28.16	26.27	92.9	26.91	26.27	104.4	NaN	26.27	NaN
27/06/2018 1:55:43 PM	3612916543	1013.00	28.79	26.27	87.6	28.17	26.27	92.8	26.98	26.27	103.7	NaN	26.27	NaN
27/06/2018 1:55:44 PM	3612916544	1013.00	28.81	26.27	87.5	28.14	26.27	93.0	26.99	26.27	103.6	NaN	26.27	NaN
27/06/2018 1:55:45 PM	3612916545	1013.00	28.80	26.27	87.6	28.15	26.27	93.0	26.97	26.27	103.8	NaN	26.27	NaN
27/06/2018 1:55:46 PM	3612916546	1013.00	28.78	26.27	87.7	28.12	26.27	93.2	27.00	26.27	103.5	NaN	26.27	NaN
27/06/2018 1:55:47 PM	3612916547	1013.00	28.80	26.28	87.5	28.13	26.28	93.1	26.95	26.28	104.0	NaN	26.28	NaN
27/06/2018 1:55:48 PM	3612916548	1013.00	28.80	26.28	87.5	28.11	26.28	93.3	26.96	26.28	103.9	NaN	26.28	NaN
27/06/2018 1:55:49 PM	3612916549	1013.00	28.79	26.28	87.6	28.15	26.28	92.9	26.98	26.28	103.7	NaN	26.28	NaN
27/06/2018 1:55:50 PM	3612916550	1013.00	28.82	26.27	87.4	28.18	26.27	92.7	26.96	26.27	103.9	NaN	26.27	NaN
27/06/2018 1:55:51 PM	3612916551	1013.00	28.82	26.27	87.4	28.18	26.27	92.7	26.99	26.27	103.6	NaN	26.27	NaN
27/06/2018 1:55:52 PM	3612916552	1013.00	28.83	26.27	87.3	28.20	26.27	92.5	26.94	26.27	104.1	NaN	26.27	NaN
27/06/2018 1:55:53 PM	3612916553	1013.00	28.82	26.27	87.4	28.19	26.27	92.6	26.95	26.27	104.0	NaN	26.27	NaN
27/06/2018 1:55:54 PM	3612916554	1013.00	28.81	26.27	87.5	28.22	26.27	92.4	26.94	26.27	104.1	NaN	26.27	NaN
27/06/2018 1:55:55 PM	3612916555	1013.00	28.82	26.28	87.4	28.23	26.28	92.3	26.97	26.28	103.8	NaN	26.28	NaN
27/06/2018 1:55:56 PM	3612916556	1013.00	28.83	26.27	87.3	28.19	26.27	92.6	26.96	26.27	103.9	NaN	26.27	NaN
27/06/2018 1:55:57 PM	3612916557	1013.00	28.81	26.27	87.5	28.21	26.27	92.4	26.98	26.27	103.7	NaN	26.27	NaN
27/06/2018 1:55:58 PM	3612916558	1013.00	28.83	26.27	87.3	28.20	26.27	92.5	26.97	26.27	103.8	NaN	26.27	NaN
27/06/2018 1:55:59 PM	3612916559	1013.00	28.84	26.27	87.2	28.23	26.27	92.3	26.94	26.27	104.1	NaN	26.27	NaN
27/06/2018 1:56:00 PM	3612916560	1013.00	28.83	26.27	87.3	28.24	26.27	92.2	26.93	26.27	104.2	NaN	26.27	NaN
27/06/2018 1:56:01 PM	3612916561	1013.00	28.85	26.27	87.2	28.26	26.27	92.0	26.93	26.27	104.2	NaN	26.27	NaN
27/06/2018 1:56:02 PM	3612916562	1013.00	28.84	26.26	87.3	28.25	26.26	92.1	26.93	26.26	104.3	NaN	26.26	NaN
27/06/2018 1:56:03 PM	3612916563	1013.00	28.82	26.27	87.4	28.25	26.27	92.1	26.92	26.27	104.3	NaN	26.27	NaN
27/06/2018 1:56:04 PM	3612916564	1013.00	28.88	26.27	86.9	28.26	26.27	92.0	27.00	26.27	103.5	NaN	26.27	NaN
27/06/2018 1:56:05 PM	3612916565	1013.00	28.87	26.26	87.0	28.22	26.26	92.4	26.95	26.26	104.1	NaN	26.26	NaN
27/06/2018 1:56:06 PM	3612916566	1013.00	28.84	26.26	87.3	28.25	26.26	92.1	26.98	26.26	103.8	NaN	26.26	NaN
27/06/2018 1:56:07 PM	3612916567	1013.00	28.85	26.26	87.2	28.22	26.26	92.4	26.94	26.26	104.2	NaN	26.26	NaN
27/06/2018 1:56:08 PM	3612916568	1013.00	28.86	26.25	87.1	28.27	26.25	92.0	26.94	26.25	104.2	NaN	26.25	NaN
27/06/2018 1:56:09 PM	3612916569	1013.00	28.85	26.24	87.2	28.23	26.24	92.3	26.93	26.24	104.3	NaN	26.24	NaN
27/06/2018 1:56:10 PM	3612916570	1013.00	28.87	26.24	87.0	28.25	26.24	92.1	26.95	26.24	104.1	NaN	26.24	NaN
27/06/2018 1:56:11 PM	3612916571	1013.00	28.86	26.25	87.1	28.27	26.25	92.0	26.94	26.25	104.2	NaN	26.25	NaN
27/06/2018 1:56:12 PM	3612916572	1013.00	28.85	26.25	87.2	28.25	26.25	92.1	27.00	26.25	103.6	NaN	26.25	NaN
27/06/2018 1:56:13 PM	3612916573	1013.00	28.87	26.26	87.0	28.27	26.26	91.9	26.90	26.26	104.6	NaN	26.26	NaN
27/06/2018 1:56:14 PM	3612916574	1013.00	28.86	26.27	87.1	28.28	26.27	91.8	26.97	26.27	103.8	NaN	26.27	NaN
27/06/2018 1:56:15 PM	3612916575	1013.00	28.88	26.27	86.9	28.25	26.27	92.1	26.98	26.27	103.7	NaN	26.27	NaN
27/06/2018 1:56:16 PM	3612916576	1013.00	28.88	26.26	86.9	28.26	26.26	92.0	26.98	26.26	103.8	NaN	26.26	NaN
27/06/2018 1:56:17 PM	3612916577	1013.00	28.88	26.27	86.9	28.29	26.27	91.8	26.94	26.27	104.1	NaN	26.27	NaN
27/06/2018 1:56:18 PM	3612916578	1013.00	28.85	26.26	87.2	28.29	26.26	91.8	26.93	26.26	104.3	NaN	26.26	NaN
27/06/2018 1:56:19 PM	3612916579	1013.00	28.89	26.25	86.9	28.26	26.25	92.0	26.98	26.25	103.8	NaN	26.25	NaN
27/06/2018 1:56:20 PM	3612916580	1013.00	28.89	26.25	86.9	28.29	26.25	91.8	26.96	26.25	104.0	NaN	26.25	NaN
27/06/2018 1:56:21 PM	3612916581	1013.00	28.89	26.25	86.9	28.31	26.25	91.6	26.97	26.25	103.9	NaN	26.25	NaN
27/06/2018 1:56:22 PM	3612916582	1013.00	28.90	26.25	86.8	28.31	26.25	91.6	26.99	26.25	103.7	NaN	26.25	NaN
27/06/2018 1:56:23 PM	3612916583	1013.00	28.89	26.24	86.9	28.31	26.24	91.6	26.96	26.24	104.0	NaN	26.24	NaN
27/06/2018 1:56:24 PM	3612916584	1013.00	28.87	26.25	87.0	28.30	26.25	91.7	26.98	26.25	103.8	NaN	26.25	NaN
27/06/2018 1:56:25 PM	3612916585	1013.00	28.89	26.25	86.9	28.31	26.25	91.6	26.94	26.25	104.2	NaN	26.25	NaN
27/06/2018 1:56:26 PM	3612916586	1013.00	28.90	26.25	86.8	28.28	26.25	91.9	26.95	26.25	104.1	NaN	26.25	NaN
27/06/2018 1:56:27 PM	3612916587	1013.00	28.89	26.25	86.9	28.34	26.25	91.4	26.93	26.25	104.3	NaN	26.25	NaN
27/06/2018 1:56:28 PM	3612916588	1013.00	28.89	26.25	86.9	28.33	26.25	91.5	26.97	26.25	103.9	NaN	26.25	NaN
27/06/2018 1:56:29 PM	3612916589	1013.00	28.89	26.25	86.9	28.32	26.25	91.5	27.01	26.25	103.5	NaN	26.25	NaN
27/06/2018 1:56:30 PM	3612916590	1013.00	28.89	26.24	86.9	28.33	26.24	91.5	27.01	26.24	103.5	NaN	26.24	NaN
27/06/2018 1:56:31 PM	3612916591	1013.00	28.91	26.24	86.7	28.36	26.24	91.2	26.98	26.24	103.8	NaN	26.24	NaN
27/06/2018 1:56:32 PM	3612916592	1013.00	28.88	26.24	87.0	28.34	26.24	91.4	26.92	26.24	104.4	NaN	26.24	NaN
27/06/2018 1:56:33 PM	3612916593	1013.00	28.89	26.24	86.9	28.35	26.24	91.3	27.00	26.24	103.6	NaN	26.24	NaN
27/06/2018 1:56:34 PM	3612916594	1013.00	28.90	26.24	86.8	28.34	26.24	91.4	27.00	26.24	103.6	NaN	26.24	NaN
27/06/2018 1:56:35 PM	3612916595	1013.00	28.91	26.24	86.7	28.36	26.24	91.2	26.93	26.24	104.3	NaN	26.24	NaN
27/06/2018 1:56:36 PM	3612916596	1013.00	28.89	26.24	86.9	28.35	26.24	91.3	27.02	26.24	103.4	NaN	26.24	NaN
27/06/2018 1:56:37 PM	3612916597	1013.00	28.91	26.23	86.7	28.36	26.23	91.2	26.97	26.23	103.9	NaN	26.23	NaN
27/06/2018 1:56:38 PM	3612916598	1013.00	28.93	26.23	86.6	28.35	26.23	91.3	26.95	26.23	104.1	NaN	26.23	NaN
27/06/2018 1:56:39 PM	3612916599	1013.00	28.92	26.24	86.6	28.36	26.24	91.2	26.93	26.24	104.3	NaN	26.24	NaN
27/06/2018 1:56:40 PM	3612916600	1013.00	28.91	26.23	86.7	28.36	26.23	91.2	26.96	26.23	104.0	NaN	26.23	NaN
27/06/2018 1:56:41 PM	3612916601	1013.00	28.92	26.24	86.6	28.39	26.24	91.0	26.95	26.24	104.1	NaN	26.24	NaN
27/06/2018 1:56:42 PM	3612916602	1013.00	28.92	26.24	86.6	28.35	26.24	91.3	26.94	26.24	104.2	NaN	26.24	NaN
27/06/2018 1:56:43 PM	3612916603	1013.00	28.93	26.24	86.6	28.41	26.24	90.8	26.95	26.24	104.1	NaN	26.24	NaN
27/06/2018 1:56:44 PM	3612916604	1013.00	28.93	26.24	86.6	28.38	26.24	91.0	26.96	26.24	104.0	NaN	26.24	NaN
27/06/2018 1:56:45 PM	3612916605	1013.00	28.92	26.24	86.6	28.37	26.24	91.1	27.02	26.24	103.4	NaN	26.24	NaN
27/06/2018 1:56:46 PM	3612916606	1013.00	28.93	26.23	86.6	28.36	26.23	91.2	26.93	26.23	104.3	NaN	26.23	NaN
27/06/2018 1:56:47 PM	3612916607	1013.00	28.94	26.23	86.5	28.37	26.23	91.1	26.96	26.23	104.0	NaN	26.23	NaN
27/06/2018 1:56:48 PM	3612916608	1013.00	28.95	26.23	86.4	28.36	26.23	91.2	26.99	26.23	103.7	NaN	26.23	NaN
27/06/2018 1:56:49 PM	3612916609	1013.00	28.94	26.23	86.5	28.37	26.23	91.1	26.98	26.23	103.8	NaN	26.23	NaN
27/06/2018 1:56:50 PM	3612916610	1013.00	28.94	26.23	86.5	28.42	26.23	90.7	26.97	26.23	103.9	NaN	26.23	NaN
27/06/2018 1:56:51 PM	3612916611	1013.00	28.93	26.23	86.6	28.38	26.23	91.1	26.96	26.23	104.0	NaN	26.23	NaN
27/06/2018 1:56:52 PM	3612916612	1013.00	28.94	26.23	86.5	28.39	26.23	91.0	26.96	26.23	104.0	NaN	26.23	NaN
27/06/2018 1:56:53 PM	3612916613	1013.00	28.95	26.23	86.4	28.43	26.23	90.6	26.98	26.23	103.8	NaN	26.23	NaN
27/06/2018 1:56:54 PM	3612916614	1013.00	28.96	26.23	86.3	28.43	26.23	90.6	26.98	26.23	103.8	NaN	26.23	NaN
27/06/2018 1:56:55 PM	3612916615	1013.00	28.96	26.23	86.3	28.40	26.23	90.9	27.00	26.23	103.6	NaN	26.23	NaN
27/06/2018 1:56:56 PM	3612916616	1013.00	28.98	26.23	86.2	28.40	26.23	90.9	26.93	26.23	104.3	NaN	26.23	NaN
27/06/2018 1:56:57 PM	3612916617	1013.00	28.97	26.23	86.3	28.38	26.23	91.1	26.96	26.23	104.0	NaN	26.23	NaN
27/06/2018 1:56:58 PM	3612916618	1013.00	28.96	26.24	86.3	28.40	26.24	90.9	26.98	26.24	103.8	NaN	26.24	NaN
27/06/2018 1:56:59 PM	3612916619	1013.00	28.98	26.24	86.2	28.45	26.24	90.5	26.98	26.24	103.8	NaN	26.24	NaN
27/06/2018 1:57:00 PM	3612916620	1013.00	28.96	26.24	86.3	28.39	26.24	91.0	26.91	26.24	104.5	NaN	26.24	NaN
27/06/2018 1:57:01 PM	3612916621	1013.00	28.98	26.24	86.2	28.38	26.24	91.0	26.98	26.24	103.8	NaN	26.24	NaN
27/06/2018 1:57:02 PM	3612916622	1013.00	29.00	26.24	86.0	28.40	26.24	90.9	26.99	26.24	103.7	NaN	26.24	NaN
27/06/2018 1:57:03 PM	3612916623	1013.00	28.97	26.24	86.3	28.45	26.24	90.5	26.95	26.24	104.1	NaN	26.24	NaN
27/06/2018 1:57:04 PM	3612916624	1013.00	28.99	26.24	86.1	28.40	26.24	90.9	26.98	26.24	103.8	NaN	26.24	NaN
27/06/2018 1:57:05 PM	3612916625	1013.00	29.00	26.24	86.0	28.43	26.24	90.6	26.98	26.24	103.8	NaN	26.24	NaN
27/06/2018 1:57:06 PM	3612916626	1013.00	28.98	26.23	86.2	28.41	26.23	90.8	26.99	26.23	103.7	NaN	26.23	NaN
27/06/2018 1:57:07 PM	3612916627	1013.00	29.00	26.23	86.0	28.43	26.23	90.6	26.96	26.23	104.0	NaN	26.23	NaN
27/06/2018 1:57:08 PM	3612916628	1013.00	28.99	26.23	86.1	28.44	26.23	90.6	27.00	26.23	103.6	NaN	26.23	NaN
27/06/2018 1:57:09 PM	3612916629	1013.00	29.00	26.23	86.0	28.40	26.23	90.9	26.97	26.23	103.9	NaN	26.23	NaN
27/06/2018 1:57:10 PM	3612916630	1013.00	29.01	26.22	86.0	28.43	26.22	90.7	26.94	26.22	104.2	NaN	26.22	NaN
27/06/2018 1:57:11 PM	3612916631	1013.00	29.03	26.22	85.8	28.47	26.22	90.3	26.98	26.22	103.8	NaN	26.22	NaN
27/06/2018 1:57:12 PM	3612916632	1013.00	29.01	26.23	86.0	28.43	26.23	90.6	27.00	26.23	103.6	NaN	26.23	NaN
27/06/2018 1:57:13 PM	3612916633	1013.00	29.01	26.22	86.0	28.44	26.22	90.6	26.97	26.22	103.9	NaN	26.22	NaN
27/06/2018 1:57:14 PM	3612916634	1013.00	29.03	26.22	85.8	28.45	26.22	90.5	26.96	26.22	104.0	NaN	26.22	NaN
27/06/2018 1:57:15 PM	3612916635	1013.00	29.05	26.23	85.6	28.44	26.23	90.6	26.98	26.23	103.8	NaN	26.23	NaN
27/06/2018 1:57:16 PM	3612916636	1013.00	29.02	26.22	85.9	28.44	26.22	90.6	26.96	26.22	104.0	NaN	26.22	NaN
27/06/2018 1:57:17 PM	3612916637	1013.00	29.03	26.21	85.8	28.45	26.21	90.5	26.96	26.21	104.0	NaN	26.21	NaN
27/06/2018 1:57:18 PM	3612916638	1013.00	29.02	26.22	85.9	28.44	26.22	90.6	26.97	26.22	103.9	NaN	26.22	NaN
27/06/2018 1:57:19 PM	3612916639	1013.00	29.05	26.22	85.7	28.49	26.22	90.2	26.96	26.22	104.0	NaN	26.22	NaN
27/06/2018 1:57:20 PM	3612916640	1013.00	29.02	26.22	85.9	28.46	26.22	90.4	26.98	26.22	103.8	NaN	26.22	NaN
27/06/2018 1:57:21 PM	3612916641	1013.00	29.03	26.22	85.8	28.48	26.22	90.2	26.94	26.22	104.2	NaN	26.22	NaN
27/06/2018 1:57:22 PM	3612916642	1013.00	29.04	26.22	85.7	28.45	26.22	90.5	26.95	26.22	104.1	NaN	26.22	NaN
27/06/2018 1:57:23 PM	3612916643	1013.00	29.04	26.22	85.7	28.51	26.22	90.0	26.97	26.22	103.9	NaN	26.22	NaN
27/06/2018 1:57:24 PM	3612916644	1013.00	29.04	26.21	85.8	28.49	26.21	90.2	26.98	26.21	103.8	NaN	26.21	NaN
27/06/2018 1:57:25 PM	3612916645	1013.00	29.03	26.22	85.8	28.51	26.22	90.0	26.95	26.22	104.1	NaN	26.22	NaN
27/06/2018 1:57:26 PM	3612916646	1013.00	29.05	26.22	85.7	28.49	26.22	90.2	26.94	26.22	104.2	NaN	26.22	NaN
27/06/2018 1:57:27 PM	3612916647	1013.00	29.05	26.21	85.7	28.47	26.21	90.3	26.94	26.21	104.2	NaN	26.21	NaN
27/06/2018 1:57:28 PM	3612916648	1013.00	29.07	26.21	85.5	28.48	26.21	90.3	26.97	26.21	103.9	NaN	26.21	NaN
27/06/2018 1:57:29 PM	3612916649	1013.00	29.03	26.21	85.8	28.47	26.21	90.3	26.98	26.21	103.8	NaN	26.21	NaN
27/06/2018 1:57:30 PM	3612916650	1013.00	29.05	26.21	85.7	28.51	26.21	90.0	26.99	26.21	103.8	NaN	26.21	NaN
27/06/2018 1:57:31 PM	3612916651	1013.00	29.06	26.22	85.6	28.48	26.22	90.2	26.96	26.22	104.0	NaN	26.22	NaN
27/06/2018 1:57:32 PM	3612916652	1013.00	29.07	26.21	85.5	28.51	26.21	90.0	26.97	26.21	103.9	NaN	26.21	NaN
27/06/2018 1:57:33 PM	3612916653	1013.00	29.05	26.22	85.7	28.51	26.22	90.0	26.97	26.22	103.9	NaN	26.22	NaN
27/06/2018 1:57:34 PM	3612916654	1013.00	29.07	26.23	85.5	28.49	26.23	90.1	26.96	26.23	104.0	NaN	26.23	NaN
27/06/2018 1:57:35 PM	3612916655	1013.00	29.05	26.22	85.7	28.51	26.22	90.0	26.98	26.22	103.8	NaN	26.22	NaN
27/06/2018 1:57:36 PM	3612916656	1013.00	29.05	26.21	85.7	28.52	26.21	89.9	27.00	26.21	103.7	NaN	26.21	NaN
27/06/2018 1:57:37 PM	3612916657	1013.00	29.08	26.22	85.4	28.50	26.22	90.1	26.92	26.22	104.4	NaN	26.22	NaN
27/06/2018 1:57:38 PM	3612916658	1013.00	29.07	26.21	85.5	28.53	26.21	89.8	27.03	26.21	103.4	NaN	26.21	NaN
27/06/2018 1:57:39 PM	3612916659	1013.00	29.07	26.21	85.5	28.53	26.21	89.8	26.96	26.21	104.0	NaN	26.21	NaN
27/06/2018 1:57:40 PM	3612916660	1013.00	29.07	26.21	85.5	28.51	26.21	90.0	27.00	26.21	103.7	NaN	26.21	NaN
27/06/2018 1:57:41 PM	3612916661	1013.00	29.08	26.22	85.4	28.54	26.22	89.7	26.97	26.22	103.9	NaN	26.22	NaN
27/06/2018 1:57:42 PM	3612916662	1013.00	29.08	26.21	85.4	28.48	26.21	90.3	26.94	26.21	104.2	NaN	26.21	NaN
27/06/2018 1:57:43 PM	3612916663	1013.00	29.04	26.21	85.8	28.56	26.21	89.6	26.98	26.21	103.8	NaN	26.21	NaN
27/06/2018 1:57:44 PM	3612916664	1013.00	29.08	26.21	85.4	28.52	26.21	89.9	26.99	26.21	103.8	NaN	26.21	NaN
27/06/2018 1:57:45 PM	3612916665	1013.00	29.11	26.21	85.2	28.52	26.21	89.9	26.92	26.21	104.4	NaN	26.21	NaN
27/06/2018 1:57:46 PM	3612916666	1013.00	29.08	26.20	85.5	28.54	26.20	89.8	27.00	26.20	103.7	NaN	26.20	NaN
27/06/2018 1:57:47 PM	3612916667	1013.00	29.06	26.21	85.6	28.56	26.21	89.6	26.97	26.21	103.9	NaN	26.21	NaN
27/06/2018 1:57:48 PM	3612916668	1013.00	29.08	26.22	85.4	28.56	26.22	89.6	26.99	26.22	103.7	NaN	26.22	NaN
27/06/2018 1:57:49 PM	3612916669	1013.00	29.08	26.21	85.4	28.55	26.21	89.7	26.99	26.21	103.8	NaN	26.21	NaN
27/06/2018 1:57:50 PM	3612916670	1013.00	29.11	26.21	85.2	28.57	26.21	89.5	26.97	26.21	103.9	NaN	26.21	NaN
27/06/2018 1:57:51 PM	3612916671	1013.00	29.07	26.21	85.5	28.58	26.21	89.4	26.97	26.21	103.9	NaN	26.21	NaN
27/06/2018 1:57:52 PM	3612916672	1013.00	29.05	26.21	85.7	28.58	26.21	89.4	26.97	26.21	103.9	NaN	26.21	NaN
27/06/2018 1:57:53 PM	3612916673	1013.00	29.08	26.21	85.4	28.55	26.21	89.7	26.99	26.21	103.8	NaN	26.21	NaN
27/06/2018 1:57:54 PM	3612916674	1013.00	29.09	26.20	85.4	28.57	26.20	89.5	26.98	26.20	103.9	NaN	26.20	NaN
27/06/2018 1:57:55 PM	3612916675	1013.00	29.06	26.20	85.6	28.59	26.20	89.4	27.00	26.20	103.7	NaN	26.20	NaN
27/06/2018 1:57:56 PM	3612916676	1013.00	29.09	26.21	85.4	28.57	26.21	89.5	26.98	26.21	103.8	NaN	26.21	NaN
27/06/2018 1:57:57 PM	3612916677	1013.00	29.11	26.20	85.2	28.55	26.20	89.7	26.98	26.20	103.9	NaN	26.20	NaN
27/06/2018 1:57:58 PM	3612916678	1013.00	29.08	26.20	85.5	28.56	26.20	89.6	27.00	26.20	103.7	NaN	26.20	NaN
27/06/2018 1:57:59 PM	3612916679	1013.00	29.09	26.20	85.4	28.59	26.20	89.4	26.99	26.20	103.8	NaN	26.20	NaN
27/06/2018 1:58:00 PM	3612916680	1013.00	29.09	26.20	85.4	28.58	26.20	89.5	26.99	26.20	103.8	NaN	26.20	NaN
27/06/2018 1:58:01 PM	3612916681	1013.00	29.09	26.19	85.4	28.57	26.19	89.5	26.96	26.19	104.1	NaN	26.19	NaN
27/06/2018 1:58:02 PM	3612916682	1013.00	29.08	26.19	85.5	28.59	26.19	89.4	27.05	26.19	103.2	NaN	26.19	NaN
27/06/2018 1:58:03 PM	3612916683	1013.00	29.09	26.20	85.4	28.63	26.20	89.0	27.00	26.20	103.7	NaN	26.20	NaN
27/06/2018 1:58:04 PM	3612916684	1013.00	29.08	26.19	85.5	28.51	26.19	90.0	26.98	26.19	103.9	NaN	26.19	NaN
27/06/2018 1:58:05 PM	3612916685	1013.00	29.11	26.19	85.2	28.59	26.19	89.4	26.98	26.19	103.9	NaN	26.19	NaN
27/06/2018 1:58:06 PM	3612916686	1013.00	29.09	26.19	85.4	28.59	26.19	89.4	26.98	26.19	103.9	NaN	26.19	NaN
27/06/2018 1:58:07 PM	3612916687	1013.00	29.08	26.19	85.5	28.60	26.19	89.3	26.97	26.19	104.0	NaN	26.19	NaN
27/06/2018 1:58:08 PM	3612916688	1013.00	29.13	26.19	85.1	28.59	26.19	89.4	26.96	26.19	104.1	NaN	26.19	NaN
27/06/2018 1:58:09 PM	3612916689	1013.00	29.11	26.19	85.2	28.58	26.19	89.5	26.98	26.19	103.9	NaN	26.19	NaN
27/06/2018 1:58:10 PM	3612916690	1013.00	29.10	26.20	85.3	28.61	26.20	89.2	26.96	26.20	104.1	NaN	26.20	NaN
27/06/2018 1:58:11 PM	3612916691	1013.00	29.12	26.20	85.1	28.59	26.20	89.4	26.97	26.20	104.0	NaN	26.20	NaN
27/06/2018 1:58:12 PM	3612916692	1013.00	29.08	26.20	85.5	28.59	26.20	89.4	26.97	26.20	104.0	NaN	26.20	NaN
27/06/2018 1:58:13 PM	3612916693	1013.00	29.11	26.20	85.2	28.61	26.20	89.2	26.99	26.20	103.8	NaN	26.20	NaN
27/06/2018 1:58:14 PM	3612916694	1013.00	29.10	26.20	85.3	28.60	26.20	89.3	27.00	26.20	103.7	NaN	26.20	NaN
27/06/2018 1:58:15 PM	3612916695	1013.00	29.09	26.20	85.4	28.60	26.20	89.3	26.98	26.20	103.9	NaN	26.20	NaN
27/06/2018 1:58:16 PM	3612916696	1013.00	29.10	26.20	85.3	28.60	26.20	89.3	26.99	26.20	103.8	NaN	26.20	NaN
27/06/2018 1:58:17 PM	3612916697	1013.00	29.11	26.20	85.2	28.64	26.20	89.0	26.97	26.20	104.0	NaN	26.20	NaN
27/06/2018 1:58:18 PM	3612916698	1013.00	29.10	26.19	85.3	28.63	26.19	89.1	26.98	26.19	103.9	NaN	26.19	NaN
27/06/2018 1:58:19 PM	3612916699	1013.00	29.08	26.19	85.5	28.62	26.19	89.1	26.99	26.19	103.8	NaN	26.19	NaN
27/06/2018 1:58:20 PM	3612916700	1013.00	29.12	26.19	85.2	28.59	26.19	89.4	26.96	26.19	104.1	NaN	26.19	NaN
27/06/2018 1:58:21 PM	3612916701	1013.00	29.11	26.18	85.3	28.62	26.18	89.2	26.96	26.18	104.1	NaN	26.18	NaN
27/06/2018 1:58:22 PM	3612916702	1013.00	29.09	26.18	85.4	28.61	26.18	89.2	26.97	26.18	104.0	NaN	26.18	NaN
27/06/2018 1:58:23 PM	3612916703	1013.00	29.10	26.18	85.3	28.65	26.18	88.9	26.98	26.18	103.9	NaN	26.18	NaN
27/06/2018 1:58:24 PM	3612916704	1013.00	29.12	26.19	85.2	28.63	26.19	89.1	26.94	26.19	104.3	NaN	26.19	NaN
27/06/2018 1:58:25 PM	3612916705	1013.00	29.10	26.19	85.3	28.62	26.19	89.1	26.97	26.19	104.0	NaN	26.19	NaN
27/06/2018 1:58:26 PM	3612916706	1013.00	29.09	26.19	85.4	28.64	26.19	89.0	27.00	26.19	103.7	NaN	26.19	NaN
27/06/2018 1:58:27 PM	3612916707	1013.00	29.12	26.19	85.2	28.65	26.19	88.9	26.97	26.19	104.0	NaN	26.19	NaN
27/06/2018 1:58:28 PM	3612916708	1013.00	29.13	26.18	85.1	28.62	26.18	89.2	26.99	26.18	103.8	NaN	26.18	NaN
27/06/2018 1:58:29 PM	3612916709	1013.00	29.12	26.18	85.2	28.61	26.18	89.2	26.97	26.18	104.0	NaN	26.18	NaN
27/06/2018 1:58:30 PM	3612916710	1013.00	29.10	26.17	85.3	28.63	26.17	89.1	27.01	26.17	103.6	NaN	26.17	NaN
27/06/2018 1:58:31 PM	3612916711	1013.00	29.13	26.18	85.1	28.61	26.18	89.2	26.96	26.18	104.1	NaN	26.18	NaN
27/06/2018 1:58:32 PM	3612916712	1013.00	29.12	26.18	85.2	28.65	26.18	88.9	26.97	26.18	104.0	NaN	26.18	NaN
27/06/2018 1:58:33 PM	3612916713	1013.00	29.10	26.18	85.3	28.63	26.18	89.1	26.96	26.18	104.1	NaN	26.18	NaN
27/06/2018 1:58:34 PM	3612916714	1013.00	29.13	26.18	85.1	28.65	26.18	88.9	26.99	26.18	103.8	NaN	26.18	NaN
27/06/2018 1:58:35 PM	3612916715	1013.00	29.13	26.18	85.1	28.65	26.18	88.9	26.97	26.18	104.0	NaN	26.18	NaN
27/06/2018 1:58:36 PM	3612916716	1013.00	29.12	26.17	85.2	28.67	26.17	88.8	26.96	26.17	104.1	NaN	26.17	NaN
27/06/2018 1:58:37 PM	3612916717	1013.00	29.11	26.17	85.3	28.65	26.17	88.9	27.00	26.17	103.7	NaN	26.17	NaN
27/06/2018 1:58:38 PM	3612916718	1013.00	29.12	26.16	85.2	28.65	26.16	88.9	26.99	26.16	103.8	NaN	26.16	NaN
27/06/2018 1:58:39 PM	3612916719	1013.00	29.12	26.16	85.2	28.66	26.16	88.9	26.95	26.16	104.2	NaN	26.16	NaN
27/06/2018 1:58:40 PM	3612916720	1013.00	29.11	26.16	85.3	28.66	26.16	88.9	26.98	26.16	103.9	NaN	26.16	NaN
27/06/2018 1:58:41 PM	3612916721	1013.00	29.13	26.16	85.1	28.65	26.16	88.9	26.99	26.16	103.8	NaN	26.16	NaN
27/06/2018 1:58:42 PM	3612916722	1013.00	29.14	26.17	85.0	28.64	26.17	89.0	26.99	26.17	103.8	NaN	26.17	NaN
27/06/2018 1:58:43 PM	3612916723	1013.00	29.13	26.18	85.1	28.68	26.18	88.7	26.96	26.18	104.1	NaN	26.18	NaN
27/06/2018 1:58:44 PM	3612916724	1013.00	29.11	26.17	85.3	28.67	26.17	88.8	26.97	26.17	104.0	NaN	26.17	NaN
27/06/2018 1:58:45 PM	3612916725	1013.00	29.15	26.17	85.0	28.69	26.17	88.6	26.97	26.17	104.0	NaN	26.17	NaN
27/06/2018 1:58:46 PM	3612916726	1013.00	29.12	26.18	85.2	28.70	26.18	88.5	27.00	26.18	103.7	NaN	26.18	NaN
27/06/2018 1:58:47 PM	3612916727	1013.00	29.11	26.17	85.3	28.71	26.17	88.4	26.98	26.17	103.9	NaN	26.17	NaN
27/06/2018 1:58:48 PM	3612916728	1013.00	29.13	26.17	85.1	28.68	26.17	88.7	26.97	26.17	104.0	NaN	26.17	NaN
27/06/2018 1:58:49 PM	3612916729	1013.00	29.14	26.17	85.0	28.68	26.17	88.7	26.96	26.17	104.1	NaN	26.17	NaN
27/06/2018 1:58:50 PM	3612916730	1013.00	29.14	26.17	85.0	28.68	26.17	88.7	26.95	26.17	104.2	NaN	26.17	NaN
27/06/2018 1:58:51 PM	3612916731	1013.00	29.13	26.17	85.1	28.72	26.17	88.4	26.98	26.17	103.9	NaN	26.17	NaN
27/06/2018 1:58:52 PM	3612916732	1013.00	29.11	26.16	85.3	28.68	26.16	88.7	27.01	26.16	103.6	NaN	26.16	NaN
27/06/2018 1:58:53 PM	3612916733	1013.00	29.13	26.16	85.1	28.70	26.16	88.5	26.98	26.16	103.9	NaN	26.16	NaN
27/06/2018 1:58:54 PM	3612916734	1013.00	29.12	26.17	85.2	28.72	26.17	88.4	26.99	26.17	103.8	NaN	26.17	NaN
27/06/2018 1:58:55 PM	3612916735	1013.00	29.17	26.16	84.8	28.70	26.16	88.5	27.02	26.16	103.5	NaN	26.16	NaN
27/06/2018 1:58:56 PM	3612916736	1013.00	29.15	26.16	85.0	28.68	26.16	88.7	26.98	26.16	103.9	NaN	26.16	NaN
27/06/2018 1:58:57 PM	3612916737	1013.00	29.15	26.16	85.0	28.69	26.16	88.6	26.99	26.16	103.8	NaN	26.16	NaN
27/06/2018 1:58:58 PM	3612916738	1013.00	29.12	26.16	85.2	28.74	26.16	88.2	26.97	26.16	104.0	NaN	26.16	NaN
27/06/2018 1:58:59 PM	3612916739	1013.00	29.16	26.16	84.9	28.72	26.16	88.4	27.00	26.16	103.7	NaN	26.16	NaN
27/06/2018 1:59:00 PM	3612916740	1013.00	29.15	26.16	85.0	28.75	26.16	88.1	26.96	26.16	104.1	NaN	26.16	NaN
27/06/2018 1:59:01 PM	3612916741	1013.00	29.15	26.16	85.0	28.72	26.16	88.4	27.01	26.16	103.6	NaN	26.16	NaN
27/06/2018 1:59:02 PM	3612916742	1013.00	29.17	26.16	84.8	28.76	26.16	88.0	26.98	26.16	103.9	NaN	26.16	NaN
27/06/2018 1:59:03 PM	3612916743	1013.00	29.15	26.15	85.0	28.71	26.15	88.5	26.98	26.15	104.0	NaN	26.15	NaN
27/06/2018 1:59:04 PM	3612916744	1013.00	29.13	26.15	85.1	28.74	26.15	88.2	27.00	26.15	103.8	NaN	26.15	NaN
27/06/2018 1:59:05 PM	3612916745	1013.00	29.16	26.15	84.9	28.71	26.15	88.5	26.98	26.15	104.0	NaN	26.15	NaN
27/06/2018 1:59:06 PM	3612916746	1013.00	29.16	26.15	84.9	28.72	26.15	88.4	26.98	26.15	104.0	NaN	26.15	NaN
27/06/2018 1:59:07 PM	3612916747	1013.00	29.16	26.16	84.9	28.77	26.16	88.0	26.97	26.16	104.0	NaN	26.16	NaN
27/06/2018 1:59:08 PM	3612916748	1013.00	29.16	26.17	84.9	28.76	26.17	88.0	26.98	26.17	103.9	NaN	26.17	NaN
27/06/2018 1:59:09 PM	3612916749	1013.00	29.16	26.17	84.9	28.72	26.17	88.4	26.99	26.17	103.8	NaN	26.17	NaN
27/06/2018 1:59:10 PM	3612916750	1013.00	29.14	26.18	85.0	28.80	26.18	87.7	26.94	26.18	104.3	NaN	26.18	NaN
27/06/2018 1:59:11 PM	3612916751	1013.00	29.17	26.17	84.8	28.71	26.17	88.4	27.00	26.17	103.7	NaN	26.17	NaN
27/06/2018 1:59:12 PM	3612916752	1013.00	29.16	26.16	84.9	28.72	26.16	88.4	26.99	26.16	103.8	NaN	26.16	NaN
27/06/2018 1:59:13 PM	3612916753	1013.00	29.17	26.16	84.8	28.75	26.16	88.1	26.96	26.16	104.1	NaN	26.16	NaN
27/06/2018 1:59:14 PM	3612916754	1013.00	29.18	26.15	84.8	28.77	26.15	88.0	26.98	26.15	104.0	NaN	26.15	NaN
27/06/2018 1:59:15 PM	3612916755	1013.00	29.18	26.16	84.7	28.79	26.16	87.8	27.02	26.16	103.5	NaN	26.16	NaN
27/06/2018 1:59:16 PM	3612916756	1013.00	29.18	26.16	84.7	28.79	26.16	87.8	26.98	26.16	103.9	NaN	26.16	NaN
27/06/2018 1:59:17 PM	3612916757	1013.00	29.15	26.16	85.0	28.77	26.16	88.0	26.95	26.16	104.2	NaN	26.16	NaN
27/06/2018 1:59:18 PM	3612916758	1013.00	29.18	26.16	84.7	28.76	26.16	88.0	27.01	26.16	103.6	NaN	26.16	NaN
27/06/2018 1:59:19 PM	3612916759	1013.00	29.19	26.16	84.7	28.74	26.16	88.2	26.94	26.16	104.3	NaN	26.16	NaN
27/06/2018 1:59:20 PM	3612916760	1013.00	29.16	26.15	84.9	28.79	26.15	87.8	26.98	26.15	104.0	NaN	26.15	NaN
27/06/2018 1:59:21 PM	3612916761	1013.00	29.18	26.15	84.8	28.74	26.15	88.2	26.97	26.15	104.1	NaN	26.15	NaN
27/06/2018 1:59:22 PM	3612916762	1013.00	29.19	26.15	84.7	28.77	26.15	88.0	26.99	26.15	103.9	NaN	26.15	NaN
27/06/2018 1:59:23 PM	3612916763	1013.00	29.19	26.15	84.7	28.76	26.15	88.1	26.99	26.15	103.9	NaN	26.15	NaN
27/06/2018 1:59:24 PM	3612916764	1013.00	29.17	26.16	84.8	28.79	26.16	87.8	26.93	26.16	104.4	NaN	26.16	NaN
27/06/2018 1:59:25 PM	3612916765	1013.00	29.17	26.15	84.8	28.80	26.15	87.7	27.03	26.15	103.5	NaN	26.15	NaN
27/06/2018 1:59:26 PM	3612916766	1013.00	29.17	26.16	84.8	28.76	26.16	88.0	27.00	26.16	103.7	NaN	26.16	NaN
27/06/2018 1:59:27 PM	3612916767	1013.00	29.18	26.15	84.8	28.81	26.15	87.7	27.04	26.15	103.4	NaN	26.15	NaN
27/06/2018 1:59:28 PM	3612916768	1013.00	29.17	26.15	84.8	28.78	26.15	87.9	27.01	26.15	103.7	NaN	26.15	NaN
27/06/2018 1:59:29 PM	3612916769	1013.00	29.20	26.15	84.6	28.78	26.15	87.9	26.99	26.15	103.9	NaN	26.15	NaN
27/06/2018 1:59:30 PM	3612916770	1013.00	29.20	26.15	84.6	28.81	26.15	87.7	27.01	26.15	103.7	NaN	26.15	NaN
27/06/2018 1:59:31 PM	3612916771	1013.00	29.19	26.14	84.7	28.75	26.14	88.2	27.01	26.14	103.7	NaN	26.14	NaN
27/06/2018 1:59:32 PM	3612916772	1013.00	29.19	26.15	84.7	28.82	26.15	87.6	26.98	26.15	104.0	NaN	26.15	NaN
27/06/2018 1:59:33 PM	3612916773	1013.00	29.19	26.14	84.7	28.81	26.14	87.7	27.01	26.14	103.7	NaN	26.14	NaN
27/06/2018 1:59:34 PM	3612916774	1013.00	29.20	26.14	84.6	28.76	26.14	88.1	27.00	26.14	103.8	NaN	26.14	NaN
27/06/2018 1:59:35 PM	3612916775	1013.00	29.18	26.14	84.8	28.80	26.14	87.8	26.94	26.14	104.4	NaN	26.14	NaN
27/06/2018 1:59:36 PM	3612916776	1013.00	29.19	26.14	84.7	28.79	26.14	87.8	26.97	26.14	104.1	NaN	26.14	NaN
27/06/2018 1:59:37 PM	3612916777	1013.00	29.20	26.14	84.6	28.79	26.14	87.8	27.01	26.14	103.7	NaN	26.14	NaN
27/06/2018 1:59:38 PM	3612916778	1013.00	29.19	26.14	84.7	28.79	26.14	87.8	26.99	26.14	103.9	NaN	26.14	NaN
27/06/2018 1:59:39 PM	3612916779	1013.00	29.17	26.14	84.8	28.82	26.14	87.6	27.01	26.14	103.7	NaN	26.14	NaN
27/06/2018 1:59:40 PM	3612916780	1013.00	29.22	26.14	84.5	28.81	26.14	87.7	26.98	26.14	104.0	NaN	26.14	NaN
27/06/2018 1:59:41 PM	3612916781	1013.00	29.20	26.14	84.6	28.80	26.14	87.8	26.99	26.14	103.9	NaN	26.14	NaN
27/06/2018 1:59:42 PM	3612916782	1013.00	29.20	26.14	84.6	28.81	26.14	87.7	27.00	26.14	103.8	NaN	26.14	NaN
27/06/2018 1:59:43 PM	3612916783	1013.00	29.20	26.15	84.6	28.83	26.15	87.5	27.03	26.15	103.5	NaN	26.15	NaN
27/06/2018 1:59:44 PM	3612916784	1013.00	29.21	26.14	84.5	28.85	26.14	87.4	26.95	26.14	104.3	NaN	26.14	NaN
27/06/2018 1:59:45 PM	3612916785	1013.00	29.24	26.15	84.3	28.83	26.15	87.5	27.03	26.15	103.5	NaN	26.15	NaN
27/06/2018 1:59:46 PM	3612916786	1013.00	29.20	26.15	84.6	28.87	26.15	87.2	26.99	26.15	103.9	NaN	26.15	NaN
27/06/2018 1:59:47 PM	3612916787	1013.00	29.20	26.15	84.6	28.86	26.15	87.3	27.04	26.15	103.4	NaN	26.15	NaN
27/06/2018 1:59:48 PM	3612916788	1013.00	29.20	26.14	84.6	28.87	26.14	87.2	27.02	26.14	103.6	NaN	26.14	NaN
27/06/2018 1:59:49 PM	3612916789	1013.00	29.22	26.14	84.5	28.86	26.14	87.3	26.98	26.14	104.0	NaN	26.14	NaN
27/06/2018 1:59:50 PM	3612916790	1013.00	29.21	26.14	84.5	28.88	26.14	87.1	27.02	26.14	103.6	NaN	26.14	NaN
27/06/2018 1:59:51 PM	3612916791	1013.00	29.22	26.14	84.5	28.89	26.14	87.0	27.00	26.14	103.8	NaN	26.14	NaN
27/06/2018 1:59:52 PM	3612916792	1013.00	29.25	26.14	84.2	28.86	26.14	87.3	27.04	26.14	103.4	NaN	26.14	NaN
27/06/2018 1:59:53 PM	3612916793	1013.00	29.24	26.14	84.3	28.88	26.14	87.1	26.99	26.14	103.9	NaN	26.14	NaN
27/06/2018 1:59:54 PM	3612916794	1013.00	29.23	26.15	84.4	28.87	26.15	87.2	26.99	26.15	103.9	NaN	26.15	NaN
27/06/2018 1:59:55 PM	3612916795	1013.00	29.22	26.14	84.5	28.92	26.14	86.8	26.98	26.14	104.0	NaN	26.14	NaN
27/06/2018 1:59:56 PM	3612916796	1013.00	29.21	26.13	84.6	28.93	26.13	86.7	27.03	26.13	103.5	NaN	26.13	NaN
27/06/2018 1:59:57 PM	3612916797	1013.00	29.23	26.13	84.4	28.90	26.13	87.0	27.02	26.13	103.6	NaN	26.13	NaN
27/06/2018 1:59:58 PM	3612916798	1013.00	29.23	26.13	84.4	28.92	26.13	86.8	26.99	26.13	103.9	NaN	26.13	NaN
27/06/2018 1:59:59 PM	3612916799	1013.00	29.24	26.12	84.3	28.92	26.12	86.8	27.00	26.12	103.8	NaN	26.12	NaN
27/06/2018 2:00:00 PM	3612916800	1013.00	29.24	26.13	84.3	28.93	26.13	86.7	27.02	26.13	103.6	NaN	26.13	NaN
27/06/2018 2:00:01 PM	3612916801	1013.00	29.25	26.13	84.2	28.94	26.13	86.7	27.02	26.13	103.6	NaN	26.13	NaN
27/06/2018 2:00:02 PM	3612916802	1013.00	29.24	26.13	84.3	28.93	26.13	86.7	26.97	26.13	104.1	NaN	26.13	NaN
27/06/2018 2:00:03 PM	3612916803	1013.00	29.23	26.13	84.4	28.94	26.13	86.7	26.99	26.13	103.9	NaN	26.13	NaN
27/06/2018 2:00:04 PM	3612916804	1013.00	29.26	26.12	84.2	28.94	26.12	86.7	26.99	26.12	103.9	NaN	26.12	NaN
27/06/2018 2:00:05 PM	3612916805	1013.00	29.25	26.13	84.2	28.93	26.13	86.7	27.00	26.13	103.8	NaN	26.13	NaN
27/06/2018 2:00:06 PM	3612916806	1013.00	29.25	26.12	84.3	28.95	26.12	86.6	26.96	26.12	104.2	NaN	26.12	NaN
27/06/2018 2:00:07 PM	3612916807	1013.00	29.25	26.12	84.3	28.97	26.12	86.4	26.98	26.12	104.0	NaN	26.12	NaN
27/06/2018 2:00:08 PM	3612916808	1013.00	29.26	26.12	84.2	28.96	26.12	86.5	27.01	26.12	103.7	NaN	26.12	NaN
27/06/2018 2:00:09 PM	3612916809	1013.00	29.27	26.12	84.1	28.98	26.12	86.4	27.02	26.12	103.6	NaN	26.12	NaN
27/06/2018 2:00:10 PM	3612916810	1013.00	29.27	26.12	84.1	28.95	26.12	86.6	27.02	26.12	103.6	NaN	26.12	NaN
27/06/2018 2:00:11 PM	3612916811	1013.00	29.25	26.13	84.2	28.95	26.13	86.6	26.97	26.13	104.1	NaN	26.13	NaN
