Date & time of file creation	27/06/2018 2:03 PM													
Data file path	C:\Users\ameli\Desktop\Diego Barneche\27_06_2018\32_C_old_witrox_16.txt													
														
														
CALIBRATION DATA														
Parameter/Channel	N moving average	LO phase [r.U.]	HI phase [r.U.]	LO oxygen [%air saturation]	HI oxygen [%air saturation]	LO temperature [°C]	HI temperature [°C]	Salinity [‰]						
S WOT 0041 000001   , CH 1	1	59.78	27.37	0.00	100.00	26.35	26.26	0.000						
S WOT 0041 000001   , CH 2	1	59.78	27.37	0.00	100.00	26.35	26.26	0.000						
S WOT 0041 000001   , CH 3	1	59.78	27.37	0.00	100.00	26.35	26.26	0.000						
S WOT 0041 000001   , CH 4	1	59.78	27.37	0.00	100.00	26.35	26.26	0.000						
														
														
Date &Time [DD-MM-YYYY HH:MM:SS]	Time stamp code	Barometric pressure [hPa]	S WOT 0041 000001   , CH 1 phase [r.U.]	S WOT 0041 000001   , CH 1 temp [°C]	S WOT 0041 000001   , CH 1 O2 [% air saturation]	S WOT 0041 000001   , CH 2 phase [r.U.]	S WOT 0041 000001   , CH 2 temp [°C]	S WOT 0041 000001   , CH 2 O2 [% air saturation]	S WOT 0041 000001   , CH 3 phase [r.U.]	S WOT 0041 000001   , CH 3 temp [°C]	S WOT 0041 000001   , CH 3 O2 [% air saturation]	S WOT 0041 000001   , CH 4 phase [r.U.]	S WOT 0041 000001   , CH 4 temp [°C]	S WOT 0041 000001   , CH 4 O2 [% air saturation]
27/06/2018 2:05:42 PM	3612917142	1013.00	26.67	31.64	97.5	26.40	31.64	100.1	26.40	31.64	100.1	26.21	31.64	101.9
27/06/2018 2:05:43 PM	3612917143	1013.00	26.65	31.64	97.7	26.43	31.64	99.8	26.34	31.64	100.7	26.21	31.64	101.9
27/06/2018 2:05:44 PM	3612917144	1013.00	26.65	31.65	97.7	26.39	31.65	100.2	26.39	31.65	100.2	26.22	31.65	101.8
27/06/2018 2:05:45 PM	3612917145	1013.00	26.71	31.66	97.1	26.43	31.66	99.8	26.40	31.66	100.1	26.22	31.66	101.8
27/06/2018 2:05:46 PM	3612917146	1013.00	26.66	31.66	97.6	26.39	31.66	100.2	26.35	31.66	100.5	26.24	31.66	101.6
27/06/2018 2:05:47 PM	3612917147	1013.00	26.68	31.67	97.4	26.40	31.67	100.0	26.39	31.67	100.1	26.26	31.67	101.4
27/06/2018 2:05:48 PM	3612917148	1013.00	26.68	31.67	97.4	26.41	31.67	99.9	26.38	31.67	100.2	26.22	31.67	101.8
27/06/2018 2:05:49 PM	3612917149	1013.00	26.69	31.67	97.3	26.37	31.67	100.3	26.41	31.67	99.9	26.21	31.67	101.9
27/06/2018 2:05:50 PM	3612917150	1013.00	26.68	31.67	97.4	26.38	31.67	100.2	26.37	31.67	100.3	26.21	31.67	101.9
27/06/2018 2:05:51 PM	3612917151	1013.00	26.72	31.67	97.0	26.38	31.67	100.2	26.39	31.67	100.1	26.21	31.67	101.9
27/06/2018 2:05:52 PM	3612917152	1013.00	26.67	31.67	97.5	26.41	31.67	99.9	26.37	31.67	100.3	26.22	31.67	101.8
27/06/2018 2:05:53 PM	3612917153	1013.00	26.69	31.68	97.3	26.43	31.68	99.7	26.37	31.68	100.3	26.19	31.68	102.1
27/06/2018 2:05:54 PM	3612917154	1013.00	26.74	31.68	96.8	26.44	31.68	99.6	26.39	31.68	100.1	26.21	31.68	101.9
27/06/2018 2:05:55 PM	3612917155	1013.00	26.73	31.68	96.9	26.48	31.68	99.3	26.37	31.68	100.3	26.22	31.68	101.8
27/06/2018 2:05:56 PM	3612917156	1013.00	26.72	31.68	97.0	26.41	31.68	99.9	26.40	31.68	100.0	26.23	31.68	101.7
27/06/2018 2:05:57 PM	3612917157	1013.00	26.73	31.69	96.9	26.46	31.69	99.4	26.39	31.69	100.1	26.23	31.69	101.7
27/06/2018 2:05:58 PM	3612917158	1013.00	26.74	31.69	96.8	26.40	31.69	100.0	26.40	31.69	100.0	26.23	31.69	101.7
27/06/2018 2:05:59 PM	3612917159	1013.00	26.73	31.69	96.9	26.44	31.69	99.6	26.44	31.69	99.6	26.25	31.69	101.5
27/06/2018 2:06:00 PM	3612917160	1013.00	26.78	31.70	96.4	26.45	31.70	99.5	26.40	31.70	100.0	26.23	31.70	101.6
27/06/2018 2:06:01 PM	3612917161	1013.00	26.76	31.70	96.6	26.49	31.70	99.1	26.43	31.70	99.7	26.23	31.70	101.6
27/06/2018 2:06:02 PM	3612917162	1013.00	26.76	31.69	96.6	26.44	31.69	99.6	26.38	31.69	100.2	26.24	31.69	101.6
27/06/2018 2:06:03 PM	3612917163	1013.00	26.78	31.69	96.4	26.43	31.69	99.7	26.38	31.69	100.2	26.23	31.69	101.7
27/06/2018 2:06:04 PM	3612917164	1013.00	26.78	31.70	96.4	26.47	31.70	99.3	26.42	31.70	99.8	26.23	31.70	101.6
27/06/2018 2:06:05 PM	3612917165	1013.00	26.78	31.70	96.4	26.36	31.70	100.4	26.39	31.70	100.1	26.19	31.70	102.0
27/06/2018 2:06:06 PM	3612917166	1013.00	26.76	31.70	96.6	26.42	31.70	99.8	26.43	31.70	99.7	26.26	31.70	101.4
27/06/2018 2:06:07 PM	3612917167	1013.00	26.77	31.71	96.5	26.48	31.71	99.2	26.41	31.71	99.9	26.22	31.71	101.7
27/06/2018 2:06:08 PM	3612917168	1013.00	26.78	31.70	96.4	26.41	31.70	99.9	26.44	31.70	99.6	26.21	31.70	101.8
27/06/2018 2:06:09 PM	3612917169	1013.00	26.79	31.69	96.3	26.43	31.69	99.7	26.42	31.69	99.8	26.22	31.69	101.8
27/06/2018 2:06:10 PM	3612917170	1013.00	26.82	31.68	96.1	26.40	31.68	100.0	26.43	31.68	99.7	26.22	31.68	101.8
27/06/2018 2:06:11 PM	3612917171	1013.00	26.81	31.68	96.2	26.45	31.68	99.5	26.40	31.68	100.0	26.24	31.68	101.6
27/06/2018 2:06:12 PM	3612917172	1013.00	26.83	31.67	96.0	26.44	31.67	99.7	26.40	31.67	100.0	26.25	31.67	101.5
27/06/2018 2:06:13 PM	3612917173	1013.00	26.82	31.67	96.1	26.43	31.67	99.8	26.43	31.67	99.8	26.21	31.67	101.9
27/06/2018 2:06:14 PM	3612917174	1013.00	26.85	31.68	95.8	26.46	31.68	99.4	26.41	31.68	99.9	26.22	31.68	101.8
27/06/2018 2:06:15 PM	3612917175	1013.00	26.82	31.68	96.1	26.50	31.68	99.1	26.44	31.68	99.6	26.22	31.68	101.8
27/06/2018 2:06:16 PM	3612917176	1013.00	26.82	31.68	96.1	26.48	31.68	99.3	26.48	31.68	99.3	26.19	31.68	102.1
27/06/2018 2:06:17 PM	3612917177	1013.00	26.80	31.68	96.3	26.51	31.68	99.0	26.45	31.68	99.5	26.21	31.68	101.9
27/06/2018 2:06:18 PM	3612917178	1013.00	26.84	31.68	95.9	26.52	31.68	98.9	26.44	31.68	99.6	26.25	31.68	101.5
27/06/2018 2:06:19 PM	3612917179	1013.00	26.83	31.68	96.0	26.53	31.68	98.8	26.49	31.68	99.2	26.23	31.68	101.7
27/06/2018 2:06:20 PM	3612917180	1013.00	26.83	31.68	96.0	26.44	31.68	99.6	26.47	31.68	99.4	26.23	31.68	101.7
27/06/2018 2:06:21 PM	3612917181	1013.00	26.83	31.68	96.0	26.48	31.68	99.3	26.43	31.68	99.7	26.23	31.68	101.7
27/06/2018 2:06:22 PM	3612917182	1013.00	26.83	31.68	96.0	26.52	31.68	98.9	26.47	31.68	99.4	26.24	31.68	101.6
27/06/2018 2:06:23 PM	3612917183	1013.00	26.86	31.68	95.7	26.49	31.68	99.2	26.44	31.68	99.6	26.25	31.68	101.5
27/06/2018 2:06:24 PM	3612917184	1013.00	26.87	31.68	95.6	26.48	31.68	99.3	26.44	31.68	99.6	26.23	31.68	101.7
27/06/2018 2:06:25 PM	3612917185	1013.00	26.87	31.67	95.6	26.49	31.67	99.2	26.44	31.67	99.7	26.21	31.67	101.9
27/06/2018 2:06:26 PM	3612917186	1013.00	26.83	31.66	96.0	26.53	31.66	98.8	26.50	31.66	99.1	26.22	31.66	101.8
27/06/2018 2:06:27 PM	3612917187	1013.00	26.84	31.66	95.9	26.53	31.66	98.8	26.49	31.66	99.2	26.25	31.66	101.5
27/06/2018 2:06:28 PM	3612917188	1013.00	26.86	31.66	95.7	26.47	31.66	99.4	26.42	31.66	99.9	26.23	31.66	101.7
27/06/2018 2:06:29 PM	3612917189	1013.00	26.85	31.65	95.8	26.52	31.65	98.9	26.46	31.65	99.5	26.23	31.65	101.7
27/06/2018 2:06:30 PM	3612917190	1013.00	26.86	31.66	95.7	26.49	31.66	99.2	26.48	31.66	99.3	26.25	31.66	101.5
27/06/2018 2:06:31 PM	3612917191	1013.00	26.86	31.66	95.7	26.51	31.66	99.0	26.50	31.66	99.1	26.21	31.66	101.9
27/06/2018 2:06:32 PM	3612917192	1013.00	26.87	31.66	95.6	26.50	31.66	99.1	26.49	31.66	99.2	26.22	31.66	101.8
27/06/2018 2:06:33 PM	3612917193	1013.00	26.87	31.66	95.6	26.51	31.66	99.0	26.49	31.66	99.2	26.26	31.66	101.4
27/06/2018 2:06:34 PM	3612917194	1013.00	26.86	31.66	95.7	26.51	31.66	99.0	26.48	31.66	99.3	26.24	31.66	101.6
27/06/2018 2:06:35 PM	3612917195	1013.00	26.86	31.65	95.8	26.55	31.65	98.6	26.48	31.65	99.3	26.23	31.65	101.7
27/06/2018 2:06:36 PM	3612917196	1013.00	26.87	31.65	95.7	26.50	31.65	99.1	26.51	31.65	99.0	26.20	31.65	102.0
27/06/2018 2:06:37 PM	3612917197	1013.00	26.88	31.66	95.6	26.55	31.66	98.6	26.46	31.66	99.5	26.24	31.66	101.6
27/06/2018 2:06:38 PM	3612917198	1013.00	26.90	31.65	95.4	26.55	31.65	98.6	26.51	31.65	99.0	26.23	31.65	101.7
27/06/2018 2:06:39 PM	3612917199	1013.00	26.87	31.65	95.7	26.54	31.65	98.7	26.50	31.65	99.1	26.23	31.65	101.7
27/06/2018 2:06:40 PM	3612917200	1013.00	26.90	31.65	95.4	26.57	31.65	98.5	26.54	31.65	98.7	26.24	31.65	101.6
27/06/2018 2:06:41 PM	3612917201	1013.00	26.89	31.66	95.5	26.54	31.66	98.7	26.51	31.66	99.0	26.24	31.66	101.6
27/06/2018 2:06:42 PM	3612917202	1013.00	26.89	31.66	95.5	26.48	31.66	99.3	26.50	31.66	99.1	26.21	31.66	101.9
27/06/2018 2:06:43 PM	3612917203	1013.00	26.89	31.66	95.5	26.55	31.66	98.6	26.52	31.66	98.9	26.22	31.66	101.8
27/06/2018 2:06:44 PM	3612917204	1013.00	26.91	31.67	95.3	26.59	31.67	98.2	26.52	31.67	98.9	26.24	31.67	101.6
27/06/2018 2:06:45 PM	3612917205	1013.00	26.89	31.67	95.4	26.57	31.67	98.4	26.50	31.67	99.1	26.20	31.67	102.0
27/06/2018 2:06:46 PM	3612917206	1013.00	26.90	31.66	95.4	26.51	31.66	99.0	26.51	31.66	99.0	26.20	31.66	102.0
27/06/2018 2:06:47 PM	3612917207	1013.00	26.90	31.66	95.4	26.56	31.66	98.5	26.50	31.66	99.1	26.22	31.66	101.8
27/06/2018 2:06:48 PM	3612917208	1013.00	26.92	31.67	95.2	26.55	31.67	98.6	26.49	31.67	99.2	26.23	31.67	101.7
27/06/2018 2:06:49 PM	3612917209	1013.00	26.91	31.66	95.3	26.57	31.66	98.4	26.53	31.66	98.8	26.24	31.66	101.6
27/06/2018 2:06:50 PM	3612917210	1013.00	26.94	31.66	95.0	26.57	31.66	98.4	26.51	31.66	99.0	26.23	31.66	101.7
27/06/2018 2:06:51 PM	3612917211	1013.00	26.91	31.67	95.3	26.55	31.67	98.6	26.51	31.67	99.0	26.22	31.67	101.8
27/06/2018 2:06:52 PM	3612917212	1013.00	26.94	31.67	95.0	26.59	31.67	98.2	26.52	31.67	98.9	26.28	31.67	101.2
27/06/2018 2:06:53 PM	3612917213	1013.00	26.95	31.67	94.9	26.57	31.67	98.4	26.56	31.67	98.5	26.25	31.67	101.5
27/06/2018 2:06:54 PM	3612917214	1013.00	26.92	31.68	95.2	26.57	31.68	98.4	26.52	31.68	98.9	26.23	31.68	101.7
27/06/2018 2:06:55 PM	3612917215	1013.00	26.96	31.68	94.8	26.56	31.68	98.5	26.53	31.68	98.8	26.23	31.68	101.7
27/06/2018 2:06:56 PM	3612917216	1013.00	26.96	31.68	94.8	26.60	31.68	98.1	26.53	31.68	98.8	26.20	31.68	102.0
27/06/2018 2:06:57 PM	3612917217	1013.00	26.94	31.68	95.0	26.57	31.68	98.4	26.51	31.68	99.0	26.23	31.68	101.7
27/06/2018 2:06:58 PM	3612917218	1013.00	26.93	31.69	95.1	26.55	31.69	98.6	26.52	31.69	98.9	26.25	31.69	101.5
27/06/2018 2:06:59 PM	3612917219	1013.00	26.95	31.69	94.9	26.60	31.69	98.1	26.50	31.69	99.0	26.23	31.69	101.7
27/06/2018 2:07:00 PM	3612917220	1013.00	26.93	31.68	95.1	26.63	31.68	97.8	26.56	31.68	98.5	26.22	31.68	101.8
27/06/2018 2:07:01 PM	3612917221	1013.00	26.96	31.68	94.8	26.58	31.68	98.3	26.54	31.68	98.7	26.24	31.68	101.6
27/06/2018 2:07:02 PM	3612917222	1013.00	26.95	31.68	94.9	26.63	31.68	97.8	26.57	31.68	98.4	26.24	31.68	101.6
27/06/2018 2:07:03 PM	3612917223	1013.00	26.96	31.68	94.8	26.59	31.68	98.2	26.60	31.68	98.1	26.21	31.68	101.9
27/06/2018 2:07:04 PM	3612917224	1013.00	27.00	31.67	94.5	26.52	31.67	98.9	26.57	31.67	98.4	26.23	31.67	101.7
27/06/2018 2:07:05 PM	3612917225	1013.00	27.01	31.68	94.3	26.55	31.68	98.6	26.56	31.68	98.5	26.25	31.68	101.5
27/06/2018 2:07:06 PM	3612917226	1013.00	26.99	31.69	94.5	26.58	31.69	98.3	26.56	31.69	98.5	26.25	31.69	101.5
27/06/2018 2:07:07 PM	3612917227	1013.00	26.99	31.68	94.5	26.60	31.68	98.1	26.55	31.68	98.6	26.24	31.68	101.6
27/06/2018 2:07:08 PM	3612917228	1013.00	26.99	31.68	94.5	26.60	31.68	98.1	26.57	31.68	98.4	26.23	31.68	101.7
27/06/2018 2:07:09 PM	3612917229	1013.00	27.01	31.68	94.3	26.53	31.68	98.8	26.56	31.68	98.5	26.25	31.68	101.5
27/06/2018 2:07:10 PM	3612917230	1013.00	27.01	31.69	94.3	26.61	31.69	98.0	26.57	31.69	98.4	26.24	31.69	101.6
27/06/2018 2:07:11 PM	3612917231	1013.00	27.04	31.68	94.1	26.62	31.68	97.9	26.57	31.68	98.4	26.23	31.68	101.7
27/06/2018 2:07:12 PM	3612917232	1013.00	27.01	31.69	94.3	26.60	31.69	98.1	26.62	31.69	97.9	26.24	31.69	101.6
27/06/2018 2:07:13 PM	3612917233	1013.00	27.03	31.70	94.1	26.60	31.70	98.1	26.62	31.70	97.9	26.24	31.70	101.5
27/06/2018 2:07:14 PM	3612917234	1013.00	27.04	31.69	94.1	26.59	31.69	98.2	26.61	31.69	98.0	26.22	31.69	101.8
27/06/2018 2:07:15 PM	3612917235	1013.00	27.06	31.69	93.9	26.60	31.69	98.1	26.62	31.69	97.9	26.24	31.69	101.6
27/06/2018 2:07:16 PM	3612917236	1013.00	27.05	31.70	94.0	26.57	31.70	98.4	26.59	31.70	98.2	26.26	31.70	101.4
27/06/2018 2:07:17 PM	3612917237	1013.00	27.04	31.69	94.1	26.62	31.69	97.9	26.58	31.69	98.3	26.26	31.69	101.4
27/06/2018 2:07:18 PM	3612917238	1013.00	27.06	31.69	93.9	26.63	31.69	97.8	26.61	31.69	98.0	26.26	31.69	101.4
27/06/2018 2:07:19 PM	3612917239	1013.00	27.05	31.69	94.0	26.62	31.69	97.9	26.59	31.69	98.2	26.24	31.69	101.6
27/06/2018 2:07:20 PM	3612917240	1013.00	27.04	31.69	94.1	26.65	31.69	97.6	26.61	31.69	98.0	26.26	31.69	101.4
27/06/2018 2:07:21 PM	3612917241	1013.00	27.04	31.68	94.1	26.59	31.68	98.2	26.63	31.68	97.8	26.21	31.68	101.9
27/06/2018 2:07:22 PM	3612917242	1013.00	27.07	31.67	93.8	26.57	31.67	98.4	26.60	31.67	98.1	26.24	31.67	101.6
27/06/2018 2:07:23 PM	3612917243	1013.00	27.09	31.66	93.7	26.65	31.66	97.7	26.62	31.66	98.0	26.25	31.66	101.5
27/06/2018 2:07:24 PM	3612917244	1013.00	27.08	31.66	93.8	26.56	31.66	98.5	26.64	31.66	97.8	26.25	31.66	101.5
27/06/2018 2:07:25 PM	3612917245	1013.00	27.07	31.64	93.9	26.64	31.64	97.8	26.66	31.64	97.6	26.22	31.64	101.8
27/06/2018 2:07:26 PM	3612917246	1013.00	27.10	31.64	93.6	26.61	31.64	98.1	26.64	31.64	97.8	26.23	31.64	101.7
27/06/2018 2:07:27 PM	3612917247	1013.00	27.07	31.65	93.9	26.65	31.65	97.7	26.64	31.65	97.8	26.26	31.65	101.4
27/06/2018 2:07:28 PM	3612917248	1013.00	27.07	31.65	93.9	26.66	31.65	97.6	26.64	31.65	97.8	26.23	31.65	101.7
27/06/2018 2:07:29 PM	3612917249	1013.00	27.11	31.65	93.5	26.62	31.65	98.0	26.63	31.65	97.9	26.25	31.65	101.5
27/06/2018 2:07:30 PM	3612917250	1013.00	27.09	31.66	93.7	26.68	31.66	97.4	26.68	31.66	97.4	26.24	31.66	101.6
27/06/2018 2:07:31 PM	3612917251	1013.00	27.10	31.66	93.6	26.65	31.66	97.7	26.64	31.66	97.8	26.25	31.66	101.5
27/06/2018 2:07:32 PM	3612917252	1013.00	27.12	31.65	93.4	26.64	31.65	97.8	26.65	31.65	97.7	26.24	31.65	101.6
27/06/2018 2:07:33 PM	3612917253	1013.00	27.11	31.66	93.5	26.69	31.66	97.3	26.62	31.66	98.0	26.25	31.66	101.5
27/06/2018 2:07:34 PM	3612917254	1013.00	27.10	31.65	93.6	26.68	31.65	97.4	26.66	31.65	97.6	26.25	31.65	101.5
27/06/2018 2:07:35 PM	3612917255	1013.00	27.12	31.66	93.4	26.71	31.66	97.1	26.66	31.66	97.6	26.24	31.66	101.6
27/06/2018 2:07:36 PM	3612917256	1013.00	27.09	31.66	93.7	26.69	31.66	97.3	26.66	31.66	97.6	26.22	31.66	101.8
27/06/2018 2:07:37 PM	3612917257	1013.00	27.10	31.66	93.6	26.67	31.66	97.5	26.67	31.66	97.5	26.24	31.66	101.6
27/06/2018 2:07:38 PM	3612917258	1013.00	27.15	31.66	93.1	26.64	31.66	97.8	26.65	31.66	97.7	26.26	31.66	101.4
27/06/2018 2:07:39 PM	3612917259	1013.00	27.14	31.66	93.2	26.68	31.66	97.4	26.69	31.66	97.3	26.26	31.66	101.4
27/06/2018 2:07:40 PM	3612917260	1013.00	27.13	31.66	93.3	26.63	31.66	97.9	26.65	31.66	97.7	26.23	31.66	101.7
27/06/2018 2:07:41 PM	3612917261	1013.00	27.11	31.66	93.5	26.69	31.66	97.3	26.63	31.66	97.9	26.24	31.66	101.6
27/06/2018 2:07:42 PM	3612917262	1013.00	27.14	31.66	93.2	26.68	31.66	97.4	26.66	31.66	97.6	26.25	31.66	101.5
27/06/2018 2:07:43 PM	3612917263	1013.00	27.16	31.66	93.0	26.73	31.66	96.9	26.66	31.66	97.6	26.24	31.66	101.6
27/06/2018 2:07:44 PM	3612917264	1013.00	27.15	31.67	93.1	26.69	31.67	97.3	26.66	31.67	97.6	26.24	31.67	101.6
27/06/2018 2:07:45 PM	3612917265	1013.00	27.15	31.67	93.1	26.70	31.67	97.2	26.67	31.67	97.5	26.23	31.67	101.7
27/06/2018 2:07:46 PM	3612917266	1013.00	27.19	31.67	92.8	26.64	31.67	97.8	26.69	31.67	97.3	26.25	31.67	101.5
27/06/2018 2:07:47 PM	3612917267	1013.00	27.19	31.67	92.8	26.71	31.67	97.1	26.66	31.67	97.6	26.23	31.67	101.7
27/06/2018 2:07:48 PM	3612917268	1013.00	27.16	31.67	93.0	26.71	31.67	97.1	26.68	31.67	97.4	26.21	31.67	101.9
27/06/2018 2:07:49 PM	3612917269	1013.00	27.15	31.67	93.1	26.72	31.67	97.0	26.69	31.67	97.3	26.26	31.67	101.4
27/06/2018 2:07:50 PM	3612917270	1013.00	27.16	31.68	93.0	26.64	31.68	97.7	26.68	31.68	97.4	26.23	31.68	101.7
27/06/2018 2:07:51 PM	3612917271	1013.00	27.17	31.68	92.9	26.71	31.68	97.1	26.72	31.68	97.0	26.25	31.68	101.5
27/06/2018 2:07:52 PM	3612917272	1013.00	27.17	31.68	92.9	26.72	31.68	97.0	26.68	31.68	97.4	26.23	31.68	101.7
27/06/2018 2:07:53 PM	3612917273	1013.00	27.21	31.68	92.6	26.71	31.68	97.1	26.69	31.68	97.3	26.23	31.68	101.7
27/06/2018 2:07:54 PM	3612917274	1013.00	27.18	31.68	92.8	26.71	31.68	97.1	26.70	31.68	97.2	26.26	31.68	101.4
27/06/2018 2:07:55 PM	3612917275	1013.00	27.20	31.67	92.7	26.74	31.67	96.8	26.72	31.67	97.0	26.22	31.67	101.8
27/06/2018 2:07:56 PM	3612917276	1013.00	27.21	31.67	92.6	26.70	31.67	97.2	26.67	31.67	97.5	26.22	31.67	101.8
27/06/2018 2:07:57 PM	3612917277	1013.00	27.22	31.67	92.5	26.68	31.67	97.4	26.70	31.67	97.2	26.21	31.67	101.9
27/06/2018 2:07:58 PM	3612917278	1013.00	27.22	31.67	92.5	26.73	31.67	96.9	26.71	31.67	97.1	26.21	31.67	101.9
27/06/2018 2:07:59 PM	3612917279	1013.00	27.18	31.66	92.9	26.74	31.66	96.8	26.72	31.66	97.0	26.23	31.66	101.7
27/06/2018 2:08:00 PM	3612917280	1013.00	27.21	31.67	92.6	26.66	31.67	97.6	26.74	31.67	96.8	26.24	31.67	101.6
27/06/2018 2:08:01 PM	3612917281	1013.00	27.23	31.68	92.4	26.67	31.68	97.5	26.71	31.68	97.1	26.27	31.68	101.3
27/06/2018 2:08:02 PM	3612917282	1013.00	27.19	31.67	92.8	26.72	31.67	97.0	26.71	31.67	97.1	26.23	31.67	101.7
27/06/2018 2:08:03 PM	3612917283	1013.00	27.21	31.67	92.6	26.72	31.67	97.0	26.77	31.67	96.5	26.23	31.67	101.7
27/06/2018 2:08:04 PM	3612917284	1013.00	27.19	31.67	92.8	26.71	31.67	97.1	26.73	31.67	96.9	26.27	31.67	101.3
27/06/2018 2:08:05 PM	3612917285	1013.00	27.25	31.66	92.3	26.72	31.66	97.0	26.74	31.66	96.8	26.24	31.66	101.6
27/06/2018 2:08:06 PM	3612917286	1013.00	27.20	31.66	92.7	26.75	31.66	96.8	26.74	31.66	96.8	26.24	31.66	101.6
27/06/2018 2:08:07 PM	3612917287	1013.00	27.24	31.67	92.3	26.73	31.67	96.9	26.75	31.67	96.7	26.24	31.67	101.6
27/06/2018 2:08:08 PM	3612917288	1013.00	27.23	31.68	92.4	26.76	31.68	96.6	26.74	31.68	96.8	26.27	31.68	101.3
27/06/2018 2:08:09 PM	3612917289	1013.00	27.26	31.67	92.2	26.66	31.67	97.6	26.76	31.67	96.6	26.24	31.67	101.6
27/06/2018 2:08:10 PM	3612917290	1013.00	27.24	31.68	92.3	26.69	31.68	97.3	26.73	31.68	96.9	26.23	31.68	101.7
27/06/2018 2:08:11 PM	3612917291	1013.00	27.25	31.68	92.2	26.73	31.68	96.9	26.74	31.68	96.8	26.25	31.68	101.5
27/06/2018 2:08:12 PM	3612917292	1013.00	27.25	31.67	92.2	26.69	31.67	97.3	26.71	31.67	97.1	26.24	31.67	101.6
27/06/2018 2:08:13 PM	3612917293	1013.00	27.24	31.67	92.3	26.78	31.67	96.5	26.79	31.67	96.4	26.22	31.67	101.8
27/06/2018 2:08:14 PM	3612917294	1013.00	27.27	31.67	92.1	26.76	31.67	96.6	26.78	31.67	96.5	26.25	31.67	101.5
27/06/2018 2:08:15 PM	3612917295	1013.00	27.24	31.67	92.3	26.75	31.67	96.7	26.81	31.67	96.2	26.22	31.67	101.8
27/06/2018 2:08:16 PM	3612917296	1013.00	27.26	31.67	92.2	26.71	31.67	97.1	26.76	31.67	96.6	26.24	31.67	101.6
27/06/2018 2:08:17 PM	3612917297	1013.00	27.27	31.68	92.1	26.79	31.68	96.3	26.76	31.68	96.6	26.27	31.68	101.3
27/06/2018 2:08:18 PM	3612917298	1013.00	27.26	31.67	92.2	26.77	31.67	96.5	26.80	31.67	96.3	26.24	31.67	101.6
27/06/2018 2:08:19 PM	3612917299	1013.00	27.24	31.67	92.3	26.70	31.67	97.2	26.74	31.67	96.8	26.26	31.67	101.4
27/06/2018 2:08:20 PM	3612917300	1013.00	27.27	31.66	92.1	26.79	31.66	96.4	26.76	31.66	96.7	26.26	31.66	101.4
27/06/2018 2:08:21 PM	3612917301	1013.00	27.25	31.66	92.3	26.77	31.66	96.6	26.81	31.66	96.2	26.27	31.66	101.3
27/06/2018 2:08:22 PM	3612917302	1013.00	27.30	31.66	91.8	26.72	31.66	97.0	26.80	31.66	96.3	26.25	31.66	101.5
27/06/2018 2:08:23 PM	3612917303	1013.00	27.26	31.66	92.2	26.75	31.66	96.8	26.78	31.66	96.5	26.25	31.66	101.5
27/06/2018 2:08:24 PM	3612917304	1013.00	27.31	31.67	91.7	26.80	31.67	96.3	26.77	31.67	96.5	26.24	31.67	101.6
27/06/2018 2:08:25 PM	3612917305	1013.00	27.27	31.68	92.1	26.79	31.68	96.3	26.77	31.68	96.5	26.21	31.68	101.9
27/06/2018 2:08:26 PM	3612917306	1013.00	27.30	31.68	91.8	26.75	31.68	96.7	26.79	31.68	96.3	26.23	31.68	101.7
27/06/2018 2:08:27 PM	3612917307	1013.00	27.32	31.69	91.6	26.75	31.69	96.7	26.78	31.69	96.4	26.27	31.69	101.3
27/06/2018 2:08:28 PM	3612917308	1013.00	27.29	31.68	91.9	26.78	31.68	96.4	26.79	31.68	96.3	26.25	31.68	101.5
27/06/2018 2:08:29 PM	3612917309	1013.00	27.29	31.68	91.9	26.77	31.68	96.5	26.81	31.68	96.2	26.22	31.68	101.8
27/06/2018 2:08:30 PM	3612917310	1013.00	27.31	31.68	91.7	26.78	31.68	96.4	26.77	31.68	96.5	26.26	31.68	101.4
27/06/2018 2:08:31 PM	3612917311	1013.00	27.30	31.69	91.8	26.78	31.69	96.4	26.78	31.69	96.4	26.29	31.69	101.1
27/06/2018 2:08:32 PM	3612917312	1013.00	27.31	31.69	91.7	26.77	31.69	96.5	26.81	31.69	96.1	26.22	31.69	101.8
27/06/2018 2:08:33 PM	3612917313	1013.00	27.33	31.69	91.5	26.80	31.69	96.2	26.86	31.69	95.7	26.25	31.69	101.5
27/06/2018 2:08:34 PM	3612917314	1013.00	27.35	31.69	91.3	26.81	31.69	96.1	26.78	31.69	96.4	26.27	31.69	101.3
27/06/2018 2:08:35 PM	3612917315	1013.00	27.33	31.69	91.5	26.80	31.69	96.2	26.83	31.69	96.0	26.24	31.69	101.6
27/06/2018 2:08:36 PM	3612917316	1013.00	27.36	31.69	91.3	26.76	31.69	96.6	26.82	31.69	96.1	26.26	31.69	101.4
27/06/2018 2:08:37 PM	3612917317	1013.00	27.32	31.69	91.6	26.81	31.69	96.1	26.80	31.69	96.2	26.27	31.69	101.3
27/06/2018 2:08:38 PM	3612917318	1013.00	27.35	31.70	91.3	26.79	31.70	96.3	26.85	31.70	95.8	26.27	31.70	101.3
27/06/2018 2:08:39 PM	3612917319	1013.00	27.37	31.70	91.2	26.78	31.70	96.4	26.74	31.70	96.8	26.24	31.70	101.5
27/06/2018 2:08:40 PM	3612917320	1013.00	27.37	31.70	91.2	26.78	31.70	96.4	26.79	31.70	96.3	26.25	31.70	101.5
27/06/2018 2:08:41 PM	3612917321	1013.00	27.36	31.70	91.2	26.80	31.70	96.2	26.80	31.70	96.2	26.26	31.70	101.4
27/06/2018 2:08:42 PM	3612917322	1013.00	27.37	31.70	91.2	26.80	31.70	96.2	26.84	31.70	95.9	26.22	31.70	101.7
27/06/2018 2:08:43 PM	3612917323	1013.00	27.36	31.70	91.2	26.88	31.70	95.5	26.83	31.70	95.9	26.25	31.70	101.5
27/06/2018 2:08:44 PM	3612917324	1013.00	27.38	31.70	91.1	26.76	31.70	96.6	26.83	31.70	95.9	26.22	31.70	101.7
27/06/2018 2:08:45 PM	3612917325	1013.00	27.38	31.70	91.1	26.80	31.70	96.2	26.84	31.70	95.9	26.22	31.70	101.7
27/06/2018 2:08:46 PM	3612917326	1013.00	27.39	31.70	91.0	26.83	31.70	95.9	26.85	31.70	95.8	26.24	31.70	101.5
27/06/2018 2:08:47 PM	3612917327	1013.00	27.41	31.70	90.8	26.79	31.70	96.3	26.83	31.70	95.9	26.23	31.70	101.6
27/06/2018 2:08:48 PM	3612917328	1013.00	27.40	31.70	90.9	26.78	31.70	96.4	26.82	31.70	96.0	26.25	31.70	101.5
27/06/2018 2:08:49 PM	3612917329	1013.00	27.44	31.70	90.6	26.80	31.70	96.2	26.83	31.70	95.9	26.25	31.70	101.5
27/06/2018 2:08:50 PM	3612917330	1013.00	27.40	31.70	90.9	26.82	31.70	96.0	26.84	31.70	95.9	26.24	31.70	101.5
27/06/2018 2:08:51 PM	3612917331	1013.00	27.39	31.70	91.0	26.83	31.70	95.9	26.91	31.70	95.2	26.23	31.70	101.6
27/06/2018 2:08:52 PM	3612917332	1013.00	27.41	31.70	90.8	26.87	31.70	95.6	26.84	31.70	95.9	26.25	31.70	101.5
27/06/2018 2:08:53 PM	3612917333	1013.00	27.41	31.69	90.8	26.85	31.69	95.8	26.87	31.69	95.6	26.25	31.69	101.5
27/06/2018 2:08:54 PM	3612917334	1013.00	27.43	31.69	90.7	26.81	31.69	96.1	26.87	31.69	95.6	26.24	31.69	101.6
27/06/2018 2:08:55 PM	3612917335	1013.00	27.43	31.70	90.6	26.85	31.70	95.8	26.89	31.70	95.4	26.26	31.70	101.4
27/06/2018 2:08:56 PM	3612917336	1013.00	27.43	31.69	90.7	26.86	31.69	95.7	26.89	31.69	95.4	26.21	31.69	101.9
27/06/2018 2:08:57 PM	3612917337	1013.00	27.45	31.68	90.5	26.83	31.68	96.0	26.92	31.68	95.2	26.22	31.68	101.8
27/06/2018 2:08:58 PM	3612917338	1013.00	27.45	31.69	90.5	26.83	31.69	96.0	26.92	31.69	95.1	26.26	31.69	101.4
27/06/2018 2:08:59 PM	3612917339	1013.00	27.45	31.69	90.5	26.85	31.69	95.8	26.88	31.69	95.5	26.25	31.69	101.5
27/06/2018 2:09:00 PM	3612917340	1013.00	27.46	31.69	90.4	26.87	31.69	95.6	26.91	31.69	95.2	26.28	31.69	101.2
27/06/2018 2:09:01 PM	3612917341	1013.00	27.45	31.69	90.5	26.88	31.69	95.5	26.92	31.69	95.1	26.21	31.69	101.9
27/06/2018 2:09:02 PM	3612917342	1013.00	27.44	31.69	90.6	26.84	31.69	95.9	26.94	31.69	95.0	26.23	31.69	101.7
27/06/2018 2:09:03 PM	3612917343	1013.00	27.44	31.69	90.6	26.85	31.69	95.8	26.94	31.69	95.0	26.25	31.69	101.5
27/06/2018 2:09:04 PM	3612917344	1013.00	27.46	31.68	90.4	26.82	31.68	96.1	26.95	31.68	94.9	26.25	31.68	101.5
27/06/2018 2:09:05 PM	3612917345	1013.00	27.47	31.68	90.3	26.79	31.68	96.3	26.94	31.68	95.0	26.22	31.68	101.8
27/06/2018 2:09:06 PM	3612917346	1013.00	27.45	31.69	90.5	26.89	31.69	95.4	26.93	31.69	95.1	26.25	31.69	101.5
27/06/2018 2:09:07 PM	3612917347	1013.00	27.44	31.69	90.6	26.85	31.69	95.8	26.93	31.69	95.1	26.28	31.69	101.2
27/06/2018 2:09:08 PM	3612917348	1013.00	27.47	31.68	90.3	26.85	31.68	95.8	26.93	31.68	95.1	26.25	31.68	101.5
27/06/2018 2:09:09 PM	3612917349	1013.00	27.46	31.69	90.4	26.84	31.69	95.9	26.94	31.69	95.0	26.23	31.69	101.7
27/06/2018 2:09:10 PM	3612917350	1013.00	27.48	31.68	90.2	26.86	31.68	95.7	26.94	31.68	95.0	26.26	31.68	101.4
27/06/2018 2:09:11 PM	3612917351	1013.00	27.48	31.67	90.3	26.87	31.67	95.6	26.95	31.67	94.9	26.25	31.67	101.5
27/06/2018 2:09:12 PM	3612917352	1013.00	27.49	31.66	90.2	26.91	31.66	95.3	26.92	31.66	95.2	26.25	31.66	101.5
27/06/2018 2:09:13 PM	3612917353	1013.00	27.48	31.66	90.3	26.87	31.66	95.6	26.93	31.66	95.1	26.27	31.66	101.3
27/06/2018 2:09:14 PM	3612917354	1013.00	27.50	31.66	90.1	26.88	31.66	95.6	26.91	31.66	95.3	26.23	31.66	101.7
27/06/2018 2:09:15 PM	3612917355	1013.00	27.50	31.66	90.1	26.91	31.66	95.3	26.91	31.66	95.3	26.23	31.66	101.7
27/06/2018 2:09:16 PM	3612917356	1013.00	27.49	31.66	90.2	26.86	31.66	95.7	26.94	31.66	95.0	26.23	31.66	101.7
27/06/2018 2:09:17 PM	3612917357	1013.00	27.50	31.67	90.1	26.90	31.67	95.4	26.94	31.67	95.0	26.23	31.67	101.7
27/06/2018 2:09:18 PM	3612917358	1013.00	27.51	31.66	90.0	26.93	31.66	95.1	26.96	31.66	94.8	26.24	31.66	101.6
27/06/2018 2:09:19 PM	3612917359	1013.00	27.52	31.66	89.9	26.95	31.66	94.9	26.94	31.66	95.0	26.24	31.66	101.6
27/06/2018 2:09:20 PM	3612917360	1013.00	27.51	31.65	90.0	26.87	31.65	95.7	26.94	31.65	95.0	26.27	31.65	101.3
27/06/2018 2:09:21 PM	3612917361	1013.00	27.54	31.65	89.8	26.91	31.65	95.3	26.94	31.65	95.0	26.28	31.65	101.2
27/06/2018 2:09:22 PM	3612917362	1013.00	27.51	31.65	90.0	26.86	31.65	95.8	26.96	31.65	94.8	26.23	31.65	101.7
27/06/2018 2:09:23 PM	3612917363	1013.00	27.51	31.64	90.1	26.93	31.64	95.1	26.95	31.64	95.0	26.22	31.64	101.8
27/06/2018 2:09:24 PM	3612917364	1013.00	27.54	31.65	89.8	26.86	31.65	95.8	26.97	31.65	94.8	26.24	31.65	101.6
27/06/2018 2:09:25 PM	3612917365	1013.00	27.56	31.65	89.6	26.91	31.65	95.3	26.95	31.65	94.9	26.24	31.65	101.6
27/06/2018 2:09:26 PM	3612917366	1013.00	27.53	31.64	89.9	26.95	31.64	95.0	26.96	31.64	94.9	26.26	31.64	101.5
27/06/2018 2:09:27 PM	3612917367	1013.00	27.54	31.64	89.8	26.94	31.64	95.0	26.96	31.64	94.9	26.26	31.64	101.5
27/06/2018 2:09:28 PM	3612917368	1013.00	27.54	31.65	89.8	26.93	31.65	95.1	26.93	31.65	95.1	26.24	31.65	101.6
27/06/2018 2:09:29 PM	3612917369	1013.00	27.54	31.64	89.8	26.89	31.64	95.5	26.97	31.64	94.8	26.26	31.64	101.5
27/06/2018 2:09:30 PM	3612917370	1013.00	27.55	31.63	89.7	26.91	31.63	95.3	26.99	31.63	94.6	26.27	31.63	101.4
27/06/2018 2:09:31 PM	3612917371	1013.00	27.55	31.64	89.7	26.93	31.64	95.1	26.95	31.64	95.0	26.22	31.64	101.8
27/06/2018 2:09:32 PM	3612917372	1013.00	27.56	31.65	89.6	26.92	31.65	95.2	27.00	31.65	94.5	26.27	31.65	101.3
27/06/2018 2:09:33 PM	3612917373	1013.00	27.56	31.65	89.6	26.91	31.65	95.3	26.96	31.65	94.8	26.22	31.65	101.8
27/06/2018 2:09:34 PM	3612917374	1013.00	27.57	31.65	89.5	26.94	31.65	95.0	26.99	31.65	94.6	26.27	31.65	101.3
27/06/2018 2:09:35 PM	3612917375	1013.00	27.56	31.66	89.6	26.92	31.66	95.2	26.99	31.66	94.6	26.24	31.66	101.6
27/06/2018 2:09:36 PM	3612917376	1013.00	27.58	31.66	89.4	26.92	31.66	95.2	27.00	31.66	94.5	26.24	31.66	101.6
27/06/2018 2:09:37 PM	3612917377	1013.00	27.56	31.66	89.6	26.91	31.66	95.3	27.00	31.66	94.5	26.23	31.66	101.7
27/06/2018 2:09:38 PM	3612917378	1013.00	27.57	31.66	89.5	26.89	31.66	95.5	26.99	31.66	94.6	26.25	31.66	101.5
27/06/2018 2:09:39 PM	3612917379	1013.00	27.57	31.66	89.5	26.92	31.66	95.2	27.01	31.66	94.4	26.23	31.66	101.7
27/06/2018 2:09:40 PM	3612917380	1013.00	27.59	31.66	89.3	26.90	31.66	95.4	27.00	31.66	94.5	26.28	31.66	101.2
27/06/2018 2:09:41 PM	3612917381	1013.00	27.60	31.66	89.3	26.95	31.66	94.9	27.04	31.66	94.1	26.24	31.66	101.6
27/06/2018 2:09:42 PM	3612917382	1013.00	27.62	31.66	89.1	26.97	31.66	94.7	26.99	31.66	94.6	26.26	31.66	101.4
27/06/2018 2:09:43 PM	3612917383	1013.00	27.60	31.66	89.3	27.02	31.66	94.3	26.99	31.66	94.6	26.27	31.66	101.3
27/06/2018 2:09:44 PM	3612917384	1013.00	27.63	31.66	89.0	26.94	31.66	95.0	26.98	31.66	94.7	26.28	31.66	101.2
27/06/2018 2:09:45 PM	3612917385	1013.00	27.61	31.66	89.2	26.94	31.66	95.0	27.02	31.66	94.3	26.23	31.66	101.7
27/06/2018 2:09:46 PM	3612917386	1013.00	27.62	31.66	89.1	26.94	31.66	95.0	27.00	31.66	94.5	26.27	31.66	101.3
27/06/2018 2:09:47 PM	3612917387	1013.00	27.59	31.66	89.3	26.97	31.66	94.7	27.05	31.66	94.0	26.25	31.66	101.5
27/06/2018 2:09:48 PM	3612917388	1013.00	27.62	31.66	89.1	26.99	31.66	94.6	27.02	31.66	94.3	26.26	31.66	101.4
27/06/2018 2:09:49 PM	3612917389	1013.00	27.64	31.67	88.9	26.93	31.67	95.1	27.04	31.67	94.1	26.23	31.67	101.7
27/06/2018 2:09:50 PM	3612917390	1013.00	27.63	31.66	89.0	26.98	31.66	94.7	27.04	31.66	94.1	26.27	31.66	101.3
27/06/2018 2:09:51 PM	3612917391	1013.00	27.65	31.65	88.9	26.96	31.65	94.8	26.98	31.65	94.7	26.25	31.65	101.5
27/06/2018 2:09:52 PM	3612917392	1013.00	27.67	31.65	88.7	26.93	31.65	95.1	27.01	31.65	94.4	26.21	31.65	101.9
27/06/2018 2:09:53 PM	3612917393	1013.00	27.64	31.66	88.9	26.93	31.66	95.1	27.04	31.66	94.1	26.27	31.66	101.3
27/06/2018 2:09:54 PM	3612917394	1013.00	27.65	31.65	88.9	26.97	31.65	94.8	27.02	31.65	94.3	26.25	31.65	101.5
27/06/2018 2:09:55 PM	3612917395	1013.00	27.64	31.66	88.9	27.02	31.66	94.3	27.02	31.66	94.3	26.22	31.66	101.8
27/06/2018 2:09:56 PM	3612917396	1013.00	27.63	31.66	89.0	26.94	31.66	95.0	27.03	31.66	94.2	26.26	31.66	101.4
27/06/2018 2:09:57 PM	3612917397	1013.00	27.68	31.66	88.6	26.98	31.66	94.7	27.03	31.66	94.2	26.28	31.66	101.2
27/06/2018 2:09:58 PM	3612917398	1013.00	27.67	31.66	88.7	26.93	31.66	95.1	27.02	31.66	94.3	26.24	31.66	101.6
27/06/2018 2:09:59 PM	3612917399	1013.00	27.67	31.66	88.7	27.01	31.66	94.4	27.05	31.66	94.0	26.24	31.66	101.6
27/06/2018 2:10:00 PM	3612917400	1013.00	27.67	31.66	88.7	26.99	31.66	94.6	27.01	31.66	94.4	26.25	31.66	101.5
27/06/2018 2:10:01 PM	3612917401	1013.00	27.69	31.66	88.5	26.95	31.66	94.9	27.05	31.66	94.0	26.27	31.66	101.3
27/06/2018 2:10:02 PM	3612917402	1013.00	27.69	31.66	88.5	27.00	31.66	94.5	27.06	31.66	93.9	26.27	31.66	101.3
27/06/2018 2:10:03 PM	3612917403	1013.00	27.65	31.67	88.8	27.00	31.67	94.5	27.07	31.67	93.8	26.27	31.67	101.3
27/06/2018 2:10:04 PM	3612917404	1013.00	27.68	31.67	88.6	26.98	31.67	94.6	27.08	31.67	93.7	26.24	31.67	101.6
27/06/2018 2:10:05 PM	3612917405	1013.00	27.67	31.67	88.7	27.02	31.67	94.3	27.04	31.67	94.1	26.26	31.67	101.4
27/06/2018 2:10:06 PM	3612917406	1013.00	27.69	31.67	88.5	27.01	31.67	94.4	27.04	31.67	94.1	26.25	31.67	101.5
27/06/2018 2:10:07 PM	3612917407	1013.00	27.68	31.67	88.6	27.05	31.67	94.0	27.06	31.67	93.9	26.29	31.67	101.1
27/06/2018 2:10:08 PM	3612917408	1013.00	27.69	31.67	88.5	27.04	31.67	94.1	27.06	31.67	93.9	26.26	31.67	101.4
27/06/2018 2:10:09 PM	3612917409	1013.00	27.71	31.67	88.3	27.01	31.67	94.4	27.08	31.67	93.7	26.26	31.67	101.4
27/06/2018 2:10:10 PM	3612917410	1013.00	27.69	31.66	88.5	27.04	31.66	94.1	27.05	31.66	94.0	26.23	31.66	101.7
27/06/2018 2:10:11 PM	3612917411	1013.00	27.73	31.67	88.2	27.03	31.67	94.2	27.04	31.67	94.1	26.27	31.67	101.3
27/06/2018 2:10:12 PM	3612917412	1013.00	27.72	31.67	88.3	27.00	31.67	94.5	27.07	31.67	93.8	26.27	31.67	101.3
27/06/2018 2:10:13 PM	3612917413	1013.00	27.72	31.66	88.3	27.04	31.66	94.1	27.02	31.66	94.3	26.26	31.66	101.4
27/06/2018 2:10:14 PM	3612917414	1013.00	27.73	31.65	88.2	27.04	31.65	94.1	27.09	31.65	93.7	26.26	31.65	101.4
27/06/2018 2:10:15 PM	3612917415	1013.00	27.72	31.66	88.3	27.06	31.66	93.9	27.08	31.66	93.8	26.23	31.66	101.7
27/06/2018 2:10:16 PM	3612917416	1013.00	27.73	31.65	88.2	27.04	31.65	94.1	27.08	31.65	93.8	26.25	31.65	101.5
27/06/2018 2:10:17 PM	3612917417	1013.00	27.71	31.66	88.4	27.00	31.66	94.5	27.05	31.66	94.0	26.28	31.66	101.2
27/06/2018 2:10:18 PM	3612917418	1013.00	27.75	31.67	88.0	26.98	31.67	94.6	27.10	31.67	93.6	26.26	31.67	101.4
27/06/2018 2:10:19 PM	3612917419	1013.00	27.77	31.67	87.8	27.06	31.67	93.9	27.08	31.67	93.7	26.25	31.67	101.5
27/06/2018 2:10:20 PM	3612917420	1013.00	27.73	31.67	88.2	27.00	31.67	94.5	27.13	31.67	93.3	26.28	31.67	101.2
27/06/2018 2:10:21 PM	3612917421	1013.00	27.74	31.68	88.1	27.05	31.68	94.0	27.11	31.68	93.5	26.26	31.68	101.4
27/06/2018 2:10:22 PM	3612917422	1013.00	27.73	31.68	88.2	27.06	31.68	93.9	27.04	31.68	94.1	26.25	31.68	101.5
27/06/2018 2:10:23 PM	3612917423	1013.00	27.75	31.68	88.0	27.05	31.68	94.0	27.10	31.68	93.5	26.24	31.68	101.6
27/06/2018 2:10:24 PM	3612917424	1013.00	27.76	31.69	87.9	27.02	31.69	94.2	27.11	31.69	93.4	26.29	31.69	101.1
27/06/2018 2:10:25 PM	3612917425	1013.00	27.77	31.69	87.8	27.05	31.69	94.0	27.12	31.69	93.4	26.26	31.69	101.4
27/06/2018 2:10:26 PM	3612917426	1013.00	27.77	31.69	87.8	27.03	31.69	94.2	27.14	31.69	93.2	26.25	31.69	101.5
27/06/2018 2:10:27 PM	3612917427	1013.00	27.78	31.68	87.7	27.12	31.68	93.4	27.13	31.68	93.3	26.23	31.68	101.7
27/06/2018 2:10:28 PM	3612917428	1013.00	27.77	31.68	87.8	27.08	31.68	93.7	27.15	31.68	93.1	26.27	31.68	101.3
27/06/2018 2:10:29 PM	3612917429	1013.00	27.76	31.67	87.9	27.09	31.67	93.7	27.16	31.67	93.0	26.25	31.67	101.5
27/06/2018 2:10:30 PM	3612917430	1013.00	27.78	31.68	87.7	27.04	31.68	94.1	27.14	31.68	93.2	26.29	31.68	101.1
27/06/2018 2:10:31 PM	3612917431	1013.00	27.78	31.68	87.7	27.11	31.68	93.5	27.18	31.68	92.8	26.25	31.68	101.5
27/06/2018 2:10:32 PM	3612917432	1013.00	27.78	31.68	87.7	27.08	31.68	93.7	27.16	31.68	93.0	26.24	31.68	101.6
27/06/2018 2:10:33 PM	3612917433	1013.00	27.77	31.68	87.8	27.03	31.68	94.2	27.13	31.68	93.3	26.24	31.68	101.6
27/06/2018 2:10:34 PM	3612917434	1013.00	27.78	31.67	87.8	27.10	31.67	93.6	27.12	31.67	93.4	26.25	31.67	101.5
27/06/2018 2:10:35 PM	3612917435	1013.00	27.80	31.67	87.6	27.07	31.67	93.8	27.17	31.67	92.9	26.25	31.67	101.5
27/06/2018 2:10:36 PM	3612917436	1013.00	27.80	31.67	87.6	27.07	31.67	93.8	27.15	31.67	93.1	26.29	31.67	101.1
27/06/2018 2:10:37 PM	3612917437	1013.00	27.80	31.66	87.6	27.10	31.66	93.6	27.21	31.66	92.6	26.26	31.66	101.4
27/06/2018 2:10:38 PM	3612917438	1013.00	27.80	31.66	87.6	27.12	31.66	93.4	27.16	31.66	93.0	26.26	31.66	101.4
27/06/2018 2:10:39 PM	3612917439	1013.00	27.80	31.66	87.6	27.10	31.66	93.6	27.14	31.66	93.2	26.24	31.66	101.6
27/06/2018 2:10:40 PM	3612917440	1013.00	27.79	31.66	87.7	27.06	31.66	93.9	27.14	31.66	93.2	26.25	31.66	101.5
27/06/2018 2:10:41 PM	3612917441	1013.00	27.80	31.66	87.6	27.10	31.66	93.6	27.15	31.66	93.1	26.27	31.66	101.3
27/06/2018 2:10:42 PM	3612917442	1013.00	27.83	31.67	87.4	27.09	31.67	93.7	27.14	31.67	93.2	26.25	31.67	101.5
27/06/2018 2:10:43 PM	3612917443	1013.00	27.82	31.67	87.4	27.15	31.67	93.1	27.18	31.67	92.9	26.23	31.67	101.7
27/06/2018 2:10:44 PM	3612917444	1013.00	27.82	31.67	87.4	27.06	31.67	93.9	27.21	31.67	92.6	26.24	31.67	101.6
27/06/2018 2:10:45 PM	3612917445	1013.00	27.85	31.68	87.2	27.09	31.68	93.6	27.19	31.68	92.8	26.25	31.68	101.5
27/06/2018 2:10:46 PM	3612917446	1013.00	27.84	31.67	87.3	27.05	31.67	94.0	27.21	31.67	92.6	26.25	31.67	101.5
27/06/2018 2:10:47 PM	3612917447	1013.00	27.84	31.67	87.3	27.11	31.67	93.5	27.17	31.67	92.9	26.28	31.67	101.2
27/06/2018 2:10:48 PM	3612917448	1013.00	27.85	31.66	87.2	27.07	31.66	93.8	27.17	31.66	93.0	26.27	31.66	101.3
27/06/2018 2:10:49 PM	3612917449	1013.00	27.87	31.67	87.0	27.13	31.67	93.3	27.19	31.67	92.8	26.26	31.67	101.4
27/06/2018 2:10:50 PM	3612917450	1013.00	27.86	31.67	87.1	27.11	31.67	93.5	27.22	31.67	92.5	26.25	31.67	101.5
27/06/2018 2:10:51 PM	3612917451	1013.00	27.86	31.67	87.1	27.09	31.67	93.7	27.21	31.67	92.6	26.25	31.67	101.5
27/06/2018 2:10:52 PM	3612917452	1013.00	27.84	31.67	87.3	27.11	31.67	93.5	27.19	31.67	92.8	26.25	31.67	101.5
27/06/2018 2:10:53 PM	3612917453	1013.00	27.85	31.67	87.2	27.20	31.67	92.7	27.22	31.67	92.5	26.24	31.67	101.6
27/06/2018 2:10:54 PM	3612917454	1013.00	27.89	31.66	86.9	27.14	31.66	93.2	27.18	31.66	92.9	26.24	31.66	101.6
27/06/2018 2:10:55 PM	3612917455	1013.00	27.87	31.66	87.0	27.11	31.66	93.5	27.21	31.66	92.6	26.25	31.66	101.5
27/06/2018 2:10:56 PM	3612917456	1013.00	27.87	31.66	87.0	27.17	31.66	93.0	27.20	31.66	92.7	26.25	31.66	101.5
27/06/2018 2:10:57 PM	3612917457	1013.00	27.91	31.66	86.7	27.19	31.66	92.8	27.21	31.66	92.6	26.25	31.66	101.5
27/06/2018 2:10:58 PM	3612917458	1013.00	27.91	31.66	86.7	27.18	31.66	92.9	27.21	31.66	92.6	26.28	31.66	101.2
27/06/2018 2:10:59 PM	3612917459	1013.00	27.91	31.66	86.7	27.13	31.66	93.3	27.23	31.66	92.4	26.24	31.66	101.6
27/06/2018 2:11:00 PM	3612917460	1013.00	27.92	31.66	86.6	27.17	31.66	93.0	27.22	31.66	92.5	26.23	31.66	101.7
27/06/2018 2:11:01 PM	3612917461	1013.00	27.93	31.65	86.6	27.14	31.65	93.2	27.22	31.65	92.5	26.29	31.65	101.1
27/06/2018 2:11:02 PM	3612917462	1013.00	27.89	31.65	86.9	27.10	31.65	93.6	27.23	31.65	92.4	26.25	31.65	101.5
27/06/2018 2:11:03 PM	3612917463	1013.00	27.92	31.65	86.6	27.14	31.65	93.2	27.19	31.65	92.8	26.25	31.65	101.5
27/06/2018 2:11:04 PM	3612917464	1013.00	27.91	31.66	86.7	27.14	31.66	93.2	27.22	31.66	92.5	26.27	31.66	101.3
27/06/2018 2:11:05 PM	3612917465	1013.00	27.91	31.66	86.7	27.18	31.66	92.9	27.22	31.66	92.5	26.27	31.66	101.3
27/06/2018 2:11:06 PM	3612917466	1013.00	27.96	31.66	86.3	27.22	31.66	92.5	27.25	31.66	92.3	26.28	31.66	101.2
27/06/2018 2:11:07 PM	3612917467	1013.00	27.98	31.66	86.2	27.20	31.66	92.7	27.25	31.66	92.3	26.27	31.66	101.3
27/06/2018 2:11:08 PM	3612917468	1013.00	27.94	31.66	86.5	27.16	31.66	93.0	27.25	31.66	92.3	26.24	31.66	101.6
27/06/2018 2:11:09 PM	3612917469	1013.00	27.96	31.66	86.3	27.12	31.66	93.4	27.20	31.66	92.7	26.24	31.66	101.6
27/06/2018 2:11:10 PM	3612917470	1013.00	27.98	31.67	86.1	27.16	31.67	93.0	27.26	31.67	92.2	26.26	31.67	101.4
27/06/2018 2:11:11 PM	3612917471	1013.00	27.97	31.67	86.2	27.16	31.67	93.0	27.28	31.67	92.0	26.26	31.67	101.4
27/06/2018 2:11:12 PM	3612917472	1013.00	28.00	31.67	86.0	27.21	31.67	92.6	27.26	31.67	92.2	26.27	31.67	101.3
27/06/2018 2:11:13 PM	3612917473	1013.00	27.99	31.67	86.1	27.19	31.67	92.8	27.24	31.67	92.3	26.28	31.67	101.2
27/06/2018 2:11:14 PM	3612917474	1013.00	28.00	31.67	86.0	27.19	31.67	92.8	27.28	31.67	92.0	26.25	31.67	101.5
27/06/2018 2:11:15 PM	3612917475	1013.00	27.98	31.68	86.1	27.19	31.68	92.8	27.27	31.68	92.1	26.28	31.68	101.2
27/06/2018 2:11:16 PM	3612917476	1013.00	28.00	31.67	86.0	27.20	31.67	92.7	27.24	31.67	92.3	26.28	31.67	101.2
27/06/2018 2:11:17 PM	3612917477	1013.00	28.00	31.68	86.0	27.19	31.68	92.8	27.30	31.68	91.8	26.29	31.68	101.1
27/06/2018 2:11:18 PM	3612917478	1013.00	27.99	31.69	86.0	27.21	31.69	92.6	27.27	31.69	92.0	26.25	31.69	101.5
27/06/2018 2:11:19 PM	3612917479	1013.00	28.01	31.69	85.9	27.20	31.69	92.6	27.26	31.69	92.1	26.27	31.69	101.3
27/06/2018 2:11:20 PM	3612917480	1013.00	27.98	31.68	86.1	27.19	31.68	92.8	27.29	31.68	91.9	26.26	31.68	101.4
27/06/2018 2:11:21 PM	3612917481	1013.00	28.03	31.69	85.7	27.24	31.69	92.3	27.27	31.69	92.0	26.26	31.69	101.4
27/06/2018 2:11:22 PM	3612917482	1013.00	28.00	31.69	85.9	27.22	31.69	92.5	27.27	31.69	92.0	26.25	31.69	101.5
27/06/2018 2:11:23 PM	3612917483	1013.00	28.00	31.70	85.9	27.23	31.70	92.4	27.29	31.70	91.8	26.27	31.70	101.3
27/06/2018 2:11:24 PM	3612917484	1013.00	28.01	31.71	85.8	27.19	31.71	92.7	27.30	31.71	91.7	26.27	31.71	101.2
27/06/2018 2:11:25 PM	3612917485	1013.00	28.02	31.71	85.8	27.21	31.71	92.5	27.28	31.71	91.9	26.25	31.71	101.4
27/06/2018 2:11:26 PM	3612917486	1013.00	28.02	31.70	85.8	27.19	31.70	92.7	27.29	31.70	91.8	26.25	31.70	101.5
27/06/2018 2:11:27 PM	3612917487	1013.00	28.03	31.70	85.7	27.20	31.70	92.6	27.28	31.70	91.9	26.28	31.70	101.2
27/06/2018 2:11:28 PM	3612917488	1013.00	28.04	31.69	85.6	27.17	31.69	92.9	27.21	31.69	92.6	26.26	31.69	101.4
27/06/2018 2:11:29 PM	3612917489	1013.00	28.04	31.69	85.6	27.20	31.69	92.6	27.29	31.69	91.9	26.25	31.69	101.5
27/06/2018 2:11:30 PM	3612917490	1013.00	28.05	31.69	85.5	27.16	31.69	93.0	27.30	31.69	91.8	26.28	31.69	101.2
27/06/2018 2:11:31 PM	3612917491	1013.00	28.05	31.69	85.5	27.26	31.69	92.1	27.30	31.69	91.8	26.27	31.69	101.3
27/06/2018 2:11:32 PM	3612917492	1013.00	28.08	31.70	85.3	27.27	31.70	92.0	27.31	31.70	91.7	26.24	31.70	101.5
27/06/2018 2:11:33 PM	3612917493	1013.00	28.05	31.69	85.5	27.21	31.69	92.6	27.28	31.69	92.0	26.28	31.69	101.2
27/06/2018 2:11:34 PM	3612917494	1013.00	28.06	31.68	85.5	27.21	31.68	92.6	27.27	31.68	92.1	26.26	31.68	101.4
27/06/2018 2:11:35 PM	3612917495	1013.00	28.07	31.68	85.4	27.24	31.68	92.3	27.31	31.68	91.7	26.27	31.68	101.3
27/06/2018 2:11:36 PM	3612917496	1013.00	28.08	31.68	85.3	27.29	31.68	91.9	27.33	31.68	91.5	26.29	31.68	101.1
27/06/2018 2:11:37 PM	3612917497	1013.00	28.05	31.67	85.6	27.26	31.67	92.2	27.34	31.67	91.5	26.26	31.67	101.4
27/06/2018 2:11:38 PM	3612917498	1013.00	28.09	31.67	85.3	27.26	31.67	92.2	27.29	31.67	91.9	26.26	31.67	101.4
27/06/2018 2:11:39 PM	3612917499	1013.00	28.06	31.68	85.5	27.30	31.68	91.8	27.34	31.68	91.4	26.24	31.68	101.6
27/06/2018 2:11:40 PM	3612917500	1013.00	28.08	31.69	85.3	27.27	31.69	92.0	27.30	31.69	91.8	26.29	31.69	101.1
27/06/2018 2:11:41 PM	3612917501	1013.00	28.05	31.68	85.6	27.27	31.68	92.1	27.34	31.68	91.4	26.28	31.68	101.2
27/06/2018 2:11:42 PM	3612917502	1013.00	28.08	31.69	85.3	27.21	31.69	92.6	27.32	31.69	91.6	26.28	31.69	101.2
27/06/2018 2:11:43 PM	3612917503	1013.00	28.08	31.70	85.3	27.28	31.70	91.9	27.30	31.70	91.8	26.28	31.70	101.2
27/06/2018 2:11:44 PM	3612917504	1013.00	28.07	31.69	85.4	27.28	31.69	92.0	27.30	31.69	91.8	26.26	31.69	101.4
27/06/2018 2:11:45 PM	3612917505	1013.00	28.07	31.69	85.4	27.24	31.69	92.3	27.36	31.69	91.3	26.27	31.69	101.3
27/06/2018 2:11:46 PM	3612917506	1013.00	28.07	31.70	85.4	27.19	31.70	92.7	27.35	31.70	91.3	26.28	31.70	101.2
27/06/2018 2:11:47 PM	3612917507	1013.00	28.09	31.70	85.2	27.24	31.70	92.3	27.32	31.70	91.6	26.28	31.70	101.2
27/06/2018 2:11:48 PM	3612917508	1013.00	28.09	31.70	85.2	27.27	31.70	92.0	27.30	31.70	91.8	26.25	31.70	101.5
27/06/2018 2:11:49 PM	3612917509	1013.00	28.10	31.70	85.1	27.29	31.70	91.8	27.35	31.70	91.3	26.25	31.70	101.5
27/06/2018 2:11:50 PM	3612917510	1013.00	28.09	31.69	85.2	27.30	31.69	91.8	27.32	31.69	91.6	26.27	31.69	101.3
27/06/2018 2:11:51 PM	3612917511	1013.00	28.10	31.69	85.2	27.32	31.69	91.6	27.34	31.69	91.4	26.24	31.69	101.6
27/06/2018 2:11:52 PM	3612917512	1013.00	28.10	31.69	85.2	27.32	31.69	91.6	27.38	31.69	91.1	26.25	31.69	101.5
27/06/2018 2:11:53 PM	3612917513	1013.00	28.08	31.69	85.3	27.25	31.69	92.2	27.33	31.69	91.5	26.25	31.69	101.5
27/06/2018 2:11:54 PM	3612917514	1013.00	28.09	31.70	85.2	27.31	31.70	91.7	27.33	31.70	91.5	26.26	31.70	101.4
27/06/2018 2:11:55 PM	3612917515	1013.00	28.10	31.70	85.1	27.31	31.70	91.7	27.37	31.70	91.2	26.24	31.70	101.5
27/06/2018 2:11:56 PM	3612917516	1013.00	28.12	31.70	85.0	27.26	31.70	92.1	27.36	31.70	91.2	26.27	31.70	101.3
27/06/2018 2:11:57 PM	3612917517	1013.00	28.11	31.70	85.1	27.28	31.70	91.9	27.35	31.70	91.3	26.26	31.70	101.4
27/06/2018 2:11:58 PM	3612917518	1013.00	28.12	31.70	85.0	27.28	31.70	91.9	27.35	31.70	91.3	26.23	31.70	101.6
27/06/2018 2:11:59 PM	3612917519	1013.00	28.13	31.70	84.9	27.27	31.70	92.0	27.34	31.70	91.4	26.27	31.70	101.3
27/06/2018 2:12:00 PM	3612917520	1013.00	28.10	31.70	85.1	27.32	31.70	91.6	27.38	31.70	91.1	26.30	31.70	101.0
27/06/2018 2:12:01 PM	3612917521	1013.00	28.10	31.70	85.1	27.33	31.70	91.5	27.37	31.70	91.2	26.27	31.70	101.3
27/06/2018 2:12:02 PM	3612917522	1013.00	28.10	31.70	85.1	27.24	31.70	92.3	27.37	31.70	91.2	26.26	31.70	101.4
27/06/2018 2:12:03 PM	3612917523	1013.00	28.10	31.69	85.2	27.29	31.69	91.9	27.33	31.69	91.5	26.28	31.69	101.2
27/06/2018 2:12:04 PM	3612917524	1013.00	28.12	31.69	85.0	27.26	31.69	92.1	27.35	31.69	91.3	26.27	31.69	101.3
27/06/2018 2:12:05 PM	3612917525	1013.00	28.14	31.69	84.8	27.32	31.69	91.6	27.30	31.69	91.8	26.29	31.69	101.1
27/06/2018 2:12:06 PM	3612917526	1013.00	28.12	31.69	85.0	27.36	31.69	91.3	27.37	31.69	91.2	26.24	31.69	101.6
27/06/2018 2:12:07 PM	3612917527	1013.00	28.12	31.69	85.0	27.35	31.69	91.3	27.35	31.69	91.3	26.27	31.69	101.3
27/06/2018 2:12:08 PM	3612917528	1013.00	28.12	31.69	85.0	27.40	31.69	90.9	27.34	31.69	91.4	26.27	31.69	101.3
27/06/2018 2:12:09 PM	3612917529	1013.00	28.15	31.69	84.8	27.38	31.69	91.1	27.36	31.69	91.3	26.27	31.69	101.3
27/06/2018 2:12:10 PM	3612917530	1013.00	28.11	31.69	85.1	27.37	31.69	91.2	27.32	31.69	91.6	26.28	31.69	101.2
27/06/2018 2:12:11 PM	3612917531	1013.00	28.14	31.69	84.8	27.40	31.69	90.9	27.35	31.69	91.3	26.25	31.69	101.5
27/06/2018 2:12:12 PM	3612917532	1013.00	28.14	31.69	84.8	27.36	31.69	91.3	27.36	31.69	91.3	26.26	31.69	101.4
27/06/2018 2:12:13 PM	3612917533	1013.00	28.15	31.69	84.8	27.37	31.69	91.2	27.35	31.69	91.3	26.30	31.69	101.0
27/06/2018 2:12:14 PM	3612917534	1013.00	28.14	31.69	84.8	27.37	31.69	91.2	27.36	31.69	91.3	26.27	31.69	101.3
27/06/2018 2:12:15 PM	3612917535	1013.00	28.15	31.69	84.8	27.45	31.69	90.5	27.39	31.69	91.0	26.27	31.69	101.3
27/06/2018 2:12:16 PM	3612917536	1013.00	28.18	31.69	84.5	27.35	31.69	91.3	27.37	31.69	91.2	26.27	31.69	101.3
27/06/2018 2:12:17 PM	3612917537	1013.00	28.16	31.69	84.7	27.40	31.69	90.9	27.36	31.69	91.3	26.23	31.69	101.7
27/06/2018 2:12:18 PM	3612917538	1013.00	28.17	31.68	84.6	27.39	31.68	91.0	27.36	31.68	91.3	26.28	31.68	101.2
27/06/2018 2:12:19 PM	3612917539	1013.00	28.18	31.68	84.5	27.44	31.68	90.6	27.36	31.68	91.3	26.28	31.68	101.2
27/06/2018 2:12:20 PM	3612917540	1013.00	28.18	31.68	84.5	27.37	31.68	91.2	27.38	31.68	91.1	26.27	31.68	101.3
27/06/2018 2:12:21 PM	3612917541	1013.00	28.18	31.68	84.5	27.43	31.68	90.7	27.41	31.68	90.8	26.29	31.68	101.1
27/06/2018 2:12:22 PM	3612917542	1013.00	28.19	31.68	84.5	27.42	31.68	90.8	27.40	31.68	90.9	26.25	31.68	101.5
27/06/2018 2:12:23 PM	3612917543	1013.00	28.18	31.68	84.5	27.39	31.68	91.0	27.41	31.68	90.8	26.26	31.68	101.4
27/06/2018 2:12:24 PM	3612917544	1013.00	28.23	31.69	84.1	27.41	31.69	90.8	27.41	31.69	90.8	26.27	31.69	101.3
27/06/2018 2:12:25 PM	3612917545	1013.00	28.22	31.69	84.2	27.39	31.69	91.0	27.38	31.69	91.1	26.27	31.69	101.3
27/06/2018 2:12:26 PM	3612917546	1013.00	28.23	31.70	84.1	27.41	31.70	90.8	27.42	31.70	90.7	26.28	31.70	101.2
27/06/2018 2:12:27 PM	3612917547	1013.00	28.22	31.70	84.2	27.43	31.70	90.6	27.42	31.70	90.7	26.27	31.70	101.3
27/06/2018 2:12:28 PM	3612917548	1013.00	28.23	31.69	84.1	27.40	31.69	90.9	27.39	31.69	91.0	26.26	31.69	101.4
27/06/2018 2:12:29 PM	3612917549	1013.00	28.23	31.69	84.1	27.48	31.69	90.2	27.40	31.69	90.9	26.27	31.69	101.3
27/06/2018 2:12:30 PM	3612917550	1013.00	28.24	31.70	84.0	27.36	31.70	91.2	27.44	31.70	90.6	26.29	31.70	101.1
27/06/2018 2:12:31 PM	3612917551	1013.00	28.27	31.69	83.8	27.44	31.69	90.6	27.43	31.69	90.7	26.29	31.69	101.1
27/06/2018 2:12:32 PM	3612917552	1013.00	28.25	31.69	84.0	27.41	31.69	90.8	27.42	31.69	90.7	26.28	31.69	101.2
27/06/2018 2:12:33 PM	3612917553	1013.00	28.27	31.69	83.8	27.40	31.69	90.9	27.43	31.69	90.7	26.27	31.69	101.3
27/06/2018 2:12:34 PM	3612917554	1013.00	28.25	31.70	84.0	27.45	31.70	90.5	27.48	31.70	90.2	26.26	31.70	101.4
27/06/2018 2:12:35 PM	3612917555	1013.00	28.28	31.70	83.7	27.43	31.70	90.6	27.43	31.70	90.6	26.28	31.70	101.2
27/06/2018 2:12:36 PM	3612917556	1013.00	28.29	31.70	83.7	27.42	31.70	90.7	27.44	31.70	90.6	26.26	31.70	101.4
27/06/2018 2:12:37 PM	3612917557	1013.00	28.27	31.71	83.8	27.41	31.71	90.8	27.44	31.71	90.5	26.27	31.71	101.2
27/06/2018 2:12:38 PM	3612917558	1013.00	28.27	31.72	83.8	27.40	31.72	90.9	27.44	31.72	90.5	26.29	31.72	101.0
27/06/2018 2:12:39 PM	3612917559	1013.00	28.26	31.71	83.9	27.43	31.71	90.6	27.44	31.71	90.5	26.29	31.71	101.0
27/06/2018 2:12:40 PM	3612917560	1013.00	28.29	31.71	83.6	27.46	31.71	90.4	27.46	31.71	90.4	26.31	31.71	100.8
27/06/2018 2:12:41 PM	3612917561	1013.00	28.31	31.71	83.5	27.45	31.71	90.5	27.44	31.71	90.5	26.28	31.71	101.1
27/06/2018 2:12:42 PM	3612917562	1013.00	28.33	31.70	83.3	27.46	31.70	90.4	27.44	31.70	90.6	26.28	31.70	101.2
27/06/2018 2:12:43 PM	3612917563	1013.00	28.34	31.70	83.3	27.47	31.70	90.3	27.48	31.70	90.2	26.28	31.70	101.2
27/06/2018 2:12:44 PM	3612917564	1013.00	28.33	31.70	83.3	27.41	31.70	90.8	27.47	31.70	90.3	26.27	31.70	101.3
27/06/2018 2:12:45 PM	3612917565	1013.00	28.35	31.70	83.2	27.45	31.70	90.5	27.43	31.70	90.6	26.28	31.70	101.2
27/06/2018 2:12:46 PM	3612917566	1013.00	28.33	31.70	83.3	27.46	31.70	90.4	27.46	31.70	90.4	26.28	31.70	101.2
27/06/2018 2:12:47 PM	3612917567	1013.00	28.33	31.70	83.3	27.48	31.70	90.2	27.46	31.70	90.4	26.28	31.70	101.2
27/06/2018 2:12:48 PM	3612917568	1013.00	28.33	31.70	83.3	27.45	31.70	90.5	27.47	31.70	90.3	26.26	31.70	101.4
27/06/2018 2:12:49 PM	3612917569	1013.00	28.33	31.70	83.3	27.43	31.70	90.6	27.44	31.70	90.6	26.30	31.70	101.0
27/06/2018 2:12:50 PM	3612917570	1013.00	28.33	31.69	83.4	27.48	31.69	90.2	27.45	31.69	90.5	26.28	31.69	101.2
27/06/2018 2:12:51 PM	3612917571	1013.00	28.35	31.69	83.2	27.48	31.69	90.2	27.46	31.69	90.4	26.27	31.69	101.3
27/06/2018 2:12:52 PM	3612917572	1013.00	28.37	31.69	83.1	27.44	31.69	90.6	27.50	31.69	90.1	26.28	31.69	101.2
27/06/2018 2:12:53 PM	3612917573	1013.00	28.37	31.68	83.1	27.42	31.68	90.8	27.50	31.68	90.1	26.31	31.68	100.9
27/06/2018 2:12:54 PM	3612917574	1013.00	28.35	31.68	83.2	27.49	31.68	90.2	27.48	31.68	90.2	26.27	31.68	101.3
27/06/2018 2:12:55 PM	3612917575	1013.00	28.36	31.69	83.1	27.47	31.69	90.3	27.49	31.69	90.1	26.27	31.69	101.3
27/06/2018 2:12:56 PM	3612917576	1013.00	28.37	31.69	83.1	27.49	31.69	90.1	27.50	31.69	90.1	26.29	31.69	101.1
27/06/2018 2:12:57 PM	3612917577	1013.00	28.37	31.70	83.0	27.48	31.70	90.2	27.54	31.70	89.7	26.26	31.70	101.4
27/06/2018 2:12:58 PM	3612917578	1013.00	28.38	31.70	83.0	27.46	31.70	90.4	27.49	31.70	90.1	26.27	31.70	101.3
27/06/2018 2:12:59 PM	3612917579	1013.00	28.38	31.70	83.0	27.51	31.70	90.0	27.47	31.70	90.3	26.30	31.70	101.0
27/06/2018 2:13:00 PM	3612917580	1013.00	28.40	31.70	82.8	27.48	31.70	90.2	27.48	31.70	90.2	26.29	31.70	101.1
27/06/2018 2:13:01 PM	3612917581	1013.00	28.40	31.69	82.8	27.45	31.69	90.5	27.49	31.69	90.1	26.24	31.69	101.6
27/06/2018 2:13:02 PM	3612917582	1013.00	28.41	31.69	82.7	27.51	31.69	90.0	27.52	31.69	89.9	26.26	31.69	101.4
27/06/2018 2:13:03 PM	3612917583	1013.00	28.39	31.69	82.9	27.48	31.69	90.2	27.51	31.69	90.0	26.27	31.69	101.3
27/06/2018 2:13:04 PM	3612917584	1013.00	28.41	31.68	82.8	27.56	31.68	89.6	27.57	31.68	89.5	26.27	31.68	101.3
27/06/2018 2:13:05 PM	3612917585	1013.00	28.42	31.68	82.7	27.52	31.68	89.9	27.51	31.68	90.0	26.25	31.68	101.5
27/06/2018 2:13:06 PM	3612917586	1013.00	28.43	31.68	82.6	27.51	31.68	90.0	27.52	31.68	89.9	26.29	31.68	101.1
27/06/2018 2:13:07 PM	3612917587	1013.00	28.42	31.68	82.7	27.52	31.68	89.9	27.52	31.68	89.9	26.28	31.68	101.2
27/06/2018 2:13:08 PM	3612917588	1013.00	28.45	31.69	82.4	27.52	31.69	89.9	27.51	31.69	90.0	26.29	31.69	101.1
27/06/2018 2:13:09 PM	3612917589	1013.00	28.46	31.70	82.4	27.54	31.70	89.7	27.54	31.70	89.7	26.26	31.70	101.4
27/06/2018 2:13:10 PM	3612917590	1013.00	28.44	31.70	82.5	27.54	31.70	89.7	27.51	31.70	90.0	26.29	31.70	101.1
27/06/2018 2:13:11 PM	3612917591	1013.00	28.45	31.71	82.4	27.51	31.71	89.9	27.57	31.71	89.4	26.29	31.71	101.0
27/06/2018 2:13:12 PM	3612917592	1013.00	28.46	31.70	82.4	27.50	31.70	90.0	27.53	31.70	89.8	26.27	31.70	101.3
27/06/2018 2:13:13 PM	3612917593	1013.00	28.44	31.69	82.5	27.57	31.69	89.5	27.51	31.69	90.0	26.31	31.69	100.9
27/06/2018 2:13:14 PM	3612917594	1013.00	28.47	31.70	82.3	27.51	31.70	90.0	27.52	31.70	89.9	26.29	31.70	101.1
27/06/2018 2:13:15 PM	3612917595	1013.00	28.48	31.69	82.2	27.54	31.69	89.7	27.54	31.69	89.7	26.29	31.69	101.1
27/06/2018 2:13:16 PM	3612917596	1013.00	28.46	31.68	82.4	27.52	31.68	89.9	27.55	31.68	89.7	26.28	31.68	101.2
27/06/2018 2:13:17 PM	3612917597	1013.00	28.46	31.69	82.4	27.57	31.69	89.5	27.53	31.69	89.8	26.26	31.69	101.4
27/06/2018 2:13:18 PM	3612917598	1013.00	28.47	31.69	82.3	27.56	31.69	89.6	27.56	31.69	89.6	26.28	31.69	101.2
27/06/2018 2:13:19 PM	3612917599	1013.00	28.46	31.68	82.4	27.50	31.68	90.1	27.54	31.68	89.7	26.26	31.68	101.4
27/06/2018 2:13:20 PM	3612917600	1013.00	28.47	31.68	82.3	27.55	31.68	89.7	27.55	31.68	89.7	26.26	31.68	101.4
27/06/2018 2:13:21 PM	3612917601	1013.00	28.46	31.69	82.4	27.57	31.69	89.5	27.53	31.69	89.8	26.31	31.69	100.9
27/06/2018 2:13:22 PM	3612917602	1013.00	28.45	31.68	82.5	27.54	31.68	89.7	27.52	31.68	89.9	26.26	31.68	101.4
27/06/2018 2:13:23 PM	3612917603	1013.00	28.43	31.68	82.6	27.48	31.68	90.2	27.58	31.68	89.4	26.27	31.68	101.3
27/06/2018 2:13:24 PM	3612917604	1013.00	28.47	31.69	82.3	27.58	31.69	89.4	27.53	31.69	89.8	26.26	31.69	101.4
27/06/2018 2:13:25 PM	3612917605	1013.00	28.45	31.68	82.5	27.60	31.68	89.2	27.56	31.68	89.6	26.26	31.68	101.4
27/06/2018 2:13:26 PM	3612917606	1013.00	28.44	31.67	82.5	27.52	31.67	89.9	27.58	31.67	89.4	26.27	31.67	101.3
27/06/2018 2:13:27 PM	3612917607	1013.00	28.46	31.67	82.4	27.56	31.67	89.6	27.59	31.67	89.3	26.30	31.67	101.0
27/06/2018 2:13:28 PM	3612917608	1013.00	28.48	31.67	82.2	27.58	31.67	89.4	27.55	31.67	89.7	26.25	31.67	101.5
27/06/2018 2:13:29 PM	3612917609	1013.00	28.45	31.67	82.5	27.56	31.67	89.6	27.58	31.67	89.4	26.26	31.67	101.4
27/06/2018 2:13:30 PM	3612917610	1013.00	28.49	31.67	82.2	27.51	31.67	90.0	27.55	31.67	89.7	26.29	31.67	101.1
27/06/2018 2:13:31 PM	3612917611	1013.00	28.48	31.68	82.2	27.56	31.68	89.6	27.58	31.68	89.4	26.26	31.68	101.4
27/06/2018 2:13:32 PM	3612917612	1013.00	28.50	31.68	82.1	27.57	31.68	89.5	27.60	31.68	89.2	26.30	31.68	101.0
27/06/2018 2:13:33 PM	3612917613	1013.00	28.49	31.69	82.1	27.55	31.69	89.6	27.63	31.69	89.0	26.29	31.69	101.1
27/06/2018 2:13:34 PM	3612917614	1013.00	28.49	31.68	82.2	27.56	31.68	89.6	27.58	31.68	89.4	26.29	31.68	101.1
27/06/2018 2:13:35 PM	3612917615	1013.00	28.51	31.68	82.0	27.58	31.68	89.4	27.58	31.68	89.4	26.27	31.68	101.3
27/06/2018 2:13:36 PM	3612917616	1013.00	28.51	31.68	82.0	27.57	31.68	89.5	27.61	31.68	89.2	26.26	31.68	101.4
27/06/2018 2:13:37 PM	3612917617	1013.00	28.52	31.67	81.9	27.63	31.67	89.0	27.59	31.67	89.3	26.28	31.67	101.2
27/06/2018 2:13:38 PM	3612917618	1013.00	28.49	31.66	82.2	27.54	31.66	89.8	27.62	31.66	89.1	26.30	31.66	101.0
27/06/2018 2:13:39 PM	3612917619	1013.00	28.54	31.67	81.8	27.61	31.67	89.2	27.58	31.67	89.4	26.32	31.67	100.8
27/06/2018 2:13:40 PM	3612917620	1013.00	28.53	31.66	81.9	27.56	31.66	89.6	27.55	31.66	89.7	26.30	31.66	101.0
27/06/2018 2:13:41 PM	3612917621	1013.00	28.51	31.67	82.0	27.57	31.67	89.5	27.62	31.67	89.1	26.28	31.67	101.2
27/06/2018 2:13:42 PM	3612917622	1013.00	28.54	31.67	81.8	27.57	31.67	89.5	27.59	31.67	89.3	26.28	31.67	101.2
27/06/2018 2:13:43 PM	3612917623	1013.00	28.54	31.67	81.8	27.55	31.67	89.7	27.63	31.67	89.0	26.30	31.67	101.0
27/06/2018 2:13:44 PM	3612917624	1013.00	28.57	31.67	81.6	27.59	31.67	89.3	27.61	31.67	89.2	26.29	31.67	101.1
27/06/2018 2:13:45 PM	3612917625	1013.00	28.56	31.67	81.6	27.58	31.67	89.4	27.60	31.67	89.3	26.28	31.67	101.2
27/06/2018 2:13:46 PM	3612917626	1013.00	28.58	31.67	81.5	27.55	31.67	89.7	27.60	31.67	89.3	26.28	31.67	101.2
27/06/2018 2:13:47 PM	3612917627	1013.00	28.59	31.68	81.4	27.61	31.68	89.2	27.61	31.68	89.2	26.29	31.68	101.1
27/06/2018 2:13:48 PM	3612917628	1013.00	28.59	31.67	81.4	27.62	31.67	89.1	27.60	31.67	89.3	26.29	31.67	101.1
27/06/2018 2:13:49 PM	3612917629	1013.00	28.56	31.67	81.6	27.57	31.67	89.5	27.61	31.67	89.2	26.30	31.67	101.0
27/06/2018 2:13:50 PM	3612917630	1013.00	28.57	31.67	81.6	27.62	31.67	89.1	27.61	31.67	89.2	26.30	31.67	101.0
27/06/2018 2:13:51 PM	3612917631	1013.00	28.58	31.66	81.5	27.59	31.66	89.3	27.61	31.66	89.2	26.29	31.66	101.1
27/06/2018 2:13:52 PM	3612917632	1013.00	28.58	31.66	81.5	27.55	31.66	89.7	27.66	31.66	88.8	26.27	31.66	101.3
27/06/2018 2:13:53 PM	3612917633	1013.00	28.60	31.67	81.3	27.62	31.67	89.1	27.58	31.67	89.4	26.32	31.67	100.8
27/06/2018 2:13:54 PM	3612917634	1013.00	28.62	31.67	81.2	27.59	31.67	89.3	27.61	31.67	89.2	26.29	31.67	101.1
27/06/2018 2:13:55 PM	3612917635	1013.00	28.60	31.68	81.3	27.62	31.68	89.1	27.65	31.68	88.8	26.30	31.68	101.0
27/06/2018 2:13:56 PM	3612917636	1013.00	28.61	31.67	81.3	27.64	31.67	88.9	27.68	31.67	88.6	26.32	31.67	100.8
27/06/2018 2:13:57 PM	3612917637	1013.00	28.63	31.67	81.1	27.65	31.67	88.8	27.67	31.67	88.7	26.33	31.67	100.7
27/06/2018 2:13:58 PM	3612917638	1013.00	28.63	31.67	81.1	27.64	31.67	88.9	27.65	31.67	88.8	26.28	31.67	101.2
27/06/2018 2:13:59 PM	3612917639	1013.00	28.60	31.66	81.4	27.63	31.66	89.0	27.65	31.66	88.8	26.29	31.66	101.1
27/06/2018 2:14:00 PM	3612917640	1013.00	28.62	31.65	81.2	27.65	31.65	88.9	27.65	31.65	88.9	26.26	31.65	101.4
27/06/2018 2:14:01 PM	3612917641	1013.00	28.60	31.66	81.4	27.66	31.66	88.8	27.66	31.66	88.8	26.29	31.66	101.1
27/06/2018 2:14:02 PM	3612917642	1013.00	28.62	31.65	81.2	27.62	31.65	89.1	27.67	31.65	88.7	26.27	31.65	101.3
27/06/2018 2:14:03 PM	3612917643	1013.00	28.64	31.65	81.1	27.67	31.65	88.7	27.68	31.65	88.6	26.27	31.65	101.3
27/06/2018 2:14:04 PM	3612917644	1013.00	28.65	31.66	81.0	27.62	31.66	89.1	27.66	31.66	88.8	26.29	31.66	101.1
27/06/2018 2:14:05 PM	3612917645	1013.00	28.63	31.66	81.1	27.64	31.66	88.9	27.67	31.66	88.7	26.27	31.66	101.3
27/06/2018 2:14:06 PM	3612917646	1013.00	28.61	31.67	81.3	27.68	31.67	88.6	27.66	31.67	88.8	26.30	31.67	101.0
27/06/2018 2:14:07 PM	3612917647	1013.00	28.62	31.66	81.2	27.61	31.66	89.2	27.67	31.66	88.7	26.30	31.66	101.0
27/06/2018 2:14:08 PM	3612917648	1013.00	28.66	31.66	80.9	27.64	31.66	88.9	27.66	31.66	88.8	26.28	31.66	101.2
27/06/2018 2:14:09 PM	3612917649	1013.00	28.66	31.67	80.9	27.70	31.67	88.4	27.69	31.67	88.5	26.28	31.67	101.2
27/06/2018 2:14:10 PM	3612917650	1013.00	28.68	31.67	80.7	27.68	31.67	88.6	27.69	31.67	88.5	26.29	31.67	101.1
