Date & time of file creation	20/06/2018 2:16 PM													
Data file path	C:\Users\ameli\Desktop\Diego Barneche\20_06_2018\32_C_old_witrox_13.txt													
														
														
CALIBRATION DATA														
Parameter/Channel	N moving average	LO phase [r.U.]	HI phase [r.U.]	LO oxygen [%air saturation]	HI oxygen [%air saturation]	LO temperature [°C]	HI temperature [°C]	Salinity [‰]						
S WOT 0041 000001   , CH 1	1	59.71	27.51	0.00	100.00	26.13	26.14	0.000						
S WOT 0041 000001   , CH 2	1	59.71	27.51	0.00	100.00	26.13	26.14	0.000						
S WOT 0041 000001   , CH 3	1	59.71	27.51	0.00	100.00	26.13	26.14	0.000						
S WOT 0041 000001   , CH 4	1	59.71	27.51	0.00	100.00	26.13	26.14	0.000						
														
														
Date &Time [DD-MM-YYYY HH:MM:SS]	Time stamp code	Barometric pressure [hPa]	S WOT 0041 000001   , CH 1 phase [r.U.]	S WOT 0041 000001   , CH 1 temp [°C]	S WOT 0041 000001   , CH 1 O2 [% air saturation]	S WOT 0041 000001   , CH 2 phase [r.U.]	S WOT 0041 000001   , CH 2 temp [°C]	S WOT 0041 000001   , CH 2 O2 [% air saturation]	S WOT 0041 000001   , CH 3 phase [r.U.]	S WOT 0041 000001   , CH 3 temp [°C]	S WOT 0041 000001   , CH 3 O2 [% air saturation]	S WOT 0041 000001   , CH 4 phase [r.U.]	S WOT 0041 000001   , CH 4 temp [°C]	S WOT 0041 000001   , CH 4 O2 [% air saturation]
20/06/2018 2:16:41 PM	3612313001	1013.00	26.44	32.34	99.5	26.33	32.34	100.6	26.24	32.34	101.5	26.21	32.34	101.8
20/06/2018 2:16:42 PM	3612313002	1013.00	26.44	32.34	99.5	26.39	32.34	100.0	26.20	32.34	101.9	26.21	32.34	101.8
20/06/2018 2:16:43 PM	3612313003	1013.00	26.41	32.34	99.8	26.37	32.34	100.2	26.23	32.34	101.6	26.23	32.34	101.6
20/06/2018 2:16:44 PM	3612313004	1013.00	26.39	32.34	100.0	26.40	32.34	99.9	26.21	32.34	101.8	26.20	32.34	101.9
20/06/2018 2:16:45 PM	3612313005	1013.00	26.42	32.34	99.7	26.39	32.34	100.0	26.23	32.34	101.6	26.22	32.34	101.7
20/06/2018 2:16:46 PM	3612313006	1013.00	26.44	32.35	99.5	26.37	32.35	100.2	26.25	32.35	101.4	26.20	32.35	101.9
20/06/2018 2:16:47 PM	3612313007	1013.00	26.41	32.35	99.8	26.36	32.35	100.3	26.28	32.35	101.1	26.21	32.35	101.8
20/06/2018 2:16:48 PM	3612313008	1013.00	26.44	32.35	99.5	26.40	32.35	99.9	26.28	32.35	101.1	26.23	32.35	101.6
20/06/2018 2:16:49 PM	3612313009	1013.00	26.42	32.35	99.7	26.38	32.35	100.1	26.30	32.35	100.9	26.24	32.35	101.5
20/06/2018 2:16:50 PM	3612313010	1013.00	26.43	32.36	99.6	26.40	32.36	99.9	26.23	32.36	101.6	26.21	32.36	101.7
20/06/2018 2:16:51 PM	3612313011	1013.00	26.43	32.36	99.6	26.40	32.36	99.9	26.24	32.36	101.5	26.22	32.36	101.6
20/06/2018 2:16:52 PM	3612313012	1013.00	26.45	32.36	99.4	26.41	32.36	99.8	26.28	32.36	101.1	26.20	32.36	101.8
20/06/2018 2:16:53 PM	3612313013	1013.00	26.46	32.36	99.3	26.41	32.36	99.8	26.25	32.36	101.4	26.24	32.36	101.5
20/06/2018 2:16:54 PM	3612313014	1013.00	26.41	32.35	99.8	26.42	32.35	99.7	26.27	32.35	101.2	26.25	32.35	101.4
20/06/2018 2:16:55 PM	3612313015	1013.00	26.41	32.36	99.8	26.44	32.36	99.5	26.25	32.36	101.4	26.23	32.36	101.6
20/06/2018 2:16:56 PM	3612313016	1013.00	26.41	32.36	99.8	26.40	32.36	99.9	26.23	32.36	101.6	26.19	32.36	101.9
20/06/2018 2:16:57 PM	3612313017	1013.00	26.45	32.36	99.4	26.39	32.36	100.0	26.28	32.36	101.1	26.24	32.36	101.5
20/06/2018 2:16:58 PM	3612313018	1013.00	26.44	32.36	99.5	26.40	32.36	99.9	26.25	32.36	101.4	26.21	32.36	101.7
20/06/2018 2:16:59 PM	3612313019	1013.00	26.43	32.37	99.6	26.43	32.37	99.6	26.26	32.37	101.2	26.19	32.37	101.9
20/06/2018 2:17:00 PM	3612313020	1013.00	26.43	32.37	99.6	26.42	32.37	99.7	26.29	32.37	100.9	26.24	32.37	101.4
20/06/2018 2:17:01 PM	3612313021	1013.00	26.43	32.38	99.6	26.41	32.38	99.8	26.31	32.38	100.7	26.21	32.38	101.7
20/06/2018 2:17:02 PM	3612313022	1013.00	26.45	32.38	99.4	26.38	32.38	100.1	26.30	32.38	100.8	26.22	32.38	101.6
20/06/2018 2:17:03 PM	3612313023	1013.00	26.43	32.38	99.6	26.41	32.38	99.8	26.30	32.38	100.8	26.21	32.38	101.7
20/06/2018 2:17:04 PM	3612313024	1013.00	26.45	32.38	99.4	26.41	32.38	99.8	26.26	32.38	101.2	26.25	32.38	101.3
20/06/2018 2:17:05 PM	3612313025	1013.00	26.46	32.38	99.3	26.38	32.38	100.1	26.26	32.38	101.2	26.22	32.38	101.6
20/06/2018 2:17:06 PM	3612313026	1013.00	26.46	32.37	99.3	26.46	32.37	99.3	26.28	32.37	101.0	26.22	32.37	101.6
20/06/2018 2:17:07 PM	3612313027	1013.00	26.46	32.37	99.3	26.37	32.37	100.2	26.25	32.37	101.3	26.21	32.37	101.7
20/06/2018 2:17:08 PM	3612313028	1013.00	26.49	32.36	99.0	26.44	32.36	99.5	26.29	32.36	101.0	26.23	32.36	101.6
20/06/2018 2:17:09 PM	3612313029	1013.00	26.45	32.36	99.4	26.42	32.36	99.7	26.30	32.36	100.9	26.22	32.36	101.6
20/06/2018 2:17:10 PM	3612313030	1013.00	26.46	32.36	99.3	26.50	32.36	98.9	26.27	32.36	101.2	26.25	32.36	101.4
20/06/2018 2:17:11 PM	3612313031	1013.00	26.46	32.36	99.3	26.45	32.36	99.4	26.29	32.36	101.0	26.22	32.36	101.6
20/06/2018 2:17:12 PM	3612313032	1013.00	26.45	32.36	99.4	26.43	32.36	99.6	26.31	32.36	100.8	26.22	32.36	101.6
20/06/2018 2:17:13 PM	3612313033	1013.00	26.45	32.37	99.4	26.45	32.37	99.4	26.27	32.37	101.1	26.23	32.37	101.5
20/06/2018 2:17:14 PM	3612313034	1013.00	26.48	32.37	99.1	26.45	32.37	99.4	26.30	32.37	100.8	26.25	32.37	101.3
20/06/2018 2:17:15 PM	3612313035	1013.00	26.46	32.37	99.3	26.45	32.37	99.4	26.31	32.37	100.8	26.20	32.37	101.8
20/06/2018 2:17:16 PM	3612313036	1013.00	26.46	32.37	99.3	26.46	32.37	99.3	26.29	32.37	100.9	26.20	32.37	101.8
20/06/2018 2:17:17 PM	3612313037	1013.00	26.49	32.37	99.0	26.47	32.37	99.2	26.26	32.37	101.2	26.24	32.37	101.4
20/06/2018 2:17:18 PM	3612313038	1013.00	26.48	32.38	99.1	26.43	32.38	99.6	26.36	32.38	100.2	26.21	32.38	101.7
20/06/2018 2:17:19 PM	3612313039	1013.00	26.49	32.38	99.0	26.44	32.38	99.5	26.30	32.38	100.8	26.23	32.38	101.5
20/06/2018 2:17:20 PM	3612313040	1013.00	26.48	32.38	99.1	26.43	32.38	99.6	26.27	32.38	101.1	26.22	32.38	101.6
20/06/2018 2:17:21 PM	3612313041	1013.00	26.47	32.38	99.2	26.47	32.38	99.2	26.31	32.38	100.7	26.21	32.38	101.7
20/06/2018 2:17:22 PM	3612313042	1013.00	26.47	32.38	99.2	26.45	32.38	99.4	26.35	32.38	100.3	26.25	32.38	101.3
20/06/2018 2:17:23 PM	3612313043	1013.00	26.49	32.37	99.0	26.48	32.37	99.1	26.31	32.37	100.8	26.23	32.37	101.5
20/06/2018 2:17:24 PM	3612313044	1013.00	26.49	32.37	99.0	26.45	32.37	99.4	26.31	32.37	100.8	26.21	32.37	101.7
20/06/2018 2:17:25 PM	3612313045	1013.00	26.50	32.37	98.9	26.46	32.37	99.3	26.35	32.37	100.4	26.22	32.37	101.6
20/06/2018 2:17:26 PM	3612313046	1013.00	26.47	32.37	99.2	26.49	32.37	99.0	26.32	32.37	100.7	26.23	32.37	101.5
20/06/2018 2:17:27 PM	3612313047	1013.00	26.48	32.37	99.1	26.41	32.37	99.8	26.34	32.37	100.5	26.25	32.37	101.3
20/06/2018 2:17:28 PM	3612313048	1013.00	26.46	32.37	99.3	26.44	32.37	99.5	26.32	32.37	100.7	26.22	32.37	101.6
20/06/2018 2:17:29 PM	3612313049	1013.00	26.48	32.37	99.1	26.50	32.37	98.9	26.30	32.37	100.8	26.24	32.37	101.4
20/06/2018 2:17:30 PM	3612313050	1013.00	26.49	32.36	99.0	26.50	32.36	98.9	26.33	32.36	100.6	26.23	32.36	101.6
20/06/2018 2:17:31 PM	3612313051	1013.00	26.52	32.36	98.7	26.50	32.36	98.9	26.36	32.36	100.3	26.20	32.36	101.8
20/06/2018 2:17:32 PM	3612313052	1013.00	26.49	32.36	99.0	26.50	32.36	98.9	26.33	32.36	100.6	26.25	32.36	101.4
20/06/2018 2:17:33 PM	3612313053	1013.00	26.46	32.36	99.3	26.51	32.36	98.8	26.32	32.36	100.7	26.23	32.36	101.6
20/06/2018 2:17:34 PM	3612313054	1013.00	26.50	32.37	98.9	26.49	32.37	99.0	26.34	32.37	100.5	26.24	32.37	101.4
20/06/2018 2:17:35 PM	3612313055	1013.00	26.48	32.37	99.1	26.51	32.37	98.8	26.30	32.37	100.8	26.19	32.37	101.9
20/06/2018 2:17:36 PM	3612313056	1013.00	26.52	32.37	98.7	26.51	32.37	98.8	26.30	32.37	100.8	26.23	32.37	101.5
20/06/2018 2:17:37 PM	3612313057	1013.00	26.49	32.37	99.0	26.53	32.37	98.6	26.34	32.37	100.5	26.21	32.37	101.7
20/06/2018 2:17:38 PM	3612313058	1013.00	26.51	32.37	98.8	26.49	32.37	99.0	26.28	32.37	101.0	26.25	32.37	101.3
20/06/2018 2:17:39 PM	3612313059	1013.00	26.51	32.37	98.8	26.54	32.37	98.5	26.36	32.37	100.3	26.27	32.37	101.1
20/06/2018 2:17:40 PM	3612313060	1013.00	26.52	32.37	98.7	26.51	32.37	98.8	26.35	32.37	100.4	26.21	32.37	101.7
20/06/2018 2:17:41 PM	3612313061	1013.00	26.50	32.37	98.9	26.53	32.37	98.6	26.39	32.37	100.0	26.21	32.37	101.7
20/06/2018 2:17:42 PM	3612313062	1013.00	26.48	32.37	99.1	26.54	32.37	98.5	26.33	32.37	100.6	26.23	32.37	101.5
20/06/2018 2:17:43 PM	3612313063	1013.00	26.49	32.38	99.0	26.52	32.38	98.7	26.28	32.38	101.0	26.22	32.38	101.6
20/06/2018 2:17:44 PM	3612313064	1013.00	26.52	32.38	98.7	26.55	32.38	98.4	26.33	32.38	100.5	26.25	32.38	101.3
20/06/2018 2:17:45 PM	3612313065	1013.00	26.51	32.37	98.8	26.53	32.37	98.6	26.35	32.37	100.4	26.24	32.37	101.4
20/06/2018 2:17:46 PM	3612313066	1013.00	26.52	32.37	98.7	26.51	32.37	98.8	26.35	32.37	100.4	26.21	32.37	101.7
20/06/2018 2:17:47 PM	3612313067	1013.00	26.55	32.37	98.4	26.60	32.37	98.0	26.38	32.37	100.1	26.20	32.37	101.8
20/06/2018 2:17:48 PM	3612313068	1013.00	26.51	32.37	98.8	26.57	32.37	98.3	26.35	32.37	100.4	26.25	32.37	101.3
20/06/2018 2:17:49 PM	3612313069	1013.00	26.51	32.37	98.8	26.57	32.37	98.3	26.34	32.37	100.5	26.24	32.37	101.4
20/06/2018 2:17:50 PM	3612313070	1013.00	26.53	32.37	98.6	26.55	32.37	98.4	26.36	32.37	100.3	26.21	32.37	101.7
20/06/2018 2:17:51 PM	3612313071	1013.00	26.53	32.37	98.6	26.58	32.37	98.2	26.40	32.37	99.9	26.26	32.37	101.2
20/06/2018 2:17:52 PM	3612313072	1013.00	26.53	32.37	98.6	26.66	32.37	97.4	26.35	32.37	100.4	26.21	32.37	101.7
20/06/2018 2:17:53 PM	3612313073	1013.00	26.52	32.36	98.7	26.56	32.36	98.4	26.33	32.36	100.6	26.23	32.36	101.6
20/06/2018 2:17:54 PM	3612313074	1013.00	26.53	32.37	98.6	26.58	32.37	98.2	26.40	32.37	99.9	26.20	32.37	101.8
20/06/2018 2:17:55 PM	3612313075	1013.00	26.51	32.36	98.8	26.60	32.36	98.0	26.37	32.36	100.2	26.22	32.36	101.6
20/06/2018 2:17:56 PM	3612313076	1013.00	26.54	32.37	98.5	26.63	32.37	97.7	26.35	32.37	100.4	26.25	32.37	101.3
20/06/2018 2:17:57 PM	3612313077	1013.00	26.51	32.37	98.8	26.62	32.37	97.8	26.32	32.37	100.7	26.25	32.37	101.3
20/06/2018 2:17:58 PM	3612313078	1013.00	26.56	32.37	98.4	26.59	32.37	98.1	26.32	32.37	100.7	26.23	32.37	101.5
20/06/2018 2:17:59 PM	3612313079	1013.00	26.53	32.37	98.6	26.69	32.37	97.1	26.34	32.37	100.5	26.24	32.37	101.4
20/06/2018 2:18:00 PM	3612313080	1013.00	26.54	32.37	98.5	26.62	32.37	97.8	26.36	32.37	100.3	26.25	32.37	101.3
20/06/2018 2:18:01 PM	3612313081	1013.00	26.56	32.37	98.4	26.61	32.37	97.9	26.37	32.37	100.2	26.25	32.37	101.3
20/06/2018 2:18:02 PM	3612313082	1013.00	26.56	32.37	98.4	26.62	32.37	97.8	26.37	32.37	100.2	26.27	32.37	101.1
20/06/2018 2:18:03 PM	3612313083	1013.00	26.55	32.37	98.4	26.61	32.37	97.9	26.37	32.37	100.2	26.22	32.37	101.6
20/06/2018 2:18:04 PM	3612313084	1013.00	26.55	32.38	98.4	26.61	32.38	97.9	26.36	32.38	100.2	26.24	32.38	101.4
20/06/2018 2:18:05 PM	3612313085	1013.00	26.53	32.38	98.6	26.66	32.38	97.4	26.38	32.38	100.1	26.22	32.38	101.6
20/06/2018 2:18:06 PM	3612313086	1013.00	26.55	32.37	98.4	26.71	32.37	96.9	26.39	32.37	100.0	26.23	32.37	101.5
20/06/2018 2:18:07 PM	3612313087	1013.00	26.54	32.37	98.5	26.62	32.37	97.8	26.37	32.37	100.2	26.21	32.37	101.7
20/06/2018 2:18:08 PM	3612313088	1013.00	26.56	32.37	98.4	26.67	32.37	97.3	26.36	32.37	100.3	26.22	32.37	101.6
20/06/2018 2:18:09 PM	3612313089	1013.00	26.56	32.36	98.4	26.63	32.36	97.7	26.42	32.36	99.7	26.24	32.36	101.5
20/06/2018 2:18:10 PM	3612313090	1013.00	26.54	32.36	98.6	26.60	32.36	98.0	26.39	32.36	100.0	26.25	32.36	101.4
20/06/2018 2:18:11 PM	3612313091	1013.00	26.53	32.36	98.7	26.63	32.36	97.7	26.37	32.36	100.2	26.23	32.36	101.6
20/06/2018 2:18:12 PM	3612313092	1013.00	26.58	32.37	98.2	26.67	32.37	97.3	26.40	32.37	99.9	26.22	32.37	101.6
20/06/2018 2:18:13 PM	3612313093	1013.00	26.57	32.37	98.3	26.68	32.37	97.2	26.41	32.37	99.8	26.21	32.37	101.7
20/06/2018 2:18:14 PM	3612313094	1013.00	26.58	32.37	98.2	26.66	32.37	97.4	26.44	32.37	99.5	26.23	32.37	101.5
20/06/2018 2:18:15 PM	3612313095	1013.00	26.55	32.39	98.4	26.64	32.39	97.6	26.39	32.39	99.9	26.23	32.39	101.5
20/06/2018 2:18:16 PM	3612313096	1013.00	26.56	32.39	98.3	26.71	32.39	96.9	26.33	32.39	100.5	26.24	32.39	101.4
20/06/2018 2:18:17 PM	3612313097	1013.00	26.58	32.38	98.1	26.70	32.38	97.0	26.40	32.38	99.9	26.24	32.38	101.4
20/06/2018 2:18:18 PM	3612313098	1013.00	26.58	32.38	98.1	26.70	32.38	97.0	26.38	32.38	100.1	26.21	32.38	101.7
20/06/2018 2:18:19 PM	3612313099	1013.00	26.58	32.39	98.1	26.73	32.39	96.7	26.42	32.39	99.7	26.21	32.39	101.7
20/06/2018 2:18:20 PM	3612313100	1013.00	26.58	32.38	98.1	26.73	32.38	96.7	26.42	32.38	99.7	26.24	32.38	101.4
20/06/2018 2:18:21 PM	3612313101	1013.00	26.59	32.38	98.1	26.71	32.38	96.9	26.40	32.38	99.9	26.24	32.38	101.4
20/06/2018 2:18:22 PM	3612313102	1013.00	26.59	32.38	98.1	26.71	32.38	96.9	26.38	32.38	100.1	26.25	32.38	101.3
20/06/2018 2:18:23 PM	3612313103	1013.00	26.59	32.38	98.1	26.70	32.38	97.0	26.37	32.38	100.2	26.22	32.38	101.6
20/06/2018 2:18:24 PM	3612313104	1013.00	26.54	32.38	98.5	26.72	32.38	96.8	26.40	32.38	99.9	26.25	32.38	101.3
20/06/2018 2:18:25 PM	3612313105	1013.00	26.58	32.38	98.1	26.79	32.38	96.2	26.40	32.38	99.9	26.24	32.38	101.4
20/06/2018 2:18:26 PM	3612313106	1013.00	26.58	32.38	98.1	26.74	32.38	96.7	26.39	32.38	100.0	26.23	32.38	101.5
20/06/2018 2:18:27 PM	3612313107	1013.00	26.58	32.39	98.1	26.72	32.39	96.8	26.42	32.39	99.7	26.22	32.39	101.6
20/06/2018 2:18:28 PM	3612313108	1013.00	26.60	32.38	98.0	26.79	32.38	96.2	26.46	32.38	99.3	26.23	32.38	101.5
20/06/2018 2:18:29 PM	3612313109	1013.00	26.59	32.39	98.0	26.77	32.39	96.4	26.38	32.39	100.0	26.22	32.39	101.6
20/06/2018 2:18:30 PM	3612313110	1013.00	26.61	32.39	97.8	26.73	32.39	96.7	26.36	32.39	100.2	26.23	32.39	101.5
20/06/2018 2:18:31 PM	3612313111	1013.00	26.60	32.39	97.9	26.75	32.39	96.5	26.40	32.39	99.8	26.24	32.39	101.4
20/06/2018 2:18:32 PM	3612313112	1013.00	26.61	32.39	97.8	26.83	32.39	95.8	26.44	32.39	99.5	26.23	32.39	101.5
20/06/2018 2:18:33 PM	3612313113	1013.00	26.60	32.40	97.9	26.77	32.40	96.3	26.38	32.40	100.0	26.22	32.40	101.6
20/06/2018 2:18:34 PM	3612313114	1013.00	26.60	32.39	97.9	26.76	32.39	96.5	26.39	32.39	99.9	26.24	32.39	101.4
20/06/2018 2:18:35 PM	3612313115	1013.00	26.59	32.39	98.0	26.81	32.39	96.0	26.38	32.39	100.0	26.23	32.39	101.5
20/06/2018 2:18:36 PM	3612313116	1013.00	26.60	32.38	98.0	26.77	32.38	96.4	26.37	32.38	100.2	26.25	32.38	101.3
20/06/2018 2:18:37 PM	3612313117	1013.00	26.60	32.38	98.0	26.79	32.38	96.2	26.42	32.38	99.7	26.23	32.38	101.5
20/06/2018 2:18:38 PM	3612313118	1013.00	26.63	32.39	97.7	26.84	32.39	95.7	26.43	32.39	99.6	26.22	32.39	101.6
20/06/2018 2:18:39 PM	3612313119	1013.00	26.60	32.39	97.9	26.79	32.39	96.2	26.42	32.39	99.7	26.22	32.39	101.6
20/06/2018 2:18:40 PM	3612313120	1013.00	26.61	32.39	97.8	26.85	32.39	95.6	26.40	32.39	99.8	26.24	32.39	101.4
20/06/2018 2:18:41 PM	3612313121	1013.00	26.63	32.40	97.6	26.84	32.40	95.7	26.42	32.40	99.6	26.24	32.40	101.4
20/06/2018 2:18:42 PM	3612313122	1013.00	26.64	32.39	97.6	26.84	32.39	95.7	26.45	32.39	99.4	26.22	32.39	101.6
20/06/2018 2:18:43 PM	3612313123	1013.00	26.64	32.39	97.6	26.82	32.39	95.9	26.43	32.39	99.6	26.24	32.39	101.4
20/06/2018 2:18:44 PM	3612313124	1013.00	26.63	32.39	97.7	26.87	32.39	95.4	26.47	32.39	99.2	26.26	32.39	101.2
20/06/2018 2:18:45 PM	3612313125	1013.00	26.63	32.39	97.7	26.83	32.39	95.8	26.44	32.39	99.5	26.25	32.39	101.3
20/06/2018 2:18:46 PM	3612313126	1013.00	26.65	32.39	97.5	26.87	32.39	95.4	26.41	32.39	99.7	26.23	32.39	101.5
20/06/2018 2:18:47 PM	3612313127	1013.00	26.63	32.39	97.7	26.87	32.39	95.4	26.46	32.39	99.3	26.21	32.39	101.7
20/06/2018 2:18:48 PM	3612313128	1013.00	26.64	32.39	97.6	26.86	32.39	95.5	26.40	32.39	99.8	26.24	32.39	101.4
20/06/2018 2:18:49 PM	3612313129	1013.00	26.66	32.39	97.4	26.90	32.39	95.2	26.47	32.39	99.2	26.23	32.39	101.5
20/06/2018 2:18:50 PM	3612313130	1013.00	26.63	32.38	97.7	26.89	32.38	95.3	26.42	32.38	99.7	26.25	32.38	101.3
20/06/2018 2:18:51 PM	3612313131	1013.00	26.65	32.38	97.5	26.85	32.38	95.6	26.43	32.38	99.6	26.20	32.38	101.8
20/06/2018 2:18:52 PM	3612313132	1013.00	26.64	32.38	97.6	26.87	32.38	95.5	26.47	32.38	99.2	26.26	32.38	101.2
20/06/2018 2:18:53 PM	3612313133	1013.00	26.67	32.37	97.3	26.87	32.37	95.5	26.46	32.37	99.3	26.26	32.37	101.2
20/06/2018 2:18:54 PM	3612313134	1013.00	26.66	32.37	97.4	26.89	32.37	95.3	26.42	32.37	99.7	26.21	32.37	101.7
20/06/2018 2:18:55 PM	3612313135	1013.00	26.65	32.38	97.5	26.90	32.38	95.2	26.46	32.38	99.3	26.24	32.38	101.4
20/06/2018 2:18:56 PM	3612313136	1013.00	26.67	32.38	97.3	26.92	32.38	95.0	26.47	32.38	99.2	26.25	32.38	101.3
20/06/2018 2:18:57 PM	3612313137	1013.00	26.68	32.38	97.2	26.87	32.38	95.5	26.48	32.38	99.1	26.22	32.38	101.6
20/06/2018 2:18:58 PM	3612313138	1013.00	26.67	32.39	97.3	26.91	32.39	95.1	26.45	32.39	99.4	26.26	32.39	101.2
20/06/2018 2:18:59 PM	3612313139	1013.00	26.67	32.38	97.3	26.91	32.38	95.1	26.47	32.38	99.2	26.21	32.38	101.7
20/06/2018 2:19:00 PM	3612313140	1013.00	26.68	32.39	97.2	26.91	32.39	95.1	26.46	32.39	99.3	26.22	32.39	101.6
20/06/2018 2:19:01 PM	3612313141	1013.00	26.69	32.38	97.1	26.91	32.38	95.1	26.47	32.38	99.2	26.25	32.38	101.3
20/06/2018 2:19:02 PM	3612313142	1013.00	26.69	32.37	97.1	26.93	32.37	94.9	26.47	32.37	99.2	26.26	32.37	101.2
20/06/2018 2:19:03 PM	3612313143	1013.00	26.69	32.38	97.1	26.85	32.38	95.6	26.43	32.38	99.6	26.23	32.38	101.5
20/06/2018 2:19:04 PM	3612313144	1013.00	26.65	32.38	97.5	26.92	32.38	95.0	26.53	32.38	98.6	26.25	32.38	101.3
20/06/2018 2:19:05 PM	3612313145	1013.00	26.67	32.37	97.3	26.89	32.37	95.3	26.45	32.37	99.4	26.24	32.37	101.4
20/06/2018 2:19:06 PM	3612313146	1013.00	26.67	32.38	97.3	26.91	32.38	95.1	26.46	32.38	99.3	26.23	32.38	101.5
20/06/2018 2:19:07 PM	3612313147	1013.00	26.69	32.38	97.1	26.93	32.38	94.9	26.47	32.38	99.2	26.24	32.38	101.4
20/06/2018 2:19:08 PM	3612313148	1013.00	26.70	32.38	97.0	26.92	32.38	95.0	26.46	32.38	99.3	26.26	32.38	101.2
20/06/2018 2:19:09 PM	3612313149	1013.00	26.69	32.39	97.1	26.96	32.39	94.6	26.45	32.39	99.4	26.21	32.39	101.7
20/06/2018 2:19:10 PM	3612313150	1013.00	26.70	32.40	97.0	26.94	32.40	94.8	26.48	32.40	99.1	26.25	32.40	101.3
20/06/2018 2:19:11 PM	3612313151	1013.00	26.70	32.40	97.0	26.92	32.40	95.0	26.47	32.40	99.2	26.19	32.40	101.9
20/06/2018 2:19:12 PM	3612313152	1013.00	26.69	32.40	97.1	26.93	32.40	94.9	26.41	32.40	99.7	26.24	32.40	101.4
20/06/2018 2:19:13 PM	3612313153	1013.00	26.69	32.40	97.1	26.96	32.40	94.6	26.47	32.40	99.2	26.25	32.40	101.3
20/06/2018 2:19:14 PM	3612313154	1013.00	26.68	32.40	97.2	26.97	32.40	94.5	26.49	32.40	99.0	26.22	32.40	101.6
20/06/2018 2:19:15 PM	3612313155	1013.00	26.72	32.39	96.8	26.97	32.39	94.5	26.49	32.39	99.0	26.27	32.39	101.1
20/06/2018 2:19:16 PM	3612313156	1013.00	26.68	32.39	97.2	26.99	32.39	94.4	26.46	32.39	99.3	26.24	32.39	101.4
20/06/2018 2:19:17 PM	3612313157	1013.00	26.74	32.39	96.6	26.98	32.39	94.4	26.48	32.39	99.1	26.22	32.39	101.6
20/06/2018 2:19:18 PM	3612313158	1013.00	26.73	32.39	96.7	26.97	32.39	94.5	26.44	32.39	99.5	26.20	32.39	101.8
20/06/2018 2:19:19 PM	3612313159	1013.00	26.75	32.39	96.5	26.95	32.39	94.7	26.42	32.39	99.7	26.23	32.39	101.5
20/06/2018 2:19:20 PM	3612313160	1013.00	26.71	32.39	96.9	26.98	32.39	94.4	26.51	32.39	98.8	26.25	32.39	101.3
20/06/2018 2:19:21 PM	3612313161	1013.00	26.71	32.39	96.9	26.95	32.39	94.7	26.52	32.39	98.7	26.21	32.39	101.7
20/06/2018 2:19:22 PM	3612313162	1013.00	26.72	32.40	96.8	27.01	32.40	94.2	26.50	32.40	98.9	26.25	32.40	101.3
20/06/2018 2:19:23 PM	3612313163	1013.00	26.71	32.40	96.9	26.98	32.40	94.4	26.51	32.40	98.8	26.21	32.40	101.7
20/06/2018 2:19:24 PM	3612313164	1013.00	26.72	32.40	96.8	26.96	32.40	94.6	26.55	32.40	98.4	26.23	32.40	101.5
20/06/2018 2:19:25 PM	3612313165	1013.00	26.74	32.40	96.6	27.00	32.40	94.3	26.50	32.40	98.9	26.25	32.40	101.3
20/06/2018 2:19:26 PM	3612313166	1013.00	26.75	32.40	96.5	27.02	32.40	94.1	26.48	32.40	99.1	26.24	32.40	101.4
20/06/2018 2:19:27 PM	3612313167	1013.00	26.75	32.40	96.5	27.00	32.40	94.3	26.48	32.40	99.1	26.26	32.40	101.2
20/06/2018 2:19:28 PM	3612313168	1013.00	26.76	32.40	96.4	27.00	32.40	94.3	26.46	32.40	99.3	26.22	32.40	101.6
20/06/2018 2:19:29 PM	3612313169	1013.00	26.74	32.39	96.6	27.00	32.39	94.3	26.53	32.39	98.6	26.24	32.39	101.4
20/06/2018 2:19:30 PM	3612313170	1013.00	26.75	32.39	96.5	27.05	32.39	93.8	26.53	32.39	98.6	26.22	32.39	101.6
20/06/2018 2:19:31 PM	3612313171	1013.00	26.76	32.39	96.5	26.97	32.39	94.5	26.56	32.39	98.3	26.23	32.39	101.5
20/06/2018 2:19:32 PM	3612313172	1013.00	26.73	32.39	96.7	27.00	32.39	94.3	26.53	32.39	98.6	26.25	32.39	101.3
20/06/2018 2:19:33 PM	3612313173	1013.00	26.75	32.38	96.6	27.05	32.38	93.8	26.54	32.38	98.5	26.21	32.38	101.7
20/06/2018 2:19:34 PM	3612313174	1013.00	26.74	32.38	96.7	27.03	32.38	94.0	26.54	32.38	98.5	26.25	32.38	101.3
20/06/2018 2:19:35 PM	3612313175	1013.00	26.77	32.38	96.4	27.02	32.38	94.1	26.57	32.38	98.2	26.22	32.38	101.6
20/06/2018 2:19:36 PM	3612313176	1013.00	26.78	32.39	96.3	27.01	32.39	94.2	26.52	32.39	98.7	26.22	32.39	101.6
20/06/2018 2:19:37 PM	3612313177	1013.00	26.76	32.39	96.5	27.04	32.39	93.9	26.50	32.39	98.9	26.23	32.39	101.5
20/06/2018 2:19:38 PM	3612313178	1013.00	26.78	32.39	96.3	27.07	32.39	93.6	26.53	32.39	98.6	26.23	32.39	101.5
20/06/2018 2:19:39 PM	3612313179	1013.00	26.80	32.40	96.1	27.08	32.40	93.5	26.60	32.40	97.9	26.22	32.40	101.6
20/06/2018 2:19:40 PM	3612313180	1013.00	26.80	32.40	96.1	27.03	32.40	94.0	26.53	32.40	98.6	26.25	32.40	101.3
20/06/2018 2:19:41 PM	3612313181	1013.00	26.81	32.40	96.0	27.08	32.40	93.5	26.58	32.40	98.1	26.23	32.40	101.5
20/06/2018 2:19:42 PM	3612313182	1013.00	26.79	32.40	96.2	27.10	32.40	93.4	26.53	32.40	98.6	26.22	32.40	101.6
20/06/2018 2:19:43 PM	3612313183	1013.00	26.82	32.40	95.9	26.99	32.40	94.3	26.51	32.40	98.8	26.22	32.40	101.6
20/06/2018 2:19:44 PM	3612313184	1013.00	26.81	32.40	96.0	27.09	32.40	93.5	26.52	32.40	98.7	26.26	32.40	101.2
20/06/2018 2:19:45 PM	3612313185	1013.00	26.82	32.39	95.9	27.10	32.39	93.4	26.52	32.39	98.7	26.26	32.39	101.2
20/06/2018 2:19:46 PM	3612313186	1013.00	26.79	32.38	96.2	27.06	32.38	93.7	26.56	32.38	98.3	26.21	32.38	101.7
20/06/2018 2:19:47 PM	3612313187	1013.00	26.81	32.39	96.0	27.13	32.39	93.1	26.55	32.39	98.4	26.25	32.39	101.3
20/06/2018 2:19:48 PM	3612313188	1013.00	26.81	32.39	96.0	27.13	32.39	93.1	26.57	32.39	98.2	26.23	32.39	101.5
20/06/2018 2:19:49 PM	3612313189	1013.00	26.81	32.39	96.0	27.10	32.39	93.4	26.53	32.39	98.6	26.22	32.39	101.6
20/06/2018 2:19:50 PM	3612313190	1013.00	26.80	32.40	96.1	27.13	32.40	93.1	26.51	32.40	98.8	26.25	32.40	101.3
20/06/2018 2:19:51 PM	3612313191	1013.00	26.84	32.40	95.7	27.08	32.40	93.5	26.59	32.40	98.0	26.25	32.40	101.3
20/06/2018 2:19:52 PM	3612313192	1013.00	26.82	32.40	95.9	27.09	32.40	93.5	26.63	32.40	97.6	26.24	32.40	101.4
20/06/2018 2:19:53 PM	3612313193	1013.00	26.79	32.40	96.2	27.05	32.40	93.8	26.60	32.40	97.9	26.25	32.40	101.3
20/06/2018 2:19:54 PM	3612313194	1013.00	26.84	32.40	95.7	27.15	32.40	92.9	26.60	32.40	97.9	26.24	32.40	101.4
20/06/2018 2:19:55 PM	3612313195	1013.00	26.85	32.40	95.6	27.15	32.40	92.9	26.61	32.40	97.8	26.22	32.40	101.6
20/06/2018 2:19:56 PM	3612313196	1013.00	26.84	32.39	95.7	27.15	32.39	92.9	26.55	32.39	98.4	26.25	32.39	101.3
20/06/2018 2:19:57 PM	3612313197	1013.00	26.83	32.39	95.8	27.12	32.39	93.2	26.59	32.39	98.0	26.25	32.39	101.3
20/06/2018 2:19:58 PM	3612313198	1013.00	26.84	32.39	95.7	27.13	32.39	93.1	26.60	32.39	97.9	26.25	32.39	101.3
20/06/2018 2:19:59 PM	3612313199	1013.00	26.85	32.39	95.6	27.12	32.39	93.2	26.63	32.39	97.7	26.24	32.39	101.4
20/06/2018 2:20:00 PM	3612313200	1013.00	26.83	32.39	95.8	27.10	32.39	93.4	26.53	32.39	98.6	26.25	32.39	101.3
20/06/2018 2:20:01 PM	3612313201	1013.00	26.88	32.39	95.4	27.10	32.39	93.4	26.60	32.39	97.9	26.29	32.39	100.9
20/06/2018 2:20:02 PM	3612313202	1013.00	26.87	32.39	95.4	27.12	32.39	93.2	26.58	32.39	98.1	26.24	32.39	101.4
20/06/2018 2:20:03 PM	3612313203	1013.00	26.87	32.40	95.4	27.10	32.40	93.4	26.58	32.40	98.1	26.27	32.40	101.1
20/06/2018 2:20:04 PM	3612313204	1013.00	26.83	32.40	95.8	27.11	32.40	93.3	26.58	32.40	98.1	26.26	32.40	101.2
20/06/2018 2:20:05 PM	3612313205	1013.00	26.83	32.40	95.8	27.15	32.40	92.9	26.58	32.40	98.1	26.27	32.40	101.1
20/06/2018 2:20:06 PM	3612313206	1013.00	26.86	32.40	95.5	27.14	32.40	93.0	26.57	32.40	98.2	26.25	32.40	101.3
20/06/2018 2:20:07 PM	3612313207	1013.00	26.84	32.40	95.7	27.18	32.40	92.7	26.60	32.40	97.9	26.27	32.40	101.1
20/06/2018 2:20:08 PM	3612313208	1013.00	26.85	32.39	95.6	27.18	32.39	92.7	26.63	32.39	97.7	26.26	32.39	101.2
20/06/2018 2:20:09 PM	3612313209	1013.00	26.87	32.39	95.4	27.18	32.39	92.7	26.59	32.39	98.0	26.25	32.39	101.3
20/06/2018 2:20:10 PM	3612313210	1013.00	26.85	32.39	95.6	27.17	32.39	92.8	26.61	32.39	97.8	26.26	32.39	101.2
20/06/2018 2:20:11 PM	3612313211	1013.00	26.84	32.40	95.7	27.14	32.40	93.0	26.65	32.40	97.5	26.24	32.40	101.4
20/06/2018 2:20:12 PM	3612313212	1013.00	26.83	32.40	95.8	27.23	32.40	92.2	26.61	32.40	97.8	26.25	32.40	101.3
20/06/2018 2:20:13 PM	3612313213	1013.00	26.87	32.40	95.4	27.18	32.40	92.7	26.62	32.40	97.7	26.23	32.40	101.5
20/06/2018 2:20:14 PM	3612313214	1013.00	26.85	32.40	95.6	27.19	32.40	92.6	26.59	32.40	98.0	26.21	32.40	101.7
20/06/2018 2:20:15 PM	3612313215	1013.00	26.86	32.40	95.5	27.15	32.40	92.9	26.57	32.40	98.2	26.26	32.40	101.2
20/06/2018 2:20:16 PM	3612313216	1013.00	26.85	32.41	95.6	27.16	32.41	92.8	26.60	32.41	97.9	26.24	32.41	101.4
20/06/2018 2:20:17 PM	3612313217	1013.00	26.88	32.40	95.3	27.19	32.40	92.6	26.59	32.40	98.0	26.23	32.40	101.5
20/06/2018 2:20:18 PM	3612313218	1013.00	26.87	32.40	95.4	27.20	32.40	92.5	26.61	32.40	97.8	26.24	32.40	101.4
20/06/2018 2:20:19 PM	3612313219	1013.00	26.87	32.40	95.4	27.19	32.40	92.6	26.61	32.40	97.8	26.22	32.40	101.6
20/06/2018 2:20:20 PM	3612313220	1013.00	26.88	32.40	95.3	27.19	32.40	92.6	26.64	32.40	97.6	26.25	32.40	101.3
20/06/2018 2:20:21 PM	3612313221	1013.00	26.89	32.39	95.3	27.22	32.39	92.3	26.60	32.39	97.9	26.26	32.39	101.2
20/06/2018 2:20:22 PM	3612313222	1013.00	26.87	32.40	95.4	27.18	32.40	92.7	26.64	32.40	97.6	26.25	32.40	101.3
20/06/2018 2:20:23 PM	3612313223	1013.00	26.88	32.40	95.3	27.19	32.40	92.6	26.58	32.40	98.1	26.25	32.40	101.3
20/06/2018 2:20:24 PM	3612313224	1013.00	26.89	32.40	95.2	27.26	32.40	92.0	26.61	32.40	97.8	26.26	32.40	101.2
20/06/2018 2:20:25 PM	3612313225	1013.00	26.88	32.40	95.3	27.20	32.40	92.5	26.64	32.40	97.6	26.22	32.40	101.6
20/06/2018 2:20:26 PM	3612313226	1013.00	26.90	32.40	95.2	27.23	32.40	92.2	26.62	32.40	97.7	26.25	32.40	101.3
20/06/2018 2:20:27 PM	3612313227	1013.00	26.91	32.41	95.0	27.19	32.41	92.6	26.67	32.41	97.3	26.25	32.41	101.3
20/06/2018 2:20:28 PM	3612313228	1013.00	26.92	32.41	95.0	27.21	32.41	92.4	26.64	32.41	97.5	26.26	32.41	101.2
20/06/2018 2:20:29 PM	3612313229	1013.00	26.92	32.41	95.0	27.20	32.41	92.5	26.64	32.41	97.5	26.26	32.41	101.2
20/06/2018 2:20:30 PM	3612313230	1013.00	26.88	32.41	95.3	27.27	32.41	91.9	26.65	32.41	97.4	26.27	32.41	101.1
20/06/2018 2:20:31 PM	3612313231	1013.00	26.90	32.41	95.1	27.26	32.41	91.9	26.64	32.41	97.5	26.26	32.41	101.2
20/06/2018 2:20:32 PM	3612313232	1013.00	26.93	32.40	94.9	27.30	32.40	91.6	26.64	32.40	97.6	26.24	32.40	101.4
20/06/2018 2:20:33 PM	3612313233	1013.00	26.89	32.40	95.2	27.27	32.40	91.9	26.63	32.40	97.6	26.25	32.40	101.3
20/06/2018 2:20:34 PM	3612313234	1013.00	26.91	32.40	95.1	27.30	32.40	91.6	26.65	32.40	97.5	26.26	32.40	101.2
20/06/2018 2:20:35 PM	3612313235	1013.00	26.91	32.40	95.1	27.29	32.40	91.7	26.65	32.40	97.5	26.25	32.40	101.3
20/06/2018 2:20:36 PM	3612313236	1013.00	26.91	32.41	95.0	27.29	32.41	91.7	26.69	32.41	97.1	26.26	32.41	101.2
20/06/2018 2:20:37 PM	3612313237	1013.00	26.90	32.41	95.1	27.28	32.41	91.8	26.68	32.41	97.2	26.24	32.41	101.4
20/06/2018 2:20:38 PM	3612313238	1013.00	26.91	32.41	95.0	27.37	32.41	91.0	26.65	32.41	97.4	26.23	32.41	101.5
20/06/2018 2:20:39 PM	3612313239	1013.00	26.92	32.41	95.0	27.30	32.41	91.6	26.69	32.41	97.1	26.28	32.41	101.0
20/06/2018 2:20:40 PM	3612313240	1013.00	26.90	32.41	95.1	27.35	32.41	91.2	26.65	32.41	97.4	26.27	32.41	101.1
20/06/2018 2:20:41 PM	3612313241	1013.00	26.90	32.41	95.1	27.32	32.41	91.4	26.65	32.41	97.4	26.24	32.41	101.4
20/06/2018 2:20:42 PM	3612313242	1013.00	26.93	32.41	94.9	27.37	32.41	91.0	26.64	32.41	97.5	26.22	32.41	101.6
20/06/2018 2:20:43 PM	3612313243	1013.00	26.93	32.40	94.9	27.32	32.40	91.4	26.63	32.40	97.6	26.24	32.40	101.4
20/06/2018 2:20:44 PM	3612313244	1013.00	26.92	32.41	95.0	27.35	32.41	91.2	26.66	32.41	97.3	26.23	32.41	101.5
20/06/2018 2:20:45 PM	3612313245	1013.00	26.96	32.41	94.6	27.35	32.41	91.2	26.66	32.41	97.3	26.25	32.41	101.3
20/06/2018 2:20:46 PM	3612313246	1013.00	26.93	32.41	94.9	27.38	32.41	90.9	26.64	32.41	97.5	26.24	32.41	101.4
20/06/2018 2:20:47 PM	3612313247	1013.00	26.95	32.41	94.7	27.36	32.41	91.1	26.64	32.41	97.5	26.25	32.41	101.3
20/06/2018 2:20:48 PM	3612313248	1013.00	26.92	32.42	94.9	27.42	32.42	90.5	26.63	32.42	97.6	26.26	32.42	101.2
20/06/2018 2:20:49 PM	3612313249	1013.00	26.95	32.42	94.7	27.37	32.42	91.0	26.71	32.42	96.9	26.24	32.42	101.4
20/06/2018 2:20:50 PM	3612313250	1013.00	26.95	32.42	94.7	27.43	32.42	90.5	26.70	32.42	97.0	26.27	32.42	101.1
20/06/2018 2:20:51 PM	3612313251	1013.00	26.94	32.42	94.8	27.40	32.42	90.7	26.65	32.42	97.4	26.23	32.42	101.4
20/06/2018 2:20:52 PM	3612313252	1013.00	26.97	32.43	94.5	27.43	32.43	90.4	26.72	32.43	96.8	26.24	32.43	101.3
20/06/2018 2:20:53 PM	3612313253	1013.00	26.93	32.43	94.8	27.40	32.43	90.7	26.63	32.43	97.6	26.24	32.43	101.3
20/06/2018 2:20:54 PM	3612313254	1013.00	26.96	32.42	94.6	27.39	32.42	90.8	26.67	32.42	97.2	26.25	32.42	101.3
20/06/2018 2:20:55 PM	3612313255	1013.00	26.97	32.41	94.5	27.37	32.41	91.0	26.69	32.41	97.1	26.26	32.41	101.2
20/06/2018 2:20:56 PM	3612313256	1013.00	26.95	32.41	94.7	27.43	32.41	90.5	26.69	32.41	97.1	26.27	32.41	101.1
20/06/2018 2:20:57 PM	3612313257	1013.00	26.97	32.40	94.5	27.45	32.40	90.3	26.68	32.40	97.2	26.27	32.40	101.1
20/06/2018 2:20:58 PM	3612313258	1013.00	26.95	32.39	94.7	27.43	32.39	90.5	26.70	32.39	97.0	26.25	32.39	101.3
20/06/2018 2:20:59 PM	3612313259	1013.00	26.97	32.40	94.5	27.40	32.40	90.7	26.71	32.40	96.9	26.27	32.40	101.1
20/06/2018 2:21:00 PM	3612313260	1013.00	26.95	32.40	94.7	27.47	32.40	90.2	26.67	32.40	97.3	26.24	32.40	101.4
20/06/2018 2:21:01 PM	3612313261	1013.00	26.93	32.41	94.9	27.42	32.41	90.6	26.66	32.41	97.3	26.26	32.41	101.2
20/06/2018 2:21:02 PM	3612313262	1013.00	26.98	32.41	94.4	27.45	32.41	90.3	26.69	32.41	97.1	26.23	32.41	101.5
20/06/2018 2:21:03 PM	3612313263	1013.00	27.00	32.41	94.2	27.51	32.41	89.8	26.67	32.41	97.3	26.29	32.41	100.9
20/06/2018 2:21:04 PM	3612313264	1013.00	26.98	32.41	94.4	27.42	32.41	90.6	26.70	32.41	97.0	26.25	32.41	101.3
20/06/2018 2:21:05 PM	3612313265	1013.00	26.99	32.41	94.3	27.44	32.41	90.4	26.67	32.41	97.3	26.22	32.41	101.6
20/06/2018 2:21:06 PM	3612313266	1013.00	26.96	32.40	94.6	27.44	32.40	90.4	26.68	32.40	97.2	26.25	32.40	101.3
20/06/2018 2:21:07 PM	3612313267	1013.00	26.98	32.41	94.4	27.43	32.41	90.5	26.73	32.41	96.7	26.27	32.41	101.1
20/06/2018 2:21:08 PM	3612313268	1013.00	26.96	32.39	94.6	27.45	32.39	90.3	26.69	32.39	97.1	26.28	32.39	101.0
20/06/2018 2:21:09 PM	3612313269	1013.00	27.01	32.40	94.2	27.45	32.40	90.3	26.70	32.40	97.0	26.25	32.40	101.3
20/06/2018 2:21:10 PM	3612313270	1013.00	27.01	32.40	94.2	27.44	32.40	90.4	26.69	32.40	97.1	26.26	32.40	101.2
20/06/2018 2:21:11 PM	3612313271	1013.00	26.99	32.40	94.3	27.48	32.40	90.1	26.72	32.40	96.8	26.26	32.40	101.2
20/06/2018 2:21:12 PM	3612313272	1013.00	26.98	32.39	94.4	27.51	32.39	89.8	26.72	32.39	96.8	26.26	32.39	101.2
20/06/2018 2:21:13 PM	3612313273	1013.00	26.99	32.41	94.3	27.44	32.41	90.4	26.68	32.41	97.2	26.25	32.41	101.3
20/06/2018 2:21:14 PM	3612313274	1013.00	26.99	32.41	94.3	27.49	32.41	90.0	26.73	32.41	96.7	26.27	32.41	101.1
20/06/2018 2:21:15 PM	3612313275	1013.00	27.01	32.41	94.1	27.42	32.41	90.6	26.71	32.41	96.9	26.26	32.41	101.2
20/06/2018 2:21:16 PM	3612313276	1013.00	27.00	32.41	94.2	27.49	32.41	90.0	26.72	32.41	96.8	26.25	32.41	101.3
20/06/2018 2:21:17 PM	3612313277	1013.00	26.99	32.42	94.3	27.52	32.42	89.7	26.72	32.42	96.8	26.24	32.42	101.4
20/06/2018 2:21:18 PM	3612313278	1013.00	26.98	32.41	94.4	27.48	32.41	90.1	26.72	32.41	96.8	26.27	32.41	101.1
20/06/2018 2:21:19 PM	3612313279	1013.00	27.01	32.40	94.2	27.53	32.40	89.6	26.77	32.40	96.3	26.24	32.40	101.4
20/06/2018 2:21:20 PM	3612313280	1013.00	27.02	32.39	94.1	27.48	32.39	90.1	26.72	32.39	96.8	26.25	32.39	101.3
20/06/2018 2:21:21 PM	3612313281	1013.00	27.02	32.40	94.1	27.49	32.40	90.0	26.74	32.40	96.6	26.24	32.40	101.4
20/06/2018 2:21:22 PM	3612313282	1013.00	26.99	32.39	94.4	27.50	32.39	89.9	26.70	32.39	97.0	26.26	32.39	101.2
20/06/2018 2:21:23 PM	3612313283	1013.00	27.02	32.39	94.1	27.55	32.39	89.5	26.72	32.39	96.8	26.27	32.39	101.1
20/06/2018 2:21:24 PM	3612313284	1013.00	27.02	32.40	94.1	27.54	32.40	89.6	26.80	32.40	96.1	26.25	32.40	101.3
20/06/2018 2:21:25 PM	3612313285	1013.00	27.02	32.40	94.1	27.46	32.40	90.2	26.73	32.40	96.7	26.25	32.40	101.3
20/06/2018 2:21:26 PM	3612313286	1013.00	27.01	32.40	94.2	27.51	32.40	89.8	26.73	32.40	96.7	26.23	32.40	101.5
20/06/2018 2:21:27 PM	3612313287	1013.00	27.02	32.40	94.1	27.53	32.40	89.6	26.77	32.40	96.3	26.25	32.40	101.3
20/06/2018 2:21:28 PM	3612313288	1013.00	27.03	32.40	94.0	27.54	32.40	89.6	26.78	32.40	96.3	26.25	32.40	101.3
20/06/2018 2:21:29 PM	3612313289	1013.00	27.05	32.40	93.8	27.52	32.40	89.7	26.77	32.40	96.3	26.24	32.40	101.4
20/06/2018 2:21:30 PM	3612313290	1013.00	27.04	32.40	93.9	27.52	32.40	89.7	26.78	32.40	96.3	26.28	32.40	101.0
20/06/2018 2:21:31 PM	3612313291	1013.00	27.02	32.40	94.1	27.54	32.40	89.6	26.70	32.40	97.0	26.25	32.40	101.3
20/06/2018 2:21:32 PM	3612313292	1013.00	27.04	32.40	93.9	27.57	32.40	89.3	26.76	32.40	96.4	26.29	32.40	100.9
20/06/2018 2:21:33 PM	3612313293	1013.00	27.04	32.41	93.9	27.52	32.41	89.7	26.74	32.41	96.6	26.24	32.41	101.4
20/06/2018 2:21:34 PM	3612313294	1013.00	27.02	32.41	94.1	27.56	32.41	89.4	26.75	32.41	96.5	26.27	32.41	101.1
20/06/2018 2:21:35 PM	3612313295	1013.00	27.02	32.41	94.1	27.57	32.41	89.3	26.77	32.41	96.3	26.27	32.41	101.1
20/06/2018 2:21:36 PM	3612313296	1013.00	27.06	32.41	93.7	27.56	32.41	89.4	26.79	32.41	96.1	26.25	32.41	101.3
20/06/2018 2:21:37 PM	3612313297	1013.00	27.07	32.41	93.6	27.54	32.41	89.5	26.80	32.41	96.1	26.28	32.41	101.0
20/06/2018 2:21:38 PM	3612313298	1013.00	27.06	32.41	93.7	27.58	32.41	89.2	26.77	32.41	96.3	26.25	32.41	101.3
20/06/2018 2:21:39 PM	3612313299	1013.00	27.05	32.41	93.8	27.52	32.41	89.7	26.76	32.41	96.4	26.24	32.41	101.4
20/06/2018 2:21:40 PM	3612313300	1013.00	27.05	32.41	93.8	27.59	32.41	89.1	26.79	32.41	96.1	26.28	32.41	101.0
20/06/2018 2:21:41 PM	3612313301	1013.00	27.04	32.40	93.9	27.57	32.40	89.3	26.77	32.40	96.3	26.28	32.40	101.0
20/06/2018 2:21:42 PM	3612313302	1013.00	27.05	32.40	93.8	27.57	32.40	89.3	26.77	32.40	96.3	26.25	32.40	101.3
20/06/2018 2:21:43 PM	3612313303	1013.00	27.04	32.41	93.9	27.57	32.41	89.3	26.83	32.41	95.8	26.29	32.41	100.9
20/06/2018 2:21:44 PM	3612313304	1013.00	27.04	32.40	93.9	27.56	32.40	89.4	26.81	32.40	96.0	26.26	32.40	101.2
20/06/2018 2:21:45 PM	3612313305	1013.00	27.07	32.40	93.6	27.54	32.40	89.6	26.80	32.40	96.1	26.23	32.40	101.5
20/06/2018 2:21:46 PM	3612313306	1013.00	27.06	32.41	93.7	27.57	32.41	89.3	26.81	32.41	96.0	26.24	32.41	101.4
20/06/2018 2:21:47 PM	3612313307	1013.00	27.07	32.41	93.6	27.57	32.41	89.3	26.80	32.41	96.1	26.25	32.41	101.3
20/06/2018 2:21:48 PM	3612313308	1013.00	27.08	32.41	93.5	27.60	32.41	89.0	26.82	32.41	95.9	26.25	32.41	101.3
20/06/2018 2:21:49 PM	3612313309	1013.00	27.05	32.41	93.8	27.58	32.41	89.2	26.77	32.41	96.3	26.26	32.41	101.2
20/06/2018 2:21:50 PM	3612313310	1013.00	27.09	32.41	93.4	27.58	32.41	89.2	26.79	32.41	96.1	26.28	32.41	101.0
20/06/2018 2:21:51 PM	3612313311	1013.00	27.10	32.41	93.3	27.58	32.41	89.2	26.83	32.41	95.8	26.24	32.41	101.4
20/06/2018 2:21:52 PM	3612313312	1013.00	27.08	32.41	93.5	27.59	32.41	89.1	26.81	32.41	96.0	26.26	32.41	101.2
20/06/2018 2:21:53 PM	3612313313	1013.00	27.10	32.41	93.3	27.65	32.41	88.6	26.84	32.41	95.7	26.28	32.41	101.0
20/06/2018 2:21:54 PM	3612313314	1013.00	27.09	32.41	93.4	27.61	32.41	89.0	26.80	32.41	96.1	26.29	32.41	100.9
20/06/2018 2:21:55 PM	3612313315	1013.00	27.09	32.40	93.5	27.55	32.40	89.5	26.76	32.40	96.4	26.27	32.40	101.1
20/06/2018 2:21:56 PM	3612313316	1013.00	27.09	32.40	93.5	27.63	32.40	88.8	26.79	32.40	96.2	26.26	32.40	101.2
20/06/2018 2:21:57 PM	3612313317	1013.00	27.13	32.40	93.1	27.63	32.40	88.8	26.80	32.40	96.1	26.26	32.40	101.2
20/06/2018 2:21:58 PM	3612313318	1013.00	27.12	32.40	93.2	27.63	32.40	88.8	26.85	32.40	95.6	26.27	32.40	101.1
20/06/2018 2:21:59 PM	3612313319	1013.00	27.11	32.40	93.3	27.61	32.40	89.0	26.84	32.40	95.7	26.26	32.40	101.2
20/06/2018 2:22:00 PM	3612313320	1013.00	27.11	32.41	93.3	27.64	32.41	88.7	26.82	32.41	95.9	26.27	32.41	101.1
20/06/2018 2:22:01 PM	3612313321	1013.00	27.11	32.41	93.3	27.64	32.41	88.7	26.80	32.41	96.1	26.27	32.41	101.1
20/06/2018 2:22:02 PM	3612313322	1013.00	27.15	32.42	92.9	27.58	32.42	89.2	26.87	32.42	95.4	26.29	32.42	100.9
20/06/2018 2:22:03 PM	3612313323	1013.00	27.14	32.41	93.0	27.64	32.41	88.7	26.82	32.41	95.9	26.26	32.41	101.2
20/06/2018 2:22:04 PM	3612313324	1013.00	27.14	32.41	93.0	27.61	32.41	89.0	26.84	32.41	95.7	26.26	32.41	101.2
20/06/2018 2:22:05 PM	3612313325	1013.00	27.17	32.41	92.7	27.62	32.41	88.9	26.82	32.41	95.9	26.26	32.41	101.2
20/06/2018 2:22:06 PM	3612313326	1013.00	27.16	32.40	92.8	27.63	32.40	88.8	26.79	32.40	96.2	26.25	32.40	101.3
20/06/2018 2:22:07 PM	3612313327	1013.00	27.15	32.40	92.9	27.63	32.40	88.8	26.86	32.40	95.5	26.30	32.40	100.8
20/06/2018 2:22:08 PM	3612313328	1013.00	27.15	32.40	92.9	27.67	32.40	88.5	26.87	32.40	95.4	26.26	32.40	101.2
20/06/2018 2:22:09 PM	3612313329	1013.00	27.15	32.39	92.9	27.65	32.39	88.7	26.87	32.39	95.4	26.26	32.39	101.2
20/06/2018 2:22:10 PM	3612313330	1013.00	27.16	32.40	92.8	27.64	32.40	88.7	26.82	32.40	95.9	26.24	32.40	101.4
20/06/2018 2:22:11 PM	3612313331	1013.00	27.16	32.40	92.8	27.64	32.40	88.7	26.88	32.40	95.3	26.26	32.40	101.2
20/06/2018 2:22:12 PM	3612313332	1013.00	27.16	32.40	92.8	27.67	32.40	88.5	26.84	32.40	95.7	26.24	32.40	101.4
20/06/2018 2:22:13 PM	3612313333	1013.00	27.13	32.40	93.1	27.67	32.40	88.5	26.86	32.40	95.5	26.27	32.40	101.1
20/06/2018 2:22:14 PM	3612313334	1013.00	27.17	32.40	92.7	27.68	32.40	88.4	26.88	32.40	95.3	26.24	32.40	101.4
20/06/2018 2:22:15 PM	3612313335	1013.00	27.19	32.41	92.6	27.65	32.41	88.6	26.87	32.41	95.4	26.25	32.41	101.3
20/06/2018 2:22:16 PM	3612313336	1013.00	27.15	32.41	92.9	27.69	32.41	88.3	26.85	32.41	95.6	26.26	32.41	101.2
20/06/2018 2:22:17 PM	3612313337	1013.00	27.18	32.41	92.6	27.71	32.41	88.1	26.84	32.41	95.7	26.27	32.41	101.1
20/06/2018 2:22:18 PM	3612313338	1013.00	27.17	32.41	92.7	27.67	32.41	88.5	26.83	32.41	95.8	26.25	32.41	101.3
20/06/2018 2:22:19 PM	3612313339	1013.00	27.15	32.40	92.9	27.67	32.40	88.5	26.86	32.40	95.5	26.28	32.40	101.0
20/06/2018 2:22:20 PM	3612313340	1013.00	27.17	32.39	92.8	27.73	32.39	88.0	26.84	32.39	95.7	26.24	32.39	101.4
20/06/2018 2:22:21 PM	3612313341	1013.00	27.18	32.40	92.7	27.65	32.40	88.6	26.91	32.40	95.1	26.26	32.40	101.2
20/06/2018 2:22:22 PM	3612313342	1013.00	27.19	32.40	92.6	27.69	32.40	88.3	26.85	32.40	95.6	26.25	32.40	101.3
20/06/2018 2:22:23 PM	3612313343	1013.00	27.18	32.40	92.7	27.75	32.40	87.8	26.83	32.40	95.8	26.25	32.40	101.3
20/06/2018 2:22:24 PM	3612313344	1013.00	27.19	32.41	92.6	27.73	32.41	88.0	26.85	32.41	95.6	26.24	32.41	101.4
20/06/2018 2:22:25 PM	3612313345	1013.00	27.22	32.41	92.3	27.73	32.41	88.0	26.90	32.41	95.1	26.25	32.41	101.3
20/06/2018 2:22:26 PM	3612313346	1013.00	27.22	32.41	92.3	27.71	32.41	88.1	26.87	32.41	95.4	26.27	32.41	101.1
20/06/2018 2:22:27 PM	3612313347	1013.00	27.21	32.41	92.4	27.76	32.41	87.7	26.90	32.41	95.1	26.27	32.41	101.1
20/06/2018 2:22:28 PM	3612313348	1013.00	27.20	32.40	92.5	27.78	32.40	87.6	26.85	32.40	95.6	26.26	32.40	101.2
20/06/2018 2:22:29 PM	3612313349	1013.00	27.21	32.40	92.4	27.78	32.40	87.6	26.88	32.40	95.3	26.27	32.40	101.1
20/06/2018 2:22:30 PM	3612313350	1013.00	27.19	32.40	92.6	27.74	32.40	87.9	26.94	32.40	94.8	26.28	32.40	101.0
20/06/2018 2:22:31 PM	3612313351	1013.00	27.24	32.40	92.1	27.74	32.40	87.9	26.89	32.40	95.2	26.23	32.40	101.5
20/06/2018 2:22:32 PM	3612313352	1013.00	27.21	32.40	92.4	27.80	32.40	87.4	26.87	32.40	95.4	26.27	32.40	101.1
20/06/2018 2:22:33 PM	3612313353	1013.00	27.24	32.41	92.1	27.79	32.41	87.5	26.87	32.41	95.4	26.28	32.41	101.0
20/06/2018 2:22:34 PM	3612313354	1013.00	27.25	32.40	92.0	27.75	32.40	87.8	26.92	32.40	95.0	26.26	32.40	101.2
20/06/2018 2:22:35 PM	3612313355	1013.00	27.21	32.41	92.4	27.75	32.41	87.8	26.91	32.41	95.0	26.27	32.41	101.1
20/06/2018 2:22:36 PM	3612313356	1013.00	27.22	32.41	92.3	27.78	32.41	87.6	26.87	32.41	95.4	26.28	32.41	101.0
20/06/2018 2:22:37 PM	3612313357	1013.00	27.25	32.41	92.0	27.79	32.41	87.5	26.87	32.41	95.4	26.27	32.41	101.1
20/06/2018 2:22:38 PM	3612313358	1013.00	27.20	32.40	92.5	27.85	32.40	87.0	26.93	32.40	94.9	26.27	32.40	101.1
20/06/2018 2:22:39 PM	3612313359	1013.00	27.22	32.41	92.3	27.78	32.41	87.6	26.87	32.41	95.4	26.27	32.41	101.1
20/06/2018 2:22:40 PM	3612313360	1013.00	27.24	32.41	92.1	27.81	32.41	87.3	26.89	32.41	95.2	26.27	32.41	101.1
20/06/2018 2:22:41 PM	3612313361	1013.00	27.26	32.41	91.9	27.83	32.41	87.1	26.87	32.41	95.4	26.25	32.41	101.3
20/06/2018 2:22:42 PM	3612313362	1013.00	27.24	32.41	92.1	27.86	32.41	86.9	26.95	32.41	94.7	26.27	32.41	101.1
20/06/2018 2:22:43 PM	3612313363	1013.00	27.25	32.41	92.0	27.82	32.41	87.2	26.89	32.41	95.2	26.27	32.41	101.1
20/06/2018 2:22:44 PM	3612313364	1013.00	27.23	32.42	92.2	27.82	32.42	87.2	26.89	32.42	95.2	26.26	32.42	101.2
20/06/2018 2:22:45 PM	3612313365	1013.00	27.24	32.41	92.1	27.86	32.41	86.9	26.88	32.41	95.3	26.27	32.41	101.1
20/06/2018 2:22:46 PM	3612313366	1013.00	27.25	32.41	92.0	27.84	32.41	87.1	26.89	32.41	95.2	26.26	32.41	101.2
20/06/2018 2:22:47 PM	3612313367	1013.00	27.25	32.40	92.0	27.85	32.40	87.0	26.86	32.40	95.5	26.27	32.40	101.1
20/06/2018 2:22:48 PM	3612313368	1013.00	27.24	32.41	92.1	27.86	32.41	86.9	26.90	32.41	95.1	26.27	32.41	101.1
20/06/2018 2:22:49 PM	3612313369	1013.00	27.26	32.41	91.9	27.90	32.41	86.6	26.95	32.41	94.7	26.28	32.41	101.0
20/06/2018 2:22:50 PM	3612313370	1013.00	27.27	32.41	91.9	27.88	32.41	86.7	26.95	32.41	94.7	26.25	32.41	101.3
20/06/2018 2:22:51 PM	3612313371	1013.00	27.25	32.41	92.0	27.90	32.41	86.6	26.94	32.41	94.8	26.27	32.41	101.1
20/06/2018 2:22:52 PM	3612313372	1013.00	27.28	32.42	91.8	27.94	32.42	86.2	26.97	32.42	94.5	26.27	32.42	101.1
20/06/2018 2:22:53 PM	3612313373	1013.00	27.26	32.41	91.9	27.92	32.41	86.4	26.94	32.41	94.8	26.28	32.41	101.0
20/06/2018 2:22:54 PM	3612313374	1013.00	27.28	32.42	91.8	27.95	32.42	86.2	26.93	32.42	94.9	26.24	32.42	101.4
20/06/2018 2:22:55 PM	3612313375	1013.00	27.26	32.42	91.9	27.92	32.42	86.4	26.93	32.42	94.9	26.30	32.42	100.8
20/06/2018 2:22:56 PM	3612313376	1013.00	27.29	32.42	91.7	27.92	32.42	86.4	26.94	32.42	94.8	26.27	32.42	101.1
20/06/2018 2:22:57 PM	3612313377	1013.00	27.26	32.42	91.9	28.01	32.42	85.7	26.94	32.42	94.8	26.28	32.42	101.0
20/06/2018 2:22:58 PM	3612313378	1013.00	27.27	32.41	91.9	27.95	32.41	86.2	26.96	32.41	94.6	26.28	32.41	101.0
20/06/2018 2:22:59 PM	3612313379	1013.00	27.26	32.41	91.9	27.89	32.41	86.7	26.92	32.41	95.0	26.25	32.41	101.3
20/06/2018 2:23:00 PM	3612313380	1013.00	27.29	32.41	91.7	27.95	32.41	86.2	26.98	32.41	94.4	26.28	32.41	101.0
20/06/2018 2:23:01 PM	3612313381	1013.00	27.29	32.41	91.7	27.93	32.41	86.3	26.98	32.41	94.4	26.25	32.41	101.3
20/06/2018 2:23:02 PM	3612313382	1013.00	27.27	32.41	91.9	27.93	32.41	86.3	26.96	32.41	94.6	26.27	32.41	101.1
20/06/2018 2:23:03 PM	3612313383	1013.00	27.31	32.42	91.5	27.93	32.42	86.3	26.99	32.42	94.3	26.26	32.42	101.2
20/06/2018 2:23:04 PM	3612313384	1013.00	27.28	32.41	91.8	27.98	32.41	85.9	26.96	32.41	94.6	26.28	32.41	101.0
20/06/2018 2:23:05 PM	3612313385	1013.00	27.26	32.42	91.9	27.98	32.42	85.9	27.01	32.42	94.1	26.26	32.42	101.2
20/06/2018 2:23:06 PM	3612313386	1013.00	27.31	32.41	91.5	27.99	32.41	85.9	26.95	32.41	94.7	26.28	32.41	101.0
20/06/2018 2:23:07 PM	3612313387	1013.00	27.32	32.41	91.4	28.00	32.41	85.8	26.97	32.41	94.5	26.24	32.41	101.4
20/06/2018 2:23:08 PM	3612313388	1013.00	27.29	32.40	91.7	28.01	32.40	85.7	26.99	32.40	94.3	26.27	32.40	101.1
20/06/2018 2:23:09 PM	3612313389	1013.00	27.31	32.40	91.5	28.01	32.40	85.7	26.98	32.40	94.4	26.30	32.40	100.8
20/06/2018 2:23:10 PM	3612313390	1013.00	27.32	32.39	91.5	28.02	32.39	85.6	26.99	32.39	94.4	26.24	32.39	101.4
20/06/2018 2:23:11 PM	3612313391	1013.00	27.34	32.40	91.3	27.96	32.40	86.1	26.98	32.40	94.4	26.27	32.40	101.1
20/06/2018 2:23:12 PM	3612313392	1013.00	27.32	32.40	91.4	27.98	32.40	85.9	27.00	32.40	94.3	26.28	32.40	101.0
20/06/2018 2:23:13 PM	3612313393	1013.00	27.34	32.41	91.2	28.03	32.41	85.5	26.98	32.41	94.4	26.27	32.41	101.1
20/06/2018 2:23:14 PM	3612313394	1013.00	27.30	32.42	91.6	28.01	32.42	85.7	27.00	32.42	94.2	26.30	32.42	100.8
20/06/2018 2:23:15 PM	3612313395	1013.00	27.30	32.42	91.6	28.01	32.42	85.7	27.00	32.42	94.2	26.25	32.42	101.3
20/06/2018 2:23:16 PM	3612313396	1013.00	27.34	32.41	91.2	28.00	32.41	85.8	26.99	32.41	94.3	26.30	32.41	100.8
20/06/2018 2:23:17 PM	3612313397	1013.00	27.34	32.41	91.2	28.03	32.41	85.5	27.04	32.41	93.9	26.28	32.41	101.0
20/06/2018 2:23:18 PM	3612313398	1013.00	27.33	32.41	91.3	28.02	32.41	85.6	27.01	32.41	94.1	26.29	32.41	100.9
20/06/2018 2:23:19 PM	3612313399	1013.00	27.34	32.41	91.2	28.01	32.41	85.7	26.97	32.41	94.5	26.25	32.41	101.3
20/06/2018 2:23:20 PM	3612313400	1013.00	27.33	32.41	91.3	28.04	32.41	85.5	27.00	32.41	94.2	26.29	32.41	100.9
20/06/2018 2:23:21 PM	3612313401	1013.00	27.34	32.41	91.2	28.05	32.41	85.4	26.99	32.41	94.3	26.28	32.41	101.0
20/06/2018 2:23:22 PM	3612313402	1013.00	27.34	32.41	91.2	28.05	32.41	85.4	27.03	32.41	94.0	26.28	32.41	101.0
20/06/2018 2:23:23 PM	3612313403	1013.00	27.33	32.41	91.3	28.07	32.41	85.2	26.97	32.41	94.5	26.27	32.41	101.1
20/06/2018 2:23:24 PM	3612313404	1013.00	27.35	32.41	91.2	28.02	32.41	85.6	27.05	32.41	93.8	26.26	32.41	101.2
20/06/2018 2:23:25 PM	3612313405	1013.00	27.37	32.41	91.0	28.01	32.41	85.7	27.04	32.41	93.9	26.27	32.41	101.1
20/06/2018 2:23:26 PM	3612313406	1013.00	27.38	32.41	90.9	28.06	32.41	85.3	27.00	32.41	94.2	26.27	32.41	101.1
20/06/2018 2:23:27 PM	3612313407	1013.00	27.39	32.40	90.8	28.08	32.40	85.2	26.99	32.40	94.3	26.27	32.40	101.1
20/06/2018 2:23:28 PM	3612313408	1013.00	27.35	32.41	91.2	28.06	32.41	85.3	27.05	32.41	93.8	26.27	32.41	101.1
20/06/2018 2:23:29 PM	3612313409	1013.00	27.36	32.40	91.1	28.11	32.40	84.9	27.02	32.40	94.1	26.27	32.40	101.1
20/06/2018 2:23:30 PM	3612313410	1013.00	27.37	32.41	91.0	28.09	32.41	85.1	27.03	32.41	94.0	26.31	32.41	100.7
20/06/2018 2:23:31 PM	3612313411	1013.00	27.37	32.41	91.0	28.03	32.41	85.5	27.02	32.41	94.1	26.28	32.41	101.0
20/06/2018 2:23:32 PM	3612313412	1013.00	27.37	32.41	91.0	28.10	32.41	85.0	27.05	32.41	93.8	26.31	32.41	100.7
20/06/2018 2:23:33 PM	3612313413	1013.00	27.38	32.41	90.9	28.07	32.41	85.2	26.97	32.41	94.5	26.24	32.41	101.4
20/06/2018 2:23:34 PM	3612313414	1013.00	27.37	32.41	91.0	28.14	32.41	84.7	27.04	32.41	93.9	26.28	32.41	101.0
20/06/2018 2:23:35 PM	3612313415	1013.00	27.39	32.41	90.8	28.14	32.41	84.7	27.04	32.41	93.9	26.29	32.41	100.9
20/06/2018 2:23:36 PM	3612313416	1013.00	27.39	32.41	90.8	28.11	32.41	84.9	27.03	32.41	94.0	26.31	32.41	100.7
20/06/2018 2:23:37 PM	3612313417	1013.00	27.39	32.41	90.8	28.15	32.41	84.6	27.09	32.41	93.4	26.26	32.41	101.2
20/06/2018 2:23:38 PM	3612313418	1013.00	27.37	32.43	91.0	28.15	32.43	84.6	27.07	32.43	93.6	26.27	32.43	101.0
20/06/2018 2:23:39 PM	3612313419	1013.00	27.37	32.42	91.0	28.15	32.42	84.6	27.05	32.42	93.8	26.28	32.42	101.0
20/06/2018 2:23:40 PM	3612313420	1013.00	27.38	32.42	90.9	28.11	32.42	84.9	27.03	32.42	94.0	26.31	32.42	100.7
20/06/2018 2:23:41 PM	3612313421	1013.00	27.41	32.42	90.6	28.20	32.42	84.2	27.04	32.42	93.9	26.29	32.42	100.9
20/06/2018 2:23:42 PM	3612313422	1013.00	27.42	32.42	90.5	28.11	32.42	84.9	27.07	32.42	93.6	26.29	32.42	100.9
20/06/2018 2:23:43 PM	3612313423	1013.00	27.41	32.41	90.6	28.15	32.41	84.6	27.02	32.41	94.1	26.28	32.41	101.0
20/06/2018 2:23:44 PM	3612313424	1013.00	27.41	32.42	90.6	28.14	32.42	84.7	27.09	32.42	93.4	26.27	32.42	101.1
20/06/2018 2:23:45 PM	3612313425	1013.00	27.39	32.42	90.8	28.16	32.42	84.5	27.03	32.42	94.0	26.29	32.42	100.9
20/06/2018 2:23:46 PM	3612313426	1013.00	27.42	32.42	90.5	28.16	32.42	84.5	27.06	32.42	93.7	26.25	32.42	101.3
20/06/2018 2:23:47 PM	3612313427	1013.00	27.44	32.43	90.4	28.20	32.43	84.2	27.10	32.43	93.3	26.29	32.43	100.8
20/06/2018 2:23:48 PM	3612313428	1013.00	27.42	32.44	90.5	28.20	32.44	84.2	27.10	32.44	93.3	26.31	32.44	100.6
20/06/2018 2:23:49 PM	3612313429	1013.00	27.39	32.44	90.8	28.19	32.44	84.2	27.08	32.44	93.5	26.28	32.44	100.9
20/06/2018 2:23:50 PM	3612313430	1013.00	27.40	32.43	90.7	28.20	32.43	84.2	27.07	32.43	93.6	26.29	32.43	100.8
20/06/2018 2:23:51 PM	3612313431	1013.00	27.42	32.42	90.5	28.23	32.42	83.9	27.05	32.42	93.8	26.29	32.42	100.9
20/06/2018 2:23:52 PM	3612313432	1013.00	27.43	32.42	90.5	28.22	32.42	84.0	27.08	32.42	93.5	26.27	32.42	101.1
20/06/2018 2:23:53 PM	3612313433	1013.00	27.41	32.42	90.6	28.22	32.42	84.0	27.08	32.42	93.5	26.29	32.42	100.9
20/06/2018 2:23:54 PM	3612313434	1013.00	27.45	32.41	90.3	28.20	32.41	84.2	27.02	32.41	94.1	26.30	32.41	100.8
20/06/2018 2:23:55 PM	3612313435	1013.00	27.44	32.41	90.4	28.23	32.41	84.0	27.05	32.41	93.8	26.30	32.41	100.8
20/06/2018 2:23:56 PM	3612313436	1013.00	27.42	32.40	90.6	28.21	32.40	84.1	27.08	32.40	93.5	26.27	32.40	101.1
20/06/2018 2:23:57 PM	3612313437	1013.00	27.42	32.40	90.6	28.26	32.40	83.7	27.11	32.40	93.3	26.27	32.40	101.1
20/06/2018 2:23:58 PM	3612313438	1013.00	27.42	32.41	90.6	28.24	32.41	83.9	27.04	32.41	93.9	26.28	32.41	101.0
20/06/2018 2:23:59 PM	3612313439	1013.00	27.43	32.41	90.5	28.23	32.41	84.0	27.09	32.41	93.4	26.27	32.41	101.1
20/06/2018 2:24:00 PM	3612313440	1013.00	27.44	32.41	90.4	28.24	32.41	83.9	27.09	32.41	93.4	26.31	32.41	100.7
20/06/2018 2:24:01 PM	3612313441	1013.00	27.44	32.41	90.4	28.22	32.41	84.0	27.13	32.41	93.1	26.31	32.41	100.7
20/06/2018 2:24:02 PM	3612313442	1013.00	27.44	32.41	90.4	28.21	32.41	84.1	27.10	32.41	93.3	26.29	32.41	100.9
20/06/2018 2:24:03 PM	3612313443	1013.00	27.45	32.41	90.3	28.27	32.41	83.7	27.07	32.41	93.6	26.28	32.41	101.0
20/06/2018 2:24:04 PM	3612313444	1013.00	27.45	32.41	90.3	28.25	32.41	83.8	27.08	32.41	93.5	26.28	32.41	101.0
20/06/2018 2:24:05 PM	3612313445	1013.00	27.47	32.41	90.1	28.26	32.41	83.7	27.09	32.41	93.4	26.26	32.41	101.2
20/06/2018 2:24:06 PM	3612313446	1013.00	27.50	32.42	89.9	28.26	32.42	83.7	27.10	32.42	93.3	26.27	32.42	101.1
20/06/2018 2:24:07 PM	3612313447	1013.00	27.49	32.41	90.0	28.30	32.41	83.4	27.10	32.41	93.3	26.28	32.41	101.0
20/06/2018 2:24:08 PM	3612313448	1013.00	27.51	32.41	89.8	28.30	32.41	83.4	27.09	32.41	93.4	26.26	32.41	101.2
20/06/2018 2:24:09 PM	3612313449	1013.00	27.49	32.41	90.0	28.33	32.41	83.2	27.13	32.41	93.1	26.28	32.41	101.0
20/06/2018 2:24:10 PM	3612313450	1013.00	27.48	32.40	90.1	28.27	32.40	83.7	27.11	32.40	93.3	26.27	32.40	101.1
20/06/2018 2:24:11 PM	3612313451	1013.00	27.48	32.40	90.1	28.28	32.40	83.6	27.12	32.40	93.2	26.27	32.40	101.1
20/06/2018 2:24:12 PM	3612313452	1013.00	27.48	32.41	90.1	28.31	32.41	83.3	27.10	32.41	93.3	26.29	32.41	100.9
20/06/2018 2:24:13 PM	3612313453	1013.00	27.49	32.41	90.0	28.30	32.41	83.4	27.13	32.41	93.1	26.28	32.41	101.0
20/06/2018 2:24:14 PM	3612313454	1013.00	27.49	32.41	90.0	28.26	32.41	83.7	27.12	32.41	93.2	26.28	32.41	101.0
20/06/2018 2:24:15 PM	3612313455	1013.00	27.49	32.41	90.0	28.29	32.41	83.5	27.09	32.41	93.4	26.28	32.41	101.0
20/06/2018 2:24:16 PM	3612313456	1013.00	27.52	32.42	89.7	28.29	32.42	83.5	27.14	32.42	93.0	26.27	32.42	101.1
20/06/2018 2:24:17 PM	3612313457	1013.00	27.53	32.42	89.6	28.27	32.42	83.6	27.14	32.42	93.0	26.27	32.42	101.1
20/06/2018 2:24:18 PM	3612313458	1013.00	27.53	32.42	89.6	28.29	32.42	83.5	27.18	32.42	92.6	26.30	32.42	100.8
20/06/2018 2:24:19 PM	3612313459	1013.00	27.49	32.42	90.0	28.29	32.42	83.5	27.14	32.42	93.0	26.28	32.42	101.0
20/06/2018 2:24:20 PM	3612313460	1013.00	27.54	32.43	89.5	28.27	32.43	83.6	27.18	32.43	92.6	26.31	32.43	100.6
20/06/2018 2:24:21 PM	3612313461	1013.00	27.52	32.43	89.7	28.30	32.43	83.4	27.17	32.43	92.7	26.27	32.43	101.0
20/06/2018 2:24:22 PM	3612313462	1013.00	27.53	32.42	89.6	28.30	32.42	83.4	27.12	32.42	93.2	26.26	32.42	101.2
20/06/2018 2:24:23 PM	3612313463	1013.00	27.52	32.42	89.7	28.33	32.42	83.2	27.14	32.42	93.0	26.26	32.42	101.2
20/06/2018 2:24:24 PM	3612313464	1013.00	27.53	32.41	89.6	28.34	32.41	83.1	27.12	32.41	93.2	26.34	32.41	100.4
20/06/2018 2:24:25 PM	3612313465	1013.00	27.53	32.40	89.6	28.33	32.40	83.2	27.16	32.40	92.8	26.30	32.40	100.8
20/06/2018 2:24:26 PM	3612313466	1013.00	27.54	32.40	89.6	28.32	32.40	83.3	27.13	32.40	93.1	26.27	32.40	101.1
20/06/2018 2:24:27 PM	3612313467	1013.00	27.53	32.40	89.6	28.29	32.40	83.5	27.14	32.40	93.0	26.28	32.40	101.0
20/06/2018 2:24:28 PM	3612313468	1013.00	27.57	32.40	89.3	28.30	32.40	83.4	27.14	32.40	93.0	26.27	32.40	101.1
20/06/2018 2:24:29 PM	3612313469	1013.00	27.54	32.41	89.5	28.30	32.41	83.4	27.14	32.41	93.0	26.25	32.41	101.3
20/06/2018 2:24:30 PM	3612313470	1013.00	27.53	32.41	89.6	28.31	32.41	83.3	27.14	32.41	93.0	26.28	32.41	101.0
20/06/2018 2:24:31 PM	3612313471	1013.00	27.55	32.42	89.4	28.39	32.42	82.7	27.15	32.42	92.9	26.29	32.42	100.9
20/06/2018 2:24:32 PM	3612313472	1013.00	27.54	32.41	89.5	28.33	32.41	83.2	27.13	32.41	93.1	26.29	32.41	100.9
20/06/2018 2:24:33 PM	3612313473	1013.00	27.55	32.41	89.5	28.39	32.41	82.7	27.16	32.41	92.8	26.28	32.41	101.0
20/06/2018 2:24:34 PM	3612313474	1013.00	27.54	32.41	89.5	28.35	32.41	83.0	27.13	32.41	93.1	26.30	32.41	100.8
20/06/2018 2:24:35 PM	3612313475	1013.00	27.56	32.41	89.4	28.38	32.41	82.8	27.17	32.41	92.7	26.27	32.41	101.1
20/06/2018 2:24:36 PM	3612313476	1013.00	27.53	32.42	89.6	28.37	32.42	82.9	27.16	32.42	92.8	26.27	32.42	101.1
