Date & time of file creation	13/06/2018 1:46 PM													
Data file path	C:\Users\ameli\Desktop\Diego Barneche\13_06_2018\26_C_new_witrox_12.txt													
														
														
CALIBRATION DATA														
Parameter/Channel	N moving average	LO phase [r.U.]	HI phase [r.U.]	LO oxygen [%air saturation]	HI oxygen [%air saturation]	LO temperature [°C]	HI temperature [°C]	Salinity [‰]						
SDWD0003000199      , CH 1	1	59.41	26.98	0.00	100.00	26.00	25.97	0.000						
SDWD0003000199      , CH 2	1	59.41	26.98	0.00	100.00	26.00	25.97	0.000						
SDWD0003000199      , CH 3	1	59.41	26.98	0.00	100.00	26.00	25.97	0.000						
SDWD0003000199      , CH 4	1	59.41	26.98	0.00	100.00	26.00	25.97	0.000						
														
														
Date &Time [DD-MM-YYYY HH:MM:SS]	Time stamp code	Barometric pressure [hPa]	SDWD0003000199      , CH 1 phase [r.U.]	SDWD0003000199      , CH 1 temp [°C]	SDWD0003000199      , CH 1 O2 [% air saturation]	SDWD0003000199      , CH 2 phase [r.U.]	SDWD0003000199      , CH 2 temp [°C]	SDWD0003000199      , CH 2 O2 [% air saturation]	SDWD0003000199      , CH 3 phase [r.U.]	SDWD0003000199      , CH 3 temp [°C]	SDWD0003000199      , CH 3 O2 [% air saturation]	SDWD0003000199      , CH 4 phase [r.U.]	SDWD0003000199      , CH 4 temp [°C]	SDWD0003000199      , CH 4 O2 [% air saturation]
13/06/2018 1:47:19 PM	3611706439	1013.00	28.04	26.00	90.5	27.98	26.00	91.0	27.44	26.00	95.7	27.13	26.00	98.5
13/06/2018 1:47:20 PM	3611706440	1013.00	28.08	26.00	90.1	27.96	26.00	91.1	27.47	26.00	95.4	27.20	26.00	97.9
13/06/2018 1:47:21 PM	3611706441	1013.00	28.08	25.99	90.1	27.97	25.99	91.1	27.45	25.99	95.6	27.19	25.99	98.0
13/06/2018 1:47:22 PM	3611706442	1013.00	28.06	25.99	90.3	27.94	25.99	91.3	27.46	25.99	95.5	27.18	25.99	98.1
13/06/2018 1:47:23 PM	3611706443	1013.00	28.10	25.99	90.0	27.97	25.99	91.1	27.49	25.99	95.3	27.15	25.99	98.4
13/06/2018 1:47:24 PM	3611706444	1013.00	28.07	25.98	90.2	27.98	25.98	91.0	27.44	25.98	95.7	27.14	25.98	98.5
13/06/2018 1:47:25 PM	3611706445	1013.00	28.06	25.98	90.3	28.03	25.98	90.6	27.47	25.98	95.5	27.17	25.98	98.2
13/06/2018 1:47:26 PM	3611706446	1013.00	28.06	25.99	90.3	27.99	25.99	90.9	27.41	25.99	96.0	27.16	25.99	98.3
13/06/2018 1:47:27 PM	3611706447	1013.00	28.05	25.99	90.4	27.98	25.99	91.0	27.49	25.99	95.3	27.21	25.99	97.8
13/06/2018 1:47:28 PM	3611706448	1013.00	28.10	25.99	90.0	28.06	25.99	90.3	27.49	25.99	95.3	27.17	25.99	98.2
13/06/2018 1:47:29 PM	3611706449	1013.00	28.08	26.00	90.1	28.00	26.00	90.8	27.50	26.00	95.2	27.22	26.00	97.7
13/06/2018 1:47:30 PM	3611706450	1013.00	28.07	26.00	90.2	27.96	26.00	91.1	27.47	26.00	95.4	27.16	26.00	98.3
13/06/2018 1:47:31 PM	3611706451	1013.00	28.07	26.00	90.2	28.04	26.00	90.5	27.52	26.00	95.0	27.20	26.00	97.9
13/06/2018 1:47:32 PM	3611706452	1013.00	28.09	26.01	90.0	28.03	26.01	90.5	27.51	26.01	95.0	27.22	26.01	97.7
13/06/2018 1:47:33 PM	3611706453	1013.00	28.10	26.01	90.0	28.03	26.01	90.5	27.46	26.01	95.5	27.16	26.01	98.2
13/06/2018 1:47:34 PM	3611706454	1013.00	28.08	26.01	90.1	28.04	26.01	90.5	27.47	26.01	95.4	27.21	26.01	97.8
13/06/2018 1:47:35 PM	3611706455	1013.00	28.08	26.00	90.1	28.01	26.00	90.7	27.49	26.00	95.2	27.18	26.00	98.1
13/06/2018 1:47:36 PM	3611706456	1013.00	28.05	26.00	90.4	28.00	26.00	90.8	27.47	26.00	95.4	27.23	26.00	97.6
13/06/2018 1:47:37 PM	3611706457	1013.00	28.11	25.99	89.9	27.99	25.99	90.9	27.43	25.99	95.8	27.20	25.99	97.9
13/06/2018 1:47:38 PM	3611706458	1013.00	28.10	25.99	90.0	28.00	25.99	90.8	27.49	25.99	95.3	27.20	25.99	97.9
13/06/2018 1:47:39 PM	3611706459	1013.00	28.08	25.99	90.1	28.05	25.99	90.4	27.46	25.99	95.5	27.18	25.99	98.1
13/06/2018 1:47:40 PM	3611706460	1013.00	28.10	25.99	90.0	27.97	25.99	91.1	27.47	25.99	95.4	27.18	25.99	98.1
13/06/2018 1:47:41 PM	3611706461	1013.00	28.07	26.00	90.2	27.97	26.00	91.1	27.43	26.00	95.8	27.19	26.00	98.0
13/06/2018 1:47:42 PM	3611706462	1013.00	28.09	25.99	90.1	27.99	25.99	90.9	27.42	25.99	95.9	27.22	25.99	97.7
13/06/2018 1:47:43 PM	3611706463	1013.00	28.13	26.00	89.7	28.00	26.00	90.8	27.51	26.00	95.1	27.18	26.00	98.1
13/06/2018 1:47:44 PM	3611706464	1013.00	28.10	26.00	90.0	27.95	26.00	91.2	27.46	26.00	95.5	27.21	26.00	97.8
13/06/2018 1:47:45 PM	3611706465	1013.00	28.08	25.99	90.1	27.98	25.99	91.0	27.41	25.99	96.0	27.23	25.99	97.6
13/06/2018 1:47:46 PM	3611706466	1013.00	28.10	26.00	90.0	28.00	26.00	90.8	27.51	26.00	95.1	27.17	26.00	98.2
13/06/2018 1:47:47 PM	3611706467	1013.00	28.12	26.00	89.8	28.00	26.00	90.8	27.49	26.00	95.2	27.19	26.00	98.0
13/06/2018 1:47:48 PM	3611706468	1013.00	28.10	26.00	90.0	28.02	26.00	90.6	27.46	26.00	95.5	27.20	26.00	97.9
13/06/2018 1:47:49 PM	3611706469	1013.00	28.12	26.00	89.8	28.03	26.00	90.6	27.47	26.00	95.4	27.22	26.00	97.7
13/06/2018 1:47:50 PM	3611706470	1013.00	28.10	26.00	90.0	27.99	26.00	90.9	27.49	26.00	95.2	27.23	26.00	97.6
13/06/2018 1:47:51 PM	3611706471	1013.00	28.10	25.99	90.0	28.04	25.99	90.5	27.49	25.99	95.3	27.24	25.99	97.5
13/06/2018 1:47:52 PM	3611706472	1013.00	28.11	25.99	89.9	27.99	25.99	90.9	27.48	25.99	95.3	27.26	25.99	97.3
13/06/2018 1:47:53 PM	3611706473	1013.00	28.08	25.99	90.1	28.02	25.99	90.7	27.47	25.99	95.4	27.20	25.99	97.9
13/06/2018 1:47:54 PM	3611706474	1013.00	28.11	25.99	89.9	28.01	25.99	90.7	27.47	25.99	95.4	27.24	25.99	97.5
13/06/2018 1:47:55 PM	3611706475	1013.00	28.09	25.99	90.1	28.03	25.99	90.6	27.48	25.99	95.3	27.23	25.99	97.6
13/06/2018 1:47:56 PM	3611706476	1013.00	28.11	25.99	89.9	28.01	25.99	90.7	27.46	25.99	95.5	27.23	25.99	97.6
13/06/2018 1:47:57 PM	3611706477	1013.00	28.12	26.00	89.8	28.02	26.00	90.6	27.50	26.00	95.2	27.23	26.00	97.6
13/06/2018 1:47:58 PM	3611706478	1013.00	28.10	26.00	90.0	28.00	26.00	90.8	27.43	26.00	95.8	27.16	26.00	98.3
13/06/2018 1:47:59 PM	3611706479	1013.00	28.08	26.00	90.1	28.03	26.00	90.6	27.46	26.00	95.5	27.21	26.00	97.8
13/06/2018 1:48:00 PM	3611706480	1013.00	28.09	26.00	90.0	28.02	26.00	90.6	27.46	26.00	95.5	27.27	26.00	97.2
13/06/2018 1:48:01 PM	3611706481	1013.00	28.12	26.00	89.8	28.01	26.00	90.7	27.46	26.00	95.5	27.20	26.00	97.9
13/06/2018 1:48:02 PM	3611706482	1013.00	28.08	25.99	90.1	28.02	25.99	90.7	27.48	25.99	95.3	27.23	25.99	97.6
13/06/2018 1:48:03 PM	3611706483	1013.00	28.09	25.99	90.1	28.03	25.99	90.6	27.46	25.99	95.5	27.20	25.99	97.9
13/06/2018 1:48:04 PM	3611706484	1013.00	28.13	25.99	89.7	28.03	25.99	90.6	27.39	25.99	96.2	27.22	25.99	97.7
13/06/2018 1:48:05 PM	3611706485	1013.00	28.11	26.00	89.9	28.05	26.00	90.4	27.45	26.00	95.6	27.19	26.00	98.0
13/06/2018 1:48:06 PM	3611706486	1013.00	28.07	26.00	90.2	28.01	26.00	90.7	27.51	26.00	95.1	27.18	26.00	98.1
13/06/2018 1:48:07 PM	3611706487	1013.00	28.12	25.99	89.8	28.08	25.99	90.1	27.53	25.99	94.9	27.20	25.99	97.9
13/06/2018 1:48:08 PM	3611706488	1013.00	28.10	25.99	90.0	28.04	25.99	90.5	27.46	25.99	95.5	27.26	25.99	97.3
13/06/2018 1:48:09 PM	3611706489	1013.00	28.14	25.99	89.6	28.05	25.99	90.4	27.52	25.99	95.0	27.26	25.99	97.3
13/06/2018 1:48:10 PM	3611706490	1013.00	28.14	25.99	89.6	28.03	25.99	90.6	27.48	25.99	95.3	27.23	25.99	97.6
13/06/2018 1:48:11 PM	3611706491	1013.00	28.11	25.99	89.9	28.09	25.99	90.1	27.48	25.99	95.3	27.22	25.99	97.7
13/06/2018 1:48:12 PM	3611706492	1013.00	28.14	25.99	89.6	28.09	25.99	90.1	27.50	25.99	95.2	27.21	25.99	97.8
13/06/2018 1:48:13 PM	3611706493	1013.00	28.11	25.99	89.9	28.03	25.99	90.6	27.39	25.99	96.2	27.24	25.99	97.5
13/06/2018 1:48:14 PM	3611706494	1013.00	28.12	25.99	89.8	27.99	25.99	90.9	27.42	25.99	95.9	27.23	25.99	97.6
13/06/2018 1:48:15 PM	3611706495	1013.00	28.09	26.00	90.0	28.00	26.00	90.8	27.45	26.00	95.6	27.31	26.00	96.9
13/06/2018 1:48:16 PM	3611706496	1013.00	28.12	26.00	89.8	28.06	26.00	90.3	27.47	26.00	95.4	27.18	26.00	98.1
13/06/2018 1:48:17 PM	3611706497	1013.00	28.13	26.00	89.7	28.05	26.00	90.4	27.52	26.00	95.0	27.23	26.00	97.6
13/06/2018 1:48:18 PM	3611706498	1013.00	28.14	26.00	89.6	28.01	26.00	90.7	27.46	26.00	95.5	27.22	26.00	97.7
13/06/2018 1:48:19 PM	3611706499	1013.00	28.10	26.00	90.0	28.03	26.00	90.6	27.49	26.00	95.2	27.18	26.00	98.1
13/06/2018 1:48:20 PM	3611706500	1013.00	28.10	26.00	90.0	28.01	26.00	90.7	27.49	26.00	95.2	27.21	26.00	97.8
13/06/2018 1:48:21 PM	3611706501	1013.00	28.15	26.00	89.5	28.05	26.00	90.4	27.39	26.00	96.1	27.17	26.00	98.2
13/06/2018 1:48:22 PM	3611706502	1013.00	28.10	26.00	90.0	27.99	26.00	90.9	27.47	26.00	95.4	27.22	26.00	97.7
13/06/2018 1:48:23 PM	3611706503	1013.00	28.11	26.00	89.9	28.03	26.00	90.6	27.50	26.00	95.2	27.23	26.00	97.6
13/06/2018 1:48:24 PM	3611706504	1013.00	28.12	26.00	89.8	28.01	26.00	90.7	27.41	26.00	96.0	27.25	26.00	97.4
13/06/2018 1:48:25 PM	3611706505	1013.00	28.12	26.01	89.8	28.05	26.01	90.4	27.49	26.01	95.2	27.26	26.01	97.3
13/06/2018 1:48:26 PM	3611706506	1013.00	28.14	26.00	89.6	28.05	26.00	90.4	27.48	26.00	95.3	27.21	26.00	97.8
13/06/2018 1:48:27 PM	3611706507	1013.00	28.15	26.00	89.5	28.07	26.00	90.2	27.45	26.00	95.6	27.24	26.00	97.5
13/06/2018 1:48:28 PM	3611706508	1013.00	28.13	26.01	89.7	28.08	26.01	90.1	27.49	26.01	95.2	27.25	26.01	97.4
13/06/2018 1:48:29 PM	3611706509	1013.00	28.11	26.01	89.9	28.09	26.01	90.0	27.48	26.01	95.3	27.30	26.01	96.9
13/06/2018 1:48:30 PM	3611706510	1013.00	28.11	26.00	89.9	28.04	26.00	90.5	27.47	26.00	95.4	27.31	26.00	96.9
13/06/2018 1:48:31 PM	3611706511	1013.00	28.12	26.00	89.8	28.09	26.00	90.0	27.47	26.00	95.4	27.21	26.00	97.8
13/06/2018 1:48:32 PM	3611706512	1013.00	28.13	26.00	89.7	28.07	26.00	90.2	27.51	26.00	95.1	27.23	26.00	97.6
13/06/2018 1:48:33 PM	3611706513	1013.00	28.15	26.00	89.5	28.11	26.00	89.9	27.46	26.00	95.5	27.23	26.00	97.6
13/06/2018 1:48:34 PM	3611706514	1013.00	28.12	26.00	89.8	28.08	26.00	90.1	27.49	26.00	95.2	27.25	26.00	97.4
13/06/2018 1:48:35 PM	3611706515	1013.00	28.15	25.99	89.6	28.06	25.99	90.3	27.43	25.99	95.8	27.27	25.99	97.3
13/06/2018 1:48:36 PM	3611706516	1013.00	28.14	25.99	89.6	28.08	25.99	90.1	27.51	25.99	95.1	27.29	25.99	97.1
13/06/2018 1:48:37 PM	3611706517	1013.00	28.10	25.99	90.0	28.06	25.99	90.3	27.50	25.99	95.2	27.22	25.99	97.7
13/06/2018 1:48:38 PM	3611706518	1013.00	28.18	25.99	89.3	28.06	25.99	90.3	27.49	25.99	95.3	27.31	25.99	96.9
13/06/2018 1:48:39 PM	3611706519	1013.00	28.13	25.99	89.7	28.09	25.99	90.1	27.51	25.99	95.1	27.29	25.99	97.1
13/06/2018 1:48:40 PM	3611706520	1013.00	28.13	25.99	89.7	28.08	25.99	90.1	27.48	25.99	95.3	27.27	25.99	97.3
13/06/2018 1:48:41 PM	3611706521	1013.00	28.13	25.99	89.7	28.05	25.99	90.4	27.45	25.99	95.6	27.24	25.99	97.5
13/06/2018 1:48:42 PM	3611706522	1013.00	28.16	25.99	89.5	28.06	25.99	90.3	27.46	25.99	95.5	27.25	25.99	97.4
13/06/2018 1:48:43 PM	3611706523	1013.00	28.16	25.99	89.5	28.06	25.99	90.3	27.51	25.99	95.1	27.28	25.99	97.2
13/06/2018 1:48:44 PM	3611706524	1013.00	28.11	25.98	89.9	28.08	25.98	90.2	27.46	25.98	95.5	27.31	25.98	96.9
13/06/2018 1:48:45 PM	3611706525	1013.00	28.17	25.98	89.4	28.07	25.98	90.2	27.48	25.98	95.4	27.25	25.98	97.5
13/06/2018 1:48:46 PM	3611706526	1013.00	28.14	25.98	89.7	28.09	25.98	90.1	27.54	25.98	94.8	27.30	25.98	97.0
13/06/2018 1:48:47 PM	3611706527	1013.00	28.16	25.98	89.5	28.11	25.98	89.9	27.49	25.98	95.3	27.22	25.98	97.7
13/06/2018 1:48:48 PM	3611706528	1013.00	28.14	25.98	89.7	28.06	25.98	90.3	27.48	25.98	95.4	27.17	25.98	98.2
13/06/2018 1:48:49 PM	3611706529	1013.00	28.13	25.99	89.7	28.06	25.99	90.3	27.44	25.99	95.7	27.29	25.99	97.1
13/06/2018 1:48:50 PM	3611706530	1013.00	28.13	25.99	89.7	28.07	25.99	90.2	27.49	25.99	95.3	27.27	25.99	97.3
13/06/2018 1:48:51 PM	3611706531	1013.00	28.13	25.99	89.7	28.09	25.99	90.1	27.52	25.99	95.0	27.25	25.99	97.4
13/06/2018 1:48:52 PM	3611706532	1013.00	28.15	25.99	89.6	28.07	25.99	90.2	27.47	25.99	95.4	27.25	25.99	97.4
13/06/2018 1:48:53 PM	3611706533	1013.00	28.14	25.99	89.6	28.09	25.99	90.1	27.50	25.99	95.2	27.27	25.99	97.3
13/06/2018 1:48:54 PM	3611706534	1013.00	28.17	25.99	89.4	28.08	25.99	90.1	27.59	25.99	94.4	27.24	25.99	97.5
13/06/2018 1:48:55 PM	3611706535	1013.00	28.17	25.99	89.4	28.08	25.99	90.1	27.48	25.99	95.3	27.23	25.99	97.6
13/06/2018 1:48:56 PM	3611706536	1013.00	28.16	26.00	89.5	28.14	26.00	89.6	27.53	26.00	94.9	27.21	26.00	97.8
13/06/2018 1:48:57 PM	3611706537	1013.00	28.12	26.00	89.8	28.10	26.00	90.0	27.43	26.00	95.8	27.27	26.00	97.2
13/06/2018 1:48:58 PM	3611706538	1013.00	28.13	26.00	89.7	28.09	26.00	90.0	27.50	26.00	95.2	27.25	26.00	97.4
13/06/2018 1:48:59 PM	3611706539	1013.00	28.13	26.00	89.7	28.14	26.00	89.6	27.49	26.00	95.2	27.26	26.00	97.3
13/06/2018 1:49:00 PM	3611706540	1013.00	28.14	25.99	89.6	28.10	25.99	90.0	27.53	25.99	94.9	27.27	25.99	97.3
13/06/2018 1:49:01 PM	3611706541	1013.00	28.16	25.99	89.5	28.07	25.99	90.2	27.46	25.99	95.5	27.24	25.99	97.5
13/06/2018 1:49:02 PM	3611706542	1013.00	28.16	25.99	89.5	28.13	25.99	89.7	27.51	25.99	95.1	27.27	25.99	97.3
13/06/2018 1:49:03 PM	3611706543	1013.00	28.16	25.99	89.5	28.13	25.99	89.7	27.53	25.99	94.9	27.25	25.99	97.4
13/06/2018 1:49:04 PM	3611706544	1013.00	28.17	25.99	89.4	28.07	25.99	90.2	27.48	25.99	95.3	27.32	25.99	96.8
13/06/2018 1:49:05 PM	3611706545	1013.00	28.11	25.99	89.9	28.09	25.99	90.1	27.48	25.99	95.3	27.26	25.99	97.3
13/06/2018 1:49:06 PM	3611706546	1013.00	28.17	25.99	89.4	28.09	25.99	90.1	27.51	25.99	95.1	27.23	25.99	97.6
13/06/2018 1:49:07 PM	3611706547	1013.00	28.16	25.99	89.5	28.12	25.99	89.8	27.53	25.99	94.9	27.28	25.99	97.2
13/06/2018 1:49:08 PM	3611706548	1013.00	28.16	25.99	89.5	28.15	25.99	89.6	27.53	25.99	94.9	27.28	25.99	97.2
13/06/2018 1:49:09 PM	3611706549	1013.00	28.16	25.98	89.5	28.14	25.98	89.7	27.52	25.98	95.0	27.25	25.98	97.5
13/06/2018 1:49:10 PM	3611706550	1013.00	28.14	25.99	89.6	28.07	25.99	90.2	27.55	25.99	94.7	27.29	25.99	97.1
13/06/2018 1:49:11 PM	3611706551	1013.00	28.16	25.99	89.5	28.12	25.99	89.8	27.49	25.99	95.3	27.31	25.99	96.9
13/06/2018 1:49:12 PM	3611706552	1013.00	28.17	25.99	89.4	28.10	25.99	90.0	27.41	25.99	96.0	27.30	25.99	97.0
13/06/2018 1:49:13 PM	3611706553	1013.00	28.18	25.99	89.3	28.08	25.99	90.1	27.48	25.99	95.3	27.28	25.99	97.2
13/06/2018 1:49:14 PM	3611706554	1013.00	28.12	25.99	89.8	28.11	25.99	89.9	27.46	25.99	95.5	27.31	25.99	96.9
13/06/2018 1:49:15 PM	3611706555	1013.00	28.16	25.98	89.5	28.14	25.98	89.7	27.49	25.98	95.3	27.23	25.98	97.6
13/06/2018 1:49:16 PM	3611706556	1013.00	28.16	25.98	89.5	28.14	25.98	89.7	27.44	25.98	95.7	27.26	25.98	97.4
13/06/2018 1:49:17 PM	3611706557	1013.00	28.17	25.99	89.4	28.16	25.99	89.5	27.54	25.99	94.8	27.23	25.99	97.6
13/06/2018 1:49:18 PM	3611706558	1013.00	28.13	25.99	89.7	28.17	25.99	89.4	27.52	25.99	95.0	27.30	25.99	97.0
13/06/2018 1:49:19 PM	3611706559	1013.00	28.18	25.99	89.3	28.13	25.99	89.7	27.53	25.99	94.9	27.28	25.99	97.2
13/06/2018 1:49:20 PM	3611706560	1013.00	28.14	25.99	89.6	28.09	25.99	90.1	27.43	25.99	95.8	27.27	25.99	97.3
13/06/2018 1:49:21 PM	3611706561	1013.00	28.19	25.99	89.2	28.12	25.99	89.8	27.48	25.99	95.3	27.31	25.99	96.9
13/06/2018 1:49:22 PM	3611706562	1013.00	28.18	25.99	89.3	28.13	25.99	89.7	27.50	25.99	95.2	27.25	25.99	97.4
13/06/2018 1:49:23 PM	3611706563	1013.00	28.16	25.99	89.5	28.13	25.99	89.7	27.52	25.99	95.0	27.36	25.99	96.4
13/06/2018 1:49:24 PM	3611706564	1013.00	28.16	25.98	89.5	28.14	25.98	89.7	27.49	25.98	95.3	27.27	25.98	97.3
13/06/2018 1:49:25 PM	3611706565	1013.00	28.15	25.98	89.6	28.14	25.98	89.7	27.47	25.98	95.5	27.33	25.98	96.7
13/06/2018 1:49:26 PM	3611706566	1013.00	28.18	25.98	89.3	28.14	25.98	89.7	27.55	25.98	94.7	27.29	25.98	97.1
13/06/2018 1:49:27 PM	3611706567	1013.00	28.14	25.98	89.7	28.15	25.98	89.6	27.51	25.98	95.1	27.26	25.98	97.4
13/06/2018 1:49:28 PM	3611706568	1013.00	28.21	25.98	89.1	28.15	25.98	89.6	27.53	25.98	94.9	27.26	25.98	97.4
13/06/2018 1:49:29 PM	3611706569	1013.00	28.15	25.98	89.6	28.14	25.98	89.7	27.51	25.98	95.1	27.31	25.98	96.9
13/06/2018 1:49:30 PM	3611706570	1013.00	28.21	25.97	89.1	28.15	25.97	89.6	27.53	25.97	94.9	27.32	25.97	96.8
13/06/2018 1:49:31 PM	3611706571	1013.00	28.17	25.97	89.4	28.11	25.97	89.9	27.48	25.97	95.4	27.37	25.97	96.4
13/06/2018 1:49:32 PM	3611706572	1013.00	28.18	25.98	89.3	28.14	25.98	89.7	27.51	25.98	95.1	27.31	25.98	96.9
13/06/2018 1:49:33 PM	3611706573	1013.00	28.14	25.98	89.7	28.15	25.98	89.6	27.49	25.98	95.3	27.31	25.98	96.9
13/06/2018 1:49:34 PM	3611706574	1013.00	28.17	25.98	89.4	28.14	25.98	89.7	27.47	25.98	95.5	27.31	25.98	96.9
13/06/2018 1:49:35 PM	3611706575	1013.00	28.19	25.98	89.2	28.11	25.98	89.9	27.50	25.98	95.2	27.31	25.98	96.9
13/06/2018 1:49:36 PM	3611706576	1013.00	28.17	25.98	89.4	28.15	25.98	89.6	27.49	25.98	95.3	27.29	25.98	97.1
13/06/2018 1:49:37 PM	3611706577	1013.00	28.19	25.98	89.2	28.19	25.98	89.2	27.53	25.98	94.9	27.23	25.98	97.6
13/06/2018 1:49:38 PM	3611706578	1013.00	28.20	25.98	89.2	28.19	25.98	89.2	27.54	25.98	94.8	27.33	25.98	96.7
13/06/2018 1:49:39 PM	3611706579	1013.00	28.19	25.98	89.2	28.16	25.98	89.5	27.48	25.98	95.4	27.33	25.98	96.7
13/06/2018 1:49:40 PM	3611706580	1013.00	28.18	25.98	89.3	28.15	25.98	89.6	27.55	25.98	94.7	27.35	25.98	96.5
13/06/2018 1:49:41 PM	3611706581	1013.00	28.16	25.98	89.5	28.18	25.98	89.3	27.50	25.98	95.2	27.32	25.98	96.8
13/06/2018 1:49:42 PM	3611706582	1013.00	28.21	25.98	89.1	28.22	25.98	89.0	27.52	25.98	95.0	27.34	25.98	96.6
13/06/2018 1:49:43 PM	3611706583	1013.00	28.20	25.98	89.2	28.16	25.98	89.5	27.57	25.98	94.6	27.29	25.98	97.1
13/06/2018 1:49:44 PM	3611706584	1013.00	28.21	25.97	89.1	28.18	25.97	89.3	27.46	25.97	95.6	27.43	25.97	95.8
13/06/2018 1:49:45 PM	3611706585	1013.00	28.20	25.97	89.2	28.21	25.97	89.1	27.54	25.97	94.8	27.37	25.97	96.4
13/06/2018 1:49:46 PM	3611706586	1013.00	28.17	25.97	89.4	28.22	25.97	89.0	27.47	25.97	95.5	27.39	25.97	96.2
13/06/2018 1:49:47 PM	3611706587	1013.00	28.17	25.97	89.4	28.24	25.97	88.9	27.51	25.97	95.1	27.36	25.97	96.5
13/06/2018 1:49:48 PM	3611706588	1013.00	28.19	25.96	89.3	28.21	25.96	89.1	27.53	25.96	94.9	27.32	25.96	96.8
13/06/2018 1:49:49 PM	3611706589	1013.00	28.16	25.96	89.5	28.20	25.96	89.2	27.56	25.96	94.7	27.28	25.96	97.2
13/06/2018 1:49:50 PM	3611706590	1013.00	28.17	25.96	89.4	28.19	25.96	89.3	27.57	25.96	94.6	27.35	25.96	96.6
13/06/2018 1:49:51 PM	3611706591	1013.00	28.18	25.96	89.4	28.18	25.96	89.4	27.56	25.96	94.7	27.38	25.96	96.3
13/06/2018 1:49:52 PM	3611706592	1013.00	28.18	25.96	89.4	28.22	25.96	89.0	27.52	25.96	95.0	27.36	25.96	96.5
13/06/2018 1:49:53 PM	3611706593	1013.00	28.24	25.97	88.9	28.21	25.97	89.1	27.54	25.97	94.8	27.39	25.97	96.2
13/06/2018 1:49:54 PM	3611706594	1013.00	28.20	25.96	89.2	28.17	25.96	89.4	27.52	25.96	95.0	27.39	25.96	96.2
13/06/2018 1:49:55 PM	3611706595	1013.00	28.21	25.96	89.1	28.19	25.96	89.3	27.59	25.96	94.4	27.36	25.96	96.5
13/06/2018 1:49:56 PM	3611706596	1013.00	28.18	25.96	89.4	28.20	25.96	89.2	27.55	25.96	94.8	27.34	25.96	96.7
13/06/2018 1:49:57 PM	3611706597	1013.00	28.19	25.96	89.3	28.20	25.96	89.2	27.57	25.96	94.6	27.33	25.96	96.8
13/06/2018 1:49:58 PM	3611706598	1013.00	28.19	25.96	89.3	28.19	25.96	89.3	27.55	25.96	94.8	27.34	25.96	96.7
13/06/2018 1:49:59 PM	3611706599	1013.00	28.20	25.96	89.2	28.23	25.96	88.9	27.50	25.96	95.2	27.38	25.96	96.3
13/06/2018 1:50:00 PM	3611706600	1013.00	28.21	25.96	89.1	28.22	25.96	89.0	27.50	25.96	95.2	27.37	25.96	96.4
13/06/2018 1:50:01 PM	3611706601	1013.00	28.21	25.96	89.1	28.19	25.96	89.3	27.51	25.96	95.1	27.44	25.96	95.8
13/06/2018 1:50:02 PM	3611706602	1013.00	28.23	25.96	88.9	28.21	25.96	89.1	27.50	25.96	95.2	27.42	25.96	95.9
13/06/2018 1:50:03 PM	3611706603	1013.00	28.22	25.96	89.0	28.23	25.96	88.9	27.56	25.96	94.7	27.40	25.96	96.1
13/06/2018 1:50:04 PM	3611706604	1013.00	28.24	25.96	88.9	28.23	25.96	88.9	27.54	25.96	94.9	27.41	25.96	96.0
13/06/2018 1:50:05 PM	3611706605	1013.00	28.19	25.97	89.3	28.24	25.97	88.9	27.57	25.97	94.6	27.34	25.97	96.6
13/06/2018 1:50:06 PM	3611706606	1013.00	28.18	25.97	89.3	28.21	25.97	89.1	27.54	25.97	94.8	27.43	25.97	95.8
13/06/2018 1:50:07 PM	3611706607	1013.00	28.21	25.97	89.1	28.25	25.97	88.8	27.53	25.97	94.9	27.38	25.97	96.3
13/06/2018 1:50:08 PM	3611706608	1013.00	28.23	25.97	88.9	28.26	25.97	88.7	27.57	25.97	94.6	27.37	25.97	96.4
13/06/2018 1:50:09 PM	3611706609	1013.00	28.25	25.96	88.8	28.26	25.96	88.7	27.53	25.96	94.9	27.37	25.96	96.4
13/06/2018 1:50:10 PM	3611706610	1013.00	28.24	25.96	88.9	28.24	25.96	88.9	27.59	25.96	94.4	27.39	25.96	96.2
13/06/2018 1:50:11 PM	3611706611	1013.00	28.22	25.96	89.0	28.27	25.96	88.6	27.52	25.96	95.0	27.37	25.96	96.4
13/06/2018 1:50:12 PM	3611706612	1013.00	28.25	25.96	88.8	28.25	25.96	88.8	27.58	25.96	94.5	27.42	25.96	95.9
13/06/2018 1:50:13 PM	3611706613	1013.00	28.26	25.95	88.7	28.24	25.95	88.9	27.58	25.95	94.5	27.37	25.95	96.4
13/06/2018 1:50:14 PM	3611706614	1013.00	28.22	25.96	89.0	28.28	25.96	88.5	27.56	25.96	94.7	27.40	25.96	96.1
13/06/2018 1:50:15 PM	3611706615	1013.00	28.21	25.96	89.1	28.23	25.96	88.9	27.58	25.96	94.5	27.44	25.96	95.8
13/06/2018 1:50:16 PM	3611706616	1013.00	28.22	25.96	89.0	28.24	25.96	88.9	27.56	25.96	94.7	27.40	25.96	96.1
13/06/2018 1:50:17 PM	3611706617	1013.00	28.26	25.96	88.7	28.25	25.96	88.8	27.54	25.96	94.9	27.43	25.96	95.8
13/06/2018 1:50:18 PM	3611706618	1013.00	28.22	25.96	89.0	28.23	25.96	88.9	27.50	25.96	95.2	27.47	25.96	95.5
13/06/2018 1:50:19 PM	3611706619	1013.00	28.20	25.96	89.2	28.25	25.96	88.8	27.56	25.96	94.7	27.42	25.96	95.9
13/06/2018 1:50:20 PM	3611706620	1013.00	28.25	25.96	88.8	28.28	25.96	88.5	27.57	25.96	94.6	27.33	25.96	96.8
13/06/2018 1:50:21 PM	3611706621	1013.00	28.22	25.97	89.0	28.28	25.97	88.5	27.55	25.97	94.8	27.40	25.97	96.1
13/06/2018 1:50:22 PM	3611706622	1013.00	28.21	25.97	89.1	28.29	25.97	88.4	27.55	25.97	94.8	27.39	25.97	96.2
13/06/2018 1:50:23 PM	3611706623	1013.00	28.22	25.97	89.0	28.28	25.97	88.5	27.57	25.97	94.6	27.47	25.97	95.5
13/06/2018 1:50:24 PM	3611706624	1013.00	28.26	25.96	88.7	28.26	25.96	88.7	27.56	25.96	94.7	27.45	25.96	95.7
13/06/2018 1:50:25 PM	3611706625	1013.00	28.23	25.96	88.9	28.26	25.96	88.7	27.60	25.96	94.3	27.45	25.96	95.7
13/06/2018 1:50:26 PM	3611706626	1013.00	28.23	25.96	88.9	28.26	25.96	88.7	27.58	25.96	94.5	27.38	25.96	96.3
13/06/2018 1:50:27 PM	3611706627	1013.00	28.25	25.96	88.8	28.31	25.96	88.3	27.55	25.96	94.8	27.43	25.96	95.8
13/06/2018 1:50:28 PM	3611706628	1013.00	28.24	25.96	88.9	28.27	25.96	88.6	27.61	25.96	94.2	27.45	25.96	95.7
13/06/2018 1:50:29 PM	3611706629	1013.00	28.23	25.96	88.9	28.30	25.96	88.4	27.51	25.96	95.1	27.42	25.96	95.9
13/06/2018 1:50:30 PM	3611706630	1013.00	28.26	25.95	88.7	28.28	25.95	88.6	27.53	25.95	95.0	27.44	25.95	95.8
13/06/2018 1:50:31 PM	3611706631	1013.00	28.27	25.95	88.6	28.31	25.95	88.3	27.51	25.95	95.1	27.44	25.95	95.8
13/06/2018 1:50:32 PM	3611706632	1013.00	28.25	25.95	88.8	28.25	25.95	88.8	27.54	25.95	94.9	27.42	25.95	96.0
13/06/2018 1:50:33 PM	3611706633	1013.00	28.24	25.95	88.9	28.27	25.95	88.6	27.55	25.95	94.8	27.43	25.95	95.9
13/06/2018 1:50:34 PM	3611706634	1013.00	28.24	25.95	88.9	28.29	25.95	88.5	27.55	25.95	94.8	27.46	25.95	95.6
13/06/2018 1:50:35 PM	3611706635	1013.00	28.24	25.96	88.9	28.29	25.96	88.5	27.54	25.96	94.9	27.43	25.96	95.8
13/06/2018 1:50:36 PM	3611706636	1013.00	28.25	25.95	88.8	28.26	25.95	88.7	27.55	25.95	94.8	27.44	25.95	95.8
13/06/2018 1:50:37 PM	3611706637	1013.00	28.23	25.96	88.9	28.30	25.96	88.4	27.45	25.96	95.7	27.47	25.96	95.5
13/06/2018 1:50:38 PM	3611706638	1013.00	28.27	25.96	88.6	28.31	25.96	88.3	27.52	25.96	95.0	27.48	25.96	95.4
13/06/2018 1:50:39 PM	3611706639	1013.00	28.28	25.95	88.6	28.29	25.95	88.5	27.57	25.95	94.6	27.45	25.95	95.7
13/06/2018 1:50:40 PM	3611706640	1013.00	28.28	25.95	88.6	28.31	25.95	88.3	27.56	25.95	94.7	27.44	25.95	95.8
13/06/2018 1:50:41 PM	3611706641	1013.00	28.24	25.95	88.9	28.35	25.95	88.0	27.57	25.95	94.6	27.39	25.95	96.2
13/06/2018 1:50:42 PM	3611706642	1013.00	28.31	25.95	88.3	28.35	25.95	88.0	27.59	25.95	94.4	27.42	25.95	96.0
13/06/2018 1:50:43 PM	3611706643	1013.00	28.31	25.96	88.3	28.33	25.96	88.1	27.59	25.96	94.4	27.43	25.96	95.8
13/06/2018 1:50:44 PM	3611706644	1013.00	28.23	25.96	88.9	28.29	25.96	88.5	27.50	25.96	95.2	27.45	25.96	95.7
13/06/2018 1:50:45 PM	3611706645	1013.00	28.29	25.96	88.5	28.33	25.96	88.1	27.58	25.96	94.5	27.45	25.96	95.7
13/06/2018 1:50:46 PM	3611706646	1013.00	28.30	25.96	88.4	28.30	25.96	88.4	27.57	25.96	94.6	27.44	25.96	95.8
13/06/2018 1:50:47 PM	3611706647	1013.00	28.28	25.96	88.5	28.31	25.96	88.3	27.55	25.96	94.8	27.44	25.96	95.8
13/06/2018 1:50:48 PM	3611706648	1013.00	28.25	25.95	88.8	28.35	25.95	88.0	27.54	25.95	94.9	27.43	25.95	95.9
13/06/2018 1:50:49 PM	3611706649	1013.00	28.25	25.96	88.8	28.31	25.96	88.3	27.57	25.96	94.6	27.43	25.96	95.8
13/06/2018 1:50:50 PM	3611706650	1013.00	28.26	25.96	88.7	28.35	25.96	88.0	27.60	25.96	94.3	27.47	25.96	95.5
13/06/2018 1:50:51 PM	3611706651	1013.00	28.29	25.96	88.5	28.35	25.96	88.0	27.54	25.96	94.9	27.44	25.96	95.8
13/06/2018 1:50:52 PM	3611706652	1013.00	28.26	25.96	88.7	28.34	25.96	88.0	27.57	25.96	94.6	27.50	25.96	95.2
13/06/2018 1:50:53 PM	3611706653	1013.00	28.27	25.96	88.6	28.31	25.96	88.3	27.55	25.96	94.8	27.48	25.96	95.4
13/06/2018 1:50:54 PM	3611706654	1013.00	28.28	25.96	88.5	28.31	25.96	88.3	27.61	25.96	94.2	27.48	25.96	95.4
13/06/2018 1:50:55 PM	3611706655	1013.00	28.25	25.97	88.8	28.39	25.97	87.6	27.55	25.97	94.8	27.52	25.97	95.0
13/06/2018 1:50:56 PM	3611706656	1013.00	28.25	25.96	88.8	28.36	25.96	87.9	27.56	25.96	94.7	27.48	25.96	95.4
13/06/2018 1:50:57 PM	3611706657	1013.00	28.30	25.96	88.4	28.34	25.96	88.0	27.57	25.96	94.6	27.52	25.96	95.0
13/06/2018 1:50:58 PM	3611706658	1013.00	28.25	25.95	88.8	28.33	25.95	88.1	27.62	25.95	94.2	27.52	25.95	95.1
13/06/2018 1:50:59 PM	3611706659	1013.00	28.28	25.95	88.6	28.38	25.95	87.7	27.60	25.95	94.3	27.54	25.95	94.9
13/06/2018 1:51:00 PM	3611706660	1013.00	28.29	25.96	88.5	28.37	25.96	87.8	27.60	25.96	94.3	27.42	25.96	95.9
13/06/2018 1:51:01 PM	3611706661	1013.00	28.28	25.96	88.5	28.33	25.96	88.1	27.59	25.96	94.4	27.46	25.96	95.6
13/06/2018 1:51:02 PM	3611706662	1013.00	28.32	25.96	88.2	28.37	25.96	87.8	27.54	25.96	94.9	27.52	25.96	95.0
13/06/2018 1:51:03 PM	3611706663	1013.00	28.28	25.96	88.5	28.34	25.96	88.0	27.64	25.96	94.0	27.49	25.96	95.3
13/06/2018 1:51:04 PM	3611706664	1013.00	28.25	25.97	88.8	28.34	25.97	88.0	27.59	25.97	94.4	27.53	25.97	94.9
13/06/2018 1:51:05 PM	3611706665	1013.00	28.26	25.96	88.7	28.36	25.96	87.9	27.60	25.96	94.3	27.52	25.96	95.0
13/06/2018 1:51:06 PM	3611706666	1013.00	28.30	25.96	88.4	28.33	25.96	88.1	27.55	25.96	94.8	27.55	25.96	94.8
13/06/2018 1:51:07 PM	3611706667	1013.00	28.26	25.96	88.7	28.32	25.96	88.2	27.57	25.96	94.6	27.47	25.96	95.5
13/06/2018 1:51:08 PM	3611706668	1013.00	28.29	25.96	88.5	28.38	25.96	87.7	27.63	25.96	94.1	27.49	25.96	95.3
13/06/2018 1:51:09 PM	3611706669	1013.00	28.28	25.96	88.5	28.38	25.96	87.7	27.59	25.96	94.4	27.52	25.96	95.0
13/06/2018 1:51:10 PM	3611706670	1013.00	28.28	25.96	88.5	28.35	25.96	88.0	27.61	25.96	94.2	27.50	25.96	95.2
13/06/2018 1:51:11 PM	3611706671	1013.00	28.28	25.96	88.5	28.38	25.96	87.7	27.61	25.96	94.2	27.51	25.96	95.1
13/06/2018 1:51:12 PM	3611706672	1013.00	28.28	25.96	88.5	28.35	25.96	88.0	27.60	25.96	94.3	27.51	25.96	95.1
13/06/2018 1:51:13 PM	3611706673	1013.00	28.29	25.96	88.5	28.39	25.96	87.6	27.61	25.96	94.2	27.49	25.96	95.3
13/06/2018 1:51:14 PM	3611706674	1013.00	28.27	25.96	88.6	28.38	25.96	87.7	27.61	25.96	94.2	27.55	25.96	94.8
13/06/2018 1:51:15 PM	3611706675	1013.00	28.29	25.96	88.5	28.39	25.96	87.6	27.58	25.96	94.5	27.54	25.96	94.9
13/06/2018 1:51:16 PM	3611706676	1013.00	28.30	25.96	88.4	28.40	25.96	87.6	27.58	25.96	94.5	27.55	25.96	94.8
13/06/2018 1:51:17 PM	3611706677	1013.00	28.29	25.96	88.5	28.37	25.96	87.8	27.61	25.96	94.2	27.56	25.96	94.7
13/06/2018 1:51:18 PM	3611706678	1013.00	28.27	25.96	88.6	28.38	25.96	87.7	27.65	25.96	93.9	27.57	25.96	94.6
13/06/2018 1:51:19 PM	3611706679	1013.00	28.31	25.97	88.3	28.38	25.97	87.7	27.57	25.97	94.6	27.53	25.97	94.9
13/06/2018 1:51:20 PM	3611706680	1013.00	28.34	25.97	88.0	28.43	25.97	87.3	27.62	25.97	94.1	27.52	25.97	95.0
13/06/2018 1:51:21 PM	3611706681	1013.00	28.31	25.97	88.3	28.39	25.97	87.6	27.63	25.97	94.0	27.55	25.97	94.8
13/06/2018 1:51:22 PM	3611706682	1013.00	28.30	25.96	88.4	28.38	25.96	87.7	27.64	25.96	94.0	27.52	25.96	95.0
13/06/2018 1:51:23 PM	3611706683	1013.00	28.29	25.96	88.5	28.41	25.96	87.5	27.51	25.96	95.1	27.49	25.96	95.3
13/06/2018 1:51:24 PM	3611706684	1013.00	28.35	25.96	88.0	28.43	25.96	87.3	27.60	25.96	94.3	27.50	25.96	95.2
13/06/2018 1:51:25 PM	3611706685	1013.00	28.31	25.96	88.3	28.46	25.96	87.1	27.62	25.96	94.2	27.55	25.96	94.8
13/06/2018 1:51:26 PM	3611706686	1013.00	28.32	25.96	88.2	28.44	25.96	87.2	27.66	25.96	93.8	27.51	25.96	95.1
13/06/2018 1:51:27 PM	3611706687	1013.00	28.31	25.96	88.3	28.40	25.96	87.6	27.69	25.96	93.5	27.50	25.96	95.2
13/06/2018 1:51:28 PM	3611706688	1013.00	28.29	25.95	88.5	28.45	25.95	87.2	27.62	25.95	94.2	27.59	25.95	94.4
13/06/2018 1:51:29 PM	3611706689	1013.00	28.33	25.95	88.1	28.40	25.95	87.6	27.65	25.95	93.9	27.57	25.95	94.6
13/06/2018 1:51:30 PM	3611706690	1013.00	28.33	25.95	88.1	28.38	25.95	87.7	27.63	25.95	94.1	27.58	25.95	94.5
13/06/2018 1:51:31 PM	3611706691	1013.00	28.32	25.95	88.2	28.41	25.95	87.5	27.64	25.95	94.0	27.58	25.95	94.5
13/06/2018 1:51:32 PM	3611706692	1013.00	28.33	25.96	88.1	28.46	25.96	87.1	27.65	25.96	93.9	27.53	25.96	94.9
13/06/2018 1:51:33 PM	3611706693	1013.00	28.34	25.96	88.0	28.44	25.96	87.2	27.66	25.96	93.8	27.61	25.96	94.2
13/06/2018 1:51:34 PM	3611706694	1013.00	28.35	25.96	88.0	28.44	25.96	87.2	27.66	25.96	93.8	27.62	25.96	94.2
13/06/2018 1:51:35 PM	3611706695	1013.00	28.33	25.96	88.1	28.46	25.96	87.1	27.64	25.96	94.0	27.61	25.96	94.2
13/06/2018 1:51:36 PM	3611706696	1013.00	28.35	25.97	88.0	28.47	25.97	87.0	27.63	25.97	94.0	27.61	25.97	94.2
13/06/2018 1:51:37 PM	3611706697	1013.00	28.31	25.97	88.3	28.44	25.97	87.2	27.62	25.97	94.1	27.57	25.97	94.6
13/06/2018 1:51:38 PM	3611706698	1013.00	28.34	25.96	88.0	28.46	25.96	87.1	27.66	25.96	93.8	27.64	25.96	94.0
13/06/2018 1:51:39 PM	3611706699	1013.00	28.34	25.96	88.0	28.44	25.96	87.2	27.61	25.96	94.2	27.60	25.96	94.3
13/06/2018 1:51:40 PM	3611706700	1013.00	28.34	25.95	88.1	28.47	25.95	87.0	27.65	25.95	93.9	27.62	25.95	94.2
13/06/2018 1:51:41 PM	3611706701	1013.00	28.30	25.95	88.4	28.44	25.95	87.3	27.66	25.95	93.8	27.62	25.95	94.2
13/06/2018 1:51:42 PM	3611706702	1013.00	28.36	25.95	87.9	28.44	25.95	87.3	27.57	25.95	94.6	27.54	25.95	94.9
13/06/2018 1:51:43 PM	3611706703	1013.00	28.31	25.95	88.3	28.45	25.95	87.2	27.58	25.95	94.5	27.58	25.95	94.5
13/06/2018 1:51:44 PM	3611706704	1013.00	28.34	25.96	88.0	28.47	25.96	87.0	27.60	25.96	94.3	27.63	25.96	94.1
13/06/2018 1:51:45 PM	3611706705	1013.00	28.35	25.96	88.0	28.46	25.96	87.1	27.64	25.96	94.0	27.65	25.96	93.9
13/06/2018 1:51:46 PM	3611706706	1013.00	28.32	25.96	88.2	28.48	25.96	86.9	27.64	25.96	94.0	27.61	25.96	94.2
13/06/2018 1:51:47 PM	3611706707	1013.00	28.35	25.96	88.0	28.49	25.96	86.8	27.65	25.96	93.9	27.66	25.96	93.8
13/06/2018 1:51:48 PM	3611706708	1013.00	28.32	25.96	88.2	28.45	25.96	87.2	27.62	25.96	94.2	27.61	25.96	94.2
13/06/2018 1:51:49 PM	3611706709	1013.00	28.33	25.95	88.1	28.44	25.95	87.3	27.61	25.95	94.3	27.59	25.95	94.4
13/06/2018 1:51:50 PM	3611706710	1013.00	28.34	25.95	88.1	28.49	25.95	86.9	27.64	25.95	94.0	27.65	25.95	93.9
13/06/2018 1:51:51 PM	3611706711	1013.00	28.34	25.96	88.0	28.49	25.96	86.8	27.66	25.96	93.8	27.64	25.96	94.0
13/06/2018 1:51:52 PM	3611706712	1013.00	28.40	25.96	87.6	28.49	25.96	86.8	27.62	25.96	94.2	27.66	25.96	93.8
13/06/2018 1:51:53 PM	3611706713	1013.00	28.34	25.96	88.0	28.50	25.96	86.8	27.66	25.96	93.8	27.68	25.96	93.6
13/06/2018 1:51:54 PM	3611706714	1013.00	28.31	25.96	88.3	28.53	25.96	86.5	27.61	25.96	94.2	27.68	25.96	93.6
13/06/2018 1:51:55 PM	3611706715	1013.00	28.35	25.96	88.0	28.48	25.96	86.9	27.65	25.96	93.9	27.69	25.96	93.5
13/06/2018 1:51:56 PM	3611706716	1013.00	28.35	25.96	88.0	28.51	25.96	86.7	27.65	25.96	93.9	27.70	25.96	93.4
13/06/2018 1:51:57 PM	3611706717	1013.00	28.35	25.96	88.0	28.47	25.96	87.0	27.64	25.96	94.0	27.65	25.96	93.9
13/06/2018 1:51:58 PM	3611706718	1013.00	28.37	25.96	87.8	28.48	25.96	86.9	27.66	25.96	93.8	27.61	25.96	94.2
13/06/2018 1:51:59 PM	3611706719	1013.00	28.37	25.96	87.8	28.49	25.96	86.8	27.66	25.96	93.8	27.67	25.96	93.7
13/06/2018 1:52:00 PM	3611706720	1013.00	28.36	25.96	87.9	28.51	25.96	86.7	27.70	25.96	93.4	27.71	25.96	93.4
13/06/2018 1:52:01 PM	3611706721	1013.00	28.38	25.96	87.7	28.50	25.96	86.8	27.68	25.96	93.6	27.70	25.96	93.4
13/06/2018 1:52:02 PM	3611706722	1013.00	28.36	25.96	87.9	28.50	25.96	86.8	27.66	25.96	93.8	27.64	25.96	94.0
13/06/2018 1:52:03 PM	3611706723	1013.00	28.35	25.96	88.0	28.50	25.96	86.8	27.69	25.96	93.5	27.69	25.96	93.5
13/06/2018 1:52:04 PM	3611706724	1013.00	28.41	25.96	87.5	28.55	25.96	86.4	27.64	25.96	94.0	27.68	25.96	93.6
13/06/2018 1:52:05 PM	3611706725	1013.00	28.36	25.96	87.9	28.50	25.96	86.8	27.68	25.96	93.6	27.64	25.96	94.0
13/06/2018 1:52:06 PM	3611706726	1013.00	28.35	25.97	88.0	28.53	25.97	86.5	27.65	25.97	93.9	27.72	25.97	93.3
13/06/2018 1:52:07 PM	3611706727	1013.00	28.36	25.96	87.9	28.53	25.96	86.5	27.60	25.96	94.3	27.71	25.96	93.4
13/06/2018 1:52:08 PM	3611706728	1013.00	28.40	25.97	87.5	28.51	25.97	86.7	27.72	25.97	93.3	27.71	25.97	93.3
13/06/2018 1:52:09 PM	3611706729	1013.00	28.39	25.97	87.6	28.54	25.97	86.4	27.67	25.97	93.7	27.69	25.97	93.5
13/06/2018 1:52:10 PM	3611706730	1013.00	28.40	25.96	87.6	28.52	25.96	86.6	27.69	25.96	93.5	27.67	25.96	93.7
13/06/2018 1:52:11 PM	3611706731	1013.00	28.36	25.96	87.9	28.56	25.96	86.3	27.68	25.96	93.6	27.70	25.96	93.4
13/06/2018 1:52:12 PM	3611706732	1013.00	28.39	25.96	87.6	28.54	25.96	86.4	27.66	25.96	93.8	27.71	25.96	93.4
13/06/2018 1:52:13 PM	3611706733	1013.00	28.36	25.96	87.9	28.55	25.96	86.4	27.64	25.96	94.0	27.73	25.96	93.2
13/06/2018 1:52:14 PM	3611706734	1013.00	28.37	25.96	87.8	28.53	25.96	86.5	27.72	25.96	93.3	27.76	25.96	92.9
13/06/2018 1:52:15 PM	3611706735	1013.00	28.37	25.96	87.8	28.51	25.96	86.7	27.62	25.96	94.2	27.68	25.96	93.6
13/06/2018 1:52:16 PM	3611706736	1013.00	28.36	25.96	87.9	28.50	25.96	86.8	27.66	25.96	93.8	27.70	25.96	93.4
13/06/2018 1:52:17 PM	3611706737	1013.00	28.40	25.96	87.6	28.51	25.96	86.7	27.67	25.96	93.7	27.71	25.96	93.4
13/06/2018 1:52:18 PM	3611706738	1013.00	28.39	25.96	87.6	28.49	25.96	86.8	27.67	25.96	93.7	27.74	25.96	93.1
13/06/2018 1:52:19 PM	3611706739	1013.00	28.39	25.96	87.6	28.54	25.96	86.4	27.71	25.96	93.4	27.67	25.96	93.7
13/06/2018 1:52:20 PM	3611706740	1013.00	28.39	25.96	87.6	28.54	25.96	86.4	27.64	25.96	94.0	27.71	25.96	93.4
13/06/2018 1:52:21 PM	3611706741	1013.00	28.36	25.96	87.9	28.54	25.96	86.4	27.68	25.96	93.6	27.72	25.96	93.3
13/06/2018 1:52:22 PM	3611706742	1013.00	28.39	25.96	87.6	28.53	25.96	86.5	27.67	25.96	93.7	27.72	25.96	93.3
13/06/2018 1:52:23 PM	3611706743	1013.00	28.41	25.95	87.5	28.55	25.95	86.4	27.69	25.95	93.6	27.73	25.95	93.2
13/06/2018 1:52:24 PM	3611706744	1013.00	28.39	25.95	87.7	28.60	25.95	86.0	27.71	25.95	93.4	27.69	25.95	93.6
13/06/2018 1:52:25 PM	3611706745	1013.00	28.43	25.95	87.3	28.58	25.95	86.1	27.71	25.95	93.4	27.71	25.95	93.4
13/06/2018 1:52:26 PM	3611706746	1013.00	28.41	25.95	87.5	28.58	25.95	86.1	27.73	25.95	93.2	27.73	25.95	93.2
13/06/2018 1:52:27 PM	3611706747	1013.00	28.44	25.95	87.3	28.56	25.95	86.3	27.68	25.95	93.6	27.71	25.95	93.4
13/06/2018 1:52:28 PM	3611706748	1013.00	28.43	25.96	87.3	28.56	25.96	86.3	27.66	25.96	93.8	27.81	25.96	92.5
13/06/2018 1:52:29 PM	3611706749	1013.00	28.39	25.95	87.7	28.57	25.95	86.2	27.73	25.95	93.2	27.77	25.95	92.9
13/06/2018 1:52:30 PM	3611706750	1013.00	28.41	25.96	87.5	28.57	25.96	86.2	27.67	25.96	93.7	27.76	25.96	92.9
13/06/2018 1:52:31 PM	3611706751	1013.00	28.39	25.96	87.6	28.61	25.96	85.9	27.72	25.96	93.3	27.78	25.96	92.8
13/06/2018 1:52:32 PM	3611706752	1013.00	28.41	25.95	87.5	28.58	25.95	86.1	27.70	25.95	93.5	27.72	25.95	93.3
13/06/2018 1:52:33 PM	3611706753	1013.00	28.40	25.95	87.6	28.59	25.95	86.1	27.69	25.95	93.6	27.74	25.95	93.1
13/06/2018 1:52:34 PM	3611706754	1013.00	28.45	25.96	87.2	28.61	25.96	85.9	27.70	25.96	93.4	27.74	25.96	93.1
13/06/2018 1:52:35 PM	3611706755	1013.00	28.44	25.96	87.2	28.61	25.96	85.9	27.69	25.96	93.5	27.70	25.96	93.4
13/06/2018 1:52:36 PM	3611706756	1013.00	28.39	25.96	87.6	28.57	25.96	86.2	27.71	25.96	93.4	27.80	25.96	92.6
13/06/2018 1:52:37 PM	3611706757	1013.00	28.42	25.96	87.4	28.60	25.96	86.0	27.73	25.96	93.2	27.77	25.96	92.8
13/06/2018 1:52:38 PM	3611706758	1013.00	28.43	25.96	87.3	28.58	25.96	86.1	27.73	25.96	93.2	27.76	25.96	92.9
13/06/2018 1:52:39 PM	3611706759	1013.00	28.42	25.95	87.4	28.54	25.95	86.5	27.73	25.95	93.2	27.78	25.95	92.8
13/06/2018 1:52:40 PM	3611706760	1013.00	28.42	25.95	87.4	28.61	25.95	85.9	27.72	25.95	93.3	27.75	25.95	93.0
13/06/2018 1:52:41 PM	3611706761	1013.00	28.42	25.95	87.4	28.62	25.95	85.8	27.68	25.95	93.6	27.78	25.95	92.8
13/06/2018 1:52:42 PM	3611706762	1013.00	28.43	25.95	87.3	28.56	25.95	86.3	27.72	25.95	93.3	27.77	25.95	92.9
13/06/2018 1:52:43 PM	3611706763	1013.00	28.44	25.95	87.3	28.60	25.95	86.0	27.69	25.95	93.6	27.77	25.95	92.9
13/06/2018 1:52:44 PM	3611706764	1013.00	28.39	25.95	87.7	28.61	25.95	85.9	27.71	25.95	93.4	27.79	25.95	92.7
13/06/2018 1:52:45 PM	3611706765	1013.00	28.40	25.95	87.6	28.65	25.95	85.6	27.68	25.95	93.6	27.78	25.95	92.8
13/06/2018 1:52:46 PM	3611706766	1013.00	28.42	25.95	87.4	28.62	25.95	85.8	27.77	25.95	92.9	27.75	25.95	93.0
13/06/2018 1:52:47 PM	3611706767	1013.00	28.40	25.96	87.6	28.61	25.96	85.9	27.67	25.96	93.7	27.84	25.96	92.2
13/06/2018 1:52:48 PM	3611706768	1013.00	28.43	25.96	87.3	28.63	25.96	85.7	27.73	25.96	93.2	27.81	25.96	92.5
13/06/2018 1:52:49 PM	3611706769	1013.00	28.41	25.96	87.5	28.61	25.96	85.9	27.72	25.96	93.3	27.81	25.96	92.5
13/06/2018 1:52:50 PM	3611706770	1013.00	28.41	25.96	87.5	28.62	25.96	85.8	27.71	25.96	93.4	27.84	25.96	92.2
13/06/2018 1:52:51 PM	3611706771	1013.00	28.43	25.96	87.3	28.62	25.96	85.8	27.76	25.96	92.9	27.83	25.96	92.3
13/06/2018 1:52:52 PM	3611706772	1013.00	28.41	25.96	87.5	28.64	25.96	85.7	27.73	25.96	93.2	27.79	25.96	92.7
13/06/2018 1:52:53 PM	3611706773	1013.00	28.43	25.96	87.3	28.60	25.96	86.0	27.71	25.96	93.4	27.84	25.96	92.2
13/06/2018 1:52:54 PM	3611706774	1013.00	28.44	25.95	87.3	28.63	25.95	85.7	27.69	25.95	93.6	27.80	25.95	92.6
13/06/2018 1:52:55 PM	3611706775	1013.00	28.44	25.95	87.3	28.65	25.95	85.6	27.64	25.95	94.0	27.80	25.95	92.6
13/06/2018 1:52:56 PM	3611706776	1013.00	28.45	25.95	87.2	28.60	25.95	86.0	27.71	25.95	93.4	27.83	25.95	92.3
13/06/2018 1:52:57 PM	3611706777	1013.00	28.44	25.95	87.3	28.63	25.95	85.7	27.67	25.95	93.7	27.81	25.95	92.5
13/06/2018 1:52:58 PM	3611706778	1013.00	28.43	25.96	87.3	28.64	25.96	85.7	27.73	25.96	93.2	27.89	25.96	91.8
13/06/2018 1:52:59 PM	3611706779	1013.00	28.48	25.96	86.9	28.65	25.96	85.6	27.70	25.96	93.4	27.88	25.96	91.9
13/06/2018 1:53:00 PM	3611706780	1013.00	28.43	25.96	87.3	28.64	25.96	85.7	27.77	25.96	92.8	27.88	25.96	91.9
13/06/2018 1:53:01 PM	3611706781	1013.00	28.42	25.96	87.4	28.65	25.96	85.6	27.67	25.96	93.7	27.85	25.96	92.1
13/06/2018 1:53:02 PM	3611706782	1013.00	28.44	25.96	87.2	28.68	25.96	85.3	27.70	25.96	93.4	27.89	25.96	91.8
13/06/2018 1:53:03 PM	3611706783	1013.00	28.48	25.96	86.9	28.63	25.96	85.7	27.76	25.96	92.9	27.88	25.96	91.9
13/06/2018 1:53:04 PM	3611706784	1013.00	28.43	25.96	87.3	28.66	25.96	85.5	27.74	25.96	93.1	27.89	25.96	91.8
13/06/2018 1:53:05 PM	3611706785	1013.00	28.43	25.96	87.3	28.63	25.96	85.7	27.72	25.96	93.3	27.86	25.96	92.1
13/06/2018 1:53:06 PM	3611706786	1013.00	28.47	25.96	87.0	28.65	25.96	85.6	27.75	25.96	93.0	27.87	25.96	92.0
13/06/2018 1:53:07 PM	3611706787	1013.00	28.47	25.96	87.0	28.64	25.96	85.7	27.67	25.96	93.7	27.89	25.96	91.8
13/06/2018 1:53:08 PM	3611706788	1013.00	28.46	25.95	87.1	28.68	25.95	85.4	27.69	25.95	93.6	27.85	25.95	92.2
13/06/2018 1:53:09 PM	3611706789	1013.00	28.43	25.95	87.3	28.68	25.95	85.4	27.75	25.95	93.0	27.91	25.95	91.6
13/06/2018 1:53:10 PM	3611706790	1013.00	28.47	25.95	87.0	28.66	25.95	85.5	27.77	25.95	92.9	27.89	25.95	91.8
13/06/2018 1:53:11 PM	3611706791	1013.00	28.46	25.95	87.1	28.64	25.95	85.7	27.77	25.95	92.9	27.88	25.95	91.9
13/06/2018 1:53:12 PM	3611706792	1013.00	28.47	25.94	87.0	28.62	25.94	85.8	27.70	25.94	93.5	27.88	25.94	91.9
13/06/2018 1:53:13 PM	3611706793	1013.00	28.44	25.95	87.3	28.69	25.95	85.3	27.76	25.95	92.9	27.96	25.95	91.2
13/06/2018 1:53:14 PM	3611706794	1013.00	28.48	25.95	86.9	28.67	25.95	85.4	27.68	25.95	93.6	27.88	25.95	91.9
13/06/2018 1:53:15 PM	3611706795	1013.00	28.46	25.94	87.1	28.69	25.94	85.3	27.76	25.94	93.0	27.92	25.94	91.6
13/06/2018 1:53:16 PM	3611706796	1013.00	28.46	25.95	87.1	28.70	25.95	85.2	27.75	25.95	93.0	27.94	25.95	91.4
13/06/2018 1:53:17 PM	3611706797	1013.00	28.45	25.95	87.2	28.67	25.95	85.4	27.73	25.95	93.2	27.90	25.95	91.7
13/06/2018 1:53:18 PM	3611706798	1013.00	28.52	25.95	86.6	28.69	25.95	85.3	27.77	25.95	92.9	27.85	25.95	92.2
13/06/2018 1:53:19 PM	3611706799	1013.00	28.46	25.95	87.1	28.68	25.95	85.4	27.72	25.95	93.3	27.83	25.95	92.3
13/06/2018 1:53:20 PM	3611706800	1013.00	28.48	25.95	86.9	28.68	25.95	85.4	27.72	25.95	93.3	27.95	25.95	91.3
13/06/2018 1:53:21 PM	3611706801	1013.00	28.49	25.95	86.9	28.67	25.95	85.4	27.73	25.95	93.2	27.91	25.95	91.6
13/06/2018 1:53:22 PM	3611706802	1013.00	28.44	25.95	87.3	28.70	25.95	85.2	27.75	25.95	93.0	27.91	25.95	91.6
13/06/2018 1:53:23 PM	3611706803	1013.00	28.47	25.95	87.0	28.67	25.95	85.4	27.79	25.95	92.7	27.87	25.95	92.0
13/06/2018 1:53:24 PM	3611706804	1013.00	28.48	25.94	86.9	28.73	25.94	85.0	27.71	25.94	93.4	27.89	25.94	91.8
13/06/2018 1:53:25 PM	3611706805	1013.00	28.45	25.95	87.2	28.71	25.95	85.1	27.77	25.95	92.9	27.93	25.95	91.5
13/06/2018 1:53:26 PM	3611706806	1013.00	28.48	25.95	86.9	28.69	25.95	85.3	27.74	25.95	93.1	27.90	25.95	91.7
13/06/2018 1:53:27 PM	3611706807	1013.00	28.48	25.95	86.9	28.69	25.95	85.3	27.74	25.95	93.1	27.91	25.95	91.6
13/06/2018 1:53:28 PM	3611706808	1013.00	28.49	25.95	86.9	28.69	25.95	85.3	27.77	25.95	92.9	27.88	25.95	91.9
13/06/2018 1:53:29 PM	3611706809	1013.00	28.46	25.95	87.1	28.71	25.95	85.1	27.81	25.95	92.5	27.94	25.95	91.4
13/06/2018 1:53:30 PM	3611706810	1013.00	28.47	25.95	87.0	28.71	25.95	85.1	27.76	25.95	92.9	27.90	25.95	91.7
13/06/2018 1:53:31 PM	3611706811	1013.00	28.46	25.95	87.1	28.70	25.95	85.2	27.74	25.95	93.1	27.95	25.95	91.3
13/06/2018 1:53:32 PM	3611706812	1013.00	28.47	25.95	87.0	28.70	25.95	85.2	27.76	25.95	92.9	27.90	25.95	91.7
13/06/2018 1:53:33 PM	3611706813	1013.00	28.50	25.95	86.8	28.69	25.95	85.3	27.74	25.95	93.1	27.87	25.95	92.0
13/06/2018 1:53:34 PM	3611706814	1013.00	28.47	25.95	87.0	28.73	25.95	85.0	27.79	25.95	92.7	27.97	25.95	91.1
13/06/2018 1:53:35 PM	3611706815	1013.00	28.45	25.95	87.2	28.70	25.95	85.2	27.77	25.95	92.9	27.98	25.95	91.1
13/06/2018 1:53:36 PM	3611706816	1013.00	28.51	25.95	86.7	28.71	25.95	85.1	27.75	25.95	93.0	27.95	25.95	91.3
13/06/2018 1:53:37 PM	3611706817	1013.00	28.47	25.95	87.0	28.71	25.95	85.1	27.79	25.95	92.7	27.91	25.95	91.6
13/06/2018 1:53:38 PM	3611706818	1013.00	28.47	25.95	87.0	28.72	25.95	85.0	27.75	25.95	93.0	27.91	25.95	91.6
13/06/2018 1:53:39 PM	3611706819	1013.00	28.45	25.95	87.2	28.69	25.95	85.3	27.74	25.95	93.1	27.97	25.95	91.1
13/06/2018 1:53:40 PM	3611706820	1013.00	28.51	25.95	86.7	28.74	25.95	84.9	27.76	25.95	92.9	27.97	25.95	91.1
13/06/2018 1:53:41 PM	3611706821	1013.00	28.49	25.95	86.9	28.75	25.95	84.8	27.78	25.95	92.8	27.92	25.95	91.6
13/06/2018 1:53:42 PM	3611706822	1013.00	28.48	25.95	86.9	28.71	25.95	85.1	27.74	25.95	93.1	27.94	25.95	91.4
13/06/2018 1:53:43 PM	3611706823	1013.00	28.49	25.95	86.9	28.71	25.95	85.1	27.78	25.95	92.8	27.98	25.95	91.1
13/06/2018 1:53:44 PM	3611706824	1013.00	28.47	25.95	87.0	28.72	25.95	85.0	27.81	25.95	92.5	27.96	25.95	91.2
13/06/2018 1:53:45 PM	3611706825	1013.00	28.51	25.95	86.7	28.74	25.95	84.9	27.77	25.95	92.9	27.91	25.95	91.6
13/06/2018 1:53:46 PM	3611706826	1013.00	28.48	25.95	86.9	28.71	25.95	85.1	27.82	25.95	92.4	27.98	25.95	91.1
13/06/2018 1:53:47 PM	3611706827	1013.00	28.50	25.95	86.8	28.72	25.95	85.0	27.79	25.95	92.7	27.95	25.95	91.3
13/06/2018 1:53:48 PM	3611706828	1013.00	28.51	25.95	86.7	28.71	25.95	85.1	27.81	25.95	92.5	27.97	25.95	91.1
13/06/2018 1:53:49 PM	3611706829	1013.00	28.51	25.95	86.7	28.72	25.95	85.0	27.85	25.95	92.2	27.97	25.95	91.1
13/06/2018 1:53:50 PM	3611706830	1013.00	28.49	25.95	86.9	28.74	25.95	84.9	27.79	25.95	92.7	27.99	25.95	91.0
13/06/2018 1:53:51 PM	3611706831	1013.00	28.54	25.95	86.5	28.68	25.95	85.4	27.83	25.95	92.3	27.95	25.95	91.3
13/06/2018 1:53:52 PM	3611706832	1013.00	28.51	25.95	86.7	28.74	25.95	84.9	27.81	25.95	92.5	27.98	25.95	91.1
13/06/2018 1:53:53 PM	3611706833	1013.00	28.50	25.95	86.8	28.72	25.95	85.0	27.79	25.95	92.7	27.96	25.95	91.2
13/06/2018 1:53:54 PM	3611706834	1013.00	28.52	25.95	86.6	28.73	25.95	85.0	27.84	25.95	92.2	27.98	25.95	91.1
13/06/2018 1:53:55 PM	3611706835	1013.00	28.52	25.96	86.6	28.72	25.96	85.0	27.83	25.96	92.3	27.95	25.96	91.3
13/06/2018 1:53:56 PM	3611706836	1013.00	28.50	25.96	86.8	28.72	25.96	85.0	27.87	25.96	92.0	27.95	25.96	91.3
13/06/2018 1:53:57 PM	3611706837	1013.00	28.52	25.96	86.6	28.73	25.96	84.9	27.77	25.96	92.8	27.97	25.96	91.1
13/06/2018 1:53:58 PM	3611706838	1013.00	28.54	25.96	86.4	28.75	25.96	84.8	27.79	25.96	92.7	27.94	25.96	91.4
13/06/2018 1:53:59 PM	3611706839	1013.00	28.53	25.95	86.5	28.75	25.95	84.8	27.81	25.95	92.5	27.98	25.95	91.1
13/06/2018 1:54:00 PM	3611706840	1013.00	28.57	25.95	86.2	28.78	25.95	84.6	27.78	25.95	92.8	28.00	25.95	90.9
13/06/2018 1:54:01 PM	3611706841	1013.00	28.54	25.95	86.5	28.72	25.95	85.0	27.77	25.95	92.9	28.01	25.95	90.8
13/06/2018 1:54:02 PM	3611706842	1013.00	28.52	25.95	86.6	28.71	25.95	85.1	27.81	25.95	92.5	28.05	25.95	90.5
13/06/2018 1:54:03 PM	3611706843	1013.00	28.51	25.95	86.7	28.74	25.95	84.9	27.79	25.95	92.7	27.98	25.95	91.1
13/06/2018 1:54:04 PM	3611706844	1013.00	28.51	25.95	86.7	28.81	25.95	84.3	27.81	25.95	92.5	27.94	25.95	91.4
13/06/2018 1:54:05 PM	3611706845	1013.00	28.51	25.95	86.7	28.78	25.95	84.6	27.79	25.95	92.7	28.01	25.95	90.8
13/06/2018 1:54:06 PM	3611706846	1013.00	28.50	25.95	86.8	28.76	25.95	84.7	27.77	25.95	92.9	28.02	25.95	90.7
13/06/2018 1:54:07 PM	3611706847	1013.00	28.53	25.95	86.5	28.78	25.95	84.6	27.86	25.95	92.1	27.98	25.95	91.1
13/06/2018 1:54:08 PM	3611706848	1013.00	28.53	25.95	86.5	28.77	25.95	84.6	27.82	25.95	92.4	27.99	25.95	91.0
13/06/2018 1:54:09 PM	3611706849	1013.00	28.51	25.95	86.7	28.79	25.95	84.5	27.81	25.95	92.5	27.97	25.95	91.1
13/06/2018 1:54:10 PM	3611706850	1013.00	28.52	25.95	86.6	28.78	25.95	84.6	27.88	25.95	91.9	28.06	25.95	90.4
13/06/2018 1:54:11 PM	3611706851	1013.00	28.55	25.95	86.4	28.78	25.95	84.6	27.83	25.95	92.3	28.08	25.95	90.2
13/06/2018 1:54:12 PM	3611706852	1013.00	28.52	25.96	86.6	28.82	25.96	84.2	27.82	25.96	92.4	28.01	25.96	90.8
13/06/2018 1:54:13 PM	3611706853	1013.00	28.54	25.96	86.4	28.75	25.96	84.8	27.86	25.96	92.1	28.07	25.96	90.3
13/06/2018 1:54:14 PM	3611706854	1013.00	28.55	25.96	86.4	28.81	25.96	84.3	27.84	25.96	92.2	28.02	25.96	90.7
13/06/2018 1:54:15 PM	3611706855	1013.00	28.55	25.95	86.4	28.78	25.95	84.6	27.83	25.95	92.3	28.07	25.95	90.3
13/06/2018 1:54:16 PM	3611706856	1013.00	28.58	25.95	86.1	28.82	25.95	84.3	27.86	25.95	92.1	28.07	25.95	90.3
13/06/2018 1:54:17 PM	3611706857	1013.00	28.53	25.95	86.5	28.78	25.95	84.6	27.85	25.95	92.2	28.08	25.95	90.2
13/06/2018 1:54:18 PM	3611706858	1013.00	28.54	25.96	86.4	28.79	25.96	84.5	27.88	25.96	91.9	28.06	25.96	90.4
13/06/2018 1:54:19 PM	3611706859	1013.00	28.55	25.96	86.4	28.82	25.96	84.2	27.87	25.96	92.0	28.03	25.96	90.6
13/06/2018 1:54:20 PM	3611706860	1013.00	28.51	25.96	86.7	28.82	25.96	84.2	27.85	25.96	92.1	28.08	25.96	90.2
13/06/2018 1:54:21 PM	3611706861	1013.00	28.59	25.97	86.0	28.82	25.97	84.2	27.92	25.97	91.5	28.10	25.97	90.0
13/06/2018 1:54:22 PM	3611706862	1013.00	28.55	25.97	86.3	28.81	25.97	84.3	27.80	25.97	92.6	28.06	25.97	90.3
13/06/2018 1:54:23 PM	3611706863	1013.00	28.54	25.96	86.4	28.81	25.96	84.3	27.81	25.96	92.5	28.04	25.96	90.5
13/06/2018 1:54:24 PM	3611706864	1013.00	28.53	25.96	86.5	28.82	25.96	84.2	27.85	25.96	92.1	28.09	25.96	90.1
13/06/2018 1:54:25 PM	3611706865	1013.00	28.59	25.95	86.1	28.81	25.95	84.3	27.84	25.95	92.2	28.14	25.95	89.7
13/06/2018 1:54:26 PM	3611706866	1013.00	28.54	25.95	86.5	28.85	25.95	84.0	27.83	25.95	92.3	28.08	25.95	90.2
13/06/2018 1:54:27 PM	3611706867	1013.00	28.55	25.95	86.4	28.81	25.95	84.3	27.87	25.95	92.0	28.12	25.95	89.9
13/06/2018 1:54:28 PM	3611706868	1013.00	28.58	25.95	86.1	28.82	25.95	84.3	27.87	25.95	92.0	28.10	25.95	90.0
13/06/2018 1:54:29 PM	3611706869	1013.00	28.55	25.95	86.4	28.85	25.95	84.0	27.89	25.95	91.8	28.10	25.95	90.0
13/06/2018 1:54:30 PM	3611706870	1013.00	28.56	25.95	86.3	28.82	25.95	84.3	27.80	25.95	92.6	28.06	25.95	90.4
13/06/2018 1:54:31 PM	3611706871	1013.00	28.54	25.95	86.5	28.84	25.95	84.1	27.82	25.95	92.4	28.13	25.95	89.8
13/06/2018 1:54:32 PM	3611706872	1013.00	28.58	25.95	86.1	28.84	25.95	84.1	27.90	25.95	91.7	28.07	25.95	90.3
13/06/2018 1:54:33 PM	3611706873	1013.00	28.53	25.95	86.5	28.82	25.95	84.3	27.85	25.95	92.2	28.11	25.95	90.0
13/06/2018 1:54:34 PM	3611706874	1013.00	28.57	25.95	86.2	28.85	25.95	84.0	27.87	25.95	92.0	28.09	25.95	90.1
13/06/2018 1:54:35 PM	3611706875	1013.00	28.56	25.96	86.3	28.85	25.96	84.0	27.89	25.96	91.8	28.12	25.96	89.9
13/06/2018 1:54:36 PM	3611706876	1013.00	28.56	25.96	86.3	28.86	25.96	83.9	27.91	25.96	91.6	28.18	25.96	89.4
13/06/2018 1:54:37 PM	3611706877	1013.00	28.56	25.96	86.3	28.83	25.96	84.2	27.87	25.96	92.0	28.16	25.96	89.5
13/06/2018 1:54:38 PM	3611706878	1013.00	28.58	25.96	86.1	28.85	25.96	84.0	27.85	25.96	92.1	28.17	25.96	89.4
13/06/2018 1:54:39 PM	3611706879	1013.00	28.59	25.96	86.0	28.85	25.96	84.0	27.88	25.96	91.9	28.13	25.96	89.8
13/06/2018 1:54:40 PM	3611706880	1013.00	28.61	25.96	85.9	28.83	25.96	84.2	27.90	25.96	91.7	28.11	25.96	89.9
13/06/2018 1:54:41 PM	3611706881	1013.00	28.58	25.95	86.1	28.85	25.95	84.0	27.87	25.95	92.0	28.16	25.95	89.5
13/06/2018 1:54:42 PM	3611706882	1013.00	28.54	25.96	86.4	28.83	25.96	84.2	27.84	25.96	92.2	28.15	25.96	89.6
13/06/2018 1:54:43 PM	3611706883	1013.00	28.57	25.96	86.2	28.82	25.96	84.2	27.86	25.96	92.1	28.13	25.96	89.8
13/06/2018 1:54:44 PM	3611706884	1013.00	28.55	25.96	86.4	28.88	25.96	83.8	27.86	25.96	92.1	28.13	25.96	89.8
13/06/2018 1:54:45 PM	3611706885	1013.00	28.59	25.95	86.1	28.88	25.95	83.8	27.94	25.95	91.4	28.12	25.95	89.9
13/06/2018 1:54:46 PM	3611706886	1013.00	28.60	25.95	86.0	28.85	25.95	84.0	27.89	25.95	91.8	28.16	25.95	89.5
13/06/2018 1:54:47 PM	3611706887	1013.00	28.60	25.95	86.0	28.84	25.95	84.1	27.92	25.95	91.6	28.14	25.95	89.7
13/06/2018 1:54:48 PM	3611706888	1013.00	28.57	25.95	86.2	28.86	25.95	84.0	27.93	25.95	91.5	28.17	25.95	89.5
13/06/2018 1:54:49 PM	3611706889	1013.00	28.62	25.95	85.8	28.86	25.95	84.0	27.89	25.95	91.8	28.16	25.95	89.5
13/06/2018 1:54:50 PM	3611706890	1013.00	28.60	25.95	86.0	28.88	25.95	83.8	27.98	25.95	91.1	28.13	25.95	89.8
13/06/2018 1:54:51 PM	3611706891	1013.00	28.57	25.95	86.2	28.90	25.95	83.6	27.93	25.95	91.5	28.21	25.95	89.1
13/06/2018 1:54:52 PM	3611706892	1013.00	28.58	25.95	86.1	28.87	25.95	83.9	27.91	25.95	91.6	28.17	25.95	89.5
13/06/2018 1:54:53 PM	3611706893	1013.00	28.59	25.95	86.1	28.84	25.95	84.1	27.86	25.95	92.1	28.20	25.95	89.2
13/06/2018 1:54:54 PM	3611706894	1013.00	28.59	25.95	86.1	28.85	25.95	84.0	27.94	25.95	91.4	28.18	25.95	89.4
13/06/2018 1:54:55 PM	3611706895	1013.00	28.60	25.95	86.0	28.90	25.95	83.6	27.89	25.95	91.8	28.18	25.95	89.4
13/06/2018 1:54:56 PM	3611706896	1013.00	28.59	25.95	86.1	28.92	25.95	83.5	27.90	25.95	91.7	28.15	25.95	89.6
13/06/2018 1:54:57 PM	3611706897	1013.00	28.61	25.95	85.9	28.85	25.95	84.0	27.92	25.95	91.6	28.12	25.95	89.9
13/06/2018 1:54:58 PM	3611706898	1013.00	28.61	25.95	85.9	28.88	25.95	83.8	27.95	25.95	91.3	28.15	25.95	89.6
13/06/2018 1:54:59 PM	3611706899	1013.00	28.60	25.95	86.0	28.88	25.95	83.8	27.88	25.95	91.9	28.12	25.95	89.9
13/06/2018 1:55:00 PM	3611706900	1013.00	28.63	25.95	85.7	28.88	25.95	83.8	27.93	25.95	91.5	28.22	25.95	89.0
13/06/2018 1:55:01 PM	3611706901	1013.00	28.63	25.95	85.7	28.90	25.95	83.6	27.91	25.95	91.6	28.14	25.95	89.7
13/06/2018 1:55:02 PM	3611706902	1013.00	28.61	25.95	85.9	28.88	25.95	83.8	27.93	25.95	91.5	28.21	25.95	89.1
13/06/2018 1:55:03 PM	3611706903	1013.00	28.62	25.95	85.8	28.89	25.95	83.7	27.98	25.95	91.1	28.21	25.95	89.1
13/06/2018 1:55:04 PM	3611706904	1013.00	28.63	25.96	85.7	28.92	25.96	83.5	27.87	25.96	92.0	28.18	25.96	89.4
13/06/2018 1:55:05 PM	3611706905	1013.00	28.59	25.96	86.0	28.85	25.96	84.0	27.90	25.96	91.7	28.18	25.96	89.4
13/06/2018 1:55:06 PM	3611706906	1013.00	28.64	25.96	85.7	28.88	25.96	83.8	27.92	25.96	91.5	28.14	25.96	89.7
13/06/2018 1:55:07 PM	3611706907	1013.00	28.61	25.96	85.9	28.92	25.96	83.5	27.90	25.96	91.7	28.16	25.96	89.5
13/06/2018 1:55:08 PM	3611706908	1013.00	28.61	25.96	85.9	28.92	25.96	83.5	27.91	25.96	91.6	28.19	25.96	89.3
13/06/2018 1:55:09 PM	3611706909	1013.00	28.61	25.96	85.9	28.88	25.96	83.8	27.97	25.96	91.1	28.22	25.96	89.0
13/06/2018 1:55:10 PM	3611706910	1013.00	28.62	25.96	85.8	28.89	25.96	83.7	27.96	25.96	91.2	28.20	25.96	89.2
13/06/2018 1:55:11 PM	3611706911	1013.00	28.66	25.95	85.5	28.93	25.95	83.4	27.93	25.95	91.5	28.15	25.95	89.6
13/06/2018 1:55:12 PM	3611706912	1013.00	28.64	25.95	85.7	28.92	25.95	83.5	27.89	25.95	91.8	28.18	25.95	89.4
13/06/2018 1:55:13 PM	3611706913	1013.00	28.61	25.94	85.9	28.92	25.94	83.5	27.97	25.94	91.2	28.20	25.94	89.2
13/06/2018 1:55:14 PM	3611706914	1013.00	28.62	25.94	85.8	28.91	25.94	83.6	27.96	25.94	91.2	28.20	25.94	89.2
13/06/2018 1:55:15 PM	3611706915	1013.00	28.65	25.95	85.6	28.93	25.95	83.4	27.98	25.95	91.1	28.16	25.95	89.5
13/06/2018 1:55:16 PM	3611706916	1013.00	28.66	25.95	85.5	28.92	25.95	83.5	27.93	25.95	91.5	28.23	25.95	89.0
13/06/2018 1:55:17 PM	3611706917	1013.00	28.60	25.95	86.0	28.88	25.95	83.8	27.94	25.95	91.4	28.18	25.95	89.4
13/06/2018 1:55:18 PM	3611706918	1013.00	28.64	25.95	85.7	28.96	25.95	83.2	27.88	25.95	91.9	28.20	25.95	89.2
13/06/2018 1:55:19 PM	3611706919	1013.00	28.64	25.95	85.7	28.90	25.95	83.6	27.95	25.95	91.3	28.18	25.95	89.4
13/06/2018 1:55:20 PM	3611706920	1013.00	28.66	25.95	85.5	28.94	25.95	83.3	27.93	25.95	91.5	28.20	25.95	89.2
13/06/2018 1:55:21 PM	3611706921	1013.00	28.65	25.95	85.6	28.92	25.95	83.5	27.95	25.95	91.3	28.23	25.95	89.0
13/06/2018 1:55:22 PM	3611706922	1013.00	28.64	25.95	85.7	28.92	25.95	83.5	27.94	25.95	91.4	28.22	25.95	89.0
13/06/2018 1:55:23 PM	3611706923	1013.00	28.65	25.95	85.6	28.92	25.95	83.5	27.98	25.95	91.1	28.19	25.95	89.3
13/06/2018 1:55:24 PM	3611706924	1013.00	28.68	25.94	85.4	28.97	25.94	83.1	27.94	25.94	91.4	28.19	25.94	89.3
13/06/2018 1:55:25 PM	3611706925	1013.00	28.68	25.94	85.4	28.97	25.94	83.1	27.93	25.94	91.5	28.19	25.94	89.3
13/06/2018 1:55:26 PM	3611706926	1013.00	28.66	25.95	85.5	28.93	25.95	83.4	27.96	25.95	91.2	28.28	25.95	88.6
13/06/2018 1:55:27 PM	3611706927	1013.00	28.68	25.95	85.4	28.95	25.95	83.3	27.97	25.95	91.1	28.19	25.95	89.3
13/06/2018 1:55:28 PM	3611706928	1013.00	28.61	25.95	85.9	28.97	25.95	83.1	27.94	25.95	91.4	28.20	25.95	89.2
13/06/2018 1:55:29 PM	3611706929	1013.00	28.66	25.95	85.5	28.95	25.95	83.3	27.97	25.95	91.1	28.19	25.95	89.3
13/06/2018 1:55:30 PM	3611706930	1013.00	28.68	25.95	85.4	28.96	25.95	83.2	27.94	25.95	91.4	28.19	25.95	89.3
13/06/2018 1:55:31 PM	3611706931	1013.00	28.67	25.95	85.4	28.95	25.95	83.3	27.99	25.95	91.0	28.20	25.95	89.2
13/06/2018 1:55:32 PM	3611706932	1013.00	28.68	25.94	85.4	28.98	25.94	83.1	27.96	25.94	91.2	28.22	25.94	89.1
13/06/2018 1:55:33 PM	3611706933	1013.00	28.68	25.94	85.4	28.98	25.94	83.1	28.01	25.94	90.8	28.15	25.94	89.6
13/06/2018 1:55:34 PM	3611706934	1013.00	28.65	25.94	85.6	28.96	25.94	83.2	28.00	25.94	90.9	28.20	25.94	89.2
13/06/2018 1:55:35 PM	3611706935	1013.00	28.65	25.95	85.6	28.95	25.95	83.3	27.96	25.95	91.2	28.16	25.95	89.5
13/06/2018 1:55:36 PM	3611706936	1013.00	28.66	25.94	85.5	28.99	25.94	83.0	27.93	25.94	91.5	28.14	25.94	89.7
13/06/2018 1:55:37 PM	3611706937	1013.00	28.66	25.95	85.5	28.99	25.95	83.0	27.98	25.95	91.1	28.28	25.95	88.6
13/06/2018 1:55:38 PM	3611706938	1013.00	28.67	25.95	85.4	28.98	25.95	83.0	28.00	25.95	90.9	28.20	25.95	89.2
13/06/2018 1:55:39 PM	3611706939	1013.00	28.68	25.94	85.4	28.97	25.94	83.1	28.02	25.94	90.7	28.23	25.94	89.0
13/06/2018 1:55:40 PM	3611706940	1013.00	28.66	25.94	85.5	28.99	25.94	83.0	28.01	25.94	90.8	28.24	25.94	88.9
13/06/2018 1:55:41 PM	3611706941	1013.00	28.65	25.94	85.6	29.00	25.94	82.9	27.95	25.94	91.3	28.26	25.94	88.7
13/06/2018 1:55:42 PM	3611706942	1013.00	28.68	25.94	85.4	29.00	25.94	82.9	28.00	25.94	90.9	28.20	25.94	89.2
13/06/2018 1:55:43 PM	3611706943	1013.00	28.67	25.95	85.4	29.00	25.95	82.9	28.02	25.95	90.7	28.21	25.95	89.1
13/06/2018 1:55:44 PM	3611706944	1013.00	28.67	25.94	85.4	29.02	25.94	82.8	27.99	25.94	91.0	28.28	25.94	88.6
13/06/2018 1:55:45 PM	3611706945	1013.00	28.68	25.95	85.4	28.98	25.95	83.0	28.03	25.95	90.6	28.23	25.95	89.0
13/06/2018 1:55:46 PM	3611706946	1013.00	28.66	25.95	85.5	28.99	25.95	83.0	28.00	25.95	90.9	28.25	25.95	88.8
13/06/2018 1:55:47 PM	3611706947	1013.00	28.67	25.95	85.4	28.96	25.95	83.2	28.05	25.95	90.5	28.22	25.95	89.0
13/06/2018 1:55:48 PM	3611706948	1013.00	28.66	25.95	85.5	28.96	25.95	83.2	27.92	25.95	91.6	28.31	25.95	88.3
13/06/2018 1:55:49 PM	3611706949	1013.00	28.66	25.95	85.5	29.01	25.95	82.8	27.98	25.95	91.1	28.24	25.95	88.9
13/06/2018 1:55:50 PM	3611706950	1013.00	28.68	25.95	85.4	29.03	25.95	82.7	28.03	25.95	90.6	28.27	25.95	88.6
13/06/2018 1:55:51 PM	3611706951	1013.00	28.65	25.95	85.6	28.98	25.95	83.0	27.99	25.95	91.0	28.20	25.95	89.2
13/06/2018 1:55:52 PM	3611706952	1013.00	28.67	25.94	85.4	29.01	25.94	82.8	27.95	25.94	91.3	28.26	25.94	88.7
13/06/2018 1:55:53 PM	3611706953	1013.00	28.68	25.95	85.4	29.02	25.95	82.7	27.97	25.95	91.1	28.30	25.95	88.4
13/06/2018 1:55:54 PM	3611706954	1013.00	28.66	25.95	85.5	28.99	25.95	83.0	27.99	25.95	91.0	28.21	25.95	89.1
13/06/2018 1:55:55 PM	3611706955	1013.00	28.70	25.95	85.2	29.01	25.95	82.8	28.04	25.95	90.5	28.27	25.95	88.6
13/06/2018 1:55:56 PM	3611706956	1013.00	28.70	25.95	85.2	29.00	25.95	82.9	28.03	25.95	90.6	28.31	25.95	88.3
13/06/2018 1:55:57 PM	3611706957	1013.00	28.66	25.95	85.5	29.03	25.95	82.7	28.03	25.95	90.6	28.30	25.95	88.4
13/06/2018 1:55:58 PM	3611706958	1013.00	28.68	25.94	85.4	29.02	25.94	82.8	28.04	25.94	90.6	28.23	25.94	89.0
13/06/2018 1:55:59 PM	3611706959	1013.00	28.69	25.94	85.3	29.07	25.94	82.4	28.09	25.94	90.1	28.28	25.94	88.6
13/06/2018 1:56:00 PM	3611706960	1013.00	28.68	25.94	85.4	29.06	25.94	82.5	28.00	25.94	90.9	28.26	25.94	88.7
13/06/2018 1:56:01 PM	3611706961	1013.00	28.71	25.95	85.1	29.03	25.95	82.7	28.06	25.95	90.4	28.30	25.95	88.4
13/06/2018 1:56:02 PM	3611706962	1013.00	28.70	25.95	85.2	29.05	25.95	82.5	28.04	25.95	90.5	28.29	25.95	88.5
13/06/2018 1:56:03 PM	3611706963	1013.00	28.71	25.94	85.1	29.02	25.94	82.8	28.01	25.94	90.8	28.27	25.94	88.7
13/06/2018 1:56:04 PM	3611706964	1013.00	28.69	25.94	85.3	29.02	25.94	82.8	28.01	25.94	90.8	28.29	25.94	88.5
13/06/2018 1:56:05 PM	3611706965	1013.00	28.69	25.94	85.3	29.04	25.94	82.6	28.09	25.94	90.1	28.27	25.94	88.7
13/06/2018 1:56:06 PM	3611706966	1013.00	28.71	25.94	85.1	29.03	25.94	82.7	28.08	25.94	90.2	28.28	25.94	88.6
13/06/2018 1:56:07 PM	3611706967	1013.00	28.67	25.94	85.4	29.06	25.94	82.5	28.07	25.94	90.3	28.21	25.94	89.1
13/06/2018 1:56:08 PM	3611706968	1013.00	28.67	25.94	85.4	29.05	25.94	82.5	28.04	25.94	90.6	28.28	25.94	88.6
13/06/2018 1:56:09 PM	3611706969	1013.00	28.69	25.95	85.3	29.05	25.95	82.5	28.02	25.95	90.7	28.32	25.95	88.2
13/06/2018 1:56:10 PM	3611706970	1013.00	28.68	25.95	85.4	29.05	25.95	82.5	28.04	25.95	90.5	28.30	25.95	88.4
13/06/2018 1:56:11 PM	3611706971	1013.00	28.72	25.95	85.0	29.03	25.95	82.7	28.12	25.95	89.9	28.27	25.95	88.6
13/06/2018 1:56:12 PM	3611706972	1013.00	28.71	25.95	85.1	29.08	25.95	82.3	28.00	25.95	90.9	28.28	25.95	88.6
13/06/2018 1:56:13 PM	3611706973	1013.00	28.70	25.95	85.2	29.08	25.95	82.3	28.08	25.95	90.2	28.31	25.95	88.3
13/06/2018 1:56:14 PM	3611706974	1013.00	28.70	25.94	85.2	29.03	25.94	82.7	28.05	25.94	90.5	28.29	25.94	88.5
13/06/2018 1:56:15 PM	3611706975	1013.00	28.71	25.94	85.1	29.07	25.94	82.4	28.08	25.94	90.2	28.35	25.94	88.0
13/06/2018 1:56:16 PM	3611706976	1013.00	28.71	25.94	85.1	29.06	25.94	82.5	28.09	25.94	90.1	28.32	25.94	88.2
13/06/2018 1:56:17 PM	3611706977	1013.00	28.68	25.94	85.4	29.03	25.94	82.7	28.06	25.94	90.4	28.36	25.94	87.9
13/06/2018 1:56:18 PM	3611706978	1013.00	28.73	25.94	85.0	29.08	25.94	82.3	28.03	25.94	90.6	28.33	25.94	88.2
13/06/2018 1:56:19 PM	3611706979	1013.00	28.70	25.93	85.2	29.06	25.93	82.5	28.09	25.93	90.2	28.35	25.93	88.0
13/06/2018 1:56:20 PM	3611706980	1013.00	28.74	25.94	84.9	29.06	25.94	82.5	28.04	25.94	90.6	28.37	25.94	87.8
13/06/2018 1:56:21 PM	3611706981	1013.00	28.71	25.94	85.1	29.06	25.94	82.5	28.04	25.94	90.6	28.30	25.94	88.4
13/06/2018 1:56:22 PM	3611706982	1013.00	28.68	25.93	85.4	29.07	25.93	82.4	28.08	25.93	90.2	28.31	25.93	88.3
13/06/2018 1:56:23 PM	3611706983	1013.00	28.69	25.93	85.3	29.09	25.93	82.2	28.04	25.93	90.6	28.29	25.93	88.5
13/06/2018 1:56:24 PM	3611706984	1013.00	28.73	25.94	85.0	29.11	25.94	82.1	28.11	25.94	90.0	28.31	25.94	88.3
13/06/2018 1:56:25 PM	3611706985	1013.00	28.75	25.94	84.8	29.06	25.94	82.5	28.07	25.94	90.3	28.30	25.94	88.4
13/06/2018 1:56:26 PM	3611706986	1013.00	28.72	25.94	85.1	29.05	25.94	82.5	28.08	25.94	90.2	28.37	25.94	87.8
13/06/2018 1:56:27 PM	3611706987	1013.00	28.74	25.94	84.9	29.08	25.94	82.3	28.09	25.94	90.1	28.31	25.94	88.3
13/06/2018 1:56:28 PM	3611706988	1013.00	28.74	25.94	84.9	29.10	25.94	82.2	28.11	25.94	90.0	28.33	25.94	88.2
13/06/2018 1:56:29 PM	3611706989	1013.00	28.75	25.94	84.8	29.14	25.94	81.9	28.11	25.94	90.0	28.34	25.94	88.1
13/06/2018 1:56:30 PM	3611706990	1013.00	28.73	25.94	85.0	29.10	25.94	82.2	28.08	25.94	90.2	28.26	25.94	88.7
13/06/2018 1:56:31 PM	3611706991	1013.00	28.71	25.94	85.1	29.09	25.94	82.2	28.09	25.94	90.1	28.38	25.94	87.8
13/06/2018 1:56:32 PM	3611706992	1013.00	28.70	25.94	85.2	29.05	25.94	82.5	28.10	25.94	90.1	28.34	25.94	88.1
13/06/2018 1:56:33 PM	3611706993	1013.00	28.77	25.94	84.7	29.12	25.94	82.0	28.09	25.94	90.1	28.33	25.94	88.2
13/06/2018 1:56:34 PM	3611706994	1013.00	28.74	25.94	84.9	29.09	25.94	82.2	28.09	25.94	90.1	28.32	25.94	88.2
13/06/2018 1:56:35 PM	3611706995	1013.00	28.73	25.94	85.0	29.09	25.94	82.2	28.03	25.94	90.6	28.37	25.94	87.8
13/06/2018 1:56:36 PM	3611706996	1013.00	28.71	25.94	85.1	29.12	25.94	82.0	28.10	25.94	90.1	28.37	25.94	87.8
13/06/2018 1:56:37 PM	3611706997	1013.00	28.71	25.94	85.1	29.10	25.94	82.2	28.01	25.94	90.8	28.38	25.94	87.8
13/06/2018 1:56:38 PM	3611706998	1013.00	28.79	25.94	84.5	29.10	25.94	82.2	28.11	25.94	90.0	28.38	25.94	87.8
13/06/2018 1:56:39 PM	3611706999	1013.00	28.76	25.93	84.8	29.10	25.93	82.2	28.13	25.93	89.8	28.39	25.93	87.7
13/06/2018 1:56:40 PM	3611707000	1013.00	28.73	25.94	85.0	29.10	25.94	82.2	28.15	25.94	89.6	28.38	25.94	87.8
13/06/2018 1:56:41 PM	3611707001	1013.00	28.77	25.94	84.7	29.12	25.94	82.0	28.17	25.94	89.5	28.36	25.94	87.9
13/06/2018 1:56:42 PM	3611707002	1013.00	28.75	25.94	84.8	29.13	25.94	81.9	28.09	25.94	90.1	28.37	25.94	87.8
13/06/2018 1:56:43 PM	3611707003	1013.00	28.77	25.94	84.7	29.11	25.94	82.1	28.10	25.94	90.1	28.39	25.94	87.7
13/06/2018 1:56:44 PM	3611707004	1013.00	28.74	25.94	84.9	29.15	25.94	81.8	28.12	25.94	89.9	28.39	25.94	87.7
13/06/2018 1:56:45 PM	3611707005	1013.00	28.75	25.94	84.8	29.13	25.94	81.9	28.16	25.94	89.6	28.41	25.94	87.5
13/06/2018 1:56:46 PM	3611707006	1013.00	28.71	25.94	85.1	29.13	25.94	81.9	28.11	25.94	90.0	28.40	25.94	87.6
13/06/2018 1:56:47 PM	3611707007	1013.00	28.75	25.94	84.8	29.17	25.94	81.6	28.09	25.94	90.1	28.39	25.94	87.7
13/06/2018 1:56:48 PM	3611707008	1013.00	28.75	25.94	84.8	29.12	25.94	82.0	28.12	25.94	89.9	28.40	25.94	87.6
13/06/2018 1:56:49 PM	3611707009	1013.00	28.76	25.94	84.7	29.18	25.94	81.6	28.13	25.94	89.8	28.35	25.94	88.0
13/06/2018 1:56:50 PM	3611707010	1013.00	28.78	25.93	84.6	29.15	25.93	81.8	28.11	25.93	90.0	28.41	25.93	87.5
13/06/2018 1:56:51 PM	3611707011	1013.00	28.75	25.93	84.8	29.13	25.93	81.9	28.10	25.93	90.1	28.46	25.93	87.1
13/06/2018 1:56:52 PM	3611707012	1013.00	28.79	25.93	84.5	29.15	25.93	81.8	28.15	25.93	89.7	28.42	25.93	87.4
13/06/2018 1:56:53 PM	3611707013	1013.00	28.79	25.93	84.5	29.16	25.93	81.7	28.12	25.93	89.9	28.42	25.93	87.4
13/06/2018 1:56:54 PM	3611707014	1013.00	28.73	25.93	85.0	29.15	25.93	81.8	28.15	25.93	89.7	28.45	25.93	87.2
13/06/2018 1:56:55 PM	3611707015	1013.00	28.76	25.93	84.8	29.16	25.93	81.7	28.11	25.93	90.0	28.47	25.93	87.0
13/06/2018 1:56:56 PM	3611707016	1013.00	28.78	25.94	84.6	29.14	25.94	81.9	28.14	25.94	89.7	28.42	25.94	87.4
13/06/2018 1:56:57 PM	3611707017	1013.00	28.76	25.94	84.7	29.16	25.94	81.7	28.13	25.94	89.8	28.43	25.94	87.4
13/06/2018 1:56:58 PM	3611707018	1013.00	28.75	25.94	84.8	29.16	25.94	81.7	28.19	25.94	89.3	28.44	25.94	87.3
13/06/2018 1:56:59 PM	3611707019	1013.00	28.80	25.93	84.4	29.20	25.93	81.4	28.15	25.93	89.7	28.40	25.93	87.6
13/06/2018 1:57:00 PM	3611707020	1013.00	28.76	25.94	84.7	29.17	25.94	81.6	28.08	25.94	90.2	28.46	25.94	87.1
13/06/2018 1:57:01 PM	3611707021	1013.00	28.77	25.94	84.7	29.19	25.94	81.5	28.18	25.94	89.4	28.50	25.94	86.8
13/06/2018 1:57:02 PM	3611707022	1013.00	28.74	25.94	84.9	29.16	25.94	81.7	28.12	25.94	89.9	28.47	25.94	87.0
13/06/2018 1:57:03 PM	3611707023	1013.00	28.77	25.94	84.7	29.19	25.94	81.5	28.16	25.94	89.6	28.43	25.94	87.4
13/06/2018 1:57:04 PM	3611707024	1013.00	28.73	25.94	85.0	29.18	25.94	81.6	28.15	25.94	89.6	28.45	25.94	87.2
13/06/2018 1:57:05 PM	3611707025	1013.00	28.82	25.94	84.3	29.17	25.94	81.6	28.15	25.94	89.6	28.54	25.94	86.5
13/06/2018 1:57:06 PM	3611707026	1013.00	28.77	25.94	84.7	29.18	25.94	81.6	28.13	25.94	89.8	28.50	25.94	86.8
13/06/2018 1:57:07 PM	3611707027	1013.00	28.78	25.94	84.6	29.19	25.94	81.5	28.12	25.94	89.9	28.44	25.94	87.3
13/06/2018 1:57:08 PM	3611707028	1013.00	28.81	25.94	84.4	29.19	25.94	81.5	28.21	25.94	89.1	28.53	25.94	86.6
13/06/2018 1:57:09 PM	3611707029	1013.00	28.77	25.94	84.7	29.18	25.94	81.6	28.15	25.94	89.6	28.45	25.94	87.2
13/06/2018 1:57:10 PM	3611707030	1013.00	28.76	25.93	84.8	29.18	25.93	81.6	28.19	25.93	89.3	28.47	25.93	87.0
13/06/2018 1:57:11 PM	3611707031	1013.00	28.80	25.93	84.4	29.19	25.93	81.5	28.22	25.93	89.1	28.50	25.93	86.8
13/06/2018 1:57:12 PM	3611707032	1013.00	28.82	25.93	84.3	29.20	25.93	81.4	28.16	25.93	89.6	28.50	25.93	86.8
13/06/2018 1:57:13 PM	3611707033	1013.00	28.81	25.93	84.4	29.20	25.93	81.4	28.10	25.93	90.1	28.50	25.93	86.8
13/06/2018 1:57:14 PM	3611707034	1013.00	28.81	25.93	84.4	29.23	25.93	81.2	28.15	25.93	89.7	28.48	25.93	87.0
13/06/2018 1:57:15 PM	3611707035	1013.00	28.81	25.94	84.4	29.17	25.94	81.6	28.18	25.94	89.4	28.52	25.94	86.6
13/06/2018 1:57:16 PM	3611707036	1013.00	28.81	25.93	84.4	29.17	25.93	81.6	28.12	25.93	89.9	28.48	25.93	87.0
13/06/2018 1:57:17 PM	3611707037	1013.00	28.80	25.93	84.4	29.21	25.93	81.3	28.15	25.93	89.7	28.54	25.93	86.5
13/06/2018 1:57:18 PM	3611707038	1013.00	28.85	25.93	84.1	29.20	25.93	81.4	28.13	25.93	89.8	28.44	25.93	87.3
13/06/2018 1:57:19 PM	3611707039	1013.00	28.78	25.93	84.6	29.23	25.93	81.2	28.17	25.93	89.5	28.51	25.93	86.7
13/06/2018 1:57:20 PM	3611707040	1013.00	28.78	25.93	84.6	29.23	25.93	81.2	28.17	25.93	89.5	28.48	25.93	87.0
13/06/2018 1:57:21 PM	3611707041	1013.00	28.79	25.93	84.5	29.25	25.93	81.1	28.22	25.93	89.1	28.44	25.93	87.3
13/06/2018 1:57:22 PM	3611707042	1013.00	28.80	25.92	84.5	29.23	25.92	81.2	28.16	25.92	89.6	28.53	25.92	86.6
13/06/2018 1:57:23 PM	3611707043	1013.00	28.79	25.92	84.5	29.22	25.92	81.3	28.20	25.92	89.3	28.53	25.92	86.6
13/06/2018 1:57:24 PM	3611707044	1013.00	28.81	25.92	84.4	29.26	25.92	81.0	28.19	25.92	89.3	28.47	25.92	87.1
13/06/2018 1:57:25 PM	3611707045	1013.00	28.79	25.93	84.5	29.21	25.93	81.3	28.20	25.93	89.2	28.52	25.93	86.6
13/06/2018 1:57:26 PM	3611707046	1013.00	28.84	25.93	84.1	29.23	25.93	81.2	28.20	25.93	89.2	28.52	25.93	86.6
13/06/2018 1:57:27 PM	3611707047	1013.00	28.82	25.93	84.3	29.25	25.93	81.1	28.15	25.93	89.7	28.51	25.93	86.7
13/06/2018 1:57:28 PM	3611707048	1013.00	28.86	25.93	84.0	29.26	25.93	81.0	28.15	25.93	89.7	28.48	25.93	87.0
13/06/2018 1:57:29 PM	3611707049	1013.00	28.81	25.93	84.4	29.25	25.93	81.1	28.12	25.93	89.9	28.54	25.93	86.5
13/06/2018 1:57:30 PM	3611707050	1013.00	28.85	25.93	84.1	29.23	25.93	81.2	28.25	25.93	88.8	28.51	25.93	86.7
13/06/2018 1:57:31 PM	3611707051	1013.00	28.84	25.93	84.1	29.24	25.93	81.1	28.16	25.93	89.6	28.54	25.93	86.5
13/06/2018 1:57:32 PM	3611707052	1013.00	28.81	25.93	84.4	29.27	25.93	80.9	28.18	25.93	89.4	28.48	25.93	87.0
13/06/2018 1:57:33 PM	3611707053	1013.00	28.87	25.93	83.9	29.27	25.93	80.9	28.26	25.93	88.7	28.53	25.93	86.6
13/06/2018 1:57:34 PM	3611707054	1013.00	28.82	25.93	84.3	29.27	25.93	80.9	28.21	25.93	89.2	28.53	25.93	86.6
13/06/2018 1:57:35 PM	3611707055	1013.00	28.83	25.93	84.2	29.26	25.93	81.0	28.22	25.93	89.1	28.49	25.93	86.9
13/06/2018 1:57:36 PM	3611707056	1013.00	28.82	25.93	84.3	29.31	25.93	80.6	28.22	25.93	89.1	28.58	25.93	86.2
13/06/2018 1:57:37 PM	3611707057	1013.00	28.83	25.93	84.2	29.25	25.93	81.1	28.19	25.93	89.3	28.52	25.93	86.6
13/06/2018 1:57:38 PM	3611707058	1013.00	28.83	25.94	84.2	29.22	25.94	81.3	28.20	25.94	89.2	28.57	25.94	86.2
13/06/2018 1:57:39 PM	3611707059	1013.00	28.83	25.93	84.2	29.30	25.93	80.7	28.28	25.93	88.6	28.57	25.93	86.2
13/06/2018 1:57:40 PM	3611707060	1013.00	28.83	25.93	84.2	29.28	25.93	80.8	28.21	25.93	89.2	28.64	25.93	85.7
13/06/2018 1:57:41 PM	3611707061	1013.00	28.83	25.93	84.2	29.28	25.93	80.8	28.28	25.93	88.6	28.60	25.93	86.0
13/06/2018 1:57:42 PM	3611707062	1013.00	28.84	25.93	84.1	29.29	25.93	80.8	28.23	25.93	89.0	28.59	25.93	86.1
13/06/2018 1:57:43 PM	3611707063	1013.00	28.84	25.93	84.1	29.31	25.93	80.6	28.24	25.93	88.9	28.53	25.93	86.6
13/06/2018 1:57:44 PM	3611707064	1013.00	28.88	25.93	83.8	29.29	25.93	80.8	28.24	25.93	88.9	28.58	25.93	86.2
13/06/2018 1:57:45 PM	3611707065	1013.00	28.84	25.93	84.1	29.30	25.93	80.7	28.24	25.93	88.9	28.57	25.93	86.2
13/06/2018 1:57:46 PM	3611707066	1013.00	28.83	25.93	84.2	29.24	25.93	81.1	28.23	25.93	89.0	28.60	25.93	86.0
13/06/2018 1:57:47 PM	3611707067	1013.00	28.86	25.92	84.0	29.30	25.92	80.7	28.27	25.92	88.7	28.61	25.92	85.9
13/06/2018 1:57:48 PM	3611707068	1013.00	28.89	25.93	83.8	29.31	25.93	80.6	28.20	25.93	89.2	28.62	25.93	85.9
13/06/2018 1:57:49 PM	3611707069	1013.00	28.88	25.93	83.8	29.31	25.93	80.6	28.29	25.93	88.5	28.59	25.93	86.1
13/06/2018 1:57:50 PM	3611707070	1013.00	28.90	25.92	83.7	29.29	25.92	80.8	28.25	25.92	88.8	28.62	25.92	85.9
13/06/2018 1:57:51 PM	3611707071	1013.00	28.85	25.93	84.1	29.31	25.93	80.6	28.21	25.93	89.2	28.61	25.93	85.9
13/06/2018 1:57:52 PM	3611707072	1013.00	28.91	25.92	83.6	29.32	25.92	80.6	28.26	25.92	88.8	28.65	25.92	85.6
13/06/2018 1:57:53 PM	3611707073	1013.00	28.87	25.93	83.9	29.33	25.93	80.5	28.21	25.93	89.2	28.65	25.93	85.6
13/06/2018 1:57:54 PM	3611707074	1013.00	28.88	25.93	83.8	29.35	25.93	80.3	28.28	25.93	88.6	28.64	25.93	85.7
13/06/2018 1:57:55 PM	3611707075	1013.00	28.88	25.93	83.8	29.31	25.93	80.6	28.22	25.93	89.1	28.64	25.93	85.7
13/06/2018 1:57:56 PM	3611707076	1013.00	28.89	25.93	83.8	29.36	25.93	80.2	28.24	25.93	88.9	28.67	25.93	85.5
13/06/2018 1:57:57 PM	3611707077	1013.00	28.87	25.93	83.9	29.34	25.93	80.4	28.26	25.93	88.7	28.65	25.93	85.6
13/06/2018 1:57:58 PM	3611707078	1013.00	28.85	25.92	84.1	29.37	25.92	80.2	28.24	25.92	88.9	28.64	25.92	85.7
13/06/2018 1:57:59 PM	3611707079	1013.00	28.89	25.92	83.8	29.33	25.92	80.5	28.27	25.92	88.7	28.60	25.92	86.0
13/06/2018 1:58:00 PM	3611707080	1013.00	28.90	25.92	83.7	29.38	25.92	80.1	28.26	25.92	88.8	28.66	25.92	85.6
13/06/2018 1:58:01 PM	3611707081	1013.00	28.90	25.92	83.7	29.37	25.92	80.2	28.27	25.92	88.7	28.66	25.92	85.6
13/06/2018 1:58:02 PM	3611707082	1013.00	28.89	25.93	83.8	29.37	25.93	80.2	28.31	25.93	88.3	28.64	25.93	85.7
13/06/2018 1:58:03 PM	3611707083	1013.00	28.90	25.93	83.7	29.34	25.93	80.4	28.26	25.93	88.7	28.66	25.93	85.5
13/06/2018 1:58:04 PM	3611707084	1013.00	28.92	25.93	83.5	29.33	25.93	80.5	28.24	25.93	88.9	28.70	25.93	85.2
13/06/2018 1:58:05 PM	3611707085	1013.00	28.91	25.93	83.6	29.42	25.93	79.8	28.24	25.93	88.9	28.66	25.93	85.5
13/06/2018 1:58:06 PM	3611707086	1013.00	28.89	25.93	83.8	29.38	25.93	80.1	28.25	25.93	88.8	28.69	25.93	85.3
13/06/2018 1:58:07 PM	3611707087	1013.00	28.88	25.93	83.8	29.32	25.93	80.5	28.27	25.93	88.7	28.65	25.93	85.6
13/06/2018 1:58:08 PM	3611707088	1013.00	28.91	25.92	83.6	29.41	25.92	79.9	28.27	25.92	88.7	28.73	25.92	85.0
13/06/2018 1:58:09 PM	3611707089	1013.00	28.90	25.93	83.7	29.37	25.93	80.2	28.29	25.93	88.5	28.64	25.93	85.7
13/06/2018 1:58:10 PM	3611707090	1013.00	28.88	25.93	83.8	29.37	25.93	80.2	28.30	25.93	88.4	28.70	25.93	85.2
13/06/2018 1:58:11 PM	3611707091	1013.00	28.92	25.92	83.5	29.44	25.92	79.7	28.24	25.92	88.9	28.66	25.92	85.6
13/06/2018 1:58:12 PM	3611707092	1013.00	28.90	25.92	83.7	29.40	25.92	80.0	28.28	25.92	88.6	28.71	25.92	85.2
13/06/2018 1:58:13 PM	3611707093	1013.00	28.86	25.92	84.0	29.38	25.92	80.1	28.31	25.92	88.4	28.67	25.92	85.5
13/06/2018 1:58:14 PM	3611707094	1013.00	28.93	25.92	83.5	29.36	25.92	80.3	28.30	25.92	88.4	28.70	25.92	85.2
13/06/2018 1:58:15 PM	3611707095	1013.00	28.90	25.92	83.7	29.37	25.92	80.2	28.36	25.92	87.9	28.62	25.92	85.9
13/06/2018 1:58:16 PM	3611707096	1013.00	28.89	25.92	83.8	29.38	25.92	80.1	28.28	25.92	88.6	28.78	25.92	84.6
13/06/2018 1:58:17 PM	3611707097	1013.00	28.92	25.92	83.5	29.44	25.92	79.7	28.25	25.92	88.8	28.76	25.92	84.8
13/06/2018 1:58:18 PM	3611707098	1013.00	28.89	25.92	83.8	29.39	25.92	80.0	28.36	25.92	87.9	28.70	25.92	85.2
13/06/2018 1:58:19 PM	3611707099	1013.00	28.92	25.92	83.5	29.41	25.92	79.9	28.27	25.92	88.7	28.71	25.92	85.2
13/06/2018 1:58:20 PM	3611707100	1013.00	28.89	25.92	83.8	29.40	25.92	80.0	28.31	25.92	88.4	28.71	25.92	85.2
13/06/2018 1:58:21 PM	3611707101	1013.00	28.94	25.93	83.4	29.45	25.93	79.6	28.32	25.93	88.3	28.72	25.93	85.1
13/06/2018 1:58:22 PM	3611707102	1013.00	28.91	25.93	83.6	29.45	25.93	79.6	28.33	25.93	88.2	28.75	25.93	84.8
13/06/2018 1:58:23 PM	3611707103	1013.00	28.94	25.93	83.4	29.40	25.93	80.0	28.31	25.93	88.3	28.73	25.93	85.0
13/06/2018 1:58:24 PM	3611707104	1013.00	28.96	25.92	83.2	29.40	25.92	80.0	28.34	25.92	88.1	28.76	25.92	84.8
13/06/2018 1:58:25 PM	3611707105	1013.00	28.93	25.92	83.5	29.44	25.92	79.7	28.35	25.92	88.0	28.77	25.92	84.7
13/06/2018 1:58:26 PM	3611707106	1013.00	28.90	25.93	83.7	29.43	25.93	79.7	28.32	25.93	88.3	28.77	25.93	84.7
13/06/2018 1:58:27 PM	3611707107	1013.00	28.91	25.93	83.6	29.41	25.93	79.9	28.36	25.93	87.9	28.79	25.93	84.5
13/06/2018 1:58:28 PM	3611707108	1013.00	28.93	25.92	83.5	29.44	25.92	79.7	28.33	25.92	88.2	28.80	25.92	84.5
13/06/2018 1:58:29 PM	3611707109	1013.00	28.95	25.92	83.3	29.47	25.92	79.5	28.35	25.92	88.0	28.79	25.92	84.5
13/06/2018 1:58:30 PM	3611707110	1013.00	28.93	25.92	83.5	29.42	25.92	79.8	28.40	25.92	87.6	28.73	25.92	85.0
13/06/2018 1:58:31 PM	3611707111	1013.00	28.91	25.92	83.6	29.44	25.92	79.7	28.33	25.92	88.2	28.79	25.92	84.5
13/06/2018 1:58:32 PM	3611707112	1013.00	28.93	25.92	83.5	29.49	25.92	79.3	28.36	25.92	87.9	28.74	25.92	84.9
13/06/2018 1:58:33 PM	3611707113	1013.00	28.93	25.93	83.4	29.48	25.93	79.4	28.36	25.93	87.9	28.80	25.93	84.4
13/06/2018 1:58:34 PM	3611707114	1013.00	28.92	25.93	83.5	29.47	25.93	79.5	28.34	25.93	88.1	28.79	25.93	84.5
13/06/2018 1:58:35 PM	3611707115	1013.00	28.93	25.93	83.4	29.46	25.93	79.5	28.28	25.93	88.6	28.80	25.93	84.4
13/06/2018 1:58:36 PM	3611707116	1013.00	28.96	25.92	83.2	29.47	25.92	79.5	28.36	25.92	87.9	28.82	25.92	84.3
13/06/2018 1:58:37 PM	3611707117	1013.00	28.93	25.92	83.5	29.46	25.92	79.5	28.39	25.92	87.7	28.80	25.92	84.5
13/06/2018 1:58:38 PM	3611707118	1013.00	28.98	25.92	83.1	29.48	25.92	79.4	28.32	25.92	88.3	28.80	25.92	84.5
13/06/2018 1:58:39 PM	3611707119	1013.00	28.92	25.92	83.5	29.48	25.92	79.4	28.38	25.92	87.8	28.83	25.92	84.2
13/06/2018 1:58:40 PM	3611707120	1013.00	28.96	25.92	83.2	29.45	25.92	79.6	28.36	25.92	87.9	28.85	25.92	84.1
13/06/2018 1:58:41 PM	3611707121	1013.00	28.95	25.93	83.3	29.46	25.93	79.5	28.36	25.93	87.9	28.88	25.93	83.8
13/06/2018 1:58:42 PM	3611707122	1013.00	28.96	25.93	83.2	29.49	25.93	79.3	28.34	25.93	88.1	28.80	25.93	84.4
13/06/2018 1:58:43 PM	3611707123	1013.00	28.95	25.93	83.3	29.51	25.93	79.2	28.34	25.93	88.1	28.80	25.93	84.4
13/06/2018 1:58:44 PM	3611707124	1013.00	28.94	25.93	83.4	29.48	25.93	79.4	28.34	25.93	88.1	28.84	25.93	84.1
13/06/2018 1:58:45 PM	3611707125	1013.00	28.96	25.93	83.2	29.48	25.93	79.4	28.36	25.93	87.9	28.84	25.93	84.1
13/06/2018 1:58:46 PM	3611707126	1013.00	28.93	25.92	83.5	29.50	25.92	79.3	28.34	25.92	88.1	28.88	25.92	83.8
13/06/2018 1:58:47 PM	3611707127	1013.00	28.93	25.92	83.5	29.48	25.92	79.4	28.37	25.92	87.9	28.83	25.92	84.2
13/06/2018 1:58:48 PM	3611707128	1013.00	28.94	25.92	83.4	29.50	25.92	79.3	28.39	25.92	87.7	28.85	25.92	84.1
13/06/2018 1:58:49 PM	3611707129	1013.00	28.94	25.91	83.4	29.48	25.91	79.4	28.35	25.91	88.0	28.83	25.91	84.2
13/06/2018 1:58:50 PM	3611707130	1013.00	28.98	25.91	83.1	29.49	25.91	79.3	28.34	25.91	88.1	28.84	25.91	84.2
13/06/2018 1:58:51 PM	3611707131	1013.00	28.99	25.91	83.0	29.50	25.91	79.3	28.37	25.91	87.9	28.87	25.91	83.9
13/06/2018 1:58:52 PM	3611707132	1013.00	28.96	25.91	83.2	29.50	25.91	79.3	28.36	25.91	88.0	28.88	25.91	83.9
13/06/2018 1:58:53 PM	3611707133	1013.00	28.93	25.91	83.5	29.55	25.91	78.9	28.35	25.91	88.0	28.84	25.91	84.2
13/06/2018 1:58:54 PM	3611707134	1013.00	28.97	25.91	83.2	29.51	25.91	79.2	28.38	25.91	87.8	28.90	25.91	83.7
13/06/2018 1:58:55 PM	3611707135	1013.00	28.98	25.91	83.1	29.53	25.91	79.1	28.41	25.91	87.6	28.85	25.91	84.1
13/06/2018 1:58:56 PM	3611707136	1013.00	28.95	25.92	83.3	29.50	25.92	79.3	28.40	25.92	87.6	28.90	25.92	83.7
13/06/2018 1:58:57 PM	3611707137	1013.00	28.99	25.92	83.0	29.49	25.92	79.3	28.44	25.92	87.3	28.90	25.92	83.7
13/06/2018 1:58:58 PM	3611707138	1013.00	28.97	25.92	83.2	29.53	25.92	79.0	28.41	25.92	87.5	28.94	25.92	83.4
13/06/2018 1:58:59 PM	3611707139	1013.00	28.97	25.92	83.2	29.52	25.92	79.1	28.39	25.92	87.7	28.93	25.92	83.5
13/06/2018 1:59:00 PM	3611707140	1013.00	28.96	25.92	83.2	29.53	25.92	79.0	28.40	25.92	87.6	28.92	25.92	83.5
13/06/2018 1:59:01 PM	3611707141	1013.00	28.95	25.93	83.3	29.54	25.93	79.0	28.43	25.93	87.4	28.93	25.93	83.4
13/06/2018 1:59:02 PM	3611707142	1013.00	28.94	25.92	83.4	29.57	25.92	78.8	28.43	25.92	87.4	28.93	25.92	83.5
13/06/2018 1:59:03 PM	3611707143	1013.00	28.98	25.92	83.1	29.54	25.92	79.0	28.40	25.92	87.6	28.91	25.92	83.6
13/06/2018 1:59:04 PM	3611707144	1013.00	28.93	25.92	83.5	29.53	25.92	79.0	28.46	25.92	87.1	28.91	25.92	83.6
13/06/2018 1:59:05 PM	3611707145	1013.00	28.94	25.92	83.4	29.54	25.92	79.0	28.41	25.92	87.5	28.94	25.92	83.4
13/06/2018 1:59:06 PM	3611707146	1013.00	29.00	25.92	82.9	29.57	25.92	78.8	28.47	25.92	87.1	28.96	25.92	83.2
13/06/2018 1:59:07 PM	3611707147	1013.00	28.96	25.92	83.2	29.55	25.92	78.9	28.41	25.92	87.5	28.93	25.92	83.5
13/06/2018 1:59:08 PM	3611707148	1013.00	28.98	25.92	83.1	29.59	25.92	78.6	28.44	25.92	87.3	28.94	25.92	83.4
13/06/2018 1:59:09 PM	3611707149	1013.00	28.98	25.92	83.1	29.59	25.92	78.6	28.45	25.92	87.2	28.92	25.92	83.5
13/06/2018 1:59:10 PM	3611707150	1013.00	28.94	25.92	83.4	29.59	25.92	78.6	28.40	25.92	87.6	28.96	25.92	83.2
13/06/2018 1:59:11 PM	3611707151	1013.00	28.99	25.92	83.0	29.51	25.92	79.2	28.51	25.92	86.7	29.00	25.92	82.9
13/06/2018 1:59:12 PM	3611707152	1013.00	28.98	25.92	83.1	29.60	25.92	78.5	28.42	25.92	87.5	29.01	25.92	82.9
13/06/2018 1:59:13 PM	3611707153	1013.00	28.99	25.91	83.0	29.52	25.91	79.1	28.47	25.91	87.1	28.98	25.91	83.1
13/06/2018 1:59:14 PM	3611707154	1013.00	28.99	25.91	83.0	29.59	25.91	78.6	28.39	25.91	87.7	28.96	25.91	83.2
13/06/2018 1:59:15 PM	3611707155	1013.00	28.98	25.91	83.1	29.60	25.91	78.6	28.49	25.91	86.9	28.97	25.91	83.2
13/06/2018 1:59:16 PM	3611707156	1013.00	29.00	25.91	82.9	29.57	25.91	78.8	28.44	25.91	87.3	28.98	25.91	83.1
13/06/2018 1:59:17 PM	3611707157	1013.00	28.99	25.91	83.0	29.54	25.91	79.0	28.46	25.91	87.2	29.01	25.91	82.9
13/06/2018 1:59:18 PM	3611707158	1013.00	28.98	25.92	83.1	29.58	25.92	78.7	28.49	25.92	86.9	28.99	25.92	83.0
13/06/2018 1:59:19 PM	3611707159	1013.00	29.01	25.92	82.9	29.60	25.92	78.5	28.51	25.92	86.7	28.97	25.92	83.2
13/06/2018 1:59:20 PM	3611707160	1013.00	28.99	25.92	83.0	29.57	25.92	78.8	28.42	25.92	87.5	28.98	25.92	83.1
13/06/2018 1:59:21 PM	3611707161	1013.00	28.98	25.92	83.1	29.55	25.92	78.9	28.49	25.92	86.9	28.97	25.92	83.2
13/06/2018 1:59:22 PM	3611707162	1013.00	29.00	25.93	82.9	29.57	25.93	78.7	28.48	25.93	87.0	29.00	25.93	82.9
13/06/2018 1:59:23 PM	3611707163	1013.00	29.01	25.93	82.8	29.57	25.93	78.7	28.46	25.93	87.1	28.98	25.93	83.1
13/06/2018 1:59:24 PM	3611707164	1013.00	28.96	25.93	83.2	29.61	25.93	78.5	28.52	25.93	86.6	28.98	25.93	83.1
13/06/2018 1:59:25 PM	3611707165	1013.00	28.98	25.92	83.1	29.60	25.92	78.5	28.45	25.92	87.2	29.02	25.92	82.8
13/06/2018 1:59:26 PM	3611707166	1013.00	28.98	25.92	83.1	29.59	25.92	78.6	28.49	25.92	86.9	29.05	25.92	82.6
13/06/2018 1:59:27 PM	3611707167	1013.00	28.98	25.92	83.1	29.60	25.92	78.5	28.45	25.92	87.2	29.03	25.92	82.7
13/06/2018 1:59:28 PM	3611707168	1013.00	29.00	25.92	82.9	29.62	25.92	78.4	28.47	25.92	87.1	29.03	25.92	82.7
13/06/2018 1:59:29 PM	3611707169	1013.00	29.04	25.92	82.6	29.56	25.92	78.8	28.45	25.92	87.2	29.01	25.92	82.9
13/06/2018 1:59:30 PM	3611707170	1013.00	28.98	25.92	83.1	29.55	25.92	78.9	28.50	25.92	86.8	29.05	25.92	82.6
13/06/2018 1:59:31 PM	3611707171	1013.00	29.00	25.92	82.9	29.60	25.92	78.5	28.49	25.92	86.9	29.04	25.92	82.6
13/06/2018 1:59:32 PM	3611707172	1013.00	28.98	25.92	83.1	29.58	25.92	78.7	28.51	25.92	86.7	29.04	25.92	82.6
13/06/2018 1:59:33 PM	3611707173	1013.00	29.03	25.92	82.7	29.59	25.92	78.6	28.49	25.92	86.9	29.04	25.92	82.6
13/06/2018 1:59:34 PM	3611707174	1013.00	29.01	25.91	82.9	29.60	25.91	78.6	28.49	25.91	86.9	29.06	25.91	82.5
13/06/2018 1:59:35 PM	3611707175	1013.00	29.00	25.92	82.9	29.62	25.92	78.4	28.46	25.92	87.1	28.99	25.92	83.0
13/06/2018 1:59:36 PM	3611707176	1013.00	28.98	25.92	83.1	29.65	25.92	78.2	28.55	25.92	86.4	29.06	25.92	82.5
13/06/2018 1:59:37 PM	3611707177	1013.00	29.02	25.92	82.8	29.62	25.92	78.4	28.48	25.92	87.0	29.07	25.92	82.4
13/06/2018 1:59:38 PM	3611707178	1013.00	28.98	25.92	83.1	29.63	25.92	78.3	28.51	25.92	86.7	29.04	25.92	82.6
13/06/2018 1:59:39 PM	3611707179	1013.00	29.05	25.92	82.6	29.62	25.92	78.4	28.50	25.92	86.8	29.08	25.92	82.3
13/06/2018 1:59:40 PM	3611707180	1013.00	29.02	25.92	82.8	29.67	25.92	78.0	28.49	25.92	86.9	29.05	25.92	82.6
13/06/2018 1:59:41 PM	3611707181	1013.00	29.03	25.92	82.7	29.62	25.92	78.4	28.57	25.92	86.3	29.02	25.92	82.8
13/06/2018 1:59:42 PM	3611707182	1013.00	29.02	25.92	82.8	29.67	25.92	78.0	28.48	25.92	87.0	29.07	25.92	82.4
13/06/2018 1:59:43 PM	3611707183	1013.00	28.99	25.92	83.0	29.63	25.92	78.3	28.52	25.92	86.7	29.05	25.92	82.6
13/06/2018 1:59:44 PM	3611707184	1013.00	29.02	25.92	82.8	29.64	25.92	78.3	28.49	25.92	86.9	29.04	25.92	82.6
13/06/2018 1:59:45 PM	3611707185	1013.00	28.99	25.91	83.0	29.66	25.91	78.1	28.47	25.91	87.1	29.07	25.91	82.4
13/06/2018 1:59:46 PM	3611707186	1013.00	29.01	25.91	82.9	29.66	25.91	78.1	28.51	25.91	86.8	29.10	25.91	82.2
13/06/2018 1:59:47 PM	3611707187	1013.00	29.04	25.91	82.6	29.63	25.91	78.3	28.52	25.91	86.7	29.06	25.91	82.5
13/06/2018 1:59:48 PM	3611707188	1013.00	29.04	25.91	82.6	29.65	25.91	78.2	28.51	25.91	86.8	29.09	25.91	82.3
13/06/2018 1:59:49 PM	3611707189	1013.00	29.05	25.91	82.6	29.65	25.91	78.2	28.55	25.91	86.4	29.04	25.91	82.6
13/06/2018 1:59:50 PM	3611707190	1013.00	29.03	25.91	82.7	29.64	25.91	78.3	28.56	25.91	86.4	29.04	25.91	82.6
13/06/2018 1:59:51 PM	3611707191	1013.00	29.03	25.91	82.7	29.65	25.91	78.2	28.53	25.91	86.6	29.11	25.91	82.1
13/06/2018 1:59:52 PM	3611707192	1013.00	29.03	25.91	82.7	29.66	25.91	78.1	28.51	25.91	86.8	29.08	25.91	82.3
13/06/2018 1:59:53 PM	3611707193	1013.00	29.04	25.91	82.6	29.67	25.91	78.1	28.57	25.91	86.3	29.05	25.91	82.6
13/06/2018 1:59:54 PM	3611707194	1013.00	29.03	25.90	82.7	29.69	25.90	77.9	28.50	25.90	86.8	29.11	25.90	82.1
13/06/2018 1:59:55 PM	3611707195	1013.00	29.04	25.90	82.7	29.67	25.90	78.1	28.57	25.90	86.3	29.08	25.90	82.4
13/06/2018 1:59:56 PM	3611707196	1013.00	29.02	25.90	82.8	29.66	25.90	78.1	28.56	25.90	86.4	29.08	25.90	82.4
13/06/2018 1:59:57 PM	3611707197	1013.00	29.05	25.91	82.6	29.67	25.91	78.1	28.50	25.91	86.8	29.09	25.91	82.3
13/06/2018 1:59:58 PM	3611707198	1013.00	29.06	25.90	82.5	29.64	25.90	78.3	28.58	25.90	86.2	29.11	25.90	82.1
13/06/2018 1:59:59 PM	3611707199	1013.00	29.05	25.91	82.6	29.71	25.91	77.8	28.60	25.91	86.0	29.05	25.91	82.6
13/06/2018 2:00:00 PM	3611707200	1013.00	29.06	25.90	82.5	29.69	25.90	77.9	28.58	25.90	86.2	29.09	25.90	82.3
13/06/2018 2:00:01 PM	3611707201	1013.00	29.07	25.90	82.4	29.67	25.90	78.1	28.55	25.90	86.5	29.13	25.90	82.0
13/06/2018 2:00:02 PM	3611707202	1013.00	29.05	25.90	82.6	29.68	25.90	78.0	28.59	25.90	86.1	29.08	25.90	82.4
13/06/2018 2:00:03 PM	3611707203	1013.00	29.00	25.91	82.9	29.73	25.91	77.6	28.55	25.91	86.4	29.12	25.91	82.0
13/06/2018 2:00:04 PM	3611707204	1013.00	29.03	25.91	82.7	29.73	25.91	77.6	28.57	25.91	86.3	29.14	25.91	81.9
13/06/2018 2:00:05 PM	3611707205	1013.00	29.03	25.91	82.7	29.70	25.91	77.8	28.60	25.91	86.0	29.09	25.91	82.3
13/06/2018 2:00:06 PM	3611707206	1013.00	29.05	25.91	82.6	29.70	25.91	77.8	28.58	25.91	86.2	29.12	25.91	82.0
13/06/2018 2:00:07 PM	3611707207	1013.00	29.02	25.91	82.8	29.70	25.91	77.8	28.56	25.91	86.4	29.17	25.91	81.7
13/06/2018 2:00:08 PM	3611707208	1013.00	29.07	25.91	82.4	29.71	25.91	77.8	28.60	25.91	86.0	29.15	25.91	81.8
13/06/2018 2:00:09 PM	3611707209	1013.00	29.08	25.91	82.3	29.69	25.91	77.9	28.52	25.91	86.7	29.15	25.91	81.8
13/06/2018 2:00:10 PM	3611707210	1013.00	29.11	25.91	82.1	29.75	25.91	77.5	28.53	25.91	86.6	29.16	25.91	81.7
13/06/2018 2:00:11 PM	3611707211	1013.00	29.06	25.91	82.5	29.73	25.91	77.6	28.55	25.91	86.4	29.16	25.91	81.7
13/06/2018 2:00:12 PM	3611707212	1013.00	29.09	25.91	82.3	29.72	25.91	77.7	28.56	25.91	86.4	29.17	25.91	81.7
13/06/2018 2:00:13 PM	3611707213	1013.00	29.08	25.91	82.3	29.70	25.91	77.8	28.60	25.91	86.0	29.20	25.91	81.5
13/06/2018 2:00:14 PM	3611707214	1013.00	29.07	25.90	82.4	29.73	25.90	77.7	28.57	25.90	86.3	29.16	25.90	81.8
13/06/2018 2:00:15 PM	3611707215	1013.00	29.07	25.90	82.4	29.71	25.90	77.8	28.60	25.90	86.1	29.20	25.90	81.5
13/06/2018 2:00:16 PM	3611707216	1013.00	29.07	25.90	82.4	29.70	25.90	77.9	28.64	25.90	85.7	29.15	25.90	81.8
13/06/2018 2:00:17 PM	3611707217	1013.00	29.09	25.90	82.3	29.74	25.90	77.6	28.63	25.90	85.8	29.26	25.90	81.0
13/06/2018 2:00:18 PM	3611707218	1013.00	29.08	25.90	82.4	29.78	25.90	77.3	28.58	25.90	86.2	29.21	25.90	81.4
13/06/2018 2:00:19 PM	3611707219	1013.00	29.10	25.90	82.2	29.72	25.90	77.7	28.59	25.90	86.1	29.19	25.90	81.5
13/06/2018 2:00:20 PM	3611707220	1013.00	29.12	25.90	82.1	29.75	25.90	77.5	28.65	25.90	85.7	29.15	25.90	81.8
13/06/2018 2:00:21 PM	3611707221	1013.00	29.11	25.90	82.1	29.76	25.90	77.4	28.62	25.90	85.9	29.18	25.90	81.6
13/06/2018 2:00:22 PM	3611707222	1013.00	29.10	25.90	82.2	29.74	25.90	77.6	28.59	25.90	86.1	29.18	25.90	81.6
13/06/2018 2:00:23 PM	3611707223	1013.00	29.06	25.90	82.5	29.70	25.90	77.9	28.57	25.90	86.3	29.24	25.90	81.2
13/06/2018 2:00:24 PM	3611707224	1013.00	29.10	25.90	82.2	29.78	25.90	77.3	28.59	25.90	86.1	29.19	25.90	81.5
13/06/2018 2:00:25 PM	3611707225	1013.00	29.08	25.90	82.4	29.76	25.90	77.4	28.66	25.90	85.6	29.18	25.90	81.6
13/06/2018 2:00:26 PM	3611707226	1013.00	29.12	25.90	82.1	29.75	25.90	77.5	28.63	25.90	85.8	29.28	25.90	80.9
13/06/2018 2:00:27 PM	3611707227	1013.00	29.11	25.90	82.1	29.76	25.90	77.4	28.58	25.90	86.2	29.24	25.90	81.2
13/06/2018 2:00:28 PM	3611707228	1013.00	29.11	25.90	82.1	29.78	25.90	77.3	28.65	25.90	85.7	29.20	25.90	81.5
13/06/2018 2:00:29 PM	3611707229	1013.00	29.11	25.90	82.1	29.79	25.90	77.2	28.62	25.90	85.9	29.22	25.90	81.3
13/06/2018 2:00:30 PM	3611707230	1013.00	29.10	25.90	82.2	29.77	25.90	77.4	28.64	25.90	85.7	29.18	25.90	81.6
13/06/2018 2:00:31 PM	3611707231	1013.00	29.12	25.90	82.1	29.77	25.90	77.4	28.65	25.90	85.7	29.23	25.90	81.2
13/06/2018 2:00:32 PM	3611707232	1013.00	29.08	25.90	82.4	29.74	25.90	77.6	28.63	25.90	85.8	29.22	25.90	81.3
13/06/2018 2:00:33 PM	3611707233	1013.00	29.13	25.90	82.0	29.71	25.90	77.8	28.65	25.90	85.7	29.19	25.90	81.5
13/06/2018 2:00:34 PM	3611707234	1013.00	29.11	25.91	82.1	29.77	25.91	77.4	28.70	25.91	85.3	29.28	25.91	80.9
13/06/2018 2:00:35 PM	3611707235	1013.00	29.15	25.91	81.8	29.77	25.91	77.4	28.66	25.91	85.6	29.25	25.91	81.1
13/06/2018 2:00:36 PM	3611707236	1013.00	29.15	25.91	81.8	29.80	25.91	77.2	28.68	25.91	85.4	29.23	25.91	81.2
13/06/2018 2:00:37 PM	3611707237	1013.00	29.14	25.91	81.9	29.77	25.91	77.4	28.66	25.91	85.6	29.26	25.91	81.0
13/06/2018 2:00:38 PM	3611707238	1013.00	29.14	25.91	81.9	29.83	25.91	76.9	28.65	25.91	85.6	29.28	25.91	80.9
13/06/2018 2:00:39 PM	3611707239	1013.00	29.16	25.91	81.7	29.80	25.91	77.2	28.61	25.91	86.0	29.23	25.91	81.2
13/06/2018 2:00:40 PM	3611707240	1013.00	29.15	25.91	81.8	29.78	25.91	77.3	28.63	25.91	85.8	29.23	25.91	81.2
13/06/2018 2:00:41 PM	3611707241	1013.00	29.14	25.91	81.9	29.77	25.91	77.4	28.68	25.91	85.4	29.23	25.91	81.2
13/06/2018 2:00:42 PM	3611707242	1013.00	29.14	25.91	81.9	29.79	25.91	77.2	28.65	25.91	85.6	29.24	25.91	81.2
13/06/2018 2:00:43 PM	3611707243	1013.00	29.17	25.90	81.7	29.78	25.90	77.3	28.66	25.90	85.6	29.25	25.90	81.1
13/06/2018 2:00:44 PM	3611707244	1013.00	29.14	25.90	81.9	29.77	25.90	77.4	28.61	25.90	86.0	29.24	25.90	81.2
13/06/2018 2:00:45 PM	3611707245	1013.00	29.16	25.90	81.8	29.77	25.90	77.4	28.63	25.90	85.8	29.26	25.90	81.0
13/06/2018 2:00:46 PM	3611707246	1013.00	29.20	25.90	81.5	29.77	25.90	77.4	28.68	25.90	85.4	29.29	25.90	80.8
13/06/2018 2:00:47 PM	3611707247	1013.00	29.13	25.90	82.0	29.80	25.90	77.2	28.71	25.90	85.2	29.25	25.90	81.1
13/06/2018 2:00:48 PM	3611707248	1013.00	29.14	25.90	81.9	29.80	25.90	77.2	28.64	25.90	85.7	29.29	25.90	80.8
13/06/2018 2:00:49 PM	3611707249	1013.00	29.19	25.90	81.5	29.81	25.90	77.1	28.70	25.90	85.3	29.30	25.90	80.7
13/06/2018 2:00:50 PM	3611707250	1013.00	29.14	25.90	81.9	29.80	25.90	77.2	28.66	25.90	85.6	29.29	25.90	80.8
13/06/2018 2:00:51 PM	3611707251	1013.00	29.15	25.90	81.8	29.80	25.90	77.2	28.62	25.90	85.9	29.31	25.90	80.7
13/06/2018 2:00:52 PM	3611707252	1013.00	29.15	25.90	81.8	29.79	25.90	77.2	28.68	25.90	85.4	29.23	25.90	81.2
13/06/2018 2:00:53 PM	3611707253	1013.00	29.17	25.90	81.7	29.79	25.90	77.2	28.65	25.90	85.7	29.29	25.90	80.8
13/06/2018 2:00:54 PM	3611707254	1013.00	29.16	25.90	81.8	29.81	25.90	77.1	28.66	25.90	85.6	29.28	25.90	80.9
13/06/2018 2:00:55 PM	3611707255	1013.00	29.16	25.90	81.8	29.82	25.90	77.0	28.69	25.90	85.3	29.30	25.90	80.7
13/06/2018 2:00:56 PM	3611707256	1013.00	29.16	25.90	81.8	29.81	25.90	77.1	28.64	25.90	85.7	29.30	25.90	80.7
13/06/2018 2:00:57 PM	3611707257	1013.00	29.19	25.90	81.5	29.85	25.90	76.8	28.71	25.90	85.2	29.29	25.90	80.8
13/06/2018 2:00:58 PM	3611707258	1013.00	29.17	25.90	81.7	29.85	25.90	76.8	28.73	25.90	85.0	29.31	25.90	80.7
13/06/2018 2:00:59 PM	3611707259	1013.00	29.12	25.90	82.1	29.83	25.90	77.0	28.72	25.90	85.1	29.28	25.90	80.9
13/06/2018 2:01:00 PM	3611707260	1013.00	29.16	25.89	81.8	29.82	25.89	77.0	28.71	25.89	85.2	29.31	25.89	80.7
13/06/2018 2:01:01 PM	3611707261	1013.00	29.15	25.89	81.8	29.84	25.89	76.9	28.70	25.89	85.3	29.34	25.89	80.5
13/06/2018 2:01:02 PM	3611707262	1013.00	29.17	25.90	81.7	29.86	25.90	76.8	28.74	25.90	85.0	29.23	25.90	81.2
13/06/2018 2:01:03 PM	3611707263	1013.00	29.17	25.89	81.7	29.86	25.89	76.8	28.69	25.89	85.4	29.34	25.89	80.5
13/06/2018 2:01:04 PM	3611707264	1013.00	29.15	25.89	81.8	29.83	25.89	77.0	28.63	25.89	85.8	29.30	25.89	80.7
13/06/2018 2:01:05 PM	3611707265	1013.00	29.15	25.89	81.8	29.82	25.89	77.0	28.67	25.89	85.5	29.33	25.89	80.5
13/06/2018 2:01:06 PM	3611707266	1013.00	29.16	25.89	81.8	29.85	25.89	76.8	28.70	25.89	85.3	29.29	25.89	80.8
13/06/2018 2:01:07 PM	3611707267	1013.00	29.18	25.89	81.6	29.87	25.89	76.7	28.79	25.89	84.6	29.25	25.89	81.1
13/06/2018 2:01:08 PM	3611707268	1013.00	29.15	25.90	81.8	29.86	25.90	76.8	28.73	25.90	85.0	29.31	25.90	80.7
13/06/2018 2:01:09 PM	3611707269	1013.00	29.17	25.90	81.7	29.81	25.90	77.1	28.75	25.90	84.9	29.35	25.90	80.4
13/06/2018 2:01:10 PM	3611707270	1013.00	29.16	25.90	81.8	29.86	25.90	76.8	28.70	25.90	85.3	29.27	25.90	80.9
13/06/2018 2:01:11 PM	3611707271	1013.00	29.14	25.90	81.9	29.83	25.90	77.0	28.74	25.90	85.0	29.33	25.90	80.5
13/06/2018 2:01:12 PM	3611707272	1013.00	29.15	25.91	81.8	29.83	25.91	76.9	28.72	25.91	85.1	29.33	25.91	80.5
13/06/2018 2:01:13 PM	3611707273	1013.00	29.17	25.90	81.7	29.89	25.90	76.5	28.73	25.90	85.0	29.33	25.90	80.5
13/06/2018 2:01:14 PM	3611707274	1013.00	29.16	25.90	81.8	29.87	25.90	76.7	28.76	25.90	84.8	29.33	25.90	80.5
13/06/2018 2:01:15 PM	3611707275	1013.00	29.20	25.91	81.5	29.86	25.91	76.7	28.78	25.91	84.6	29.33	25.91	80.5
13/06/2018 2:01:16 PM	3611707276	1013.00	29.21	25.91	81.4	29.86	25.91	76.7	28.78	25.91	84.6	29.27	25.91	80.9
13/06/2018 2:01:17 PM	3611707277	1013.00	29.16	25.91	81.7	29.88	25.91	76.6	28.72	25.91	85.1	29.34	25.91	80.4
13/06/2018 2:01:18 PM	3611707278	1013.00	29.17	25.91	81.7	29.88	25.91	76.6	28.74	25.91	84.9	29.29	25.91	80.8
13/06/2018 2:01:19 PM	3611707279	1013.00	29.20	25.91	81.5	29.88	25.91	76.6	28.71	25.91	85.2	29.32	25.91	80.6
13/06/2018 2:01:20 PM	3611707280	1013.00	29.20	25.90	81.5	29.87	25.90	76.7	28.75	25.90	84.9	29.36	25.90	80.3
13/06/2018 2:01:21 PM	3611707281	1013.00	29.19	25.90	81.5	29.87	25.90	76.7	28.76	25.90	84.8	29.39	25.90	80.1
13/06/2018 2:01:22 PM	3611707282	1013.00	29.18	25.90	81.6	29.88	25.90	76.6	28.80	25.90	84.5	29.34	25.90	80.4
13/06/2018 2:01:23 PM	3611707283	1013.00	29.18	25.90	81.6	29.84	25.90	76.9	28.78	25.90	84.6	29.37	25.90	80.2
13/06/2018 2:01:24 PM	3611707284	1013.00	29.20	25.90	81.5	29.89	25.90	76.5	28.80	25.90	84.5	29.39	25.90	80.1
13/06/2018 2:01:25 PM	3611707285	1013.00	29.19	25.90	81.5	29.87	25.90	76.7	28.75	25.90	84.9	29.36	25.90	80.3
13/06/2018 2:01:26 PM	3611707286	1013.00	29.19	25.90	81.5	29.90	25.90	76.5	28.73	25.90	85.0	29.33	25.90	80.5
13/06/2018 2:01:27 PM	3611707287	1013.00	29.21	25.90	81.4	29.90	25.90	76.5	28.79	25.90	84.6	29.31	25.90	80.7
13/06/2018 2:01:28 PM	3611707288	1013.00	29.23	25.91	81.2	29.93	25.91	76.3	28.80	25.91	84.5	29.33	25.91	80.5
13/06/2018 2:01:29 PM	3611707289	1013.00	29.21	25.91	81.4	29.89	25.91	76.5	28.78	25.91	84.6	29.36	25.91	80.3
13/06/2018 2:01:30 PM	3611707290	1013.00	29.23	25.91	81.2	29.91	25.91	76.4	28.76	25.91	84.8	29.34	25.91	80.4
13/06/2018 2:01:31 PM	3611707291	1013.00	29.22	25.90	81.3	29.93	25.90	76.3	28.81	25.90	84.4	29.34	25.90	80.4
13/06/2018 2:01:32 PM	3611707292	1013.00	29.19	25.90	81.5	29.93	25.90	76.3	28.74	25.90	85.0	29.40	25.90	80.0
13/06/2018 2:01:33 PM	3611707293	1013.00	29.21	25.90	81.4	29.93	25.90	76.3	28.79	25.90	84.6	29.31	25.90	80.7
13/06/2018 2:01:34 PM	3611707294	1013.00	29.21	25.90	81.4	29.91	25.90	76.4	28.82	25.90	84.3	29.33	25.90	80.5
13/06/2018 2:01:35 PM	3611707295	1013.00	29.25	25.89	81.1	29.92	25.89	76.4	28.80	25.89	84.5	29.40	25.89	80.0
13/06/2018 2:01:36 PM	3611707296	1013.00	29.24	25.90	81.2	29.91	25.90	76.4	28.87	25.90	84.0	29.39	25.90	80.1
13/06/2018 2:01:37 PM	3611707297	1013.00	29.23	25.90	81.2	29.87	25.90	76.7	28.81	25.90	84.4	29.38	25.90	80.1
13/06/2018 2:01:38 PM	3611707298	1013.00	29.20	25.90	81.5	29.93	25.90	76.3	28.77	25.90	84.7	29.39	25.90	80.1
13/06/2018 2:01:39 PM	3611707299	1013.00	29.20	25.90	81.5	29.92	25.90	76.3	28.81	25.90	84.4	29.39	25.90	80.1
13/06/2018 2:01:40 PM	3611707300	1013.00	29.21	25.90	81.4	29.94	25.90	76.2	28.85	25.90	84.1	29.45	25.90	79.6
13/06/2018 2:01:41 PM	3611707301	1013.00	29.21	25.90	81.4	29.96	25.90	76.1	28.78	25.90	84.6	29.39	25.90	80.1
13/06/2018 2:01:42 PM	3611707302	1013.00	29.27	25.90	80.9	29.92	25.90	76.3	28.83	25.90	84.3	29.43	25.90	79.8
13/06/2018 2:01:43 PM	3611707303	1013.00	29.22	25.91	81.3	29.92	25.91	76.3	28.82	25.91	84.3	29.38	25.91	80.1
13/06/2018 2:01:44 PM	3611707304	1013.00	29.20	25.90	81.5	29.91	25.90	76.4	28.79	25.90	84.6	29.44	25.90	79.7
13/06/2018 2:01:45 PM	3611707305	1013.00	29.23	25.91	81.2	29.97	25.91	76.0	28.79	25.91	84.6	29.44	25.91	79.7
13/06/2018 2:01:46 PM	3611707306	1013.00	29.24	25.90	81.2	29.93	25.90	76.3	28.85	25.90	84.1	29.40	25.90	80.0
13/06/2018 2:01:47 PM	3611707307	1013.00	29.21	25.90	81.4	29.91	25.90	76.4	28.85	25.90	84.1	29.46	25.90	79.6
13/06/2018 2:01:48 PM	3611707308	1013.00	29.23	25.90	81.2	29.99	25.90	75.9	28.79	25.90	84.6	29.41	25.90	79.9
13/06/2018 2:01:49 PM	3611707309	1013.00	29.21	25.90	81.4	29.96	25.90	76.1	28.89	25.90	83.8	29.44	25.90	79.7
13/06/2018 2:01:50 PM	3611707310	1013.00	29.25	25.90	81.1	29.97	25.90	76.0	28.82	25.90	84.3	29.40	25.90	80.0
13/06/2018 2:01:51 PM	3611707311	1013.00	29.24	25.90	81.2	29.97	25.90	76.0	28.86	25.90	84.0	29.43	25.90	79.8
13/06/2018 2:01:52 PM	3611707312	1013.00	29.23	25.90	81.2	29.93	25.90	76.3	28.81	25.90	84.4	29.42	25.90	79.9
13/06/2018 2:01:53 PM	3611707313	1013.00	29.22	25.90	81.3	29.95	25.90	76.1	28.78	25.90	84.6	29.46	25.90	79.6
13/06/2018 2:01:54 PM	3611707314	1013.00	29.27	25.90	80.9	29.94	25.90	76.2	28.84	25.90	84.2	29.40	25.90	80.0
13/06/2018 2:01:55 PM	3611707315	1013.00	29.24	25.90	81.2	29.96	25.90	76.1	28.86	25.90	84.0	29.45	25.90	79.6
13/06/2018 2:01:56 PM	3611707316	1013.00	29.22	25.90	81.3	29.96	25.90	76.1	28.84	25.90	84.2	29.46	25.90	79.6
13/06/2018 2:01:57 PM	3611707317	1013.00	29.23	25.90	81.2	29.95	25.90	76.1	28.88	25.90	83.9	29.45	25.90	79.6
13/06/2018 2:01:58 PM	3611707318	1013.00	29.26	25.90	81.0	30.00	25.90	75.8	28.90	25.90	83.7	29.46	25.90	79.6
13/06/2018 2:01:59 PM	3611707319	1013.00	29.25	25.90	81.1	29.97	25.90	76.0	28.90	25.90	83.7	29.42	25.90	79.9
13/06/2018 2:02:00 PM	3611707320	1013.00	29.23	25.90	81.2	29.97	25.90	76.0	28.84	25.90	84.2	29.44	25.90	79.7
13/06/2018 2:02:01 PM	3611707321	1013.00	29.28	25.90	80.9	29.96	25.90	76.1	28.83	25.90	84.3	29.48	25.90	79.4
13/06/2018 2:02:02 PM	3611707322	1013.00	29.25	25.90	81.1	30.00	25.90	75.8	28.86	25.90	84.0	29.41	25.90	79.9
13/06/2018 2:02:03 PM	3611707323	1013.00	29.25	25.90	81.1	29.98	25.90	75.9	28.90	25.90	83.7	29.41	25.90	79.9
13/06/2018 2:02:04 PM	3611707324	1013.00	29.27	25.90	80.9	30.00	25.90	75.8	28.87	25.90	84.0	29.50	25.90	79.3
13/06/2018 2:02:05 PM	3611707325	1013.00	29.28	25.90	80.9	30.01	25.90	75.7	28.86	25.90	84.0	29.45	25.90	79.6
13/06/2018 2:02:06 PM	3611707326	1013.00	29.25	25.90	81.1	30.00	25.90	75.8	28.85	25.90	84.1	29.53	25.90	79.1
13/06/2018 2:02:07 PM	3611707327	1013.00	29.25	25.90	81.1	29.98	25.90	75.9	28.91	25.90	83.6	29.45	25.90	79.6
13/06/2018 2:02:08 PM	3611707328	1013.00	29.25	25.89	81.1	30.02	25.89	75.7	28.85	25.89	84.1	29.44	25.89	79.7
13/06/2018 2:02:09 PM	3611707329	1013.00	29.31	25.90	80.7	29.98	25.90	75.9	28.92	25.90	83.6	29.49	25.90	79.4
13/06/2018 2:02:10 PM	3611707330	1013.00	29.26	25.89	81.0	30.01	25.89	75.7	28.90	25.89	83.7	29.44	25.89	79.7
13/06/2018 2:02:11 PM	3611707331	1013.00	29.30	25.89	80.7	29.99	25.89	75.9	28.84	25.89	84.2	29.50	25.89	79.3
13/06/2018 2:02:12 PM	3611707332	1013.00	29.27	25.90	80.9	29.99	25.90	75.9	28.90	25.90	83.7	29.51	25.90	79.2
13/06/2018 2:02:13 PM	3611707333	1013.00	29.24	25.90	81.2	30.01	25.90	75.7	28.92	25.90	83.6	29.48	25.90	79.4
13/06/2018 2:02:14 PM	3611707334	1013.00	29.29	25.90	80.8	30.04	25.90	75.5	28.86	25.90	84.0	29.45	25.90	79.6
13/06/2018 2:02:15 PM	3611707335	1013.00	29.27	25.89	81.0	30.01	25.89	75.7	28.91	25.89	83.7	29.43	25.89	79.8
13/06/2018 2:02:16 PM	3611707336	1013.00	29.27	25.89	81.0	30.01	25.89	75.7	28.92	25.89	83.6	29.45	25.89	79.7
13/06/2018 2:02:17 PM	3611707337	1013.00	29.28	25.89	80.9	29.99	25.89	75.9	28.90	25.89	83.7	29.45	25.89	79.7
13/06/2018 2:02:18 PM	3611707338	1013.00	29.27	25.88	81.0	30.02	25.88	75.7	28.91	25.88	83.7	29.51	25.88	79.2
13/06/2018 2:02:19 PM	3611707339	1013.00	29.30	25.88	80.8	30.03	25.88	75.6	28.86	25.88	84.1	29.52	25.88	79.2
