Date & time of file creation	13/06/2018 2:05 PM													
Data file path	C:\Users\ameli\Desktop\Diego Barneche\13_06_2018\32_C_new_witrox_10.txt													
														
														
CALIBRATION DATA														
Parameter/Channel	N moving average	LO phase [r.U.]	HI phase [r.U.]	LO oxygen [%air saturation]	HI oxygen [%air saturation]	LO temperature [°C]	HI temperature [°C]	Salinity [‰]						
SDWD0003000199      , CH 1	1	59.41	26.98	0.00	100.00	26.00	25.97	0.000						
SDWD0003000199      , CH 2	1	59.41	26.98	0.00	100.00	26.00	25.97	0.000						
SDWD0003000199      , CH 3	1	59.41	26.98	0.00	100.00	26.00	25.97	0.000						
SDWD0003000199      , CH 4	1	59.41	26.98	0.00	100.00	26.00	25.97	0.000						
														
														
Date &Time [DD-MM-YYYY HH:MM:SS]	Time stamp code	Barometric pressure [hPa]	SDWD0003000199      , CH 1 phase [r.U.]	SDWD0003000199      , CH 1 temp [°C]	SDWD0003000199      , CH 1 O2 [% air saturation]	SDWD0003000199      , CH 2 phase [r.U.]	SDWD0003000199      , CH 2 temp [°C]	SDWD0003000199      , CH 2 O2 [% air saturation]	SDWD0003000199      , CH 3 phase [r.U.]	SDWD0003000199      , CH 3 temp [°C]	SDWD0003000199      , CH 3 O2 [% air saturation]	SDWD0003000199      , CH 4 phase [r.U.]	SDWD0003000199      , CH 4 temp [°C]	SDWD0003000199      , CH 4 O2 [% air saturation]
13/06/2018 2:06:37 PM	3611707597	1013.00	25.71	32.08	102.0	25.76	32.08	101.5	25.69	32.08	102.2	25.72	32.08	101.9
13/06/2018 2:06:38 PM	3611707598	1013.00	25.73	32.08	101.8	25.75	32.08	101.6	25.69	32.08	102.2	25.74	32.08	101.7
13/06/2018 2:06:39 PM	3611707599	1013.00	25.69	32.08	102.2	25.73	32.08	101.8	25.67	32.08	102.4	25.76	32.08	101.5
13/06/2018 2:06:40 PM	3611707600	1013.00	25.74	32.08	101.7	25.79	32.08	101.2	25.63	32.08	102.8	25.78	32.08	101.3
13/06/2018 2:06:41 PM	3611707601	1013.00	25.75	32.08	101.6	25.81	32.08	101.0	25.68	32.08	102.3	25.79	32.08	101.2
13/06/2018 2:06:42 PM	3611707602	1013.00	25.72	32.08	101.9	25.78	32.08	101.3	25.66	32.08	102.5	25.75	32.08	101.6
13/06/2018 2:06:43 PM	3611707603	1013.00	25.70	32.08	102.1	25.80	32.08	101.1	25.70	32.08	102.1	25.78	32.08	101.3
13/06/2018 2:06:44 PM	3611707604	1013.00	25.69	32.08	102.2	25.74	32.08	101.7	25.69	32.08	102.2	25.79	32.08	101.2
13/06/2018 2:06:45 PM	3611707605	1013.00	25.69	32.08	102.2	25.75	32.08	101.6	25.66	32.08	102.5	25.76	32.08	101.5
13/06/2018 2:06:46 PM	3611707606	1013.00	25.78	32.08	101.3	25.76	32.08	101.5	25.68	32.08	102.3	25.76	32.08	101.5
13/06/2018 2:06:47 PM	3611707607	1013.00	25.74	32.08	101.7	25.73	32.08	101.8	25.67	32.08	102.4	25.76	32.08	101.5
13/06/2018 2:06:48 PM	3611707608	1013.00	25.74	32.08	101.7	25.78	32.08	101.3	25.66	32.08	102.5	25.77	32.08	101.4
13/06/2018 2:06:49 PM	3611707609	1013.00	25.70	32.08	102.1	25.79	32.08	101.2	25.72	32.08	101.9	25.76	32.08	101.5
13/06/2018 2:06:50 PM	3611707610	1013.00	25.75	32.08	101.6	25.76	32.08	101.5	25.65	32.08	102.6	25.76	32.08	101.5
13/06/2018 2:06:51 PM	3611707611	1013.00	25.66	32.09	102.5	25.72	32.09	101.9	25.71	32.09	102.0	25.75	32.09	101.6
13/06/2018 2:06:52 PM	3611707612	1013.00	25.75	32.08	101.6	25.77	32.08	101.4	25.67	32.08	102.4	25.76	32.08	101.5
13/06/2018 2:06:53 PM	3611707613	1013.00	25.77	32.09	101.4	25.69	32.09	102.2	25.66	32.09	102.5	25.79	32.09	101.2
13/06/2018 2:06:54 PM	3611707614	1013.00	25.77	32.09	101.4	25.82	32.09	100.9	25.70	32.09	102.1	25.75	32.09	101.6
13/06/2018 2:06:55 PM	3611707615	1013.00	25.70	32.08	102.1	25.76	32.08	101.5	25.64	32.08	102.7	25.75	32.08	101.6
13/06/2018 2:06:56 PM	3611707616	1013.00	25.72	32.09	101.9	25.74	32.09	101.7	25.70	32.09	102.1	25.75	32.09	101.6
13/06/2018 2:06:57 PM	3611707617	1013.00	25.68	32.09	102.3	25.73	32.09	101.8	25.67	32.09	102.4	25.77	32.09	101.4
13/06/2018 2:06:58 PM	3611707618	1013.00	25.75	32.09	101.6	25.74	32.09	101.7	25.67	32.09	102.4	25.78	32.09	101.3
13/06/2018 2:06:59 PM	3611707619	1013.00	25.69	32.09	102.2	25.76	32.09	101.5	25.69	32.09	102.2	25.80	32.09	101.1
13/06/2018 2:07:00 PM	3611707620	1013.00	25.70	32.08	102.1	25.78	32.08	101.3	25.71	32.08	102.0	25.77	32.08	101.4
13/06/2018 2:07:01 PM	3611707621	1013.00	25.74	32.08	101.7	25.73	32.08	101.8	25.67	32.08	102.4	25.78	32.08	101.3
13/06/2018 2:07:02 PM	3611707622	1013.00	25.76	32.08	101.5	25.80	32.08	101.1	25.69	32.08	102.2	25.80	32.08	101.1
13/06/2018 2:07:03 PM	3611707623	1013.00	25.78	32.08	101.3	25.78	32.08	101.3	25.69	32.08	102.2	25.80	32.08	101.1
13/06/2018 2:07:04 PM	3611707624	1013.00	25.76	32.08	101.5	25.80	32.08	101.1	25.68	32.08	102.3	25.78	32.08	101.3
13/06/2018 2:07:05 PM	3611707625	1013.00	25.71	32.08	102.0	25.74	32.08	101.7	25.72	32.08	101.9	25.79	32.08	101.2
13/06/2018 2:07:06 PM	3611707626	1013.00	25.74	32.08	101.7	25.78	32.08	101.3	25.72	32.08	101.9	25.74	32.08	101.7
13/06/2018 2:07:07 PM	3611707627	1013.00	25.69	32.08	102.2	25.79	32.08	101.2	25.69	32.08	102.2	25.76	32.08	101.5
13/06/2018 2:07:08 PM	3611707628	1013.00	25.72	32.08	101.9	25.70	32.08	102.1	25.71	32.08	102.0	25.77	32.08	101.4
13/06/2018 2:07:09 PM	3611707629	1013.00	25.75	32.09	101.6	25.75	32.09	101.6	25.70	32.09	102.1	25.77	32.09	101.4
13/06/2018 2:07:10 PM	3611707630	1013.00	25.74	32.09	101.7	25.76	32.09	101.5	25.73	32.09	101.8	25.77	32.09	101.4
13/06/2018 2:07:11 PM	3611707631	1013.00	25.73	32.08	101.8	25.70	32.08	102.1	25.73	32.08	101.8	25.76	32.08	101.5
13/06/2018 2:07:12 PM	3611707632	1013.00	25.66	32.08	102.5	25.82	32.08	100.9	25.73	32.08	101.8	25.76	32.08	101.5
13/06/2018 2:07:13 PM	3611707633	1013.00	25.75	32.08	101.6	25.76	32.08	101.5	25.67	32.08	102.4	25.74	32.08	101.7
13/06/2018 2:07:14 PM	3611707634	1013.00	25.69	32.08	102.2	25.80	32.08	101.1	25.71	32.08	102.0	25.77	32.08	101.4
13/06/2018 2:07:15 PM	3611707635	1013.00	25.72	32.08	101.9	25.74	32.08	101.7	25.70	32.08	102.1	25.76	32.08	101.5
13/06/2018 2:07:16 PM	3611707636	1013.00	25.77	32.08	101.4	25.75	32.08	101.6	25.69	32.08	102.2	25.76	32.08	101.5
13/06/2018 2:07:17 PM	3611707637	1013.00	25.74	32.08	101.7	25.71	32.08	102.0	25.67	32.08	102.4	25.80	32.08	101.1
13/06/2018 2:07:18 PM	3611707638	1013.00	25.75	32.08	101.6	25.77	32.08	101.4	25.70	32.08	102.1	25.77	32.08	101.4
13/06/2018 2:07:19 PM	3611707639	1013.00	25.76	32.07	101.5	25.72	32.07	101.9	25.68	32.07	102.3	25.78	32.07	101.3
13/06/2018 2:07:20 PM	3611707640	1013.00	25.70	32.08	102.1	25.75	32.08	101.6	25.69	32.08	102.2	25.80	32.08	101.1
13/06/2018 2:07:21 PM	3611707641	1013.00	25.74	32.08	101.7	25.74	32.08	101.7	25.67	32.08	102.4	25.80	32.08	101.1
13/06/2018 2:07:22 PM	3611707642	1013.00	25.71	32.07	102.0	25.75	32.07	101.6	25.69	32.07	102.2	25.77	32.07	101.4
13/06/2018 2:07:23 PM	3611707643	1013.00	25.74	32.07	101.7	25.78	32.07	101.3	25.69	32.07	102.2	25.78	32.07	101.3
13/06/2018 2:07:24 PM	3611707644	1013.00	25.70	32.08	102.1	25.80	32.08	101.1	25.71	32.08	102.0	25.78	32.08	101.3
13/06/2018 2:07:25 PM	3611707645	1013.00	25.71	32.07	102.0	25.80	32.07	101.1	25.69	32.07	102.2	25.78	32.07	101.3
13/06/2018 2:07:26 PM	3611707646	1013.00	25.72	32.08	101.9	25.79	32.08	101.2	25.68	32.08	102.3	25.81	32.08	101.0
13/06/2018 2:07:27 PM	3611707647	1013.00	25.72	32.08	101.9	25.82	32.08	100.9	25.69	32.08	102.2	25.78	32.08	101.3
13/06/2018 2:07:28 PM	3611707648	1013.00	25.76	32.08	101.5	25.75	32.08	101.6	25.73	32.08	101.8	25.76	32.08	101.5
13/06/2018 2:07:29 PM	3611707649	1013.00	25.74	32.08	101.7	25.71	32.08	102.0	25.69	32.08	102.2	25.79	32.08	101.2
13/06/2018 2:07:30 PM	3611707650	1013.00	25.72	32.07	101.9	25.79	32.07	101.2	25.68	32.07	102.3	25.81	32.07	101.0
13/06/2018 2:07:31 PM	3611707651	1013.00	25.72	32.08	101.9	25.79	32.08	101.2	25.70	32.08	102.1	25.77	32.08	101.4
13/06/2018 2:07:32 PM	3611707652	1013.00	25.68	32.07	102.3	25.78	32.07	101.3	25.66	32.07	102.5	25.81	32.07	101.0
13/06/2018 2:07:33 PM	3611707653	1013.00	25.76	32.08	101.5	25.81	32.08	101.0	25.68	32.08	102.3	25.79	32.08	101.2
13/06/2018 2:07:34 PM	3611707654	1013.00	25.75	32.08	101.6	25.80	32.08	101.1	25.72	32.08	101.9	25.76	32.08	101.5
13/06/2018 2:07:35 PM	3611707655	1013.00	25.74	32.08	101.7	25.83	32.08	100.8	25.71	32.08	102.0	25.77	32.08	101.4
13/06/2018 2:07:36 PM	3611707656	1013.00	25.69	32.07	102.2	25.81	32.07	101.0	25.74	32.07	101.7	25.79	32.07	101.2
13/06/2018 2:07:37 PM	3611707657	1013.00	25.78	32.07	101.3	25.79	32.07	101.2	25.68	32.07	102.3	25.76	32.07	101.5
13/06/2018 2:07:38 PM	3611707658	1013.00	25.73	32.07	101.8	25.82	32.07	100.9	25.73	32.07	101.8	25.80	32.07	101.1
13/06/2018 2:07:39 PM	3611707659	1013.00	25.71	32.06	102.0	25.82	32.06	100.9	25.70	32.06	102.1	25.78	32.06	101.3
13/06/2018 2:07:40 PM	3611707660	1013.00	25.79	32.06	101.2	25.79	32.06	101.2	25.79	32.06	101.2	25.75	32.06	101.6
13/06/2018 2:07:41 PM	3611707661	1013.00	25.75	32.06	101.6	25.76	32.06	101.5	25.71	32.06	102.0	25.78	32.06	101.3
13/06/2018 2:07:42 PM	3611707662	1013.00	25.76	32.06	101.5	25.77	32.06	101.4	25.71	32.06	102.0	25.77	32.06	101.4
13/06/2018 2:07:43 PM	3611707663	1013.00	25.72	32.06	101.9	25.83	32.06	100.8	25.69	32.06	102.2	25.78	32.06	101.3
13/06/2018 2:07:44 PM	3611707664	1013.00	25.73	32.06	101.8	25.78	32.06	101.3	25.74	32.06	101.7	25.77	32.06	101.4
13/06/2018 2:07:45 PM	3611707665	1013.00	25.70	32.06	102.1	25.80	32.06	101.1	25.73	32.06	101.8	25.81	32.06	101.0
13/06/2018 2:07:46 PM	3611707666	1013.00	25.74	32.06	101.7	25.83	32.06	100.8	25.75	32.06	101.6	25.77	32.06	101.4
13/06/2018 2:07:47 PM	3611707667	1013.00	25.73	32.06	101.8	25.77	32.06	101.4	25.67	32.06	102.4	25.78	32.06	101.3
13/06/2018 2:07:48 PM	3611707668	1013.00	25.74	32.06	101.7	25.82	32.06	100.9	25.72	32.06	101.9	25.78	32.06	101.3
13/06/2018 2:07:49 PM	3611707669	1013.00	25.78	32.06	101.3	25.82	32.06	100.9	25.73	32.06	101.8	25.80	32.06	101.1
13/06/2018 2:07:50 PM	3611707670	1013.00	25.77	32.06	101.4	25.82	32.06	100.9	25.71	32.06	102.0	25.79	32.06	101.2
13/06/2018 2:07:51 PM	3611707671	1013.00	25.69	32.06	102.2	25.81	32.06	101.0	25.73	32.06	101.8	25.80	32.06	101.1
13/06/2018 2:07:52 PM	3611707672	1013.00	25.72	32.06	101.9	25.84	32.06	100.7	25.74	32.06	101.7	25.78	32.06	101.3
13/06/2018 2:07:53 PM	3611707673	1013.00	25.72	32.06	101.9	25.81	32.06	101.0	25.74	32.06	101.7	25.81	32.06	101.0
13/06/2018 2:07:54 PM	3611707674	1013.00	25.72	32.06	101.9	25.74	32.06	101.7	25.71	32.06	102.0	25.77	32.06	101.4
13/06/2018 2:07:55 PM	3611707675	1013.00	25.76	32.06	101.5	25.82	32.06	100.9	25.74	32.06	101.7	25.79	32.06	101.2
13/06/2018 2:07:56 PM	3611707676	1013.00	25.79	32.06	101.2	25.80	32.06	101.1	25.72	32.06	101.9	25.81	32.06	101.0
13/06/2018 2:07:57 PM	3611707677	1013.00	25.75	32.06	101.6	25.82	32.06	100.9	25.72	32.06	101.9	25.80	32.06	101.1
13/06/2018 2:07:58 PM	3611707678	1013.00	25.72	32.06	101.9	25.78	32.06	101.3	25.73	32.06	101.8	25.76	32.06	101.5
13/06/2018 2:07:59 PM	3611707679	1013.00	25.77	32.06	101.4	25.80	32.06	101.1	25.72	32.06	101.9	25.80	32.06	101.1
13/06/2018 2:08:00 PM	3611707680	1013.00	25.78	32.05	101.3	25.77	32.05	101.4	25.78	32.05	101.3	25.82	32.05	100.9
13/06/2018 2:08:01 PM	3611707681	1013.00	25.77	32.05	101.4	25.77	32.05	101.4	25.70	32.05	102.1	25.80	32.05	101.1
13/06/2018 2:08:02 PM	3611707682	1013.00	25.75	32.04	101.6	25.82	32.04	100.9	25.77	32.04	101.4	25.79	32.04	101.2
13/06/2018 2:08:03 PM	3611707683	1013.00	25.70	32.04	102.1	25.79	32.04	101.2	25.75	32.04	101.6	25.82	32.04	100.9
13/06/2018 2:08:04 PM	3611707684	1013.00	25.76	32.04	101.5	25.79	32.04	101.2	25.77	32.04	101.4	25.81	32.04	101.0
13/06/2018 2:08:05 PM	3611707685	1013.00	25.76	32.04	101.5	25.85	32.04	100.7	25.71	32.04	102.0	25.80	32.04	101.1
13/06/2018 2:08:06 PM	3611707686	1013.00	25.74	32.04	101.7	25.82	32.04	100.9	25.76	32.04	101.5	25.80	32.04	101.1
13/06/2018 2:08:07 PM	3611707687	1013.00	25.81	32.05	101.0	25.86	32.05	100.5	25.71	32.05	102.0	25.81	32.05	101.0
13/06/2018 2:08:08 PM	3611707688	1013.00	25.75	32.04	101.6	25.82	32.04	100.9	25.73	32.04	101.8	25.79	32.04	101.2
13/06/2018 2:08:09 PM	3611707689	1013.00	25.72	32.04	101.9	25.77	32.04	101.4	25.74	32.04	101.7	25.84	32.04	100.7
13/06/2018 2:08:10 PM	3611707690	1013.00	25.82	32.04	100.9	25.82	32.04	100.9	25.73	32.04	101.8	25.79	32.04	101.2
13/06/2018 2:08:11 PM	3611707691	1013.00	25.80	32.05	101.1	25.85	32.05	100.6	25.73	32.05	101.8	25.79	32.05	101.2
13/06/2018 2:08:12 PM	3611707692	1013.00	25.71	32.05	102.0	25.86	32.05	100.5	25.74	32.05	101.7	25.80	32.05	101.1
13/06/2018 2:08:13 PM	3611707693	1013.00	25.72	32.05	101.9	25.86	32.05	100.5	25.75	32.05	101.6	25.82	32.05	100.9
13/06/2018 2:08:14 PM	3611707694	1013.00	25.78	32.04	101.3	25.80	32.04	101.1	25.75	32.04	101.6	25.81	32.04	101.0
13/06/2018 2:08:15 PM	3611707695	1013.00	25.83	32.04	100.8	25.78	32.04	101.3	25.76	32.04	101.5	25.82	32.04	100.9
13/06/2018 2:08:16 PM	3611707696	1013.00	25.75	32.04	101.6	25.85	32.04	100.7	25.76	32.04	101.5	25.81	32.04	101.0
13/06/2018 2:08:17 PM	3611707697	1013.00	25.75	32.04	101.6	25.80	32.04	101.1	25.73	32.04	101.8	25.81	32.04	101.0
13/06/2018 2:08:18 PM	3611707698	1013.00	25.76	32.03	101.6	25.80	32.03	101.2	25.72	32.03	102.0	25.81	32.03	101.1
13/06/2018 2:08:19 PM	3611707699	1013.00	25.79	32.03	101.3	25.86	32.03	100.6	25.77	32.03	101.5	25.84	32.03	100.8
13/06/2018 2:08:20 PM	3611707700	1013.00	25.80	32.03	101.2	25.83	32.03	100.9	25.73	32.03	101.9	25.81	32.03	101.1
13/06/2018 2:08:21 PM	3611707701	1013.00	25.75	32.03	101.7	25.82	32.03	101.0	25.77	32.03	101.5	25.81	32.03	101.1
13/06/2018 2:08:22 PM	3611707702	1013.00	25.79	32.03	101.3	25.89	32.03	100.3	25.75	32.03	101.7	25.80	32.03	101.2
13/06/2018 2:08:23 PM	3611707703	1013.00	25.81	32.03	101.1	25.83	32.03	100.9	25.73	32.03	101.9	25.82	32.03	101.0
13/06/2018 2:08:24 PM	3611707704	1013.00	25.73	32.03	101.9	25.84	32.03	100.8	25.76	32.03	101.6	25.81	32.03	101.1
13/06/2018 2:08:25 PM	3611707705	1013.00	25.72	32.03	102.0	25.78	32.03	101.4	25.71	32.03	102.1	25.84	32.03	100.8
13/06/2018 2:08:26 PM	3611707706	1013.00	25.78	32.03	101.4	25.85	32.03	100.7	25.76	32.03	101.6	25.82	32.03	101.0
13/06/2018 2:08:27 PM	3611707707	1013.00	25.75	32.02	101.7	25.88	32.02	100.4	25.71	32.02	102.1	25.85	32.02	100.7
13/06/2018 2:08:28 PM	3611707708	1013.00	25.73	32.02	101.9	25.88	32.02	100.4	25.79	32.02	101.3	25.82	32.02	101.0
13/06/2018 2:08:29 PM	3611707709	1013.00	25.78	32.02	101.4	25.88	32.02	100.4	25.76	32.02	101.6	25.82	32.02	101.0
13/06/2018 2:08:30 PM	3611707710	1013.00	25.80	32.02	101.2	25.88	32.02	100.4	25.73	32.02	101.9	25.84	32.02	100.8
13/06/2018 2:08:31 PM	3611707711	1013.00	25.75	32.02	101.7	25.84	32.02	100.8	25.76	32.02	101.6	25.82	32.02	101.0
13/06/2018 2:08:32 PM	3611707712	1013.00	25.76	32.02	101.6	25.85	32.02	100.7	25.74	32.02	101.8	25.81	32.02	101.1
13/06/2018 2:08:33 PM	3611707713	1013.00	25.78	32.02	101.4	25.83	32.02	100.9	25.73	32.02	101.9	25.85	32.02	100.7
13/06/2018 2:08:34 PM	3611707714	1013.00	25.82	32.03	101.0	25.80	32.03	101.2	25.75	32.03	101.7	25.84	32.03	100.8
13/06/2018 2:08:35 PM	3611707715	1013.00	25.77	32.03	101.5	25.83	32.03	100.9	25.76	32.03	101.6	25.86	32.03	100.6
13/06/2018 2:08:36 PM	3611707716	1013.00	25.74	32.03	101.8	25.86	32.03	100.6	25.74	32.03	101.8	25.83	32.03	100.9
13/06/2018 2:08:37 PM	3611707717	1013.00	25.79	32.02	101.3	25.86	32.02	100.6	25.74	32.02	101.8	25.83	32.02	100.9
13/06/2018 2:08:38 PM	3611707718	1013.00	25.79	32.02	101.3	25.78	32.02	101.4	25.75	32.02	101.7	25.83	32.02	100.9
13/06/2018 2:08:39 PM	3611707719	1013.00	25.79	32.01	101.3	25.86	32.01	100.6	25.77	32.01	101.5	25.84	32.01	100.8
13/06/2018 2:08:40 PM	3611707720	1013.00	25.75	32.01	101.7	25.82	32.01	101.0	25.81	32.01	101.1	25.85	32.01	100.7
13/06/2018 2:08:41 PM	3611707721	1013.00	25.80	32.01	101.2	25.83	32.01	100.9	25.76	32.01	101.6	25.82	32.01	101.0
13/06/2018 2:08:42 PM	3611707722	1013.00	25.72	32.01	102.0	25.82	32.01	101.0	25.78	32.01	101.4	25.86	32.01	100.6
13/06/2018 2:08:43 PM	3611707723	1013.00	25.79	32.02	101.3	25.91	32.02	100.1	25.73	32.02	101.9	25.86	32.02	100.6
13/06/2018 2:08:44 PM	3611707724	1013.00	25.78	32.02	101.4	25.89	32.02	100.3	25.75	32.02	101.7	25.80	32.02	101.2
13/06/2018 2:08:45 PM	3611707725	1013.00	25.80	32.02	101.2	25.81	32.02	101.1	25.78	32.02	101.4	25.86	32.02	100.6
13/06/2018 2:08:46 PM	3611707726	1013.00	25.80	32.01	101.2	25.85	32.01	100.7	25.79	32.01	101.3	25.85	32.01	100.7
13/06/2018 2:08:47 PM	3611707727	1013.00	25.78	32.01	101.4	25.91	32.01	100.1	25.81	32.01	101.1	25.83	32.01	100.9
13/06/2018 2:08:48 PM	3611707728	1013.00	25.74	32.00	101.8	25.90	32.00	100.2	25.82	32.00	101.0	25.86	32.00	100.6
13/06/2018 2:08:49 PM	3611707729	1013.00	25.78	32.00	101.4	25.85	32.00	100.7	25.81	32.00	101.1	25.84	32.00	100.8
13/06/2018 2:08:50 PM	3611707730	1013.00	25.80	32.00	101.2	25.94	32.00	99.8	25.77	32.00	101.5	25.85	32.00	100.7
13/06/2018 2:08:51 PM	3611707731	1013.00	25.81	32.00	101.1	25.84	32.00	100.8	25.78	32.00	101.4	25.86	32.00	100.6
13/06/2018 2:08:52 PM	3611707732	1013.00	25.76	32.00	101.6	25.86	32.00	100.6	25.83	32.00	100.9	25.85	32.00	100.7
13/06/2018 2:08:53 PM	3611707733	1013.00	25.83	32.00	100.9	25.94	32.00	99.8	25.80	32.00	101.2	25.84	32.00	100.8
13/06/2018 2:08:54 PM	3611707734	1013.00	25.78	32.00	101.4	25.90	32.00	100.2	25.78	32.00	101.4	25.87	32.00	100.5
13/06/2018 2:08:55 PM	3611707735	1013.00	25.80	32.00	101.2	25.89	32.00	100.3	25.77	32.00	101.5	25.86	32.00	100.6
13/06/2018 2:08:56 PM	3611707736	1013.00	25.78	32.00	101.4	25.92	32.00	100.0	25.80	32.00	101.2	25.84	32.00	100.8
13/06/2018 2:08:57 PM	3611707737	1013.00	25.73	32.00	101.9	25.88	32.00	100.4	25.81	32.00	101.1	25.87	32.00	100.5
13/06/2018 2:08:58 PM	3611707738	1013.00	25.77	32.00	101.5	25.89	32.00	100.3	25.85	32.00	100.7	25.83	32.00	100.9
13/06/2018 2:08:59 PM	3611707739	1013.00	25.77	32.00	101.5	25.91	32.00	100.1	25.80	32.00	101.2	25.85	32.00	100.7
13/06/2018 2:09:00 PM	3611707740	1013.00	25.81	32.00	101.1	25.85	32.00	100.7	25.83	32.00	100.9	25.84	32.00	100.8
13/06/2018 2:09:01 PM	3611707741	1013.00	25.85	32.00	100.7	25.90	32.00	100.2	25.82	32.00	101.0	25.84	32.00	100.8
13/06/2018 2:09:02 PM	3611707742	1013.00	25.81	31.99	101.1	25.93	31.99	99.9	25.79	31.99	101.3	25.86	31.99	100.6
13/06/2018 2:09:03 PM	3611707743	1013.00	25.81	31.99	101.1	25.90	31.99	100.2	25.80	31.99	101.2	25.86	31.99	100.6
13/06/2018 2:09:04 PM	3611707744	1013.00	25.77	31.99	101.5	25.94	31.99	99.9	25.86	31.99	100.6	25.89	31.99	100.3
13/06/2018 2:09:05 PM	3611707745	1013.00	25.78	31.99	101.4	25.91	31.99	100.1	25.81	31.99	101.1	25.86	31.99	100.6
13/06/2018 2:09:06 PM	3611707746	1013.00	25.81	32.00	101.1	25.97	32.00	99.5	25.83	32.00	100.9	25.87	32.00	100.5
13/06/2018 2:09:07 PM	3611707747	1013.00	25.80	32.00	101.2	25.94	32.00	99.8	25.84	32.00	100.8	25.87	32.00	100.5
13/06/2018 2:09:08 PM	3611707748	1013.00	25.79	32.00	101.3	25.94	32.00	99.8	25.80	32.00	101.2	25.88	32.00	100.4
13/06/2018 2:09:09 PM	3611707749	1013.00	25.83	32.00	100.9	25.93	32.00	99.9	25.83	32.00	100.9	25.87	32.00	100.5
13/06/2018 2:09:10 PM	3611707750	1013.00	25.80	32.00	101.2	25.90	32.00	100.2	25.80	32.00	101.2	25.85	32.00	100.7
13/06/2018 2:09:11 PM	3611707751	1013.00	25.79	32.00	101.3	25.96	32.00	99.6	25.82	32.00	101.0	25.85	32.00	100.7
13/06/2018 2:09:12 PM	3611707752	1013.00	25.77	32.00	101.5	25.95	32.00	99.7	25.84	32.00	100.8	25.86	32.00	100.6
13/06/2018 2:09:13 PM	3611707753	1013.00	25.86	32.00	100.6	25.96	32.00	99.6	25.81	32.00	101.1	25.85	32.00	100.7
13/06/2018 2:09:14 PM	3611707754	1013.00	25.79	32.00	101.3	25.95	32.00	99.7	25.81	32.00	101.1	25.87	32.00	100.5
13/06/2018 2:09:15 PM	3611707755	1013.00	25.76	32.00	101.6	25.92	32.00	100.0	25.83	32.00	100.9	25.88	32.00	100.4
13/06/2018 2:09:16 PM	3611707756	1013.00	25.82	31.99	101.0	26.02	31.99	99.1	25.85	31.99	100.7	25.89	31.99	100.3
13/06/2018 2:09:17 PM	3611707757	1013.00	25.80	31.99	101.2	25.98	31.99	99.5	25.81	31.99	101.1	25.86	31.99	100.6
13/06/2018 2:09:18 PM	3611707758	1013.00	25.76	31.99	101.6	26.00	31.99	99.3	25.83	31.99	100.9	25.85	31.99	100.7
13/06/2018 2:09:19 PM	3611707759	1013.00	25.79	31.99	101.3	26.02	31.99	99.1	25.85	31.99	100.7	25.85	31.99	100.7
13/06/2018 2:09:20 PM	3611707760	1013.00	25.86	31.99	100.6	25.97	31.99	99.6	25.82	31.99	101.0	25.87	31.99	100.5
13/06/2018 2:09:21 PM	3611707761	1013.00	25.79	31.99	101.3	25.98	31.99	99.5	25.84	31.99	100.8	25.89	31.99	100.3
13/06/2018 2:09:22 PM	3611707762	1013.00	25.78	31.99	101.4	26.00	31.99	99.3	25.83	31.99	100.9	25.86	31.99	100.6
13/06/2018 2:09:23 PM	3611707763	1013.00	25.82	31.98	101.0	26.07	31.98	98.6	25.82	31.98	101.0	25.88	31.98	100.5
13/06/2018 2:09:24 PM	3611707764	1013.00	25.81	31.98	101.1	26.02	31.98	99.1	25.81	31.98	101.1	25.87	31.98	100.6
13/06/2018 2:09:25 PM	3611707765	1013.00	25.84	31.98	100.8	26.01	31.98	99.2	25.88	31.98	100.5	25.87	31.98	100.6
13/06/2018 2:09:26 PM	3611707766	1013.00	25.85	31.97	100.8	26.00	31.97	99.3	25.83	31.97	101.0	25.88	31.97	100.5
13/06/2018 2:09:27 PM	3611707767	1013.00	25.83	31.98	100.9	26.01	31.98	99.2	25.86	31.98	100.7	25.87	31.98	100.6
13/06/2018 2:09:28 PM	3611707768	1013.00	25.85	31.97	100.8	26.01	31.97	99.2	25.85	31.97	100.8	25.88	31.97	100.5
13/06/2018 2:09:29 PM	3611707769	1013.00	25.78	31.97	101.5	26.01	31.97	99.2	25.86	31.97	100.7	25.90	31.97	100.3
13/06/2018 2:09:30 PM	3611707770	1013.00	25.85	31.97	100.8	26.02	31.97	99.1	25.86	31.97	100.7	25.88	31.97	100.5
13/06/2018 2:09:31 PM	3611707771	1013.00	25.84	31.98	100.8	26.06	31.98	98.7	25.85	31.98	100.8	25.90	31.98	100.3
13/06/2018 2:09:32 PM	3611707772	1013.00	25.82	31.97	101.1	26.03	31.97	99.0	25.84	31.97	100.9	25.90	31.97	100.3
13/06/2018 2:09:33 PM	3611707773	1013.00	25.84	31.97	100.9	26.03	31.97	99.0	25.85	31.97	100.8	25.88	31.97	100.5
13/06/2018 2:09:34 PM	3611707774	1013.00	25.81	31.97	101.2	26.05	31.97	98.8	25.88	31.97	100.5	25.90	31.97	100.3
13/06/2018 2:09:35 PM	3611707775	1013.00	25.87	31.97	100.6	26.00	31.97	99.3	25.87	31.97	100.6	25.90	31.97	100.3
13/06/2018 2:09:36 PM	3611707776	1013.00	25.83	31.97	101.0	26.03	31.97	99.0	25.85	31.97	100.8	25.93	31.97	100.0
13/06/2018 2:09:37 PM	3611707777	1013.00	25.76	31.97	101.7	26.02	31.97	99.1	25.85	31.97	100.8	25.88	31.97	100.5
13/06/2018 2:09:38 PM	3611707778	1013.00	25.88	31.97	100.5	26.05	31.97	98.8	25.84	31.97	100.9	25.88	31.97	100.5
13/06/2018 2:09:39 PM	3611707779	1013.00	25.83	31.97	101.0	26.04	31.97	98.9	25.84	31.97	100.9	25.88	31.97	100.5
13/06/2018 2:09:40 PM	3611707780	1013.00	25.78	31.97	101.5	26.09	31.97	98.4	25.87	31.97	100.6	25.89	31.97	100.4
13/06/2018 2:09:41 PM	3611707781	1013.00	25.82	31.97	101.1	26.06	31.97	98.7	25.86	31.97	100.7	25.89	31.97	100.4
13/06/2018 2:09:42 PM	3611707782	1013.00	25.85	31.97	100.8	26.04	31.97	98.9	25.85	31.97	100.8	25.89	31.97	100.4
13/06/2018 2:09:43 PM	3611707783	1013.00	25.85	31.97	100.8	26.04	31.97	98.9	25.87	31.97	100.6	25.90	31.97	100.3
13/06/2018 2:09:44 PM	3611707784	1013.00	25.85	31.97	100.8	26.07	31.97	98.6	25.84	31.97	100.9	25.88	31.97	100.5
13/06/2018 2:09:45 PM	3611707785	1013.00	25.87	31.97	100.6	26.09	31.97	98.4	25.89	31.97	100.4	25.91	31.97	100.2
13/06/2018 2:09:46 PM	3611707786	1013.00	25.87	31.96	100.6	26.09	31.96	98.5	25.92	31.96	100.1	25.89	31.96	100.4
13/06/2018 2:09:47 PM	3611707787	1013.00	25.83	31.96	101.0	26.09	31.96	98.5	25.85	31.96	100.8	25.90	31.96	100.3
13/06/2018 2:09:48 PM	3611707788	1013.00	25.89	31.96	100.4	26.14	31.96	98.0	25.87	31.96	100.6	25.92	31.96	100.1
13/06/2018 2:09:49 PM	3611707789	1013.00	25.88	31.96	100.5	26.10	31.96	98.4	25.88	31.96	100.5	25.91	31.96	100.2
13/06/2018 2:09:50 PM	3611707790	1013.00	25.87	31.96	100.6	26.04	31.96	98.9	25.89	31.96	100.4	25.88	31.96	100.5
13/06/2018 2:09:51 PM	3611707791	1013.00	25.88	31.96	100.5	26.06	31.96	98.7	25.87	31.96	100.6	25.90	31.96	100.3
13/06/2018 2:09:52 PM	3611707792	1013.00	25.87	31.96	100.6	26.10	31.96	98.4	25.87	31.96	100.6	25.91	31.96	100.2
13/06/2018 2:09:53 PM	3611707793	1013.00	25.90	31.96	100.3	26.12	31.96	98.2	25.89	31.96	100.4	25.92	31.96	100.1
13/06/2018 2:09:54 PM	3611707794	1013.00	25.90	31.96	100.3	26.15	31.96	97.9	25.87	31.96	100.6	25.92	31.96	100.1
13/06/2018 2:09:55 PM	3611707795	1013.00	25.91	31.96	100.2	26.16	31.96	97.8	25.93	31.96	100.0	25.92	31.96	100.1
13/06/2018 2:09:56 PM	3611707796	1013.00	25.87	31.96	100.6	26.04	31.96	98.9	25.88	31.96	100.5	25.91	31.96	100.2
13/06/2018 2:09:57 PM	3611707797	1013.00	25.87	31.96	100.6	26.08	31.96	98.5	25.86	31.96	100.7	25.91	31.96	100.2
13/06/2018 2:09:58 PM	3611707798	1013.00	25.89	31.95	100.4	26.10	31.95	98.4	25.92	31.95	100.1	25.93	31.95	100.0
13/06/2018 2:09:59 PM	3611707799	1013.00	25.94	31.95	99.9	26.09	31.95	98.5	25.94	31.95	99.9	25.94	31.95	99.9
13/06/2018 2:10:00 PM	3611707800	1013.00	25.92	31.94	100.1	26.04	31.94	99.0	25.93	31.94	100.0	25.92	31.94	100.1
13/06/2018 2:10:01 PM	3611707801	1013.00	25.91	31.94	100.2	26.17	31.94	97.7	25.89	31.94	100.4	25.89	31.94	100.4
13/06/2018 2:10:02 PM	3611707802	1013.00	25.93	31.94	100.0	26.14	31.94	98.0	25.93	31.94	100.0	25.89	31.94	100.4
13/06/2018 2:10:03 PM	3611707803	1013.00	25.89	31.95	100.4	26.12	31.95	98.2	25.93	31.95	100.0	25.91	31.95	100.2
13/06/2018 2:10:04 PM	3611707804	1013.00	25.93	31.95	100.0	26.20	31.95	97.4	25.90	31.95	100.3	25.90	31.95	100.3
13/06/2018 2:10:05 PM	3611707805	1013.00	25.92	31.95	100.1	26.15	31.95	97.9	25.88	31.95	100.5	25.91	31.95	100.2
13/06/2018 2:10:06 PM	3611707806	1013.00	26.00	31.95	99.3	26.10	31.95	98.4	25.92	31.95	100.1	25.90	31.95	100.3
13/06/2018 2:10:07 PM	3611707807	1013.00	25.94	31.95	99.9	26.17	31.95	97.7	25.93	31.95	100.0	25.92	31.95	100.1
13/06/2018 2:10:08 PM	3611707808	1013.00	25.93	31.95	100.0	26.16	31.95	97.8	25.93	31.95	100.0	25.94	31.95	99.9
13/06/2018 2:10:09 PM	3611707809	1013.00	25.96	31.94	99.7	26.18	31.94	97.6	25.94	31.94	99.9	25.91	31.94	100.2
13/06/2018 2:10:10 PM	3611707810	1013.00	25.96	31.94	99.7	26.14	31.94	98.0	25.95	31.94	99.8	25.92	31.94	100.1
13/06/2018 2:10:11 PM	3611707811	1013.00	25.97	31.94	99.6	26.13	31.94	98.1	25.93	31.94	100.0	25.91	31.94	100.2
13/06/2018 2:10:12 PM	3611707812	1013.00	25.99	31.94	99.4	26.17	31.94	97.7	25.94	31.94	99.9	25.91	31.94	100.2
13/06/2018 2:10:13 PM	3611707813	1013.00	25.96	31.94	99.7	26.13	31.94	98.1	25.94	31.94	99.9	25.93	31.94	100.0
13/06/2018 2:10:14 PM	3611707814	1013.00	25.98	31.94	99.5	26.21	31.94	97.3	25.96	31.94	99.7	25.93	31.94	100.0
13/06/2018 2:10:15 PM	3611707815	1013.00	25.98	31.94	99.5	26.17	31.94	97.7	25.93	31.94	100.0	25.93	31.94	100.0
13/06/2018 2:10:16 PM	3611707816	1013.00	26.02	31.94	99.2	26.19	31.94	97.5	25.95	31.94	99.8	25.95	31.94	99.8
13/06/2018 2:10:17 PM	3611707817	1013.00	25.99	31.94	99.4	26.19	31.94	97.5	25.94	31.94	99.9	25.96	31.94	99.7
13/06/2018 2:10:18 PM	3611707818	1013.00	25.98	31.94	99.5	26.13	31.94	98.1	25.92	31.94	100.1	25.95	31.94	99.8
13/06/2018 2:10:19 PM	3611707819	1013.00	26.00	31.94	99.4	26.19	31.94	97.5	25.93	31.94	100.0	25.94	31.94	99.9
13/06/2018 2:10:20 PM	3611707820	1013.00	25.94	31.94	99.9	26.22	31.94	97.2	25.94	31.94	99.9	25.96	31.94	99.7
13/06/2018 2:10:21 PM	3611707821	1013.00	25.96	31.94	99.7	26.16	31.94	97.8	26.02	31.94	99.2	25.94	31.94	99.9
13/06/2018 2:10:22 PM	3611707822	1013.00	26.01	31.94	99.3	26.22	31.94	97.2	25.97	31.94	99.6	25.94	31.94	99.9
13/06/2018 2:10:23 PM	3611707823	1013.00	26.04	31.94	99.0	26.15	31.94	97.9	26.02	31.94	99.2	25.95	31.94	99.8
13/06/2018 2:10:24 PM	3611707824	1013.00	25.99	31.94	99.4	26.16	31.94	97.8	25.95	31.94	99.8	25.94	31.94	99.9
13/06/2018 2:10:25 PM	3611707825	1013.00	26.03	31.94	99.1	26.27	31.94	96.8	25.97	31.94	99.6	25.95	31.94	99.8
13/06/2018 2:10:26 PM	3611707826	1013.00	26.00	31.94	99.4	26.17	31.94	97.7	25.94	31.94	99.9	25.96	31.94	99.7
13/06/2018 2:10:27 PM	3611707827	1013.00	26.01	31.94	99.3	26.19	31.94	97.5	25.97	31.94	99.6	25.95	31.94	99.8
13/06/2018 2:10:28 PM	3611707828	1013.00	25.99	31.94	99.4	26.20	31.94	97.4	25.95	31.94	99.8	25.96	31.94	99.7
13/06/2018 2:10:29 PM	3611707829	1013.00	26.00	31.94	99.4	26.21	31.94	97.3	25.99	31.94	99.4	25.95	31.94	99.8
13/06/2018 2:10:30 PM	3611707830	1013.00	25.98	31.94	99.5	26.20	31.94	97.4	26.00	31.94	99.4	25.94	31.94	99.9
13/06/2018 2:10:31 PM	3611707831	1013.00	26.08	31.93	98.6	26.18	31.93	97.6	25.96	31.93	99.8	25.93	31.93	100.0
13/06/2018 2:10:32 PM	3611707832	1013.00	25.96	31.93	99.8	26.16	31.93	97.8	25.98	31.93	99.6	25.95	31.93	99.9
13/06/2018 2:10:33 PM	3611707833	1013.00	26.04	31.92	99.0	26.25	31.92	97.0	25.99	31.92	99.5	25.97	31.92	99.7
13/06/2018 2:10:34 PM	3611707834	1013.00	26.05	31.92	98.9	26.24	31.92	97.1	26.05	31.92	98.9	25.98	31.92	99.6
13/06/2018 2:10:35 PM	3611707835	1013.00	26.04	31.92	99.0	26.25	31.92	97.0	26.03	31.92	99.1	25.96	31.92	99.8
13/06/2018 2:10:36 PM	3611707836	1013.00	26.01	31.92	99.3	26.20	31.92	97.5	26.02	31.92	99.2	25.97	31.92	99.7
13/06/2018 2:10:37 PM	3611707837	1013.00	25.98	31.92	99.6	26.22	31.92	97.3	26.07	31.92	98.7	25.99	31.92	99.5
13/06/2018 2:10:38 PM	3611707838	1013.00	26.00	31.92	99.4	26.21	31.92	97.4	26.04	31.92	99.0	25.96	31.92	99.8
13/06/2018 2:10:39 PM	3611707839	1013.00	26.00	31.92	99.4	26.21	31.92	97.4	26.04	31.92	99.0	25.94	31.92	100.0
13/06/2018 2:10:40 PM	3611707840	1013.00	25.97	31.92	99.7	26.25	31.92	97.0	26.04	31.92	99.0	25.98	31.92	99.6
13/06/2018 2:10:41 PM	3611707841	1013.00	26.02	31.92	99.2	26.23	31.92	97.2	26.04	31.92	99.0	25.97	31.92	99.7
13/06/2018 2:10:42 PM	3611707842	1013.00	26.01	31.92	99.3	26.25	31.92	97.0	26.06	31.92	98.8	25.98	31.92	99.6
13/06/2018 2:10:43 PM	3611707843	1013.00	26.05	31.92	98.9	26.26	31.92	96.9	26.05	31.92	98.9	25.96	31.92	99.8
13/06/2018 2:10:44 PM	3611707844	1013.00	26.05	31.91	98.9	26.25	31.91	97.0	26.06	31.91	98.8	25.99	31.91	99.5
13/06/2018 2:10:45 PM	3611707845	1013.00	26.06	31.91	98.8	26.27	31.91	96.8	26.03	31.91	99.1	25.97	31.91	99.7
13/06/2018 2:10:46 PM	3611707846	1013.00	26.03	31.91	99.1	26.27	31.91	96.8	26.05	31.91	98.9	26.00	31.91	99.4
13/06/2018 2:10:47 PM	3611707847	1013.00	26.05	31.91	98.9	26.27	31.91	96.8	26.07	31.91	98.7	25.98	31.91	99.6
13/06/2018 2:10:48 PM	3611707848	1013.00	26.08	31.90	98.6	26.22	31.90	97.3	26.08	31.90	98.6	26.00	31.90	99.4
13/06/2018 2:10:49 PM	3611707849	1013.00	26.07	31.91	98.7	26.26	31.91	96.9	26.10	31.91	98.4	25.97	31.91	99.7
13/06/2018 2:10:50 PM	3611707850	1013.00	26.07	31.91	98.7	26.23	31.91	97.2	26.03	31.91	99.1	25.97	31.91	99.7
13/06/2018 2:10:51 PM	3611707851	1013.00	26.06	31.91	98.8	26.27	31.91	96.8	26.06	31.91	98.8	25.99	31.91	99.5
13/06/2018 2:10:52 PM	3611707852	1013.00	26.09	31.90	98.6	26.25	31.90	97.0	26.08	31.90	98.6	25.97	31.90	99.7
13/06/2018 2:10:53 PM	3611707853	1013.00	26.08	31.90	98.6	26.27	31.90	96.8	26.04	31.90	99.0	26.00	31.90	99.4
13/06/2018 2:10:54 PM	3611707854	1013.00	26.08	31.90	98.6	26.25	31.90	97.0	26.09	31.90	98.6	26.00	31.90	99.4
13/06/2018 2:10:55 PM	3611707855	1013.00	26.08	31.90	98.6	26.26	31.90	96.9	26.09	31.90	98.6	25.99	31.90	99.5
13/06/2018 2:10:56 PM	3611707856	1013.00	26.09	31.89	98.6	26.26	31.89	97.0	26.04	31.89	99.0	25.99	31.89	99.5
13/06/2018 2:10:57 PM	3611707857	1013.00	26.14	31.89	98.1	26.24	31.89	97.1	26.10	31.89	98.5	26.00	31.89	99.4
13/06/2018 2:10:58 PM	3611707858	1013.00	26.14	31.89	98.1	26.31	31.89	96.5	26.04	31.89	99.0	25.98	31.89	99.6
13/06/2018 2:10:59 PM	3611707859	1013.00	26.09	31.89	98.6	26.23	31.89	97.2	26.10	31.89	98.5	26.01	31.89	99.3
13/06/2018 2:11:00 PM	3611707860	1013.00	26.10	31.89	98.5	26.24	31.89	97.1	26.07	31.89	98.8	26.01	31.89	99.3
13/06/2018 2:11:01 PM	3611707861	1013.00	26.09	31.89	98.6	26.28	31.89	96.8	26.05	31.89	99.0	25.97	31.89	99.7
13/06/2018 2:11:02 PM	3611707862	1013.00	26.09	31.89	98.6	26.34	31.89	96.2	26.08	31.89	98.7	26.00	31.89	99.4
13/06/2018 2:11:03 PM	3611707863	1013.00	26.12	31.89	98.3	26.33	31.89	96.3	26.11	31.89	98.4	26.03	31.89	99.1
13/06/2018 2:11:04 PM	3611707864	1013.00	26.14	31.89	98.1	26.27	31.89	96.9	26.07	31.89	98.8	26.00	31.89	99.4
13/06/2018 2:11:05 PM	3611707865	1013.00	26.12	31.88	98.3	26.31	31.88	96.5	26.10	31.88	98.5	26.01	31.88	99.4
13/06/2018 2:11:06 PM	3611707866	1013.00	26.16	31.88	97.9	26.30	31.88	96.6	26.13	31.88	98.2	26.02	31.88	99.3
13/06/2018 2:11:07 PM	3611707867	1013.00	26.13	31.87	98.2	26.30	31.87	96.6	26.09	31.87	98.6	26.00	31.87	99.5
13/06/2018 2:11:08 PM	3611707868	1013.00	26.08	31.87	98.7	26.36	31.87	96.1	26.07	31.87	98.8	26.03	31.87	99.2
13/06/2018 2:11:09 PM	3611707869	1013.00	26.14	31.86	98.1	26.25	31.86	97.1	26.10	31.86	98.5	26.01	31.86	99.4
13/06/2018 2:11:10 PM	3611707870	1013.00	26.14	31.86	98.1	26.36	31.86	96.1	26.09	31.86	98.6	26.01	31.86	99.4
13/06/2018 2:11:11 PM	3611707871	1013.00	26.12	31.86	98.3	26.35	31.86	96.2	26.09	31.86	98.6	26.01	31.86	99.4
13/06/2018 2:11:12 PM	3611707872	1013.00	26.11	31.87	98.4	26.28	31.87	96.8	26.10	31.87	98.5	26.05	31.87	99.0
13/06/2018 2:11:13 PM	3611707873	1013.00	26.17	31.87	97.8	26.33	31.87	96.3	26.08	31.87	98.7	26.03	31.87	99.2
13/06/2018 2:11:14 PM	3611707874	1013.00	26.12	31.86	98.3	26.32	31.86	96.4	26.11	31.86	98.4	26.01	31.86	99.4
13/06/2018 2:11:15 PM	3611707875	1013.00	26.12	31.86	98.3	26.35	31.86	96.2	26.10	31.86	98.5	26.03	31.86	99.2
13/06/2018 2:11:16 PM	3611707876	1013.00	26.15	31.86	98.0	26.35	31.86	96.2	26.10	31.86	98.5	26.03	31.86	99.2
13/06/2018 2:11:17 PM	3611707877	1013.00	26.20	31.85	97.6	26.35	31.85	96.2	26.12	31.85	98.3	26.02	31.85	99.3
13/06/2018 2:11:18 PM	3611707878	1013.00	26.11	31.84	98.5	26.35	31.84	96.2	26.13	31.84	98.3	26.02	31.84	99.3
13/06/2018 2:11:19 PM	3611707879	1013.00	26.15	31.85	98.1	26.41	31.85	95.6	26.11	31.85	98.4	26.01	31.85	99.4
13/06/2018 2:11:20 PM	3611707880	1013.00	26.16	31.84	98.0	26.33	31.84	96.4	26.13	31.84	98.3	26.03	31.84	99.2
13/06/2018 2:11:21 PM	3611707881	1013.00	26.19	31.84	97.7	26.37	31.84	96.0	26.11	31.84	98.5	26.03	31.84	99.2
13/06/2018 2:11:22 PM	3611707882	1013.00	26.18	31.84	97.8	26.35	31.84	96.2	26.11	31.84	98.5	26.02	31.84	99.3
13/06/2018 2:11:23 PM	3611707883	1013.00	26.15	31.84	98.1	26.31	31.84	96.6	26.13	31.84	98.3	26.01	31.84	99.4
13/06/2018 2:11:24 PM	3611707884	1013.00	26.18	31.84	97.8	26.32	31.84	96.5	26.12	31.84	98.4	26.00	31.84	99.5
13/06/2018 2:11:25 PM	3611707885	1013.00	26.21	31.83	97.5	26.37	31.83	96.0	26.15	31.83	98.1	26.03	31.83	99.2
13/06/2018 2:11:26 PM	3611707886	1013.00	26.14	31.83	98.2	26.33	31.83	96.4	26.08	31.83	98.8	26.02	31.83	99.3
13/06/2018 2:11:27 PM	3611707887	1013.00	26.18	31.83	97.8	26.31	31.83	96.6	26.12	31.83	98.4	26.07	31.83	98.9
13/06/2018 2:11:28 PM	3611707888	1013.00	26.15	31.83	98.1	26.38	31.83	95.9	26.18	31.83	97.8	26.01	31.83	99.4
13/06/2018 2:11:29 PM	3611707889	1013.00	26.15	31.83	98.1	26.34	31.83	96.3	26.12	31.83	98.4	26.05	31.83	99.0
13/06/2018 2:11:30 PM	3611707890	1013.00	26.15	31.83	98.1	26.40	31.83	95.7	26.10	31.83	98.6	26.00	31.83	99.5
13/06/2018 2:11:31 PM	3611707891	1013.00	26.19	31.82	97.7	26.39	31.82	95.9	26.12	31.82	98.4	26.06	31.82	99.0
13/06/2018 2:11:32 PM	3611707892	1013.00	26.20	31.82	97.6	26.31	31.82	96.6	26.14	31.82	98.2	26.03	31.82	99.3
13/06/2018 2:11:33 PM	3611707893	1013.00	26.23	31.81	97.4	26.35	31.81	96.2	26.14	31.81	98.2	26.06	31.81	99.0
13/06/2018 2:11:34 PM	3611707894	1013.00	26.20	31.81	97.6	26.38	31.81	96.0	26.15	31.81	98.1	26.04	31.81	99.2
13/06/2018 2:11:35 PM	3611707895	1013.00	26.16	31.81	98.0	26.37	31.81	96.1	26.15	31.81	98.1	26.02	31.81	99.4
13/06/2018 2:11:36 PM	3611707896	1013.00	26.20	31.81	97.6	26.38	31.81	96.0	26.19	31.81	97.7	26.05	31.81	99.1
13/06/2018 2:11:37 PM	3611707897	1013.00	26.20	31.81	97.6	26.35	31.81	96.2	26.14	31.81	98.2	26.05	31.81	99.1
13/06/2018 2:11:38 PM	3611707898	1013.00	26.25	31.81	97.2	26.34	31.81	96.3	26.07	31.81	98.9	26.04	31.81	99.2
13/06/2018 2:11:39 PM	3611707899	1013.00	26.21	31.81	97.6	26.31	31.81	96.6	26.14	31.81	98.2	26.06	31.81	99.0
13/06/2018 2:11:40 PM	3611707900	1013.00	26.21	31.81	97.6	26.40	31.81	95.8	26.15	31.81	98.1	26.04	31.81	99.2
13/06/2018 2:11:41 PM	3611707901	1013.00	26.24	31.80	97.3	26.41	31.80	95.7	26.16	31.80	98.0	26.05	31.80	99.1
13/06/2018 2:11:42 PM	3611707902	1013.00	26.29	31.80	96.8	26.39	31.80	95.9	26.16	31.80	98.0	26.03	31.80	99.3
13/06/2018 2:11:43 PM	3611707903	1013.00	26.26	31.79	97.1	26.35	31.79	96.3	26.14	31.79	98.3	26.05	31.79	99.1
13/06/2018 2:11:44 PM	3611707904	1013.00	26.29	31.79	96.8	26.41	31.79	95.7	26.17	31.79	98.0	26.04	31.79	99.2
13/06/2018 2:11:45 PM	3611707905	1013.00	26.29	31.79	96.8	26.40	31.79	95.8	26.15	31.79	98.2	26.04	31.79	99.2
13/06/2018 2:11:46 PM	3611707906	1013.00	26.28	31.79	96.9	26.40	31.79	95.8	26.15	31.79	98.2	26.01	31.79	99.5
13/06/2018 2:11:47 PM	3611707907	1013.00	26.28	31.79	96.9	26.44	31.79	95.4	26.12	31.79	98.4	26.07	31.79	98.9
13/06/2018 2:11:48 PM	3611707908	1013.00	26.32	31.80	96.5	26.42	31.80	95.6	26.16	31.80	98.0	26.04	31.80	99.2
13/06/2018 2:11:49 PM	3611707909	1013.00	26.31	31.80	96.6	26.41	31.80	95.7	26.15	31.80	98.1	26.05	31.80	99.1
13/06/2018 2:11:50 PM	3611707910	1013.00	26.30	31.79	96.7	26.43	31.79	95.5	26.16	31.79	98.1	26.06	31.79	99.0
13/06/2018 2:11:51 PM	3611707911	1013.00	26.34	31.78	96.4	26.44	31.78	95.5	26.13	31.78	98.4	26.04	31.78	99.2
13/06/2018 2:11:52 PM	3611707912	1013.00	26.31	31.78	96.7	26.44	31.78	95.5	26.17	31.78	98.0	26.03	31.78	99.3
13/06/2018 2:11:53 PM	3611707913	1013.00	26.32	31.78	96.6	26.44	31.78	95.5	26.20	31.78	97.7	26.06	31.78	99.0
13/06/2018 2:11:54 PM	3611707914	1013.00	26.32	31.77	96.6	26.49	31.77	95.0	26.18	31.77	97.9	26.06	31.77	99.1
13/06/2018 2:11:55 PM	3611707915	1013.00	26.32	31.77	96.6	26.43	31.77	95.6	26.13	31.77	98.4	26.04	31.77	99.2
13/06/2018 2:11:56 PM	3611707916	1013.00	26.35	31.78	96.3	26.45	31.78	95.4	26.15	31.78	98.2	26.05	31.78	99.1
13/06/2018 2:11:57 PM	3611707917	1013.00	26.35	31.77	96.3	26.44	31.77	95.5	26.18	31.77	97.9	26.07	31.77	99.0
13/06/2018 2:11:58 PM	3611707918	1013.00	26.33	31.77	96.5	26.48	31.77	95.1	26.17	31.77	98.0	26.04	31.77	99.2
13/06/2018 2:11:59 PM	3611707919	1013.00	26.35	31.77	96.3	26.49	31.77	95.0	26.18	31.77	97.9	26.09	31.77	98.8
13/06/2018 2:12:00 PM	3611707920	1013.00	26.33	31.77	96.5	26.44	31.77	95.5	26.14	31.77	98.3	26.04	31.77	99.2
13/06/2018 2:12:01 PM	3611707921	1013.00	26.38	31.76	96.0	26.47	31.76	95.2	26.17	31.76	98.0	26.06	31.76	99.1
13/06/2018 2:12:02 PM	3611707922	1013.00	26.39	31.76	95.9	26.43	31.76	95.6	26.17	31.76	98.0	26.01	31.76	99.6
13/06/2018 2:12:03 PM	3611707923	1013.00	26.33	31.76	96.5	26.44	31.76	95.5	26.16	31.76	98.1	26.06	31.76	99.1
13/06/2018 2:12:04 PM	3611707924	1013.00	26.35	31.75	96.3	26.50	31.75	95.0	26.18	31.75	97.9	26.06	31.75	99.1
13/06/2018 2:12:05 PM	3611707925	1013.00	26.34	31.75	96.4	26.52	31.75	94.8	26.20	31.75	97.7	26.04	31.75	99.3
13/06/2018 2:12:06 PM	3611707926	1013.00	26.35	31.75	96.3	26.42	31.75	95.7	26.18	31.75	97.9	26.06	31.75	99.1
13/06/2018 2:12:07 PM	3611707927	1013.00	26.34	31.75	96.4	26.48	31.75	95.1	26.14	31.75	98.3	26.06	31.75	99.1
13/06/2018 2:12:08 PM	3611707928	1013.00	26.35	31.74	96.4	26.52	31.74	94.8	26.17	31.74	98.0	26.03	31.74	99.4
13/06/2018 2:12:09 PM	3611707929	1013.00	26.32	31.74	96.6	26.43	31.74	95.6	26.18	31.74	98.0	26.05	31.74	99.2
13/06/2018 2:12:10 PM	3611707930	1013.00	26.36	31.74	96.3	26.46	31.74	95.3	26.19	31.74	97.9	26.06	31.74	99.1
13/06/2018 2:12:11 PM	3611707931	1013.00	26.35	31.74	96.4	26.49	31.74	95.1	26.18	31.74	98.0	26.03	31.74	99.4
13/06/2018 2:12:12 PM	3611707932	1013.00	26.37	31.74	96.2	26.43	31.74	95.6	26.18	31.74	98.0	26.06	31.74	99.1
13/06/2018 2:12:13 PM	3611707933	1013.00	26.37	31.74	96.2	26.54	31.74	94.6	26.21	31.74	97.7	26.07	31.74	99.0
13/06/2018 2:12:14 PM	3611707934	1013.00	26.36	31.74	96.3	26.43	31.74	95.6	26.16	31.74	98.1	26.07	31.74	99.0
13/06/2018 2:12:15 PM	3611707935	1013.00	26.34	31.74	96.4	26.47	31.74	95.2	26.17	31.74	98.0	26.06	31.74	99.1
13/06/2018 2:12:16 PM	3611707936	1013.00	26.37	31.74	96.2	26.46	31.74	95.3	26.17	31.74	98.0	26.07	31.74	99.0
13/06/2018 2:12:17 PM	3611707937	1013.00	26.37	31.74	96.2	26.44	31.74	95.5	26.16	31.74	98.1	26.06	31.74	99.1
13/06/2018 2:12:18 PM	3611707938	1013.00	26.37	31.73	96.2	26.44	31.73	95.5	26.20	31.73	97.8	26.07	31.73	99.0
13/06/2018 2:12:19 PM	3611707939	1013.00	26.38	31.73	96.1	26.42	31.73	95.7	26.17	31.73	98.1	26.05	31.73	99.2
13/06/2018 2:12:20 PM	3611707940	1013.00	26.37	31.73	96.2	26.47	31.73	95.3	26.19	31.73	97.9	26.04	31.73	99.3
13/06/2018 2:12:21 PM	3611707941	1013.00	26.37	31.73	96.2	26.50	31.73	95.0	26.19	31.73	97.9	26.06	31.73	99.1
13/06/2018 2:12:22 PM	3611707942	1013.00	26.34	31.73	96.5	26.44	31.73	95.5	26.18	31.73	98.0	26.09	31.73	98.8
13/06/2018 2:12:23 PM	3611707943	1013.00	26.38	31.73	96.1	26.47	31.73	95.3	26.22	31.73	97.6	26.09	31.73	98.8
13/06/2018 2:12:24 PM	3611707944	1013.00	26.36	31.73	96.3	26.47	31.73	95.3	26.20	31.73	97.8	26.06	31.73	99.1
13/06/2018 2:12:25 PM	3611707945	1013.00	26.35	31.72	96.4	26.44	31.72	95.6	26.23	31.72	97.5	26.09	31.72	98.8
13/06/2018 2:12:26 PM	3611707946	1013.00	26.39	31.72	96.0	26.46	31.72	95.4	26.22	31.72	97.6	26.07	31.72	99.0
13/06/2018 2:12:27 PM	3611707947	1013.00	26.39	31.72	96.0	26.49	31.72	95.1	26.18	31.72	98.0	26.06	31.72	99.1
13/06/2018 2:12:28 PM	3611707948	1013.00	26.42	31.71	95.8	26.48	31.71	95.2	26.23	31.71	97.5	26.04	31.71	99.3
13/06/2018 2:12:29 PM	3611707949	1013.00	26.39	31.71	96.0	26.42	31.71	95.8	26.22	31.71	97.6	26.06	31.71	99.2
13/06/2018 2:12:30 PM	3611707950	1013.00	26.45	31.71	95.5	26.53	31.71	94.7	26.22	31.71	97.6	26.07	31.71	99.1
13/06/2018 2:12:31 PM	3611707951	1013.00	26.40	31.71	95.9	26.49	31.71	95.1	26.20	31.71	97.8	26.10	31.71	98.8
13/06/2018 2:12:32 PM	3611707952	1013.00	26.45	31.72	95.5	26.48	31.72	95.2	26.19	31.72	97.9	26.05	31.72	99.2
13/06/2018 2:12:33 PM	3611707953	1013.00	26.43	31.72	95.6	26.52	31.72	94.8	26.22	31.72	97.6	26.11	31.72	98.7
13/06/2018 2:12:34 PM	3611707954	1013.00	26.42	31.72	95.7	26.48	31.72	95.2	26.17	31.72	98.1	26.06	31.72	99.1
13/06/2018 2:12:35 PM	3611707955	1013.00	26.38	31.71	96.1	26.52	31.71	94.8	26.19	31.71	97.9	26.09	31.71	98.9
13/06/2018 2:12:36 PM	3611707956	1013.00	26.36	31.71	96.3	26.52	31.71	94.8	26.19	31.71	97.9	26.07	31.71	99.1
13/06/2018 2:12:37 PM	3611707957	1013.00	26.43	31.71	95.7	26.50	31.71	95.0	26.23	31.71	97.5	26.06	31.71	99.2
13/06/2018 2:12:38 PM	3611707958	1013.00	26.42	31.71	95.8	26.56	31.71	94.5	26.24	31.71	97.4	26.09	31.71	98.9
13/06/2018 2:12:39 PM	3611707959	1013.00	26.40	31.71	95.9	26.46	31.71	95.4	26.21	31.71	97.7	26.07	31.71	99.1
13/06/2018 2:12:40 PM	3611707960	1013.00	26.40	31.71	95.9	26.54	31.71	94.7	26.26	31.71	97.2	26.08	31.71	99.0
13/06/2018 2:12:41 PM	3611707961	1013.00	26.40	31.72	95.9	26.58	31.72	94.3	26.20	31.72	97.8	26.07	31.72	99.0
13/06/2018 2:12:42 PM	3611707962	1013.00	26.39	31.71	96.0	26.55	31.71	94.6	26.22	31.71	97.6	26.08	31.71	99.0
13/06/2018 2:12:43 PM	3611707963	1013.00	26.44	31.71	95.6	26.53	31.71	94.7	26.23	31.71	97.5	26.08	31.71	99.0
13/06/2018 2:12:44 PM	3611707964	1013.00	26.43	31.70	95.7	26.51	31.70	94.9	26.20	31.70	97.8	26.09	31.70	98.9
13/06/2018 2:12:45 PM	3611707965	1013.00	26.41	31.70	95.9	26.49	31.70	95.1	26.22	31.70	97.6	26.11	31.70	98.7
13/06/2018 2:12:46 PM	3611707966	1013.00	26.43	31.70	95.7	26.53	31.70	94.8	26.23	31.70	97.5	26.07	31.70	99.1
13/06/2018 2:12:47 PM	3611707967	1013.00	26.45	31.70	95.5	26.52	31.70	94.8	26.20	31.70	97.8	26.09	31.70	98.9
13/06/2018 2:12:48 PM	3611707968	1013.00	26.47	31.70	95.3	26.59	31.70	94.2	26.26	31.70	97.3	26.08	31.70	99.0
13/06/2018 2:12:49 PM	3611707969	1013.00	26.39	31.70	96.0	26.57	31.70	94.4	26.21	31.70	97.7	26.04	31.70	99.4
13/06/2018 2:12:50 PM	3611707970	1013.00	26.44	31.70	95.6	26.51	31.70	94.9	26.23	31.70	97.5	26.11	31.70	98.7
13/06/2018 2:12:51 PM	3611707971	1013.00	26.45	31.70	95.5	26.58	31.70	94.3	26.24	31.70	97.4	26.11	31.70	98.7
13/06/2018 2:12:52 PM	3611707972	1013.00	26.50	31.70	95.0	26.52	31.70	94.8	26.24	31.70	97.4	26.12	31.70	98.6
13/06/2018 2:12:53 PM	3611707973	1013.00	26.46	31.70	95.4	26.50	31.70	95.0	26.22	31.70	97.6	26.10	31.70	98.8
13/06/2018 2:12:54 PM	3611707974	1013.00	26.45	31.70	95.5	26.50	31.70	95.0	26.22	31.70	97.6	26.11	31.70	98.7
13/06/2018 2:12:55 PM	3611707975	1013.00	26.46	31.70	95.4	26.52	31.70	94.8	26.23	31.70	97.5	26.10	31.70	98.8
13/06/2018 2:12:56 PM	3611707976	1013.00	26.47	31.70	95.3	26.59	31.70	94.2	26.21	31.70	97.7	26.15	31.70	98.3
13/06/2018 2:12:57 PM	3611707977	1013.00	26.46	31.70	95.4	26.59	31.70	94.2	26.20	31.70	97.8	26.14	31.70	98.4
13/06/2018 2:12:58 PM	3611707978	1013.00	26.50	31.70	95.0	26.52	31.70	94.8	26.23	31.70	97.5	26.11	31.70	98.7
13/06/2018 2:12:59 PM	3611707979	1013.00	26.52	31.70	94.8	26.58	31.70	94.3	26.28	31.70	97.1	26.10	31.70	98.8
13/06/2018 2:13:00 PM	3611707980	1013.00	26.47	31.69	95.3	26.59	31.69	94.2	26.22	31.69	97.7	26.10	31.69	98.8
13/06/2018 2:13:01 PM	3611707981	1013.00	26.47	31.69	95.3	26.56	31.69	94.5	26.26	31.69	97.3	26.14	31.69	98.4
13/06/2018 2:13:02 PM	3611707982	1013.00	26.51	31.69	95.0	26.64	31.69	93.8	26.22	31.69	97.7	26.11	31.69	98.7
13/06/2018 2:13:03 PM	3611707983	1013.00	26.55	31.69	94.6	26.58	31.69	94.3	26.26	31.69	97.3	26.13	31.69	98.5
13/06/2018 2:13:04 PM	3611707984	1013.00	26.54	31.68	94.7	26.59	31.68	94.2	26.27	31.68	97.2	26.12	31.68	98.6
13/06/2018 2:13:05 PM	3611707985	1013.00	26.48	31.68	95.2	26.62	31.68	94.0	26.29	31.68	97.0	26.13	31.68	98.5
13/06/2018 2:13:06 PM	3611707986	1013.00	26.50	31.68	95.1	26.62	31.68	94.0	26.27	31.68	97.2	26.14	31.68	98.4
13/06/2018 2:13:07 PM	3611707987	1013.00	26.48	31.68	95.2	26.60	31.68	94.2	26.30	31.68	96.9	26.15	31.68	98.3
13/06/2018 2:13:08 PM	3611707988	1013.00	26.53	31.67	94.8	26.66	31.67	93.6	26.32	31.67	96.7	26.15	31.67	98.4
13/06/2018 2:13:09 PM	3611707989	1013.00	26.53	31.67	94.8	26.63	31.67	93.9	26.30	31.67	96.9	26.15	31.67	98.4
13/06/2018 2:13:10 PM	3611707990	1013.00	26.51	31.67	95.0	26.61	31.67	94.1	26.31	31.67	96.8	26.13	31.67	98.5
13/06/2018 2:13:11 PM	3611707991	1013.00	26.55	31.67	94.6	26.63	31.67	93.9	26.31	31.67	96.8	26.14	31.67	98.4
13/06/2018 2:13:12 PM	3611707992	1013.00	26.54	31.67	94.7	26.66	31.67	93.6	26.31	31.67	96.8	26.14	31.67	98.4
13/06/2018 2:13:13 PM	3611707993	1013.00	26.52	31.67	94.9	26.66	31.67	93.6	26.31	31.67	96.8	26.13	31.67	98.5
13/06/2018 2:13:14 PM	3611707994	1013.00	26.51	31.67	95.0	26.63	31.67	93.9	26.32	31.67	96.7	26.15	31.67	98.4
13/06/2018 2:13:15 PM	3611707995	1013.00	26.51	31.67	95.0	26.62	31.67	94.0	26.33	31.67	96.7	26.16	31.67	98.3
13/06/2018 2:13:16 PM	3611707996	1013.00	26.51	31.67	95.0	26.67	31.67	93.5	26.32	31.67	96.7	26.14	31.67	98.4
13/06/2018 2:13:17 PM	3611707997	1013.00	26.59	31.67	94.3	26.68	31.67	93.4	26.32	31.67	96.7	26.15	31.67	98.4
13/06/2018 2:13:18 PM	3611707998	1013.00	26.55	31.67	94.6	26.66	31.67	93.6	26.29	31.67	97.0	26.15	31.67	98.4
13/06/2018 2:13:19 PM	3611707999	1013.00	26.57	31.67	94.4	26.63	31.67	93.9	26.31	31.67	96.8	26.18	31.67	98.1
13/06/2018 2:13:20 PM	3611708000	1013.00	26.55	31.67	94.6	26.68	31.67	93.4	26.32	31.67	96.7	26.15	31.67	98.4
13/06/2018 2:13:21 PM	3611708001	1013.00	26.53	31.66	94.8	26.66	31.66	93.6	26.33	31.66	96.7	26.15	31.66	98.4
13/06/2018 2:13:22 PM	3611708002	1013.00	26.54	31.66	94.7	26.69	31.66	93.4	26.33	31.66	96.7	26.16	31.66	98.3
13/06/2018 2:13:23 PM	3611708003	1013.00	26.56	31.66	94.5	26.73	31.66	93.0	26.31	31.66	96.9	26.16	31.66	98.3
13/06/2018 2:13:24 PM	3611708004	1013.00	26.57	31.66	94.5	26.71	31.66	93.2	26.32	31.66	96.8	26.16	31.66	98.3
13/06/2018 2:13:25 PM	3611708005	1013.00	26.54	31.65	94.7	26.68	31.65	93.5	26.34	31.65	96.6	26.14	31.65	98.5
13/06/2018 2:13:26 PM	3611708006	1013.00	26.55	31.65	94.7	26.73	31.65	93.0	26.33	31.65	96.7	26.17	31.65	98.2
13/06/2018 2:13:27 PM	3611708007	1013.00	26.55	31.64	94.7	26.75	31.64	92.9	26.33	31.64	96.7	26.15	31.64	98.4
13/06/2018 2:13:28 PM	3611708008	1013.00	26.56	31.64	94.6	26.72	31.64	93.1	26.33	31.64	96.7	26.17	31.64	98.2
13/06/2018 2:13:29 PM	3611708009	1013.00	26.57	31.64	94.5	26.70	31.64	93.3	26.30	31.64	97.0	26.21	31.64	97.8
13/06/2018 2:13:30 PM	3611708010	1013.00	26.52	31.65	94.9	26.73	31.65	93.0	26.35	31.65	96.5	26.18	31.65	98.1
13/06/2018 2:13:31 PM	3611708011	1013.00	26.54	31.65	94.7	26.73	31.65	93.0	26.36	31.65	96.4	26.17	31.65	98.2
13/06/2018 2:13:32 PM	3611708012	1013.00	26.54	31.65	94.7	26.70	31.65	93.3	26.35	31.65	96.5	26.16	31.65	98.3
13/06/2018 2:13:33 PM	3611708013	1013.00	26.58	31.65	94.4	26.67	31.65	93.6	26.36	31.65	96.4	26.18	31.65	98.1
13/06/2018 2:13:34 PM	3611708014	1013.00	26.60	31.65	94.2	26.68	31.65	93.5	26.34	31.65	96.6	26.16	31.65	98.3
13/06/2018 2:13:35 PM	3611708015	1013.00	26.63	31.65	93.9	26.70	31.65	93.3	26.35	31.65	96.5	26.17	31.65	98.2
13/06/2018 2:13:36 PM	3611708016	1013.00	26.59	31.65	94.3	26.75	31.65	92.9	26.34	31.65	96.6	26.16	31.65	98.3
13/06/2018 2:13:37 PM	3611708017	1013.00	26.59	31.65	94.3	26.76	31.65	92.8	26.34	31.65	96.6	26.18	31.65	98.1
13/06/2018 2:13:38 PM	3611708018	1013.00	26.61	31.64	94.1	26.70	31.64	93.3	26.34	31.64	96.6	26.19	31.64	98.0
13/06/2018 2:13:39 PM	3611708019	1013.00	26.65	31.64	93.8	26.68	31.64	93.5	26.38	31.64	96.2	26.18	31.64	98.1
13/06/2018 2:13:40 PM	3611708020	1013.00	26.63	31.64	93.9	26.75	31.64	92.9	26.41	31.64	96.0	26.18	31.64	98.1
13/06/2018 2:13:41 PM	3611708021	1013.00	26.61	31.63	94.1	26.74	31.63	93.0	26.39	31.63	96.2	26.20	31.63	97.9
13/06/2018 2:13:42 PM	3611708022	1013.00	26.59	31.63	94.3	26.75	31.63	92.9	26.38	31.63	96.2	26.17	31.63	98.2
13/06/2018 2:13:43 PM	3611708023	1013.00	26.64	31.64	93.9	26.73	31.64	93.0	26.36	31.64	96.4	26.20	31.64	97.9
13/06/2018 2:13:44 PM	3611708024	1013.00	26.59	31.63	94.3	26.71	31.63	93.2	26.42	31.63	95.9	26.19	31.63	98.0
13/06/2018 2:13:45 PM	3611708025	1013.00	26.62	31.63	94.1	26.70	31.63	93.3	26.39	31.63	96.2	26.20	31.63	97.9
13/06/2018 2:13:46 PM	3611708026	1013.00	26.64	31.63	93.9	26.78	31.63	92.6	26.39	31.63	96.2	26.17	31.63	98.2
13/06/2018 2:13:47 PM	3611708027	1013.00	26.62	31.63	94.1	26.81	31.63	92.4	26.41	31.63	96.0	26.21	31.63	97.8
13/06/2018 2:13:48 PM	3611708028	1013.00	26.61	31.63	94.1	26.77	31.63	92.7	26.41	31.63	96.0	26.20	31.63	97.9
13/06/2018 2:13:49 PM	3611708029	1013.00	26.56	31.63	94.6	26.79	31.63	92.5	26.40	31.63	96.1	26.21	31.63	97.8
13/06/2018 2:13:50 PM	3611708030	1013.00	26.68	31.63	93.5	26.78	31.63	92.6	26.45	31.63	95.6	26.20	31.63	97.9
13/06/2018 2:13:51 PM	3611708031	1013.00	26.60	31.63	94.2	26.70	31.63	93.3	26.42	31.63	95.9	26.21	31.63	97.8
13/06/2018 2:13:52 PM	3611708032	1013.00	26.64	31.63	93.9	26.74	31.63	93.0	26.43	31.63	95.8	26.18	31.63	98.1
13/06/2018 2:13:53 PM	3611708033	1013.00	26.63	31.63	94.0	26.85	31.63	92.0	26.44	31.63	95.7	26.21	31.63	97.8
13/06/2018 2:13:54 PM	3611708034	1013.00	26.64	31.63	93.9	26.82	31.63	92.3	26.46	31.63	95.5	26.23	31.63	97.7
13/06/2018 2:13:55 PM	3611708035	1013.00	26.64	31.62	93.9	26.81	31.62	92.4	26.46	31.62	95.5	26.24	31.62	97.6
13/06/2018 2:13:56 PM	3611708036	1013.00	26.66	31.63	93.7	26.77	31.63	92.7	26.44	31.63	95.7	26.24	31.63	97.6
13/06/2018 2:13:57 PM	3611708037	1013.00	26.65	31.62	93.8	26.80	31.62	92.5	26.44	31.62	95.7	26.24	31.62	97.6
13/06/2018 2:13:58 PM	3611708038	1013.00	26.61	31.62	94.2	26.82	31.62	92.3	26.42	31.62	95.9	26.25	31.62	97.5
13/06/2018 2:13:59 PM	3611708039	1013.00	26.63	31.62	94.0	26.79	31.62	92.5	26.44	31.62	95.7	26.23	31.62	97.7
13/06/2018 2:14:00 PM	3611708040	1013.00	26.66	31.62	93.7	26.78	31.62	92.6	26.44	31.62	95.7	26.22	31.62	97.8
13/06/2018 2:14:01 PM	3611708041	1013.00	26.69	31.62	93.4	26.81	31.62	92.4	26.43	31.62	95.8	26.25	31.62	97.5
13/06/2018 2:14:02 PM	3611708042	1013.00	26.68	31.62	93.5	26.76	31.62	92.8	26.47	31.62	95.4	26.25	31.62	97.5
13/06/2018 2:14:03 PM	3611708043	1013.00	26.71	31.62	93.3	26.82	31.62	92.3	26.44	31.62	95.7	26.22	31.62	97.8
13/06/2018 2:14:04 PM	3611708044	1013.00	26.65	31.62	93.8	26.78	31.62	92.6	26.44	31.62	95.7	26.25	31.62	97.5
13/06/2018 2:14:05 PM	3611708045	1013.00	26.68	31.62	93.5	26.78	31.62	92.6	26.46	31.62	95.5	26.24	31.62	97.6
13/06/2018 2:14:06 PM	3611708046	1013.00	26.69	31.61	93.5	26.87	31.61	91.9	26.44	31.61	95.7	26.26	31.61	97.4
13/06/2018 2:14:07 PM	3611708047	1013.00	26.67	31.62	93.6	26.86	31.62	91.9	26.47	31.62	95.4	26.23	31.62	97.7
13/06/2018 2:14:08 PM	3611708048	1013.00	26.64	31.61	93.9	26.86	31.61	91.9	26.45	31.61	95.6	26.25	31.61	97.5
13/06/2018 2:14:09 PM	3611708049	1013.00	26.69	31.61	93.5	26.90	31.61	91.6	26.49	31.61	95.3	26.24	31.61	97.6
13/06/2018 2:14:10 PM	3611708050	1013.00	26.66	31.61	93.7	26.87	31.61	91.9	26.47	31.61	95.4	26.26	31.61	97.4
13/06/2018 2:14:11 PM	3611708051	1013.00	26.71	31.61	93.3	26.88	31.61	91.8	26.46	31.61	95.5	26.25	31.61	97.5
13/06/2018 2:14:12 PM	3611708052	1013.00	26.75	31.60	92.9	26.87	31.60	91.9	26.46	31.60	95.6	26.23	31.60	97.7
13/06/2018 2:14:13 PM	3611708053	1013.00	26.68	31.60	93.6	26.91	31.60	91.5	26.48	31.60	95.4	26.26	31.60	97.4
13/06/2018 2:14:14 PM	3611708054	1013.00	26.68	31.61	93.5	26.90	31.61	91.6	26.50	31.61	95.2	26.25	31.61	97.5
13/06/2018 2:14:15 PM	3611708055	1013.00	26.70	31.61	93.4	26.88	31.61	91.8	26.50	31.61	95.2	26.25	31.61	97.5
13/06/2018 2:14:16 PM	3611708056	1013.00	26.72	31.61	93.2	26.87	31.61	91.9	26.50	31.61	95.2	26.28	31.61	97.2
13/06/2018 2:14:17 PM	3611708057	1013.00	26.64	31.60	93.9	26.89	31.60	91.7	26.51	31.60	95.1	26.28	31.60	97.2
13/06/2018 2:14:18 PM	3611708058	1013.00	26.70	31.60	93.4	26.88	31.60	91.8	26.54	31.60	94.8	26.26	31.60	97.4
13/06/2018 2:14:19 PM	3611708059	1013.00	26.71	31.60	93.3	26.90	31.60	91.6	26.49	31.60	95.3	26.29	31.60	97.1
13/06/2018 2:14:20 PM	3611708060	1013.00	26.70	31.60	93.4	26.95	31.60	91.2	26.53	31.60	94.9	26.28	31.60	97.2
13/06/2018 2:14:21 PM	3611708061	1013.00	26.73	31.59	93.1	26.87	31.59	91.9	26.52	31.59	95.0	26.26	31.59	97.4
13/06/2018 2:14:22 PM	3611708062	1013.00	26.66	31.59	93.8	26.90	31.59	91.6	26.50	31.59	95.2	26.29	31.59	97.2
13/06/2018 2:14:23 PM	3611708063	1013.00	26.75	31.59	92.9	26.96	31.59	91.1	26.52	31.59	95.0	26.28	31.59	97.2
13/06/2018 2:14:24 PM	3611708064	1013.00	26.69	31.59	93.5	26.91	31.59	91.5	26.49	31.59	95.3	26.30	31.59	97.1
13/06/2018 2:14:25 PM	3611708065	1013.00	26.72	31.59	93.2	26.87	31.59	91.9	26.52	31.59	95.0	26.30	31.59	97.1
13/06/2018 2:14:26 PM	3611708066	1013.00	26.74	31.59	93.0	26.89	31.59	91.7	26.47	31.59	95.5	26.31	31.59	97.0
13/06/2018 2:14:27 PM	3611708067	1013.00	26.73	31.59	93.1	26.94	31.59	91.3	26.51	31.59	95.1	26.29	31.59	97.2
13/06/2018 2:14:28 PM	3611708068	1013.00	26.71	31.60	93.3	26.89	31.60	91.7	26.55	31.60	94.7	26.31	31.60	97.0
13/06/2018 2:14:29 PM	3611708069	1013.00	26.76	31.60	92.8	26.92	31.60	91.4	26.53	31.60	94.9	26.34	31.60	96.7
13/06/2018 2:14:30 PM	3611708070	1013.00	26.71	31.60	93.3	26.97	31.60	91.0	26.54	31.60	94.8	26.32	31.60	96.9
13/06/2018 2:14:31 PM	3611708071	1013.00	26.74	31.61	93.0	26.94	31.61	91.2	26.53	31.61	94.9	26.33	31.61	96.7
13/06/2018 2:14:32 PM	3611708072	1013.00	26.76	31.62	92.8	26.91	31.62	91.5	26.54	31.62	94.8	26.34	31.62	96.6
13/06/2018 2:14:33 PM	3611708073	1013.00	26.76	31.63	92.8	26.97	31.63	91.0	26.54	31.63	94.8	26.30	31.63	97.0
13/06/2018 2:14:34 PM	3611708074	1013.00	26.73	31.64	93.0	26.93	31.64	91.3	26.57	31.64	94.5	26.34	31.64	96.6
13/06/2018 2:14:35 PM	3611708075	1013.00	26.71	31.65	93.2	26.89	31.65	91.6	26.55	31.65	94.7	26.31	31.65	96.9
13/06/2018 2:14:36 PM	3611708076	1013.00	26.77	31.66	92.7	26.89	31.66	91.6	26.52	31.66	94.9	26.35	31.66	96.5
13/06/2018 2:14:37 PM	3611708077	1013.00	26.78	31.67	92.6	26.94	31.67	91.2	26.54	31.67	94.7	26.34	31.67	96.6
13/06/2018 2:14:38 PM	3611708078	1013.00	26.79	31.68	92.5	26.97	31.68	90.9	26.56	31.68	94.5	26.34	31.68	96.5
13/06/2018 2:14:39 PM	3611708079	1013.00	26.78	31.68	92.5	26.96	31.68	91.0	26.53	31.68	94.8	26.35	31.68	96.4
13/06/2018 2:14:40 PM	3611708080	1013.00	26.79	31.69	92.4	27.01	31.69	90.5	26.56	31.69	94.5	26.35	31.69	96.4
13/06/2018 2:14:41 PM	3611708081	1013.00	26.74	31.70	92.9	26.97	31.70	90.8	26.56	31.70	94.5	26.36	31.70	96.3
13/06/2018 2:14:42 PM	3611708082	1013.00	26.76	31.70	92.7	26.93	31.70	91.2	26.54	31.70	94.7	26.37	31.70	96.2
13/06/2018 2:14:43 PM	3611708083	1013.00	26.79	31.70	92.4	26.94	31.70	91.1	26.57	31.70	94.4	26.35	31.70	96.4
13/06/2018 2:14:44 PM	3611708084	1013.00	26.81	31.70	92.2	26.99	31.70	90.7	26.57	31.70	94.4	26.38	31.70	96.1
13/06/2018 2:14:45 PM	3611708085	1013.00	26.73	31.70	93.0	26.98	31.70	90.8	26.55	31.70	94.6	26.35	31.70	96.4
13/06/2018 2:14:46 PM	3611708086	1013.00	26.78	31.70	92.5	26.93	31.70	91.2	26.57	31.70	94.4	26.40	31.70	96.0
13/06/2018 2:14:47 PM	3611708087	1013.00	26.77	31.70	92.6	27.01	31.70	90.5	26.59	31.70	94.2	26.38	31.70	96.1
13/06/2018 2:14:48 PM	3611708088	1013.00	26.80	31.71	92.3	26.95	31.71	91.0	26.57	31.71	94.4	26.39	31.71	96.0
13/06/2018 2:14:49 PM	3611708089	1013.00	26.77	31.71	92.6	26.95	31.71	91.0	26.58	31.71	94.3	26.38	31.71	96.1
13/06/2018 2:14:50 PM	3611708090	1013.00	26.71	31.72	93.1	27.02	31.72	90.4	26.56	31.72	94.5	26.39	31.72	96.0
13/06/2018 2:14:51 PM	3611708091	1013.00	26.77	31.72	92.6	27.00	31.72	90.6	26.59	31.72	94.2	26.38	31.72	96.1
13/06/2018 2:14:52 PM	3611708092	1013.00	26.81	31.72	92.2	27.02	31.72	90.4	26.59	31.72	94.2	26.38	31.72	96.1
13/06/2018 2:14:53 PM	3611708093	1013.00	26.81	31.72	92.2	26.97	31.72	90.8	26.58	31.72	94.3	26.38	31.72	96.1
13/06/2018 2:14:54 PM	3611708094	1013.00	26.80	31.72	92.3	27.01	31.72	90.5	26.61	31.72	94.0	26.37	31.72	96.2
13/06/2018 2:14:55 PM	3611708095	1013.00	26.77	31.72	92.6	27.03	31.72	90.3	26.62	31.72	93.9	26.39	31.72	96.0
13/06/2018 2:14:56 PM	3611708096	1013.00	26.81	31.71	92.2	26.97	31.71	90.8	26.63	31.71	93.8	26.40	31.71	95.9
13/06/2018 2:14:57 PM	3611708097	1013.00	26.82	31.71	92.1	26.97	31.71	90.8	26.63	31.71	93.8	26.42	31.71	95.8
13/06/2018 2:14:58 PM	3611708098	1013.00	26.82	31.72	92.1	27.03	31.72	90.3	26.64	31.72	93.7	26.41	31.72	95.8
13/06/2018 2:14:59 PM	3611708099	1013.00	26.82	31.72	92.1	26.99	31.72	90.6	26.63	31.72	93.8	26.41	31.72	95.8
13/06/2018 2:15:00 PM	3611708100	1013.00	26.88	31.72	91.6	27.00	31.72	90.6	26.61	31.72	94.0	26.40	31.72	95.9
13/06/2018 2:15:01 PM	3611708101	1013.00	26.89	31.73	91.5	27.00	31.73	90.5	26.64	31.73	93.7	26.36	31.73	96.3
13/06/2018 2:15:02 PM	3611708102	1013.00	26.83	31.72	92.0	27.02	31.72	90.4	26.60	31.72	94.1	26.40	31.72	95.9
13/06/2018 2:15:03 PM	3611708103	1013.00	26.81	31.72	92.2	27.02	31.72	90.4	26.66	31.72	93.6	26.43	31.72	95.6
13/06/2018 2:15:04 PM	3611708104	1013.00	26.86	31.72	91.8	27.04	31.72	90.2	26.63	31.72	93.8	26.41	31.72	95.8
13/06/2018 2:15:05 PM	3611708105	1013.00	26.85	31.72	91.9	27.06	31.72	90.0	26.71	31.72	93.1	26.41	31.72	95.8
13/06/2018 2:15:06 PM	3611708106	1013.00	26.84	31.72	92.0	27.03	31.72	90.3	26.70	31.72	93.2	26.43	31.72	95.6
13/06/2018 2:15:07 PM	3611708107	1013.00	26.90	31.72	91.4	27.10	31.72	89.7	26.65	31.72	93.6	26.41	31.72	95.8
13/06/2018 2:15:08 PM	3611708108	1013.00	26.80	31.71	92.3	27.07	31.71	90.0	26.65	31.71	93.7	26.40	31.71	95.9
13/06/2018 2:15:09 PM	3611708109	1013.00	26.84	31.72	92.0	27.06	31.72	90.0	26.67	31.72	93.5	26.45	31.72	95.5
13/06/2018 2:15:10 PM	3611708110	1013.00	26.88	31.72	91.6	27.06	31.72	90.0	26.68	31.72	93.4	26.40	31.72	95.9
13/06/2018 2:15:11 PM	3611708111	1013.00	26.82	31.72	92.1	27.04	31.72	90.2	26.68	31.72	93.4	26.42	31.72	95.7
13/06/2018 2:15:12 PM	3611708112	1013.00	26.82	31.71	92.1	27.03	31.71	90.3	26.64	31.71	93.7	26.42	31.71	95.8
13/06/2018 2:15:13 PM	3611708113	1013.00	26.84	31.72	92.0	27.07	31.72	90.0	26.69	31.72	93.3	26.44	31.72	95.6
13/06/2018 2:15:14 PM	3611708114	1013.00	26.84	31.71	92.0	27.10	31.71	89.7	26.71	31.71	93.1	26.42	31.71	95.8
13/06/2018 2:15:15 PM	3611708115	1013.00	26.82	31.71	92.1	27.03	31.71	90.3	26.70	31.71	93.2	26.45	31.71	95.5
13/06/2018 2:15:16 PM	3611708116	1013.00	26.87	31.71	91.7	27.09	31.71	89.8	26.70	31.71	93.2	26.42	31.71	95.8
13/06/2018 2:15:17 PM	3611708117	1013.00	26.87	31.71	91.7	27.13	31.71	89.5	26.71	31.71	93.1	26.42	31.71	95.8
13/06/2018 2:15:18 PM	3611708118	1013.00	26.86	31.71	91.8	27.06	31.71	90.1	26.70	31.71	93.2	26.41	31.71	95.8
13/06/2018 2:15:19 PM	3611708119	1013.00	26.87	31.71	91.7	27.10	31.71	89.7	26.68	31.71	93.4	26.44	31.71	95.6
13/06/2018 2:15:20 PM	3611708120	1013.00	26.82	31.72	92.1	27.13	31.72	89.4	26.72	31.72	93.0	26.44	31.72	95.6
13/06/2018 2:15:21 PM	3611708121	1013.00	26.83	31.71	92.1	27.12	31.71	89.5	26.71	31.71	93.1	26.46	31.71	95.4
13/06/2018 2:15:22 PM	3611708122	1013.00	26.88	31.71	91.6	27.06	31.71	90.1	26.72	31.71	93.0	26.45	31.71	95.5
13/06/2018 2:15:23 PM	3611708123	1013.00	26.85	31.71	91.9	27.08	31.71	89.9	26.73	31.71	92.9	26.43	31.71	95.7
13/06/2018 2:15:24 PM	3611708124	1013.00	26.88	31.71	91.6	27.12	31.71	89.5	26.74	31.71	92.9	26.44	31.71	95.6
13/06/2018 2:15:25 PM	3611708125	1013.00	26.83	31.71	92.1	27.07	31.71	90.0	26.73	31.71	92.9	26.43	31.71	95.7
13/06/2018 2:15:26 PM	3611708126	1013.00	26.89	31.71	91.5	27.13	31.71	89.5	26.76	31.71	92.7	26.46	31.71	95.4
13/06/2018 2:15:27 PM	3611708127	1013.00	26.89	31.71	91.5	27.12	31.71	89.5	26.76	31.71	92.7	26.45	31.71	95.5
13/06/2018 2:15:28 PM	3611708128	1013.00	26.89	31.71	91.5	27.10	31.71	89.7	26.76	31.71	92.7	26.45	31.71	95.5
13/06/2018 2:15:29 PM	3611708129	1013.00	26.94	31.70	91.1	27.11	31.70	89.6	26.76	31.70	92.7	26.44	31.70	95.6
13/06/2018 2:15:30 PM	3611708130	1013.00	26.85	31.70	91.9	27.11	31.70	89.6	26.76	31.70	92.7	26.49	31.70	95.1
13/06/2018 2:15:31 PM	3611708131	1013.00	26.87	31.70	91.7	27.10	31.70	89.7	26.76	31.70	92.7	26.46	31.70	95.4
13/06/2018 2:15:32 PM	3611708132	1013.00	26.90	31.70	91.5	27.10	31.70	89.7	26.75	31.70	92.8	26.48	31.70	95.2
13/06/2018 2:15:33 PM	3611708133	1013.00	26.90	31.70	91.5	27.07	31.70	90.0	26.75	31.70	92.8	26.48	31.70	95.2
13/06/2018 2:15:34 PM	3611708134	1013.00	26.92	31.71	91.3	27.12	31.71	89.5	26.78	31.71	92.5	26.46	31.71	95.4
13/06/2018 2:15:35 PM	3611708135	1013.00	26.88	31.71	91.6	27.13	31.71	89.5	26.77	31.71	92.6	26.47	31.71	95.3
13/06/2018 2:15:36 PM	3611708136	1013.00	26.90	31.71	91.4	27.13	31.71	89.5	26.74	31.71	92.9	26.47	31.71	95.3
13/06/2018 2:15:37 PM	3611708137	1013.00	26.93	31.71	91.2	27.12	31.71	89.5	26.74	31.71	92.9	26.47	31.71	95.3
13/06/2018 2:15:38 PM	3611708138	1013.00	26.95	31.70	91.0	27.11	31.70	89.6	26.77	31.70	92.6	26.47	31.70	95.3
13/06/2018 2:15:39 PM	3611708139	1013.00	26.94	31.70	91.1	27.12	31.70	89.6	26.79	31.70	92.4	26.50	31.70	95.0
13/06/2018 2:15:40 PM	3611708140	1013.00	27.00	31.70	90.6	27.12	31.70	89.6	26.75	31.70	92.8	26.50	31.70	95.0
13/06/2018 2:15:41 PM	3611708141	1013.00	26.95	31.69	91.0	27.12	31.69	89.6	26.75	31.69	92.8	26.49	31.69	95.1
13/06/2018 2:15:42 PM	3611708142	1013.00	26.96	31.70	90.9	27.17	31.70	89.1	26.76	31.70	92.7	26.52	31.70	94.8
13/06/2018 2:15:43 PM	3611708143	1013.00	26.95	31.70	91.0	27.16	31.70	89.2	26.76	31.70	92.7	26.51	31.70	94.9
13/06/2018 2:15:44 PM	3611708144	1013.00	26.92	31.70	91.3	27.14	31.70	89.4	26.79	31.70	92.4	26.50	31.70	95.0
13/06/2018 2:15:45 PM	3611708145	1013.00	26.95	31.70	91.0	27.20	31.70	88.9	26.78	31.70	92.5	26.49	31.70	95.1
13/06/2018 2:15:46 PM	3611708146	1013.00	26.93	31.70	91.2	27.22	31.70	88.7	26.81	31.70	92.2	26.52	31.70	94.8
13/06/2018 2:15:47 PM	3611708147	1013.00	26.94	31.70	91.1	27.21	31.70	88.8	26.83	31.70	92.1	26.52	31.70	94.8
13/06/2018 2:15:48 PM	3611708148	1013.00	26.96	31.70	90.9	27.22	31.70	88.7	26.81	31.70	92.2	26.53	31.70	94.8
13/06/2018 2:15:49 PM	3611708149	1013.00	26.95	31.70	91.0	27.26	31.70	88.4	26.82	31.70	92.2	26.54	31.70	94.7
13/06/2018 2:15:50 PM	3611708150	1013.00	26.99	31.69	90.7	27.22	31.69	88.7	26.85	31.69	91.9	26.54	31.69	94.7
13/06/2018 2:15:51 PM	3611708151	1013.00	26.97	31.70	90.8	27.23	31.70	88.6	26.83	31.70	92.1	26.55	31.70	94.6
13/06/2018 2:15:52 PM	3611708152	1013.00	26.95	31.70	91.0	27.25	31.70	88.5	26.82	31.70	92.2	26.52	31.70	94.8
13/06/2018 2:15:53 PM	3611708153	1013.00	26.91	31.69	91.4	27.26	31.69	88.4	26.84	31.69	92.0	26.55	31.69	94.6
13/06/2018 2:15:54 PM	3611708154	1013.00	26.96	31.69	91.0	27.27	31.69	88.3	26.86	31.69	91.8	26.51	31.69	95.0
13/06/2018 2:15:55 PM	3611708155	1013.00	26.98	31.69	90.8	27.28	31.69	88.2	26.86	31.69	91.8	26.54	31.69	94.7
13/06/2018 2:15:56 PM	3611708156	1013.00	26.99	31.69	90.7	27.24	31.69	88.6	26.85	31.69	91.9	26.52	31.69	94.9
13/06/2018 2:15:57 PM	3611708157	1013.00	27.01	31.68	90.5	27.28	31.68	88.2	26.84	31.68	92.0	26.53	31.68	94.8
13/06/2018 2:15:58 PM	3611708158	1013.00	27.01	31.68	90.5	27.23	31.68	88.7	26.86	31.68	91.8	26.54	31.68	94.7
13/06/2018 2:15:59 PM	3611708159	1013.00	27.00	31.68	90.6	27.32	31.68	87.9	26.85	31.68	91.9	26.54	31.68	94.7
13/06/2018 2:16:00 PM	3611708160	1013.00	26.97	31.68	90.9	27.32	31.68	87.9	26.85	31.68	91.9	26.56	31.68	94.5
13/06/2018 2:16:01 PM	3611708161	1013.00	26.99	31.68	90.7	27.29	31.68	88.2	26.88	31.68	91.7	26.56	31.68	94.5
13/06/2018 2:16:02 PM	3611708162	1013.00	26.99	31.68	90.7	27.33	31.68	87.8	26.85	31.68	91.9	26.56	31.68	94.5
13/06/2018 2:16:03 PM	3611708163	1013.00	27.03	31.69	90.3	27.34	31.69	87.7	26.86	31.69	91.8	26.55	31.69	94.6
13/06/2018 2:16:04 PM	3611708164	1013.00	27.04	31.69	90.3	27.31	31.69	88.0	26.90	31.69	91.5	26.58	31.69	94.3
13/06/2018 2:16:05 PM	3611708165	1013.00	26.99	31.68	90.7	27.26	31.68	88.4	26.87	31.68	91.8	26.56	31.68	94.5
13/06/2018 2:16:06 PM	3611708166	1013.00	27.02	31.68	90.4	27.25	31.68	88.5	26.91	31.68	91.4	26.60	31.68	94.2
13/06/2018 2:16:07 PM	3611708167	1013.00	27.01	31.68	90.5	27.31	31.68	88.0	26.86	31.68	91.8	26.60	31.68	94.2
13/06/2018 2:16:08 PM	3611708168	1013.00	27.01	31.67	90.5	27.36	31.67	87.6	26.88	31.67	91.7	26.56	31.67	94.5
13/06/2018 2:16:09 PM	3611708169	1013.00	27.04	31.67	90.3	27.36	31.67	87.6	26.89	31.67	91.6	26.58	31.67	94.4
13/06/2018 2:16:10 PM	3611708170	1013.00	27.02	31.67	90.5	27.33	31.67	87.8	26.92	31.67	91.3	26.60	31.67	94.2
13/06/2018 2:16:11 PM	3611708171	1013.00	27.03	31.67	90.4	27.35	31.67	87.7	26.89	31.67	91.6	26.58	31.67	94.4
13/06/2018 2:16:12 PM	3611708172	1013.00	27.05	31.67	90.2	27.35	31.67	87.7	26.91	31.67	91.4	26.58	31.67	94.4
13/06/2018 2:16:13 PM	3611708173	1013.00	27.02	31.68	90.4	27.26	31.68	88.4	26.91	31.68	91.4	26.59	31.68	94.2
13/06/2018 2:16:14 PM	3611708174	1013.00	27.01	31.68	90.5	27.36	31.68	87.6	26.92	31.68	91.3	26.58	31.68	94.3
13/06/2018 2:16:15 PM	3611708175	1013.00	27.02	31.68	90.4	27.38	31.68	87.4	26.94	31.68	91.1	26.58	31.68	94.3
13/06/2018 2:16:16 PM	3611708176	1013.00	27.05	31.68	90.2	27.34	31.68	87.7	26.93	31.68	91.2	26.61	31.68	94.1
13/06/2018 2:16:17 PM	3611708177	1013.00	27.07	31.67	90.0	27.31	31.67	88.0	26.94	31.67	91.2	26.58	31.67	94.4
13/06/2018 2:16:18 PM	3611708178	1013.00	27.04	31.67	90.3	27.34	31.67	87.8	26.92	31.67	91.3	26.61	31.67	94.1
13/06/2018 2:16:19 PM	3611708179	1013.00	27.00	31.66	90.7	27.38	31.66	87.4	26.93	31.66	91.3	26.60	31.66	94.2
13/06/2018 2:16:20 PM	3611708180	1013.00	27.05	31.66	90.2	27.37	31.66	87.5	26.96	31.66	91.0	26.62	31.66	94.0
13/06/2018 2:16:21 PM	3611708181	1013.00	27.08	31.66	90.0	27.30	31.66	88.1	26.91	31.66	91.4	26.61	31.66	94.1
13/06/2018 2:16:22 PM	3611708182	1013.00	27.07	31.66	90.0	27.31	31.66	88.0	26.90	31.66	91.5	26.62	31.66	94.0
13/06/2018 2:16:23 PM	3611708183	1013.00	27.04	31.66	90.3	27.36	31.66	87.6	26.91	31.66	91.4	26.61	31.66	94.1
13/06/2018 2:16:24 PM	3611708184	1013.00	27.05	31.66	90.2	27.34	31.66	87.8	26.91	31.66	91.4	26.61	31.66	94.1
13/06/2018 2:16:25 PM	3611708185	1013.00	27.07	31.66	90.0	27.33	31.66	87.9	26.95	31.66	91.1	26.58	31.66	94.4
13/06/2018 2:16:26 PM	3611708186	1013.00	27.06	31.66	90.1	27.39	31.66	87.4	26.94	31.66	91.2	26.62	31.66	94.0
13/06/2018 2:16:27 PM	3611708187	1013.00	27.04	31.65	90.3	27.35	31.65	87.7	26.93	31.65	91.3	26.62	31.65	94.0
13/06/2018 2:16:28 PM	3611708188	1013.00	27.07	31.65	90.1	27.34	31.65	87.8	26.96	31.65	91.0	26.62	31.65	94.0
13/06/2018 2:16:29 PM	3611708189	1013.00	27.07	31.65	90.1	27.34	31.65	87.8	26.93	31.65	91.3	26.63	31.65	93.9
13/06/2018 2:16:30 PM	3611708190	1013.00	27.01	31.65	90.6	27.42	31.65	87.1	26.95	31.65	91.1	26.64	31.65	93.8
13/06/2018 2:16:31 PM	3611708191	1013.00	27.14	31.65	89.5	27.34	31.65	87.8	26.91	31.65	91.4	26.63	31.65	93.9
13/06/2018 2:16:32 PM	3611708192	1013.00	27.05	31.65	90.2	27.37	31.65	87.5	26.95	31.65	91.1	26.64	31.65	93.8
13/06/2018 2:16:33 PM	3611708193	1013.00	27.07	31.65	90.1	27.32	31.65	88.0	26.97	31.65	90.9	26.65	31.65	93.7
13/06/2018 2:16:34 PM	3611708194	1013.00	27.05	31.65	90.2	27.39	31.65	87.4	26.97	31.65	90.9	26.62	31.65	94.0
13/06/2018 2:16:35 PM	3611708195	1013.00	27.10	31.65	89.8	27.37	31.65	87.5	26.96	31.65	91.0	26.64	31.65	93.8
13/06/2018 2:16:36 PM	3611708196	1013.00	27.08	31.65	90.0	27.35	31.65	87.7	26.97	31.65	90.9	26.66	31.65	93.7
13/06/2018 2:16:37 PM	3611708197	1013.00	27.02	31.64	90.5	27.39	31.64	87.4	26.98	31.64	90.9	26.66	31.64	93.7
13/06/2018 2:16:38 PM	3611708198	1013.00	27.04	31.64	90.3	27.35	31.64	87.7	26.95	31.64	91.1	26.63	31.64	93.9
13/06/2018 2:16:39 PM	3611708199	1013.00	27.11	31.64	89.7	27.36	31.64	87.6	26.94	31.64	91.2	26.65	31.64	93.8
13/06/2018 2:16:40 PM	3611708200	1013.00	27.07	31.64	90.1	27.42	31.64	87.1	26.94	31.64	91.2	26.67	31.64	93.6
13/06/2018 2:16:41 PM	3611708201	1013.00	27.11	31.64	89.7	27.36	31.64	87.6	26.97	31.64	90.9	26.65	31.64	93.8
13/06/2018 2:16:42 PM	3611708202	1013.00	27.08	31.63	90.0	27.36	31.63	87.7	27.00	31.63	90.7	26.67	31.63	93.6
13/06/2018 2:16:43 PM	3611708203	1013.00	27.07	31.64	90.1	27.41	31.64	87.2	26.99	31.64	90.8	26.67	31.64	93.6
13/06/2018 2:16:44 PM	3611708204	1013.00	27.11	31.64	89.7	27.36	31.64	87.6	26.98	31.64	90.9	26.67	31.64	93.6
13/06/2018 2:16:45 PM	3611708205	1013.00	27.11	31.63	89.8	27.42	31.63	87.2	26.99	31.63	90.8	26.68	31.63	93.5
13/06/2018 2:16:46 PM	3611708206	1013.00	27.06	31.64	90.2	27.43	31.64	87.1	26.98	31.64	90.9	26.66	31.64	93.7
13/06/2018 2:16:47 PM	3611708207	1013.00	27.10	31.64	89.8	27.33	31.64	87.9	27.00	31.64	90.7	26.68	31.64	93.5
13/06/2018 2:16:48 PM	3611708208	1013.00	27.07	31.64	90.1	27.42	31.64	87.1	27.01	31.64	90.6	26.71	31.64	93.2
13/06/2018 2:16:49 PM	3611708209	1013.00	27.07	31.63	90.1	27.40	31.63	87.3	27.00	31.63	90.7	26.71	31.63	93.2
13/06/2018 2:16:50 PM	3611708210	1013.00	27.11	31.63	89.8	27.38	31.63	87.5	27.03	31.63	90.4	26.69	31.63	93.4
13/06/2018 2:16:51 PM	3611708211	1013.00	27.12	31.63	89.7	27.46	31.63	86.8	27.01	31.63	90.6	26.67	31.63	93.6
13/06/2018 2:16:52 PM	3611708212	1013.00	27.15	31.63	89.4	27.40	31.63	87.3	27.00	31.63	90.7	26.70	31.63	93.3
13/06/2018 2:16:53 PM	3611708213	1013.00	27.13	31.63	89.6	27.39	31.63	87.4	27.00	31.63	90.7	26.71	31.63	93.2
13/06/2018 2:16:54 PM	3611708214	1013.00	27.11	31.62	89.8	27.48	31.62	86.7	27.02	31.62	90.5	26.67	31.62	93.6
13/06/2018 2:16:55 PM	3611708215	1013.00	27.13	31.62	89.6	27.46	31.62	86.8	26.99	31.62	90.8	26.70	31.62	93.3
13/06/2018 2:16:56 PM	3611708216	1013.00	27.08	31.62	90.0	27.46	31.62	86.8	27.03	31.62	90.5	26.68	31.62	93.5
13/06/2018 2:16:57 PM	3611708217	1013.00	27.07	31.62	90.1	27.39	31.62	87.4	27.00	31.62	90.7	26.70	31.62	93.3
13/06/2018 2:16:58 PM	3611708218	1013.00	27.13	31.62	89.6	27.47	31.62	86.8	27.03	31.62	90.5	26.71	31.62	93.3
13/06/2018 2:16:59 PM	3611708219	1013.00	27.13	31.62	89.6	27.39	31.62	87.4	26.99	31.62	90.8	26.69	31.62	93.4
