Date & time of file creation	7/06/2018 10:43 AM													
Data file path	C:\Users\ameli\Desktop\Diego Barneche\07_06_2018\32_C_old_witrox_8.txt													
														
														
CALIBRATION DATA														
Parameter/Channel	N moving average	LO phase [r.U.]	HI phase [r.U.]	LO oxygen [%air saturation]	HI oxygen [%air saturation]	LO temperature [°C]	HI temperature [°C]	Salinity [‰]						
S WOT 0041 000001   , CH 1	1	59.45	26.62	0.00	100.00	32.15	32.27	0.000						
S WOT 0041 000001   , CH 2	1	59.45	26.62	0.00	100.00	32.15	32.27	0.000						
S WOT 0041 000001   , CH 3	1	59.45	26.62	0.00	100.00	32.15	32.27	0.000						
S WOT 0041 000001   , CH 4	1	59.45	26.62	0.00	100.00	32.15	32.27	0.000						
														
														
Date &Time [DD-MM-YYYY HH:MM:SS]	Time stamp code	Barometric pressure [hPa]	S WOT 0041 000001   , CH 1 phase [r.U.]	S WOT 0041 000001   , CH 1 temp [°C]	S WOT 0041 000001   , CH 1 O2 [% air saturation]	S WOT 0041 000001   , CH 2 phase [r.U.]	S WOT 0041 000001   , CH 2 temp [°C]	S WOT 0041 000001   , CH 2 O2 [% air saturation]	S WOT 0041 000001   , CH 3 phase [r.U.]	S WOT 0041 000001   , CH 3 temp [°C]	S WOT 0041 000001   , CH 3 O2 [% air saturation]	S WOT 0041 000001   , CH 4 phase [r.U.]	S WOT 0041 000001   , CH 4 temp [°C]	S WOT 0041 000001   , CH 4 O2 [% air saturation]
7/06/2018 10:44:12 AM	3611177052	1013.00	26.19	32.17	104.4	26.19	32.17	104.4	26.13	32.17	105.0	26.17	32.17	104.6
7/06/2018 10:44:13 AM	3611177053	1013.00	26.18	32.17	104.5	26.16	32.17	104.7	26.13	32.17	105.0	26.17	32.17	104.6
7/06/2018 10:44:14 AM	3611177054	1013.00	26.16	32.17	104.7	26.16	32.17	104.7	26.15	32.17	104.8	26.16	32.17	104.7
7/06/2018 10:44:15 AM	3611177055	1013.00	26.14	32.18	104.9	26.20	32.18	104.3	26.08	32.18	105.5	26.15	32.18	104.8
7/06/2018 10:44:16 AM	3611177056	1013.00	26.18	32.19	104.5	26.22	32.19	104.1	26.12	32.19	105.1	26.15	32.19	104.8
7/06/2018 10:44:17 AM	3611177057	1013.00	26.16	32.18	104.7	26.15	32.18	104.8	26.15	32.18	104.8	26.17	32.18	104.6
7/06/2018 10:44:18 AM	3611177058	1013.00	26.15	32.18	104.8	26.14	32.18	104.9	26.13	32.18	105.0	26.19	32.18	104.4
7/06/2018 10:44:19 AM	3611177059	1013.00	26.16	32.18	104.7	26.18	32.18	104.5	26.15	32.18	104.8	26.14	32.18	104.9
7/06/2018 10:44:20 AM	3611177060	1013.00	26.14	32.18	104.9	26.17	32.18	104.6	26.11	32.18	105.2	26.18	32.18	104.5
7/06/2018 10:44:21 AM	3611177061	1013.00	26.13	32.17	105.0	26.13	32.17	105.0	26.13	32.17	105.0	26.17	32.17	104.6
7/06/2018 10:44:22 AM	3611177062	1013.00	26.14	32.17	104.9	26.19	32.17	104.4	26.14	32.17	104.9	26.17	32.17	104.6
7/06/2018 10:44:23 AM	3611177063	1013.00	26.16	32.17	104.7	26.19	32.17	104.4	26.13	32.17	105.0	26.15	32.17	104.8
7/06/2018 10:44:24 AM	3611177064	1013.00	26.16	32.17	104.7	26.17	32.17	104.6	26.14	32.17	104.9	26.16	32.17	104.7
7/06/2018 10:44:25 AM	3611177065	1013.00	26.17	32.17	104.6	26.20	32.17	104.3	26.12	32.17	105.1	26.14	32.17	104.9
7/06/2018 10:44:26 AM	3611177066	1013.00	26.17	32.17	104.6	26.22	32.17	104.1	26.14	32.17	104.9	26.15	32.17	104.8
7/06/2018 10:44:27 AM	3611177067	1013.00	26.17	32.18	104.6	26.20	32.18	104.3	26.12	32.18	105.1	26.15	32.18	104.8
7/06/2018 10:44:28 AM	3611177068	1013.00	26.17	32.17	104.6	26.14	32.17	104.9	26.10	32.17	105.3	26.15	32.17	104.8
7/06/2018 10:44:29 AM	3611177069	1013.00	26.16	32.17	104.7	26.16	32.17	104.7	26.17	32.17	104.6	26.18	32.17	104.5
7/06/2018 10:44:30 AM	3611177070	1013.00	26.15	32.17	104.8	26.22	32.17	104.1	26.11	32.17	105.2	26.16	32.17	104.7
7/06/2018 10:44:31 AM	3611177071	1013.00	26.17	32.17	104.6	26.20	32.17	104.3	26.12	32.17	105.1	26.16	32.17	104.7
7/06/2018 10:44:32 AM	3611177072	1013.00	26.18	32.17	104.5	26.22	32.17	104.1	26.15	32.17	104.8	26.16	32.17	104.7
7/06/2018 10:44:33 AM	3611177073	1013.00	26.17	32.17	104.6	26.20	32.17	104.3	26.08	32.17	105.5	26.15	32.17	104.8
7/06/2018 10:44:34 AM	3611177074	1013.00	26.17	32.18	104.6	26.21	32.18	104.2	26.15	32.18	104.8	26.18	32.18	104.5
7/06/2018 10:44:35 AM	3611177075	1013.00	26.15	32.17	104.8	26.19	32.17	104.4	26.16	32.17	104.7	26.20	32.17	104.3
7/06/2018 10:44:36 AM	3611177076	1013.00	26.18	32.17	104.5	26.24	32.17	103.9	26.17	32.17	104.6	26.17	32.17	104.6
7/06/2018 10:44:37 AM	3611177077	1013.00	26.16	32.18	104.7	26.21	32.18	104.2	26.12	32.18	105.1	26.16	32.18	104.7
7/06/2018 10:44:38 AM	3611177078	1013.00	26.19	32.17	104.4	26.20	32.17	104.3	26.08	32.17	105.5	26.16	32.17	104.7
7/06/2018 10:44:39 AM	3611177079	1013.00	26.16	32.17	104.7	26.22	32.17	104.1	26.13	32.17	105.0	26.16	32.17	104.7
7/06/2018 10:44:40 AM	3611177080	1013.00	26.16	32.18	104.7	26.22	32.18	104.1	26.14	32.18	104.9	26.14	32.18	104.9
7/06/2018 10:44:41 AM	3611177081	1013.00	26.18	32.17	104.5	26.21	32.17	104.2	26.13	32.17	105.0	26.16	32.17	104.7
7/06/2018 10:44:42 AM	3611177082	1013.00	26.16	32.17	104.7	26.22	32.17	104.1	26.17	32.17	104.6	26.20	32.17	104.3
7/06/2018 10:44:43 AM	3611177083	1013.00	26.19	32.17	104.4	26.20	32.17	104.3	26.11	32.17	105.2	26.19	32.17	104.4
7/06/2018 10:44:44 AM	3611177084	1013.00	26.17	32.16	104.6	26.20	32.16	104.3	26.13	32.16	105.0	26.16	32.16	104.7
7/06/2018 10:44:45 AM	3611177085	1013.00	26.16	32.16	104.7	26.17	32.16	104.6	26.13	32.16	105.0	26.15	32.16	104.8
7/06/2018 10:44:46 AM	3611177086	1013.00	26.20	32.17	104.3	26.21	32.17	104.2	26.17	32.17	104.6	26.16	32.17	104.7
7/06/2018 10:44:47 AM	3611177087	1013.00	26.18	32.16	104.5	26.23	32.16	104.0	26.14	32.16	104.9	26.16	32.16	104.7
7/06/2018 10:44:48 AM	3611177088	1013.00	26.21	32.17	104.2	26.19	32.17	104.4	26.12	32.17	105.1	26.16	32.17	104.7
7/06/2018 10:44:49 AM	3611177089	1013.00	26.18	32.16	104.5	26.24	32.16	103.9	26.14	32.16	104.9	26.16	32.16	104.7
7/06/2018 10:44:50 AM	3611177090	1013.00	26.20	32.16	104.3	26.24	32.16	103.9	26.17	32.16	104.6	26.13	32.16	105.0
7/06/2018 10:44:51 AM	3611177091	1013.00	26.17	32.16	104.6	26.26	32.16	103.7	26.14	32.16	104.9	26.14	32.16	104.9
7/06/2018 10:44:52 AM	3611177092	1013.00	26.18	32.16	104.5	26.23	32.16	104.0	26.14	32.16	104.9	26.17	32.16	104.6
7/06/2018 10:44:53 AM	3611177093	1013.00	26.19	32.16	104.4	26.19	32.16	104.4	26.17	32.16	104.6	26.16	32.16	104.7
7/06/2018 10:44:54 AM	3611177094	1013.00	26.21	32.17	104.2	26.22	32.17	104.1	26.15	32.17	104.8	26.18	32.17	104.5
7/06/2018 10:44:55 AM	3611177095	1013.00	26.18	32.17	104.5	26.26	32.17	103.7	26.19	32.17	104.4	26.14	32.17	104.9
7/06/2018 10:44:56 AM	3611177096	1013.00	26.20	32.17	104.3	26.27	32.17	103.6	26.18	32.17	104.5	26.18	32.17	104.5
7/06/2018 10:44:57 AM	3611177097	1013.00	26.19	32.16	104.4	26.22	32.16	104.1	26.15	32.16	104.8	26.17	32.16	104.6
7/06/2018 10:44:58 AM	3611177098	1013.00	26.20	32.16	104.3	26.24	32.16	103.9	26.13	32.16	105.0	26.19	32.16	104.4
7/06/2018 10:44:59 AM	3611177099	1013.00	26.21	32.16	104.2	26.26	32.16	103.7	26.15	32.16	104.8	26.17	32.16	104.6
7/06/2018 10:45:00 AM	3611177100	1013.00	26.19	32.17	104.4	26.20	32.17	104.3	26.15	32.17	104.8	26.18	32.17	104.5
7/06/2018 10:45:01 AM	3611177101	1013.00	26.20	32.17	104.3	26.26	32.17	103.7	26.19	32.17	104.4	26.16	32.17	104.7
7/06/2018 10:45:02 AM	3611177102	1013.00	26.20	32.18	104.3	26.26	32.18	103.7	26.16	32.18	104.7	26.18	32.18	104.5
7/06/2018 10:45:03 AM	3611177103	1013.00	26.22	32.18	104.1	26.27	32.18	103.6	26.17	32.18	104.6	26.17	32.18	104.6
7/06/2018 10:45:04 AM	3611177104	1013.00	26.22	32.18	104.1	26.25	32.18	103.8	26.18	32.18	104.5	26.20	32.18	104.3
7/06/2018 10:45:05 AM	3611177105	1013.00	26.22	32.18	104.1	26.26	32.18	103.7	26.15	32.18	104.8	26.19	32.18	104.4
7/06/2018 10:45:06 AM	3611177106	1013.00	26.19	32.18	104.4	26.25	32.18	103.8	26.15	32.18	104.8	26.16	32.18	104.7
7/06/2018 10:45:07 AM	3611177107	1013.00	26.23	32.18	104.0	26.26	32.18	103.7	26.20	32.18	104.3	26.19	32.18	104.4
7/06/2018 10:45:08 AM	3611177108	1013.00	26.22	32.19	104.1	26.26	32.19	103.7	26.16	32.19	104.7	26.19	32.19	104.4
7/06/2018 10:45:09 AM	3611177109	1013.00	26.22	32.18	104.1	26.27	32.18	103.6	26.15	32.18	104.8	26.21	32.18	104.2
7/06/2018 10:45:10 AM	3611177110	1013.00	26.22	32.19	104.1	26.26	32.19	103.7	26.16	32.19	104.7	26.18	32.19	104.5
7/06/2018 10:45:11 AM	3611177111	1013.00	26.22	32.20	104.1	26.25	32.20	103.8	26.19	32.20	104.4	26.16	32.20	104.7
7/06/2018 10:45:12 AM	3611177112	1013.00	26.20	32.19	104.3	26.22	32.19	104.1	26.19	32.19	104.4	26.17	32.19	104.6
7/06/2018 10:45:13 AM	3611177113	1013.00	26.24	32.20	103.9	26.24	32.20	103.9	26.16	32.20	104.7	26.18	32.20	104.5
7/06/2018 10:45:14 AM	3611177114	1013.00	26.25	32.20	103.8	26.25	32.20	103.8	26.19	32.20	104.4	26.16	32.20	104.7
7/06/2018 10:45:15 AM	3611177115	1013.00	26.26	32.19	103.7	26.31	32.19	103.2	26.14	32.19	104.9	26.16	32.19	104.7
7/06/2018 10:45:16 AM	3611177116	1013.00	26.22	32.19	104.1	26.28	32.19	103.5	26.21	32.19	104.2	26.15	32.19	104.8
7/06/2018 10:45:17 AM	3611177117	1013.00	26.28	32.19	103.5	26.25	32.19	103.8	26.16	32.19	104.7	26.15	32.19	104.8
7/06/2018 10:45:18 AM	3611177118	1013.00	26.23	32.18	104.0	26.29	32.18	103.4	26.15	32.18	104.8	26.17	32.18	104.6
7/06/2018 10:45:19 AM	3611177119	1013.00	26.24	32.18	103.9	26.25	32.18	103.8	26.15	32.18	104.8	26.17	32.18	104.6
7/06/2018 10:45:20 AM	3611177120	1013.00	26.25	32.18	103.8	26.31	32.18	103.2	26.18	32.18	104.5	26.16	32.18	104.7
7/06/2018 10:45:21 AM	3611177121	1013.00	26.24	32.18	103.9	26.29	32.18	103.4	26.21	32.18	104.2	26.17	32.18	104.6
7/06/2018 10:45:22 AM	3611177122	1013.00	26.25	32.18	103.8	26.32	32.18	103.1	26.19	32.18	104.4	26.19	32.18	104.4
7/06/2018 10:45:23 AM	3611177123	1013.00	26.28	32.18	103.5	26.29	32.18	103.4	26.16	32.18	104.7	26.20	32.18	104.3
7/06/2018 10:45:24 AM	3611177124	1013.00	26.25	32.18	103.8	26.29	32.18	103.4	26.18	32.18	104.5	26.17	32.18	104.6
7/06/2018 10:45:25 AM	3611177125	1013.00	26.24	32.18	103.9	26.30	32.18	103.3	26.18	32.18	104.5	26.16	32.18	104.7
7/06/2018 10:45:26 AM	3611177126	1013.00	26.27	32.18	103.6	26.29	32.18	103.4	26.19	32.18	104.4	26.17	32.18	104.6
7/06/2018 10:45:27 AM	3611177127	1013.00	26.24	32.19	103.9	26.31	32.19	103.2	26.16	32.19	104.7	26.17	32.19	104.6
7/06/2018 10:45:28 AM	3611177128	1013.00	26.25	32.18	103.8	26.33	32.18	103.0	26.17	32.18	104.6	26.16	32.18	104.7
7/06/2018 10:45:29 AM	3611177129	1013.00	26.28	32.18	103.5	26.32	32.18	103.1	26.19	32.18	104.4	26.19	32.18	104.4
7/06/2018 10:45:30 AM	3611177130	1013.00	26.26	32.18	103.7	26.31	32.18	103.2	26.20	32.18	104.3	26.15	32.18	104.8
7/06/2018 10:45:31 AM	3611177131	1013.00	26.29	32.18	103.4	26.31	32.18	103.2	26.18	32.18	104.5	26.17	32.18	104.6
7/06/2018 10:45:32 AM	3611177132	1013.00	26.27	32.18	103.6	26.31	32.18	103.2	26.19	32.18	104.4	26.21	32.18	104.2
7/06/2018 10:45:33 AM	3611177133	1013.00	26.26	32.18	103.7	26.27	32.18	103.6	26.17	32.18	104.6	26.16	32.18	104.7
7/06/2018 10:45:34 AM	3611177134	1013.00	26.31	32.18	103.2	26.36	32.18	102.7	26.23	32.18	104.0	26.17	32.18	104.6
7/06/2018 10:45:35 AM	3611177135	1013.00	26.30	32.18	103.3	26.33	32.18	103.0	26.22	32.18	104.1	26.18	32.18	104.5
7/06/2018 10:45:36 AM	3611177136	1013.00	26.28	32.17	103.5	26.36	32.17	102.7	26.22	32.17	104.1	26.17	32.17	104.6
7/06/2018 10:45:37 AM	3611177137	1013.00	26.27	32.17	103.6	26.35	32.17	102.8	26.23	32.17	104.0	26.18	32.17	104.5
7/06/2018 10:45:38 AM	3611177138	1013.00	26.26	32.18	103.7	26.33	32.18	103.0	26.26	32.18	103.7	26.17	32.18	104.6
7/06/2018 10:45:39 AM	3611177139	1013.00	26.29	32.17	103.4	26.32	32.17	103.1	26.19	32.17	104.4	26.19	32.17	104.4
7/06/2018 10:45:40 AM	3611177140	1013.00	26.28	32.18	103.5	26.37	32.18	102.6	26.20	32.18	104.3	26.18	32.18	104.5
7/06/2018 10:45:41 AM	3611177141	1013.00	26.30	32.18	103.3	26.34	32.18	102.9	26.25	32.18	103.8	26.16	32.18	104.7
7/06/2018 10:45:42 AM	3611177142	1013.00	26.30	32.18	103.3	26.35	32.18	102.8	26.21	32.18	104.2	26.16	32.18	104.7
7/06/2018 10:45:43 AM	3611177143	1013.00	26.29	32.18	103.4	26.37	32.18	102.6	26.20	32.18	104.3	26.17	32.18	104.6
7/06/2018 10:45:44 AM	3611177144	1013.00	26.30	32.18	103.3	26.36	32.18	102.7	26.22	32.18	104.1	26.20	32.18	104.3
7/06/2018 10:45:45 AM	3611177145	1013.00	26.29	32.18	103.4	26.35	32.18	102.8	26.25	32.18	103.8	26.17	32.18	104.6
7/06/2018 10:45:46 AM	3611177146	1013.00	26.31	32.18	103.2	26.33	32.18	103.0	26.24	32.18	103.9	26.19	32.18	104.4
7/06/2018 10:45:47 AM	3611177147	1013.00	26.31	32.19	103.2	26.38	32.19	102.5	26.24	32.19	103.9	26.16	32.19	104.7
7/06/2018 10:45:48 AM	3611177148	1013.00	26.30	32.19	103.3	26.39	32.19	102.4	26.21	32.19	104.2	26.18	32.19	104.5
7/06/2018 10:45:49 AM	3611177149	1013.00	26.31	32.19	103.2	26.39	32.19	102.4	26.21	32.19	104.2	26.19	32.19	104.4
7/06/2018 10:45:50 AM	3611177150	1013.00	26.33	32.18	103.0	26.36	32.18	102.7	26.21	32.18	104.2	26.16	32.18	104.7
7/06/2018 10:45:51 AM	3611177151	1013.00	26.32	32.18	103.1	26.37	32.18	102.6	26.25	32.18	103.8	26.15	32.18	104.8
7/06/2018 10:45:52 AM	3611177152	1013.00	26.33	32.18	103.0	26.37	32.18	102.6	26.22	32.18	104.1	26.19	32.18	104.4
7/06/2018 10:45:53 AM	3611177153	1013.00	26.31	32.18	103.2	26.35	32.18	102.8	26.24	32.18	103.9	26.17	32.18	104.6
7/06/2018 10:45:54 AM	3611177154	1013.00	26.34	32.17	102.9	26.39	32.17	102.4	26.26	32.17	103.7	26.19	32.17	104.4
7/06/2018 10:45:55 AM	3611177155	1013.00	26.36	32.18	102.7	26.34	32.18	102.9	26.23	32.18	104.0	26.21	32.18	104.2
7/06/2018 10:45:56 AM	3611177156	1013.00	26.35	32.18	102.8	26.38	32.18	102.5	26.25	32.18	103.8	26.17	32.18	104.6
7/06/2018 10:45:57 AM	3611177157	1013.00	26.38	32.18	102.5	26.39	32.18	102.4	26.25	32.18	103.8	26.20	32.18	104.3
7/06/2018 10:45:58 AM	3611177158	1013.00	26.37	32.18	102.6	26.43	32.18	102.0	26.24	32.18	103.9	26.18	32.18	104.5
7/06/2018 10:45:59 AM	3611177159	1013.00	26.36	32.18	102.7	26.39	32.18	102.4	26.25	32.18	103.8	26.15	32.18	104.8
7/06/2018 10:46:00 AM	3611177160	1013.00	26.37	32.19	102.6	26.43	32.19	102.0	26.24	32.19	103.9	26.19	32.19	104.4
7/06/2018 10:46:01 AM	3611177161	1013.00	26.38	32.19	102.5	26.39	32.19	102.4	26.26	32.19	103.7	26.16	32.19	104.7
7/06/2018 10:46:02 AM	3611177162	1013.00	26.40	32.19	102.3	26.36	32.19	102.7	26.24	32.19	103.9	26.17	32.19	104.6
7/06/2018 10:46:03 AM	3611177163	1013.00	26.38	32.19	102.5	26.36	32.19	102.7	26.29	32.19	103.4	26.19	32.19	104.4
7/06/2018 10:46:04 AM	3611177164	1013.00	26.38	32.19	102.5	26.41	32.19	102.2	26.22	32.19	104.1	26.20	32.19	104.3
7/06/2018 10:46:05 AM	3611177165	1013.00	26.41	32.19	102.2	26.40	32.19	102.3	26.26	32.19	103.7	26.20	32.19	104.3
7/06/2018 10:46:06 AM	3611177166	1013.00	26.40	32.19	102.3	26.40	32.19	102.3	26.27	32.19	103.6	26.17	32.19	104.6
7/06/2018 10:46:07 AM	3611177167	1013.00	26.40	32.20	102.3	26.42	32.20	102.1	26.30	32.20	103.3	26.18	32.20	104.5
7/06/2018 10:46:08 AM	3611177168	1013.00	26.41	32.20	102.2	26.35	32.20	102.8	26.27	32.20	103.6	26.19	32.20	104.4
7/06/2018 10:46:09 AM	3611177169	1013.00	26.38	32.20	102.5	26.37	32.20	102.6	26.27	32.20	103.6	26.16	32.20	104.7
7/06/2018 10:46:10 AM	3611177170	1013.00	26.38	32.20	102.5	26.39	32.20	102.4	26.28	32.20	103.5	26.20	32.20	104.3
7/06/2018 10:46:11 AM	3611177171	1013.00	26.42	32.20	102.1	26.44	32.20	101.9	26.25	32.20	103.8	26.19	32.20	104.4
7/06/2018 10:46:12 AM	3611177172	1013.00	26.41	32.20	102.2	26.40	32.20	102.3	26.32	32.20	103.1	26.18	32.20	104.5
7/06/2018 10:46:13 AM	3611177173	1013.00	26.41	32.20	102.2	26.43	32.20	102.0	26.30	32.20	103.3	26.17	32.20	104.6
7/06/2018 10:46:14 AM	3611177174	1013.00	26.39	32.20	102.4	26.45	32.20	101.8	26.26	32.20	103.7	26.21	32.20	104.2
7/06/2018 10:46:15 AM	3611177175	1013.00	26.42	32.20	102.1	26.45	32.20	101.8	26.26	32.20	103.7	26.17	32.20	104.6
7/06/2018 10:46:16 AM	3611177176	1013.00	26.41	32.19	102.2	26.42	32.19	102.1	26.27	32.19	103.6	26.20	32.19	104.3
7/06/2018 10:46:17 AM	3611177177	1013.00	26.41	32.19	102.2	26.44	32.19	101.9	26.30	32.19	103.3	26.18	32.19	104.5
7/06/2018 10:46:18 AM	3611177178	1013.00	26.41	32.18	102.2	26.44	32.18	101.9	26.27	32.18	103.6	26.19	32.18	104.4
7/06/2018 10:46:19 AM	3611177179	1013.00	26.41	32.19	102.2	26.42	32.19	102.1	26.26	32.19	103.7	26.19	32.19	104.4
7/06/2018 10:46:20 AM	3611177180	1013.00	26.40	32.19	102.3	26.47	32.19	101.6	26.27	32.19	103.6	26.17	32.19	104.6
7/06/2018 10:46:21 AM	3611177181	1013.00	26.42	32.19	102.1	26.42	32.19	102.1	26.27	32.19	103.6	26.18	32.19	104.5
7/06/2018 10:46:22 AM	3611177182	1013.00	26.44	32.20	101.9	26.43	32.20	102.0	26.29	32.20	103.4	26.19	32.20	104.4
7/06/2018 10:46:23 AM	3611177183	1013.00	26.41	32.20	102.2	26.49	32.20	101.4	26.30	32.20	103.3	26.17	32.20	104.6
7/06/2018 10:46:24 AM	3611177184	1013.00	26.45	32.20	101.8	26.43	32.20	102.0	26.31	32.20	103.2	26.19	32.20	104.4
7/06/2018 10:46:25 AM	3611177185	1013.00	26.44	32.21	101.8	26.49	32.21	101.4	26.32	32.21	103.0	26.16	32.21	104.6
7/06/2018 10:46:26 AM	3611177186	1013.00	26.45	32.20	101.8	26.50	32.20	101.3	26.26	32.20	103.7	26.19	32.20	104.4
7/06/2018 10:46:27 AM	3611177187	1013.00	26.46	32.20	101.7	26.46	32.20	101.7	26.34	32.20	102.9	26.19	32.20	104.4
7/06/2018 10:46:28 AM	3611177188	1013.00	26.42	32.20	102.1	26.52	32.20	101.1	26.32	32.20	103.1	26.19	32.20	104.4
7/06/2018 10:46:29 AM	3611177189	1013.00	26.42	32.20	102.1	26.49	32.20	101.4	26.28	32.20	103.5	26.19	32.20	104.4
7/06/2018 10:46:30 AM	3611177190	1013.00	26.44	32.20	101.9	26.47	32.20	101.6	26.30	32.20	103.3	26.18	32.20	104.5
7/06/2018 10:46:31 AM	3611177191	1013.00	26.45	32.20	101.8	26.51	32.20	101.2	26.29	32.20	103.4	26.20	32.20	104.3
7/06/2018 10:46:32 AM	3611177192	1013.00	26.46	32.20	101.7	26.51	32.20	101.2	26.29	32.20	103.4	26.19	32.20	104.4
7/06/2018 10:46:33 AM	3611177193	1013.00	26.45	32.19	101.8	26.45	32.19	101.8	26.35	32.19	102.8	26.17	32.19	104.6
7/06/2018 10:46:34 AM	3611177194	1013.00	26.47	32.19	101.6	26.50	32.19	101.3	26.34	32.19	102.9	26.21	32.19	104.2
7/06/2018 10:46:35 AM	3611177195	1013.00	26.45	32.19	101.8	26.51	32.19	101.2	26.33	32.19	103.0	26.19	32.19	104.4
7/06/2018 10:46:36 AM	3611177196	1013.00	26.49	32.19	101.4	26.52	32.19	101.1	26.28	32.19	103.5	26.22	32.19	104.1
7/06/2018 10:46:37 AM	3611177197	1013.00	26.47	32.19	101.6	26.53	32.19	101.0	26.28	32.19	103.5	26.17	32.19	104.6
7/06/2018 10:46:38 AM	3611177198	1013.00	26.47	32.19	101.6	26.54	32.19	100.9	26.29	32.19	103.4	26.18	32.19	104.5
7/06/2018 10:46:39 AM	3611177199	1013.00	26.45	32.19	101.8	26.51	32.19	101.2	26.40	32.19	102.3	26.17	32.19	104.6
7/06/2018 10:46:40 AM	3611177200	1013.00	26.47	32.18	101.6	26.52	32.18	101.1	26.33	32.18	103.0	26.17	32.18	104.6
7/06/2018 10:46:41 AM	3611177201	1013.00	26.49	32.18	101.4	26.47	32.18	101.6	26.34	32.18	102.9	26.18	32.18	104.5
7/06/2018 10:46:42 AM	3611177202	1013.00	26.50	32.18	101.3	26.53	32.18	101.0	26.36	32.18	102.7	26.18	32.18	104.5
7/06/2018 10:46:43 AM	3611177203	1013.00	26.48	32.18	101.5	26.55	32.18	100.8	26.37	32.18	102.6	26.15	32.18	104.8
7/06/2018 10:46:44 AM	3611177204	1013.00	26.48	32.19	101.5	26.51	32.19	101.2	26.35	32.19	102.8	26.17	32.19	104.6
7/06/2018 10:46:45 AM	3611177205	1013.00	26.48	32.19	101.5	26.49	32.19	101.4	26.37	32.19	102.6	26.18	32.19	104.5
7/06/2018 10:46:46 AM	3611177206	1013.00	26.52	32.19	101.1	26.56	32.19	100.7	26.35	32.19	102.8	26.18	32.19	104.5
7/06/2018 10:46:47 AM	3611177207	1013.00	26.49	32.20	101.4	26.54	32.20	100.9	26.37	32.20	102.6	26.19	32.20	104.4
7/06/2018 10:46:48 AM	3611177208	1013.00	26.50	32.19	101.3	26.53	32.19	101.0	26.35	32.19	102.8	26.20	32.19	104.3
7/06/2018 10:46:49 AM	3611177209	1013.00	26.50	32.19	101.3	26.52	32.19	101.1	26.37	32.19	102.6	26.17	32.19	104.6
7/06/2018 10:46:50 AM	3611177210	1013.00	26.48	32.20	101.5	26.58	32.20	100.5	26.40	32.20	102.3	26.18	32.20	104.5
7/06/2018 10:46:51 AM	3611177211	1013.00	26.54	32.20	100.9	26.51	32.20	101.2	26.38	32.20	102.5	26.18	32.20	104.5
7/06/2018 10:46:52 AM	3611177212	1013.00	26.49	32.19	101.4	26.53	32.19	101.0	26.41	32.19	102.2	26.20	32.19	104.3
7/06/2018 10:46:53 AM	3611177213	1013.00	26.51	32.19	101.2	26.50	32.19	101.3	26.37	32.19	102.6	26.22	32.19	104.1
7/06/2018 10:46:54 AM	3611177214	1013.00	26.53	32.19	101.0	26.54	32.19	100.9	26.40	32.19	102.3	26.19	32.19	104.4
7/06/2018 10:46:55 AM	3611177215	1013.00	26.51	32.19	101.2	26.52	32.19	101.1	26.39	32.19	102.4	26.19	32.19	104.4
7/06/2018 10:46:56 AM	3611177216	1013.00	26.53	32.19	101.0	26.53	32.19	101.0	26.35	32.19	102.8	26.18	32.19	104.5
7/06/2018 10:46:57 AM	3611177217	1013.00	26.54	32.19	100.9	26.57	32.19	100.6	26.34	32.19	102.9	26.17	32.19	104.6
7/06/2018 10:46:58 AM	3611177218	1013.00	26.53	32.20	101.0	26.55	32.20	100.8	26.35	32.20	102.8	26.19	32.20	104.4
7/06/2018 10:46:59 AM	3611177219	1013.00	26.53	32.19	101.0	26.56	32.19	100.7	26.34	32.19	102.9	26.21	32.19	104.2
7/06/2018 10:47:00 AM	3611177220	1013.00	26.53	32.19	101.0	26.52	32.19	101.1	26.40	32.19	102.3	26.17	32.19	104.6
7/06/2018 10:47:01 AM	3611177221	1013.00	26.54	32.20	100.9	26.58	32.20	100.5	26.40	32.20	102.3	26.18	32.20	104.5
7/06/2018 10:47:02 AM	3611177222	1013.00	26.51	32.19	101.2	26.56	32.19	100.7	26.39	32.19	102.4	26.17	32.19	104.6
7/06/2018 10:47:03 AM	3611177223	1013.00	26.54	32.19	100.9	26.60	32.19	100.3	26.40	32.19	102.3	26.21	32.19	104.2
7/06/2018 10:47:04 AM	3611177224	1013.00	26.53	32.19	101.0	26.58	32.19	100.5	26.39	32.19	102.4	26.20	32.19	104.3
7/06/2018 10:47:05 AM	3611177225	1013.00	26.54	32.19	100.9	26.55	32.19	100.8	26.40	32.19	102.3	26.19	32.19	104.4
7/06/2018 10:47:06 AM	3611177226	1013.00	26.55	32.18	100.8	26.58	32.18	100.5	26.40	32.18	102.3	26.18	32.18	104.5
7/06/2018 10:47:07 AM	3611177227	1013.00	26.55	32.18	100.8	26.59	32.18	100.4	26.39	32.18	102.4	26.20	32.18	104.3
7/06/2018 10:47:08 AM	3611177228	1013.00	26.57	32.18	100.6	26.60	32.18	100.3	26.39	32.18	102.4	26.17	32.18	104.6
7/06/2018 10:47:09 AM	3611177229	1013.00	26.55	32.18	100.8	26.56	32.18	100.7	26.40	32.18	102.3	26.15	32.18	104.8
7/06/2018 10:47:10 AM	3611177230	1013.00	26.57	32.18	100.6	26.61	32.18	100.2	26.41	32.18	102.2	26.20	32.18	104.3
7/06/2018 10:47:11 AM	3611177231	1013.00	26.54	32.18	100.9	26.59	32.18	100.4	26.37	32.18	102.6	26.19	32.18	104.4
7/06/2018 10:47:12 AM	3611177232	1013.00	26.56	32.19	100.7	26.61	32.19	100.2	26.44	32.19	101.9	26.18	32.19	104.5
7/06/2018 10:47:13 AM	3611177233	1013.00	26.58	32.19	100.5	26.62	32.19	100.1	26.41	32.19	102.2	26.18	32.19	104.5
7/06/2018 10:47:14 AM	3611177234	1013.00	26.59	32.20	100.4	26.64	32.20	99.9	26.40	32.20	102.3	26.16	32.20	104.7
7/06/2018 10:47:15 AM	3611177235	1013.00	26.56	32.20	100.7	26.63	32.20	100.0	26.40	32.20	102.3	26.17	32.20	104.6
7/06/2018 10:47:16 AM	3611177236	1013.00	26.58	32.20	100.5	26.59	32.20	100.4	26.43	32.20	102.0	26.19	32.20	104.4
7/06/2018 10:47:17 AM	3611177237	1013.00	26.59	32.20	100.4	26.64	32.20	99.9	26.44	32.20	101.9	26.16	32.20	104.7
7/06/2018 10:47:18 AM	3611177238	1013.00	26.58	32.19	100.5	26.61	32.19	100.2	26.45	32.19	101.8	26.18	32.19	104.5
7/06/2018 10:47:19 AM	3611177239	1013.00	26.55	32.19	100.8	26.64	32.19	99.9	26.43	32.19	102.0	26.16	32.19	104.7
7/06/2018 10:47:20 AM	3611177240	1013.00	26.60	32.19	100.3	26.62	32.19	100.1	26.42	32.19	102.1	26.19	32.19	104.4
7/06/2018 10:47:21 AM	3611177241	1013.00	26.59	32.18	100.4	26.62	32.18	100.2	26.42	32.18	102.1	26.18	32.18	104.5
7/06/2018 10:47:22 AM	3611177242	1013.00	26.57	32.18	100.6	26.66	32.18	99.8	26.43	32.18	102.0	26.22	32.18	104.1
7/06/2018 10:47:23 AM	3611177243	1013.00	26.59	32.18	100.4	26.66	32.18	99.8	26.44	32.18	101.9	26.20	32.18	104.3
7/06/2018 10:47:24 AM	3611177244	1013.00	26.58	32.18	100.5	26.66	32.18	99.8	26.43	32.18	102.0	26.22	32.18	104.1
7/06/2018 10:47:25 AM	3611177245	1013.00	26.59	32.18	100.4	26.64	32.18	100.0	26.49	32.18	101.4	26.21	32.18	104.2
7/06/2018 10:47:26 AM	3611177246	1013.00	26.59	32.19	100.4	26.70	32.19	99.4	26.41	32.19	102.2	26.16	32.19	104.7
7/06/2018 10:47:27 AM	3611177247	1013.00	26.57	32.19	100.6	26.62	32.19	100.1	26.43	32.19	102.0	26.18	32.19	104.5
7/06/2018 10:47:28 AM	3611177248	1013.00	26.58	32.19	100.5	26.66	32.19	99.8	26.47	32.19	101.6	26.19	32.19	104.4
7/06/2018 10:47:29 AM	3611177249	1013.00	26.58	32.19	100.5	26.66	32.19	99.8	26.47	32.19	101.6	26.17	32.19	104.6
7/06/2018 10:47:30 AM	3611177250	1013.00	26.59	32.20	100.4	26.69	32.20	99.4	26.47	32.20	101.6	26.18	32.20	104.5
7/06/2018 10:47:31 AM	3611177251	1013.00	26.57	32.20	100.6	26.70	32.20	99.4	26.48	32.20	101.5	26.15	32.20	104.8
7/06/2018 10:47:32 AM	3611177252	1013.00	26.57	32.20	100.6	26.68	32.20	99.5	26.46	32.20	101.7	26.18	32.20	104.5
7/06/2018 10:47:33 AM	3611177253	1013.00	26.60	32.20	100.3	26.71	32.20	99.3	26.46	32.20	101.7	26.15	32.20	104.8
7/06/2018 10:47:34 AM	3611177254	1013.00	26.60	32.20	100.3	26.68	32.20	99.5	26.43	32.20	102.0	26.15	32.20	104.8
7/06/2018 10:47:35 AM	3611177255	1013.00	26.59	32.19	100.4	26.65	32.19	99.8	26.46	32.19	101.7	26.18	32.19	104.5
7/06/2018 10:47:36 AM	3611177256	1013.00	26.59	32.19	100.4	26.69	32.19	99.5	26.51	32.19	101.2	26.21	32.19	104.2
7/06/2018 10:47:37 AM	3611177257	1013.00	26.59	32.20	100.4	26.69	32.20	99.4	26.47	32.20	101.6	26.18	32.20	104.5
7/06/2018 10:47:38 AM	3611177258	1013.00	26.64	32.20	99.9	26.69	32.20	99.4	26.51	32.20	101.2	26.17	32.20	104.6
7/06/2018 10:47:39 AM	3611177259	1013.00	26.64	32.20	99.9	26.70	32.20	99.4	26.46	32.20	101.7	26.18	32.20	104.5
7/06/2018 10:47:40 AM	3611177260	1013.00	26.64	32.20	99.9	26.74	32.20	99.0	26.45	32.20	101.8	26.19	32.20	104.4
7/06/2018 10:47:41 AM	3611177261	1013.00	26.63	32.20	100.0	26.71	32.20	99.3	26.48	32.20	101.5	26.19	32.20	104.4
7/06/2018 10:47:42 AM	3611177262	1013.00	26.59	32.20	100.4	26.68	32.20	99.5	26.43	32.20	102.0	26.21	32.20	104.2
7/06/2018 10:47:43 AM	3611177263	1013.00	26.63	32.19	100.0	26.69	32.19	99.5	26.48	32.19	101.5	26.18	32.19	104.5
7/06/2018 10:47:44 AM	3611177264	1013.00	26.63	32.19	100.0	26.70	32.19	99.4	26.50	32.19	101.3	26.20	32.19	104.3
7/06/2018 10:47:45 AM	3611177265	1013.00	26.64	32.20	99.9	26.70	32.20	99.4	26.52	32.20	101.1	26.18	32.20	104.5
7/06/2018 10:47:46 AM	3611177266	1013.00	26.65	32.19	99.8	26.72	32.19	99.2	26.50	32.19	101.3	26.18	32.19	104.5
7/06/2018 10:47:47 AM	3611177267	1013.00	26.65	32.19	99.8	26.70	32.19	99.4	26.51	32.19	101.2	26.21	32.19	104.2
7/06/2018 10:47:48 AM	3611177268	1013.00	26.65	32.19	99.8	26.74	32.19	99.0	26.55	32.19	100.8	26.21	32.19	104.2
7/06/2018 10:47:49 AM	3611177269	1013.00	26.66	32.19	99.8	26.69	32.19	99.5	26.50	32.19	101.3	26.20	32.19	104.3
7/06/2018 10:47:50 AM	3611177270	1013.00	26.63	32.19	100.0	26.72	32.19	99.2	26.54	32.19	100.9	26.18	32.19	104.5
7/06/2018 10:47:51 AM	3611177271	1013.00	26.63	32.19	100.0	26.75	32.19	98.9	26.52	32.19	101.1	26.18	32.19	104.5
7/06/2018 10:47:52 AM	3611177272	1013.00	26.64	32.19	99.9	26.72	32.19	99.2	26.48	32.19	101.5	26.17	32.19	104.6
7/06/2018 10:47:53 AM	3611177273	1013.00	26.67	32.19	99.7	26.72	32.19	99.2	26.45	32.19	101.8	26.20	32.19	104.3
7/06/2018 10:47:54 AM	3611177274	1013.00	26.64	32.19	99.9	26.70	32.19	99.4	26.47	32.19	101.6	26.21	32.19	104.2
7/06/2018 10:47:55 AM	3611177275	1013.00	26.68	32.19	99.6	26.77	32.19	98.7	26.51	32.19	101.2	26.19	32.19	104.4
7/06/2018 10:47:56 AM	3611177276	1013.00	26.69	32.20	99.4	26.75	32.20	98.9	26.55	32.20	100.8	26.18	32.20	104.5
7/06/2018 10:47:57 AM	3611177277	1013.00	26.68	32.19	99.6	26.75	32.19	98.9	26.52	32.19	101.1	26.16	32.19	104.7
7/06/2018 10:47:58 AM	3611177278	1013.00	26.64	32.20	99.9	26.74	32.20	99.0	26.56	32.20	100.7	26.21	32.20	104.2
7/06/2018 10:47:59 AM	3611177279	1013.00	26.67	32.20	99.6	26.73	32.20	99.1	26.52	32.20	101.1	26.19	32.20	104.4
7/06/2018 10:48:00 AM	3611177280	1013.00	26.68	32.20	99.5	26.75	32.20	98.9	26.55	32.20	100.8	26.18	32.20	104.5
7/06/2018 10:48:01 AM	3611177281	1013.00	26.67	32.20	99.6	26.75	32.20	98.9	26.55	32.20	100.8	26.21	32.20	104.2
7/06/2018 10:48:02 AM	3611177282	1013.00	26.67	32.19	99.7	26.71	32.19	99.3	26.52	32.19	101.1	26.20	32.19	104.3
7/06/2018 10:48:03 AM	3611177283	1013.00	26.68	32.19	99.6	26.75	32.19	98.9	26.51	32.19	101.2	26.19	32.19	104.4
7/06/2018 10:48:04 AM	3611177284	1013.00	26.68	32.19	99.6	26.76	32.19	98.8	26.50	32.19	101.3	26.20	32.19	104.3
7/06/2018 10:48:05 AM	3611177285	1013.00	26.71	32.18	99.3	26.73	32.18	99.1	26.55	32.18	100.8	26.20	32.18	104.3
7/06/2018 10:48:06 AM	3611177286	1013.00	26.69	32.19	99.5	26.76	32.19	98.8	26.53	32.19	101.0	26.21	32.19	104.2
7/06/2018 10:48:07 AM	3611177287	1013.00	26.71	32.19	99.3	26.72	32.19	99.2	26.57	32.19	100.6	26.20	32.19	104.3
7/06/2018 10:48:08 AM	3611177288	1013.00	26.69	32.19	99.5	26.78	32.19	98.6	26.54	32.19	100.9	26.19	32.19	104.4
7/06/2018 10:48:09 AM	3611177289	1013.00	26.69	32.19	99.5	26.81	32.19	98.3	26.59	32.19	100.4	26.15	32.19	104.8
7/06/2018 10:48:10 AM	3611177290	1013.00	26.71	32.19	99.3	26.76	32.19	98.8	26.60	32.19	100.3	26.21	32.19	104.2
7/06/2018 10:48:11 AM	3611177291	1013.00	26.70	32.19	99.4	26.76	32.19	98.8	26.57	32.19	100.6	26.18	32.19	104.5
7/06/2018 10:48:12 AM	3611177292	1013.00	26.71	32.19	99.3	26.81	32.19	98.3	26.55	32.19	100.8	26.20	32.19	104.3
7/06/2018 10:48:13 AM	3611177293	1013.00	26.73	32.18	99.1	26.77	32.18	98.7	26.59	32.18	100.4	26.21	32.18	104.2
7/06/2018 10:48:14 AM	3611177294	1013.00	26.72	32.19	99.2	26.80	32.19	98.4	26.55	32.19	100.8	26.22	32.19	104.1
7/06/2018 10:48:15 AM	3611177295	1013.00	26.71	32.18	99.3	26.78	32.18	98.6	26.58	32.18	100.5	26.21	32.18	104.2
7/06/2018 10:48:16 AM	3611177296	1013.00	26.73	32.18	99.1	26.81	32.18	98.3	26.56	32.18	100.7	26.17	32.18	104.6
7/06/2018 10:48:17 AM	3611177297	1013.00	26.73	32.18	99.1	26.77	32.18	98.7	26.58	32.18	100.5	26.21	32.18	104.2
7/06/2018 10:48:18 AM	3611177298	1013.00	26.72	32.19	99.2	26.86	32.19	97.9	26.57	32.19	100.6	26.19	32.19	104.4
7/06/2018 10:48:19 AM	3611177299	1013.00	26.71	32.18	99.3	26.81	32.18	98.3	26.59	32.18	100.4	26.22	32.18	104.1
7/06/2018 10:48:20 AM	3611177300	1013.00	26.72	32.19	99.2	26.86	32.19	97.9	26.55	32.19	100.8	26.18	32.19	104.5
7/06/2018 10:48:21 AM	3611177301	1013.00	26.74	32.19	99.0	26.84	32.19	98.0	26.58	32.19	100.5	26.18	32.19	104.5
7/06/2018 10:48:22 AM	3611177302	1013.00	26.75	32.19	98.9	26.84	32.19	98.0	26.57	32.19	100.6	26.18	32.19	104.5
7/06/2018 10:48:23 AM	3611177303	1013.00	26.74	32.20	99.0	26.84	32.20	98.0	26.56	32.20	100.7	26.17	32.20	104.6
7/06/2018 10:48:24 AM	3611177304	1013.00	26.73	32.20	99.1	26.87	32.20	97.8	26.61	32.20	100.2	26.19	32.20	104.4
7/06/2018 10:48:25 AM	3611177305	1013.00	26.76	32.20	98.8	26.82	32.20	98.2	26.58	32.20	100.5	26.15	32.20	104.8
7/06/2018 10:48:26 AM	3611177306	1013.00	26.73	32.20	99.1	26.86	32.20	97.8	26.61	32.20	100.2	26.22	32.20	104.1
7/06/2018 10:48:27 AM	3611177307	1013.00	26.75	32.20	98.9	26.82	32.20	98.2	26.60	32.20	100.3	26.17	32.20	104.6
7/06/2018 10:48:28 AM	3611177308	1013.00	26.76	32.19	98.8	26.87	32.19	97.8	26.60	32.19	100.3	26.22	32.19	104.1
7/06/2018 10:48:29 AM	3611177309	1013.00	26.76	32.20	98.8	26.86	32.20	97.8	26.61	32.20	100.2	26.21	32.20	104.2
7/06/2018 10:48:30 AM	3611177310	1013.00	26.74	32.20	99.0	26.84	32.20	98.0	26.64	32.20	99.9	26.19	32.20	104.4
7/06/2018 10:48:31 AM	3611177311	1013.00	26.75	32.20	98.9	26.88	32.20	97.7	26.61	32.20	100.2	26.21	32.20	104.2
7/06/2018 10:48:32 AM	3611177312	1013.00	26.74	32.20	99.0	26.89	32.20	97.6	26.60	32.20	100.3	26.22	32.20	104.1
7/06/2018 10:48:33 AM	3611177313	1013.00	26.77	32.19	98.7	26.86	32.19	97.9	26.68	32.19	99.6	26.19	32.19	104.4
7/06/2018 10:48:34 AM	3611177314	1013.00	26.77	32.19	98.7	26.87	32.19	97.8	26.59	32.19	100.4	26.18	32.19	104.5
7/06/2018 10:48:35 AM	3611177315	1013.00	26.77	32.19	98.7	26.88	32.19	97.7	26.61	32.19	100.2	26.19	32.19	104.4
7/06/2018 10:48:36 AM	3611177316	1013.00	26.77	32.19	98.7	26.87	32.19	97.8	26.63	32.19	100.0	26.20	32.19	104.3
7/06/2018 10:48:37 AM	3611177317	1013.00	26.77	32.20	98.7	26.84	32.20	98.0	26.62	32.20	100.1	26.18	32.20	104.5
7/06/2018 10:48:38 AM	3611177318	1013.00	26.75	32.19	98.9	26.86	32.19	97.9	26.66	32.19	99.8	26.19	32.19	104.4
7/06/2018 10:48:39 AM	3611177319	1013.00	26.78	32.19	98.6	26.86	32.19	97.9	26.64	32.19	99.9	26.20	32.19	104.3
7/06/2018 10:48:40 AM	3611177320	1013.00	26.78	32.19	98.6	26.88	32.19	97.7	26.63	32.19	100.0	26.20	32.19	104.3
7/06/2018 10:48:41 AM	3611177321	1013.00	26.79	32.18	98.5	26.91	32.18	97.4	26.60	32.18	100.3	26.20	32.18	104.3
7/06/2018 10:48:42 AM	3611177322	1013.00	26.76	32.18	98.8	26.88	32.18	97.7	26.65	32.18	99.9	26.20	32.18	104.3
7/06/2018 10:48:43 AM	3611177323	1013.00	26.77	32.19	98.7	26.90	32.19	97.5	26.65	32.19	99.8	26.19	32.19	104.4
7/06/2018 10:48:44 AM	3611177324	1013.00	26.76	32.19	98.8	26.92	32.19	97.3	26.61	32.19	100.2	26.23	32.19	104.0
7/06/2018 10:48:45 AM	3611177325	1013.00	26.78	32.19	98.6	26.95	32.19	97.0	26.67	32.19	99.7	26.18	32.19	104.5
7/06/2018 10:48:46 AM	3611177326	1013.00	26.80	32.19	98.4	26.86	32.19	97.9	26.66	32.19	99.8	26.19	32.19	104.4
7/06/2018 10:48:47 AM	3611177327	1013.00	26.77	32.19	98.7	26.90	32.19	97.5	26.67	32.19	99.7	26.23	32.19	104.0
7/06/2018 10:48:48 AM	3611177328	1013.00	26.78	32.19	98.6	26.97	32.19	96.8	26.70	32.19	99.4	26.21	32.19	104.2
7/06/2018 10:48:49 AM	3611177329	1013.00	26.81	32.19	98.3	26.94	32.19	97.1	26.61	32.19	100.2	26.21	32.19	104.2
7/06/2018 10:48:50 AM	3611177330	1013.00	26.78	32.19	98.6	26.94	32.19	97.1	26.62	32.19	100.1	26.20	32.19	104.3
7/06/2018 10:48:51 AM	3611177331	1013.00	26.76	32.19	98.8	26.92	32.19	97.3	26.65	32.19	99.8	26.18	32.19	104.5
7/06/2018 10:48:52 AM	3611177332	1013.00	26.79	32.19	98.5	26.97	32.19	96.8	26.71	32.19	99.3	26.16	32.19	104.7
7/06/2018 10:48:53 AM	3611177333	1013.00	26.78	32.19	98.6	26.89	32.19	97.6	26.66	32.19	99.8	26.17	32.19	104.6
7/06/2018 10:48:54 AM	3611177334	1013.00	26.80	32.19	98.4	26.91	32.19	97.4	26.70	32.19	99.4	26.23	32.19	104.0
7/06/2018 10:48:55 AM	3611177335	1013.00	26.81	32.19	98.3	26.96	32.19	96.9	26.69	32.19	99.5	26.21	32.19	104.2
7/06/2018 10:48:56 AM	3611177336	1013.00	26.78	32.19	98.6	26.93	32.19	97.2	26.68	32.19	99.6	26.20	32.19	104.3
7/06/2018 10:48:57 AM	3611177337	1013.00	26.82	32.19	98.2	26.92	32.19	97.3	26.70	32.19	99.4	26.22	32.19	104.1
7/06/2018 10:48:58 AM	3611177338	1013.00	26.82	32.19	98.2	26.97	32.19	96.8	26.72	32.19	99.2	26.23	32.19	104.0
7/06/2018 10:48:59 AM	3611177339	1013.00	26.81	32.19	98.3	26.93	32.19	97.2	26.68	32.19	99.6	26.18	32.19	104.5
7/06/2018 10:49:00 AM	3611177340	1013.00	26.81	32.19	98.3	26.95	32.19	97.0	26.67	32.19	99.7	26.21	32.19	104.2
7/06/2018 10:49:01 AM	3611177341	1013.00	26.82	32.18	98.3	26.97	32.18	96.9	26.67	32.18	99.7	26.22	32.18	104.1
7/06/2018 10:49:02 AM	3611177342	1013.00	26.81	32.19	98.3	26.96	32.19	96.9	26.73	32.19	99.1	26.20	32.19	104.3
7/06/2018 10:49:03 AM	3611177343	1013.00	26.81	32.18	98.3	26.93	32.18	97.2	26.70	32.18	99.4	26.17	32.18	104.6
7/06/2018 10:49:04 AM	3611177344	1013.00	26.85	32.18	98.0	27.00	32.18	96.6	26.74	32.18	99.0	26.20	32.18	104.3
7/06/2018 10:49:05 AM	3611177345	1013.00	26.84	32.19	98.0	26.99	32.19	96.7	26.69	32.19	99.5	26.20	32.19	104.3
7/06/2018 10:49:06 AM	3611177346	1013.00	26.83	32.19	98.1	26.99	32.19	96.7	26.67	32.19	99.7	26.18	32.19	104.5
7/06/2018 10:49:07 AM	3611177347	1013.00	26.83	32.18	98.2	27.00	32.18	96.6	26.72	32.18	99.2	26.21	32.18	104.2
7/06/2018 10:49:08 AM	3611177348	1013.00	26.83	32.19	98.1	27.04	32.19	96.2	26.71	32.19	99.3	26.21	32.19	104.2
7/06/2018 10:49:09 AM	3611177349	1013.00	26.85	32.19	98.0	26.99	32.19	96.7	26.72	32.19	99.2	26.19	32.19	104.4
7/06/2018 10:49:10 AM	3611177350	1013.00	26.83	32.19	98.1	27.01	32.19	96.5	26.72	32.19	99.2	26.22	32.19	104.1
7/06/2018 10:49:11 AM	3611177351	1013.00	26.85	32.19	98.0	27.00	32.19	96.6	26.69	32.19	99.5	26.15	32.19	104.8
7/06/2018 10:49:12 AM	3611177352	1013.00	26.84	32.20	98.0	27.00	32.20	96.6	26.74	32.20	99.0	26.16	32.20	104.7
7/06/2018 10:49:13 AM	3611177353	1013.00	26.84	32.20	98.0	26.99	32.20	96.6	26.74	32.20	99.0	26.21	32.20	104.2
7/06/2018 10:49:14 AM	3611177354	1013.00	26.86	32.20	97.8	27.05	32.20	96.1	26.77	32.20	98.7	26.18	32.20	104.5
7/06/2018 10:49:15 AM	3611177355	1013.00	26.88	32.20	97.7	27.00	32.20	96.6	26.71	32.20	99.3	26.18	32.20	104.5
7/06/2018 10:49:16 AM	3611177356	1013.00	26.84	32.20	98.0	26.98	32.20	96.7	26.73	32.20	99.1	26.20	32.20	104.3
7/06/2018 10:49:17 AM	3611177357	1013.00	26.86	32.19	97.9	27.02	32.19	96.4	26.78	32.19	98.6	26.18	32.19	104.5
7/06/2018 10:49:18 AM	3611177358	1013.00	26.88	32.19	97.7	27.00	32.19	96.6	26.73	32.19	99.1	26.19	32.19	104.4
7/06/2018 10:49:19 AM	3611177359	1013.00	26.83	32.19	98.1	27.00	32.19	96.6	26.70	32.19	99.4	26.20	32.19	104.3
7/06/2018 10:49:20 AM	3611177360	1013.00	26.88	32.19	97.7	26.99	32.19	96.7	26.77	32.19	98.7	26.23	32.19	104.0
7/06/2018 10:49:21 AM	3611177361	1013.00	26.88	32.20	97.7	26.99	32.20	96.6	26.75	32.20	98.9	26.18	32.20	104.5
7/06/2018 10:49:22 AM	3611177362	1013.00	26.87	32.20	97.8	27.01	32.20	96.5	26.72	32.20	99.2	26.21	32.20	104.2
7/06/2018 10:49:23 AM	3611177363	1013.00	26.93	32.19	97.2	27.01	32.19	96.5	26.74	32.19	99.0	26.20	32.19	104.3
7/06/2018 10:49:24 AM	3611177364	1013.00	26.90	32.20	97.5	27.01	32.20	96.5	26.81	32.20	98.3	26.20	32.20	104.3
7/06/2018 10:49:25 AM	3611177365	1013.00	26.91	32.19	97.4	27.02	32.19	96.4	26.76	32.19	98.8	26.22	32.19	104.1
7/06/2018 10:49:26 AM	3611177366	1013.00	26.91	32.19	97.4	27.04	32.19	96.2	26.76	32.19	98.8	26.19	32.19	104.4
7/06/2018 10:49:27 AM	3611177367	1013.00	26.92	32.19	97.3	27.04	32.19	96.2	26.79	32.19	98.5	26.20	32.19	104.3
7/06/2018 10:49:29 AM	3611177369	1013.00	26.91	32.19	97.4	27.04	32.19	96.2	26.83	32.19	98.1	26.20	32.19	104.3
7/06/2018 10:49:29 AM	3611177369	1013.00	26.90	32.19	97.5	27.00	32.19	96.6	26.74	32.19	99.0	26.21	32.19	104.2
7/06/2018 10:49:30 AM	3611177370	1013.00	26.91	32.20	97.4	27.01	32.20	96.5	26.83	32.20	98.1	26.21	32.20	104.2
7/06/2018 10:49:31 AM	3611177371	1013.00	26.92	32.20	97.3	27.02	32.20	96.4	26.77	32.20	98.7	26.19	32.20	104.4
7/06/2018 10:49:32 AM	3611177372	1013.00	26.92	32.20	97.3	27.07	32.20	95.9	26.78	32.20	98.6	26.19	32.20	104.4
7/06/2018 10:49:33 AM	3611177373	1013.00	26.93	32.20	97.2	27.08	32.20	95.8	26.77	32.20	98.7	26.19	32.20	104.4
7/06/2018 10:49:34 AM	3611177374	1013.00	26.93	32.20	97.2	27.06	32.20	96.0	26.77	32.20	98.7	26.17	32.20	104.6
7/06/2018 10:49:35 AM	3611177375	1013.00	26.92	32.20	97.3	27.07	32.20	95.9	26.77	32.20	98.7	26.20	32.20	104.3
7/06/2018 10:49:36 AM	3611177376	1013.00	26.97	32.20	96.8	27.08	32.20	95.8	26.82	32.20	98.2	26.23	32.20	104.0
7/06/2018 10:49:37 AM	3611177377	1013.00	26.95	32.20	97.0	27.07	32.20	95.9	26.78	32.20	98.6	26.21	32.20	104.2
7/06/2018 10:49:38 AM	3611177378	1013.00	26.98	32.20	96.7	27.10	32.20	95.6	26.76	32.20	98.8	26.19	32.20	104.4
7/06/2018 10:49:39 AM	3611177379	1013.00	26.95	32.20	97.0	27.12	32.20	95.5	26.78	32.20	98.6	26.20	32.20	104.3
7/06/2018 10:49:40 AM	3611177380	1013.00	26.96	32.20	96.9	27.14	32.20	95.3	26.75	32.20	98.9	26.21	32.20	104.2
7/06/2018 10:49:41 AM	3611177381	1013.00	26.95	32.20	97.0	27.08	32.20	95.8	26.79	32.20	98.5	26.21	32.20	104.2
7/06/2018 10:49:42 AM	3611177382	1013.00	26.94	32.20	97.1	27.09	32.20	95.7	26.79	32.20	98.5	26.22	32.20	104.1
7/06/2018 10:49:43 AM	3611177383	1013.00	26.98	32.20	96.7	27.09	32.20	95.7	26.75	32.20	98.9	26.22	32.20	104.1
7/06/2018 10:49:44 AM	3611177384	1013.00	26.98	32.20	96.7	27.13	32.20	95.4	26.81	32.20	98.3	26.19	32.20	104.4
7/06/2018 10:49:45 AM	3611177385	1013.00	26.95	32.19	97.0	27.13	32.19	95.4	26.80	32.19	98.4	26.19	32.19	104.4
7/06/2018 10:49:46 AM	3611177386	1013.00	26.99	32.19	96.7	27.11	32.19	95.6	26.79	32.19	98.5	26.21	32.19	104.2
7/06/2018 10:49:47 AM	3611177387	1013.00	26.99	32.19	96.7	27.10	32.19	95.7	26.82	32.19	98.2	26.19	32.19	104.4
7/06/2018 10:49:48 AM	3611177388	1013.00	26.98	32.19	96.8	27.14	32.19	95.3	26.79	32.19	98.5	26.21	32.19	104.2
7/06/2018 10:49:49 AM	3611177389	1013.00	26.96	32.20	96.9	27.17	32.20	95.0	26.76	32.20	98.8	26.19	32.20	104.4
7/06/2018 10:49:50 AM	3611177390	1013.00	27.00	32.20	96.6	27.13	32.20	95.4	26.80	32.20	98.4	26.21	32.20	104.2
7/06/2018 10:49:51 AM	3611177391	1013.00	26.98	32.21	96.7	27.14	32.21	95.3	26.83	32.21	98.1	26.24	32.21	103.8
7/06/2018 10:49:52 AM	3611177392	1013.00	26.97	32.21	96.8	27.15	32.21	95.2	26.82	32.21	98.2	26.24	32.21	103.8
7/06/2018 10:49:53 AM	3611177393	1013.00	27.02	32.20	96.4	27.18	32.20	94.9	26.83	32.20	98.1	26.20	32.20	104.3
7/06/2018 10:49:54 AM	3611177394	1013.00	27.00	32.21	96.5	27.21	32.21	94.6	26.86	32.21	97.8	26.20	32.21	104.2
7/06/2018 10:49:55 AM	3611177395	1013.00	27.01	32.21	96.4	27.14	32.21	95.3	26.83	32.21	98.1	26.20	32.21	104.2
7/06/2018 10:49:56 AM	3611177396	1013.00	26.97	32.20	96.8	27.18	32.20	94.9	26.84	32.20	98.0	26.21	32.20	104.2
7/06/2018 10:49:57 AM	3611177397	1013.00	26.97	32.20	96.8	27.19	32.20	94.8	26.85	32.20	97.9	26.20	32.20	104.3
7/06/2018 10:49:58 AM	3611177398	1013.00	26.98	32.20	96.7	27.18	32.20	94.9	26.85	32.20	97.9	26.18	32.20	104.5
7/06/2018 10:49:59 AM	3611177399	1013.00	26.97	32.20	96.8	27.19	32.20	94.8	26.81	32.20	98.3	26.17	32.20	104.6
7/06/2018 10:50:00 AM	3611177400	1013.00	26.98	32.20	96.7	27.20	32.20	94.7	26.83	32.20	98.1	26.20	32.20	104.3
7/06/2018 10:50:01 AM	3611177401	1013.00	26.99	32.20	96.6	27.20	32.20	94.7	26.87	32.20	97.8	26.21	32.20	104.2
7/06/2018 10:50:02 AM	3611177402	1013.00	26.99	32.20	96.6	27.21	32.20	94.6	26.83	32.20	98.1	26.22	32.20	104.1
7/06/2018 10:50:03 AM	3611177403	1013.00	26.99	32.20	96.6	27.22	32.20	94.6	26.85	32.20	97.9	26.23	32.20	104.0
7/06/2018 10:50:04 AM	3611177404	1013.00	26.99	32.20	96.6	27.23	32.20	94.5	26.89	32.20	97.6	26.21	32.20	104.2
7/06/2018 10:50:05 AM	3611177405	1013.00	27.01	32.20	96.5	27.23	32.20	94.5	26.79	32.20	98.5	26.19	32.20	104.4
7/06/2018 10:50:06 AM	3611177406	1013.00	27.01	32.20	96.5	27.20	32.20	94.7	26.82	32.20	98.2	26.22	32.20	104.1
7/06/2018 10:50:07 AM	3611177407	1013.00	26.99	32.20	96.6	27.25	32.20	94.3	26.84	32.20	98.0	26.20	32.20	104.3
7/06/2018 10:50:08 AM	3611177408	1013.00	26.99	32.21	96.6	27.29	32.21	93.9	26.85	32.21	97.9	26.24	32.21	103.8
7/06/2018 10:50:09 AM	3611177409	1013.00	27.01	32.20	96.5	27.23	32.20	94.5	26.88	32.20	97.7	26.19	32.20	104.4
7/06/2018 10:50:10 AM	3611177410	1013.00	27.03	32.20	96.3	27.23	32.20	94.5	26.83	32.20	98.1	26.20	32.20	104.3
7/06/2018 10:50:11 AM	3611177411	1013.00	27.02	32.21	96.4	27.27	32.21	94.1	26.89	32.21	97.6	26.19	32.21	104.3
7/06/2018 10:50:12 AM	3611177412	1013.00	27.04	32.20	96.2	27.26	32.20	94.2	26.86	32.20	97.8	26.21	32.20	104.2
7/06/2018 10:50:13 AM	3611177413	1013.00	27.05	32.19	96.1	27.25	32.19	94.3	26.83	32.19	98.1	26.18	32.19	104.5
7/06/2018 10:50:14 AM	3611177414	1013.00	27.02	32.20	96.4	27.23	32.20	94.5	26.84	32.20	98.0	26.19	32.20	104.4
7/06/2018 10:50:15 AM	3611177415	1013.00	27.04	32.19	96.2	27.27	32.19	94.1	26.86	32.19	97.9	26.22	32.19	104.1
7/06/2018 10:50:16 AM	3611177416	1013.00	27.03	32.19	96.3	27.28	32.19	94.0	26.87	32.19	97.8	26.22	32.19	104.1
7/06/2018 10:50:17 AM	3611177417	1013.00	27.03	32.21	96.3	27.29	32.21	93.9	26.91	32.21	97.4	26.18	32.21	104.4
7/06/2018 10:50:18 AM	3611177418	1013.00	27.04	32.21	96.2	27.27	32.21	94.1	26.83	32.21	98.1	26.19	32.21	104.3
7/06/2018 10:50:19 AM	3611177419	1013.00	27.03	32.21	96.3	27.30	32.21	93.8	26.87	32.21	97.7	26.22	32.21	104.0
7/06/2018 10:50:20 AM	3611177420	1013.00	27.03	32.20	96.3	27.28	32.20	94.0	26.86	32.20	97.8	26.24	32.20	103.9
7/06/2018 10:50:21 AM	3611177421	1013.00	27.06	32.21	96.0	27.26	32.21	94.2	26.89	32.21	97.6	26.20	32.21	104.2
7/06/2018 10:50:22 AM	3611177422	1013.00	27.06	32.20	96.0	27.30	32.20	93.8	26.82	32.20	98.2	26.21	32.20	104.2
7/06/2018 10:50:23 AM	3611177423	1013.00	27.05	32.20	96.1	27.30	32.20	93.8	26.86	32.20	97.8	26.21	32.20	104.2
7/06/2018 10:50:24 AM	3611177424	1013.00	27.02	32.19	96.4	27.31	32.19	93.8	26.87	32.19	97.8	26.17	32.19	104.6
7/06/2018 10:50:25 AM	3611177425	1013.00	27.04	32.21	96.2	27.31	32.21	93.7	26.90	32.21	97.5	26.19	32.21	104.3
7/06/2018 10:50:26 AM	3611177426	1013.00	27.05	32.19	96.1	27.32	32.19	93.7	26.84	32.19	98.0	26.23	32.19	104.0
7/06/2018 10:50:27 AM	3611177427	1013.00	27.04	32.19	96.2	27.31	32.19	93.8	26.90	32.19	97.5	26.19	32.19	104.4
7/06/2018 10:50:28 AM	3611177428	1013.00	27.06	32.18	96.0	27.34	32.18	93.5	26.85	32.18	98.0	26.20	32.18	104.3
7/06/2018 10:50:29 AM	3611177429	1013.00	27.04	32.19	96.2	27.28	32.19	94.0	26.88	32.19	97.7	26.19	32.19	104.4
7/06/2018 10:50:30 AM	3611177430	1013.00	27.04	32.19	96.2	27.35	32.19	93.4	26.90	32.19	97.5	26.20	32.19	104.3
7/06/2018 10:50:31 AM	3611177431	1013.00	27.04	32.20	96.2	27.37	32.20	93.2	26.90	32.20	97.5	26.20	32.20	104.3
7/06/2018 10:50:32 AM	3611177432	1013.00	27.07	32.20	95.9	27.36	32.20	93.3	26.86	32.20	97.8	26.19	32.20	104.4
7/06/2018 10:50:33 AM	3611177433	1013.00	27.07	32.21	95.9	27.33	32.21	93.6	26.84	32.21	98.0	26.20	32.21	104.2
7/06/2018 10:50:34 AM	3611177434	1013.00	27.06	32.20	96.0	27.35	32.20	93.4	26.91	32.20	97.4	26.22	32.20	104.1
7/06/2018 10:50:35 AM	3611177435	1013.00	27.07	32.20	95.9	27.34	32.20	93.5	26.89	32.20	97.6	26.20	32.20	104.3
7/06/2018 10:50:36 AM	3611177436	1013.00	27.08	32.20	95.8	27.36	32.20	93.3	26.87	32.20	97.8	26.21	32.20	104.2
7/06/2018 10:50:37 AM	3611177437	1013.00	27.07	32.19	95.9	27.32	32.19	93.7	26.90	32.19	97.5	26.21	32.19	104.2
7/06/2018 10:50:38 AM	3611177438	1013.00	27.08	32.20	95.8	27.38	32.20	93.1	26.93	32.20	97.2	26.21	32.20	104.2
7/06/2018 10:50:39 AM	3611177439	1013.00	27.07	32.20	95.9	27.39	32.20	93.1	26.91	32.20	97.4	26.19	32.20	104.4
7/06/2018 10:50:40 AM	3611177440	1013.00	27.09	32.20	95.7	27.36	32.20	93.3	26.91	32.20	97.4	26.18	32.20	104.5
7/06/2018 10:50:41 AM	3611177441	1013.00	27.08	32.20	95.8	27.39	32.20	93.1	26.93	32.20	97.2	26.19	32.20	104.4
7/06/2018 10:50:42 AM	3611177442	1013.00	27.05	32.20	96.1	27.37	32.20	93.2	26.91	32.20	97.4	26.22	32.20	104.1
7/06/2018 10:50:43 AM	3611177443	1013.00	27.08	32.19	95.8	27.43	32.19	92.7	26.90	32.19	97.5	26.24	32.19	103.9
7/06/2018 10:50:44 AM	3611177444	1013.00	27.08	32.20	95.8	27.42	32.20	92.8	26.89	32.20	97.6	26.19	32.20	104.4
7/06/2018 10:50:45 AM	3611177445	1013.00	27.11	32.19	95.6	27.40	32.19	93.0	26.91	32.19	97.4	26.23	32.19	104.0
7/06/2018 10:50:46 AM	3611177446	1013.00	27.11	32.19	95.6	27.41	32.19	92.9	26.90	32.19	97.5	26.21	32.19	104.2
7/06/2018 10:50:47 AM	3611177447	1013.00	27.10	32.20	95.6	27.43	32.20	92.7	26.92	32.20	97.3	26.22	32.20	104.1
7/06/2018 10:50:48 AM	3611177448	1013.00	27.11	32.20	95.5	27.46	32.20	92.4	26.92	32.20	97.3	26.22	32.20	104.1
7/06/2018 10:50:49 AM	3611177449	1013.00	27.09	32.20	95.7	27.48	32.20	92.3	26.92	32.20	97.3	26.22	32.20	104.1
7/06/2018 10:50:50 AM	3611177450	1013.00	27.10	32.20	95.6	27.49	32.20	92.2	26.93	32.20	97.2	26.22	32.20	104.1
7/06/2018 10:50:51 AM	3611177451	1013.00	27.07	32.20	95.9	27.47	32.20	92.4	26.97	32.20	96.8	26.20	32.20	104.3
7/06/2018 10:50:52 AM	3611177452	1013.00	27.09	32.20	95.7	27.48	32.20	92.3	26.96	32.20	96.9	26.18	32.20	104.5
7/06/2018 10:50:53 AM	3611177453	1013.00	27.10	32.20	95.6	27.50	32.20	92.1	27.04	32.20	96.2	26.21	32.20	104.2
7/06/2018 10:50:54 AM	3611177454	1013.00	27.10	32.20	95.6	27.52	32.20	91.9	26.97	32.20	96.8	26.22	32.20	104.1
7/06/2018 10:50:55 AM	3611177455	1013.00	27.08	32.21	95.8	27.46	32.21	92.4	27.00	32.21	96.5	26.20	32.21	104.2
7/06/2018 10:50:56 AM	3611177456	1013.00	27.08	32.20	95.8	27.48	32.20	92.3	26.95	32.20	97.0	26.25	32.20	103.8
7/06/2018 10:50:57 AM	3611177457	1013.00	27.10	32.20	95.6	27.48	32.20	92.3	26.97	32.20	96.8	26.21	32.20	104.2
7/06/2018 10:50:58 AM	3611177458	1013.00	27.08	32.20	95.8	27.52	32.20	91.9	26.99	32.20	96.6	26.21	32.20	104.2
7/06/2018 10:50:59 AM	3611177459	1013.00	27.11	32.19	95.6	27.47	32.19	92.4	26.99	32.19	96.7	26.20	32.19	104.3
7/06/2018 10:51:00 AM	3611177460	1013.00	27.11	32.19	95.6	27.50	32.19	92.1	26.94	32.19	97.1	26.22	32.19	104.1
7/06/2018 10:51:01 AM	3611177461	1013.00	27.09	32.19	95.7	27.52	32.19	91.9	26.98	32.19	96.8	26.19	32.19	104.4
7/06/2018 10:51:02 AM	3611177462	1013.00	27.13	32.19	95.4	27.56	32.19	91.6	26.95	32.19	97.0	26.22	32.19	104.1
7/06/2018 10:51:03 AM	3611177463	1013.00	27.11	32.19	95.6	27.52	32.19	91.9	26.99	32.19	96.7	26.20	32.19	104.3
7/06/2018 10:51:04 AM	3611177464	1013.00	27.09	32.19	95.7	27.52	32.19	91.9	27.03	32.19	96.3	26.24	32.19	103.9
7/06/2018 10:51:05 AM	3611177465	1013.00	27.13	32.19	95.4	27.55	32.19	91.7	26.97	32.19	96.8	26.23	32.19	104.0
7/06/2018 10:51:06 AM	3611177466	1013.00	27.11	32.20	95.5	27.49	32.20	92.2	26.98	32.20	96.7	26.22	32.20	104.1
7/06/2018 10:51:07 AM	3611177467	1013.00	27.11	32.19	95.6	27.52	32.19	91.9	27.03	32.19	96.3	26.21	32.19	104.2
7/06/2018 10:51:08 AM	3611177468	1013.00	27.09	32.20	95.7	27.55	32.20	91.7	26.97	32.20	96.8	26.20	32.20	104.3
7/06/2018 10:51:09 AM	3611177469	1013.00	27.14	32.20	95.3	27.53	32.20	91.8	27.05	32.20	96.1	26.19	32.20	104.4
7/06/2018 10:51:10 AM	3611177470	1013.00	27.13	32.20	95.4	27.55	32.20	91.7	27.04	32.20	96.2	26.23	32.20	104.0
7/06/2018 10:51:11 AM	3611177471	1013.00	27.16	32.19	95.1	27.58	32.19	91.4	27.04	32.19	96.2	26.19	32.19	104.4
7/06/2018 10:51:12 AM	3611177472	1013.00	27.15	32.20	95.2	27.60	32.20	91.2	26.96	32.20	96.9	26.22	32.20	104.1
7/06/2018 10:51:13 AM	3611177473	1013.00	27.17	32.19	95.0	27.57	32.19	91.5	27.03	32.19	96.3	26.22	32.19	104.1
7/06/2018 10:51:14 AM	3611177474	1013.00	27.16	32.20	95.1	27.59	32.20	91.3	27.01	32.20	96.5	26.22	32.20	104.1
7/06/2018 10:51:15 AM	3611177475	1013.00	27.17	32.19	95.0	27.59	32.19	91.3	27.00	32.19	96.6	26.21	32.19	104.2
7/06/2018 10:51:16 AM	3611177476	1013.00	27.17	32.20	95.0	27.57	32.20	91.5	26.98	32.20	96.7	26.23	32.20	104.0
7/06/2018 10:51:17 AM	3611177477	1013.00	27.19	32.20	94.8	27.64	32.20	90.9	27.04	32.20	96.2	26.20	32.20	104.3
7/06/2018 10:51:18 AM	3611177478	1013.00	27.21	32.20	94.6	27.56	32.20	91.6	27.05	32.20	96.1	26.23	32.20	104.0
7/06/2018 10:51:19 AM	3611177479	1013.00	27.20	32.19	94.8	27.63	32.19	91.0	27.03	32.19	96.3	26.25	32.19	103.8
7/06/2018 10:51:20 AM	3611177480	1013.00	27.18	32.20	94.9	27.63	32.20	91.0	27.04	32.20	96.2	26.20	32.20	104.3
7/06/2018 10:51:21 AM	3611177481	1013.00	27.19	32.19	94.8	27.60	32.19	91.2	27.08	32.19	95.8	26.20	32.19	104.3
7/06/2018 10:51:22 AM	3611177482	1013.00	27.21	32.19	94.7	27.60	32.19	91.2	26.98	32.19	96.8	26.25	32.19	103.8
7/06/2018 10:51:23 AM	3611177483	1013.00	27.24	32.19	94.4	27.61	32.19	91.2	27.02	32.19	96.4	26.22	32.19	104.1
7/06/2018 10:51:24 AM	3611177484	1013.00	27.23	32.19	94.5	27.61	32.19	91.2	27.08	32.19	95.8	26.22	32.19	104.1
7/06/2018 10:51:25 AM	3611177485	1013.00	27.25	32.19	94.3	27.63	32.19	91.0	27.05	32.19	96.1	26.21	32.19	104.2
7/06/2018 10:51:26 AM	3611177486	1013.00	27.25	32.19	94.3	27.62	32.19	91.1	27.03	32.19	96.3	26.19	32.19	104.4
7/06/2018 10:51:27 AM	3611177487	1013.00	27.26	32.19	94.2	27.65	32.19	90.8	27.00	32.19	96.6	26.25	32.19	103.8
7/06/2018 10:51:28 AM	3611177488	1013.00	27.25	32.19	94.3	27.63	32.19	91.0	27.06	32.19	96.0	26.21	32.19	104.2
7/06/2018 10:51:29 AM	3611177489	1013.00	27.25	32.19	94.3	27.65	32.19	90.8	27.01	32.19	96.5	26.22	32.19	104.1
7/06/2018 10:51:30 AM	3611177490	1013.00	27.27	32.19	94.1	27.66	32.19	90.7	27.05	32.19	96.1	26.22	32.19	104.1
7/06/2018 10:51:31 AM	3611177491	1013.00	27.26	32.19	94.2	27.64	32.19	90.9	27.03	32.19	96.3	26.22	32.19	104.1
7/06/2018 10:51:32 AM	3611177492	1013.00	27.28	32.19	94.0	27.69	32.19	90.5	27.05	32.19	96.1	26.19	32.19	104.4
7/06/2018 10:51:33 AM	3611177493	1013.00	27.28	32.19	94.0	27.60	32.19	91.2	27.05	32.19	96.1	26.22	32.19	104.1
7/06/2018 10:51:34 AM	3611177494	1013.00	27.27	32.19	94.1	27.67	32.19	90.7	27.01	32.19	96.5	26.22	32.19	104.1
7/06/2018 10:51:35 AM	3611177495	1013.00	27.29	32.19	93.9	27.70	32.19	90.4	26.97	32.19	96.8	26.21	32.19	104.2
7/06/2018 10:51:36 AM	3611177496	1013.00	27.29	32.19	93.9	27.72	32.19	90.2	27.02	32.19	96.4	26.22	32.19	104.1
7/06/2018 10:51:37 AM	3611177497	1013.00	27.28	32.18	94.1	27.69	32.18	90.5	27.12	32.18	95.5	26.20	32.18	104.3
7/06/2018 10:51:38 AM	3611177498	1013.00	27.29	32.19	93.9	27.71	32.19	90.3	27.10	32.19	95.7	26.22	32.19	104.1
7/06/2018 10:51:39 AM	3611177499	1013.00	27.29	32.19	93.9	27.69	32.19	90.5	27.06	32.19	96.0	26.23	32.19	104.0
7/06/2018 10:51:40 AM	3611177500	1013.00	27.31	32.18	93.8	27.71	32.18	90.3	27.10	32.18	95.7	26.22	32.18	104.1
7/06/2018 10:51:41 AM	3611177501	1013.00	27.32	32.18	93.7	27.71	32.18	90.3	27.09	32.18	95.8	26.22	32.18	104.1
7/06/2018 10:51:42 AM	3611177502	1013.00	27.32	32.19	93.7	27.72	32.19	90.2	27.06	32.19	96.0	26.21	32.19	104.2
7/06/2018 10:51:43 AM	3611177503	1013.00	27.32	32.19	93.7	27.69	32.19	90.5	27.11	32.19	95.6	26.23	32.19	104.0
7/06/2018 10:51:44 AM	3611177504	1013.00	27.32	32.19	93.7	27.73	32.19	90.1	27.12	32.19	95.5	26.21	32.19	104.2
7/06/2018 10:51:45 AM	3611177505	1013.00	27.33	32.19	93.6	27.74	32.19	90.1	27.08	32.19	95.8	26.21	32.19	104.2
7/06/2018 10:51:46 AM	3611177506	1013.00	27.31	32.19	93.8	27.73	32.19	90.1	27.10	32.19	95.7	26.21	32.19	104.2
7/06/2018 10:51:47 AM	3611177507	1013.00	27.34	32.19	93.5	27.75	32.19	90.0	27.08	32.19	95.8	26.21	32.19	104.2
7/06/2018 10:51:48 AM	3611177508	1013.00	27.32	32.19	93.7	27.73	32.19	90.1	27.06	32.19	96.0	26.22	32.19	104.1
7/06/2018 10:51:49 AM	3611177509	1013.00	27.34	32.19	93.5	27.75	32.19	90.0	27.09	32.19	95.7	26.20	32.19	104.3
7/06/2018 10:51:50 AM	3611177510	1013.00	27.36	32.19	93.3	27.77	32.19	89.8	27.10	32.19	95.7	26.20	32.19	104.3
7/06/2018 10:51:51 AM	3611177511	1013.00	27.33	32.19	93.6	27.79	32.19	89.6	27.09	32.19	95.7	26.23	32.19	104.0
7/06/2018 10:51:52 AM	3611177512	1013.00	27.34	32.19	93.5	27.80	32.19	89.6	27.08	32.19	95.8	26.20	32.19	104.3
7/06/2018 10:51:53 AM	3611177513	1013.00	27.35	32.20	93.4	27.80	32.20	89.5	27.04	32.20	96.2	26.25	32.20	103.8
7/06/2018 10:51:54 AM	3611177514	1013.00	27.35	32.19	93.4	27.80	32.19	89.6	27.13	32.19	95.4	26.20	32.19	104.3
7/06/2018 10:51:55 AM	3611177515	1013.00	27.33	32.19	93.6	27.80	32.19	89.6	27.11	32.19	95.6	26.21	32.19	104.2
7/06/2018 10:51:56 AM	3611177516	1013.00	27.33	32.19	93.6	27.84	32.19	89.2	27.10	32.19	95.7	26.23	32.19	104.0
7/06/2018 10:51:57 AM	3611177517	1013.00	27.37	32.20	93.2	27.83	32.20	89.3	27.09	32.20	95.7	26.19	32.20	104.4
7/06/2018 10:51:58 AM	3611177518	1013.00	27.35	32.20	93.4	27.84	32.20	89.2	27.11	32.20	95.5	26.21	32.20	104.2
7/06/2018 10:51:59 AM	3611177519	1013.00	27.33	32.20	93.6	27.88	32.20	88.9	27.12	32.20	95.5	26.19	32.20	104.4
7/06/2018 10:52:00 AM	3611177520	1013.00	27.38	32.20	93.1	27.83	32.20	89.3	27.13	32.20	95.4	26.20	32.20	104.3
7/06/2018 10:52:01 AM	3611177521	1013.00	27.36	32.20	93.3	27.81	32.20	89.5	27.17	32.20	95.0	26.20	32.20	104.3
7/06/2018 10:52:02 AM	3611177522	1013.00	27.36	32.20	93.3	27.87	32.20	89.0	27.17	32.20	95.0	26.22	32.20	104.1
7/06/2018 10:52:03 AM	3611177523	1013.00	27.34	32.19	93.5	27.89	32.19	88.8	27.18	32.19	94.9	26.22	32.19	104.1
7/06/2018 10:52:04 AM	3611177524	1013.00	27.39	32.20	93.1	27.92	32.20	88.5	27.18	32.20	94.9	26.23	32.20	104.0
7/06/2018 10:52:05 AM	3611177525	1013.00	27.36	32.20	93.3	27.91	32.20	88.6	27.14	32.20	95.3	26.24	32.20	103.9
7/06/2018 10:52:06 AM	3611177526	1013.00	27.35	32.19	93.4	27.90	32.19	88.7	27.14	32.19	95.3	26.20	32.19	104.3
7/06/2018 10:52:07 AM	3611177527	1013.00	27.40	32.20	93.0	27.88	32.20	88.9	27.15	32.20	95.2	26.21	32.20	104.2
7/06/2018 10:52:08 AM	3611177528	1013.00	27.40	32.20	93.0	27.92	32.20	88.5	27.16	32.20	95.1	26.23	32.20	104.0
7/06/2018 10:52:09 AM	3611177529	1013.00	27.39	32.20	93.1	27.88	32.20	88.9	27.10	32.20	95.6	26.21	32.20	104.2
7/06/2018 10:52:10 AM	3611177530	1013.00	27.39	32.20	93.1	27.89	32.20	88.8	27.16	32.20	95.1	26.22	32.20	104.1
7/06/2018 10:52:11 AM	3611177531	1013.00	27.37	32.20	93.2	27.92	32.20	88.5	27.19	32.20	94.8	26.19	32.20	104.4
7/06/2018 10:52:12 AM	3611177532	1013.00	27.38	32.20	93.1	27.92	32.20	88.5	27.17	32.20	95.0	26.21	32.20	104.2
7/06/2018 10:52:13 AM	3611177533	1013.00	27.39	32.20	93.1	27.92	32.20	88.5	27.17	32.20	95.0	26.23	32.20	104.0
7/06/2018 10:52:14 AM	3611177534	1013.00	27.44	32.20	92.6	27.94	32.20	88.4	27.15	32.20	95.2	26.25	32.20	103.8
7/06/2018 10:52:15 AM	3611177535	1013.00	27.43	32.20	92.7	27.93	32.20	88.5	27.13	32.20	95.4	26.22	32.20	104.1
7/06/2018 10:52:16 AM	3611177536	1013.00	27.38	32.20	93.1	27.94	32.20	88.4	27.19	32.20	94.8	26.19	32.20	104.4
7/06/2018 10:52:17 AM	3611177537	1013.00	27.42	32.20	92.8	27.94	32.20	88.4	27.19	32.20	94.8	26.22	32.20	104.1
7/06/2018 10:52:18 AM	3611177538	1013.00	27.41	32.20	92.9	27.93	32.20	88.5	27.16	32.20	95.1	26.20	32.20	104.3
7/06/2018 10:52:19 AM	3611177539	1013.00	27.40	32.20	93.0	28.00	32.20	87.9	27.16	32.20	95.1	26.20	32.20	104.3
7/06/2018 10:52:20 AM	3611177540	1013.00	27.42	32.20	92.8	27.98	32.20	88.0	27.18	32.20	94.9	26.24	32.20	103.9
7/06/2018 10:52:21 AM	3611177541	1013.00	27.42	32.19	92.8	27.98	32.19	88.1	27.18	32.19	94.9	26.23	32.19	104.0
7/06/2018 10:52:22 AM	3611177542	1013.00	27.44	32.20	92.6	27.99	32.20	88.0	27.22	32.20	94.6	26.19	32.20	104.4
7/06/2018 10:52:23 AM	3611177543	1013.00	27.41	32.19	92.9	27.97	32.19	88.1	27.21	32.19	94.7	26.23	32.19	104.0
7/06/2018 10:52:24 AM	3611177544	1013.00	27.43	32.19	92.7	27.99	32.19	88.0	27.22	32.19	94.6	26.22	32.19	104.1
7/06/2018 10:52:25 AM	3611177545	1013.00	27.42	32.20	92.8	27.98	32.20	88.0	27.19	32.20	94.8	26.24	32.20	103.9
7/06/2018 10:52:26 AM	3611177546	1013.00	27.45	32.20	92.5	28.00	32.20	87.9	27.22	32.20	94.6	26.23	32.20	104.0
7/06/2018 10:52:27 AM	3611177547	1013.00	27.43	32.20	92.7	28.00	32.20	87.9	27.20	32.20	94.7	26.19	32.20	104.4
7/06/2018 10:52:28 AM	3611177548	1013.00	27.45	32.20	92.5	28.00	32.20	87.9	27.23	32.20	94.5	26.21	32.20	104.2
7/06/2018 10:52:29 AM	3611177549	1013.00	27.43	32.20	92.7	28.01	32.20	87.8	27.24	32.20	94.4	26.23	32.20	104.0
7/06/2018 10:52:30 AM	3611177550	1013.00	27.45	32.19	92.5	28.01	32.19	87.8	27.24	32.19	94.4	26.25	32.19	103.8
7/06/2018 10:52:31 AM	3611177551	1013.00	27.46	32.19	92.5	28.02	32.19	87.7	27.22	32.19	94.6	26.24	32.19	103.9
7/06/2018 10:52:32 AM	3611177552	1013.00	27.44	32.19	92.6	28.01	32.19	87.8	27.26	32.19	94.2	26.18	32.19	104.5
7/06/2018 10:52:33 AM	3611177553	1013.00	27.47	32.19	92.4	28.01	32.19	87.8	27.19	32.19	94.8	26.20	32.19	104.3
7/06/2018 10:52:34 AM	3611177554	1013.00	27.46	32.19	92.5	28.03	32.19	87.7	27.23	32.19	94.5	26.21	32.19	104.2
7/06/2018 10:52:35 AM	3611177555	1013.00	27.46	32.20	92.4	28.01	32.20	87.8	27.21	32.20	94.6	26.21	32.20	104.2
7/06/2018 10:52:36 AM	3611177556	1013.00	27.50	32.19	92.1	28.02	32.19	87.7	27.25	32.19	94.3	26.24	32.19	103.9
7/06/2018 10:52:37 AM	3611177557	1013.00	27.49	32.19	92.2	28.04	32.19	87.6	27.21	32.19	94.7	26.25	32.19	103.8
7/06/2018 10:52:38 AM	3611177558	1013.00	27.51	32.19	92.0	28.02	32.19	87.7	27.25	32.19	94.3	26.25	32.19	103.8
7/06/2018 10:52:39 AM	3611177559	1013.00	27.52	32.19	91.9	28.04	32.19	87.6	27.23	32.19	94.5	26.24	32.19	103.9
7/06/2018 10:52:40 AM	3611177560	1013.00	27.49	32.18	92.2	28.06	32.18	87.4	27.24	32.18	94.4	26.23	32.18	104.0
7/06/2018 10:52:41 AM	3611177561	1013.00	27.52	32.18	92.0	28.07	32.18	87.3	27.23	32.18	94.5	26.22	32.18	104.1
7/06/2018 10:52:42 AM	3611177562	1013.00	27.48	32.18	92.3	28.07	32.18	87.3	27.28	32.18	94.1	26.21	32.18	104.2
7/06/2018 10:52:43 AM	3611177563	1013.00	27.49	32.19	92.2	28.04	32.19	87.6	27.29	32.19	93.9	26.21	32.19	104.2
7/06/2018 10:52:44 AM	3611177564	1013.00	27.53	32.19	91.8	28.04	32.19	87.6	27.26	32.19	94.2	26.22	32.19	104.1
7/06/2018 10:52:45 AM	3611177565	1013.00	27.51	32.20	92.0	28.05	32.20	87.5	27.25	32.20	94.3	26.22	32.20	104.1
7/06/2018 10:52:46 AM	3611177566	1013.00	27.53	32.19	91.8	28.03	32.19	87.7	27.25	32.19	94.3	26.23	32.19	104.0
7/06/2018 10:52:47 AM	3611177567	1013.00	27.54	32.20	91.7	28.05	32.20	87.5	27.30	32.20	93.8	26.23	32.20	104.0
7/06/2018 10:52:48 AM	3611177568	1013.00	27.54	32.20	91.7	28.05	32.20	87.5	27.29	32.20	93.9	26.21	32.20	104.2
7/06/2018 10:52:49 AM	3611177569	1013.00	27.55	32.19	91.7	28.05	32.19	87.5	27.29	32.19	93.9	26.23	32.19	104.0
7/06/2018 10:52:50 AM	3611177570	1013.00	27.56	32.20	91.6	28.08	32.20	87.2	27.29	32.20	93.9	26.22	32.20	104.1
7/06/2018 10:52:51 AM	3611177571	1013.00	27.55	32.20	91.7	28.02	32.20	87.7	27.28	32.20	94.0	26.23	32.20	104.0
7/06/2018 10:52:52 AM	3611177572	1013.00	27.57	32.19	91.5	28.05	32.19	87.5	27.31	32.19	93.8	26.23	32.19	104.0
7/06/2018 10:52:53 AM	3611177573	1013.00	27.55	32.19	91.7	28.08	32.19	87.3	27.31	32.19	93.8	26.24	32.19	103.9
7/06/2018 10:52:54 AM	3611177574	1013.00	27.56	32.20	91.6	28.08	32.20	87.2	27.31	32.20	93.8	26.21	32.20	104.2
7/06/2018 10:52:55 AM	3611177575	1013.00	27.56	32.20	91.6	28.10	32.20	87.1	27.33	32.20	93.6	26.23	32.20	104.0
7/06/2018 10:52:56 AM	3611177576	1013.00	27.55	32.20	91.7	28.04	32.20	87.6	27.35	32.20	93.4	26.21	32.20	104.2
7/06/2018 10:52:57 AM	3611177577	1013.00	27.55	32.19	91.7	28.06	32.19	87.4	27.33	32.19	93.6	26.21	32.19	104.2
7/06/2018 10:52:58 AM	3611177578	1013.00	27.56	32.19	91.6	28.07	32.19	87.3	27.31	32.19	93.8	26.22	32.19	104.1
7/06/2018 10:52:59 AM	3611177579	1013.00	27.54	32.19	91.8	28.12	32.19	86.9	27.31	32.19	93.8	26.20	32.19	104.3
7/06/2018 10:53:00 AM	3611177580	1013.00	27.57	32.19	91.5	28.11	32.19	87.0	27.37	32.19	93.2	26.21	32.19	104.2
7/06/2018 10:53:01 AM	3611177581	1013.00	27.57	32.19	91.5	28.13	32.19	86.8	27.33	32.19	93.6	26.21	32.19	104.2
7/06/2018 10:53:02 AM	3611177582	1013.00	27.58	32.20	91.4	28.15	32.20	86.7	27.33	32.20	93.6	26.24	32.20	103.9
7/06/2018 10:53:03 AM	3611177583	1013.00	27.56	32.20	91.6	28.15	32.20	86.7	27.37	32.20	93.2	26.23	32.20	104.0
7/06/2018 10:53:04 AM	3611177584	1013.00	27.56	32.19	91.6	28.12	32.19	86.9	27.37	32.19	93.2	26.22	32.19	104.1
7/06/2018 10:53:05 AM	3611177585	1013.00	27.55	32.19	91.7	28.13	32.19	86.8	27.35	32.19	93.4	26.26	32.19	103.7
7/06/2018 10:53:06 AM	3611177586	1013.00	27.54	32.20	91.7	28.15	32.20	86.7	27.34	32.20	93.5	26.23	32.20	104.0
7/06/2018 10:53:07 AM	3611177587	1013.00	27.60	32.20	91.2	28.14	32.20	86.8	27.37	32.20	93.2	26.22	32.20	104.1
7/06/2018 10:53:08 AM	3611177588	1013.00	27.58	32.19	91.4	28.17	32.19	86.5	27.34	32.19	93.5	26.18	32.19	104.5
7/06/2018 10:53:09 AM	3611177589	1013.00	27.58	32.20	91.4	28.18	32.20	86.4	27.35	32.20	93.4	26.20	32.20	104.3
7/06/2018 10:53:10 AM	3611177590	1013.00	27.57	32.20	91.5	28.20	32.20	86.3	27.34	32.20	93.5	26.21	32.20	104.2
7/06/2018 10:53:11 AM	3611177591	1013.00	27.59	32.19	91.3	28.19	32.19	86.4	27.38	32.19	93.2	26.24	32.19	103.9
7/06/2018 10:53:12 AM	3611177592	1013.00	27.58	32.19	91.4	28.20	32.19	86.3	27.38	32.19	93.2	26.24	32.19	103.9
7/06/2018 10:53:13 AM	3611177593	1013.00	27.61	32.19	91.2	28.24	32.19	86.0	27.39	32.19	93.1	26.20	32.19	104.3
7/06/2018 10:53:14 AM	3611177594	1013.00	27.61	32.19	91.2	28.23	32.19	86.0	27.35	32.19	93.4	26.21	32.19	104.2
7/06/2018 10:53:15 AM	3611177595	1013.00	27.60	32.19	91.2	28.20	32.19	86.3	27.35	32.19	93.4	26.23	32.19	104.0
7/06/2018 10:53:16 AM	3611177596	1013.00	27.61	32.19	91.2	28.26	32.19	85.8	27.34	32.19	93.5	26.20	32.19	104.3
7/06/2018 10:53:17 AM	3611177597	1013.00	27.61	32.19	91.2	28.20	32.19	86.3	27.42	32.19	92.8	26.24	32.19	103.9
7/06/2018 10:53:18 AM	3611177598	1013.00	27.61	32.20	91.1	28.24	32.20	86.0	27.37	32.20	93.2	26.22	32.20	104.1
7/06/2018 10:53:19 AM	3611177599	1013.00	27.62	32.20	91.1	28.23	32.20	86.0	27.36	32.20	93.3	26.24	32.20	103.9
7/06/2018 10:53:20 AM	3611177600	1013.00	27.60	32.19	91.2	28.31	32.19	85.4	27.35	32.19	93.4	26.24	32.19	103.9
7/06/2018 10:53:21 AM	3611177601	1013.00	27.63	32.20	91.0	28.24	32.20	86.0	27.37	32.20	93.2	26.27	32.20	103.6
7/06/2018 10:53:22 AM	3611177602	1013.00	27.62	32.19	91.1	28.24	32.19	86.0	27.38	32.19	93.2	26.24	32.19	103.9
7/06/2018 10:53:23 AM	3611177603	1013.00	27.66	32.19	90.7	28.24	32.19	86.0	27.40	32.19	93.0	26.22	32.19	104.1
7/06/2018 10:53:24 AM	3611177604	1013.00	27.64	32.19	90.9	28.24	32.19	86.0	27.38	32.19	93.2	26.21	32.19	104.2
7/06/2018 10:53:25 AM	3611177605	1013.00	27.64	32.18	90.9	28.27	32.18	85.7	27.36	32.18	93.3	26.24	32.18	103.9
7/06/2018 10:53:26 AM	3611177606	1013.00	27.62	32.18	91.1	28.26	32.18	85.8	27.35	32.18	93.4	26.25	32.18	103.8
7/06/2018 10:53:27 AM	3611177607	1013.00	27.63	32.18	91.0	28.29	32.18	85.6	27.35	32.18	93.4	26.23	32.18	104.0
7/06/2018 10:53:28 AM	3611177608	1013.00	27.62	32.18	91.1	28.26	32.18	85.8	27.37	32.18	93.3	26.24	32.18	103.9
7/06/2018 10:53:29 AM	3611177609	1013.00	27.65	32.18	90.8	28.28	32.18	85.7	27.41	32.18	92.9	26.22	32.18	104.1
7/06/2018 10:53:30 AM	3611177610	1013.00	27.63	32.18	91.0	28.30	32.18	85.5	27.35	32.18	93.4	26.27	32.18	103.6
7/06/2018 10:53:31 AM	3611177611	1013.00	27.63	32.19	91.0	28.31	32.19	85.4	27.37	32.19	93.2	26.20	32.19	104.3
7/06/2018 10:53:32 AM	3611177612	1013.00	27.62	32.19	91.1	28.33	32.19	85.3	27.39	32.19	93.1	26.26	32.19	103.7
7/06/2018 10:53:33 AM	3611177613	1013.00	27.65	32.19	90.8	28.33	32.19	85.3	27.39	32.19	93.1	26.22	32.19	104.1
7/06/2018 10:53:34 AM	3611177614	1013.00	27.62	32.19	91.1	28.32	32.19	85.3	27.37	32.19	93.2	26.23	32.19	104.0
7/06/2018 10:53:35 AM	3611177615	1013.00	27.63	32.19	91.0	28.36	32.19	85.0	27.37	32.19	93.2	26.21	32.19	104.2
7/06/2018 10:53:36 AM	3611177616	1013.00	27.64	32.19	90.9	28.36	32.19	85.0	27.36	32.19	93.3	26.20	32.19	104.3
7/06/2018 10:53:37 AM	3611177617	1013.00	27.61	32.19	91.2	28.34	32.19	85.2	27.40	32.19	93.0	26.24	32.19	103.9
7/06/2018 10:53:38 AM	3611177618	1013.00	27.64	32.20	90.9	28.38	32.20	84.8	27.42	32.20	92.8	26.23	32.20	104.0
7/06/2018 10:53:39 AM	3611177619	1013.00	27.66	32.20	90.7	28.38	32.20	84.8	27.41	32.20	92.9	26.24	32.20	103.9
7/06/2018 10:53:40 AM	3611177620	1013.00	27.66	32.20	90.7	28.40	32.20	84.7	27.43	32.20	92.7	26.24	32.20	103.9
7/06/2018 10:53:41 AM	3611177621	1013.00	27.65	32.21	90.8	28.35	32.21	85.1	27.40	32.21	92.9	26.24	32.21	103.8
7/06/2018 10:53:42 AM	3611177622	1013.00	27.68	32.21	90.5	28.36	32.21	85.0	27.43	32.21	92.7	26.24	32.21	103.8
7/06/2018 10:53:43 AM	3611177623	1013.00	27.67	32.20	90.6	28.39	32.20	84.8	27.40	32.20	93.0	26.21	32.20	104.2
7/06/2018 10:53:44 AM	3611177624	1013.00	27.67	32.21	90.6	28.39	32.21	84.8	27.39	32.21	93.0	26.18	32.21	104.4
7/06/2018 10:53:45 AM	3611177625	1013.00	27.69	32.20	90.5	28.40	32.20	84.7	27.40	32.20	93.0	26.17	32.20	104.6
7/06/2018 10:53:46 AM	3611177626	1013.00	27.69	32.19	90.5	28.42	32.19	84.5	27.39	32.19	93.1	26.22	32.19	104.1
7/06/2018 10:53:47 AM	3611177627	1013.00	27.69	32.19	90.5	28.44	32.19	84.4	27.40	32.19	93.0	26.23	32.19	104.0
7/06/2018 10:53:48 AM	3611177628	1013.00	27.69	32.20	90.5	28.46	32.20	84.2	27.45	32.20	92.5	26.26	32.20	103.7
7/06/2018 10:53:49 AM	3611177629	1013.00	27.67	32.19	90.7	28.44	32.19	84.4	27.44	32.19	92.6	26.23	32.19	104.0
7/06/2018 10:53:50 AM	3611177630	1013.00	27.70	32.19	90.4	28.43	32.19	84.5	27.41	32.19	92.9	26.24	32.19	103.9
7/06/2018 10:53:51 AM	3611177631	1013.00	27.67	32.19	90.7	28.45	32.19	84.3	27.42	32.19	92.8	26.22	32.19	104.1
7/06/2018 10:53:52 AM	3611177632	1013.00	27.67	32.20	90.6	28.46	32.20	84.2	27.41	32.20	92.9	26.20	32.20	104.3
7/06/2018 10:53:53 AM	3611177633	1013.00	27.71	32.19	90.3	28.43	32.19	84.5	27.46	32.19	92.5	26.22	32.19	104.1
7/06/2018 10:53:54 AM	3611177634	1013.00	27.67	32.19	90.7	28.48	32.19	84.1	27.44	32.19	92.6	26.22	32.19	104.1
7/06/2018 10:53:55 AM	3611177635	1013.00	27.70	32.19	90.4	28.49	32.19	84.0	27.46	32.19	92.5	26.22	32.19	104.1
7/06/2018 10:53:56 AM	3611177636	1013.00	27.69	32.19	90.5	28.49	32.19	84.0	27.45	32.19	92.5	26.23	32.19	104.0
7/06/2018 10:53:57 AM	3611177637	1013.00	27.70	32.19	90.4	28.47	32.19	84.2	27.46	32.19	92.5	26.22	32.19	104.1
7/06/2018 10:53:58 AM	3611177638	1013.00	27.72	32.19	90.2	28.52	32.19	83.8	27.43	32.19	92.7	26.21	32.19	104.2
7/06/2018 10:53:59 AM	3611177639	1013.00	27.72	32.20	90.2	28.50	32.20	83.9	27.47	32.20	92.4	26.21	32.20	104.2
7/06/2018 10:54:00 AM	3611177640	1013.00	27.72	32.20	90.2	28.53	32.20	83.7	27.45	32.20	92.5	26.22	32.20	104.1
7/06/2018 10:54:01 AM	3611177641	1013.00	27.70	32.20	90.4	28.52	32.20	83.8	27.47	32.20	92.4	26.24	32.20	103.9
7/06/2018 10:54:02 AM	3611177642	1013.00	27.74	32.21	90.0	28.49	32.21	84.0	27.50	32.21	92.1	26.24	32.21	103.8
7/06/2018 10:54:03 AM	3611177643	1013.00	27.73	32.21	90.1	28.50	32.21	83.9	27.52	32.21	91.9	26.21	32.21	104.1
7/06/2018 10:54:04 AM	3611177644	1013.00	27.75	32.20	90.0	28.53	32.20	83.7	27.53	32.20	91.8	26.22	32.20	104.1
7/06/2018 10:54:05 AM	3611177645	1013.00	27.76	32.20	89.9	28.56	32.20	83.5	27.49	32.20	92.2	26.25	32.20	103.8
7/06/2018 10:54:06 AM	3611177646	1013.00	27.74	32.19	90.1	28.56	32.19	83.5	27.51	32.19	92.0	26.20	32.19	104.3
7/06/2018 10:54:07 AM	3611177647	1013.00	27.75	32.19	90.0	28.57	32.19	83.4	27.50	32.19	92.1	26.24	32.19	103.9
7/06/2018 10:54:08 AM	3611177648	1013.00	27.76	32.19	89.9	28.49	32.19	84.0	27.49	32.19	92.2	26.24	32.19	103.9
7/06/2018 10:54:09 AM	3611177649	1013.00	27.74	32.18	90.1	28.55	32.18	83.6	27.53	32.18	91.9	26.23	32.18	104.0
7/06/2018 10:54:10 AM	3611177650	1013.00	27.78	32.18	89.7	28.60	32.18	83.2	27.47	32.18	92.4	26.24	32.18	103.9
7/06/2018 10:54:11 AM	3611177651	1013.00	27.75	32.19	90.0	28.59	32.19	83.2	27.53	32.19	91.8	26.24	32.19	103.9
7/06/2018 10:54:12 AM	3611177652	1013.00	27.75	32.18	90.0	28.56	32.18	83.5	27.51	32.18	92.0	26.22	32.18	104.1
7/06/2018 10:54:13 AM	3611177653	1013.00	27.74	32.19	90.1	28.55	32.19	83.5	27.55	32.19	91.7	26.22	32.19	104.1
7/06/2018 10:54:14 AM	3611177654	1013.00	27.76	32.19	89.9	28.58	32.19	83.3	27.52	32.19	91.9	26.25	32.19	103.8
7/06/2018 10:54:15 AM	3611177655	1013.00	27.77	32.20	89.8	28.60	32.20	83.1	27.50	32.20	92.1	26.24	32.20	103.9
7/06/2018 10:54:16 AM	3611177656	1013.00	27.77	32.20	89.8	28.57	32.20	83.4	27.52	32.20	91.9	26.24	32.20	103.9
7/06/2018 10:54:17 AM	3611177657	1013.00	27.75	32.20	90.0	28.55	32.20	83.5	27.55	32.20	91.7	26.23	32.20	104.0
7/06/2018 10:54:18 AM	3611177658	1013.00	27.77	32.19	89.8	28.57	32.19	83.4	27.55	32.19	91.7	26.21	32.19	104.2
7/06/2018 10:54:19 AM	3611177659	1013.00	27.77	32.20	89.8	28.55	32.20	83.5	27.56	32.20	91.6	26.22	32.20	104.1
7/06/2018 10:54:20 AM	3611177660	1013.00	27.75	32.20	90.0	28.58	32.20	83.3	27.55	32.20	91.7	26.23	32.20	104.0
7/06/2018 10:54:21 AM	3611177661	1013.00	27.80	32.20	89.5	28.59	32.20	83.2	27.55	32.20	91.7	26.25	32.20	103.8
7/06/2018 10:54:22 AM	3611177662	1013.00	27.79	32.21	89.6	28.62	32.21	83.0	27.54	32.21	91.7	26.23	32.21	103.9
7/06/2018 10:54:23 AM	3611177663	1013.00	27.79	32.22	89.6	28.60	32.22	83.1	27.57	32.22	91.5	26.23	32.22	103.9
7/06/2018 10:54:24 AM	3611177664	1013.00	27.78	32.22	89.7	28.60	32.22	83.1	27.54	32.22	91.7	26.25	32.22	103.7
7/06/2018 10:54:25 AM	3611177665	1013.00	27.79	32.22	89.6	28.52	32.22	83.7	27.56	32.22	91.5	26.23	32.22	103.9
7/06/2018 10:54:26 AM	3611177666	1013.00	27.81	32.22	89.4	28.60	32.22	83.1	27.52	32.22	91.9	26.21	32.22	104.1
7/06/2018 10:54:27 AM	3611177667	1013.00	27.81	32.22	89.4	28.59	32.22	83.2	27.54	32.22	91.7	26.25	32.22	103.7
7/06/2018 10:54:28 AM	3611177668	1013.00	27.79	32.21	89.6	28.63	32.21	82.9	27.56	32.21	91.6	26.24	32.21	103.8
7/06/2018 10:54:29 AM	3611177669	1013.00	27.82	32.20	89.4	28.60	32.20	83.1	27.58	32.20	91.4	26.23	32.20	104.0
7/06/2018 10:54:30 AM	3611177670	1013.00	27.83	32.20	89.3	28.60	32.20	83.1	27.52	32.20	91.9	26.21	32.20	104.2
7/06/2018 10:54:31 AM	3611177671	1013.00	27.83	32.20	89.3	28.61	32.20	83.1	27.58	32.20	91.4	26.24	32.20	103.9
7/06/2018 10:54:32 AM	3611177672	1013.00	27.82	32.20	89.4	28.61	32.20	83.1	27.55	32.20	91.7	26.23	32.20	104.0
7/06/2018 10:54:33 AM	3611177673	1013.00	27.83	32.20	89.3	28.62	32.20	83.0	27.57	32.20	91.5	26.23	32.20	104.0
7/06/2018 10:54:34 AM	3611177674	1013.00	27.83	32.20	89.3	28.67	32.20	82.6	27.57	32.20	91.5	26.24	32.20	103.9
7/06/2018 10:54:35 AM	3611177675	1013.00	27.84	32.20	89.2	28.65	32.20	82.8	27.60	32.20	91.2	26.25	32.20	103.8
7/06/2018 10:54:36 AM	3611177676	1013.00	27.84	32.19	89.2	28.64	32.19	82.9	27.60	32.19	91.2	26.22	32.19	104.1
7/06/2018 10:54:37 AM	3611177677	1013.00	27.83	32.19	89.3	28.64	32.19	82.9	27.57	32.19	91.5	26.21	32.19	104.2
7/06/2018 10:54:38 AM	3611177678	1013.00	27.84	32.20	89.2	28.63	32.20	82.9	27.61	32.20	91.1	26.23	32.20	104.0
7/06/2018 10:54:39 AM	3611177679	1013.00	27.84	32.20	89.2	28.64	32.20	82.8	27.58	32.20	91.4	26.22	32.20	104.1
7/06/2018 10:54:40 AM	3611177680	1013.00	27.87	32.20	89.0	28.67	32.20	82.6	27.54	32.20	91.7	26.23	32.20	104.0
7/06/2018 10:54:41 AM	3611177681	1013.00	27.86	32.20	89.0	28.64	32.20	82.8	27.58	32.20	91.4	26.20	32.20	104.3
7/06/2018 10:54:42 AM	3611177682	1013.00	27.83	32.20	89.3	28.65	32.20	82.8	27.65	32.20	90.8	26.22	32.20	104.1
7/06/2018 10:54:43 AM	3611177683	1013.00	27.88	32.20	88.9	28.64	32.20	82.8	27.55	32.20	91.7	26.26	32.20	103.7
7/06/2018 10:54:44 AM	3611177684	1013.00	27.85	32.20	89.1	28.71	32.20	82.3	27.63	32.20	91.0	26.23	32.20	104.0
7/06/2018 10:54:45 AM	3611177685	1013.00	27.85	32.20	89.1	28.67	32.20	82.6	27.63	32.20	91.0	26.24	32.20	103.9
7/06/2018 10:54:46 AM	3611177686	1013.00	27.88	32.20	88.9	28.66	32.20	82.7	27.62	32.20	91.1	26.23	32.20	104.0
7/06/2018 10:54:47 AM	3611177687	1013.00	27.85	32.20	89.1	28.66	32.20	82.7	27.60	32.20	91.2	26.26	32.20	103.7
7/06/2018 10:54:48 AM	3611177688	1013.00	27.87	32.20	89.0	28.71	32.20	82.3	27.64	32.20	90.9	26.22	32.20	104.1
7/06/2018 10:54:49 AM	3611177689	1013.00	27.87	32.20	89.0	28.69	32.20	82.5	27.60	32.20	91.2	26.23	32.20	104.0
7/06/2018 10:54:50 AM	3611177690	1013.00	27.85	32.20	89.1	28.70	32.20	82.4	27.60	32.20	91.2	26.22	32.20	104.1
7/06/2018 10:54:51 AM	3611177691	1013.00	27.89	32.20	88.8	28.65	32.20	82.8	27.66	32.20	90.7	26.24	32.20	103.9
7/06/2018 10:54:52 AM	3611177692	1013.00	27.86	32.20	89.0	28.69	32.20	82.5	27.65	32.20	90.8	26.24	32.20	103.9
7/06/2018 10:54:53 AM	3611177693	1013.00	27.87	32.20	89.0	28.73	32.20	82.2	27.64	32.20	90.9	26.24	32.20	103.9
7/06/2018 10:54:54 AM	3611177694	1013.00	27.87	32.20	89.0	28.76	32.20	81.9	27.64	32.20	90.9	26.23	32.20	104.0
7/06/2018 10:54:55 AM	3611177695	1013.00	27.89	32.20	88.8	28.74	32.20	82.1	27.63	32.20	91.0	26.22	32.20	104.1
7/06/2018 10:54:56 AM	3611177696	1013.00	27.88	32.19	88.9	28.73	32.19	82.2	27.63	32.19	91.0	26.22	32.19	104.1
7/06/2018 10:54:57 AM	3611177697	1013.00	27.88	32.19	88.9	28.75	32.19	82.0	27.66	32.19	90.7	26.24	32.19	103.9
7/06/2018 10:54:58 AM	3611177698	1013.00	27.89	32.20	88.8	28.76	32.20	81.9	27.66	32.20	90.7	26.24	32.20	103.9
7/06/2018 10:54:59 AM	3611177699	1013.00	27.89	32.20	88.8	28.77	32.20	81.9	27.65	32.20	90.8	26.24	32.20	103.9
7/06/2018 10:55:00 AM	3611177700	1013.00	27.92	32.20	88.5	28.77	32.20	81.9	27.68	32.20	90.6	26.24	32.20	103.9
7/06/2018 10:55:01 AM	3611177701	1013.00	27.90	32.20	88.7	28.77	32.20	81.9	27.64	32.20	90.9	26.24	32.20	103.9
7/06/2018 10:55:02 AM	3611177702	1013.00	27.90	32.21	88.7	28.77	32.21	81.8	27.65	32.21	90.8	26.25	32.21	103.7
7/06/2018 10:55:03 AM	3611177703	1013.00	27.91	32.20	88.6	28.76	32.20	81.9	27.70	32.20	90.4	26.23	32.20	104.0
7/06/2018 10:55:04 AM	3611177704	1013.00	27.91	32.20	88.6	28.80	32.20	81.6	27.68	32.20	90.6	26.23	32.20	104.0
7/06/2018 10:55:05 AM	3611177705	1013.00	27.90	32.20	88.7	28.80	32.20	81.6	27.65	32.20	90.8	26.24	32.20	103.9
7/06/2018 10:55:06 AM	3611177706	1013.00	27.90	32.21	88.7	28.80	32.21	81.6	27.66	32.21	90.7	26.22	32.21	104.0
7/06/2018 10:55:07 AM	3611177707	1013.00	27.91	32.20	88.6	28.81	32.20	81.6	27.67	32.20	90.6	26.28	32.20	103.5
7/06/2018 10:55:08 AM	3611177708	1013.00	27.92	32.20	88.5	28.82	32.20	81.5	27.66	32.20	90.7	26.22	32.20	104.1
7/06/2018 10:55:09 AM	3611177709	1013.00	27.91	32.20	88.6	28.78	32.20	81.8	27.71	32.20	90.3	26.23	32.20	104.0
7/06/2018 10:55:10 AM	3611177710	1013.00	27.88	32.19	88.9	28.83	32.19	81.4	27.66	32.19	90.7	26.22	32.19	104.1
7/06/2018 10:55:11 AM	3611177711	1013.00	27.91	32.20	88.6	28.84	32.20	81.3	27.67	32.20	90.6	26.21	32.20	104.2
7/06/2018 10:55:12 AM	3611177712	1013.00	27.89	32.20	88.8	28.84	32.20	81.3	27.69	32.20	90.5	26.24	32.20	103.9
7/06/2018 10:55:13 AM	3611177713	1013.00	27.92	32.21	88.5	28.78	32.21	81.8	27.65	32.21	90.8	26.22	32.21	104.0
7/06/2018 10:55:14 AM	3611177714	1013.00	27.92	32.21	88.5	28.85	32.21	81.2	27.69	32.21	90.5	26.23	32.21	103.9
7/06/2018 10:55:15 AM	3611177715	1013.00	27.90	32.21	88.7	28.86	32.21	81.2	27.68	32.21	90.5	26.25	32.21	103.7
7/06/2018 10:55:16 AM	3611177716	1013.00	27.93	32.21	88.4	28.83	32.21	81.4	27.69	32.21	90.5	26.19	32.21	104.3
7/06/2018 10:55:17 AM	3611177717	1013.00	27.93	32.21	88.4	28.83	32.21	81.4	27.68	32.21	90.5	26.25	32.21	103.7
7/06/2018 10:55:18 AM	3611177718	1013.00	27.92	32.20	88.5	28.91	32.20	80.8	27.67	32.20	90.6	26.22	32.20	104.1
7/06/2018 10:55:19 AM	3611177719	1013.00	27.94	32.19	88.4	28.87	32.19	81.1	27.67	32.19	90.7	26.23	32.19	104.0
7/06/2018 10:55:20 AM	3611177720	1013.00	27.96	32.20	88.2	28.88	32.20	81.0	27.72	32.20	90.2	26.22	32.20	104.1
7/06/2018 10:55:21 AM	3611177721	1013.00	27.93	32.19	88.5	28.90	32.19	80.9	27.75	32.19	90.0	26.22	32.19	104.1
7/06/2018 10:55:22 AM	3611177722	1013.00	27.94	32.20	88.4	28.89	32.20	81.0	27.67	32.20	90.6	26.25	32.20	103.8
7/06/2018 10:55:23 AM	3611177723	1013.00	27.95	32.20	88.3	28.87	32.20	81.1	27.69	32.20	90.5	26.21	32.20	104.2
7/06/2018 10:55:24 AM	3611177724	1013.00	27.96	32.21	88.2	28.90	32.21	80.9	27.68	32.21	90.5	26.23	32.21	103.9
7/06/2018 10:55:25 AM	3611177725	1013.00	27.95	32.20	88.3	28.89	32.20	81.0	27.71	32.20	90.3	26.21	32.20	104.2
7/06/2018 10:55:26 AM	3611177726	1013.00	27.95	32.19	88.3	28.87	32.19	81.1	27.70	32.19	90.4	26.21	32.19	104.2
7/06/2018 10:55:27 AM	3611177727	1013.00	27.95	32.19	88.3	28.87	32.19	81.1	27.70	32.19	90.4	26.23	32.19	104.0
7/06/2018 10:55:28 AM	3611177728	1013.00	27.98	32.20	88.0	28.89	32.20	81.0	27.67	32.20	90.6	26.27	32.20	103.6
7/06/2018 10:55:29 AM	3611177729	1013.00	27.94	32.19	88.4	28.89	32.19	81.0	27.69	32.19	90.5	26.26	32.19	103.7
7/06/2018 10:55:30 AM	3611177730	1013.00	27.95	32.19	88.3	28.90	32.19	80.9	27.67	32.19	90.7	26.22	32.19	104.1
7/06/2018 10:55:31 AM	3611177731	1013.00	27.98	32.20	88.0	28.90	32.20	80.9	27.72	32.20	90.2	26.23	32.20	104.0
7/06/2018 10:55:32 AM	3611177732	1013.00	27.98	32.20	88.0	28.93	32.20	80.7	27.70	32.20	90.4	26.25	32.20	103.8
7/06/2018 10:55:33 AM	3611177733	1013.00	27.98	32.20	88.0	28.91	32.20	80.8	27.74	32.20	90.0	26.22	32.20	104.1
7/06/2018 10:55:34 AM	3611177734	1013.00	27.98	32.20	88.0	28.94	32.20	80.6	27.72	32.20	90.2	26.24	32.20	103.9
7/06/2018 10:55:35 AM	3611177735	1013.00	27.98	32.20	88.0	28.93	32.20	80.7	27.71	32.20	90.3	26.23	32.20	104.0
7/06/2018 10:55:36 AM	3611177736	1013.00	28.01	32.21	87.8	28.91	32.21	80.8	27.74	32.21	90.0	26.23	32.21	103.9
7/06/2018 10:55:37 AM	3611177737	1013.00	27.99	32.20	88.0	28.91	32.20	80.8	27.75	32.20	90.0	26.23	32.20	104.0
7/06/2018 10:55:38 AM	3611177738	1013.00	28.00	32.20	87.9	28.91	32.20	80.8	27.77	32.20	89.8	26.25	32.20	103.8
7/06/2018 10:55:39 AM	3611177739	1013.00	28.02	32.21	87.7	28.91	32.21	80.8	27.74	32.21	90.0	26.21	32.21	104.1
7/06/2018 10:55:40 AM	3611177740	1013.00	28.01	32.21	87.8	28.91	32.21	80.8	27.79	32.21	89.6	26.24	32.21	103.8
7/06/2018 10:55:41 AM	3611177741	1013.00	28.01	32.21	87.8	28.93	32.21	80.7	27.80	32.21	89.5	26.22	32.21	104.0
7/06/2018 10:55:42 AM	3611177742	1013.00	28.01	32.21	87.8	28.95	32.21	80.5	27.77	32.21	89.8	26.24	32.21	103.8
7/06/2018 10:55:43 AM	3611177743	1013.00	28.01	32.21	87.8	28.96	32.21	80.4	27.78	32.21	89.7	26.24	32.21	103.8
7/06/2018 10:55:44 AM	3611177744	1013.00	28.03	32.21	87.6	28.94	32.21	80.6	27.78	32.21	89.7	26.22	32.21	104.0
7/06/2018 10:55:45 AM	3611177745	1013.00	28.01	32.20	87.8	28.93	32.20	80.7	27.74	32.20	90.0	26.28	32.20	103.5
7/06/2018 10:55:46 AM	3611177746	1013.00	28.02	32.20	87.7	28.96	32.20	80.4	27.74	32.20	90.0	26.21	32.20	104.2
7/06/2018 10:55:47 AM	3611177747	1013.00	28.02	32.21	87.7	28.98	32.21	80.3	27.79	32.21	89.6	26.21	32.21	104.1
7/06/2018 10:55:48 AM	3611177748	1013.00	28.03	32.20	87.6	29.00	32.20	80.2	27.77	32.20	89.8	26.21	32.20	104.2
7/06/2018 10:55:49 AM	3611177749	1013.00	28.02	32.20	87.7	28.98	32.20	80.3	27.78	32.20	89.7	26.23	32.20	104.0
7/06/2018 10:55:50 AM	3611177750	1013.00	28.03	32.20	87.6	28.98	32.20	80.3	27.75	32.20	90.0	26.26	32.20	103.7
7/06/2018 10:55:51 AM	3611177751	1013.00	28.00	32.20	87.9	29.00	32.20	80.2	27.80	32.20	89.5	26.22	32.20	104.1
7/06/2018 10:55:52 AM	3611177752	1013.00	28.02	32.19	87.7	28.97	32.19	80.4	27.79	32.19	89.6	26.23	32.19	104.0
7/06/2018 10:55:53 AM	3611177753	1013.00	28.05	32.19	87.5	28.95	32.19	80.5	27.79	32.19	89.6	26.24	32.19	103.9
7/06/2018 10:55:54 AM	3611177754	1013.00	28.05	32.19	87.5	29.01	32.19	80.1	27.77	32.19	89.8	26.23	32.19	104.0
7/06/2018 10:55:55 AM	3611177755	1013.00	28.06	32.20	87.4	28.99	32.20	80.2	27.79	32.20	89.6	26.23	32.20	104.0
7/06/2018 10:55:56 AM	3611177756	1013.00	28.05	32.19	87.5	29.05	32.19	79.8	27.78	32.19	89.7	26.23	32.19	104.0
7/06/2018 10:55:57 AM	3611177757	1013.00	28.06	32.19	87.4	29.00	32.19	80.2	27.80	32.19	89.6	26.22	32.19	104.1
7/06/2018 10:55:58 AM	3611177758	1013.00	28.05	32.20	87.5	29.03	32.20	79.9	27.79	32.20	89.6	26.23	32.20	104.0
7/06/2018 10:55:59 AM	3611177759	1013.00	28.07	32.19	87.3	29.03	32.19	80.0	27.83	32.19	89.3	26.24	32.19	103.9
7/06/2018 10:56:00 AM	3611177760	1013.00	28.07	32.19	87.3	29.02	32.19	80.0	27.79	32.19	89.6	26.24	32.19	103.9
7/06/2018 10:56:01 AM	3611177761	1013.00	28.08	32.20	87.2	28.97	32.20	80.4	27.81	32.20	89.5	26.25	32.20	103.8
7/06/2018 10:56:02 AM	3611177762	1013.00	28.08	32.20	87.2	29.04	32.20	79.9	27.83	32.20	89.3	26.25	32.20	103.8
7/06/2018 10:56:03 AM	3611177763	1013.00	28.06	32.20	87.4	29.04	32.20	79.9	27.83	32.20	89.3	26.22	32.20	104.1
7/06/2018 10:56:04 AM	3611177764	1013.00	28.07	32.21	87.3	29.05	32.21	79.8	27.85	32.21	89.1	26.23	32.21	103.9
7/06/2018 10:56:05 AM	3611177765	1013.00	28.09	32.21	87.1	29.06	32.21	79.7	27.85	32.21	89.1	26.23	32.21	103.9
7/06/2018 10:56:06 AM	3611177766	1013.00	28.09	32.21	87.1	29.07	32.21	79.6	27.89	32.21	88.8	26.22	32.21	104.0
