Date & time of file creation	12/07/2018 12:55 PM													
Data file path	C:\Users\ameli\Desktop\Diego Barneche\2018_07_12\29_C_old_witrox_23.txt													
														
														
CALIBRATION DATA														
Parameter/Channel	N moving average	LO phase [r.U.]	HI phase [r.U.]	LO oxygen [%air saturation]	HI oxygen [%air saturation]	LO temperature [°C]	HI temperature [°C]	Salinity [‰]						
S WOT 0041 000001   , CH 1	1	59.42	26.64	0.00	100.00	32.07	32.05	0.000						
S WOT 0041 000001   , CH 2	1	59.42	26.64	0.00	100.00	32.07	32.05	0.000						
S WOT 0041 000001   , CH 3	1	59.42	26.64	0.00	100.00	32.07	32.05	0.000						
S WOT 0041 000001   , CH 4	1	59.42	26.64	0.00	100.00	32.07	32.05	0.000						
														
														
Date &Time [DD-MM-YYYY HH:MM:SS]	Time stamp code	Barometric pressure [hPa]	S WOT 0041 000001   , CH 1 phase [r.U.]	S WOT 0041 000001   , CH 1 temp [°C]	S WOT 0041 000001   , CH 1 O2 [% air saturation]	S WOT 0041 000001   , CH 2 phase [r.U.]	S WOT 0041 000001   , CH 2 temp [°C]	S WOT 0041 000001   , CH 2 O2 [% air saturation]	S WOT 0041 000001   , CH 3 phase [r.U.]	S WOT 0041 000001   , CH 3 temp [°C]	S WOT 0041 000001   , CH 3 O2 [% air saturation]	S WOT 0041 000001   , CH 4 phase [r.U.]	S WOT 0041 000001   , CH 4 temp [°C]	S WOT 0041 000001   , CH 4 O2 [% air saturation]
12/07/2018 12:59:41 PM	3614209181	1013.00	26.74	29.25	103.9	26.84	29.25	102.9	26.60	29.25	105.3	NaN	29.25	NaN
12/07/2018 12:59:42 PM	3614209182	1013.00	26.75	29.25	103.8	26.79	29.25	103.4	26.59	29.25	105.4	NaN	29.25	NaN
12/07/2018 12:59:43 PM	3614209183	1013.00	26.75	29.25	103.8	26.76	29.25	103.7	26.64	29.25	104.9	NaN	29.25	NaN
12/07/2018 12:59:44 PM	3614209184	1013.00	26.79	29.24	103.4	26.81	29.24	103.2	26.63	29.24	105.0	NaN	29.24	NaN
12/07/2018 12:59:45 PM	3614209185	1013.00	26.76	29.24	103.7	26.82	29.24	103.1	26.62	29.24	105.1	NaN	29.24	NaN
12/07/2018 12:59:46 PM	3614209186	1013.00	26.76	29.23	103.7	26.78	29.23	103.5	26.61	29.23	105.2	NaN	29.23	NaN
12/07/2018 12:59:47 PM	3614209187	1013.00	26.75	29.24	103.8	26.78	29.24	103.5	26.66	29.24	104.7	NaN	29.24	NaN
12/07/2018 12:59:48 PM	3614209188	1013.00	26.77	29.24	103.6	26.80	29.24	103.3	26.57	29.24	105.6	NaN	29.24	NaN
12/07/2018 12:59:49 PM	3614209189	1013.00	26.77	29.25	103.6	26.83	29.25	103.0	26.65	29.25	104.8	NaN	29.25	NaN
12/07/2018 12:59:50 PM	3614209190	1013.00	26.74	29.25	103.9	26.81	29.25	103.2	26.62	29.25	105.1	NaN	29.25	NaN
12/07/2018 12:59:51 PM	3614209191	1013.00	26.75	29.25	103.8	26.76	29.25	103.7	26.60	29.25	105.3	NaN	29.25	NaN
12/07/2018 12:59:52 PM	3614209192	1013.00	26.76	29.24	103.7	26.84	29.24	102.9	26.62	29.24	105.1	NaN	29.24	NaN
12/07/2018 12:59:53 PM	3614209193	1013.00	26.75	29.24	103.8	26.78	29.24	103.5	26.65	29.24	104.8	NaN	29.24	NaN
12/07/2018 12:59:54 PM	3614209194	1013.00	26.75	29.23	103.8	26.81	29.23	103.2	26.65	29.23	104.8	NaN	29.23	NaN
12/07/2018 12:59:55 PM	3614209195	1013.00	26.76	29.23	103.7	26.78	29.23	103.5	26.62	29.23	105.1	NaN	29.23	NaN
12/07/2018 12:59:56 PM	3614209196	1013.00	26.76	29.24	103.7	26.80	29.24	103.3	26.62	29.24	105.1	NaN	29.24	NaN
12/07/2018 12:59:57 PM	3614209197	1013.00	26.73	29.24	104.0	26.78	29.24	103.5	26.67	29.24	104.6	NaN	29.24	NaN
12/07/2018 12:59:58 PM	3614209198	1013.00	26.73	29.24	104.0	26.82	29.24	103.1	26.65	29.24	104.8	NaN	29.24	NaN
12/07/2018 12:59:59 PM	3614209199	1013.00	26.75	29.24	103.8	26.82	29.24	103.1	26.64	29.24	104.9	NaN	29.24	NaN
12/07/2018 1:00:00 PM	3614209200	1013.00	26.77	29.24	103.6	26.81	29.24	103.2	26.63	29.24	105.0	NaN	29.24	NaN
12/07/2018 1:00:01 PM	3614209201	1013.00	26.75	29.24	103.8	26.81	29.24	103.2	26.65	29.24	104.8	NaN	29.24	NaN
12/07/2018 1:00:02 PM	3614209202	1013.00	26.76	29.24	103.7	26.82	29.24	103.1	26.63	29.24	105.0	NaN	29.24	NaN
12/07/2018 1:00:03 PM	3614209203	1013.00	26.73	29.23	104.0	26.83	29.23	103.0	26.63	29.23	105.0	NaN	29.23	NaN
12/07/2018 1:00:04 PM	3614209204	1013.00	26.75	29.23	103.8	26.81	29.23	103.2	26.63	29.23	105.0	NaN	29.23	NaN
12/07/2018 1:00:05 PM	3614209205	1013.00	26.72	29.23	104.1	26.80	29.23	103.3	26.65	29.23	104.8	NaN	29.23	NaN
12/07/2018 1:00:06 PM	3614209206	1013.00	26.75	29.23	103.8	26.78	29.23	103.5	26.66	29.23	104.7	NaN	29.23	NaN
12/07/2018 1:00:07 PM	3614209207	1013.00	26.76	29.24	103.7	26.78	29.24	103.5	26.65	29.24	104.8	NaN	29.24	NaN
12/07/2018 1:00:08 PM	3614209208	1013.00	26.78	29.24	103.5	26.79	29.24	103.4	26.63	29.24	105.0	NaN	29.24	NaN
12/07/2018 1:00:09 PM	3614209209	1013.00	26.75	29.24	103.8	26.78	29.24	103.5	26.67	29.24	104.6	NaN	29.24	NaN
12/07/2018 1:00:10 PM	3614209210	1013.00	26.76	29.23	103.7	26.82	29.23	103.1	26.63	29.23	105.0	NaN	29.23	NaN
12/07/2018 1:00:11 PM	3614209211	1013.00	26.73	29.23	104.0	26.86	29.23	102.7	26.62	29.23	105.1	NaN	29.23	NaN
12/07/2018 1:00:12 PM	3614209212	1013.00	26.76	29.23	103.7	26.82	29.23	103.1	26.64	29.23	104.9	NaN	29.23	NaN
12/07/2018 1:00:13 PM	3614209213	1013.00	26.74	29.23	103.9	26.83	29.23	103.0	26.60	29.23	105.3	NaN	29.23	NaN
12/07/2018 1:00:14 PM	3614209214	1013.00	26.76	29.24	103.7	26.85	29.24	102.8	26.64	29.24	104.9	NaN	29.24	NaN
12/07/2018 1:00:15 PM	3614209215	1013.00	26.74	29.25	103.9	26.82	29.25	103.1	26.66	29.25	104.7	NaN	29.25	NaN
12/07/2018 1:00:16 PM	3614209216	1013.00	26.75	29.25	103.8	26.80	29.25	103.3	26.66	29.25	104.7	NaN	29.25	NaN
12/07/2018 1:00:17 PM	3614209217	1013.00	26.75	29.25	103.8	26.82	29.25	103.1	26.60	29.25	105.3	NaN	29.25	NaN
12/07/2018 1:00:18 PM	3614209218	1013.00	26.75	29.25	103.8	26.83	29.25	103.0	26.61	29.25	105.2	NaN	29.25	NaN
12/07/2018 1:00:19 PM	3614209219	1013.00	26.74	29.24	103.9	26.83	29.24	103.0	26.65	29.24	104.8	NaN	29.24	NaN
12/07/2018 1:00:20 PM	3614209220	1013.00	26.78	29.24	103.5	26.85	29.24	102.8	26.64	29.24	104.9	NaN	29.24	NaN
12/07/2018 1:00:21 PM	3614209221	1013.00	26.78	29.23	103.5	26.83	29.23	103.0	26.69	29.23	104.4	NaN	29.23	NaN
12/07/2018 1:00:22 PM	3614209222	1013.00	26.75	29.23	103.8	26.84	29.23	102.9	26.64	29.23	104.9	NaN	29.23	NaN
12/07/2018 1:00:23 PM	3614209223	1013.00	26.72	29.23	104.1	26.88	29.23	102.5	26.67	29.23	104.6	NaN	29.23	NaN
12/07/2018 1:00:24 PM	3614209224	1013.00	26.75	29.23	103.8	26.83	29.23	103.0	26.63	29.23	105.0	NaN	29.23	NaN
12/07/2018 1:00:25 PM	3614209225	1013.00	26.75	29.24	103.8	26.83	29.24	103.0	26.62	29.24	105.1	NaN	29.24	NaN
12/07/2018 1:00:26 PM	3614209226	1013.00	26.76	29.24	103.7	26.81	29.24	103.2	26.64	29.24	104.9	NaN	29.24	NaN
12/07/2018 1:00:27 PM	3614209227	1013.00	26.76	29.24	103.7	26.85	29.24	102.8	26.63	29.24	105.0	NaN	29.24	NaN
12/07/2018 1:00:28 PM	3614209228	1013.00	26.77	29.24	103.6	26.84	29.24	102.9	26.67	29.24	104.6	NaN	29.24	NaN
12/07/2018 1:00:29 PM	3614209229	1013.00	26.77	29.23	103.6	26.85	29.23	102.8	26.66	29.23	104.7	NaN	29.23	NaN
12/07/2018 1:00:30 PM	3614209230	1013.00	26.76	29.23	103.7	26.89	29.23	102.4	26.67	29.23	104.6	NaN	29.23	NaN
12/07/2018 1:00:31 PM	3614209231	1013.00	26.78	29.24	103.5	26.88	29.24	102.5	26.61	29.24	105.2	NaN	29.24	NaN
12/07/2018 1:00:32 PM	3614209232	1013.00	26.77	29.24	103.6	26.86	29.24	102.7	26.65	29.24	104.8	NaN	29.24	NaN
12/07/2018 1:00:33 PM	3614209233	1013.00	26.78	29.25	103.5	26.82	29.25	103.1	26.68	29.25	104.5	NaN	29.25	NaN
12/07/2018 1:00:34 PM	3614209234	1013.00	26.75	29.26	103.8	26.87	29.26	102.6	26.64	29.26	104.9	NaN	29.26	NaN
12/07/2018 1:00:35 PM	3614209235	1013.00	26.77	29.25	103.6	26.92	29.25	102.1	26.66	29.25	104.7	NaN	29.25	NaN
12/07/2018 1:00:36 PM	3614209236	1013.00	26.75	29.25	103.8	26.85	29.25	102.8	26.66	29.25	104.7	NaN	29.25	NaN
12/07/2018 1:00:37 PM	3614209237	1013.00	26.75	29.26	103.8	26.87	29.26	102.6	26.63	29.26	105.0	NaN	29.26	NaN
12/07/2018 1:00:38 PM	3614209238	1013.00	26.78	29.25	103.5	26.90	29.25	102.3	26.69	29.25	104.4	NaN	29.25	NaN
12/07/2018 1:00:39 PM	3614209239	1013.00	26.76	29.26	103.7	26.89	29.26	102.4	26.67	29.26	104.6	NaN	29.26	NaN
12/07/2018 1:00:40 PM	3614209240	1013.00	26.75	29.26	103.8	26.88	29.26	102.5	26.62	29.26	105.1	NaN	29.26	NaN
12/07/2018 1:00:41 PM	3614209241	1013.00	26.75	29.25	103.8	26.91	29.25	102.2	26.66	29.25	104.7	NaN	29.25	NaN
12/07/2018 1:00:42 PM	3614209242	1013.00	26.76	29.25	103.7	26.87	29.25	102.6	26.63	29.25	105.0	NaN	29.25	NaN
12/07/2018 1:00:43 PM	3614209243	1013.00	26.76	29.25	103.7	26.90	29.25	102.3	26.68	29.25	104.5	NaN	29.25	NaN
12/07/2018 1:00:44 PM	3614209244	1013.00	26.78	29.24	103.5	26.91	29.24	102.2	26.68	29.24	104.5	NaN	29.24	NaN
12/07/2018 1:00:45 PM	3614209245	1013.00	26.75	29.24	103.8	26.89	29.24	102.4	26.63	29.24	105.0	NaN	29.24	NaN
12/07/2018 1:00:46 PM	3614209246	1013.00	26.74	29.24	103.9	26.92	29.24	102.1	26.65	29.24	104.8	NaN	29.24	NaN
12/07/2018 1:00:47 PM	3614209247	1013.00	26.76	29.25	103.7	26.87	29.25	102.6	26.67	29.25	104.6	NaN	29.25	NaN
12/07/2018 1:00:48 PM	3614209248	1013.00	26.77	29.25	103.6	26.86	29.25	102.7	26.69	29.25	104.4	NaN	29.25	NaN
12/07/2018 1:00:49 PM	3614209249	1013.00	26.76	29.25	103.7	26.89	29.25	102.4	26.69	29.25	104.4	NaN	29.25	NaN
12/07/2018 1:00:50 PM	3614209250	1013.00	26.76	29.25	103.7	26.89	29.25	102.4	26.69	29.25	104.4	NaN	29.25	NaN
12/07/2018 1:00:51 PM	3614209251	1013.00	26.78	29.25	103.5	26.90	29.25	102.3	26.66	29.25	104.7	NaN	29.25	NaN
12/07/2018 1:00:52 PM	3614209252	1013.00	26.77	29.24	103.6	26.90	29.24	102.3	26.71	29.24	104.2	NaN	29.24	NaN
12/07/2018 1:00:53 PM	3614209253	1013.00	26.75	29.25	103.8	26.92	29.25	102.1	26.69	29.25	104.4	NaN	29.25	NaN
12/07/2018 1:00:54 PM	3614209254	1013.00	26.76	29.25	103.7	26.93	29.25	102.0	26.66	29.25	104.7	NaN	29.25	NaN
12/07/2018 1:00:55 PM	3614209255	1013.00	26.78	29.24	103.5	26.86	29.24	102.7	26.67	29.24	104.6	NaN	29.24	NaN
12/07/2018 1:00:56 PM	3614209256	1013.00	26.76	29.25	103.7	26.88	29.25	102.5	26.67	29.25	104.6	NaN	29.25	NaN
12/07/2018 1:00:57 PM	3614209257	1013.00	26.78	29.25	103.5	26.94	29.25	101.9	26.69	29.25	104.4	NaN	29.25	NaN
12/07/2018 1:00:58 PM	3614209258	1013.00	26.78	29.24	103.5	26.90	29.24	102.3	26.66	29.24	104.7	NaN	29.24	NaN
12/07/2018 1:00:59 PM	3614209259	1013.00	26.78	29.24	103.5	26.92	29.24	102.1	26.69	29.24	104.4	NaN	29.24	NaN
12/07/2018 1:01:00 PM	3614209260	1013.00	26.75	29.24	103.8	26.89	29.24	102.4	26.74	29.24	103.9	NaN	29.24	NaN
12/07/2018 1:01:01 PM	3614209261	1013.00	26.76	29.24	103.7	26.92	29.24	102.1	26.66	29.24	104.7	NaN	29.24	NaN
12/07/2018 1:01:02 PM	3614209262	1013.00	26.75	29.24	103.8	26.91	29.24	102.2	26.64	29.24	104.9	NaN	29.24	NaN
12/07/2018 1:01:03 PM	3614209263	1013.00	26.78	29.24	103.5	26.92	29.24	102.1	26.71	29.24	104.2	NaN	29.24	NaN
12/07/2018 1:01:04 PM	3614209264	1013.00	26.76	29.24	103.7	26.88	29.24	102.5	26.71	29.24	104.2	NaN	29.24	NaN
12/07/2018 1:01:05 PM	3614209265	1013.00	26.76	29.23	103.7	26.88	29.23	102.5	26.64	29.23	104.9	NaN	29.23	NaN
12/07/2018 1:01:06 PM	3614209266	1013.00	26.77	29.24	103.6	26.93	29.24	102.0	26.67	29.24	104.6	NaN	29.24	NaN
12/07/2018 1:01:07 PM	3614209267	1013.00	26.76	29.24	103.7	26.95	29.24	101.8	26.67	29.24	104.6	NaN	29.24	NaN
12/07/2018 1:01:08 PM	3614209268	1013.00	26.77	29.24	103.6	26.91	29.24	102.2	26.68	29.24	104.5	NaN	29.24	NaN
12/07/2018 1:01:09 PM	3614209269	1013.00	26.77	29.24	103.6	26.97	29.24	101.6	26.73	29.24	104.0	NaN	29.24	NaN
12/07/2018 1:01:10 PM	3614209270	1013.00	26.79	29.25	103.4	26.96	29.25	101.7	26.68	29.25	104.5	NaN	29.25	NaN
12/07/2018 1:01:11 PM	3614209271	1013.00	26.79	29.24	103.4	26.95	29.24	101.8	26.70	29.24	104.3	NaN	29.24	NaN
12/07/2018 1:01:12 PM	3614209272	1013.00	26.78	29.25	103.5	27.00	29.25	101.3	26.74	29.25	103.9	NaN	29.25	NaN
12/07/2018 1:01:13 PM	3614209273	1013.00	26.79	29.25	103.4	26.98	29.25	101.5	26.73	29.25	104.0	NaN	29.25	NaN
12/07/2018 1:01:14 PM	3614209274	1013.00	26.78	29.25	103.5	26.98	29.25	101.5	26.72	29.25	104.1	NaN	29.25	NaN
12/07/2018 1:01:15 PM	3614209275	1013.00	26.75	29.25	103.8	27.01	29.25	101.2	26.71	29.25	104.2	NaN	29.25	NaN
12/07/2018 1:01:16 PM	3614209276	1013.00	26.79	29.26	103.4	27.02	29.26	101.1	26.76	29.26	103.7	NaN	29.26	NaN
12/07/2018 1:01:17 PM	3614209277	1013.00	26.77	29.24	103.6	27.01	29.24	101.3	26.72	29.24	104.1	NaN	29.24	NaN
12/07/2018 1:01:18 PM	3614209278	1013.00	26.77	29.24	103.6	27.00	29.24	101.4	26.72	29.24	104.1	NaN	29.24	NaN
12/07/2018 1:01:19 PM	3614209279	1013.00	26.76	29.23	103.7	27.02	29.23	101.2	26.76	29.23	103.7	NaN	29.23	NaN
12/07/2018 1:01:20 PM	3614209280	1013.00	26.78	29.23	103.5	27.00	29.23	101.4	26.73	29.23	104.0	NaN	29.23	NaN
12/07/2018 1:01:21 PM	3614209281	1013.00	26.79	29.24	103.4	27.02	29.24	101.2	26.70	29.24	104.3	NaN	29.24	NaN
12/07/2018 1:01:22 PM	3614209282	1013.00	26.77	29.24	103.6	27.01	29.24	101.3	26.72	29.24	104.1	NaN	29.24	NaN
12/07/2018 1:01:23 PM	3614209283	1013.00	26.78	29.26	103.5	27.03	29.26	101.0	26.75	29.26	103.8	NaN	29.26	NaN
12/07/2018 1:01:24 PM	3614209284	1013.00	26.79	29.27	103.4	27.03	29.27	101.0	26.71	29.27	104.1	NaN	29.27	NaN
12/07/2018 1:01:25 PM	3614209285	1013.00	26.76	29.26	103.7	27.06	29.26	100.7	26.70	29.26	104.3	NaN	29.26	NaN
12/07/2018 1:01:26 PM	3614209286	1013.00	26.77	29.26	103.6	27.04	29.26	100.9	26.73	29.26	104.0	NaN	29.26	NaN
12/07/2018 1:01:27 PM	3614209287	1013.00	26.77	29.26	103.6	27.02	29.26	101.1	26.71	29.26	104.2	NaN	29.26	NaN
12/07/2018 1:01:28 PM	3614209288	1013.00	26.81	29.25	103.2	27.05	29.25	100.9	26.77	29.25	103.6	NaN	29.25	NaN
12/07/2018 1:01:29 PM	3614209289	1013.00	26.78	29.24	103.5	27.03	29.24	101.1	26.77	29.24	103.6	NaN	29.24	NaN
12/07/2018 1:01:30 PM	3614209290	1013.00	26.78	29.23	103.5	27.01	29.23	101.3	26.68	29.23	104.5	NaN	29.23	NaN
12/07/2018 1:01:31 PM	3614209291	1013.00	26.80	29.23	103.3	27.06	29.23	100.8	26.73	29.23	104.0	NaN	29.23	NaN
12/07/2018 1:01:32 PM	3614209292	1013.00	26.79	29.24	103.4	27.11	29.24	100.3	26.77	29.24	103.6	NaN	29.24	NaN
12/07/2018 1:01:33 PM	3614209293	1013.00	26.76	29.24	103.7	27.09	29.24	100.5	26.76	29.24	103.7	NaN	29.24	NaN
12/07/2018 1:01:34 PM	3614209294	1013.00	26.79	29.24	103.4	27.09	29.24	100.5	26.75	29.24	103.8	NaN	29.24	NaN
12/07/2018 1:01:35 PM	3614209295	1013.00	26.78	29.24	103.5	27.09	29.24	100.5	26.79	29.24	103.4	NaN	29.24	NaN
12/07/2018 1:01:36 PM	3614209296	1013.00	26.78	29.25	103.5	27.06	29.25	100.8	26.75	29.25	103.8	NaN	29.25	NaN
12/07/2018 1:01:37 PM	3614209297	1013.00	26.79	29.25	103.4	27.10	29.25	100.4	26.79	29.25	103.4	NaN	29.25	NaN
12/07/2018 1:01:38 PM	3614209298	1013.00	26.81	29.26	103.2	27.10	29.26	100.4	26.75	29.26	103.8	NaN	29.26	NaN
12/07/2018 1:01:39 PM	3614209299	1013.00	26.80	29.26	103.3	27.08	29.26	100.6	26.74	29.26	103.9	NaN	29.26	NaN
12/07/2018 1:01:40 PM	3614209300	1013.00	26.82	29.26	103.1	27.09	29.26	100.5	26.74	29.26	103.9	NaN	29.26	NaN
12/07/2018 1:01:41 PM	3614209301	1013.00	26.82	29.26	103.1	27.08	29.26	100.6	26.81	29.26	103.2	NaN	29.26	NaN
12/07/2018 1:01:42 PM	3614209302	1013.00	26.81	29.25	103.2	27.07	29.25	100.7	26.78	29.25	103.5	NaN	29.25	NaN
12/07/2018 1:01:43 PM	3614209303	1013.00	26.82	29.25	103.1	27.12	29.25	100.2	26.78	29.25	103.5	NaN	29.25	NaN
12/07/2018 1:01:44 PM	3614209304	1013.00	26.78	29.25	103.5	27.09	29.25	100.5	26.79	29.25	103.4	NaN	29.25	NaN
12/07/2018 1:01:45 PM	3614209305	1013.00	26.80	29.25	103.3	27.11	29.25	100.3	26.73	29.25	104.0	NaN	29.25	NaN
12/07/2018 1:01:46 PM	3614209306	1013.00	26.82	29.25	103.1	27.19	29.25	99.5	26.77	29.25	103.6	NaN	29.25	NaN
12/07/2018 1:01:47 PM	3614209307	1013.00	26.81	29.25	103.2	27.10	29.25	100.4	26.79	29.25	103.4	NaN	29.25	NaN
12/07/2018 1:01:48 PM	3614209308	1013.00	26.81	29.25	103.2	27.17	29.25	99.7	26.81	29.25	103.2	NaN	29.25	NaN
12/07/2018 1:01:49 PM	3614209309	1013.00	26.80	29.25	103.3	27.14	29.25	100.0	26.82	29.25	103.1	NaN	29.25	NaN
12/07/2018 1:01:50 PM	3614209310	1013.00	26.80	29.25	103.3	27.14	29.25	100.0	26.81	29.25	103.2	NaN	29.25	NaN
12/07/2018 1:01:51 PM	3614209311	1013.00	26.83	29.25	103.0	27.13	29.25	100.1	26.80	29.25	103.3	NaN	29.25	NaN
12/07/2018 1:01:52 PM	3614209312	1013.00	26.78	29.24	103.5	27.12	29.24	100.2	26.81	29.24	103.2	NaN	29.24	NaN
12/07/2018 1:01:53 PM	3614209313	1013.00	26.83	29.25	103.0	27.19	29.25	99.5	26.81	29.25	103.2	NaN	29.25	NaN
12/07/2018 1:01:54 PM	3614209314	1013.00	26.81	29.25	103.2	27.19	29.25	99.5	26.80	29.25	103.3	NaN	29.25	NaN
12/07/2018 1:01:55 PM	3614209315	1013.00	26.81	29.24	103.2	27.19	29.24	99.6	26.77	29.24	103.6	NaN	29.24	NaN
12/07/2018 1:01:56 PM	3614209316	1013.00	26.82	29.24	103.1	27.14	29.24	100.0	26.81	29.24	103.2	NaN	29.24	NaN
12/07/2018 1:01:57 PM	3614209317	1013.00	26.84	29.25	102.9	27.13	29.25	100.1	26.84	29.25	102.9	NaN	29.25	NaN
12/07/2018 1:01:58 PM	3614209318	1013.00	26.81	29.24	103.2	27.18	29.24	99.6	26.85	29.24	102.8	NaN	29.24	NaN
12/07/2018 1:01:59 PM	3614209319	1013.00	26.83	29.25	103.0	27.20	29.25	99.4	26.81	29.25	103.2	NaN	29.25	NaN
12/07/2018 1:02:00 PM	3614209320	1013.00	26.79	29.26	103.4	27.20	29.26	99.4	26.85	29.26	102.8	NaN	29.26	NaN
12/07/2018 1:02:01 PM	3614209321	1013.00	26.83	29.26	103.0	27.17	29.26	99.7	26.88	29.26	102.5	NaN	29.26	NaN
12/07/2018 1:02:02 PM	3614209322	1013.00	26.85	29.27	102.8	27.18	29.27	99.6	26.88	29.27	102.5	NaN	29.27	NaN
12/07/2018 1:02:03 PM	3614209323	1013.00	26.83	29.28	102.9	27.21	29.28	99.3	26.83	29.28	102.9	NaN	29.28	NaN
12/07/2018 1:02:04 PM	3614209324	1013.00	26.81	29.27	103.2	27.23	29.27	99.1	26.85	29.27	102.8	NaN	29.27	NaN
12/07/2018 1:02:05 PM	3614209325	1013.00	26.82	29.26	103.1	27.24	29.26	99.0	26.85	29.26	102.8	NaN	29.26	NaN
12/07/2018 1:02:06 PM	3614209326	1013.00	26.84	29.25	102.9	27.24	29.25	99.1	26.86	29.25	102.7	NaN	29.25	NaN
12/07/2018 1:02:07 PM	3614209327	1013.00	26.80	29.25	103.3	27.25	29.25	99.0	26.86	29.25	102.7	NaN	29.25	NaN
12/07/2018 1:02:08 PM	3614209328	1013.00	26.82	29.25	103.1	27.28	29.25	98.7	26.88	29.25	102.5	NaN	29.25	NaN
12/07/2018 1:02:09 PM	3614209329	1013.00	26.84	29.24	102.9	27.24	29.24	99.1	26.88	29.24	102.5	NaN	29.24	NaN
12/07/2018 1:02:10 PM	3614209330	1013.00	26.81	29.24	103.2	27.20	29.24	99.5	26.88	29.24	102.5	NaN	29.24	NaN
12/07/2018 1:02:11 PM	3614209331	1013.00	26.84	29.26	102.9	27.22	29.26	99.2	26.85	29.26	102.8	NaN	29.26	NaN
12/07/2018 1:02:12 PM	3614209332	1013.00	26.84	29.25	102.9	27.26	29.25	98.9	26.86	29.25	102.7	NaN	29.25	NaN
12/07/2018 1:02:13 PM	3614209333	1013.00	26.82	29.26	103.1	27.26	29.26	98.9	26.88	29.26	102.5	NaN	29.26	NaN
12/07/2018 1:02:14 PM	3614209334	1013.00	26.85	29.25	102.8	27.27	29.25	98.8	26.90	29.25	102.3	NaN	29.25	NaN
12/07/2018 1:02:15 PM	3614209335	1013.00	26.86	29.25	102.7	27.26	29.25	98.9	26.89	29.25	102.4	NaN	29.25	NaN
12/07/2018 1:02:16 PM	3614209336	1013.00	26.85	29.24	102.8	27.26	29.24	98.9	26.91	29.24	102.2	NaN	29.24	NaN
12/07/2018 1:02:17 PM	3614209337	1013.00	26.85	29.24	102.8	27.28	29.24	98.7	26.87	29.24	102.6	NaN	29.24	NaN
12/07/2018 1:02:18 PM	3614209338	1013.00	26.85	29.24	102.8	27.26	29.24	98.9	26.89	29.24	102.4	NaN	29.24	NaN
12/07/2018 1:02:19 PM	3614209339	1013.00	26.86	29.24	102.7	27.30	29.24	98.5	26.91	29.24	102.2	NaN	29.24	NaN
12/07/2018 1:02:20 PM	3614209340	1013.00	26.82	29.24	103.1	27.28	29.24	98.7	26.92	29.24	102.1	NaN	29.24	NaN
12/07/2018 1:02:21 PM	3614209341	1013.00	26.84	29.24	102.9	27.27	29.24	98.8	26.87	29.24	102.6	NaN	29.24	NaN
12/07/2018 1:02:22 PM	3614209342	1013.00	26.83	29.24	103.0	27.35	29.24	98.1	26.87	29.24	102.6	NaN	29.24	NaN
12/07/2018 1:02:23 PM	3614209343	1013.00	26.84	29.24	102.9	27.32	29.24	98.3	26.85	29.24	102.8	NaN	29.24	NaN
12/07/2018 1:02:24 PM	3614209344	1013.00	26.86	29.25	102.7	27.33	29.25	98.2	26.92	29.25	102.1	NaN	29.25	NaN
12/07/2018 1:02:25 PM	3614209345	1013.00	26.85	29.25	102.8	27.36	29.25	97.9	26.90	29.25	102.3	NaN	29.25	NaN
12/07/2018 1:02:26 PM	3614209346	1013.00	26.86	29.25	102.7	27.33	29.25	98.2	26.93	29.25	102.0	NaN	29.25	NaN
12/07/2018 1:02:27 PM	3614209347	1013.00	26.83	29.25	103.0	27.34	29.25	98.1	26.90	29.25	102.3	NaN	29.25	NaN
12/07/2018 1:02:28 PM	3614209348	1013.00	26.85	29.25	102.8	27.31	29.25	98.4	26.90	29.25	102.3	NaN	29.25	NaN
12/07/2018 1:02:29 PM	3614209349	1013.00	26.84	29.25	102.9	27.35	29.25	98.0	26.92	29.25	102.1	NaN	29.25	NaN
12/07/2018 1:02:30 PM	3614209350	1013.00	26.83	29.25	103.0	27.35	29.25	98.0	26.91	29.25	102.2	NaN	29.25	NaN
12/07/2018 1:02:31 PM	3614209351	1013.00	26.87	29.24	102.6	27.35	29.24	98.1	26.93	29.24	102.0	NaN	29.24	NaN
12/07/2018 1:02:32 PM	3614209352	1013.00	26.88	29.24	102.5	27.32	29.24	98.3	26.96	29.24	101.7	NaN	29.24	NaN
12/07/2018 1:02:33 PM	3614209353	1013.00	26.85	29.24	102.8	27.32	29.24	98.3	26.94	29.24	101.9	NaN	29.24	NaN
12/07/2018 1:02:34 PM	3614209354	1013.00	26.86	29.23	102.7	27.33	29.23	98.3	26.93	29.23	102.1	NaN	29.23	NaN
12/07/2018 1:02:35 PM	3614209355	1013.00	26.85	29.24	102.8	27.34	29.24	98.2	26.91	29.24	102.2	NaN	29.24	NaN
12/07/2018 1:02:36 PM	3614209356	1013.00	26.86	29.24	102.7	27.39	29.24	97.7	26.95	29.24	101.8	NaN	29.24	NaN
12/07/2018 1:02:37 PM	3614209357	1013.00	26.88	29.23	102.5	27.33	29.23	98.3	26.98	29.23	101.6	NaN	29.23	NaN
12/07/2018 1:02:38 PM	3614209358	1013.00	26.87	29.24	102.6	27.38	29.24	97.8	26.96	29.24	101.7	NaN	29.24	NaN
12/07/2018 1:02:39 PM	3614209359	1013.00	26.85	29.24	102.8	27.36	29.24	98.0	26.95	29.24	101.8	NaN	29.24	NaN
12/07/2018 1:02:40 PM	3614209360	1013.00	26.88	29.23	102.5	27.41	29.23	97.5	26.93	29.23	102.1	NaN	29.23	NaN
12/07/2018 1:02:41 PM	3614209361	1013.00	26.86	29.24	102.7	27.41	29.24	97.5	26.96	29.24	101.7	NaN	29.24	NaN
12/07/2018 1:02:42 PM	3614209362	1013.00	26.88	29.24	102.5	27.36	29.24	98.0	26.94	29.24	101.9	NaN	29.24	NaN
12/07/2018 1:02:43 PM	3614209363	1013.00	26.87	29.25	102.6	27.42	29.25	97.4	26.97	29.25	101.6	NaN	29.25	NaN
12/07/2018 1:02:44 PM	3614209364	1013.00	26.89	29.25	102.4	27.40	29.25	97.6	26.97	29.25	101.6	NaN	29.25	NaN
12/07/2018 1:02:45 PM	3614209365	1013.00	26.86	29.25	102.7	27.41	29.25	97.5	26.95	29.25	101.8	NaN	29.25	NaN
12/07/2018 1:02:46 PM	3614209366	1013.00	26.87	29.25	102.6	27.39	29.25	97.7	26.94	29.25	101.9	NaN	29.25	NaN
12/07/2018 1:02:47 PM	3614209367	1013.00	26.88	29.25	102.5	27.38	29.25	97.8	26.96	29.25	101.7	NaN	29.25	NaN
12/07/2018 1:02:48 PM	3614209368	1013.00	26.87	29.25	102.6	27.41	29.25	97.5	26.97	29.25	101.6	NaN	29.25	NaN
12/07/2018 1:02:49 PM	3614209369	1013.00	26.90	29.24	102.3	27.45	29.24	97.1	26.93	29.24	102.0	NaN	29.24	NaN
12/07/2018 1:02:50 PM	3614209370	1013.00	26.88	29.24	102.5	27.41	29.24	97.5	26.94	29.24	101.9	NaN	29.24	NaN
12/07/2018 1:02:51 PM	3614209371	1013.00	26.90	29.24	102.3	27.39	29.24	97.7	26.99	29.24	101.5	NaN	29.24	NaN
12/07/2018 1:02:52 PM	3614209372	1013.00	26.88	29.24	102.5	27.44	29.24	97.2	27.00	29.24	101.4	NaN	29.24	NaN
12/07/2018 1:02:53 PM	3614209373	1013.00	26.91	29.24	102.2	27.44	29.24	97.2	26.93	29.24	102.0	NaN	29.24	NaN
12/07/2018 1:02:54 PM	3614209374	1013.00	26.89	29.24	102.4	27.41	29.24	97.5	26.99	29.24	101.5	NaN	29.24	NaN
12/07/2018 1:02:55 PM	3614209375	1013.00	26.88	29.24	102.5	27.49	29.24	96.8	27.02	29.24	101.2	NaN	29.24	NaN
12/07/2018 1:02:56 PM	3614209376	1013.00	26.90	29.24	102.3	27.46	29.24	97.0	26.98	29.24	101.6	NaN	29.24	NaN
12/07/2018 1:02:57 PM	3614209377	1013.00	26.91	29.25	102.2	27.48	29.25	96.8	26.98	29.25	101.5	NaN	29.25	NaN
12/07/2018 1:02:58 PM	3614209378	1013.00	26.89	29.24	102.4	27.48	29.24	96.9	26.98	29.24	101.6	NaN	29.24	NaN
12/07/2018 1:02:59 PM	3614209379	1013.00	26.89	29.25	102.4	27.49	29.25	96.8	27.01	29.25	101.2	NaN	29.25	NaN
12/07/2018 1:03:00 PM	3614209380	1013.00	26.89	29.25	102.4	27.47	29.25	96.9	27.04	29.25	101.0	NaN	29.25	NaN
12/07/2018 1:03:01 PM	3614209381	1013.00	26.91	29.24	102.2	27.45	29.24	97.1	26.99	29.24	101.5	NaN	29.24	NaN
12/07/2018 1:03:02 PM	3614209382	1013.00	26.91	29.24	102.2	27.51	29.24	96.6	26.97	29.24	101.6	NaN	29.24	NaN
12/07/2018 1:03:03 PM	3614209383	1013.00	26.90	29.24	102.3	27.49	29.24	96.8	27.03	29.24	101.1	NaN	29.24	NaN
12/07/2018 1:03:04 PM	3614209384	1013.00	26.93	29.24	102.0	27.48	29.24	96.9	27.00	29.24	101.4	NaN	29.24	NaN
12/07/2018 1:03:05 PM	3614209385	1013.00	26.92	29.24	102.1	27.48	29.24	96.9	27.00	29.24	101.4	NaN	29.24	NaN
12/07/2018 1:03:06 PM	3614209386	1013.00	26.93	29.23	102.1	27.53	29.23	96.4	27.02	29.23	101.2	NaN	29.23	NaN
12/07/2018 1:03:07 PM	3614209387	1013.00	26.91	29.23	102.2	27.49	29.23	96.8	27.01	29.23	101.3	NaN	29.23	NaN
12/07/2018 1:03:08 PM	3614209388	1013.00	26.91	29.23	102.2	27.47	29.23	97.0	27.02	29.23	101.2	NaN	29.23	NaN
12/07/2018 1:03:09 PM	3614209389	1013.00	26.91	29.23	102.2	27.54	29.23	96.3	27.05	29.23	100.9	NaN	29.23	NaN
12/07/2018 1:03:10 PM	3614209390	1013.00	26.93	29.23	102.1	27.55	29.23	96.2	27.06	29.23	100.8	NaN	29.23	NaN
12/07/2018 1:03:11 PM	3614209391	1013.00	26.89	29.24	102.4	27.54	29.24	96.3	27.08	29.24	100.6	NaN	29.24	NaN
12/07/2018 1:03:12 PM	3614209392	1013.00	26.92	29.24	102.1	27.55	29.24	96.2	27.01	29.24	101.3	NaN	29.24	NaN
12/07/2018 1:03:13 PM	3614209393	1013.00	26.96	29.23	101.8	27.55	29.23	96.2	27.02	29.23	101.2	NaN	29.23	NaN
12/07/2018 1:03:14 PM	3614209394	1013.00	26.94	29.23	102.0	27.54	29.23	96.3	27.05	29.23	100.9	NaN	29.23	NaN
12/07/2018 1:03:15 PM	3614209395	1013.00	26.93	29.22	102.1	27.57	29.22	96.1	26.99	29.22	101.5	NaN	29.22	NaN
12/07/2018 1:03:16 PM	3614209396	1013.00	26.94	29.22	102.0	27.60	29.22	95.8	27.03	29.22	101.1	NaN	29.22	NaN
12/07/2018 1:03:17 PM	3614209397	1013.00	26.94	29.24	101.9	27.60	29.24	95.8	27.02	29.24	101.2	NaN	29.24	NaN
12/07/2018 1:03:18 PM	3614209398	1013.00	26.95	29.23	101.9	27.57	29.23	96.1	27.06	29.23	100.8	NaN	29.23	NaN
12/07/2018 1:03:19 PM	3614209399	1013.00	26.95	29.23	101.9	27.61	29.23	95.7	27.04	29.23	101.0	NaN	29.23	NaN
12/07/2018 1:03:20 PM	3614209400	1013.00	26.94	29.24	101.9	27.55	29.24	96.2	27.04	29.24	101.0	NaN	29.24	NaN
12/07/2018 1:03:21 PM	3614209401	1013.00	26.93	29.23	102.1	27.59	29.23	95.9	27.06	29.23	100.8	NaN	29.23	NaN
12/07/2018 1:03:22 PM	3614209402	1013.00	26.95	29.24	101.8	27.55	29.24	96.2	27.08	29.24	100.6	NaN	29.24	NaN
12/07/2018 1:03:23 PM	3614209403	1013.00	26.95	29.25	101.8	27.61	29.25	95.7	27.08	29.25	100.6	NaN	29.25	NaN
12/07/2018 1:03:24 PM	3614209404	1013.00	26.93	29.24	102.0	27.61	29.24	95.7	27.08	29.24	100.6	NaN	29.24	NaN
12/07/2018 1:03:25 PM	3614209405	1013.00	26.93	29.25	102.0	27.60	29.25	95.8	27.04	29.25	101.0	NaN	29.25	NaN
12/07/2018 1:03:26 PM	3614209406	1013.00	26.95	29.25	101.8	27.63	29.25	95.5	27.07	29.25	100.7	NaN	29.25	NaN
12/07/2018 1:03:27 PM	3614209407	1013.00	26.94	29.24	101.9	27.62	29.24	95.6	27.05	29.24	100.9	NaN	29.24	NaN
12/07/2018 1:03:28 PM	3614209408	1013.00	26.97	29.24	101.6	27.63	29.24	95.5	27.10	29.24	100.4	NaN	29.24	NaN
12/07/2018 1:03:29 PM	3614209409	1013.00	26.95	29.24	101.8	27.59	29.24	95.9	27.06	29.24	100.8	NaN	29.24	NaN
12/07/2018 1:03:30 PM	3614209410	1013.00	26.95	29.23	101.9	27.62	29.23	95.6	27.09	29.23	100.5	NaN	29.23	NaN
12/07/2018 1:03:31 PM	3614209411	1013.00	26.95	29.23	101.9	27.59	29.23	95.9	27.10	29.23	100.4	NaN	29.23	NaN
12/07/2018 1:03:32 PM	3614209412	1013.00	26.96	29.23	101.8	27.65	29.23	95.3	27.10	29.23	100.4	NaN	29.23	NaN
12/07/2018 1:03:33 PM	3614209413	1013.00	26.95	29.23	101.9	27.67	29.23	95.2	27.12	29.23	100.2	NaN	29.23	NaN
12/07/2018 1:03:34 PM	3614209414	1013.00	26.97	29.23	101.7	27.65	29.23	95.3	27.06	29.23	100.8	NaN	29.23	NaN
12/07/2018 1:03:35 PM	3614209415	1013.00	26.95	29.24	101.8	27.60	29.24	95.8	27.11	29.24	100.3	NaN	29.24	NaN
12/07/2018 1:03:36 PM	3614209416	1013.00	26.98	29.24	101.6	27.60	29.24	95.8	27.10	29.24	100.4	NaN	29.24	NaN
12/07/2018 1:03:37 PM	3614209417	1013.00	26.98	29.24	101.6	27.62	29.24	95.6	27.08	29.24	100.6	NaN	29.24	NaN
12/07/2018 1:03:38 PM	3614209418	1013.00	26.98	29.24	101.6	27.70	29.24	94.9	27.06	29.24	100.8	NaN	29.24	NaN
12/07/2018 1:03:39 PM	3614209419	1013.00	26.98	29.24	101.6	27.65	29.24	95.3	27.09	29.24	100.5	NaN	29.24	NaN
12/07/2018 1:03:40 PM	3614209420	1013.00	26.97	29.23	101.7	27.67	29.23	95.2	27.09	29.23	100.5	NaN	29.23	NaN
12/07/2018 1:03:41 PM	3614209421	1013.00	26.99	29.23	101.5	27.69	29.23	95.0	27.13	29.23	100.1	NaN	29.23	NaN
12/07/2018 1:03:42 PM	3614209422	1013.00	26.96	29.23	101.8	27.62	29.23	95.6	27.11	29.23	100.3	NaN	29.23	NaN
12/07/2018 1:03:43 PM	3614209423	1013.00	26.97	29.23	101.7	27.70	29.23	94.9	27.14	29.23	100.0	NaN	29.23	NaN
12/07/2018 1:03:44 PM	3614209424	1013.00	26.97	29.23	101.7	27.70	29.23	94.9	27.12	29.23	100.2	NaN	29.23	NaN
12/07/2018 1:03:45 PM	3614209425	1013.00	26.98	29.23	101.6	27.71	29.23	94.8	27.11	29.23	100.3	NaN	29.23	NaN
12/07/2018 1:03:46 PM	3614209426	1013.00	27.04	29.23	101.0	27.71	29.23	94.8	27.12	29.23	100.2	NaN	29.23	NaN
12/07/2018 1:03:47 PM	3614209427	1013.00	26.99	29.23	101.5	27.70	29.23	94.9	27.12	29.23	100.2	NaN	29.23	NaN
12/07/2018 1:03:48 PM	3614209428	1013.00	26.98	29.23	101.6	27.70	29.23	94.9	27.12	29.23	100.2	NaN	29.23	NaN
12/07/2018 1:03:49 PM	3614209429	1013.00	26.98	29.23	101.6	27.71	29.23	94.8	27.15	29.23	99.9	NaN	29.23	NaN
12/07/2018 1:03:50 PM	3614209430	1013.00	26.99	29.23	101.5	27.76	29.23	94.4	27.10	29.23	100.4	NaN	29.23	NaN
12/07/2018 1:03:51 PM	3614209431	1013.00	26.96	29.23	101.8	27.78	29.23	94.2	27.15	29.23	99.9	NaN	29.23	NaN
12/07/2018 1:03:52 PM	3614209432	1013.00	26.97	29.23	101.7	27.71	29.23	94.8	27.12	29.23	100.2	NaN	29.23	NaN
12/07/2018 1:03:53 PM	3614209433	1013.00	27.02	29.24	101.2	27.69	29.24	95.0	27.13	29.24	100.1	NaN	29.24	NaN
12/07/2018 1:03:54 PM	3614209434	1013.00	26.99	29.24	101.5	27.74	29.24	94.5	27.15	29.24	99.9	NaN	29.24	NaN
12/07/2018 1:03:55 PM	3614209435	1013.00	27.00	29.24	101.4	27.75	29.24	94.4	27.16	29.24	99.8	NaN	29.24	NaN
12/07/2018 1:03:56 PM	3614209436	1013.00	26.99	29.24	101.5	27.75	29.24	94.4	27.21	29.24	99.4	NaN	29.24	NaN
12/07/2018 1:03:57 PM	3614209437	1013.00	27.01	29.23	101.3	27.73	29.23	94.6	27.16	29.23	99.9	NaN	29.23	NaN
12/07/2018 1:03:58 PM	3614209438	1013.00	27.01	29.24	101.3	27.81	29.24	93.9	27.15	29.24	99.9	NaN	29.24	NaN
12/07/2018 1:03:59 PM	3614209439	1013.00	27.01	29.23	101.3	27.76	29.23	94.4	27.12	29.23	100.2	NaN	29.23	NaN
12/07/2018 1:04:00 PM	3614209440	1013.00	27.00	29.23	101.4	27.81	29.23	93.9	27.17	29.23	99.8	NaN	29.23	NaN
12/07/2018 1:04:01 PM	3614209441	1013.00	27.01	29.24	101.3	27.79	29.24	94.1	27.13	29.24	100.1	NaN	29.24	NaN
12/07/2018 1:04:02 PM	3614209442	1013.00	27.02	29.24	101.2	27.80	29.24	94.0	27.23	29.24	99.2	NaN	29.24	NaN
12/07/2018 1:04:03 PM	3614209443	1013.00	27.04	29.24	101.0	27.77	29.24	94.3	27.16	29.24	99.8	NaN	29.24	NaN
12/07/2018 1:04:04 PM	3614209444	1013.00	27.02	29.24	101.2	27.77	29.24	94.3	27.20	29.24	99.5	NaN	29.24	NaN
12/07/2018 1:04:05 PM	3614209445	1013.00	27.01	29.23	101.3	27.75	29.23	94.5	27.18	29.23	99.7	NaN	29.23	NaN
12/07/2018 1:04:06 PM	3614209446	1013.00	27.03	29.23	101.1	27.83	29.23	93.8	27.18	29.23	99.7	NaN	29.23	NaN
12/07/2018 1:04:07 PM	3614209447	1013.00	27.03	29.22	101.1	27.79	29.22	94.1	27.15	29.22	100.0	NaN	29.22	NaN
12/07/2018 1:04:08 PM	3614209448	1013.00	27.03	29.21	101.1	27.79	29.21	94.1	27.16	29.21	99.9	NaN	29.21	NaN
12/07/2018 1:04:09 PM	3614209449	1013.00	27.04	29.21	101.0	27.82	29.21	93.9	27.23	29.21	99.2	NaN	29.21	NaN
12/07/2018 1:04:10 PM	3614209450	1013.00	27.00	29.22	101.4	27.89	29.22	93.3	27.16	29.22	99.9	NaN	29.22	NaN
12/07/2018 1:04:11 PM	3614209451	1013.00	27.01	29.22	101.3	27.83	29.22	93.8	27.22	29.22	99.3	NaN	29.22	NaN
12/07/2018 1:04:12 PM	3614209452	1013.00	27.04	29.23	101.0	27.86	29.23	93.5	27.17	29.23	99.8	NaN	29.23	NaN
12/07/2018 1:04:13 PM	3614209453	1013.00	27.03	29.24	101.1	27.83	29.24	93.7	27.22	29.24	99.3	NaN	29.24	NaN
12/07/2018 1:04:14 PM	3614209454	1013.00	27.03	29.23	101.1	27.83	29.23	93.8	27.20	29.23	99.5	NaN	29.23	NaN
12/07/2018 1:04:15 PM	3614209455	1013.00	27.05	29.24	100.9	27.87	29.24	93.4	27.20	29.24	99.5	NaN	29.24	NaN
12/07/2018 1:04:16 PM	3614209456	1013.00	27.04	29.24	101.0	27.86	29.24	93.5	27.23	29.24	99.2	NaN	29.24	NaN
12/07/2018 1:04:17 PM	3614209457	1013.00	27.03	29.24	101.1	27.86	29.24	93.5	27.25	29.24	99.0	NaN	29.24	NaN
12/07/2018 1:04:18 PM	3614209458	1013.00	27.02	29.23	101.2	27.90	29.23	93.1	27.27	29.23	98.8	NaN	29.23	NaN
12/07/2018 1:04:19 PM	3614209459	1013.00	27.07	29.23	100.7	27.83	29.23	93.8	27.24	29.23	99.1	NaN	29.23	NaN
12/07/2018 1:04:20 PM	3614209460	1013.00	27.03	29.23	101.1	27.88	29.23	93.3	27.26	29.23	98.9	NaN	29.23	NaN
12/07/2018 1:04:21 PM	3614209461	1013.00	27.02	29.22	101.2	27.88	29.22	93.3	27.28	29.22	98.7	NaN	29.22	NaN
12/07/2018 1:04:22 PM	3614209462	1013.00	27.05	29.22	100.9	27.85	29.22	93.6	27.26	29.22	98.9	NaN	29.22	NaN
12/07/2018 1:04:23 PM	3614209463	1013.00	27.07	29.22	100.7	27.83	29.22	93.8	27.29	29.22	98.6	NaN	29.22	NaN
12/07/2018 1:04:24 PM	3614209464	1013.00	27.05	29.23	100.9	27.87	29.23	93.4	27.24	29.23	99.1	NaN	29.23	NaN
12/07/2018 1:04:25 PM	3614209465	1013.00	27.06	29.23	100.8	27.92	29.23	93.0	27.24	29.23	99.1	NaN	29.23	NaN
12/07/2018 1:04:26 PM	3614209466	1013.00	27.08	29.22	100.6	27.95	29.22	92.7	27.24	29.22	99.1	NaN	29.22	NaN
12/07/2018 1:04:27 PM	3614209467	1013.00	27.05	29.23	100.9	27.90	29.23	93.1	27.28	29.23	98.7	NaN	29.23	NaN
12/07/2018 1:04:28 PM	3614209468	1013.00	27.08	29.24	100.6	27.95	29.24	92.7	27.25	29.24	99.0	NaN	29.24	NaN
12/07/2018 1:04:29 PM	3614209469	1013.00	27.10	29.23	100.4	27.93	29.23	92.9	27.25	29.23	99.0	NaN	29.23	NaN
12/07/2018 1:04:30 PM	3614209470	1013.00	27.07	29.23	100.7	27.91	29.23	93.1	27.27	29.23	98.8	NaN	29.23	NaN
12/07/2018 1:04:31 PM	3614209471	1013.00	27.07	29.24	100.7	27.93	29.24	92.9	27.30	29.24	98.5	NaN	29.24	NaN
12/07/2018 1:04:32 PM	3614209472	1013.00	27.07	29.23	100.7	27.89	29.23	93.2	27.27	29.23	98.8	NaN	29.23	NaN
12/07/2018 1:04:33 PM	3614209473	1013.00	27.06	29.23	100.8	27.97	29.23	92.5	27.27	29.23	98.8	NaN	29.23	NaN
12/07/2018 1:04:34 PM	3614209474	1013.00	27.10	29.23	100.4	27.94	29.23	92.8	27.30	29.23	98.5	NaN	29.23	NaN
12/07/2018 1:04:35 PM	3614209475	1013.00	27.09	29.23	100.5	27.96	29.23	92.6	27.26	29.23	98.9	NaN	29.23	NaN
12/07/2018 1:04:36 PM	3614209476	1013.00	27.08	29.23	100.6	27.98	29.23	92.5	27.27	29.23	98.8	NaN	29.23	NaN
12/07/2018 1:04:37 PM	3614209477	1013.00	27.09	29.24	100.5	27.99	29.24	92.4	27.25	29.24	99.0	NaN	29.24	NaN
12/07/2018 1:04:38 PM	3614209478	1013.00	27.09	29.24	100.5	27.88	29.24	93.3	27.26	29.24	98.9	NaN	29.24	NaN
12/07/2018 1:04:39 PM	3614209479	1013.00	27.11	29.24	100.3	27.98	29.24	92.4	27.29	29.24	98.6	NaN	29.24	NaN
12/07/2018 1:04:40 PM	3614209480	1013.00	27.07	29.24	100.7	28.01	29.24	92.2	27.28	29.24	98.7	NaN	29.24	NaN
12/07/2018 1:04:41 PM	3614209481	1013.00	27.07	29.24	100.7	28.01	29.24	92.2	27.28	29.24	98.7	NaN	29.24	NaN
12/07/2018 1:04:42 PM	3614209482	1013.00	27.09	29.24	100.5	28.03	29.24	92.0	27.23	29.24	99.2	NaN	29.24	NaN
12/07/2018 1:04:43 PM	3614209483	1013.00	27.09	29.23	100.5	28.03	29.23	92.0	27.31	29.23	98.4	NaN	29.23	NaN
12/07/2018 1:04:44 PM	3614209484	1013.00	27.10	29.23	100.4	28.03	29.23	92.0	27.27	29.23	98.8	NaN	29.23	NaN
12/07/2018 1:04:45 PM	3614209485	1013.00	27.05	29.24	100.9	28.06	29.24	91.8	27.25	29.24	99.0	NaN	29.24	NaN
12/07/2018 1:04:46 PM	3614209486	1013.00	27.08	29.22	100.6	28.04	29.22	92.0	27.31	29.22	98.5	NaN	29.22	NaN
12/07/2018 1:04:47 PM	3614209487	1013.00	27.08	29.22	100.6	28.07	29.22	91.7	27.30	29.22	98.6	NaN	29.22	NaN
12/07/2018 1:04:48 PM	3614209488	1013.00	27.10	29.23	100.4	28.09	29.23	91.5	27.33	29.23	98.3	NaN	29.23	NaN
12/07/2018 1:04:49 PM	3614209489	1013.00	27.09	29.24	100.5	28.07	29.24	91.7	27.32	29.24	98.3	NaN	29.24	NaN
12/07/2018 1:04:50 PM	3614209490	1013.00	27.10	29.24	100.4	28.05	29.24	91.8	27.31	29.24	98.4	NaN	29.24	NaN
12/07/2018 1:04:51 PM	3614209491	1013.00	27.08	29.25	100.6	28.04	29.25	91.9	27.31	29.25	98.4	NaN	29.25	NaN
12/07/2018 1:04:52 PM	3614209492	1013.00	27.11	29.24	100.3	28.02	29.24	92.1	27.31	29.24	98.4	NaN	29.24	NaN
12/07/2018 1:04:53 PM	3614209493	1013.00	27.11	29.24	100.3	28.06	29.24	91.8	27.32	29.24	98.3	NaN	29.24	NaN
12/07/2018 1:04:54 PM	3614209494	1013.00	27.12	29.24	100.2	28.08	29.24	91.6	27.32	29.24	98.3	NaN	29.24	NaN
12/07/2018 1:04:55 PM	3614209495	1013.00	27.11	29.23	100.3	28.10	29.23	91.4	27.36	29.23	98.0	NaN	29.23	NaN
12/07/2018 1:04:56 PM	3614209496	1013.00	27.11	29.23	100.3	28.08	29.23	91.6	27.38	29.23	97.8	NaN	29.23	NaN
12/07/2018 1:04:57 PM	3614209497	1013.00	27.10	29.22	100.4	28.06	29.22	91.8	27.36	29.22	98.0	NaN	29.22	NaN
12/07/2018 1:04:58 PM	3614209498	1013.00	27.09	29.23	100.5	28.09	29.23	91.5	27.34	29.23	98.2	NaN	29.23	NaN
12/07/2018 1:04:59 PM	3614209499	1013.00	27.13	29.23	100.1	28.16	29.23	90.9	27.32	29.23	98.4	NaN	29.23	NaN
12/07/2018 1:05:00 PM	3614209500	1013.00	27.14	29.23	100.0	28.15	29.23	91.0	27.36	29.23	98.0	NaN	29.23	NaN
12/07/2018 1:05:01 PM	3614209501	1013.00	27.11	29.23	100.3	28.07	29.23	91.7	27.33	29.23	98.3	NaN	29.23	NaN
12/07/2018 1:05:02 PM	3614209502	1013.00	27.14	29.24	100.0	28.16	29.24	90.9	27.37	29.24	97.9	NaN	29.24	NaN
12/07/2018 1:05:03 PM	3614209503	1013.00	27.15	29.24	99.9	28.15	29.24	91.0	27.37	29.24	97.9	NaN	29.24	NaN
12/07/2018 1:05:04 PM	3614209504	1013.00	27.12	29.24	100.2	28.17	29.24	90.8	27.39	29.24	97.7	NaN	29.24	NaN
12/07/2018 1:05:05 PM	3614209505	1013.00	27.16	29.23	99.9	28.14	29.23	91.1	27.40	29.23	97.6	NaN	29.23	NaN
12/07/2018 1:05:06 PM	3614209506	1013.00	27.15	29.24	99.9	28.11	29.24	91.3	27.36	29.24	98.0	NaN	29.24	NaN
12/07/2018 1:05:07 PM	3614209507	1013.00	27.12	29.25	100.2	28.12	29.25	91.2	27.36	29.25	97.9	NaN	29.25	NaN
12/07/2018 1:05:08 PM	3614209508	1013.00	27.12	29.23	100.2	28.15	29.23	91.0	27.36	29.23	98.0	NaN	29.23	NaN
12/07/2018 1:05:09 PM	3614209509	1013.00	27.14	29.23	100.0	28.18	29.23	90.8	27.39	29.23	97.7	NaN	29.23	NaN
12/07/2018 1:05:10 PM	3614209510	1013.00	27.17	29.23	99.8	28.18	29.23	90.8	27.33	29.23	98.3	NaN	29.23	NaN
12/07/2018 1:05:11 PM	3614209511	1013.00	27.17	29.22	99.8	28.15	29.22	91.0	27.37	29.22	97.9	NaN	29.22	NaN
12/07/2018 1:05:12 PM	3614209512	1013.00	27.14	29.22	100.1	28.16	29.22	90.9	27.39	29.22	97.7	NaN	29.22	NaN
12/07/2018 1:05:13 PM	3614209513	1013.00	27.16	29.22	99.9	28.19	29.22	90.7	27.35	29.22	98.1	NaN	29.22	NaN
12/07/2018 1:05:14 PM	3614209514	1013.00	27.15	29.23	99.9	28.18	29.23	90.8	27.41	29.23	97.5	NaN	29.23	NaN
12/07/2018 1:05:15 PM	3614209515	1013.00	27.13	29.23	100.1	28.20	29.23	90.6	27.38	29.23	97.8	NaN	29.23	NaN
12/07/2018 1:05:16 PM	3614209516	1013.00	27.12	29.23	100.2	28.18	29.23	90.8	27.49	29.23	96.8	NaN	29.23	NaN
12/07/2018 1:05:17 PM	3614209517	1013.00	27.17	29.23	99.8	28.20	29.23	90.6	27.42	29.23	97.4	NaN	29.23	NaN
12/07/2018 1:05:18 PM	3614209518	1013.00	27.16	29.23	99.9	28.20	29.23	90.6	27.44	29.23	97.2	NaN	29.23	NaN
12/07/2018 1:05:19 PM	3614209519	1013.00	27.18	29.22	99.7	28.20	29.22	90.6	27.47	29.22	97.0	NaN	29.22	NaN
12/07/2018 1:05:20 PM	3614209520	1013.00	27.16	29.22	99.9	28.30	29.22	89.8	27.44	29.22	97.3	NaN	29.22	NaN
12/07/2018 1:05:21 PM	3614209521	1013.00	27.15	29.24	99.9	28.24	29.24	90.2	27.41	29.24	97.5	NaN	29.24	NaN
12/07/2018 1:05:22 PM	3614209522	1013.00	27.18	29.24	99.6	28.24	29.24	90.2	27.45	29.24	97.1	NaN	29.24	NaN
12/07/2018 1:05:23 PM	3614209523	1013.00	27.18	29.23	99.7	28.23	29.23	90.3	27.44	29.23	97.2	NaN	29.23	NaN
12/07/2018 1:05:24 PM	3614209524	1013.00	27.17	29.24	99.7	28.27	29.24	90.0	27.46	29.24	97.0	NaN	29.24	NaN
12/07/2018 1:05:25 PM	3614209525	1013.00	27.18	29.24	99.6	28.23	29.24	90.3	27.42	29.24	97.4	NaN	29.24	NaN
12/07/2018 1:05:26 PM	3614209526	1013.00	27.16	29.23	99.9	28.26	29.23	90.1	27.46	29.23	97.1	NaN	29.23	NaN
12/07/2018 1:05:27 PM	3614209527	1013.00	27.20	29.23	99.5	28.27	29.23	90.0	27.42	29.23	97.4	NaN	29.23	NaN
12/07/2018 1:05:28 PM	3614209528	1013.00	27.19	29.23	99.6	28.24	29.23	90.3	27.48	29.23	96.9	NaN	29.23	NaN
12/07/2018 1:05:29 PM	3614209529	1013.00	27.19	29.23	99.6	28.26	29.23	90.1	27.45	29.23	97.2	NaN	29.23	NaN
12/07/2018 1:05:30 PM	3614209530	1013.00	27.18	29.23	99.7	28.31	29.23	89.7	27.45	29.23	97.2	NaN	29.23	NaN
12/07/2018 1:05:31 PM	3614209531	1013.00	27.16	29.22	99.9	28.31	29.22	89.7	27.42	29.22	97.4	NaN	29.22	NaN
12/07/2018 1:05:32 PM	3614209532	1013.00	27.18	29.23	99.7	28.28	29.23	89.9	27.43	29.23	97.3	NaN	29.23	NaN
12/07/2018 1:05:33 PM	3614209533	1013.00	27.17	29.23	99.8	28.28	29.23	89.9	27.50	29.23	96.7	NaN	29.23	NaN
12/07/2018 1:05:34 PM	3614209534	1013.00	27.18	29.23	99.7	28.30	29.23	89.8	27.47	29.23	97.0	NaN	29.23	NaN
12/07/2018 1:05:35 PM	3614209535	1013.00	27.19	29.22	99.6	28.28	29.22	89.9	27.49	29.22	96.8	NaN	29.22	NaN
12/07/2018 1:05:36 PM	3614209536	1013.00	27.21	29.23	99.4	28.25	29.23	90.2	27.44	29.23	97.2	NaN	29.23	NaN
12/07/2018 1:05:37 PM	3614209537	1013.00	27.19	29.22	99.6	28.35	29.22	89.4	27.46	29.22	97.1	NaN	29.22	NaN
12/07/2018 1:05:38 PM	3614209538	1013.00	27.20	29.22	99.5	28.35	29.22	89.4	27.46	29.22	97.1	NaN	29.22	NaN
12/07/2018 1:05:39 PM	3614209539	1013.00	27.19	29.23	99.6	28.32	29.23	89.6	27.51	29.23	96.6	NaN	29.23	NaN
12/07/2018 1:05:40 PM	3614209540	1013.00	27.19	29.23	99.6	28.30	29.23	89.8	27.47	29.23	97.0	NaN	29.23	NaN
12/07/2018 1:05:41 PM	3614209541	1013.00	27.19	29.23	99.6	28.30	29.23	89.8	27.50	29.23	96.7	NaN	29.23	NaN
12/07/2018 1:05:42 PM	3614209542	1013.00	27.21	29.23	99.4	28.27	29.23	90.0	27.46	29.23	97.1	NaN	29.23	NaN
12/07/2018 1:05:43 PM	3614209543	1013.00	27.22	29.24	99.3	28.32	29.24	89.6	27.44	29.24	97.2	NaN	29.24	NaN
12/07/2018 1:05:44 PM	3614209544	1013.00	27.21	29.23	99.4	28.36	29.23	89.3	27.45	29.23	97.2	NaN	29.23	NaN
12/07/2018 1:05:45 PM	3614209545	1013.00	27.21	29.23	99.4	28.37	29.23	89.2	27.51	29.23	96.6	NaN	29.23	NaN
12/07/2018 1:05:46 PM	3614209546	1013.00	27.23	29.23	99.2	28.36	29.23	89.3	27.48	29.23	96.9	NaN	29.23	NaN
12/07/2018 1:05:47 PM	3614209547	1013.00	27.25	29.23	99.0	28.35	29.23	89.3	27.48	29.23	96.9	NaN	29.23	NaN
12/07/2018 1:05:48 PM	3614209548	1013.00	27.22	29.23	99.3	28.36	29.23	89.3	27.50	29.23	96.7	NaN	29.23	NaN
12/07/2018 1:05:49 PM	3614209549	1013.00	27.22	29.23	99.3	28.37	29.23	89.2	27.52	29.23	96.5	NaN	29.23	NaN
12/07/2018 1:05:50 PM	3614209550	1013.00	27.25	29.23	99.0	28.41	29.23	88.8	27.54	29.23	96.3	NaN	29.23	NaN
12/07/2018 1:05:51 PM	3614209551	1013.00	27.25	29.24	99.0	28.40	29.24	88.9	27.50	29.24	96.7	NaN	29.24	NaN
12/07/2018 1:05:52 PM	3614209552	1013.00	27.24	29.23	99.1	28.42	29.23	88.8	27.49	29.23	96.8	NaN	29.23	NaN
12/07/2018 1:05:53 PM	3614209553	1013.00	27.22	29.23	99.3	28.36	29.23	89.3	27.49	29.23	96.8	NaN	29.23	NaN
12/07/2018 1:05:54 PM	3614209554	1013.00	27.25	29.23	99.0	28.41	29.23	88.8	27.55	29.23	96.2	NaN	29.23	NaN
12/07/2018 1:05:55 PM	3614209555	1013.00	27.23	29.23	99.2	28.38	29.23	89.1	27.50	29.23	96.7	NaN	29.23	NaN
12/07/2018 1:05:56 PM	3614209556	1013.00	27.24	29.24	99.1	28.43	29.24	88.7	27.53	29.24	96.4	NaN	29.24	NaN
12/07/2018 1:05:57 PM	3614209557	1013.00	27.24	29.25	99.1	28.44	29.25	88.6	27.50	29.25	96.7	NaN	29.25	NaN
12/07/2018 1:05:58 PM	3614209558	1013.00	27.23	29.25	99.2	28.39	29.25	89.0	27.56	29.25	96.1	NaN	29.25	NaN
12/07/2018 1:05:59 PM	3614209559	1013.00	27.23	29.26	99.1	28.41	29.26	88.8	27.50	29.26	96.6	NaN	29.26	NaN
12/07/2018 1:06:00 PM	3614209560	1013.00	27.26	29.25	98.9	28.45	29.25	88.5	27.55	29.25	96.2	NaN	29.25	NaN
12/07/2018 1:06:01 PM	3614209561	1013.00	27.27	29.25	98.8	28.45	29.25	88.5	27.59	29.25	95.9	NaN	29.25	NaN
12/07/2018 1:06:02 PM	3614209562	1013.00	27.23	29.26	99.1	28.46	29.26	88.4	27.57	29.26	96.0	NaN	29.26	NaN
12/07/2018 1:06:03 PM	3614209563	1013.00	27.24	29.24	99.1	28.44	29.24	88.6	27.57	29.24	96.0	NaN	29.24	NaN
12/07/2018 1:06:04 PM	3614209564	1013.00	27.27	29.24	98.8	28.45	29.24	88.5	27.52	29.24	96.5	NaN	29.24	NaN
12/07/2018 1:06:05 PM	3614209565	1013.00	27.24	29.25	99.1	28.46	29.25	88.4	27.53	29.25	96.4	NaN	29.25	NaN
12/07/2018 1:06:06 PM	3614209566	1013.00	27.25	29.25	99.0	28.48	29.25	88.2	27.60	29.25	95.8	NaN	29.25	NaN
12/07/2018 1:06:07 PM	3614209567	1013.00	27.27	29.24	98.8	28.49	29.24	88.2	27.55	29.24	96.2	NaN	29.24	NaN
12/07/2018 1:06:08 PM	3614209568	1013.00	27.27	29.25	98.8	28.50	29.25	88.1	27.56	29.25	96.1	NaN	29.25	NaN
12/07/2018 1:06:09 PM	3614209569	1013.00	27.25	29.24	99.0	28.48	29.24	88.3	27.61	29.24	95.7	NaN	29.24	NaN
12/07/2018 1:06:10 PM	3614209570	1013.00	27.27	29.24	98.8	28.53	29.24	87.9	27.60	29.24	95.8	NaN	29.24	NaN
12/07/2018 1:06:11 PM	3614209571	1013.00	27.25	29.24	99.0	28.46	29.24	88.4	27.53	29.24	96.4	NaN	29.24	NaN
12/07/2018 1:06:12 PM	3614209572	1013.00	27.28	29.24	98.7	28.46	29.24	88.4	27.54	29.24	96.3	NaN	29.24	NaN
12/07/2018 1:06:13 PM	3614209573	1013.00	27.25	29.25	99.0	28.53	29.25	87.8	27.55	29.25	96.2	NaN	29.25	NaN
12/07/2018 1:06:14 PM	3614209574	1013.00	27.28	29.24	98.7	28.51	29.24	88.0	27.59	29.24	95.9	NaN	29.24	NaN
12/07/2018 1:06:15 PM	3614209575	1013.00	27.25	29.24	99.0	28.57	29.24	87.5	27.60	29.24	95.8	NaN	29.24	NaN
12/07/2018 1:06:16 PM	3614209576	1013.00	27.31	29.24	98.4	28.59	29.24	87.4	27.57	29.24	96.0	NaN	29.24	NaN
12/07/2018 1:06:17 PM	3614209577	1013.00	27.29	29.23	98.6	28.56	29.23	87.6	27.56	29.23	96.2	NaN	29.23	NaN
12/07/2018 1:06:18 PM	3614209578	1013.00	27.29	29.23	98.6	28.55	29.23	87.7	27.60	29.23	95.8	NaN	29.23	NaN
12/07/2018 1:06:19 PM	3614209579	1013.00	27.29	29.23	98.6	28.51	29.23	88.0	27.59	29.23	95.9	NaN	29.23	NaN
12/07/2018 1:06:20 PM	3614209580	1013.00	27.26	29.24	98.9	28.55	29.24	87.7	27.62	29.24	95.6	NaN	29.24	NaN
12/07/2018 1:06:21 PM	3614209581	1013.00	27.29	29.24	98.6	28.56	29.24	87.6	27.57	29.24	96.0	NaN	29.24	NaN
12/07/2018 1:06:22 PM	3614209582	1013.00	27.32	29.23	98.4	28.54	29.23	87.8	27.61	29.23	95.7	NaN	29.23	NaN
12/07/2018 1:06:23 PM	3614209583	1013.00	27.30	29.24	98.5	28.59	29.24	87.4	27.65	29.24	95.3	NaN	29.24	NaN
12/07/2018 1:06:24 PM	3614209584	1013.00	27.32	29.24	98.3	28.58	29.24	87.5	27.63	29.24	95.5	NaN	29.24	NaN
12/07/2018 1:06:25 PM	3614209585	1013.00	27.28	29.23	98.7	28.66	29.23	86.8	27.58	29.23	96.0	NaN	29.23	NaN
12/07/2018 1:06:26 PM	3614209586	1013.00	27.32	29.23	98.4	28.63	29.23	87.1	27.61	29.23	95.7	NaN	29.23	NaN
12/07/2018 1:06:27 PM	3614209587	1013.00	27.32	29.23	98.4	28.61	29.23	87.2	27.58	29.23	96.0	NaN	29.23	NaN
12/07/2018 1:06:28 PM	3614209588	1013.00	27.34	29.23	98.2	28.65	29.23	86.9	27.62	29.23	95.6	NaN	29.23	NaN
12/07/2018 1:06:29 PM	3614209589	1013.00	27.33	29.23	98.3	28.70	29.23	86.5	27.62	29.23	95.6	NaN	29.23	NaN
12/07/2018 1:06:30 PM	3614209590	1013.00	27.33	29.23	98.3	28.65	29.23	86.9	27.58	29.23	96.0	NaN	29.23	NaN
12/07/2018 1:06:31 PM	3614209591	1013.00	27.31	29.23	98.4	28.61	29.23	87.2	27.65	29.23	95.3	NaN	29.23	NaN
12/07/2018 1:06:32 PM	3614209592	1013.00	27.32	29.23	98.4	28.63	29.23	87.1	27.64	29.23	95.4	NaN	29.23	NaN
12/07/2018 1:06:33 PM	3614209593	1013.00	27.34	29.23	98.2	28.63	29.23	87.1	27.65	29.23	95.3	NaN	29.23	NaN
12/07/2018 1:06:34 PM	3614209594	1013.00	27.33	29.23	98.3	28.66	29.23	86.8	27.62	29.23	95.6	NaN	29.23	NaN
12/07/2018 1:06:35 PM	3614209595	1013.00	27.32	29.24	98.3	28.65	29.24	86.9	27.62	29.24	95.6	NaN	29.24	NaN
12/07/2018 1:06:36 PM	3614209596	1013.00	27.30	29.24	98.5	28.63	29.24	87.1	27.63	29.24	95.5	NaN	29.24	NaN
12/07/2018 1:06:37 PM	3614209597	1013.00	27.30	29.23	98.5	28.67	29.23	86.7	27.65	29.23	95.3	NaN	29.23	NaN
12/07/2018 1:06:38 PM	3614209598	1013.00	27.32	29.24	98.3	28.62	29.24	87.1	27.61	29.24	95.7	NaN	29.24	NaN
12/07/2018 1:06:39 PM	3614209599	1013.00	27.33	29.23	98.3	28.65	29.23	86.9	27.66	29.23	95.3	NaN	29.23	NaN
12/07/2018 1:06:40 PM	3614209600	1013.00	27.32	29.24	98.3	28.67	29.24	86.7	27.64	29.24	95.4	NaN	29.24	NaN
12/07/2018 1:06:41 PM	3614209601	1013.00	27.33	29.24	98.2	28.68	29.24	86.7	27.65	29.24	95.3	NaN	29.24	NaN
12/07/2018 1:06:42 PM	3614209602	1013.00	27.36	29.24	98.0	28.70	29.24	86.5	27.64	29.24	95.4	NaN	29.24	NaN
12/07/2018 1:06:43 PM	3614209603	1013.00	27.35	29.24	98.1	28.66	29.24	86.8	27.66	29.24	95.2	NaN	29.24	NaN
12/07/2018 1:06:44 PM	3614209604	1013.00	27.34	29.23	98.2	28.66	29.23	86.8	27.65	29.23	95.3	NaN	29.23	NaN
12/07/2018 1:06:45 PM	3614209605	1013.00	27.34	29.22	98.2	28.71	29.22	86.4	27.71	29.22	94.8	NaN	29.22	NaN
12/07/2018 1:06:46 PM	3614209606	1013.00	27.33	29.22	98.3	28.71	29.22	86.4	27.69	29.22	95.0	NaN	29.22	NaN
12/07/2018 1:06:47 PM	3614209607	1013.00	27.35	29.21	98.1	28.68	29.21	86.7	27.68	29.21	95.1	NaN	29.21	NaN
12/07/2018 1:06:48 PM	3614209608	1013.00	27.37	29.21	97.9	28.69	29.21	86.6	27.70	29.21	94.9	NaN	29.21	NaN
12/07/2018 1:06:49 PM	3614209609	1013.00	27.38	29.22	97.8	28.71	29.22	86.4	27.66	29.22	95.3	NaN	29.22	NaN
12/07/2018 1:06:50 PM	3614209610	1013.00	27.34	29.23	98.2	28.73	29.23	86.3	27.70	29.23	94.9	NaN	29.23	NaN
12/07/2018 1:06:51 PM	3614209611	1013.00	27.38	29.24	97.8	28.72	29.24	86.3	27.69	29.24	95.0	NaN	29.24	NaN
12/07/2018 1:06:52 PM	3614209612	1013.00	27.34	29.25	98.1	28.74	29.25	86.2	27.71	29.25	94.8	NaN	29.25	NaN
12/07/2018 1:06:53 PM	3614209613	1013.00	27.35	29.25	98.0	28.71	29.25	86.4	27.72	29.25	94.7	NaN	29.25	NaN
12/07/2018 1:06:54 PM	3614209614	1013.00	27.37	29.25	97.9	28.68	29.25	86.6	27.72	29.25	94.7	NaN	29.25	NaN
12/07/2018 1:06:55 PM	3614209615	1013.00	27.36	29.25	97.9	28.75	29.25	86.1	27.78	29.25	94.2	NaN	29.25	NaN
12/07/2018 1:06:56 PM	3614209616	1013.00	27.35	29.24	98.1	28.76	29.24	86.0	27.71	29.24	94.8	NaN	29.24	NaN
12/07/2018 1:06:57 PM	3614209617	1013.00	27.37	29.24	97.9	28.74	29.24	86.2	27.76	29.24	94.4	NaN	29.24	NaN
12/07/2018 1:06:58 PM	3614209618	1013.00	27.38	29.24	97.8	28.78	29.24	85.9	27.72	29.24	94.7	NaN	29.24	NaN
12/07/2018 1:06:59 PM	3614209619	1013.00	27.35	29.23	98.1	28.77	29.23	86.0	27.76	29.23	94.4	NaN	29.23	NaN
12/07/2018 1:07:00 PM	3614209620	1013.00	27.40	29.23	97.6	28.76	29.23	86.0	27.74	29.23	94.5	NaN	29.23	NaN
12/07/2018 1:07:01 PM	3614209621	1013.00	27.36	29.23	98.0	28.78	29.23	85.9	27.70	29.23	94.9	NaN	29.23	NaN
12/07/2018 1:07:02 PM	3614209622	1013.00	27.37	29.24	97.9	28.84	29.24	85.4	27.74	29.24	94.5	NaN	29.24	NaN
12/07/2018 1:07:03 PM	3614209623	1013.00	27.39	29.23	97.7	28.78	29.23	85.9	27.73	29.23	94.6	NaN	29.23	NaN
12/07/2018 1:07:04 PM	3614209624	1013.00	27.39	29.23	97.7	28.79	29.23	85.8	27.74	29.23	94.5	NaN	29.23	NaN
12/07/2018 1:07:05 PM	3614209625	1013.00	27.38	29.22	97.8	28.80	29.22	85.7	27.75	29.22	94.5	NaN	29.22	NaN
12/07/2018 1:07:06 PM	3614209626	1013.00	27.39	29.22	97.7	28.85	29.22	85.3	27.72	29.22	94.7	NaN	29.22	NaN
12/07/2018 1:07:07 PM	3614209627	1013.00	27.38	29.21	97.8	28.81	29.21	85.7	27.75	29.21	94.5	NaN	29.21	NaN
12/07/2018 1:07:08 PM	3614209628	1013.00	27.40	29.22	97.6	28.85	29.22	85.3	27.79	29.22	94.1	NaN	29.22	NaN
12/07/2018 1:07:09 PM	3614209629	1013.00	27.43	29.21	97.4	28.82	29.21	85.6	27.76	29.21	94.4	NaN	29.21	NaN
12/07/2018 1:07:10 PM	3614209630	1013.00	27.41	29.22	97.5	28.83	29.22	85.5	27.76	29.22	94.4	NaN	29.22	NaN
12/07/2018 1:07:11 PM	3614209631	1013.00	27.39	29.22	97.7	28.84	29.22	85.4	27.77	29.22	94.3	NaN	29.22	NaN
12/07/2018 1:07:12 PM	3614209632	1013.00	27.39	29.22	97.7	28.88	29.22	85.1	27.72	29.22	94.7	NaN	29.22	NaN
12/07/2018 1:07:13 PM	3614209633	1013.00	27.41	29.22	97.5	28.85	29.22	85.3	27.73	29.22	94.7	NaN	29.22	NaN
12/07/2018 1:07:14 PM	3614209634	1013.00	27.39	29.23	97.7	28.82	29.23	85.6	27.74	29.23	94.5	NaN	29.23	NaN
12/07/2018 1:07:15 PM	3614209635	1013.00	27.41	29.23	97.5	28.88	29.23	85.1	27.77	29.23	94.3	NaN	29.23	NaN
12/07/2018 1:07:16 PM	3614209636	1013.00	27.41	29.23	97.5	28.88	29.23	85.1	27.71	29.23	94.8	NaN	29.23	NaN
12/07/2018 1:07:17 PM	3614209637	1013.00	27.40	29.24	97.6	28.90	29.24	84.9	27.75	29.24	94.4	NaN	29.24	NaN
12/07/2018 1:07:18 PM	3614209638	1013.00	27.41	29.24	97.5	28.84	29.24	85.4	27.75	29.24	94.4	NaN	29.24	NaN
12/07/2018 1:07:19 PM	3614209639	1013.00	27.43	29.24	97.3	28.87	29.24	85.2	27.81	29.24	93.9	NaN	29.24	NaN
12/07/2018 1:07:20 PM	3614209640	1013.00	27.40	29.24	97.6	28.90	29.24	84.9	27.74	29.24	94.5	NaN	29.24	NaN
12/07/2018 1:07:21 PM	3614209641	1013.00	27.43	29.23	97.3	28.90	29.23	84.9	27.75	29.23	94.5	NaN	29.23	NaN
12/07/2018 1:07:22 PM	3614209642	1013.00	27.42	29.24	97.4	28.88	29.24	85.1	27.77	29.24	94.3	NaN	29.24	NaN
12/07/2018 1:07:23 PM	3614209643	1013.00	27.43	29.23	97.3	28.90	29.23	84.9	27.79	29.23	94.1	NaN	29.23	NaN
12/07/2018 1:07:24 PM	3614209644	1013.00	27.45	29.23	97.2	28.96	29.23	84.5	27.77	29.23	94.3	NaN	29.23	NaN
12/07/2018 1:07:25 PM	3614209645	1013.00	27.44	29.23	97.2	28.89	29.23	85.0	27.84	29.23	93.7	NaN	29.23	NaN
12/07/2018 1:07:26 PM	3614209646	1013.00	27.43	29.23	97.3	28.88	29.23	85.1	27.79	29.23	94.1	NaN	29.23	NaN
12/07/2018 1:07:27 PM	3614209647	1013.00	27.44	29.23	97.2	28.90	29.23	84.9	27.79	29.23	94.1	NaN	29.23	NaN
12/07/2018 1:07:28 PM	3614209648	1013.00	27.43	29.23	97.3	28.95	29.23	84.6	27.77	29.23	94.3	NaN	29.23	NaN
12/07/2018 1:07:29 PM	3614209649	1013.00	27.42	29.23	97.4	28.94	29.23	84.6	27.78	29.23	94.2	NaN	29.23	NaN
12/07/2018 1:07:30 PM	3614209650	1013.00	27.43	29.23	97.3	28.96	29.23	84.5	27.77	29.23	94.3	NaN	29.23	NaN
12/07/2018 1:07:31 PM	3614209651	1013.00	27.46	29.23	97.1	28.96	29.23	84.5	27.79	29.23	94.1	NaN	29.23	NaN
12/07/2018 1:07:32 PM	3614209652	1013.00	27.43	29.22	97.4	28.97	29.22	84.4	27.78	29.22	94.2	NaN	29.22	NaN
12/07/2018 1:07:33 PM	3614209653	1013.00	27.47	29.22	97.0	28.97	29.22	84.4	27.82	29.22	93.9	NaN	29.22	NaN
12/07/2018 1:07:34 PM	3614209654	1013.00	27.45	29.21	97.2	28.97	29.21	84.4	27.80	29.21	94.1	NaN	29.21	NaN
12/07/2018 1:07:35 PM	3614209655	1013.00	27.46	29.22	97.1	28.97	29.22	84.4	27.82	29.22	93.9	NaN	29.22	NaN
12/07/2018 1:07:36 PM	3614209656	1013.00	27.46	29.22	97.1	29.00	29.22	84.2	27.81	29.22	93.9	NaN	29.22	NaN
12/07/2018 1:07:37 PM	3614209657	1013.00	27.46	29.23	97.1	28.98	29.23	84.3	27.78	29.23	94.2	NaN	29.23	NaN
12/07/2018 1:07:38 PM	3614209658	1013.00	27.47	29.22	97.0	29.04	29.22	83.9	27.83	29.22	93.8	NaN	29.22	NaN
12/07/2018 1:07:39 PM	3614209659	1013.00	27.47	29.23	97.0	29.02	29.23	84.0	27.85	29.23	93.6	NaN	29.23	NaN
12/07/2018 1:07:40 PM	3614209660	1013.00	27.49	29.24	96.8	29.01	29.24	84.1	27.87	29.24	93.4	NaN	29.24	NaN
12/07/2018 1:07:41 PM	3614209661	1013.00	27.49	29.24	96.8	29.04	29.24	83.9	27.83	29.24	93.7	NaN	29.24	NaN
12/07/2018 1:07:42 PM	3614209662	1013.00	27.50	29.23	96.7	29.00	29.23	84.2	27.81	29.23	93.9	NaN	29.23	NaN
12/07/2018 1:07:43 PM	3614209663	1013.00	27.47	29.23	97.0	29.05	29.23	83.8	27.82	29.23	93.8	NaN	29.23	NaN
12/07/2018 1:07:44 PM	3614209664	1013.00	27.48	29.24	96.9	29.09	29.24	83.5	27.89	29.24	93.2	NaN	29.24	NaN
12/07/2018 1:07:45 PM	3614209665	1013.00	27.50	29.23	96.7	29.07	29.23	83.6	27.83	29.23	93.8	NaN	29.23	NaN
12/07/2018 1:07:46 PM	3614209666	1013.00	27.48	29.23	96.9	29.10	29.23	83.4	27.90	29.23	93.1	NaN	29.23	NaN
12/07/2018 1:07:47 PM	3614209667	1013.00	27.49	29.23	96.8	29.06	29.23	83.7	27.87	29.23	93.4	NaN	29.23	NaN
12/07/2018 1:07:48 PM	3614209668	1013.00	27.49	29.23	96.8	29.10	29.23	83.4	27.84	29.23	93.7	NaN	29.23	NaN
12/07/2018 1:07:49 PM	3614209669	1013.00	27.52	29.23	96.5	29.11	29.23	83.3	27.90	29.23	93.1	NaN	29.23	NaN
12/07/2018 1:07:50 PM	3614209670	1013.00	27.49	29.22	96.8	29.08	29.22	83.6	27.90	29.22	93.2	NaN	29.22	NaN
12/07/2018 1:07:51 PM	3614209671	1013.00	27.47	29.22	97.0	29.16	29.22	83.0	27.87	29.22	93.4	NaN	29.22	NaN
12/07/2018 1:07:52 PM	3614209672	1013.00	27.50	29.22	96.7	29.14	29.22	83.1	27.91	29.22	93.1	NaN	29.22	NaN
12/07/2018 1:07:53 PM	3614209673	1013.00	27.50	29.22	96.7	29.12	29.22	83.3	27.87	29.22	93.4	NaN	29.22	NaN
12/07/2018 1:07:54 PM	3614209674	1013.00	27.52	29.22	96.5	29.17	29.22	82.9	27.87	29.22	93.4	NaN	29.22	NaN
12/07/2018 1:07:55 PM	3614209675	1013.00	27.49	29.22	96.8	29.13	29.22	83.2	27.96	29.22	92.6	NaN	29.22	NaN
12/07/2018 1:07:56 PM	3614209676	1013.00	27.50	29.22	96.7	29.18	29.22	82.8	27.89	29.22	93.3	NaN	29.22	NaN
12/07/2018 1:07:57 PM	3614209677	1013.00	27.55	29.21	96.3	29.17	29.21	82.9	27.90	29.21	93.2	NaN	29.21	NaN
12/07/2018 1:07:58 PM	3614209678	1013.00	27.51	29.22	96.6	29.13	29.22	83.2	27.92	29.22	93.0	NaN	29.22	NaN
12/07/2018 1:07:59 PM	3614209679	1013.00	27.54	29.22	96.4	29.18	29.22	82.8	27.92	29.22	93.0	NaN	29.22	NaN
12/07/2018 1:08:00 PM	3614209680	1013.00	27.53	29.22	96.4	29.15	29.22	83.0	27.91	29.22	93.1	NaN	29.22	NaN
12/07/2018 1:08:01 PM	3614209681	1013.00	27.50	29.23	96.7	29.19	29.23	82.7	27.93	29.23	92.9	NaN	29.23	NaN
12/07/2018 1:08:02 PM	3614209682	1013.00	27.53	29.23	96.4	29.20	29.23	82.7	27.91	29.23	93.1	NaN	29.23	NaN
12/07/2018 1:08:03 PM	3614209683	1013.00	27.53	29.23	96.4	29.19	29.23	82.7	27.97	29.23	92.5	NaN	29.23	NaN
12/07/2018 1:08:04 PM	3614209684	1013.00	27.53	29.23	96.4	29.19	29.23	82.7	27.92	29.23	93.0	NaN	29.23	NaN
12/07/2018 1:08:05 PM	3614209685	1013.00	27.51	29.23	96.6	29.25	29.23	82.3	27.96	29.23	92.6	NaN	29.23	NaN
12/07/2018 1:08:06 PM	3614209686	1013.00	27.54	29.23	96.3	29.21	29.23	82.6	27.91	29.23	93.1	NaN	29.23	NaN
12/07/2018 1:08:07 PM	3614209687	1013.00	27.55	29.23	96.2	29.20	29.23	82.7	27.97	29.23	92.5	NaN	29.23	NaN
12/07/2018 1:08:08 PM	3614209688	1013.00	27.56	29.23	96.2	29.23	29.23	82.4	27.92	29.23	93.0	NaN	29.23	NaN
12/07/2018 1:08:09 PM	3614209689	1013.00	27.56	29.24	96.1	29.22	29.24	82.5	27.94	29.24	92.8	NaN	29.24	NaN
12/07/2018 1:08:10 PM	3614209690	1013.00	27.55	29.23	96.2	29.26	29.23	82.2	27.96	29.23	92.6	NaN	29.23	NaN
12/07/2018 1:08:11 PM	3614209691	1013.00	27.54	29.23	96.3	29.23	29.23	82.4	27.95	29.23	92.7	NaN	29.23	NaN
12/07/2018 1:08:12 PM	3614209692	1013.00	27.56	29.23	96.2	29.25	29.23	82.3	27.94	29.23	92.8	NaN	29.23	NaN
12/07/2018 1:08:13 PM	3614209693	1013.00	27.57	29.23	96.1	29.24	29.23	82.4	27.95	29.23	92.7	NaN	29.23	NaN
12/07/2018 1:08:14 PM	3614209694	1013.00	27.57	29.23	96.1	29.26	29.23	82.2	28.00	29.23	92.3	NaN	29.23	NaN
12/07/2018 1:08:15 PM	3614209695	1013.00	27.57	29.23	96.1	29.27	29.23	82.1	27.96	29.23	92.6	NaN	29.23	NaN
12/07/2018 1:08:16 PM	3614209696	1013.00	27.56	29.23	96.2	29.29	29.23	82.0	27.99	29.23	92.4	NaN	29.23	NaN
12/07/2018 1:08:17 PM	3614209697	1013.00	27.58	29.23	96.0	29.28	29.23	82.1	27.97	29.23	92.5	NaN	29.23	NaN
12/07/2018 1:08:18 PM	3614209698	1013.00	27.55	29.22	96.3	29.29	29.22	82.0	27.99	29.22	92.4	NaN	29.22	NaN
12/07/2018 1:08:19 PM	3614209699	1013.00	27.57	29.22	96.1	29.34	29.22	81.6	27.98	29.22	92.5	NaN	29.22	NaN
12/07/2018 1:08:20 PM	3614209700	1013.00	27.59	29.23	95.9	29.36	29.23	81.5	27.95	29.23	92.7	NaN	29.23	NaN
12/07/2018 1:08:21 PM	3614209701	1013.00	27.60	29.23	95.8	29.29	29.23	82.0	27.95	29.23	92.7	NaN	29.23	NaN
12/07/2018 1:08:22 PM	3614209702	1013.00	27.55	29.22	96.3	29.30	29.22	81.9	28.05	29.22	91.9	NaN	29.22	NaN
12/07/2018 1:08:23 PM	3614209703	1013.00	27.57	29.22	96.1	29.29	29.22	82.0	27.98	29.22	92.5	NaN	29.22	NaN
12/07/2018 1:08:24 PM	3614209704	1013.00	27.59	29.22	95.9	29.32	29.22	81.8	28.02	29.22	92.1	NaN	29.22	NaN
12/07/2018 1:08:25 PM	3614209705	1013.00	27.58	29.22	96.0	29.36	29.22	81.5	27.99	29.22	92.4	NaN	29.22	NaN
12/07/2018 1:08:26 PM	3614209706	1013.00	27.59	29.22	95.9	29.33	29.22	81.7	27.96	29.22	92.6	NaN	29.22	NaN
12/07/2018 1:08:27 PM	3614209707	1013.00	27.60	29.23	95.8	29.39	29.23	81.2	28.01	29.23	92.2	NaN	29.23	NaN
12/07/2018 1:08:28 PM	3614209708	1013.00	27.60	29.24	95.8	29.33	29.24	81.7	28.02	29.24	92.1	NaN	29.24	NaN
