Date & time of file creation	12/07/2018 1:10 PM													
Data file path	C:\Users\ameli\Desktop\Diego Barneche\2018_07_12\29_C_old_witrox_22.txt													
														
														
CALIBRATION DATA														
Parameter/Channel	N moving average	LO phase [r.U.]	HI phase [r.U.]	LO oxygen [%air saturation]	HI oxygen [%air saturation]	LO temperature [°C]	HI temperature [°C]	Salinity [‰]						
S WOT 0041 000001   , CH 1	1	59.42	26.64	0.00	100.00	32.07	32.05	0.000						
S WOT 0041 000001   , CH 2	1	59.42	26.64	0.00	100.00	32.07	32.05	0.000						
S WOT 0041 000001   , CH 3	1	59.42	26.64	0.00	100.00	32.07	32.05	0.000						
S WOT 0041 000001   , CH 4	1	59.42	26.64	0.00	100.00	32.07	32.05	0.000						
														
														
Date &Time [DD-MM-YYYY HH:MM:SS]	Time stamp code	Barometric pressure [hPa]	S WOT 0041 000001   , CH 1 phase [r.U.]	S WOT 0041 000001   , CH 1 temp [°C]	S WOT 0041 000001   , CH 1 O2 [% air saturation]	S WOT 0041 000001   , CH 2 phase [r.U.]	S WOT 0041 000001   , CH 2 temp [°C]	S WOT 0041 000001   , CH 2 O2 [% air saturation]	S WOT 0041 000001   , CH 3 phase [r.U.]	S WOT 0041 000001   , CH 3 temp [°C]	S WOT 0041 000001   , CH 3 O2 [% air saturation]	S WOT 0041 000001   , CH 4 phase [r.U.]	S WOT 0041 000001   , CH 4 temp [°C]	S WOT 0041 000001   , CH 4 O2 [% air saturation]
12/07/2018 1:10:40 PM	3614209840	1013.00	26.83	29.21	103.1	26.77	29.21	103.7	26.62	29.21	105.2	26.68	29.21	104.6
12/07/2018 1:10:41 PM	3614209841	1013.00	26.84	29.22	103.0	26.80	29.22	103.3	26.65	29.22	104.8	26.61	29.22	105.2
12/07/2018 1:10:42 PM	3614209842	1013.00	26.84	29.22	103.0	26.78	29.22	103.5	26.65	29.22	104.8	26.67	29.22	104.6
12/07/2018 1:10:43 PM	3614209843	1013.00	26.86	29.22	102.8	26.74	29.22	103.9	26.61	29.22	105.2	26.67	29.22	104.6
12/07/2018 1:10:44 PM	3614209844	1013.00	26.81	29.22	103.2	26.78	29.22	103.5	26.64	29.22	104.9	26.64	29.22	104.9
12/07/2018 1:10:45 PM	3614209845	1013.00	26.82	29.22	103.1	26.75	29.22	103.8	26.65	29.22	104.8	26.66	29.22	104.7
12/07/2018 1:10:46 PM	3614209846	1013.00	26.86	29.22	102.8	26.79	29.22	103.4	26.60	29.22	105.3	26.64	29.22	104.9
12/07/2018 1:10:47 PM	3614209847	1013.00	26.86	29.21	102.8	26.76	29.21	103.8	26.66	29.21	104.8	26.66	29.21	104.8
12/07/2018 1:10:48 PM	3614209848	1013.00	26.86	29.22	102.8	26.75	29.22	103.8	26.64	29.22	104.9	26.64	29.22	104.9
12/07/2018 1:10:49 PM	3614209849	1013.00	26.82	29.22	103.1	26.77	29.22	103.6	26.62	29.22	105.1	26.67	29.22	104.6
12/07/2018 1:10:50 PM	3614209850	1013.00	26.83	29.22	103.0	26.75	29.22	103.8	26.63	29.22	105.0	26.64	29.22	104.9
12/07/2018 1:10:51 PM	3614209851	1013.00	26.83	29.22	103.0	26.76	29.22	103.7	26.65	29.22	104.8	26.67	29.22	104.6
12/07/2018 1:10:52 PM	3614209852	1013.00	26.82	29.22	103.1	26.75	29.22	103.8	26.66	29.22	104.7	26.66	29.22	104.7
12/07/2018 1:10:53 PM	3614209853	1013.00	26.82	29.21	103.2	26.76	29.21	103.8	26.67	29.21	104.7	26.65	29.21	104.9
12/07/2018 1:10:54 PM	3614209854	1013.00	26.85	29.22	102.9	26.74	29.22	103.9	26.65	29.22	104.8	26.66	29.22	104.7
12/07/2018 1:10:55 PM	3614209855	1013.00	26.83	29.22	103.0	26.75	29.22	103.8	26.68	29.22	104.5	26.67	29.22	104.6
12/07/2018 1:10:56 PM	3614209856	1013.00	26.86	29.21	102.8	26.77	29.21	103.7	26.66	29.21	104.8	26.67	29.21	104.7
12/07/2018 1:10:57 PM	3614209857	1013.00	26.85	29.21	102.9	26.75	29.21	103.9	26.66	29.21	104.8	26.65	29.21	104.9
12/07/2018 1:10:58 PM	3614209858	1013.00	26.84	29.20	103.0	26.77	29.20	103.7	26.62	29.20	105.2	26.64	29.20	105.0
12/07/2018 1:10:59 PM	3614209859	1013.00	26.87	29.20	102.7	26.79	29.20	103.5	26.66	29.20	104.8	26.66	29.20	104.8
12/07/2018 1:11:00 PM	3614209860	1013.00	26.83	29.19	103.1	26.79	29.19	103.5	26.68	29.19	104.6	26.67	29.19	104.7
12/07/2018 1:11:01 PM	3614209861	1013.00	26.83	29.20	103.1	26.75	29.20	103.9	26.66	29.20	104.8	26.66	29.20	104.8
12/07/2018 1:11:02 PM	3614209862	1013.00	26.86	29.21	102.8	26.75	29.21	103.9	26.69	29.21	104.5	26.67	29.21	104.7
12/07/2018 1:11:03 PM	3614209863	1013.00	26.85	29.22	102.9	26.78	29.22	103.5	26.65	29.22	104.8	26.67	29.22	104.6
12/07/2018 1:11:04 PM	3614209864	1013.00	26.82	29.21	103.2	26.80	29.21	103.4	26.70	29.21	104.4	26.63	29.21	105.1
12/07/2018 1:11:05 PM	3614209865	1013.00	26.84	29.22	103.0	26.74	29.22	103.9	26.67	29.22	104.6	26.68	29.22	104.5
12/07/2018 1:11:06 PM	3614209866	1013.00	26.83	29.21	103.1	26.78	29.21	103.6	26.68	29.21	104.6	26.71	29.21	104.3
12/07/2018 1:11:07 PM	3614209867	1013.00	26.82	29.20	103.2	26.79	29.20	103.5	26.62	29.20	105.2	26.68	29.20	104.6
12/07/2018 1:11:08 PM	3614209868	1013.00	26.85	29.20	102.9	26.80	29.20	103.4	26.65	29.20	104.9	26.67	29.20	104.7
12/07/2018 1:11:09 PM	3614209869	1013.00	26.84	29.20	103.0	26.79	29.20	103.5	26.67	29.20	104.7	26.68	29.20	104.6
12/07/2018 1:11:10 PM	3614209870	1013.00	26.86	29.20	102.8	26.82	29.20	103.2	26.65	29.20	104.9	26.65	29.20	104.9
12/07/2018 1:11:11 PM	3614209871	1013.00	26.83	29.21	103.1	26.80	29.21	103.4	26.65	29.21	104.9	26.64	29.21	105.0
12/07/2018 1:11:12 PM	3614209872	1013.00	26.87	29.21	102.7	26.81	29.21	103.3	26.62	29.21	105.2	26.65	29.21	104.9
12/07/2018 1:11:13 PM	3614209873	1013.00	26.80	29.21	103.4	26.78	29.21	103.6	26.64	29.21	105.0	26.65	29.21	104.9
12/07/2018 1:11:14 PM	3614209874	1013.00	26.86	29.21	102.8	26.76	29.21	103.8	26.69	29.21	104.5	26.66	29.21	104.8
12/07/2018 1:11:15 PM	3614209875	1013.00	26.85	29.21	102.9	26.83	29.21	103.1	26.68	29.21	104.6	26.67	29.21	104.7
12/07/2018 1:11:16 PM	3614209876	1013.00	26.88	29.21	102.6	26.79	29.21	103.5	26.65	29.21	104.9	26.66	29.21	104.8
12/07/2018 1:11:17 PM	3614209877	1013.00	26.86	29.21	102.8	26.75	29.21	103.9	26.72	29.21	104.2	26.66	29.21	104.8
12/07/2018 1:11:18 PM	3614209878	1013.00	26.87	29.21	102.7	26.76	29.21	103.8	26.67	29.21	104.7	26.67	29.21	104.7
12/07/2018 1:11:19 PM	3614209879	1013.00	26.85	29.21	102.9	26.79	29.21	103.5	26.65	29.21	104.9	26.68	29.21	104.6
12/07/2018 1:11:20 PM	3614209880	1013.00	26.87	29.21	102.7	26.78	29.21	103.6	26.66	29.21	104.8	26.66	29.21	104.8
12/07/2018 1:11:21 PM	3614209881	1013.00	26.86	29.21	102.8	26.80	29.21	103.4	26.70	29.21	104.4	26.68	29.21	104.6
12/07/2018 1:11:22 PM	3614209882	1013.00	26.87	29.21	102.7	26.83	29.21	103.1	26.73	29.21	104.1	26.69	29.21	104.5
12/07/2018 1:11:23 PM	3614209883	1013.00	26.87	29.21	102.7	26.81	29.21	103.3	26.65	29.21	104.9	26.66	29.21	104.8
12/07/2018 1:11:24 PM	3614209884	1013.00	26.89	29.21	102.5	26.78	29.21	103.6	26.68	29.21	104.6	26.68	29.21	104.6
12/07/2018 1:11:25 PM	3614209885	1013.00	26.90	29.22	102.4	26.80	29.22	103.3	26.68	29.22	104.5	26.64	29.22	104.9
12/07/2018 1:11:26 PM	3614209886	1013.00	26.87	29.22	102.7	26.80	29.22	103.3	26.66	29.22	104.7	26.64	29.22	104.9
12/07/2018 1:11:27 PM	3614209887	1013.00	26.87	29.22	102.7	26.81	29.22	103.2	26.65	29.22	104.8	26.68	29.22	104.5
12/07/2018 1:11:28 PM	3614209888	1013.00	26.89	29.22	102.5	26.81	29.22	103.2	26.67	29.22	104.6	26.68	29.22	104.5
12/07/2018 1:11:29 PM	3614209889	1013.00	26.92	29.22	102.2	26.80	29.22	103.3	26.67	29.22	104.6	26.68	29.22	104.5
12/07/2018 1:11:30 PM	3614209890	1013.00	26.89	29.22	102.5	26.83	29.22	103.0	26.71	29.22	104.2	26.69	29.22	104.4
12/07/2018 1:11:31 PM	3614209891	1013.00	26.89	29.22	102.5	26.81	29.22	103.2	26.71	29.22	104.2	26.66	29.22	104.7
12/07/2018 1:11:32 PM	3614209892	1013.00	26.91	29.22	102.3	26.85	29.22	102.9	26.70	29.22	104.3	26.67	29.22	104.6
12/07/2018 1:11:33 PM	3614209893	1013.00	26.89	29.23	102.4	26.82	29.23	103.1	26.64	29.23	104.9	26.66	29.23	104.7
12/07/2018 1:11:34 PM	3614209894	1013.00	26.91	29.21	102.3	26.84	29.21	103.0	26.67	29.21	104.7	26.64	29.21	105.0
12/07/2018 1:11:35 PM	3614209895	1013.00	26.90	29.22	102.4	26.85	29.22	102.9	26.72	29.22	104.1	26.67	29.22	104.6
12/07/2018 1:11:36 PM	3614209896	1013.00	26.93	29.22	102.1	26.81	29.22	103.2	26.71	29.22	104.2	26.65	29.22	104.8
12/07/2018 1:11:37 PM	3614209897	1013.00	26.92	29.22	102.2	26.82	29.22	103.1	26.71	29.22	104.2	26.66	29.22	104.7
12/07/2018 1:11:38 PM	3614209898	1013.00	26.90	29.22	102.4	26.85	29.22	102.9	26.70	29.22	104.3	26.68	29.22	104.5
12/07/2018 1:11:39 PM	3614209899	1013.00	26.91	29.23	102.2	26.83	29.23	103.0	26.69	29.23	104.4	26.66	29.23	104.7
12/07/2018 1:11:40 PM	3614209900	1013.00	26.91	29.23	102.2	26.83	29.23	103.0	26.65	29.23	104.8	26.69	29.23	104.4
12/07/2018 1:11:41 PM	3614209901	1013.00	26.92	29.23	102.2	26.84	29.23	102.9	26.66	29.23	104.7	26.67	29.23	104.6
12/07/2018 1:11:42 PM	3614209902	1013.00	26.91	29.22	102.3	26.85	29.22	102.9	26.66	29.22	104.7	26.64	29.22	104.9
12/07/2018 1:11:43 PM	3614209903	1013.00	26.94	29.21	102.0	26.84	29.21	103.0	26.68	29.21	104.6	26.69	29.21	104.5
12/07/2018 1:11:44 PM	3614209904	1013.00	26.91	29.21	102.3	26.85	29.21	102.9	26.71	29.21	104.3	26.66	29.21	104.8
12/07/2018 1:11:45 PM	3614209905	1013.00	26.92	29.20	102.2	26.84	29.20	103.0	26.70	29.20	104.4	26.67	29.20	104.7
12/07/2018 1:11:46 PM	3614209906	1013.00	26.92	29.20	102.2	26.81	29.20	103.3	26.73	29.20	104.1	26.68	29.20	104.6
12/07/2018 1:11:47 PM	3614209907	1013.00	26.92	29.21	102.2	26.85	29.21	102.9	26.69	29.21	104.5	26.64	29.21	105.0
12/07/2018 1:11:48 PM	3614209908	1013.00	26.94	29.21	102.0	26.85	29.21	102.9	26.68	29.21	104.6	26.68	29.21	104.6
12/07/2018 1:11:49 PM	3614209909	1013.00	26.89	29.21	102.5	26.87	29.21	102.7	26.74	29.21	104.0	26.66	29.21	104.8
12/07/2018 1:11:50 PM	3614209910	1013.00	26.93	29.22	102.1	26.89	29.22	102.5	26.72	29.22	104.1	26.65	29.22	104.8
12/07/2018 1:11:51 PM	3614209911	1013.00	26.94	29.21	102.0	26.89	29.21	102.5	26.72	29.21	104.2	26.65	29.21	104.9
12/07/2018 1:11:52 PM	3614209912	1013.00	26.95	29.21	101.9	26.89	29.21	102.5	26.68	29.21	104.6	26.67	29.21	104.7
12/07/2018 1:11:53 PM	3614209913	1013.00	26.94	29.21	102.0	26.90	29.21	102.4	26.72	29.21	104.2	26.67	29.21	104.7
12/07/2018 1:11:54 PM	3614209914	1013.00	26.95	29.21	101.9	26.90	29.21	102.4	26.71	29.21	104.3	26.68	29.21	104.6
12/07/2018 1:11:55 PM	3614209915	1013.00	26.97	29.22	101.7	26.91	29.22	102.3	26.74	29.22	103.9	26.70	29.22	104.3
12/07/2018 1:11:56 PM	3614209916	1013.00	26.95	29.22	101.9	26.91	29.22	102.3	26.71	29.22	104.2	26.64	29.22	104.9
12/07/2018 1:11:57 PM	3614209917	1013.00	26.98	29.22	101.6	26.91	29.22	102.3	26.80	29.22	103.3	26.67	29.22	104.6
12/07/2018 1:11:58 PM	3614209918	1013.00	26.96	29.22	101.8	26.88	29.22	102.6	26.76	29.22	103.7	26.68	29.22	104.5
12/07/2018 1:11:59 PM	3614209919	1013.00	26.94	29.22	102.0	26.91	29.22	102.3	26.76	29.22	103.7	26.66	29.22	104.7
12/07/2018 1:12:00 PM	3614209920	1013.00	26.99	29.21	101.5	26.93	29.21	102.1	26.74	29.21	104.0	26.66	29.21	104.8
12/07/2018 1:12:01 PM	3614209921	1013.00	26.96	29.21	101.8	26.92	29.21	102.2	26.74	29.21	104.0	26.66	29.21	104.8
12/07/2018 1:12:02 PM	3614209922	1013.00	26.99	29.21	101.5	26.92	29.21	102.2	26.71	29.21	104.3	26.66	29.21	104.8
12/07/2018 1:12:03 PM	3614209923	1013.00	26.96	29.21	101.8	26.93	29.21	102.1	26.76	29.21	103.8	26.64	29.21	105.0
12/07/2018 1:12:04 PM	3614209924	1013.00	26.98	29.21	101.6	26.96	29.21	101.8	26.77	29.21	103.7	26.69	29.21	104.5
12/07/2018 1:12:05 PM	3614209925	1013.00	26.99	29.21	101.5	26.93	29.21	102.1	26.73	29.21	104.1	26.65	29.21	104.9
12/07/2018 1:12:06 PM	3614209926	1013.00	27.00	29.21	101.4	26.97	29.21	101.7	26.74	29.21	104.0	26.65	29.21	104.9
12/07/2018 1:12:07 PM	3614209927	1013.00	27.01	29.20	101.3	26.93	29.20	102.1	26.73	29.20	104.1	26.65	29.20	104.9
12/07/2018 1:12:08 PM	3614209928	1013.00	27.00	29.21	101.4	26.96	29.21	101.8	26.74	29.21	104.0	26.65	29.21	104.9
12/07/2018 1:12:09 PM	3614209929	1013.00	27.02	29.21	101.2	26.94	29.21	102.0	26.72	29.21	104.2	26.66	29.21	104.8
12/07/2018 1:12:10 PM	3614209930	1013.00	27.03	29.21	101.1	26.94	29.21	102.0	26.74	29.21	104.0	26.67	29.21	104.7
12/07/2018 1:12:11 PM	3614209931	1013.00	27.03	29.21	101.1	26.93	29.21	102.1	26.71	29.21	104.3	26.67	29.21	104.7
12/07/2018 1:12:12 PM	3614209932	1013.00	27.01	29.21	101.3	26.94	29.21	102.0	26.71	29.21	104.3	26.64	29.21	105.0
12/07/2018 1:12:13 PM	3614209933	1013.00	27.01	29.21	101.3	26.94	29.21	102.0	26.75	29.21	103.9	26.66	29.21	104.8
12/07/2018 1:12:14 PM	3614209934	1013.00	27.02	29.21	101.2	26.97	29.21	101.7	26.75	29.21	103.9	26.64	29.21	105.0
12/07/2018 1:12:15 PM	3614209935	1013.00	27.04	29.21	101.0	26.94	29.21	102.0	26.77	29.21	103.7	26.68	29.21	104.6
12/07/2018 1:12:16 PM	3614209936	1013.00	27.01	29.21	101.3	26.96	29.21	101.8	26.73	29.21	104.1	26.69	29.21	104.5
12/07/2018 1:12:17 PM	3614209937	1013.00	27.00	29.20	101.4	26.96	29.20	101.8	26.76	29.20	103.8	26.65	29.20	104.9
12/07/2018 1:12:18 PM	3614209938	1013.00	27.04	29.20	101.0	27.02	29.20	101.2	26.78	29.20	103.6	26.67	29.20	104.7
12/07/2018 1:12:19 PM	3614209939	1013.00	27.00	29.20	101.4	26.99	29.20	101.5	26.77	29.20	103.7	26.67	29.20	104.7
12/07/2018 1:12:20 PM	3614209940	1013.00	27.04	29.19	101.1	26.95	29.19	101.9	26.76	29.19	103.8	26.68	29.19	104.6
12/07/2018 1:12:21 PM	3614209941	1013.00	27.05	29.19	101.0	26.97	29.19	101.7	26.82	29.19	103.2	26.67	29.19	104.7
12/07/2018 1:12:22 PM	3614209942	1013.00	27.07	29.21	100.7	27.00	29.21	101.4	26.80	29.21	103.4	26.66	29.21	104.8
12/07/2018 1:12:23 PM	3614209943	1013.00	27.04	29.21	101.0	27.01	29.21	101.3	26.76	29.21	103.8	26.68	29.21	104.6
12/07/2018 1:12:24 PM	3614209944	1013.00	27.04	29.22	101.0	27.00	29.22	101.4	26.82	29.22	103.1	26.65	29.22	104.8
12/07/2018 1:12:25 PM	3614209945	1013.00	27.04	29.22	101.0	27.00	29.22	101.4	26.74	29.22	103.9	26.67	29.22	104.6
12/07/2018 1:12:26 PM	3614209946	1013.00	27.06	29.21	100.8	26.98	29.21	101.6	26.78	29.21	103.6	26.67	29.21	104.7
12/07/2018 1:12:27 PM	3614209947	1013.00	27.08	29.21	100.6	26.99	29.21	101.5	26.81	29.21	103.3	26.65	29.21	104.9
12/07/2018 1:12:28 PM	3614209948	1013.00	27.04	29.21	101.0	27.00	29.21	101.4	26.83	29.21	103.1	26.65	29.21	104.9
12/07/2018 1:12:29 PM	3614209949	1013.00	27.09	29.21	100.6	27.00	29.21	101.4	26.82	29.21	103.2	26.69	29.21	104.5
12/07/2018 1:12:30 PM	3614209950	1013.00	27.10	29.22	100.4	27.02	29.22	101.2	26.80	29.22	103.3	26.68	29.22	104.5
12/07/2018 1:12:31 PM	3614209951	1013.00	27.08	29.22	100.6	27.00	29.22	101.4	26.77	29.22	103.6	26.64	29.22	104.9
12/07/2018 1:12:32 PM	3614209952	1013.00	27.06	29.22	100.8	27.04	29.22	101.0	26.76	29.22	103.7	26.66	29.22	104.7
12/07/2018 1:12:33 PM	3614209953	1013.00	27.07	29.21	100.7	27.01	29.21	101.3	26.77	29.21	103.7	26.69	29.21	104.5
12/07/2018 1:12:34 PM	3614209954	1013.00	27.08	29.21	100.6	27.03	29.21	101.1	26.79	29.21	103.5	26.69	29.21	104.5
12/07/2018 1:12:35 PM	3614209955	1013.00	27.07	29.21	100.7	27.00	29.21	101.4	26.76	29.21	103.8	26.66	29.21	104.8
12/07/2018 1:12:36 PM	3614209956	1013.00	27.12	29.22	100.2	27.00	29.22	101.4	26.80	29.22	103.3	26.68	29.22	104.5
12/07/2018 1:12:37 PM	3614209957	1013.00	27.09	29.21	100.6	27.00	29.21	101.4	26.83	29.21	103.1	26.66	29.21	104.8
12/07/2018 1:12:38 PM	3614209958	1013.00	27.10	29.21	100.5	27.02	29.21	101.2	26.82	29.21	103.2	26.67	29.21	104.7
12/07/2018 1:12:39 PM	3614209959	1013.00	27.09	29.21	100.6	27.06	29.21	100.8	26.80	29.21	103.4	26.68	29.21	104.6
12/07/2018 1:12:40 PM	3614209960	1013.00	27.13	29.21	100.2	27.05	29.21	100.9	26.80	29.21	103.4	26.69	29.21	104.5
12/07/2018 1:12:41 PM	3614209961	1013.00	27.12	29.20	100.3	27.02	29.20	101.2	26.88	29.20	102.6	26.68	29.20	104.6
12/07/2018 1:12:42 PM	3614209962	1013.00	27.11	29.20	100.4	27.00	29.20	101.4	26.85	29.20	102.9	26.69	29.20	104.5
12/07/2018 1:12:43 PM	3614209963	1013.00	27.11	29.21	100.4	27.03	29.21	101.1	26.78	29.21	103.6	26.67	29.21	104.7
12/07/2018 1:12:44 PM	3614209964	1013.00	27.10	29.21	100.5	27.04	29.21	101.0	26.81	29.21	103.3	26.65	29.21	104.9
12/07/2018 1:12:45 PM	3614209965	1013.00	27.13	29.20	100.2	27.05	29.20	100.9	26.87	29.20	102.7	26.66	29.20	104.8
12/07/2018 1:12:46 PM	3614209966	1013.00	27.10	29.20	100.5	27.00	29.20	101.4	26.83	29.20	103.1	26.69	29.20	104.5
12/07/2018 1:12:47 PM	3614209967	1013.00	27.13	29.21	100.2	27.07	29.21	100.7	26.88	29.21	102.6	26.64	29.21	105.0
12/07/2018 1:12:48 PM	3614209968	1013.00	27.14	29.20	100.1	27.05	29.20	100.9	26.80	29.20	103.4	26.68	29.20	104.6
12/07/2018 1:12:49 PM	3614209969	1013.00	27.14	29.20	100.1	27.06	29.20	100.9	26.82	29.20	103.2	26.66	29.20	104.8
12/07/2018 1:12:50 PM	3614209970	1013.00	27.16	29.21	99.9	27.05	29.21	100.9	26.84	29.21	103.0	26.66	29.21	104.8
12/07/2018 1:12:51 PM	3614209971	1013.00	27.12	29.20	100.3	27.07	29.20	100.8	26.84	29.20	103.0	26.67	29.20	104.7
12/07/2018 1:12:52 PM	3614209972	1013.00	27.15	29.19	100.0	27.08	29.19	100.7	26.84	29.19	103.0	26.66	29.19	104.8
12/07/2018 1:12:53 PM	3614209973	1013.00	27.15	29.21	100.0	27.09	29.21	100.6	26.85	29.21	102.9	26.62	29.21	105.2
12/07/2018 1:12:54 PM	3614209974	1013.00	27.14	29.20	100.1	27.12	29.20	100.3	26.85	29.20	102.9	26.68	29.20	104.6
12/07/2018 1:12:55 PM	3614209975	1013.00	27.14	29.20	100.1	27.10	29.20	100.5	26.85	29.20	102.9	26.65	29.20	104.9
12/07/2018 1:12:56 PM	3614209976	1013.00	27.16	29.20	99.9	27.11	29.20	100.4	26.82	29.20	103.2	26.68	29.20	104.6
12/07/2018 1:12:57 PM	3614209977	1013.00	27.15	29.21	100.0	27.13	29.21	100.2	26.84	29.21	103.0	26.65	29.21	104.9
12/07/2018 1:12:58 PM	3614209978	1013.00	27.16	29.20	99.9	27.12	29.20	100.3	26.90	29.20	102.4	26.65	29.20	104.9
12/07/2018 1:12:59 PM	3614209979	1013.00	27.17	29.20	99.8	27.12	29.20	100.3	26.89	29.20	102.5	26.65	29.20	104.9
12/07/2018 1:13:00 PM	3614209980	1013.00	27.17	29.21	99.8	27.09	29.21	100.6	26.89	29.21	102.5	26.70	29.21	104.4
12/07/2018 1:13:01 PM	3614209981	1013.00	27.16	29.21	99.9	27.17	29.21	99.8	26.86	29.21	102.8	26.68	29.21	104.6
12/07/2018 1:13:02 PM	3614209982	1013.00	27.18	29.20	99.7	27.13	29.20	100.2	26.89	29.20	102.5	26.70	29.20	104.4
12/07/2018 1:13:03 PM	3614209983	1013.00	27.19	29.19	99.6	27.13	29.19	100.2	26.87	29.19	102.7	26.67	29.19	104.7
12/07/2018 1:13:04 PM	3614209984	1013.00	27.21	29.20	99.4	27.18	29.20	99.7	26.83	29.20	103.1	26.68	29.20	104.6
12/07/2018 1:13:05 PM	3614209985	1013.00	27.19	29.18	99.7	27.16	29.18	99.9	26.91	29.18	102.3	26.66	29.18	104.8
12/07/2018 1:13:06 PM	3614209986	1013.00	27.20	29.18	99.6	27.16	29.18	99.9	26.86	29.18	102.8	26.67	29.18	104.7
12/07/2018 1:13:07 PM	3614209987	1013.00	27.20	29.19	99.5	27.16	29.19	99.9	26.83	29.19	103.1	26.66	29.19	104.8
12/07/2018 1:13:08 PM	3614209988	1013.00	27.19	29.19	99.6	27.15	29.19	100.0	26.86	29.19	102.8	26.65	29.19	104.9
12/07/2018 1:13:09 PM	3614209989	1013.00	27.22	29.18	99.4	27.13	29.18	100.2	26.87	29.18	102.7	26.69	29.18	104.5
12/07/2018 1:13:10 PM	3614209990	1013.00	27.23	29.18	99.3	27.14	29.18	100.1	26.85	29.18	102.9	26.62	29.18	105.2
12/07/2018 1:13:11 PM	3614209991	1013.00	27.21	29.18	99.5	27.14	29.18	100.1	26.86	29.18	102.8	26.68	29.18	104.6
12/07/2018 1:13:12 PM	3614209992	1013.00	27.22	29.18	99.4	27.17	29.18	99.8	26.86	29.18	102.8	26.69	29.18	104.5
12/07/2018 1:13:13 PM	3614209993	1013.00	27.22	29.17	99.4	27.17	29.17	99.9	26.91	29.17	102.4	26.68	29.17	104.6
12/07/2018 1:13:14 PM	3614209994	1013.00	27.25	29.18	99.1	27.20	29.18	99.6	26.86	29.18	102.8	26.67	29.18	104.7
12/07/2018 1:13:15 PM	3614209995	1013.00	27.22	29.19	99.4	27.16	29.19	99.9	26.85	29.19	102.9	26.69	29.19	104.5
12/07/2018 1:13:16 PM	3614209996	1013.00	27.28	29.18	98.8	27.15	29.18	100.0	26.88	29.18	102.6	26.68	29.18	104.6
12/07/2018 1:13:17 PM	3614209997	1013.00	27.26	29.19	99.0	27.20	29.19	99.5	26.91	29.19	102.3	26.67	29.19	104.7
12/07/2018 1:13:18 PM	3614209998	1013.00	27.26	29.20	99.0	27.23	29.20	99.2	26.92	29.20	102.2	26.70	29.20	104.4
12/07/2018 1:13:19 PM	3614209999	1013.00	27.25	29.20	99.1	27.20	29.20	99.5	26.92	29.20	102.2	26.69	29.20	104.5
12/07/2018 1:13:20 PM	3614210000	1013.00	27.26	29.19	99.0	27.19	29.19	99.6	26.90	29.19	102.4	26.68	29.19	104.6
12/07/2018 1:13:21 PM	3614210001	1013.00	27.28	29.20	98.8	27.20	29.20	99.5	26.91	29.20	102.3	26.69	29.20	104.5
12/07/2018 1:13:22 PM	3614210002	1013.00	27.27	29.19	98.9	27.23	29.19	99.3	26.94	29.19	102.0	26.67	29.19	104.7
12/07/2018 1:13:23 PM	3614210003	1013.00	27.27	29.19	98.9	27.22	29.19	99.4	26.90	29.19	102.4	26.66	29.19	104.8
12/07/2018 1:13:24 PM	3614210004	1013.00	27.28	29.19	98.8	27.22	29.19	99.4	26.89	29.19	102.5	26.67	29.19	104.7
12/07/2018 1:13:25 PM	3614210005	1013.00	27.29	29.19	98.7	27.24	29.19	99.2	26.88	29.19	102.6	26.65	29.19	104.9
12/07/2018 1:13:26 PM	3614210006	1013.00	27.31	29.20	98.5	27.22	29.20	99.3	26.87	29.20	102.7	26.69	29.20	104.5
12/07/2018 1:13:27 PM	3614210007	1013.00	27.29	29.19	98.7	27.24	29.19	99.2	26.93	29.19	102.1	26.66	29.19	104.8
12/07/2018 1:13:28 PM	3614210008	1013.00	27.27	29.20	98.9	27.23	29.20	99.2	26.89	29.20	102.5	26.68	29.20	104.6
12/07/2018 1:13:29 PM	3614210009	1013.00	27.32	29.20	98.4	27.23	29.20	99.2	26.88	29.20	102.6	26.66	29.20	104.8
12/07/2018 1:13:30 PM	3614210010	1013.00	27.32	29.20	98.4	27.28	29.20	98.8	26.93	29.20	102.1	26.68	29.20	104.6
12/07/2018 1:13:31 PM	3614210011	1013.00	27.33	29.19	98.3	27.26	29.19	99.0	26.88	29.19	102.6	26.68	29.19	104.6
12/07/2018 1:13:32 PM	3614210012	1013.00	27.34	29.20	98.2	27.25	29.20	99.1	26.93	29.20	102.1	26.68	29.20	104.6
12/07/2018 1:13:33 PM	3614210013	1013.00	27.34	29.20	98.2	27.24	29.20	99.1	26.90	29.20	102.4	26.67	29.20	104.7
12/07/2018 1:13:34 PM	3614210014	1013.00	27.34	29.20	98.2	27.29	29.20	98.7	26.91	29.20	102.3	26.66	29.20	104.8
12/07/2018 1:13:35 PM	3614210015	1013.00	27.36	29.19	98.0	27.27	29.19	98.9	26.95	29.19	101.9	26.70	29.19	104.4
12/07/2018 1:13:36 PM	3614210016	1013.00	27.33	29.19	98.3	27.28	29.19	98.8	27.02	29.19	101.3	26.67	29.19	104.7
12/07/2018 1:13:37 PM	3614210017	1013.00	27.34	29.20	98.2	27.28	29.20	98.8	26.98	29.20	101.6	26.67	29.20	104.7
12/07/2018 1:13:38 PM	3614210018	1013.00	27.36	29.19	98.0	27.28	29.19	98.8	26.97	29.19	101.7	26.65	29.19	104.9
12/07/2018 1:13:39 PM	3614210019	1013.00	27.34	29.18	98.3	27.28	29.18	98.8	26.95	29.18	101.9	26.68	29.18	104.6
12/07/2018 1:13:40 PM	3614210020	1013.00	27.36	29.20	98.0	27.32	29.20	98.4	26.96	29.20	101.8	26.65	29.20	104.9
12/07/2018 1:13:41 PM	3614210021	1013.00	27.39	29.20	97.8	27.27	29.20	98.9	26.94	29.20	102.0	26.66	29.20	104.8
12/07/2018 1:13:42 PM	3614210022	1013.00	27.38	29.19	97.9	27.27	29.19	98.9	26.94	29.19	102.0	26.66	29.19	104.8
12/07/2018 1:13:43 PM	3614210023	1013.00	27.36	29.20	98.0	27.29	29.20	98.7	26.96	29.20	101.8	26.66	29.20	104.8
12/07/2018 1:13:44 PM	3614210024	1013.00	27.38	29.19	97.9	27.29	29.19	98.7	26.99	29.19	101.5	26.66	29.19	104.8
12/07/2018 1:13:45 PM	3614210025	1013.00	27.36	29.18	98.1	27.26	29.18	99.0	26.98	29.18	101.7	26.65	29.18	104.9
12/07/2018 1:13:46 PM	3614210026	1013.00	27.36	29.18	98.1	27.29	29.18	98.7	27.01	29.18	101.4	26.69	29.18	104.5
12/07/2018 1:13:47 PM	3614210027	1013.00	27.37	29.18	98.0	27.32	29.18	98.4	26.92	29.18	102.2	26.69	29.18	104.5
12/07/2018 1:13:48 PM	3614210028	1013.00	27.37	29.18	98.0	27.28	29.18	98.8	26.99	29.18	101.6	26.67	29.18	104.7
12/07/2018 1:13:49 PM	3614210029	1013.00	27.36	29.18	98.1	27.28	29.18	98.8	27.00	29.18	101.5	26.66	29.18	104.8
12/07/2018 1:13:50 PM	3614210030	1013.00	27.42	29.18	97.5	27.29	29.18	98.7	26.98	29.18	101.7	26.66	29.18	104.8
12/07/2018 1:13:51 PM	3614210031	1013.00	27.38	29.18	97.9	27.28	29.18	98.8	26.99	29.18	101.6	26.66	29.18	104.8
12/07/2018 1:13:52 PM	3614210032	1013.00	27.41	29.19	97.6	27.32	29.19	98.4	27.00	29.19	101.4	26.70	29.19	104.4
12/07/2018 1:13:53 PM	3614210033	1013.00	27.39	29.18	97.8	27.33	29.18	98.3	26.98	29.18	101.7	26.66	29.18	104.8
12/07/2018 1:13:54 PM	3614210034	1013.00	27.41	29.19	97.6	27.32	29.19	98.4	27.04	29.19	101.1	26.68	29.19	104.6
12/07/2018 1:13:55 PM	3614210035	1013.00	27.39	29.19	97.8	27.33	29.19	98.3	26.94	29.19	102.0	26.68	29.19	104.6
12/07/2018 1:13:56 PM	3614210036	1013.00	27.42	29.18	97.5	27.33	29.18	98.3	27.04	29.18	101.1	26.67	29.18	104.7
12/07/2018 1:13:57 PM	3614210037	1013.00	27.41	29.18	97.6	27.33	29.18	98.3	27.02	29.18	101.3	26.68	29.18	104.6
12/07/2018 1:13:58 PM	3614210038	1013.00	27.42	29.17	97.5	27.34	29.17	98.3	27.05	29.17	101.0	26.69	29.17	104.5
12/07/2018 1:13:59 PM	3614210039	1013.00	27.43	29.18	97.4	27.31	29.18	98.5	27.06	29.18	100.9	26.66	29.18	104.8
12/07/2018 1:14:00 PM	3614210040	1013.00	27.43	29.18	97.4	27.33	29.18	98.3	27.00	29.18	101.5	26.68	29.18	104.6
12/07/2018 1:14:01 PM	3614210041	1013.00	27.42	29.19	97.5	27.32	29.19	98.4	27.04	29.19	101.1	26.66	29.19	104.8
12/07/2018 1:14:02 PM	3614210042	1013.00	27.43	29.20	97.4	27.33	29.20	98.3	27.00	29.20	101.4	26.66	29.20	104.8
12/07/2018 1:14:03 PM	3614210043	1013.00	27.44	29.20	97.3	27.35	29.20	98.1	27.05	29.20	100.9	26.66	29.20	104.8
12/07/2018 1:14:04 PM	3614210044	1013.00	27.44	29.20	97.3	27.34	29.20	98.2	26.96	29.20	101.8	26.66	29.20	104.8
12/07/2018 1:14:05 PM	3614210045	1013.00	27.44	29.20	97.3	27.36	29.20	98.0	27.01	29.20	101.3	26.67	29.20	104.7
12/07/2018 1:14:06 PM	3614210046	1013.00	27.46	29.19	97.1	27.30	29.19	98.6	27.01	29.19	101.4	26.70	29.19	104.4
12/07/2018 1:14:07 PM	3614210047	1013.00	27.44	29.19	97.3	27.34	29.19	98.2	27.04	29.19	101.1	26.65	29.19	104.9
12/07/2018 1:14:08 PM	3614210048	1013.00	27.44	29.19	97.3	27.36	29.19	98.0	27.06	29.19	100.9	26.69	29.19	104.5
12/07/2018 1:14:09 PM	3614210049	1013.00	27.46	29.18	97.1	27.37	29.18	98.0	27.03	29.18	101.2	26.68	29.18	104.6
12/07/2018 1:14:10 PM	3614210050	1013.00	27.46	29.18	97.1	27.35	29.18	98.2	27.05	29.18	101.0	26.66	29.18	104.8
12/07/2018 1:14:11 PM	3614210051	1013.00	27.48	29.17	97.0	27.37	29.17	98.0	27.04	29.17	101.1	26.64	29.17	105.0
12/07/2018 1:14:12 PM	3614210052	1013.00	27.46	29.17	97.2	27.36	29.17	98.1	27.09	29.17	100.6	26.70	29.17	104.4
12/07/2018 1:14:13 PM	3614210053	1013.00	27.47	29.17	97.1	27.41	29.17	97.6	27.09	29.17	100.6	26.65	29.17	104.9
12/07/2018 1:14:14 PM	3614210054	1013.00	27.43	29.17	97.4	27.42	29.17	97.5	27.09	29.17	100.6	26.65	29.17	104.9
12/07/2018 1:14:15 PM	3614210055	1013.00	27.47	29.17	97.1	27.36	29.17	98.1	27.10	29.17	100.5	26.66	29.17	104.8
12/07/2018 1:14:16 PM	3614210056	1013.00	27.49	29.17	96.9	27.39	29.17	97.8	27.08	29.17	100.7	26.69	29.17	104.5
12/07/2018 1:14:17 PM	3614210057	1013.00	27.49	29.17	96.9	27.41	29.17	97.6	27.04	29.17	101.1	26.66	29.17	104.8
12/07/2018 1:14:18 PM	3614210058	1013.00	27.48	29.18	97.0	27.39	29.18	97.8	27.08	29.18	100.7	26.67	29.18	104.7
12/07/2018 1:14:19 PM	3614210059	1013.00	27.49	29.18	96.9	27.39	29.18	97.8	27.03	29.18	101.2	26.67	29.18	104.7
12/07/2018 1:14:20 PM	3614210060	1013.00	27.48	29.18	97.0	27.41	29.18	97.6	27.07	29.18	100.8	26.67	29.18	104.7
12/07/2018 1:14:21 PM	3614210061	1013.00	27.48	29.18	97.0	27.39	29.18	97.8	27.04	29.18	101.1	26.68	29.18	104.6
12/07/2018 1:14:22 PM	3614210062	1013.00	27.50	29.18	96.8	27.39	29.18	97.8	27.09	29.18	100.6	26.66	29.18	104.8
12/07/2018 1:14:23 PM	3614210063	1013.00	27.48	29.16	97.0	27.42	29.16	97.5	27.07	29.16	100.8	26.66	29.16	104.8
12/07/2018 1:14:24 PM	3614210064	1013.00	27.50	29.16	96.8	27.38	29.16	97.9	27.03	29.16	101.2	26.67	29.16	104.7
12/07/2018 1:14:25 PM	3614210065	1013.00	27.52	29.16	96.6	27.41	29.16	97.6	27.03	29.16	101.2	26.70	29.16	104.4
12/07/2018 1:14:26 PM	3614210066	1013.00	27.50	29.16	96.8	27.44	29.16	97.4	27.06	29.16	100.9	26.69	29.16	104.5
12/07/2018 1:14:27 PM	3614210067	1013.00	27.51	29.16	96.7	27.43	29.16	97.5	27.06	29.16	100.9	26.68	29.16	104.6
12/07/2018 1:14:28 PM	3614210068	1013.00	27.53	29.17	96.5	27.43	29.17	97.4	27.06	29.17	100.9	26.67	29.17	104.7
12/07/2018 1:14:29 PM	3614210069	1013.00	27.50	29.18	96.8	27.42	29.18	97.5	27.09	29.18	100.6	26.70	29.18	104.4
12/07/2018 1:14:30 PM	3614210070	1013.00	27.53	29.17	96.5	27.45	29.17	97.3	27.09	29.17	100.6	26.65	29.17	104.9
12/07/2018 1:14:31 PM	3614210071	1013.00	27.52	29.17	96.6	27.42	29.17	97.5	27.04	29.17	101.1	26.67	29.17	104.7
12/07/2018 1:14:32 PM	3614210072	1013.00	27.51	29.18	96.7	27.45	29.18	97.2	27.08	29.18	100.7	26.66	29.18	104.8
12/07/2018 1:14:33 PM	3614210073	1013.00	27.55	29.18	96.3	27.44	29.18	97.3	27.05	29.18	101.0	26.67	29.18	104.7
12/07/2018 1:14:34 PM	3614210074	1013.00	27.56	29.18	96.2	27.45	29.18	97.2	27.08	29.18	100.7	26.67	29.18	104.7
12/07/2018 1:14:35 PM	3614210075	1013.00	27.56	29.18	96.2	27.46	29.18	97.1	27.12	29.18	100.3	26.68	29.18	104.6
12/07/2018 1:14:36 PM	3614210076	1013.00	27.53	29.18	96.5	27.45	29.18	97.2	27.06	29.18	100.9	26.68	29.18	104.6
12/07/2018 1:14:37 PM	3614210077	1013.00	27.55	29.17	96.3	27.45	29.17	97.3	27.11	29.17	100.4	26.66	29.17	104.8
12/07/2018 1:14:38 PM	3614210078	1013.00	27.58	29.18	96.1	27.47	29.18	97.1	27.06	29.18	100.9	26.65	29.18	104.9
12/07/2018 1:14:39 PM	3614210079	1013.00	27.58	29.18	96.1	27.45	29.18	97.2	27.10	29.18	100.5	26.71	29.18	104.3
12/07/2018 1:14:40 PM	3614210080	1013.00	27.57	29.19	96.1	27.48	29.19	96.9	27.09	29.19	100.6	26.68	29.19	104.6
12/07/2018 1:14:41 PM	3614210081	1013.00	27.57	29.19	96.1	27.49	29.19	96.9	27.08	29.19	100.7	26.64	29.19	105.0
12/07/2018 1:14:42 PM	3614210082	1013.00	27.57	29.19	96.1	27.50	29.19	96.8	27.15	29.19	100.0	26.63	29.19	105.1
12/07/2018 1:14:43 PM	3614210083	1013.00	27.57	29.20	96.1	27.50	29.20	96.7	27.07	29.20	100.8	26.69	29.20	104.5
12/07/2018 1:14:44 PM	3614210084	1013.00	27.58	29.19	96.0	27.52	29.19	96.6	27.07	29.19	100.8	26.69	29.19	104.5
12/07/2018 1:14:45 PM	3614210085	1013.00	27.63	29.18	95.6	27.52	29.18	96.6	27.08	29.18	100.7	26.69	29.18	104.5
12/07/2018 1:14:46 PM	3614210086	1013.00	27.61	29.18	95.8	27.47	29.18	97.1	27.12	29.18	100.3	26.68	29.18	104.6
12/07/2018 1:14:47 PM	3614210087	1013.00	27.59	29.17	96.0	27.54	29.17	96.4	27.11	29.17	100.4	26.67	29.17	104.7
12/07/2018 1:14:48 PM	3614210088	1013.00	27.64	29.17	95.5	27.50	29.17	96.8	27.13	29.17	100.2	26.66	29.17	104.8
12/07/2018 1:14:49 PM	3614210089	1013.00	27.59	29.17	96.0	27.52	29.17	96.6	27.10	29.17	100.5	26.66	29.17	104.8
12/07/2018 1:14:50 PM	3614210090	1013.00	27.58	29.17	96.1	27.51	29.17	96.7	27.11	29.17	100.4	26.66	29.17	104.8
12/07/2018 1:14:51 PM	3614210091	1013.00	27.60	29.18	95.9	27.49	29.18	96.9	27.14	29.18	100.1	26.70	29.18	104.4
12/07/2018 1:14:52 PM	3614210092	1013.00	27.61	29.18	95.8	27.51	29.18	96.7	27.08	29.18	100.7	26.67	29.18	104.7
12/07/2018 1:14:53 PM	3614210093	1013.00	27.60	29.19	95.9	27.55	29.19	96.3	27.11	29.19	100.4	26.66	29.19	104.8
12/07/2018 1:14:54 PM	3614210094	1013.00	27.64	29.19	95.5	27.50	29.19	96.8	27.08	29.19	100.7	26.65	29.19	104.9
12/07/2018 1:14:55 PM	3614210095	1013.00	27.60	29.19	95.9	27.50	29.19	96.8	27.13	29.19	100.2	26.66	29.19	104.8
12/07/2018 1:14:56 PM	3614210096	1013.00	27.63	29.18	95.6	27.55	29.18	96.3	27.12	29.18	100.3	26.67	29.18	104.7
12/07/2018 1:14:57 PM	3614210097	1013.00	27.64	29.18	95.5	27.50	29.18	96.8	27.13	29.18	100.2	26.68	29.18	104.6
12/07/2018 1:14:58 PM	3614210098	1013.00	27.64	29.18	95.5	27.52	29.18	96.6	27.11	29.18	100.4	26.67	29.18	104.7
12/07/2018 1:14:59 PM	3614210099	1013.00	27.64	29.17	95.5	27.52	29.17	96.6	27.09	29.17	100.6	26.68	29.17	104.6
12/07/2018 1:15:00 PM	3614210100	1013.00	27.64	29.17	95.5	27.53	29.17	96.5	27.14	29.17	100.1	26.68	29.17	104.6
12/07/2018 1:15:01 PM	3614210101	1013.00	27.67	29.17	95.3	27.52	29.17	96.6	27.10	29.17	100.5	26.66	29.17	104.8
12/07/2018 1:15:02 PM	3614210102	1013.00	27.65	29.17	95.4	27.56	29.17	96.3	27.10	29.17	100.5	26.66	29.17	104.8
12/07/2018 1:15:03 PM	3614210103	1013.00	27.66	29.17	95.4	27.55	29.17	96.3	27.15	29.17	100.0	26.69	29.17	104.5
12/07/2018 1:15:04 PM	3614210104	1013.00	27.68	29.17	95.2	27.55	29.17	96.3	27.11	29.17	100.4	26.66	29.17	104.8
12/07/2018 1:15:05 PM	3614210105	1013.00	27.67	29.17	95.3	27.56	29.17	96.3	27.13	29.17	100.2	26.67	29.17	104.7
12/07/2018 1:15:06 PM	3614210106	1013.00	27.67	29.17	95.3	27.55	29.17	96.3	27.16	29.17	100.0	26.68	29.17	104.6
12/07/2018 1:15:07 PM	3614210107	1013.00	27.68	29.17	95.2	27.55	29.17	96.3	27.13	29.17	100.2	26.62	29.17	105.2
12/07/2018 1:15:08 PM	3614210108	1013.00	27.65	29.17	95.4	27.52	29.17	96.6	27.10	29.17	100.5	26.69	29.17	104.5
12/07/2018 1:15:09 PM	3614210109	1013.00	27.69	29.17	95.1	27.55	29.17	96.3	27.14	29.17	100.1	26.71	29.17	104.3
12/07/2018 1:15:10 PM	3614210110	1013.00	27.67	29.17	95.3	27.56	29.17	96.3	27.19	29.17	99.7	26.70	29.17	104.4
12/07/2018 1:15:11 PM	3614210111	1013.00	27.68	29.18	95.2	27.54	29.18	96.4	27.12	29.18	100.3	26.68	29.18	104.6
12/07/2018 1:15:12 PM	3614210112	1013.00	27.66	29.17	95.4	27.54	29.17	96.4	27.20	29.17	99.6	26.67	29.17	104.7
12/07/2018 1:15:13 PM	3614210113	1013.00	27.68	29.18	95.2	27.50	29.18	96.8	27.18	29.18	99.7	26.69	29.18	104.5
12/07/2018 1:15:14 PM	3614210114	1013.00	27.66	29.18	95.3	27.55	29.18	96.3	27.17	29.18	99.8	26.66	29.18	104.8
12/07/2018 1:15:15 PM	3614210115	1013.00	27.69	29.18	95.1	27.55	29.18	96.3	27.17	29.18	99.8	26.67	29.18	104.7
12/07/2018 1:15:16 PM	3614210116	1013.00	27.69	29.18	95.1	27.54	29.18	96.4	27.15	29.18	100.0	26.70	29.18	104.4
12/07/2018 1:15:17 PM	3614210117	1013.00	27.71	29.18	94.9	27.55	29.18	96.3	27.18	29.18	99.7	26.67	29.18	104.7
12/07/2018 1:15:18 PM	3614210118	1013.00	27.73	29.17	94.7	27.53	29.17	96.5	27.18	29.17	99.8	26.68	29.17	104.6
12/07/2018 1:15:19 PM	3614210119	1013.00	27.72	29.17	94.8	27.55	29.17	96.3	27.17	29.17	99.9	26.69	29.17	104.5
12/07/2018 1:15:20 PM	3614210120	1013.00	27.74	29.17	94.6	27.54	29.17	96.4	27.14	29.17	100.1	26.68	29.17	104.6
12/07/2018 1:15:21 PM	3614210121	1013.00	27.69	29.16	95.1	27.55	29.16	96.4	27.13	29.16	100.3	26.68	29.16	104.6
12/07/2018 1:15:22 PM	3614210122	1013.00	27.74	29.17	94.6	27.57	29.17	96.2	27.13	29.17	100.2	26.67	29.17	104.7
12/07/2018 1:15:23 PM	3614210123	1013.00	27.78	29.17	94.3	27.57	29.17	96.2	27.16	29.17	100.0	26.69	29.17	104.5
12/07/2018 1:15:24 PM	3614210124	1013.00	27.75	29.17	94.6	27.55	29.17	96.3	27.17	29.17	99.9	26.67	29.17	104.7
12/07/2018 1:15:25 PM	3614210125	1013.00	27.75	29.17	94.6	27.57	29.17	96.2	27.17	29.17	99.9	26.69	29.17	104.5
12/07/2018 1:15:26 PM	3614210126	1013.00	27.74	29.17	94.6	27.56	29.17	96.3	27.23	29.17	99.3	26.66	29.17	104.8
12/07/2018 1:15:27 PM	3614210127	1013.00	27.75	29.17	94.6	27.57	29.17	96.2	27.21	29.17	99.5	26.68	29.17	104.6
12/07/2018 1:15:28 PM	3614210128	1013.00	27.78	29.17	94.3	27.57	29.17	96.2	27.18	29.17	99.8	26.67	29.17	104.7
12/07/2018 1:15:29 PM	3614210129	1013.00	27.75	29.17	94.6	27.57	29.17	96.2	27.22	29.17	99.4	26.68	29.17	104.6
12/07/2018 1:15:30 PM	3614210130	1013.00	27.75	29.18	94.5	27.60	29.18	95.9	27.22	29.18	99.4	26.68	29.18	104.6
12/07/2018 1:15:31 PM	3614210131	1013.00	27.76	29.17	94.5	27.56	29.17	96.3	27.23	29.17	99.3	26.67	29.17	104.7
12/07/2018 1:15:32 PM	3614210132	1013.00	27.77	29.17	94.4	27.57	29.17	96.2	27.25	29.17	99.1	26.69	29.17	104.5
12/07/2018 1:15:33 PM	3614210133	1013.00	27.77	29.18	94.4	27.61	29.18	95.8	27.22	29.18	99.4	26.69	29.18	104.5
12/07/2018 1:15:34 PM	3614210134	1013.00	27.77	29.18	94.4	27.62	29.18	95.7	27.22	29.18	99.4	26.67	29.18	104.7
12/07/2018 1:15:35 PM	3614210135	1013.00	27.78	29.17	94.3	27.63	29.17	95.6	27.24	29.17	99.2	26.68	29.17	104.6
12/07/2018 1:15:36 PM	3614210136	1013.00	27.79	29.17	94.2	27.63	29.17	95.6	27.21	29.17	99.5	26.67	29.17	104.7
12/07/2018 1:15:37 PM	3614210137	1013.00	27.81	29.18	94.0	27.66	29.18	95.3	27.26	29.18	99.0	26.67	29.18	104.7
12/07/2018 1:15:38 PM	3614210138	1013.00	27.81	29.17	94.0	27.60	29.17	95.9	27.27	29.17	98.9	26.69	29.17	104.5
12/07/2018 1:15:39 PM	3614210139	1013.00	27.81	29.17	94.0	27.65	29.17	95.4	27.21	29.17	99.5	26.67	29.17	104.7
12/07/2018 1:15:40 PM	3614210140	1013.00	27.82	29.17	93.9	27.63	29.17	95.6	27.23	29.17	99.3	26.64	29.17	105.0
12/07/2018 1:15:41 PM	3614210141	1013.00	27.83	29.17	93.9	27.62	29.17	95.7	27.27	29.17	98.9	26.68	29.17	104.6
12/07/2018 1:15:42 PM	3614210142	1013.00	27.84	29.17	93.8	27.62	29.17	95.7	27.26	29.17	99.0	26.68	29.17	104.6
12/07/2018 1:15:43 PM	3614210143	1013.00	27.82	29.18	93.9	27.64	29.18	95.5	27.22	29.18	99.4	26.66	29.18	104.8
12/07/2018 1:15:44 PM	3614210144	1013.00	27.87	29.18	93.5	27.61	29.18	95.8	27.26	29.18	99.0	26.64	29.18	105.0
12/07/2018 1:15:45 PM	3614210145	1013.00	27.84	29.18	93.8	27.67	29.18	95.3	27.32	29.18	98.4	26.66	29.18	104.8
12/07/2018 1:15:46 PM	3614210146	1013.00	27.85	29.17	93.7	27.68	29.17	95.2	27.33	29.17	98.4	26.67	29.17	104.7
12/07/2018 1:15:47 PM	3614210147	1013.00	27.86	29.17	93.6	27.67	29.17	95.3	27.24	29.17	99.2	26.66	29.17	104.8
12/07/2018 1:15:48 PM	3614210148	1013.00	27.85	29.17	93.7	27.70	29.17	95.0	27.28	29.17	98.8	26.72	29.17	104.2
12/07/2018 1:15:49 PM	3614210149	1013.00	27.87	29.17	93.5	27.66	29.17	95.4	27.27	29.17	98.9	26.67	29.17	104.7
12/07/2018 1:15:50 PM	3614210150	1013.00	27.88	29.17	93.4	27.70	29.17	95.0	27.27	29.17	98.9	26.67	29.17	104.7
12/07/2018 1:15:51 PM	3614210151	1013.00	27.90	29.17	93.2	27.68	29.17	95.2	27.31	29.17	98.5	26.68	29.17	104.6
12/07/2018 1:15:52 PM	3614210152	1013.00	27.91	29.17	93.2	27.68	29.17	95.2	27.33	29.17	98.4	26.68	29.17	104.6
12/07/2018 1:15:53 PM	3614210153	1013.00	27.92	29.17	93.1	27.67	29.17	95.3	27.31	29.17	98.5	26.66	29.17	104.8
12/07/2018 1:15:54 PM	3614210154	1013.00	27.90	29.18	93.2	27.73	29.18	94.7	27.31	29.18	98.5	26.68	29.18	104.6
12/07/2018 1:15:55 PM	3614210155	1013.00	27.90	29.18	93.2	27.68	29.18	95.2	27.29	29.18	98.7	26.71	29.18	104.3
12/07/2018 1:15:56 PM	3614210156	1013.00	27.90	29.18	93.2	27.69	29.18	95.1	27.35	29.18	98.2	26.68	29.18	104.6
12/07/2018 1:15:57 PM	3614210157	1013.00	27.91	29.18	93.1	27.76	29.18	94.5	27.28	29.18	98.8	26.67	29.18	104.7
12/07/2018 1:15:58 PM	3614210158	1013.00	27.95	29.18	92.8	27.70	29.18	95.0	27.28	29.18	98.8	26.70	29.18	104.4
12/07/2018 1:15:59 PM	3614210159	1013.00	27.92	29.17	93.1	27.71	29.17	94.9	27.35	29.17	98.2	26.67	29.17	104.7
12/07/2018 1:16:00 PM	3614210160	1013.00	27.91	29.17	93.2	27.70	29.17	95.0	27.31	29.17	98.5	26.68	29.17	104.6
12/07/2018 1:16:01 PM	3614210161	1013.00	27.96	29.16	92.7	27.77	29.16	94.4	27.31	29.16	98.6	26.66	29.16	104.8
12/07/2018 1:16:02 PM	3614210162	1013.00	27.95	29.16	92.8	27.75	29.16	94.6	27.33	29.16	98.4	26.68	29.16	104.6
12/07/2018 1:16:03 PM	3614210163	1013.00	27.99	29.16	92.5	27.75	29.16	94.6	27.32	29.16	98.5	26.65	29.16	104.9
12/07/2018 1:16:04 PM	3614210164	1013.00	28.00	29.16	92.4	27.74	29.16	94.7	27.36	29.16	98.1	26.68	29.16	104.6
12/07/2018 1:16:05 PM	3614210165	1013.00	27.98	29.16	92.6	27.73	29.16	94.8	27.30	29.16	98.7	26.68	29.16	104.6
12/07/2018 1:16:06 PM	3614210166	1013.00	27.99	29.16	92.5	27.78	29.16	94.3	27.33	29.16	98.4	26.70	29.16	104.4
12/07/2018 1:16:07 PM	3614210167	1013.00	28.02	29.17	92.2	27.78	29.17	94.3	27.35	29.17	98.2	26.69	29.17	104.5
12/07/2018 1:16:08 PM	3614210168	1013.00	28.01	29.17	92.3	27.79	29.17	94.2	27.33	29.17	98.4	26.69	29.17	104.5
12/07/2018 1:16:09 PM	3614210169	1013.00	28.00	29.17	92.4	27.77	29.17	94.4	27.37	29.17	98.0	26.69	29.17	104.5
12/07/2018 1:16:10 PM	3614210170	1013.00	28.02	29.17	92.2	27.79	29.17	94.2	27.39	29.17	97.8	26.66	29.17	104.8
12/07/2018 1:16:11 PM	3614210171	1013.00	28.03	29.17	92.1	27.81	29.17	94.0	27.39	29.17	97.8	26.70	29.17	104.4
12/07/2018 1:16:12 PM	3614210172	1013.00	28.04	29.16	92.1	27.83	29.16	93.9	27.38	29.16	97.9	26.67	29.16	104.7
12/07/2018 1:16:13 PM	3614210173	1013.00	28.03	29.15	92.2	27.81	29.15	94.1	27.45	29.15	97.3	26.68	29.15	104.7
12/07/2018 1:16:14 PM	3614210174	1013.00	28.03	29.16	92.1	27.78	29.16	94.3	27.38	29.16	97.9	26.66	29.16	104.8
12/07/2018 1:16:15 PM	3614210175	1013.00	28.05	29.15	92.0	27.83	29.15	93.9	27.37	29.15	98.0	26.68	29.15	104.7
12/07/2018 1:16:16 PM	3614210176	1013.00	28.05	29.15	92.0	27.82	29.15	94.0	27.35	29.15	98.2	26.68	29.15	104.7
12/07/2018 1:16:17 PM	3614210177	1013.00	28.06	29.16	91.9	27.83	29.16	93.9	27.39	29.16	97.8	26.70	29.16	104.4
12/07/2018 1:16:18 PM	3614210178	1013.00	28.06	29.16	91.9	27.85	29.16	93.7	27.42	29.16	97.5	26.68	29.16	104.6
12/07/2018 1:16:19 PM	3614210179	1013.00	28.08	29.16	91.7	27.82	29.16	94.0	27.45	29.16	97.3	26.66	29.16	104.8
12/07/2018 1:16:20 PM	3614210180	1013.00	28.10	29.16	91.5	27.85	29.16	93.7	27.38	29.16	97.9	26.69	29.16	104.5
12/07/2018 1:16:21 PM	3614210181	1013.00	28.09	29.17	91.6	27.88	29.17	93.4	27.41	29.17	97.6	26.66	29.17	104.8
12/07/2018 1:16:22 PM	3614210182	1013.00	28.11	29.17	91.4	27.84	29.17	93.8	27.40	29.17	97.7	26.69	29.17	104.5
12/07/2018 1:16:23 PM	3614210183	1013.00	28.11	29.17	91.4	27.86	29.17	93.6	27.43	29.17	97.4	26.66	29.17	104.8
12/07/2018 1:16:24 PM	3614210184	1013.00	28.16	29.18	91.0	27.88	29.18	93.4	27.43	29.18	97.4	26.68	29.18	104.6
12/07/2018 1:16:25 PM	3614210185	1013.00	28.11	29.18	91.4	27.89	29.18	93.3	27.39	29.18	97.8	26.70	29.18	104.4
12/07/2018 1:16:26 PM	3614210186	1013.00	28.15	29.17	91.1	27.90	29.17	93.2	27.44	29.17	97.3	26.72	29.17	104.2
12/07/2018 1:16:27 PM	3614210187	1013.00	28.17	29.17	90.9	27.93	29.17	93.0	27.41	29.17	97.6	26.70	29.17	104.4
12/07/2018 1:16:28 PM	3614210188	1013.00	28.14	29.18	91.2	27.87	29.18	93.5	27.43	29.18	97.4	26.68	29.18	104.6
12/07/2018 1:16:29 PM	3614210189	1013.00	28.19	29.17	90.8	27.90	29.17	93.2	27.40	29.17	97.7	26.69	29.17	104.5
12/07/2018 1:16:30 PM	3614210190	1013.00	28.18	29.17	90.9	27.87	29.17	93.5	27.44	29.17	97.3	26.67	29.17	104.7
12/07/2018 1:16:31 PM	3614210191	1013.00	28.18	29.17	90.9	27.92	29.17	93.1	27.45	29.17	97.3	26.69	29.17	104.5
12/07/2018 1:16:32 PM	3614210192	1013.00	28.16	29.17	91.0	27.93	29.17	93.0	27.40	29.17	97.7	26.68	29.17	104.6
12/07/2018 1:16:33 PM	3614210193	1013.00	28.22	29.18	90.5	27.94	29.18	92.9	27.44	29.18	97.3	26.70	29.18	104.4
12/07/2018 1:16:34 PM	3614210194	1013.00	28.22	29.18	90.5	27.91	29.18	93.1	27.41	29.18	97.6	26.70	29.18	104.4
12/07/2018 1:16:35 PM	3614210195	1013.00	28.23	29.18	90.4	27.97	29.18	92.6	27.49	29.18	96.9	26.66	29.18	104.8
12/07/2018 1:16:36 PM	3614210196	1013.00	28.22	29.18	90.5	27.94	29.18	92.9	27.43	29.18	97.4	26.71	29.18	104.3
12/07/2018 1:16:37 PM	3614210197	1013.00	28.22	29.17	90.5	27.96	29.17	92.7	27.46	29.17	97.2	26.71	29.17	104.3
12/07/2018 1:16:38 PM	3614210198	1013.00	28.24	29.17	90.3	27.94	29.17	92.9	27.49	29.17	96.9	26.67	29.17	104.7
12/07/2018 1:16:39 PM	3614210199	1013.00	28.24	29.17	90.3	27.97	29.17	92.6	27.46	29.17	97.2	26.64	29.17	105.0
12/07/2018 1:16:40 PM	3614210200	1013.00	28.25	29.18	90.2	27.98	29.18	92.5	27.45	29.18	97.2	26.72	29.18	104.2
12/07/2018 1:16:41 PM	3614210201	1013.00	28.28	29.18	90.0	27.98	29.18	92.5	27.50	29.18	96.8	26.68	29.18	104.6
12/07/2018 1:16:42 PM	3614210202	1013.00	28.27	29.18	90.1	27.95	29.18	92.8	27.51	29.18	96.7	26.65	29.18	104.9
12/07/2018 1:16:43 PM	3614210203	1013.00	28.28	29.18	90.0	27.97	29.18	92.6	27.46	29.18	97.1	26.66	29.18	104.8
12/07/2018 1:16:44 PM	3614210204	1013.00	28.26	29.18	90.2	28.03	29.18	92.1	27.45	29.18	97.2	26.64	29.18	105.0
12/07/2018 1:16:45 PM	3614210205	1013.00	28.30	29.17	89.8	27.97	29.17	92.6	27.46	29.17	97.2	26.70	29.17	104.4
12/07/2018 1:16:46 PM	3614210206	1013.00	28.32	29.16	89.7	28.01	29.16	92.3	27.52	29.16	96.6	26.69	29.16	104.5
12/07/2018 1:16:47 PM	3614210207	1013.00	28.32	29.17	89.7	28.01	29.17	92.3	27.47	29.17	97.1	26.68	29.17	104.6
12/07/2018 1:16:48 PM	3614210208	1013.00	28.33	29.17	89.6	28.00	29.17	92.4	27.51	29.17	96.7	26.71	29.17	104.3
12/07/2018 1:16:49 PM	3614210209	1013.00	28.33	29.18	89.6	28.03	29.18	92.1	27.52	29.18	96.6	26.67	29.18	104.7
12/07/2018 1:16:50 PM	3614210210	1013.00	28.35	29.18	89.4	28.04	29.18	92.0	27.45	29.18	97.2	26.69	29.18	104.5
12/07/2018 1:16:51 PM	3614210211	1013.00	28.35	29.18	89.4	28.03	29.18	92.1	27.45	29.18	97.2	26.69	29.18	104.5
12/07/2018 1:16:52 PM	3614210212	1013.00	28.39	29.18	89.1	28.04	29.18	92.0	27.48	29.18	97.0	26.65	29.18	104.9
12/07/2018 1:16:53 PM	3614210213	1013.00	28.36	29.18	89.3	28.02	29.18	92.2	27.58	29.18	96.1	26.70	29.18	104.4
12/07/2018 1:16:54 PM	3614210214	1013.00	28.39	29.18	89.1	28.00	29.18	92.4	27.48	29.18	97.0	26.67	29.18	104.7
12/07/2018 1:16:55 PM	3614210215	1013.00	28.36	29.18	89.3	28.03	29.18	92.1	27.51	29.18	96.7	26.70	29.18	104.4
12/07/2018 1:16:56 PM	3614210216	1013.00	28.41	29.18	88.9	28.05	29.18	91.9	27.55	29.18	96.3	26.66	29.18	104.8
12/07/2018 1:16:57 PM	3614210217	1013.00	28.41	29.18	88.9	28.07	29.18	91.8	27.54	29.18	96.4	26.69	29.18	104.5
12/07/2018 1:16:58 PM	3614210218	1013.00	28.38	29.19	89.2	28.12	29.19	91.3	27.51	29.19	96.7	26.68	29.19	104.6
12/07/2018 1:16:59 PM	3614210219	1013.00	28.38	29.18	89.2	28.05	29.18	91.9	27.47	29.18	97.1	26.69	29.18	104.5
12/07/2018 1:17:00 PM	3614210220	1013.00	28.42	29.18	88.8	28.09	29.18	91.6	27.53	29.18	96.5	26.66	29.18	104.8
12/07/2018 1:17:01 PM	3614210221	1013.00	28.42	29.19	88.8	28.05	29.19	91.9	27.55	29.19	96.3	26.68	29.19	104.6
12/07/2018 1:17:02 PM	3614210222	1013.00	28.43	29.18	88.8	28.09	29.18	91.6	27.52	29.18	96.6	26.68	29.18	104.6
12/07/2018 1:17:03 PM	3614210223	1013.00	28.41	29.17	88.9	28.09	29.17	91.6	27.56	29.17	96.3	26.66	29.17	104.8
12/07/2018 1:17:04 PM	3614210224	1013.00	28.43	29.18	88.8	28.09	29.18	91.6	27.55	29.18	96.3	26.68	29.18	104.6
12/07/2018 1:17:05 PM	3614210225	1013.00	28.43	29.19	88.7	28.07	29.19	91.7	27.54	29.19	96.4	26.70	29.19	104.4
12/07/2018 1:17:06 PM	3614210226	1013.00	28.45	29.18	88.6	28.07	29.18	91.8	27.50	29.18	96.8	26.70	29.18	104.4
12/07/2018 1:17:07 PM	3614210227	1013.00	28.48	29.19	88.3	28.12	29.19	91.3	27.56	29.19	96.2	26.68	29.19	104.6
12/07/2018 1:17:08 PM	3614210228	1013.00	28.45	29.19	88.6	28.16	29.19	91.0	27.53	29.19	96.5	26.69	29.19	104.5
12/07/2018 1:17:09 PM	3614210229	1013.00	28.47	29.18	88.4	28.08	29.18	91.7	27.57	29.18	96.1	26.71	29.18	104.3
12/07/2018 1:17:10 PM	3614210230	1013.00	28.46	29.17	88.5	28.13	29.17	91.3	27.55	29.17	96.3	26.70	29.17	104.4
12/07/2018 1:17:11 PM	3614210231	1013.00	28.51	29.17	88.1	28.15	29.17	91.1	27.57	29.17	96.2	26.67	29.17	104.7
12/07/2018 1:17:12 PM	3614210232	1013.00	28.47	29.17	88.4	28.14	29.17	91.2	27.53	29.17	96.5	26.71	29.17	104.3
12/07/2018 1:17:13 PM	3614210233	1013.00	28.48	29.17	88.4	28.18	29.17	90.9	27.58	29.17	96.1	26.71	29.17	104.3
12/07/2018 1:17:14 PM	3614210234	1013.00	28.50	29.17	88.2	28.15	29.17	91.1	27.58	29.17	96.1	26.67	29.17	104.7
12/07/2018 1:17:15 PM	3614210235	1013.00	28.52	29.18	88.0	28.19	29.18	90.8	27.56	29.18	96.2	26.68	29.18	104.6
12/07/2018 1:17:16 PM	3614210236	1013.00	28.50	29.18	88.2	28.15	29.18	91.1	27.53	29.18	96.5	26.70	29.18	104.4
12/07/2018 1:17:17 PM	3614210237	1013.00	28.50	29.18	88.2	28.15	29.18	91.1	27.58	29.18	96.1	26.70	29.18	104.4
12/07/2018 1:17:18 PM	3614210238	1013.00	28.51	29.19	88.1	28.18	29.19	90.8	27.57	29.19	96.1	26.69	29.19	104.5
12/07/2018 1:17:19 PM	3614210239	1013.00	28.53	29.19	87.9	28.20	29.19	90.7	27.54	29.19	96.4	26.68	29.19	104.6
12/07/2018 1:17:20 PM	3614210240	1013.00	28.51	29.19	88.1	28.18	29.19	90.8	27.63	29.19	95.6	26.68	29.19	104.6
12/07/2018 1:17:21 PM	3614210241	1013.00	28.54	29.19	87.9	28.14	29.19	91.2	27.59	29.19	96.0	26.67	29.19	104.7
12/07/2018 1:17:22 PM	3614210242	1013.00	28.53	29.18	87.9	28.21	29.18	90.6	27.59	29.18	96.0	26.67	29.18	104.7
12/07/2018 1:17:23 PM	3614210243	1013.00	28.55	29.18	87.8	28.20	29.18	90.7	27.59	29.18	96.0	26.67	29.18	104.7
12/07/2018 1:17:24 PM	3614210244	1013.00	28.58	29.18	87.5	28.23	29.18	90.4	27.57	29.18	96.1	26.70	29.18	104.4
12/07/2018 1:17:25 PM	3614210245	1013.00	28.55	29.18	87.8	28.21	29.18	90.6	27.60	29.18	95.9	26.68	29.18	104.6
12/07/2018 1:17:26 PM	3614210246	1013.00	28.53	29.18	87.9	28.21	29.18	90.6	27.61	29.18	95.8	26.70	29.18	104.4
12/07/2018 1:17:27 PM	3614210247	1013.00	28.57	29.18	87.6	28.23	29.18	90.4	27.57	29.18	96.1	26.70	29.18	104.4
12/07/2018 1:17:28 PM	3614210248	1013.00	28.57	29.19	87.6	28.26	29.19	90.1	27.61	29.19	95.8	26.69	29.19	104.5
12/07/2018 1:17:29 PM	3614210249	1013.00	28.60	29.19	87.4	28.25	29.19	90.2	27.61	29.19	95.8	26.67	29.19	104.7
12/07/2018 1:17:30 PM	3614210250	1013.00	28.59	29.19	87.4	28.25	29.19	90.2	27.60	29.19	95.9	26.65	29.19	104.9
12/07/2018 1:17:31 PM	3614210251	1013.00	28.58	29.20	87.5	28.21	29.20	90.6	27.59	29.20	95.9	26.66	29.20	104.8
12/07/2018 1:17:32 PM	3614210252	1013.00	28.60	29.19	87.4	28.24	29.19	90.3	27.63	29.19	95.6	26.70	29.19	104.4
12/07/2018 1:17:33 PM	3614210253	1013.00	28.63	29.19	87.1	28.24	29.19	90.3	27.65	29.19	95.4	26.67	29.19	104.7
12/07/2018 1:17:34 PM	3614210254	1013.00	28.61	29.20	87.3	28.24	29.20	90.3	27.62	29.20	95.7	26.69	29.20	104.5
12/07/2018 1:17:35 PM	3614210255	1013.00	28.61	29.19	87.3	28.25	29.19	90.2	27.62	29.19	95.7	26.67	29.19	104.7
12/07/2018 1:17:36 PM	3614210256	1013.00	28.61	29.19	87.3	28.27	29.19	90.1	27.67	29.19	95.2	26.69	29.19	104.5
12/07/2018 1:17:37 PM	3614210257	1013.00	28.64	29.20	87.0	28.26	29.20	90.1	27.62	29.20	95.7	26.69	29.20	104.5
12/07/2018 1:17:38 PM	3614210258	1013.00	28.62	29.19	87.2	28.25	29.19	90.2	27.64	29.19	95.5	26.67	29.19	104.7
12/07/2018 1:17:39 PM	3614210259	1013.00	28.62	29.19	87.2	28.27	29.19	90.1	27.63	29.19	95.6	26.70	29.19	104.4
12/07/2018 1:17:40 PM	3614210260	1013.00	28.66	29.19	86.9	28.28	29.19	90.0	27.68	29.19	95.1	26.67	29.19	104.7
12/07/2018 1:17:41 PM	3614210261	1013.00	28.63	29.19	87.1	28.25	29.19	90.2	27.62	29.19	95.7	26.70	29.19	104.4
12/07/2018 1:17:42 PM	3614210262	1013.00	28.68	29.20	86.7	28.27	29.20	90.1	27.60	29.20	95.8	26.67	29.20	104.7
12/07/2018 1:17:43 PM	3614210263	1013.00	28.71	29.20	86.5	28.31	29.20	89.7	27.62	29.20	95.7	26.71	29.20	104.3
12/07/2018 1:17:44 PM	3614210264	1013.00	28.69	29.20	86.6	28.28	29.20	90.0	27.67	29.20	95.2	26.69	29.20	104.5
12/07/2018 1:17:45 PM	3614210265	1013.00	28.71	29.20	86.5	28.26	29.20	90.1	27.62	29.20	95.7	26.73	29.20	104.1
12/07/2018 1:17:46 PM	3614210266	1013.00	28.74	29.19	86.3	28.26	29.19	90.1	27.66	29.19	95.3	26.69	29.19	104.5
12/07/2018 1:17:47 PM	3614210267	1013.00	28.74	29.19	86.3	28.31	29.19	89.7	27.65	29.19	95.4	26.70	29.19	104.4
12/07/2018 1:17:48 PM	3614210268	1013.00	28.74	29.20	86.2	28.32	29.20	89.6	27.64	29.20	95.5	26.67	29.20	104.7
12/07/2018 1:17:49 PM	3614210269	1013.00	28.72	29.19	86.4	28.33	29.19	89.6	27.68	29.19	95.1	26.70	29.19	104.4
12/07/2018 1:17:50 PM	3614210270	1013.00	28.72	29.20	86.4	28.30	29.20	89.8	27.70	29.20	95.0	26.72	29.20	104.2
12/07/2018 1:17:51 PM	3614210271	1013.00	28.76	29.20	86.1	28.34	29.20	89.5	27.70	29.20	95.0	26.67	29.20	104.7
12/07/2018 1:17:52 PM	3614210272	1013.00	28.78	29.20	85.9	28.32	29.20	89.6	27.70	29.20	95.0	26.69	29.20	104.5
12/07/2018 1:17:53 PM	3614210273	1013.00	28.75	29.19	86.2	28.33	29.19	89.6	27.71	29.19	94.9	26.69	29.19	104.5
12/07/2018 1:17:54 PM	3614210274	1013.00	28.75	29.19	86.2	28.33	29.19	89.6	27.69	29.19	95.1	26.67	29.19	104.7
12/07/2018 1:17:55 PM	3614210275	1013.00	28.79	29.18	85.9	28.33	29.18	89.6	27.67	29.18	95.3	26.69	29.18	104.5
12/07/2018 1:17:56 PM	3614210276	1013.00	28.76	29.18	86.1	28.35	29.18	89.4	27.66	29.18	95.3	26.68	29.18	104.6
12/07/2018 1:17:57 PM	3614210277	1013.00	28.78	29.17	86.0	28.37	29.17	89.3	27.73	29.17	94.7	26.68	29.17	104.6
12/07/2018 1:17:58 PM	3614210278	1013.00	28.79	29.18	85.9	28.35	29.18	89.4	27.64	29.18	95.5	26.67	29.18	104.7
12/07/2018 1:17:59 PM	3614210279	1013.00	28.78	29.18	86.0	28.36	29.18	89.3	27.64	29.18	95.5	26.69	29.18	104.5
12/07/2018 1:18:00 PM	3614210280	1013.00	28.79	29.19	85.9	28.37	29.19	89.2	27.64	29.19	95.5	26.69	29.19	104.5
12/07/2018 1:18:01 PM	3614210281	1013.00	28.82	29.19	85.6	28.38	29.19	89.2	27.70	29.19	95.0	26.70	29.19	104.4
12/07/2018 1:18:02 PM	3614210282	1013.00	28.78	29.20	85.9	28.32	29.20	89.6	27.67	29.20	95.2	26.70	29.20	104.4
12/07/2018 1:18:03 PM	3614210283	1013.00	28.82	29.19	85.6	28.37	29.19	89.2	27.72	29.19	94.8	26.67	29.19	104.7
12/07/2018 1:18:04 PM	3614210284	1013.00	28.80	29.19	85.8	28.41	29.19	88.9	27.73	29.19	94.7	26.68	29.19	104.6
12/07/2018 1:18:05 PM	3614210285	1013.00	28.80	29.19	85.8	28.38	29.19	89.2	27.67	29.19	95.2	26.69	29.19	104.5
12/07/2018 1:18:06 PM	3614210286	1013.00	28.86	29.18	85.3	28.39	29.18	89.1	27.70	29.18	95.0	26.67	29.18	104.7
12/07/2018 1:18:07 PM	3614210287	1013.00	28.84	29.18	85.5	28.41	29.18	88.9	27.74	29.18	94.6	26.68	29.18	104.6
12/07/2018 1:18:08 PM	3614210288	1013.00	28.88	29.18	85.2	28.43	29.18	88.8	27.71	29.18	94.9	26.69	29.18	104.5
12/07/2018 1:18:09 PM	3614210289	1013.00	28.85	29.18	85.4	28.42	29.18	88.8	27.74	29.18	94.6	26.69	29.18	104.5
12/07/2018 1:18:10 PM	3614210290	1013.00	28.89	29.17	85.1	28.42	29.17	88.9	27.71	29.17	94.9	26.65	29.17	104.9
12/07/2018 1:18:11 PM	3614210291	1013.00	28.87	29.17	85.3	28.44	29.17	88.7	27.74	29.17	94.6	26.68	29.17	104.6
12/07/2018 1:18:12 PM	3614210292	1013.00	28.90	29.17	85.0	28.44	29.17	88.7	27.72	29.17	94.8	26.68	29.17	104.6
12/07/2018 1:18:13 PM	3614210293	1013.00	28.88	29.17	85.2	28.47	29.17	88.4	27.76	29.17	94.5	26.71	29.17	104.3
12/07/2018 1:18:14 PM	3614210294	1013.00	28.92	29.19	84.8	28.45	29.19	88.6	27.77	29.19	94.3	26.68	29.19	104.6
12/07/2018 1:18:15 PM	3614210295	1013.00	28.90	29.19	85.0	28.45	29.19	88.6	27.74	29.19	94.6	26.68	29.19	104.6
12/07/2018 1:18:16 PM	3614210296	1013.00	28.92	29.20	84.8	28.49	29.20	88.2	27.77	29.20	94.3	26.66	29.20	104.8
12/07/2018 1:18:17 PM	3614210297	1013.00	28.95	29.20	84.6	28.49	29.20	88.2	27.72	29.20	94.8	26.70	29.20	104.4
12/07/2018 1:18:18 PM	3614210298	1013.00	28.92	29.20	84.8	28.48	29.20	88.3	27.75	29.20	94.5	26.69	29.20	104.5
12/07/2018 1:18:19 PM	3614210299	1013.00	28.95	29.20	84.6	28.52	29.20	88.0	27.78	29.20	94.2	26.67	29.20	104.7
12/07/2018 1:18:20 PM	3614210300	1013.00	28.96	29.20	84.5	28.50	29.20	88.2	27.79	29.20	94.2	26.69	29.20	104.5
12/07/2018 1:18:21 PM	3614210301	1013.00	28.95	29.21	84.6	28.53	29.21	87.9	27.77	29.21	94.3	26.70	29.21	104.4
12/07/2018 1:18:22 PM	3614210302	1013.00	28.97	29.21	84.4	28.50	29.21	88.1	27.75	29.21	94.5	26.67	29.21	104.7
12/07/2018 1:18:23 PM	3614210303	1013.00	28.96	29.20	84.5	28.49	29.20	88.2	27.77	29.20	94.3	26.70	29.20	104.4
12/07/2018 1:18:24 PM	3614210304	1013.00	29.00	29.20	84.2	28.53	29.20	87.9	27.74	29.20	94.6	26.71	29.20	104.3
12/07/2018 1:18:25 PM	3614210305	1013.00	28.98	29.20	84.4	28.53	29.20	87.9	27.77	29.20	94.3	26.66	29.20	104.8
12/07/2018 1:18:26 PM	3614210306	1013.00	29.00	29.20	84.2	28.51	29.20	88.1	27.75	29.20	94.5	26.67	29.20	104.7
12/07/2018 1:18:27 PM	3614210307	1013.00	28.99	29.20	84.3	28.51	29.20	88.1	27.76	29.20	94.4	26.70	29.20	104.4
12/07/2018 1:18:28 PM	3614210308	1013.00	29.02	29.21	84.0	28.54	29.21	87.8	27.76	29.21	94.4	26.69	29.21	104.5
12/07/2018 1:18:29 PM	3614210309	1013.00	29.00	29.21	84.2	28.51	29.21	88.1	27.79	29.21	94.1	26.70	29.21	104.4
12/07/2018 1:18:30 PM	3614210310	1013.00	29.05	29.21	83.8	28.55	29.21	87.7	27.80	29.21	94.1	26.70	29.21	104.4
12/07/2018 1:18:31 PM	3614210311	1013.00	29.05	29.21	83.8	28.56	29.21	87.7	27.81	29.21	94.0	26.70	29.21	104.4
12/07/2018 1:18:32 PM	3614210312	1013.00	29.03	29.21	84.0	28.56	29.21	87.7	27.81	29.21	94.0	26.68	29.21	104.6
12/07/2018 1:18:33 PM	3614210313	1013.00	29.04	29.21	83.9	28.56	29.21	87.7	27.83	29.21	93.8	26.68	29.21	104.6
12/07/2018 1:18:34 PM	3614210314	1013.00	29.03	29.20	84.0	28.52	29.20	88.0	27.82	29.20	93.9	26.66	29.20	104.8
12/07/2018 1:18:35 PM	3614210315	1013.00	29.08	29.20	83.6	28.60	29.20	87.4	27.80	29.20	94.1	26.68	29.20	104.6
12/07/2018 1:18:36 PM	3614210316	1013.00	29.05	29.20	83.8	28.57	29.20	87.6	27.82	29.20	93.9	26.69	29.20	104.5
12/07/2018 1:18:37 PM	3614210317	1013.00	29.09	29.21	83.5	28.58	29.21	87.5	27.83	29.21	93.8	26.68	29.21	104.6
12/07/2018 1:18:38 PM	3614210318	1013.00	29.07	29.21	83.7	28.56	29.21	87.7	27.85	29.21	93.6	26.71	29.21	104.3
12/07/2018 1:18:39 PM	3614210319	1013.00	29.06	29.21	83.7	28.61	29.21	87.3	27.81	29.21	94.0	26.67	29.21	104.7
12/07/2018 1:18:40 PM	3614210320	1013.00	29.10	29.21	83.4	28.59	29.21	87.4	27.84	29.21	93.7	26.68	29.21	104.6
12/07/2018 1:18:41 PM	3614210321	1013.00	29.10	29.20	83.5	28.63	29.20	87.1	27.86	29.20	93.5	26.67	29.20	104.7
12/07/2018 1:18:42 PM	3614210322	1013.00	29.09	29.20	83.5	28.62	29.20	87.2	27.87	29.20	93.5	26.69	29.20	104.5
12/07/2018 1:18:43 PM	3614210323	1013.00	29.10	29.21	83.4	28.61	29.21	87.3	27.82	29.21	93.9	26.67	29.21	104.7
12/07/2018 1:18:44 PM	3614210324	1013.00	29.11	29.21	83.4	28.63	29.21	87.1	27.82	29.21	93.9	26.69	29.21	104.5
12/07/2018 1:18:45 PM	3614210325	1013.00	29.15	29.21	83.1	28.65	29.21	86.9	27.88	29.21	93.4	26.70	29.21	104.4
12/07/2018 1:18:46 PM	3614210326	1013.00	29.14	29.21	83.1	28.64	29.21	87.0	27.88	29.21	93.4	26.69	29.21	104.5
12/07/2018 1:18:47 PM	3614210327	1013.00	29.16	29.20	83.0	28.60	29.20	87.4	27.85	29.20	93.6	26.68	29.20	104.6
12/07/2018 1:18:48 PM	3614210328	1013.00	29.15	29.20	83.1	28.64	29.20	87.0	27.82	29.20	93.9	26.67	29.20	104.7
12/07/2018 1:18:49 PM	3614210329	1013.00	29.18	29.20	82.8	28.66	29.20	86.9	27.85	29.20	93.6	26.69	29.20	104.5
12/07/2018 1:18:50 PM	3614210330	1013.00	29.17	29.22	82.9	28.66	29.22	86.8	27.87	29.22	93.4	26.66	29.22	104.7
12/07/2018 1:18:51 PM	3614210331	1013.00	29.18	29.22	82.8	28.67	29.22	86.8	27.86	29.22	93.5	26.68	29.22	104.5
12/07/2018 1:18:52 PM	3614210332	1013.00	29.18	29.21	82.8	28.63	29.21	87.1	27.87	29.21	93.4	26.64	29.21	105.0
12/07/2018 1:18:53 PM	3614210333	1013.00	29.18	29.21	82.8	28.68	29.21	86.7	27.85	29.21	93.6	26.70	29.21	104.4
12/07/2018 1:18:54 PM	3614210334	1013.00	29.21	29.22	82.6	28.67	29.22	86.8	27.85	29.22	93.6	26.69	29.22	104.4
12/07/2018 1:18:55 PM	3614210335	1013.00	29.19	29.21	82.8	28.69	29.21	86.6	27.94	29.21	92.8	26.71	29.21	104.3
12/07/2018 1:18:56 PM	3614210336	1013.00	29.21	29.21	82.6	28.68	29.21	86.7	27.84	29.21	93.7	26.67	29.21	104.7
12/07/2018 1:18:57 PM	3614210337	1013.00	29.18	29.22	82.8	28.69	29.22	86.6	27.88	29.22	93.3	26.69	29.22	104.4
12/07/2018 1:18:58 PM	3614210338	1013.00	29.24	29.21	82.4	28.69	29.21	86.6	27.87	29.21	93.4	26.69	29.21	104.5
12/07/2018 1:18:59 PM	3614210339	1013.00	29.24	29.21	82.4	28.70	29.21	86.5	27.91	29.21	93.1	26.70	29.21	104.4
12/07/2018 1:19:00 PM	3614210340	1013.00	29.25	29.21	82.3	28.69	29.21	86.6	27.89	29.21	93.3	26.70	29.21	104.4
12/07/2018 1:19:01 PM	3614210341	1013.00	29.24	29.21	82.4	28.72	29.21	86.4	27.92	29.21	93.0	26.69	29.21	104.5
12/07/2018 1:19:02 PM	3614210342	1013.00	29.25	29.21	82.3	28.74	29.21	86.2	27.88	29.21	93.4	26.68	29.21	104.6
12/07/2018 1:19:03 PM	3614210343	1013.00	29.28	29.21	82.1	28.73	29.21	86.3	27.94	29.21	92.8	26.70	29.21	104.4
12/07/2018 1:19:04 PM	3614210344	1013.00	29.30	29.22	81.9	28.75	29.22	86.1	27.87	29.22	93.4	26.69	29.22	104.4
12/07/2018 1:19:05 PM	3614210345	1013.00	29.27	29.22	82.1	28.73	29.22	86.3	27.90	29.22	93.2	26.67	29.22	104.6
12/07/2018 1:19:06 PM	3614210346	1013.00	29.29	29.21	82.0	28.71	29.21	86.5	27.92	29.21	93.0	26.69	29.21	104.5
12/07/2018 1:19:07 PM	3614210347	1013.00	29.29	29.22	82.0	28.76	29.22	86.1	27.92	29.22	93.0	26.68	29.22	104.5
12/07/2018 1:19:08 PM	3614210348	1013.00	29.31	29.21	81.9	28.79	29.21	85.8	27.92	29.21	93.0	26.69	29.21	104.5
12/07/2018 1:19:09 PM	3614210349	1013.00	29.30	29.21	81.9	28.81	29.21	85.7	27.88	29.21	93.4	26.68	29.21	104.6
12/07/2018 1:19:10 PM	3614210350	1013.00	29.33	29.21	81.7	28.84	29.21	85.4	27.91	29.21	93.1	26.71	29.21	104.3
12/07/2018 1:19:11 PM	3614210351	1013.00	29.33	29.20	81.7	28.80	29.20	85.8	27.92	29.20	93.0	26.67	29.20	104.7
12/07/2018 1:19:12 PM	3614210352	1013.00	29.32	29.20	81.8	28.78	29.20	85.9	27.94	29.20	92.8	26.69	29.20	104.5
12/07/2018 1:19:13 PM	3614210353	1013.00	29.36	29.21	81.5	28.79	29.21	85.8	27.95	29.21	92.7	26.68	29.21	104.6
12/07/2018 1:19:14 PM	3614210354	1013.00	29.34	29.20	81.7	28.81	29.20	85.7	27.95	29.20	92.8	26.70	29.20	104.4
12/07/2018 1:19:15 PM	3614210355	1013.00	29.33	29.21	81.7	28.83	29.21	85.5	27.92	29.21	93.0	26.69	29.21	104.5
12/07/2018 1:19:16 PM	3614210356	1013.00	29.35	29.22	81.6	28.81	29.22	85.7	27.95	29.22	92.7	26.71	29.22	104.2
12/07/2018 1:19:17 PM	3614210357	1013.00	29.37	29.21	81.4	28.81	29.21	85.7	27.91	29.21	93.1	26.70	29.21	104.4
12/07/2018 1:19:18 PM	3614210358	1013.00	29.39	29.21	81.3	28.83	29.21	85.5	27.96	29.21	92.7	26.69	29.21	104.5
12/07/2018 1:19:19 PM	3614210359	1013.00	29.38	29.21	81.3	28.87	29.21	85.2	27.95	29.21	92.7	26.72	29.21	104.2
12/07/2018 1:19:20 PM	3614210360	1013.00	29.39	29.22	81.3	28.85	29.22	85.3	27.94	29.22	92.8	26.69	29.22	104.4
12/07/2018 1:19:21 PM	3614210361	1013.00	29.39	29.22	81.3	28.85	29.22	85.3	27.93	29.22	92.9	26.72	29.22	104.1
12/07/2018 1:19:22 PM	3614210362	1013.00	29.39	29.22	81.3	28.85	29.22	85.3	27.96	29.22	92.6	26.66	29.22	104.7
12/07/2018 1:19:23 PM	3614210363	1013.00	29.44	29.23	80.9	28.86	29.23	85.3	27.97	29.23	92.5	26.71	29.23	104.2
12/07/2018 1:19:24 PM	3614210364	1013.00	29.45	29.23	80.8	28.90	29.23	84.9	27.95	29.23	92.7	26.65	29.23	104.8
12/07/2018 1:19:25 PM	3614210365	1013.00	29.43	29.22	81.0	28.88	29.22	85.1	27.94	29.22	92.8	26.68	29.22	104.5
12/07/2018 1:19:26 PM	3614210366	1013.00	29.43	29.22	81.0	28.82	29.22	85.6	27.91	29.22	93.1	26.70	29.22	104.3
12/07/2018 1:19:27 PM	3614210367	1013.00	29.45	29.22	80.8	28.89	29.22	85.0	27.93	29.22	92.9	26.71	29.22	104.2
12/07/2018 1:19:28 PM	3614210368	1013.00	29.45	29.21	80.8	28.88	29.21	85.1	27.95	29.21	92.7	26.67	29.21	104.7
12/07/2018 1:19:29 PM	3614210369	1013.00	29.48	29.21	80.6	28.92	29.21	84.8	27.92	29.21	93.0	26.71	29.21	104.3
12/07/2018 1:19:30 PM	3614210370	1013.00	29.51	29.21	80.4	28.88	29.21	85.1	27.98	29.21	92.5	26.66	29.21	104.8
12/07/2018 1:19:31 PM	3614210371	1013.00	29.50	29.21	80.5	28.91	29.21	84.9	27.98	29.21	92.5	26.69	29.21	104.5
