Date & time of file creation	12/07/2018 10:25 AM													
Data file path	C:\Users\ameli\Desktop\Diego Barneche\2018_07_12\32_C_old_witrox_23.txt													
														
														
CALIBRATION DATA														
Parameter/Channel	N moving average	LO phase [r.U.]	HI phase [r.U.]	LO oxygen [%air saturation]	HI oxygen [%air saturation]	LO temperature [°C]	HI temperature [°C]	Salinity [‰]						
S WOT 0041 000001   , CH 1	1	59.42	26.64	0.00	100.00	32.07	32.05	0.000						
S WOT 0041 000001   , CH 2	1	59.42	26.64	0.00	100.00	32.07	32.05	0.000						
S WOT 0041 000001   , CH 3	1	59.42	26.64	0.00	100.00	32.07	32.05	0.000						
S WOT 0041 000001   , CH 4	1	59.42	26.64	0.00	100.00	32.07	32.05	0.000						
														
														
Date &Time [DD-MM-YYYY HH:MM:SS]	Time stamp code	Barometric pressure [hPa]	S WOT 0041 000001   , CH 1 phase [r.U.]	S WOT 0041 000001   , CH 1 temp [°C]	S WOT 0041 000001   , CH 1 O2 [% air saturation]	S WOT 0041 000001   , CH 2 phase [r.U.]	S WOT 0041 000001   , CH 2 temp [°C]	S WOT 0041 000001   , CH 2 O2 [% air saturation]	S WOT 0041 000001   , CH 3 phase [r.U.]	S WOT 0041 000001   , CH 3 temp [°C]	S WOT 0041 000001   , CH 3 O2 [% air saturation]	S WOT 0041 000001   , CH 4 phase [r.U.]	S WOT 0041 000001   , CH 4 temp [°C]	S WOT 0041 000001   , CH 4 O2 [% air saturation]
12/07/2018 10:26:28 AM	3614199988	1013.00	26.39	32.26	102.1	26.37	32.26	102.3	26.30	32.26	103.0	26.14	32.26	104.6
12/07/2018 10:26:29 AM	3614199989	1013.00	26.38	32.27	102.2	26.33	32.27	102.6	26.32	32.27	102.7	26.10	32.27	105.0
12/07/2018 10:26:30 AM	3614199990	1013.00	26.40	32.26	102.0	26.32	32.26	102.8	26.32	32.26	102.8	26.12	32.26	104.8
12/07/2018 10:26:31 AM	3614199991	1013.00	26.38	32.26	102.2	26.34	32.26	102.6	26.30	32.26	103.0	26.11	32.26	104.9
12/07/2018 10:26:32 AM	3614199992	1013.00	26.38	32.26	102.2	26.32	32.26	102.8	26.28	32.26	103.2	26.14	32.26	104.6
12/07/2018 10:26:33 AM	3614199993	1013.00	26.40	32.27	102.0	26.35	32.27	102.4	26.29	32.27	103.0	26.13	32.27	104.7
12/07/2018 10:26:34 AM	3614199994	1013.00	26.39	32.26	102.1	26.33	32.26	102.7	26.28	32.26	103.2	26.13	32.26	104.7
12/07/2018 10:26:35 AM	3614199995	1013.00	26.41	32.26	101.9	26.33	32.26	102.7	26.28	32.26	103.2	26.15	32.26	104.5
12/07/2018 10:26:36 AM	3614199996	1013.00	26.39	32.26	102.1	26.33	32.26	102.7	26.31	32.26	102.9	26.13	32.26	104.7
12/07/2018 10:26:37 AM	3614199997	1013.00	26.40	32.27	102.0	26.34	32.27	102.5	26.31	32.27	102.8	26.13	32.27	104.7
12/07/2018 10:26:38 AM	3614199998	1013.00	26.38	32.26	102.2	26.34	32.26	102.6	26.29	32.26	103.1	26.11	32.26	104.9
12/07/2018 10:26:39 AM	3614199999	1013.00	26.39	32.26	102.1	26.34	32.26	102.6	26.27	32.26	103.3	26.12	32.26	104.8
12/07/2018 10:26:40 AM	3614200000	1013.00	26.37	32.26	102.3	26.35	32.26	102.5	26.32	32.26	102.8	26.12	32.26	104.8
12/07/2018 10:26:41 AM	3614200001	1013.00	26.39	32.25	102.1	26.34	32.25	102.6	26.33	32.25	102.7	26.13	32.25	104.7
12/07/2018 10:26:42 AM	3614200002	1013.00	26.37	32.25	102.3	26.33	32.25	102.7	26.29	32.25	103.1	26.09	32.25	105.1
12/07/2018 10:26:43 AM	3614200003	1013.00	26.38	32.25	102.2	26.34	32.25	102.6	26.29	32.25	103.1	26.14	32.25	104.6
12/07/2018 10:26:44 AM	3614200004	1013.00	26.38	32.25	102.2	26.32	32.25	102.8	26.28	32.25	103.2	26.12	32.25	104.8
12/07/2018 10:26:45 AM	3614200005	1013.00	26.42	32.26	101.8	26.34	32.26	102.6	26.30	32.26	103.0	26.11	32.26	104.9
12/07/2018 10:26:46 AM	3614200006	1013.00	26.39	32.26	102.1	26.35	32.26	102.5	26.27	32.26	103.3	26.11	32.26	104.9
12/07/2018 10:26:47 AM	3614200007	1013.00	26.39	32.25	102.1	26.35	32.25	102.5	26.33	32.25	102.7	26.13	32.25	104.7
12/07/2018 10:26:48 AM	3614200008	1013.00	26.42	32.26	101.8	26.34	32.26	102.6	26.28	32.26	103.2	26.14	32.26	104.6
12/07/2018 10:26:49 AM	3614200009	1013.00	26.38	32.26	102.2	26.32	32.26	102.8	26.30	32.26	103.0	26.15	32.26	104.5
12/07/2018 10:26:50 AM	3614200010	1013.00	26.38	32.26	102.2	26.34	32.26	102.6	26.31	32.26	102.9	26.13	32.26	104.7
12/07/2018 10:26:51 AM	3614200011	1013.00	26.39	32.27	102.1	26.36	32.27	102.3	26.32	32.27	102.7	26.12	32.27	104.8
12/07/2018 10:26:52 AM	3614200012	1013.00	26.38	32.27	102.2	26.33	32.27	102.6	26.32	32.27	102.7	26.15	32.27	104.5
12/07/2018 10:26:53 AM	3614200013	1013.00	26.40	32.27	102.0	26.32	32.27	102.7	26.33	32.27	102.6	26.13	32.27	104.7
12/07/2018 10:26:54 AM	3614200014	1013.00	26.40	32.26	102.0	26.33	32.26	102.7	26.32	32.26	102.8	26.14	32.26	104.6
12/07/2018 10:26:55 AM	3614200015	1013.00	26.40	32.26	102.0	26.36	32.26	102.4	26.31	32.26	102.9	26.11	32.26	104.9
12/07/2018 10:26:56 AM	3614200016	1013.00	26.39	32.26	102.1	26.36	32.26	102.4	26.33	32.26	102.7	26.11	32.26	104.9
12/07/2018 10:26:57 AM	3614200017	1013.00	26.38	32.25	102.2	26.40	32.25	102.0	26.32	32.25	102.8	26.13	32.25	104.7
12/07/2018 10:26:58 AM	3614200018	1013.00	26.42	32.24	101.8	26.32	32.24	102.8	26.33	32.24	102.7	26.13	32.24	104.7
12/07/2018 10:26:59 AM	3614200019	1013.00	26.39	32.24	102.1	26.32	32.24	102.8	26.33	32.24	102.7	26.15	32.24	104.5
12/07/2018 10:27:00 AM	3614200020	1013.00	26.42	32.25	101.8	26.37	32.25	102.3	26.34	32.25	102.6	26.15	32.25	104.5
12/07/2018 10:27:01 AM	3614200021	1013.00	26.42	32.26	101.8	26.36	32.26	102.4	26.36	32.26	102.4	26.13	32.26	104.7
12/07/2018 10:27:02 AM	3614200022	1013.00	26.42	32.26	101.8	26.36	32.26	102.4	26.29	32.26	103.1	26.14	32.26	104.6
12/07/2018 10:27:03 AM	3614200023	1013.00	26.42	32.26	101.8	26.34	32.26	102.6	26.34	32.26	102.6	26.13	32.26	104.7
12/07/2018 10:27:04 AM	3614200024	1013.00	26.43	32.26	101.7	26.35	32.26	102.5	26.34	32.26	102.6	26.13	32.26	104.7
12/07/2018 10:27:05 AM	3614200025	1013.00	26.41	32.27	101.9	26.37	32.27	102.3	26.36	32.27	102.3	26.13	32.27	104.7
12/07/2018 10:27:06 AM	3614200026	1013.00	26.39	32.26	102.1	26.34	32.26	102.6	26.35	32.26	102.5	26.13	32.26	104.7
12/07/2018 10:27:07 AM	3614200027	1013.00	26.43	32.27	101.7	26.35	32.27	102.4	26.38	32.27	102.2	26.13	32.27	104.7
12/07/2018 10:27:08 AM	3614200028	1013.00	26.40	32.26	102.0	26.36	32.26	102.4	26.37	32.26	102.3	26.12	32.26	104.8
12/07/2018 10:27:09 AM	3614200029	1013.00	26.40	32.26	102.0	26.39	32.26	102.1	26.34	32.26	102.6	26.13	32.26	104.7
12/07/2018 10:27:10 AM	3614200030	1013.00	26.41	32.25	101.9	26.37	32.25	102.3	26.37	32.25	102.3	26.12	32.25	104.8
12/07/2018 10:27:11 AM	3614200031	1013.00	26.42	32.25	101.8	26.40	32.25	102.0	26.36	32.25	102.4	26.13	32.25	104.7
12/07/2018 10:27:12 AM	3614200032	1013.00	26.41	32.25	101.9	26.38	32.25	102.2	26.36	32.25	102.4	26.13	32.25	104.7
12/07/2018 10:27:13 AM	3614200033	1013.00	26.43	32.24	101.7	26.34	32.24	102.6	26.38	32.24	102.2	26.15	32.24	104.5
12/07/2018 10:27:14 AM	3614200034	1013.00	26.41	32.23	101.9	26.33	32.23	102.7	26.34	32.23	102.6	26.11	32.23	104.9
12/07/2018 10:27:15 AM	3614200035	1013.00	26.44	32.24	101.6	26.36	32.24	102.4	26.35	32.24	102.5	26.14	32.24	104.6
12/07/2018 10:27:16 AM	3614200036	1013.00	26.41	32.23	101.9	26.37	32.23	102.3	26.37	32.23	102.3	26.12	32.23	104.8
12/07/2018 10:27:17 AM	3614200037	1013.00	26.41	32.23	101.9	26.36	32.23	102.4	26.39	32.23	102.1	26.15	32.23	104.5
12/07/2018 10:27:18 AM	3614200038	1013.00	26.42	32.24	101.8	26.37	32.24	102.3	26.44	32.24	101.6	26.13	32.24	104.7
12/07/2018 10:27:19 AM	3614200039	1013.00	26.41	32.24	101.9	26.36	32.24	102.4	26.38	32.24	102.2	26.10	32.24	105.0
12/07/2018 10:27:20 AM	3614200040	1013.00	26.44	32.24	101.6	26.35	32.24	102.5	26.39	32.24	102.1	26.14	32.24	104.6
12/07/2018 10:27:21 AM	3614200041	1013.00	26.43	32.24	101.7	26.39	32.24	102.1	26.39	32.24	102.1	26.14	32.24	104.6
12/07/2018 10:27:22 AM	3614200042	1013.00	26.45	32.24	101.5	26.40	32.24	102.0	26.35	32.24	102.5	26.12	32.24	104.8
12/07/2018 10:27:23 AM	3614200043	1013.00	26.44	32.23	101.6	26.39	32.23	102.1	26.41	32.23	101.9	26.13	32.23	104.7
12/07/2018 10:27:24 AM	3614200044	1013.00	26.45	32.24	101.5	26.41	32.24	101.9	26.43	32.24	101.7	26.13	32.24	104.7
12/07/2018 10:27:25 AM	3614200045	1013.00	26.42	32.23	101.8	26.37	32.23	102.3	26.37	32.23	102.3	26.13	32.23	104.7
12/07/2018 10:27:26 AM	3614200046	1013.00	26.45	32.23	101.5	26.34	32.23	102.6	26.49	32.23	101.1	26.12	32.23	104.8
12/07/2018 10:27:27 AM	3614200047	1013.00	26.45	32.23	101.5	26.38	32.23	102.2	26.44	32.23	101.6	26.12	32.23	104.8
12/07/2018 10:27:28 AM	3614200048	1013.00	26.45	32.22	101.6	26.40	32.22	102.0	26.43	32.22	101.7	26.14	32.22	104.6
12/07/2018 10:27:29 AM	3614200049	1013.00	26.46	32.22	101.5	26.40	32.22	102.0	26.38	32.22	102.2	26.14	32.22	104.6
12/07/2018 10:27:30 AM	3614200050	1013.00	26.44	32.22	101.6	26.40	32.22	102.0	26.39	32.22	102.1	26.13	32.22	104.7
12/07/2018 10:27:31 AM	3614200051	1013.00	26.46	32.22	101.5	26.42	32.22	101.8	26.41	32.22	101.9	26.13	32.22	104.7
12/07/2018 10:27:32 AM	3614200052	1013.00	26.47	32.22	101.4	26.41	32.22	101.9	26.46	32.22	101.5	26.12	32.22	104.8
12/07/2018 10:27:33 AM	3614200053	1013.00	26.46	32.21	101.5	26.40	32.21	102.1	26.42	32.21	101.9	26.15	32.21	104.6
12/07/2018 10:27:34 AM	3614200054	1013.00	26.45	32.22	101.6	26.41	32.22	101.9	26.45	32.22	101.6	26.13	32.22	104.7
12/07/2018 10:27:35 AM	3614200055	1013.00	26.46	32.22	101.5	26.40	32.22	102.0	26.45	32.22	101.6	26.16	32.22	104.4
12/07/2018 10:27:36 AM	3614200056	1013.00	26.48	32.22	101.3	26.43	32.22	101.7	26.44	32.22	101.6	26.11	32.22	104.9
12/07/2018 10:27:37 AM	3614200057	1013.00	26.47	32.23	101.3	26.42	32.23	101.8	26.43	32.23	101.7	26.13	32.23	104.7
12/07/2018 10:27:38 AM	3614200058	1013.00	26.47	32.22	101.4	26.42	32.22	101.8	26.45	32.22	101.6	26.14	32.22	104.6
12/07/2018 10:27:39 AM	3614200059	1013.00	26.48	32.22	101.3	26.39	32.22	102.1	26.45	32.22	101.6	26.16	32.22	104.4
12/07/2018 10:27:40 AM	3614200060	1013.00	26.48	32.23	101.2	26.40	32.23	102.0	26.43	32.23	101.7	26.15	32.23	104.5
12/07/2018 10:27:41 AM	3614200061	1013.00	26.48	32.23	101.2	26.46	32.23	101.4	26.44	32.23	101.6	26.15	32.23	104.5
12/07/2018 10:27:42 AM	3614200062	1013.00	26.50	32.23	101.0	26.43	32.23	101.7	26.43	32.23	101.7	26.17	32.23	104.3
12/07/2018 10:27:43 AM	3614200063	1013.00	26.50	32.25	101.0	26.43	32.25	101.7	26.44	32.25	101.6	26.14	32.25	104.6
12/07/2018 10:27:44 AM	3614200064	1013.00	26.47	32.25	101.3	26.47	32.25	101.3	26.49	32.25	101.1	26.15	32.25	104.5
12/07/2018 10:27:45 AM	3614200065	1013.00	26.48	32.24	101.2	26.42	32.24	101.8	26.46	32.24	101.4	26.14	32.24	104.6
12/07/2018 10:27:46 AM	3614200066	1013.00	26.51	32.24	100.9	26.46	32.24	101.4	26.48	32.24	101.2	26.13	32.24	104.7
12/07/2018 10:27:47 AM	3614200067	1013.00	26.50	32.24	101.0	26.47	32.24	101.3	26.47	32.24	101.3	26.15	32.24	104.5
12/07/2018 10:27:48 AM	3614200068	1013.00	26.51	32.24	100.9	26.45	32.24	101.5	26.47	32.24	101.3	26.12	32.24	104.8
12/07/2018 10:27:49 AM	3614200069	1013.00	26.53	32.23	100.8	26.48	32.23	101.2	26.49	32.23	101.1	26.13	32.23	104.7
12/07/2018 10:27:50 AM	3614200070	1013.00	26.53	32.23	100.8	26.44	32.23	101.6	26.49	32.23	101.1	26.12	32.23	104.8
12/07/2018 10:27:51 AM	3614200071	1013.00	26.50	32.23	101.0	26.46	32.23	101.4	26.50	32.23	101.0	26.14	32.23	104.6
12/07/2018 10:27:52 AM	3614200072	1013.00	26.49	32.23	101.1	26.44	32.23	101.6	26.49	32.23	101.1	26.13	32.23	104.7
12/07/2018 10:27:53 AM	3614200073	1013.00	26.51	32.23	100.9	26.47	32.23	101.3	26.47	32.23	101.3	26.12	32.23	104.8
12/07/2018 10:27:54 AM	3614200074	1013.00	26.51	32.24	100.9	26.45	32.24	101.5	26.48	32.24	101.2	26.14	32.24	104.6
12/07/2018 10:27:55 AM	3614200075	1013.00	26.53	32.24	100.7	26.49	32.24	101.1	26.48	32.24	101.2	26.11	32.24	104.9
12/07/2018 10:27:56 AM	3614200076	1013.00	26.53	32.24	100.7	26.49	32.24	101.1	26.51	32.24	100.9	26.17	32.24	104.3
12/07/2018 10:27:57 AM	3614200077	1013.00	26.50	32.23	101.0	26.50	32.23	101.0	26.50	32.23	101.0	26.15	32.23	104.5
12/07/2018 10:27:58 AM	3614200078	1013.00	26.51	32.23	100.9	26.48	32.23	101.2	26.50	32.23	101.0	26.14	32.23	104.6
12/07/2018 10:27:59 AM	3614200079	1013.00	26.55	32.24	100.5	26.54	32.24	100.6	26.52	32.24	100.8	26.11	32.24	104.9
12/07/2018 10:28:00 AM	3614200080	1013.00	26.54	32.23	100.7	26.50	32.23	101.0	26.51	32.23	100.9	26.13	32.23	104.7
12/07/2018 10:28:01 AM	3614200081	1013.00	26.54	32.24	100.6	26.51	32.24	100.9	26.49	32.24	101.1	26.14	32.24	104.6
12/07/2018 10:28:02 AM	3614200082	1013.00	26.53	32.24	100.7	26.47	32.24	101.3	26.52	32.24	100.8	26.14	32.24	104.6
12/07/2018 10:28:03 AM	3614200083	1013.00	26.55	32.24	100.5	26.52	32.24	100.8	26.53	32.24	100.7	26.14	32.24	104.6
12/07/2018 10:28:04 AM	3614200084	1013.00	26.59	32.23	100.2	26.48	32.23	101.2	26.54	32.23	100.7	26.12	32.23	104.8
12/07/2018 10:28:05 AM	3614200085	1013.00	26.54	32.24	100.6	26.52	32.24	100.8	26.56	32.24	100.4	26.14	32.24	104.6
12/07/2018 10:28:06 AM	3614200086	1013.00	26.54	32.23	100.7	26.50	32.23	101.0	26.54	32.23	100.7	26.11	32.23	104.9
12/07/2018 10:28:07 AM	3614200087	1013.00	26.58	32.22	100.3	26.50	32.22	101.1	26.58	32.22	100.3	26.12	32.22	104.8
12/07/2018 10:28:08 AM	3614200088	1013.00	26.56	32.23	100.5	26.50	32.23	101.0	26.56	32.23	100.5	26.13	32.23	104.7
12/07/2018 10:28:09 AM	3614200089	1013.00	26.55	32.22	100.6	26.50	32.22	101.1	26.53	32.22	100.8	26.12	32.22	104.8
12/07/2018 10:28:10 AM	3614200090	1013.00	26.58	32.22	100.3	26.50	32.22	101.1	26.57	32.22	100.4	26.15	32.22	104.5
12/07/2018 10:28:11 AM	3614200091	1013.00	26.55	32.22	100.6	26.51	32.22	101.0	26.58	32.22	100.3	26.14	32.22	104.6
12/07/2018 10:28:12 AM	3614200092	1013.00	26.56	32.22	100.5	26.59	32.22	100.2	26.57	32.22	100.4	26.13	32.22	104.7
12/07/2018 10:28:13 AM	3614200093	1013.00	26.57	32.22	100.4	26.54	32.22	100.7	26.60	32.22	100.1	26.16	32.22	104.4
12/07/2018 10:28:14 AM	3614200094	1013.00	26.58	32.22	100.3	26.58	32.22	100.3	26.56	32.22	100.5	26.12	32.22	104.8
12/07/2018 10:28:15 AM	3614200095	1013.00	26.56	32.23	100.5	26.56	32.23	100.5	26.57	32.23	100.4	26.13	32.23	104.7
12/07/2018 10:28:16 AM	3614200096	1013.00	26.59	32.23	100.2	26.55	32.23	100.6	26.57	32.23	100.4	26.12	32.23	104.8
12/07/2018 10:28:17 AM	3614200097	1013.00	26.57	32.23	100.4	26.57	32.23	100.4	26.59	32.23	100.2	26.14	32.23	104.6
12/07/2018 10:28:18 AM	3614200098	1013.00	26.61	32.23	100.0	26.58	32.23	100.3	26.59	32.23	100.2	26.14	32.23	104.6
12/07/2018 10:28:19 AM	3614200099	1013.00	26.58	32.24	100.3	26.60	32.24	100.1	26.60	32.24	100.1	26.15	32.24	104.5
12/07/2018 10:28:20 AM	3614200100	1013.00	26.58	32.23	100.3	26.57	32.23	100.4	26.61	32.23	100.0	26.16	32.23	104.4
12/07/2018 10:28:21 AM	3614200101	1013.00	26.61	32.23	100.0	26.58	32.23	100.3	26.57	32.23	100.4	26.13	32.23	104.7
12/07/2018 10:28:22 AM	3614200102	1013.00	26.62	32.23	99.9	26.56	32.23	100.5	26.62	32.23	99.9	26.14	32.23	104.6
12/07/2018 10:28:23 AM	3614200103	1013.00	26.61	32.23	100.0	26.61	32.23	100.0	26.58	32.23	100.3	26.15	32.23	104.5
12/07/2018 10:28:24 AM	3614200104	1013.00	26.59	32.22	100.2	26.60	32.22	100.1	26.61	32.22	100.0	26.12	32.22	104.8
12/07/2018 10:28:25 AM	3614200105	1013.00	26.61	32.22	100.0	26.60	32.22	100.1	26.61	32.22	100.0	26.13	32.22	104.7
12/07/2018 10:28:26 AM	3614200106	1013.00	26.61	32.22	100.0	26.63	32.22	99.8	26.62	32.22	99.9	26.12	32.22	104.8
12/07/2018 10:28:27 AM	3614200107	1013.00	26.61	32.23	100.0	26.63	32.23	99.8	26.58	32.23	100.3	26.16	32.23	104.4
12/07/2018 10:28:28 AM	3614200108	1013.00	26.63	32.23	99.8	26.60	32.23	100.1	26.61	32.23	100.0	26.15	32.23	104.5
12/07/2018 10:28:29 AM	3614200109	1013.00	26.62	32.22	99.9	26.62	32.22	99.9	26.63	32.22	99.8	26.14	32.22	104.6
12/07/2018 10:28:30 AM	3614200110	1013.00	26.62	32.22	99.9	26.59	32.22	100.2	26.63	32.22	99.8	26.12	32.22	104.8
12/07/2018 10:28:31 AM	3614200111	1013.00	26.64	32.22	99.7	26.65	32.22	99.6	26.65	32.22	99.6	26.14	32.22	104.6
12/07/2018 10:28:32 AM	3614200112	1013.00	26.60	32.22	100.1	26.67	32.22	99.4	26.63	32.22	99.8	26.16	32.22	104.4
12/07/2018 10:28:33 AM	3614200113	1013.00	26.65	32.22	99.6	26.62	32.22	99.9	26.62	32.22	99.9	26.16	32.22	104.4
12/07/2018 10:28:34 AM	3614200114	1013.00	26.63	32.22	99.8	26.62	32.22	99.9	26.65	32.22	99.6	26.15	32.22	104.5
12/07/2018 10:28:35 AM	3614200115	1013.00	26.64	32.21	99.7	26.62	32.21	99.9	26.62	32.21	99.9	26.13	32.21	104.8
12/07/2018 10:28:36 AM	3614200116	1013.00	26.65	32.21	99.6	26.67	32.21	99.4	26.64	32.21	99.7	26.14	32.21	104.7
12/07/2018 10:28:37 AM	3614200117	1013.00	26.65	32.21	99.6	26.67	32.21	99.4	26.68	32.21	99.3	26.14	32.21	104.7
12/07/2018 10:28:38 AM	3614200118	1013.00	26.65	32.21	99.6	26.63	32.21	99.8	26.67	32.21	99.4	26.16	32.21	104.5
12/07/2018 10:28:39 AM	3614200119	1013.00	26.67	32.22	99.4	26.70	32.22	99.1	26.65	32.22	99.6	26.17	32.22	104.3
12/07/2018 10:28:40 AM	3614200120	1013.00	26.67	32.23	99.4	26.65	32.23	99.6	26.68	32.23	99.3	26.16	32.23	104.4
12/07/2018 10:28:41 AM	3614200121	1013.00	26.67	32.24	99.4	26.66	32.24	99.5	26.71	32.24	99.0	26.17	32.24	104.3
12/07/2018 10:28:42 AM	3614200122	1013.00	26.66	32.24	99.5	26.66	32.24	99.5	26.68	32.24	99.3	26.18	32.24	104.2
12/07/2018 10:28:43 AM	3614200123	1013.00	26.66	32.23	99.5	26.66	32.23	99.5	26.66	32.23	99.5	26.12	32.23	104.8
12/07/2018 10:28:44 AM	3614200124	1013.00	26.68	32.24	99.3	26.64	32.24	99.7	26.66	32.24	99.5	26.15	32.24	104.5
12/07/2018 10:28:45 AM	3614200125	1013.00	26.68	32.24	99.3	26.68	32.24	99.3	26.67	32.24	99.4	26.16	32.24	104.4
12/07/2018 10:28:46 AM	3614200126	1013.00	26.67	32.23	99.4	26.69	32.23	99.2	26.72	32.23	98.9	26.15	32.23	104.5
12/07/2018 10:28:47 AM	3614200127	1013.00	26.70	32.22	99.1	26.70	32.22	99.1	26.66	32.22	99.5	26.16	32.22	104.4
12/07/2018 10:28:48 AM	3614200128	1013.00	26.68	32.23	99.3	26.69	32.23	99.2	26.72	32.23	98.9	26.17	32.23	104.3
12/07/2018 10:28:49 AM	3614200129	1013.00	26.70	32.22	99.1	26.68	32.22	99.3	26.68	32.22	99.3	26.14	32.22	104.6
12/07/2018 10:28:50 AM	3614200130	1013.00	26.69	32.21	99.3	26.71	32.21	99.1	26.73	32.21	98.9	26.16	32.21	104.5
12/07/2018 10:28:51 AM	3614200131	1013.00	26.71	32.22	99.0	26.73	32.22	98.9	26.71	32.22	99.0	26.17	32.22	104.3
12/07/2018 10:28:52 AM	3614200132	1013.00	26.71	32.22	99.0	26.69	32.22	99.2	26.72	32.22	99.0	26.14	32.22	104.6
12/07/2018 10:28:53 AM	3614200133	1013.00	26.71	32.21	99.1	26.68	32.21	99.3	26.72	32.21	99.0	26.15	32.21	104.6
12/07/2018 10:28:54 AM	3614200134	1013.00	26.73	32.21	98.9	26.67	32.21	99.4	26.75	32.21	98.7	26.15	32.21	104.6
12/07/2018 10:28:55 AM	3614200135	1013.00	26.73	32.21	98.9	26.71	32.21	99.1	26.73	32.21	98.9	26.14	32.21	104.7
12/07/2018 10:28:56 AM	3614200136	1013.00	26.70	32.21	99.2	26.71	32.21	99.1	26.71	32.21	99.1	26.12	32.21	104.9
12/07/2018 10:28:57 AM	3614200137	1013.00	26.73	32.22	98.9	26.74	32.22	98.8	26.74	32.22	98.8	26.16	32.22	104.4
12/07/2018 10:28:58 AM	3614200138	1013.00	26.72	32.22	99.0	26.70	32.22	99.1	26.70	32.22	99.1	26.15	32.22	104.5
12/07/2018 10:28:59 AM	3614200139	1013.00	26.73	32.21	98.9	26.75	32.21	98.7	26.72	32.21	99.0	26.15	32.21	104.6
12/07/2018 10:29:00 AM	3614200140	1013.00	26.72	32.21	99.0	26.74	32.21	98.8	26.71	32.21	99.1	26.15	32.21	104.6
12/07/2018 10:29:01 AM	3614200141	1013.00	26.74	32.21	98.8	26.75	32.21	98.7	26.75	32.21	98.7	26.13	32.21	104.8
12/07/2018 10:29:02 AM	3614200142	1013.00	26.72	32.21	99.0	26.72	32.21	99.0	26.73	32.21	98.9	26.13	32.21	104.8
12/07/2018 10:29:03 AM	3614200143	1013.00	26.74	32.22	98.8	26.78	32.22	98.4	26.73	32.22	98.9	26.14	32.22	104.6
12/07/2018 10:29:04 AM	3614200144	1013.00	26.74	32.23	98.7	26.77	32.23	98.5	26.76	32.23	98.6	26.17	32.23	104.3
12/07/2018 10:29:05 AM	3614200145	1013.00	26.72	32.22	99.0	26.79	32.22	98.3	26.74	32.22	98.8	26.10	32.22	105.0
12/07/2018 10:29:06 AM	3614200146	1013.00	26.74	32.22	98.8	26.78	32.22	98.4	26.77	32.22	98.5	26.15	32.22	104.5
12/07/2018 10:29:07 AM	3614200147	1013.00	26.73	32.21	98.9	26.76	32.21	98.6	26.78	32.21	98.4	26.15	32.21	104.6
12/07/2018 10:29:08 AM	3614200148	1013.00	26.76	32.20	98.6	26.80	32.20	98.2	26.78	32.20	98.4	26.15	32.20	104.6
12/07/2018 10:29:09 AM	3614200149	1013.00	26.76	32.18	98.6	26.78	32.18	98.5	26.73	32.18	98.9	26.14	32.18	104.7
12/07/2018 10:29:10 AM	3614200150	1013.00	26.74	32.18	98.8	26.82	32.18	98.1	26.77	32.18	98.5	26.15	32.18	104.6
12/07/2018 10:29:11 AM	3614200151	1013.00	26.72	32.19	99.0	26.84	32.19	97.9	26.75	32.19	98.7	26.14	32.19	104.7
12/07/2018 10:29:12 AM	3614200152	1013.00	26.77	32.20	98.5	26.80	32.20	98.2	26.74	32.20	98.8	26.17	32.20	104.4
12/07/2018 10:29:13 AM	3614200153	1013.00	26.75	32.20	98.7	26.84	32.20	97.9	26.78	32.20	98.4	26.16	32.20	104.5
12/07/2018 10:29:14 AM	3614200154	1013.00	26.76	32.21	98.6	26.81	32.21	98.1	26.77	32.21	98.5	26.15	32.21	104.6
12/07/2018 10:29:15 AM	3614200155	1013.00	26.77	32.21	98.5	26.81	32.21	98.1	26.80	32.21	98.2	26.15	32.21	104.6
12/07/2018 10:29:16 AM	3614200156	1013.00	26.78	32.20	98.4	26.86	32.20	97.7	26.81	32.20	98.1	26.12	32.20	104.9
12/07/2018 10:29:17 AM	3614200157	1013.00	26.78	32.20	98.4	26.83	32.20	98.0	26.81	32.20	98.1	26.11	32.20	105.0
12/07/2018 10:29:18 AM	3614200158	1013.00	26.76	32.20	98.6	26.83	32.20	98.0	26.82	32.20	98.0	26.13	32.20	104.8
12/07/2018 10:29:19 AM	3614200159	1013.00	26.76	32.20	98.6	26.82	32.20	98.0	26.75	32.20	98.7	26.14	32.20	104.7
12/07/2018 10:29:20 AM	3614200160	1013.00	26.79	32.21	98.3	26.86	32.21	97.7	26.76	32.21	98.6	26.14	32.21	104.7
12/07/2018 10:29:21 AM	3614200161	1013.00	26.77	32.21	98.5	26.88	32.21	97.5	26.78	32.21	98.4	26.15	32.21	104.6
12/07/2018 10:29:22 AM	3614200162	1013.00	26.78	32.22	98.4	26.84	32.22	97.8	26.81	32.22	98.1	26.12	32.22	104.8
12/07/2018 10:29:23 AM	3614200163	1013.00	26.79	32.22	98.3	26.86	32.22	97.6	26.78	32.22	98.4	26.15	32.22	104.5
12/07/2018 10:29:24 AM	3614200164	1013.00	26.79	32.22	98.3	26.85	32.22	97.7	26.80	32.22	98.2	26.14	32.22	104.6
12/07/2018 10:29:25 AM	3614200165	1013.00	26.80	32.22	98.2	26.90	32.22	97.3	26.77	32.22	98.5	26.13	32.22	104.7
12/07/2018 10:29:26 AM	3614200166	1013.00	26.78	32.23	98.4	26.84	32.23	97.8	26.82	32.23	98.0	26.12	32.23	104.8
12/07/2018 10:29:27 AM	3614200167	1013.00	26.79	32.22	98.3	26.89	32.22	97.4	26.82	32.22	98.0	26.13	32.22	104.7
12/07/2018 10:29:28 AM	3614200168	1013.00	26.82	32.22	98.0	26.92	32.22	97.1	26.82	32.22	98.0	26.14	32.22	104.6
12/07/2018 10:29:29 AM	3614200169	1013.00	26.83	32.22	97.9	26.89	32.22	97.4	26.89	32.22	97.4	26.13	32.22	104.7
12/07/2018 10:29:30 AM	3614200170	1013.00	26.79	32.22	98.3	26.90	32.22	97.3	26.81	32.22	98.1	26.17	32.22	104.3
12/07/2018 10:29:31 AM	3614200171	1013.00	26.81	32.22	98.1	26.92	32.22	97.1	26.84	32.22	97.8	26.12	32.22	104.8
12/07/2018 10:29:32 AM	3614200172	1013.00	26.83	32.22	97.9	26.91	32.22	97.2	26.81	32.22	98.1	26.17	32.22	104.3
12/07/2018 10:29:33 AM	3614200173	1013.00	26.82	32.22	98.0	26.92	32.22	97.1	26.81	32.22	98.1	26.13	32.22	104.7
12/07/2018 10:29:34 AM	3614200174	1013.00	26.84	32.22	97.8	26.94	32.22	96.9	26.86	32.22	97.6	26.09	32.22	105.1
12/07/2018 10:29:35 AM	3614200175	1013.00	26.83	32.21	97.9	26.93	32.21	97.0	26.89	32.21	97.4	26.12	32.21	104.9
12/07/2018 10:29:36 AM	3614200176	1013.00	26.85	32.21	97.7	26.92	32.21	97.1	26.87	32.21	97.6	26.13	32.21	104.8
12/07/2018 10:29:37 AM	3614200177	1013.00	26.84	32.21	97.8	26.94	32.21	96.9	26.83	32.21	97.9	26.14	32.21	104.7
12/07/2018 10:29:38 AM	3614200178	1013.00	26.85	32.21	97.7	26.95	32.21	96.8	26.91	32.21	97.2	26.13	32.21	104.8
12/07/2018 10:29:39 AM	3614200179	1013.00	26.85	32.22	97.7	26.94	32.22	96.9	26.85	32.22	97.7	26.15	32.22	104.5
12/07/2018 10:29:40 AM	3614200180	1013.00	26.85	32.23	97.7	27.02	32.23	96.1	26.88	32.23	97.4	26.15	32.23	104.5
12/07/2018 10:29:41 AM	3614200181	1013.00	26.86	32.23	97.6	26.99	32.23	96.4	26.82	32.23	98.0	26.14	32.23	104.6
12/07/2018 10:29:42 AM	3614200182	1013.00	26.86	32.23	97.6	26.96	32.23	96.7	26.86	32.23	97.6	26.15	32.23	104.5
12/07/2018 10:29:43 AM	3614200183	1013.00	26.87	32.23	97.5	26.98	32.23	96.5	26.89	32.23	97.3	26.15	32.23	104.5
12/07/2018 10:29:44 AM	3614200184	1013.00	26.89	32.23	97.3	27.01	32.23	96.2	26.88	32.23	97.4	26.15	32.23	104.5
12/07/2018 10:29:45 AM	3614200185	1013.00	26.88	32.22	97.5	27.01	32.22	96.3	26.88	32.22	97.5	26.14	32.22	104.6
12/07/2018 10:29:46 AM	3614200186	1013.00	26.88	32.22	97.5	27.02	32.22	96.2	26.87	32.22	97.5	26.15	32.22	104.5
12/07/2018 10:29:47 AM	3614200187	1013.00	26.89	32.23	97.3	26.99	32.23	96.4	26.92	32.23	97.1	26.13	32.23	104.7
12/07/2018 10:29:48 AM	3614200188	1013.00	26.92	32.22	97.1	27.02	32.22	96.2	26.90	32.22	97.3	26.15	32.22	104.5
12/07/2018 10:29:49 AM	3614200189	1013.00	26.89	32.22	97.4	27.04	32.22	96.0	26.89	32.22	97.4	26.13	32.22	104.7
12/07/2018 10:29:50 AM	3614200190	1013.00	26.89	32.21	97.4	27.03	32.21	96.1	26.90	32.21	97.3	26.14	32.21	104.7
12/07/2018 10:29:51 AM	3614200191	1013.00	26.91	32.22	97.2	27.04	32.22	96.0	26.92	32.22	97.1	26.14	32.22	104.6
12/07/2018 10:29:52 AM	3614200192	1013.00	26.91	32.22	97.2	27.06	32.22	95.8	26.90	32.22	97.3	26.15	32.22	104.5
12/07/2018 10:29:53 AM	3614200193	1013.00	26.90	32.22	97.3	27.04	32.22	96.0	26.89	32.22	97.4	26.14	32.22	104.6
12/07/2018 10:29:54 AM	3614200194	1013.00	26.93	32.21	97.0	27.08	32.21	95.6	26.91	32.21	97.2	26.10	32.21	105.1
12/07/2018 10:29:55 AM	3614200195	1013.00	26.91	32.23	97.2	27.03	32.23	96.1	26.95	32.23	96.8	26.14	32.23	104.6
12/07/2018 10:29:56 AM	3614200196	1013.00	26.90	32.22	97.3	27.05	32.22	95.9	26.90	32.22	97.3	26.14	32.22	104.6
12/07/2018 10:29:57 AM	3614200197	1013.00	26.92	32.21	97.1	27.09	32.21	95.5	26.90	32.21	97.3	26.15	32.21	104.6
12/07/2018 10:29:58 AM	3614200198	1013.00	26.93	32.21	97.0	27.09	32.21	95.5	26.97	32.21	96.6	26.13	32.21	104.8
12/07/2018 10:29:59 AM	3614200199	1013.00	26.94	32.21	96.9	27.07	32.21	95.7	26.96	32.21	96.7	26.14	32.21	104.7
12/07/2018 10:30:00 AM	3614200200	1013.00	26.93	32.20	97.0	27.08	32.20	95.6	26.95	32.20	96.8	26.14	32.20	104.7
12/07/2018 10:30:01 AM	3614200201	1013.00	26.93	32.21	97.0	27.07	32.21	95.7	26.95	32.21	96.8	26.16	32.21	104.5
12/07/2018 10:30:02 AM	3614200202	1013.00	26.94	32.21	96.9	27.61	32.21	91.0	26.93	32.21	97.0	26.12	32.21	104.9
12/07/2018 10:30:03 AM	3614200203	1013.00	26.97	32.21	96.6	27.12	32.21	95.3	26.95	32.21	96.8	26.15	32.21	104.6
12/07/2018 10:30:04 AM	3614200204	1013.00	26.94	32.22	96.9	27.07	32.22	95.7	26.96	32.22	96.7	26.12	32.22	104.8
12/07/2018 10:30:05 AM	3614200205	1013.00	26.95	32.22	96.8	27.09	32.22	95.5	26.96	32.22	96.7	26.15	32.22	104.5
12/07/2018 10:30:06 AM	3614200206	1013.00	26.96	32.22	96.7	27.11	32.22	95.3	26.94	32.22	96.9	26.16	32.22	104.4
12/07/2018 10:30:07 AM	3614200207	1013.00	26.98	32.21	96.5	27.13	32.21	95.2	26.98	32.21	96.5	26.15	32.21	104.6
12/07/2018 10:30:08 AM	3614200208	1013.00	26.98	32.21	96.5	27.14	32.21	95.1	26.97	32.21	96.6	26.11	32.21	105.0
12/07/2018 10:30:09 AM	3614200209	1013.00	26.99	32.20	96.5	27.13	32.20	95.2	27.05	32.20	95.9	26.13	32.20	104.8
12/07/2018 10:30:10 AM	3614200210	1013.00	26.99	32.20	96.5	27.08	32.20	95.6	27.00	32.20	96.4	26.16	32.20	104.5
12/07/2018 10:30:11 AM	3614200211	1013.00	26.97	32.20	96.7	27.19	32.20	94.7	27.00	32.20	96.4	26.14	32.20	104.7
12/07/2018 10:30:12 AM	3614200212	1013.00	27.03	32.20	96.1	27.14	32.20	95.1	26.97	32.20	96.7	26.16	32.20	104.5
12/07/2018 10:30:13 AM	3614200213	1013.00	27.03	32.20	96.1	27.15	32.20	95.0	27.00	32.20	96.4	26.17	32.20	104.4
12/07/2018 10:30:14 AM	3614200214	1013.00	26.99	32.21	96.5	27.16	32.21	94.9	27.00	32.21	96.4	26.15	32.21	104.6
12/07/2018 10:30:15 AM	3614200215	1013.00	27.03	32.21	96.1	27.18	32.21	94.7	27.03	32.21	96.1	26.17	32.21	104.4
12/07/2018 10:30:16 AM	3614200216	1013.00	27.05	32.21	95.9	27.21	32.21	94.5	27.01	32.21	96.3	26.14	32.21	104.7
12/07/2018 10:30:17 AM	3614200217	1013.00	26.99	32.22	96.4	27.17	32.22	94.8	27.03	32.22	96.1	26.16	32.22	104.4
12/07/2018 10:30:18 AM	3614200218	1013.00	27.05	32.21	95.9	27.16	32.21	94.9	27.04	32.21	96.0	26.12	32.21	104.9
12/07/2018 10:30:19 AM	3614200219	1013.00	27.04	32.20	96.0	27.19	32.20	94.7	27.06	32.20	95.8	26.18	32.20	104.3
12/07/2018 10:30:20 AM	3614200220	1013.00	27.02	32.20	96.2	27.19	32.20	94.7	27.05	32.20	95.9	26.18	32.20	104.3
12/07/2018 10:30:21 AM	3614200221	1013.00	27.03	32.19	96.1	27.20	32.19	94.6	27.05	32.19	95.9	26.17	32.19	104.4
12/07/2018 10:30:22 AM	3614200222	1013.00	27.02	32.19	96.2	27.74	32.19	89.9	27.03	32.19	96.1	26.15	32.19	104.6
12/07/2018 10:30:23 AM	3614200223	1013.00	27.05	32.19	95.9	27.22	32.19	94.4	27.04	32.19	96.0	26.17	32.19	104.4
12/07/2018 10:30:24 AM	3614200224	1013.00	27.01	32.19	96.3	27.22	32.19	94.4	27.05	32.19	95.9	26.14	32.19	104.7
12/07/2018 10:30:25 AM	3614200225	1013.00	27.05	32.20	95.9	27.20	32.20	94.6	27.06	32.20	95.8	26.14	32.20	104.7
12/07/2018 10:30:26 AM	3614200226	1013.00	27.08	32.20	95.6	27.21	32.20	94.5	27.05	32.20	95.9	26.15	32.20	104.6
12/07/2018 10:30:27 AM	3614200227	1013.00	27.05	32.20	95.9	27.24	32.20	94.2	27.06	32.20	95.8	26.17	32.20	104.4
12/07/2018 10:30:28 AM	3614200228	1013.00	27.07	32.20	95.7	27.24	32.20	94.2	27.06	32.20	95.8	26.13	32.20	104.8
12/07/2018 10:30:29 AM	3614200229	1013.00	27.03	32.20	96.1	27.26	32.20	94.0	27.06	32.20	95.8	26.17	32.20	104.4
12/07/2018 10:30:30 AM	3614200230	1013.00	27.05	32.20	95.9	27.26	32.20	94.0	27.09	32.20	95.6	26.15	32.20	104.6
12/07/2018 10:30:31 AM	3614200231	1013.00	27.05	32.21	95.9	27.25	32.21	94.1	27.10	32.21	95.4	26.15	32.21	104.6
12/07/2018 10:30:32 AM	3614200232	1013.00	27.05	32.21	95.9	27.30	32.21	93.7	27.08	32.21	95.6	26.13	32.21	104.8
12/07/2018 10:30:33 AM	3614200233	1013.00	27.04	32.20	96.0	27.29	32.20	93.8	27.08	32.20	95.6	26.15	32.20	104.6
12/07/2018 10:30:34 AM	3614200234	1013.00	27.09	32.21	95.5	27.30	32.21	93.7	27.10	32.21	95.4	26.12	32.21	104.9
12/07/2018 10:30:35 AM	3614200235	1013.00	27.05	32.20	95.9	27.29	32.20	93.8	27.15	32.20	95.0	26.15	32.20	104.6
12/07/2018 10:30:36 AM	3614200236	1013.00	27.06	32.20	95.8	27.33	32.20	93.4	27.12	32.20	95.3	26.14	32.20	104.7
12/07/2018 10:30:37 AM	3614200237	1013.00	27.07	32.20	95.7	27.32	32.20	93.5	27.11	32.20	95.4	26.15	32.20	104.6
12/07/2018 10:30:38 AM	3614200238	1013.00	27.06	32.19	95.8	27.30	32.19	93.7	27.10	32.19	95.5	26.14	32.19	104.7
12/07/2018 10:30:39 AM	3614200239	1013.00	27.10	32.20	95.5	27.35	32.20	93.2	27.13	32.20	95.2	26.15	32.20	104.6
12/07/2018 10:30:40 AM	3614200240	1013.00	27.08	32.19	95.7	27.35	32.19	93.3	27.11	32.19	95.4	26.17	32.19	104.4
12/07/2018 10:30:41 AM	3614200241	1013.00	27.07	32.18	95.8	27.35	32.18	93.3	27.14	32.18	95.1	26.14	32.18	104.7
12/07/2018 10:30:42 AM	3614200242	1013.00	27.09	32.19	95.6	27.36	32.19	93.2	27.14	32.19	95.1	26.15	32.19	104.6
12/07/2018 10:30:43 AM	3614200243	1013.00	27.10	32.19	95.5	27.39	32.19	92.9	27.13	32.19	95.2	26.16	32.19	104.5
12/07/2018 10:30:44 AM	3614200244	1013.00	27.13	32.19	95.2	27.35	32.19	93.3	27.15	32.19	95.0	26.17	32.19	104.4
12/07/2018 10:30:45 AM	3614200245	1013.00	27.12	32.20	95.3	27.36	32.20	93.1	27.19	32.20	94.7	26.16	32.20	104.5
12/07/2018 10:30:46 AM	3614200246	1013.00	27.15	32.21	95.0	27.40	32.21	92.8	27.15	32.21	95.0	26.19	32.21	104.2
12/07/2018 10:30:47 AM	3614200247	1013.00	27.14	32.21	95.1	27.41	32.21	92.7	27.20	32.21	94.5	26.14	32.21	104.7
12/07/2018 10:30:48 AM	3614200248	1013.00	27.16	32.20	94.9	27.41	32.20	92.7	27.18	32.20	94.7	26.12	32.20	104.9
12/07/2018 10:30:49 AM	3614200249	1013.00	27.19	32.20	94.7	27.41	32.20	92.7	27.20	32.20	94.6	26.15	32.20	104.6
12/07/2018 10:30:50 AM	3614200250	1013.00	27.18	32.19	94.8	27.41	32.19	92.7	27.19	32.19	94.7	26.19	32.19	104.2
12/07/2018 10:30:51 AM	3614200251	1013.00	27.18	32.18	94.8	27.43	32.18	92.6	27.18	32.18	94.8	26.14	32.18	104.7
12/07/2018 10:30:52 AM	3614200252	1013.00	27.19	32.19	94.7	27.45	32.19	92.4	27.14	32.19	95.1	26.16	32.19	104.5
12/07/2018 10:30:53 AM	3614200253	1013.00	27.20	32.20	94.6	27.42	32.20	92.6	27.20	32.20	94.6	26.15	32.20	104.6
12/07/2018 10:30:54 AM	3614200254	1013.00	27.21	32.20	94.5	27.41	32.20	92.7	27.19	32.20	94.7	26.17	32.20	104.4
12/07/2018 10:30:55 AM	3614200255	1013.00	27.17	32.19	94.9	27.43	32.19	92.6	27.24	32.19	94.2	26.19	32.19	104.2
12/07/2018 10:30:56 AM	3614200256	1013.00	27.21	32.19	94.5	27.45	32.19	92.4	27.22	32.19	94.4	26.14	32.19	104.7
12/07/2018 10:30:57 AM	3614200257	1013.00	27.23	32.19	94.3	27.47	32.19	92.2	27.21	32.19	94.5	26.14	32.19	104.7
12/07/2018 10:30:58 AM	3614200258	1013.00	27.26	32.19	94.0	27.43	32.19	92.6	27.22	32.19	94.4	26.14	32.19	104.7
12/07/2018 10:30:59 AM	3614200259	1013.00	27.24	32.19	94.2	27.48	32.19	92.1	27.25	32.19	94.1	26.13	32.19	104.8
12/07/2018 10:31:00 AM	3614200260	1013.00	27.24	32.19	94.2	27.46	32.19	92.3	27.22	32.19	94.4	26.15	32.19	104.6
12/07/2018 10:31:01 AM	3614200261	1013.00	27.25	32.20	94.1	27.47	32.20	92.2	27.28	32.20	93.9	26.15	32.20	104.6
12/07/2018 10:31:02 AM	3614200262	1013.00	27.24	32.19	94.2	27.46	32.19	92.3	27.27	32.19	94.0	26.14	32.19	104.7
12/07/2018 10:31:03 AM	3614200263	1013.00	27.26	32.18	94.1	27.48	32.18	92.1	27.24	32.18	94.2	26.12	32.18	104.9
12/07/2018 10:31:04 AM	3614200264	1013.00	27.27	32.18	94.0	27.51	32.18	91.9	27.25	32.18	94.2	26.14	32.18	104.7
12/07/2018 10:31:05 AM	3614200265	1013.00	27.27	32.19	94.0	27.48	32.19	92.1	27.25	32.19	94.1	26.13	32.19	104.8
12/07/2018 10:31:06 AM	3614200266	1013.00	27.27	32.18	94.0	27.49	32.18	92.0	27.26	32.18	94.1	26.14	32.18	104.7
12/07/2018 10:31:07 AM	3614200267	1013.00	27.27	32.19	94.0	27.47	32.19	92.2	27.27	32.19	94.0	26.14	32.19	104.7
12/07/2018 10:31:08 AM	3614200268	1013.00	27.27	32.20	93.9	27.49	32.20	92.0	27.27	32.20	93.9	26.17	32.20	104.4
12/07/2018 10:31:09 AM	3614200269	1013.00	27.24	32.20	94.2	27.52	32.20	91.8	27.30	32.20	93.7	26.16	32.20	104.5
12/07/2018 10:31:10 AM	3614200270	1013.00	27.26	32.20	94.0	27.51	32.20	91.8	27.27	32.20	93.9	26.16	32.20	104.5
12/07/2018 10:31:11 AM	3614200271	1013.00	27.29	32.20	93.8	27.51	32.20	91.8	27.32	32.20	93.5	26.16	32.20	104.5
12/07/2018 10:31:12 AM	3614200272	1013.00	27.26	32.21	94.0	27.51	32.21	91.8	27.30	32.21	93.7	26.16	32.21	104.5
12/07/2018 10:31:13 AM	3614200273	1013.00	27.27	32.20	93.9	27.56	32.20	91.4	27.32	32.20	93.5	26.18	32.20	104.3
12/07/2018 10:31:14 AM	3614200274	1013.00	27.28	32.21	93.8	27.52	32.21	91.7	27.31	32.21	93.6	26.13	32.21	104.8
12/07/2018 10:31:15 AM	3614200275	1013.00	27.29	32.21	93.7	27.55	32.21	91.5	27.31	32.21	93.6	26.16	32.21	104.5
12/07/2018 10:31:16 AM	3614200276	1013.00	27.29	32.20	93.8	27.54	32.20	91.6	27.33	32.20	93.4	26.16	32.20	104.5
12/07/2018 10:31:17 AM	3614200277	1013.00	27.29	32.19	93.8	27.57	32.19	91.3	27.30	32.19	93.7	26.14	32.19	104.7
12/07/2018 10:31:18 AM	3614200278	1013.00	27.31	32.19	93.6	27.57	32.19	91.3	27.33	32.19	93.4	26.15	32.19	104.6
12/07/2018 10:31:19 AM	3614200279	1013.00	27.31	32.18	93.6	27.60	32.18	91.1	27.31	32.18	93.6	26.15	32.18	104.6
12/07/2018 10:31:20 AM	3614200280	1013.00	27.31	32.18	93.6	27.59	32.18	91.2	27.33	32.18	93.4	26.17	32.18	104.4
12/07/2018 10:31:21 AM	3614200281	1013.00	27.29	32.18	93.8	27.54	32.18	91.6	27.39	32.18	92.9	26.14	32.18	104.7
12/07/2018 10:31:22 AM	3614200282	1013.00	27.29	32.19	93.8	27.57	32.19	91.3	27.34	32.19	93.3	26.16	32.19	104.5
12/07/2018 10:31:23 AM	3614200283	1013.00	27.31	32.19	93.6	27.60	32.19	91.1	27.38	32.19	93.0	26.15	32.19	104.6
12/07/2018 10:31:24 AM	3614200284	1013.00	27.33	32.19	93.4	27.60	32.19	91.1	27.32	32.19	93.5	26.13	32.19	104.8
12/07/2018 10:31:25 AM	3614200285	1013.00	27.31	32.19	93.6	27.62	32.19	90.9	27.38	32.19	93.0	26.14	32.19	104.7
12/07/2018 10:31:26 AM	3614200286	1013.00	27.34	32.18	93.4	27.62	32.18	90.9	27.39	32.18	92.9	26.16	32.18	104.5
12/07/2018 10:31:27 AM	3614200287	1013.00	27.33	32.17	93.5	27.61	32.17	91.0	27.35	32.17	93.3	26.13	32.17	104.8
12/07/2018 10:31:28 AM	3614200288	1013.00	27.37	32.17	93.1	27.62	32.17	90.9	27.37	32.17	93.1	26.12	32.17	104.9
12/07/2018 10:31:29 AM	3614200289	1013.00	27.34	32.17	93.4	27.64	32.17	90.8	27.35	32.17	93.3	26.13	32.17	104.8
12/07/2018 10:31:30 AM	3614200290	1013.00	27.36	32.18	93.2	27.63	32.18	90.8	27.36	32.18	93.2	26.15	32.18	104.6
12/07/2018 10:31:31 AM	3614200291	1013.00	27.36	32.18	93.2	27.64	32.18	90.8	27.39	32.18	92.9	26.15	32.18	104.6
12/07/2018 10:31:32 AM	3614200292	1013.00	27.37	32.18	93.1	27.62	32.18	90.9	27.41	32.18	92.7	26.14	32.18	104.7
12/07/2018 10:31:33 AM	3614200293	1013.00	27.39	32.19	92.9	27.61	32.19	91.0	27.36	32.19	93.2	26.15	32.19	104.6
12/07/2018 10:31:34 AM	3614200294	1013.00	27.41	32.19	92.7	27.66	32.19	90.6	27.40	32.19	92.8	26.14	32.19	104.7
12/07/2018 10:31:35 AM	3614200295	1013.00	27.41	32.18	92.7	27.64	32.18	90.8	27.38	32.18	93.0	26.16	32.18	104.5
12/07/2018 10:31:36 AM	3614200296	1013.00	27.40	32.18	92.8	27.66	32.18	90.6	27.43	32.18	92.6	26.13	32.18	104.8
12/07/2018 10:31:37 AM	3614200297	1013.00	27.40	32.19	92.8	27.65	32.19	90.7	27.44	32.19	92.5	26.17	32.19	104.4
12/07/2018 10:31:38 AM	3614200298	1013.00	27.42	32.18	92.7	27.66	32.18	90.6	27.45	32.18	92.4	26.14	32.18	104.7
12/07/2018 10:31:39 AM	3614200299	1013.00	27.41	32.18	92.7	27.72	32.18	90.1	27.40	32.18	92.8	26.14	32.18	104.7
12/07/2018 10:31:40 AM	3614200300	1013.00	27.43	32.19	92.6	27.68	32.19	90.4	27.43	32.19	92.6	26.14	32.19	104.7
12/07/2018 10:31:41 AM	3614200301	1013.00	27.43	32.19	92.6	27.70	32.19	90.2	27.40	32.19	92.8	26.14	32.19	104.7
12/07/2018 10:31:42 AM	3614200302	1013.00	27.43	32.19	92.6	27.68	32.19	90.4	27.45	32.19	92.4	26.15	32.19	104.6
12/07/2018 10:31:43 AM	3614200303	1013.00	27.42	32.20	92.6	27.74	32.20	89.9	27.43	32.20	92.5	26.14	32.20	104.7
12/07/2018 10:31:44 AM	3614200304	1013.00	27.43	32.20	92.5	27.74	32.20	89.9	27.49	32.20	92.0	26.18	32.20	104.3
12/07/2018 10:31:45 AM	3614200305	1013.00	27.45	32.20	92.4	27.71	32.20	90.1	27.44	32.20	92.4	26.15	32.20	104.6
12/07/2018 10:31:46 AM	3614200306	1013.00	27.46	32.19	92.3	27.69	32.19	90.3	27.49	32.19	92.0	26.14	32.19	104.7
12/07/2018 10:31:47 AM	3614200307	1013.00	27.47	32.18	92.2	27.75	32.18	89.8	27.44	32.18	92.5	26.15	32.18	104.6
12/07/2018 10:31:48 AM	3614200308	1013.00	27.47	32.17	92.2	27.75	32.17	89.8	27.47	32.17	92.2	26.13	32.17	104.8
12/07/2018 10:31:49 AM	3614200309	1013.00	27.48	32.17	92.1	27.73	32.17	90.0	27.44	32.17	92.5	26.14	32.17	104.7
12/07/2018 10:31:50 AM	3614200310	1013.00	27.50	32.17	92.0	27.78	32.17	89.6	27.46	32.17	92.3	26.17	32.17	104.4
12/07/2018 10:31:51 AM	3614200311	1013.00	27.50	32.18	92.0	27.75	32.18	89.8	27.44	32.18	92.5	26.15	32.18	104.6
12/07/2018 10:31:52 AM	3614200312	1013.00	27.54	32.18	91.6	27.75	32.18	89.8	27.49	32.18	92.0	26.20	32.18	104.1
12/07/2018 10:31:53 AM	3614200313	1013.00	27.51	32.18	91.9	27.79	32.18	89.5	27.47	32.18	92.2	26.18	32.18	104.3
12/07/2018 10:31:54 AM	3614200314	1013.00	27.53	32.19	91.7	27.77	32.19	89.6	27.48	32.19	92.1	26.15	32.19	104.6
12/07/2018 10:31:55 AM	3614200315	1013.00	27.51	32.19	91.9	27.79	32.19	89.5	27.48	32.19	92.1	26.14	32.19	104.7
12/07/2018 10:31:56 AM	3614200316	1013.00	27.55	32.19	91.5	27.80	32.19	89.4	27.48	32.19	92.1	26.17	32.19	104.4
12/07/2018 10:31:57 AM	3614200317	1013.00	27.54	32.20	91.6	27.78	32.20	89.5	27.47	32.20	92.2	26.14	32.20	104.7
12/07/2018 10:31:58 AM	3614200318	1013.00	27.58	32.20	91.2	27.79	32.20	89.5	27.48	32.20	92.1	26.15	32.20	104.6
12/07/2018 10:31:59 AM	3614200319	1013.00	27.54	32.20	91.6	27.81	32.20	89.3	27.51	32.20	91.8	26.16	32.20	104.5
12/07/2018 10:32:00 AM	3614200320	1013.00	27.56	32.20	91.4	27.79	32.20	89.5	27.52	32.20	91.8	26.17	32.20	104.4
12/07/2018 10:32:01 AM	3614200321	1013.00	27.59	32.21	91.1	27.80	32.21	89.4	27.53	32.21	91.7	26.14	32.21	104.7
12/07/2018 10:32:02 AM	3614200322	1013.00	27.55	32.21	91.5	27.82	32.21	89.2	27.52	32.21	91.7	26.15	32.21	104.6
12/07/2018 10:32:03 AM	3614200323	1013.00	27.58	32.20	91.2	27.81	32.20	89.3	27.55	32.20	91.5	26.17	32.20	104.4
12/07/2018 10:32:04 AM	3614200324	1013.00	27.55	32.20	91.5	27.88	32.20	88.7	27.55	32.20	91.5	26.18	32.20	104.3
12/07/2018 10:32:05 AM	3614200325	1013.00	27.59	32.19	91.2	27.87	32.19	88.8	27.56	32.19	91.4	26.16	32.19	104.5
12/07/2018 10:32:06 AM	3614200326	1013.00	27.58	32.18	91.3	27.83	32.18	89.2	27.56	32.18	91.4	26.14	32.18	104.7
12/07/2018 10:32:07 AM	3614200327	1013.00	27.60	32.17	91.1	27.90	32.17	88.6	27.57	32.17	91.4	26.15	32.17	104.6
12/07/2018 10:32:08 AM	3614200328	1013.00	27.61	32.18	91.0	27.87	32.18	88.8	27.55	32.18	91.5	26.18	32.18	104.3
12/07/2018 10:32:09 AM	3614200329	1013.00	27.64	32.18	90.8	27.87	32.18	88.8	27.56	32.18	91.4	26.13	32.18	104.8
12/07/2018 10:32:10 AM	3614200330	1013.00	27.63	32.20	90.8	27.91	32.20	88.5	27.56	32.20	91.4	26.16	32.20	104.5
12/07/2018 10:32:11 AM	3614200331	1013.00	27.62	32.21	90.9	27.90	32.21	88.5	27.55	32.21	91.5	26.17	32.21	104.4
12/07/2018 10:32:12 AM	3614200332	1013.00	27.66	32.20	90.6	27.92	32.20	88.4	27.52	32.20	91.8	26.17	32.20	104.4
12/07/2018 10:32:13 AM	3614200333	1013.00	27.67	32.20	90.5	27.94	32.20	88.2	27.61	32.20	91.0	26.13	32.20	104.8
12/07/2018 10:32:14 AM	3614200334	1013.00	27.66	32.20	90.6	27.92	32.20	88.4	27.58	32.20	91.2	26.14	32.20	104.7
12/07/2018 10:32:15 AM	3614200335	1013.00	27.66	32.19	90.6	27.92	32.19	88.4	27.59	32.19	91.2	26.13	32.19	104.8
12/07/2018 10:32:16 AM	3614200336	1013.00	27.66	32.19	90.6	27.93	32.19	88.3	27.58	32.19	91.3	26.14	32.19	104.7
12/07/2018 10:32:17 AM	3614200337	1013.00	27.64	32.19	90.7	27.91	32.19	88.5	27.61	32.19	91.0	26.14	32.19	104.7
12/07/2018 10:32:18 AM	3614200338	1013.00	27.69	32.19	90.3	27.94	32.19	88.2	27.64	32.19	90.7	26.16	32.19	104.5
12/07/2018 10:32:19 AM	3614200339	1013.00	27.69	32.19	90.3	27.94	32.19	88.2	27.62	32.19	90.9	26.15	32.19	104.6
12/07/2018 10:32:20 AM	3614200340	1013.00	27.72	32.19	90.1	27.92	32.19	88.4	27.59	32.19	91.2	26.17	32.19	104.4
12/07/2018 10:32:21 AM	3614200341	1013.00	27.71	32.19	90.1	27.97	32.19	88.0	27.60	32.19	91.1	26.14	32.19	104.7
12/07/2018 10:32:22 AM	3614200342	1013.00	27.72	32.19	90.1	27.97	32.19	88.0	27.63	32.19	90.8	26.16	32.19	104.5
12/07/2018 10:32:23 AM	3614200343	1013.00	27.69	32.18	90.3	27.99	32.18	87.8	27.62	32.18	90.9	26.15	32.18	104.6
12/07/2018 10:32:24 AM	3614200344	1013.00	27.74	32.19	89.9	27.97	32.19	88.0	27.65	32.19	90.7	26.13	32.19	104.8
12/07/2018 10:32:25 AM	3614200345	1013.00	27.76	32.19	89.7	27.98	32.19	87.9	27.67	32.19	90.5	26.15	32.19	104.6
12/07/2018 10:32:26 AM	3614200346	1013.00	27.73	32.19	90.0	27.98	32.19	87.9	27.67	32.19	90.5	26.14	32.19	104.7
12/07/2018 10:32:27 AM	3614200347	1013.00	27.73	32.19	90.0	28.03	32.19	87.5	27.66	32.19	90.6	26.15	32.19	104.6
12/07/2018 10:32:28 AM	3614200348	1013.00	27.76	32.19	89.7	28.00	32.19	87.7	27.69	32.19	90.3	26.15	32.19	104.6
12/07/2018 10:32:29 AM	3614200349	1013.00	27.75	32.19	89.8	28.04	32.19	87.4	27.66	32.19	90.6	26.16	32.19	104.5
12/07/2018 10:32:30 AM	3614200350	1013.00	27.74	32.19	89.9	28.03	32.19	87.5	27.71	32.19	90.1	26.14	32.19	104.7
12/07/2018 10:32:31 AM	3614200351	1013.00	27.76	32.18	89.7	28.04	32.18	87.4	27.67	32.18	90.5	26.16	32.18	104.5
12/07/2018 10:32:32 AM	3614200352	1013.00	27.77	32.18	89.7	28.04	32.18	87.4	27.72	32.18	90.1	26.15	32.18	104.6
12/07/2018 10:32:33 AM	3614200353	1013.00	27.80	32.17	89.4	28.03	32.17	87.5	27.70	32.17	90.3	26.16	32.17	104.5
12/07/2018 10:32:34 AM	3614200354	1013.00	27.76	32.18	89.7	28.00	32.18	87.8	27.68	32.18	90.4	26.14	32.18	104.7
12/07/2018 10:32:35 AM	3614200355	1013.00	27.77	32.18	89.7	28.06	32.18	87.3	27.71	32.18	90.2	26.16	32.18	104.5
12/07/2018 10:32:36 AM	3614200356	1013.00	27.76	32.17	89.8	28.08	32.17	87.1	27.68	32.17	90.4	26.15	32.17	104.6
12/07/2018 10:32:37 AM	3614200357	1013.00	27.74	32.18	89.9	28.05	32.18	87.4	27.70	32.18	90.2	26.15	32.18	104.6
12/07/2018 10:32:38 AM	3614200358	1013.00	27.76	32.17	89.8	28.07	32.17	87.2	27.72	32.17	90.1	26.14	32.17	104.7
12/07/2018 10:32:39 AM	3614200359	1013.00	27.78	32.17	89.6	28.06	32.17	87.3	27.76	32.17	89.8	26.17	32.17	104.4
12/07/2018 10:32:40 AM	3614200360	1013.00	27.78	32.17	89.6	28.08	32.17	87.1	27.73	32.17	90.0	26.17	32.17	104.4
12/07/2018 10:32:41 AM	3614200361	1013.00	27.80	32.17	89.4	28.06	32.17	87.3	27.70	32.17	90.3	26.16	32.17	104.5
12/07/2018 10:32:42 AM	3614200362	1013.00	27.76	32.18	89.7	28.05	32.18	87.4	27.72	32.18	90.1	26.14	32.18	104.7
12/07/2018 10:32:43 AM	3614200363	1013.00	27.79	32.19	89.5	28.06	32.19	87.3	27.75	32.19	89.8	26.16	32.19	104.5
12/07/2018 10:32:44 AM	3614200364	1013.00	27.77	32.19	89.6	28.11	32.19	86.9	27.74	32.19	89.9	26.15	32.19	104.6
12/07/2018 10:32:45 AM	3614200365	1013.00	27.78	32.19	89.6	28.14	32.19	86.6	27.76	32.19	89.7	26.15	32.19	104.6
12/07/2018 10:32:46 AM	3614200366	1013.00	27.79	32.19	89.5	28.10	32.19	86.9	27.72	32.19	90.1	26.15	32.19	104.6
12/07/2018 10:32:47 AM	3614200367	1013.00	27.80	32.17	89.4	28.13	32.17	86.7	27.77	32.17	89.7	26.15	32.17	104.6
12/07/2018 10:32:48 AM	3614200368	1013.00	27.79	32.18	89.5	28.11	32.18	86.9	27.77	32.18	89.7	26.18	32.18	104.3
12/07/2018 10:32:49 AM	3614200369	1013.00	27.78	32.18	89.6	28.12	32.18	86.8	27.73	32.18	90.0	26.16	32.18	104.5
12/07/2018 10:32:50 AM	3614200370	1013.00	27.78	32.17	89.6	28.11	32.17	86.9	27.72	32.17	90.1	26.19	32.17	104.2
12/07/2018 10:32:51 AM	3614200371	1013.00	27.83	32.18	89.2	28.11	32.18	86.9	27.79	32.18	89.5	26.14	32.18	104.7
12/07/2018 10:32:52 AM	3614200372	1013.00	27.81	32.19	89.3	28.11	32.19	86.9	27.78	32.19	89.6	26.17	32.19	104.4
12/07/2018 10:32:53 AM	3614200373	1013.00	27.84	32.18	89.1	28.13	32.18	86.7	27.79	32.18	89.5	26.16	32.18	104.5
12/07/2018 10:32:54 AM	3614200374	1013.00	27.86	32.18	88.9	28.12	32.18	86.8	27.82	32.18	89.2	26.14	32.18	104.7
12/07/2018 10:32:55 AM	3614200375	1013.00	27.84	32.18	89.1	28.11	32.18	86.9	27.78	32.18	89.6	26.16	32.18	104.5
12/07/2018 10:32:56 AM	3614200376	1013.00	27.87	32.19	88.8	28.15	32.19	86.5	27.80	32.19	89.4	26.15	32.19	104.6
12/07/2018 10:32:57 AM	3614200377	1013.00	27.85	32.18	89.0	28.17	32.18	86.4	27.80	32.18	89.4	26.18	32.18	104.3
12/07/2018 10:32:58 AM	3614200378	1013.00	27.86	32.17	88.9	28.15	32.17	86.6	27.82	32.17	89.3	26.17	32.17	104.4
12/07/2018 10:32:59 AM	3614200379	1013.00	27.86	32.17	88.9	28.16	32.17	86.5	27.80	32.17	89.4	26.15	32.17	104.6
12/07/2018 10:33:00 AM	3614200380	1013.00	27.88	32.17	88.8	28.16	32.17	86.5	27.82	32.17	89.3	26.15	32.17	104.6
12/07/2018 10:33:01 AM	3614200381	1013.00	27.85	32.16	89.0	28.18	32.16	86.3	27.82	32.16	89.3	26.16	32.16	104.5
12/07/2018 10:33:02 AM	3614200382	1013.00	27.88	32.16	88.8	28.17	32.16	86.4	27.82	32.16	89.3	26.15	32.16	104.6
12/07/2018 10:33:03 AM	3614200383	1013.00	27.89	32.17	88.7	28.20	32.17	86.2	27.78	32.17	89.6	26.17	32.17	104.4
12/07/2018 10:33:04 AM	3614200384	1013.00	27.88	32.17	88.8	28.19	32.17	86.2	27.82	32.17	89.3	26.15	32.17	104.6
12/07/2018 10:33:05 AM	3614200385	1013.00	27.87	32.18	88.8	28.20	32.18	86.1	27.83	32.18	89.2	26.14	32.18	104.7
12/07/2018 10:33:06 AM	3614200386	1013.00	27.88	32.18	88.7	28.19	32.18	86.2	27.83	32.18	89.2	26.15	32.18	104.6
12/07/2018 10:33:07 AM	3614200387	1013.00	27.90	32.18	88.6	28.22	32.18	86.0	27.84	32.18	89.1	26.18	32.18	104.3
12/07/2018 10:33:08 AM	3614200388	1013.00	27.89	32.18	88.7	28.22	32.18	86.0	27.82	32.18	89.2	26.13	32.18	104.8
12/07/2018 10:33:09 AM	3614200389	1013.00	27.88	32.17	88.8	28.21	32.17	86.1	27.89	32.17	88.7	26.15	32.17	104.6
12/07/2018 10:33:10 AM	3614200390	1013.00	27.90	32.17	88.6	28.20	32.17	86.2	27.91	32.17	88.5	26.15	32.17	104.6
12/07/2018 10:33:11 AM	3614200391	1013.00	27.94	32.17	88.3	28.24	32.17	85.8	27.91	32.17	88.5	26.14	32.17	104.7
12/07/2018 10:33:12 AM	3614200392	1013.00	27.92	32.16	88.4	28.29	32.16	85.5	27.94	32.16	88.3	26.13	32.16	104.8
12/07/2018 10:33:13 AM	3614200393	1013.00	27.93	32.16	88.4	28.28	32.16	85.5	27.91	32.16	88.5	26.14	32.16	104.7
12/07/2018 10:33:14 AM	3614200394	1013.00	27.94	32.16	88.3	28.27	32.16	85.6	27.94	32.16	88.3	26.18	32.16	104.3
12/07/2018 10:33:15 AM	3614200395	1013.00	27.95	32.17	88.2	28.32	32.17	85.2	27.96	32.17	88.1	26.16	32.17	104.5
12/07/2018 10:33:16 AM	3614200396	1013.00	27.96	32.16	88.1	28.29	32.16	85.5	27.92	32.16	88.4	26.15	32.16	104.6
12/07/2018 10:33:17 AM	3614200397	1013.00	27.95	32.17	88.2	28.32	32.17	85.2	27.96	32.17	88.1	26.16	32.17	104.5
12/07/2018 10:33:18 AM	3614200398	1013.00	27.95	32.16	88.2	28.32	32.16	85.2	27.94	32.16	88.3	26.14	32.16	104.7
12/07/2018 10:33:19 AM	3614200399	1013.00	27.98	32.16	88.0	28.33	32.16	85.1	27.91	32.16	88.5	26.16	32.16	104.5
12/07/2018 10:33:20 AM	3614200400	1013.00	27.99	32.14	87.9	28.34	32.14	85.1	27.93	32.14	88.4	26.16	32.14	104.6
12/07/2018 10:33:21 AM	3614200401	1013.00	27.99	32.13	87.9	28.36	32.13	84.9	27.97	32.13	88.1	26.14	32.13	104.8
12/07/2018 10:33:22 AM	3614200402	1013.00	27.97	32.14	88.1	28.35	32.14	85.0	27.99	32.14	87.9	26.17	32.14	104.5
12/07/2018 10:33:23 AM	3614200403	1013.00	27.99	32.14	87.9	28.38	32.14	84.8	27.99	32.14	87.9	26.18	32.14	104.4
12/07/2018 10:33:24 AM	3614200404	1013.00	27.97	32.16	88.0	28.37	32.16	84.8	28.00	32.16	87.8	26.14	32.16	104.7
12/07/2018 10:33:25 AM	3614200405	1013.00	28.01	32.16	87.7	28.37	32.16	84.8	28.00	32.16	87.8	26.16	32.16	104.5
12/07/2018 10:33:26 AM	3614200406	1013.00	27.98	32.18	87.9	28.36	32.18	84.9	28.01	32.18	87.7	26.17	32.18	104.4
12/07/2018 10:33:27 AM	3614200407	1013.00	27.99	32.19	87.8	28.35	32.19	84.9	28.04	32.19	87.4	26.14	32.19	104.7
12/07/2018 10:33:28 AM	3614200408	1013.00	27.99	32.18	87.8	28.36	32.18	84.9	28.07	32.18	87.2	26.18	32.18	104.3
12/07/2018 10:33:29 AM	3614200409	1013.00	27.99	32.17	87.9	28.39	32.17	84.7	28.05	32.17	87.4	26.13	32.17	104.8
12/07/2018 10:33:30 AM	3614200410	1013.00	28.02	32.16	87.6	28.41	32.16	84.5	28.07	32.16	87.2	26.15	32.16	104.6
12/07/2018 10:33:31 AM	3614200411	1013.00	28.03	32.15	87.6	28.40	32.15	84.6	28.08	32.15	87.2	26.17	32.15	104.5
12/07/2018 10:33:32 AM	3614200412	1013.00	28.03	32.15	87.6	28.43	32.15	84.4	28.07	32.15	87.2	26.13	32.15	104.9
12/07/2018 10:33:33 AM	3614200413	1013.00	28.02	32.16	87.6	28.42	32.16	84.4	28.08	32.16	87.1	26.15	32.16	104.6
12/07/2018 10:33:34 AM	3614200414	1013.00	28.04	32.16	87.5	28.41	32.16	84.5	28.06	32.16	87.3	26.13	32.16	104.8
12/07/2018 10:33:35 AM	3614200415	1013.00	28.02	32.16	87.6	28.44	32.16	84.3	28.05	32.16	87.4	26.15	32.16	104.6
12/07/2018 10:33:36 AM	3614200416	1013.00	28.04	32.17	87.4	28.43	32.17	84.3	28.09	32.17	87.0	26.21	32.17	104.0
12/07/2018 10:33:37 AM	3614200417	1013.00	28.05	32.17	87.4	28.42	32.17	84.4	28.10	32.17	87.0	26.16	32.17	104.5
12/07/2018 10:33:38 AM	3614200418	1013.00	28.05	32.16	87.4	28.42	32.16	84.4	28.10	32.16	87.0	26.16	32.16	104.5
12/07/2018 10:33:39 AM	3614200419	1013.00	28.04	32.17	87.4	28.41	32.17	84.5	28.08	32.17	87.1	26.14	32.17	104.7
12/07/2018 10:33:40 AM	3614200420	1013.00	28.06	32.16	87.3	28.45	32.16	84.2	28.07	32.16	87.2	26.17	32.16	104.4
12/07/2018 10:33:41 AM	3614200421	1013.00	28.07	32.17	87.2	28.42	32.17	84.4	28.06	32.17	87.3	26.16	32.17	104.5
12/07/2018 10:33:42 AM	3614200422	1013.00	28.05	32.15	87.4	28.43	32.15	84.4	28.12	32.15	86.8	26.16	32.15	104.6
12/07/2018 10:33:43 AM	3614200423	1013.00	28.05	32.15	87.4	28.46	32.15	84.1	28.09	32.15	87.1	26.18	32.15	104.4
12/07/2018 10:33:44 AM	3614200424	1013.00	28.07	32.15	87.2	28.44	32.15	84.3	28.13	32.15	86.7	26.13	32.15	104.9
12/07/2018 10:33:45 AM	3614200425	1013.00	28.09	32.15	87.1	28.46	32.15	84.1	28.07	32.15	87.2	26.13	32.15	104.9
12/07/2018 10:33:46 AM	3614200426	1013.00	28.10	32.15	87.0	28.45	32.15	84.2	28.11	32.15	86.9	26.18	32.15	104.4
12/07/2018 10:33:47 AM	3614200427	1013.00	28.12	32.16	86.8	28.51	32.16	83.7	28.09	32.16	87.1	26.15	32.16	104.6
12/07/2018 10:33:48 AM	3614200428	1013.00	28.11	32.16	86.9	28.48	32.16	84.0	28.11	32.16	86.9	26.17	32.16	104.4
12/07/2018 10:33:49 AM	3614200429	1013.00	28.12	32.15	86.8	28.49	32.15	83.9	28.13	32.15	86.7	26.15	32.15	104.7
12/07/2018 10:33:50 AM	3614200430	1013.00	28.14	32.16	86.7	28.50	32.16	83.8	28.14	32.16	86.7	26.15	32.16	104.6
12/07/2018 10:33:51 AM	3614200431	1013.00	28.13	32.15	86.7	28.51	32.15	83.8	28.16	32.15	86.5	26.12	32.15	105.0
12/07/2018 10:33:52 AM	3614200432	1013.00	28.14	32.16	86.7	28.52	32.16	83.7	28.11	32.16	86.9	26.16	32.16	104.5
12/07/2018 10:33:53 AM	3614200433	1013.00	28.14	32.15	86.7	28.51	32.15	83.8	28.16	32.15	86.5	26.20	32.15	104.2
12/07/2018 10:33:54 AM	3614200434	1013.00	28.13	32.15	86.7	28.51	32.15	83.8	28.19	32.15	86.3	26.16	32.15	104.6
12/07/2018 10:33:55 AM	3614200435	1013.00	28.16	32.15	86.5	28.51	32.15	83.8	28.16	32.15	86.5	26.13	32.15	104.9
12/07/2018 10:33:56 AM	3614200436	1013.00	28.16	32.15	86.5	28.53	32.15	83.6	28.19	32.15	86.3	26.17	32.15	104.5
12/07/2018 10:33:57 AM	3614200437	1013.00	28.15	32.14	86.6	28.52	32.14	83.7	28.17	32.14	86.4	26.16	32.14	104.6
12/07/2018 10:33:58 AM	3614200438	1013.00	28.19	32.15	86.3	28.59	32.15	83.1	28.21	32.15	86.1	26.15	32.15	104.7
12/07/2018 10:33:59 AM	3614200439	1013.00	28.19	32.15	86.3	28.53	32.15	83.6	28.22	32.15	86.0	26.17	32.15	104.5
12/07/2018 10:34:00 AM	3614200440	1013.00	28.18	32.14	86.4	28.53	32.14	83.6	28.15	32.14	86.6	26.17	32.14	104.5
12/07/2018 10:34:01 AM	3614200441	1013.00	28.20	32.14	86.2	28.56	32.14	83.4	28.19	32.14	86.3	26.14	32.14	104.8
12/07/2018 10:34:02 AM	3614200442	1013.00	28.22	32.14	86.0	28.60	32.14	83.1	28.20	32.14	86.2	26.16	32.14	104.6
12/07/2018 10:34:03 AM	3614200443	1013.00	28.22	32.14	86.0	28.55	32.14	83.5	28.20	32.14	86.2	26.16	32.14	104.6
12/07/2018 10:34:04 AM	3614200444	1013.00	28.21	32.13	86.1	28.59	32.13	83.2	28.26	32.13	85.7	26.19	32.13	104.3
12/07/2018 10:34:05 AM	3614200445	1013.00	28.22	32.13	86.1	28.57	32.13	83.3	28.19	32.13	86.3	26.16	32.13	104.6
12/07/2018 10:34:06 AM	3614200446	1013.00	28.23	32.13	86.0	28.60	32.13	83.1	28.20	32.13	86.2	26.17	32.13	104.5
12/07/2018 10:34:07 AM	3614200447	1013.00	28.25	32.13	85.8	28.59	32.13	83.2	28.21	32.13	86.1	26.17	32.13	104.5
12/07/2018 10:34:08 AM	3614200448	1013.00	28.24	32.13	85.9	28.56	32.13	83.4	28.21	32.13	86.1	26.16	32.13	104.6
12/07/2018 10:34:09 AM	3614200449	1013.00	28.25	32.14	85.8	28.59	32.14	83.2	28.20	32.14	86.2	26.13	32.14	104.9
12/07/2018 10:34:10 AM	3614200450	1013.00	28.29	32.14	85.5	28.56	32.14	83.4	28.23	32.14	86.0	26.17	32.14	104.5
12/07/2018 10:34:11 AM	3614200451	1013.00	28.29	32.14	85.5	28.62	32.14	82.9	28.24	32.14	85.9	26.20	32.14	104.2
12/07/2018 10:34:12 AM	3614200452	1013.00	28.30	32.14	85.4	28.62	32.14	82.9	28.25	32.14	85.8	26.15	32.14	104.7
12/07/2018 10:34:13 AM	3614200453	1013.00	28.34	32.15	85.1	28.62	32.15	82.9	28.22	32.15	86.0	26.16	32.15	104.6
12/07/2018 10:34:14 AM	3614200454	1013.00	28.29	32.15	85.5	28.63	32.15	82.8	28.25	32.15	85.8	26.16	32.15	104.6
12/07/2018 10:34:15 AM	3614200455	1013.00	28.29	32.16	85.5	28.62	32.16	82.9	28.27	32.16	85.6	26.17	32.16	104.4
12/07/2018 10:34:16 AM	3614200456	1013.00	28.27	32.16	85.6	28.63	32.16	82.8	28.26	32.16	85.7	26.16	32.16	104.5
12/07/2018 10:34:17 AM	3614200457	1013.00	28.30	32.17	85.4	28.65	32.17	82.7	28.28	32.17	85.5	26.19	32.17	104.2
12/07/2018 10:34:18 AM	3614200458	1013.00	28.34	32.17	85.0	28.66	32.17	82.6	28.27	32.17	85.6	26.19	32.17	104.2
12/07/2018 10:34:19 AM	3614200459	1013.00	28.32	32.16	85.2	28.69	32.16	82.4	28.31	32.16	85.3	26.16	32.16	104.5
12/07/2018 10:34:20 AM	3614200460	1013.00	28.31	32.16	85.3	28.68	32.16	82.4	28.30	32.16	85.4	26.16	32.16	104.5
12/07/2018 10:34:21 AM	3614200461	1013.00	28.34	32.15	85.1	28.72	32.15	82.2	28.30	32.15	85.4	26.19	32.15	104.3
12/07/2018 10:34:22 AM	3614200462	1013.00	28.33	32.14	85.2	28.70	32.14	82.3	28.31	32.14	85.3	26.16	32.14	104.6
12/07/2018 10:34:23 AM	3614200463	1013.00	28.33	32.14	85.2	28.70	32.14	82.3	28.34	32.14	85.1	26.17	32.14	104.5
12/07/2018 10:34:24 AM	3614200464	1013.00	28.36	32.14	84.9	28.70	32.14	82.3	28.32	32.14	85.2	26.16	32.14	104.6
12/07/2018 10:34:25 AM	3614200465	1013.00	28.37	32.14	84.9	28.72	32.14	82.2	28.32	32.14	85.2	26.16	32.14	104.6
12/07/2018 10:34:26 AM	3614200466	1013.00	28.33	32.15	85.2	28.76	32.15	81.9	28.30	32.15	85.4	26.19	32.15	104.3
12/07/2018 10:34:27 AM	3614200467	1013.00	28.36	32.16	84.9	28.74	32.16	82.0	28.35	32.16	85.0	26.17	32.16	104.4
12/07/2018 10:34:28 AM	3614200468	1013.00	28.35	32.16	85.0	28.73	32.16	82.1	28.35	32.16	85.0	26.18	32.16	104.3
12/07/2018 10:34:29 AM	3614200469	1013.00	28.36	32.15	84.9	28.76	32.15	81.9	28.38	32.15	84.8	26.15	32.15	104.7
12/07/2018 10:34:30 AM	3614200470	1013.00	28.39	32.16	84.7	28.78	32.16	81.7	28.39	32.16	84.7	26.15	32.16	104.6
12/07/2018 10:34:31 AM	3614200471	1013.00	28.38	32.16	84.8	28.76	32.16	81.8	28.38	32.16	84.8	26.17	32.16	104.4
12/07/2018 10:34:32 AM	3614200472	1013.00	28.39	32.15	84.7	28.77	32.15	81.8	28.38	32.15	84.8	26.15	32.15	104.7
12/07/2018 10:34:33 AM	3614200473	1013.00	28.39	32.15	84.7	28.78	32.15	81.7	28.39	32.15	84.7	26.15	32.15	104.7
12/07/2018 10:34:34 AM	3614200474	1013.00	28.39	32.15	84.7	28.81	32.15	81.5	28.33	32.15	85.2	26.16	32.15	104.6
12/07/2018 10:34:35 AM	3614200475	1013.00	28.37	32.15	84.8	28.78	32.15	81.7	28.39	32.15	84.7	26.18	32.15	104.4
12/07/2018 10:34:36 AM	3614200476	1013.00	28.41	32.15	84.5	28.78	32.15	81.7	28.42	32.15	84.5	26.14	32.15	104.8
12/07/2018 10:34:37 AM	3614200477	1013.00	28.41	32.15	84.5	28.78	32.15	81.7	28.38	32.15	84.8	26.16	32.15	104.6
12/07/2018 10:34:38 AM	3614200478	1013.00	28.41	32.15	84.5	28.78	32.15	81.7	28.41	32.15	84.5	26.17	32.15	104.5
12/07/2018 10:34:39 AM	3614200479	1013.00	28.40	32.15	84.6	28.78	32.15	81.7	28.39	32.15	84.7	26.18	32.15	104.4
12/07/2018 10:34:40 AM	3614200480	1013.00	28.41	32.14	84.5	28.75	32.14	81.9	28.45	32.14	84.2	26.16	32.14	104.6
12/07/2018 10:34:41 AM	3614200481	1013.00	28.45	32.15	84.2	28.79	32.15	81.6	28.40	32.15	84.6	26.18	32.15	104.4
12/07/2018 10:34:42 AM	3614200482	1013.00	28.42	32.15	84.5	28.86	32.15	81.1	28.42	32.15	84.5	26.16	32.15	104.6
12/07/2018 10:34:43 AM	3614200483	1013.00	28.40	32.15	84.6	28.85	32.15	81.2	28.38	32.15	84.8	26.17	32.15	104.5
12/07/2018 10:34:44 AM	3614200484	1013.00	28.43	32.15	84.4	28.81	32.15	81.5	28.44	32.15	84.3	26.18	32.15	104.4
12/07/2018 10:34:45 AM	3614200485	1013.00	28.42	32.16	84.4	28.82	32.16	81.4	28.40	32.16	84.6	26.16	32.16	104.5
12/07/2018 10:34:46 AM	3614200486	1013.00	28.44	32.16	84.3	28.82	32.16	81.4	28.45	32.16	84.2	26.15	32.16	104.6
12/07/2018 10:34:47 AM	3614200487	1013.00	28.41	32.16	84.5	28.82	32.16	81.4	28.43	32.16	84.4	26.16	32.16	104.5
12/07/2018 10:34:48 AM	3614200488	1013.00	28.44	32.15	84.3	28.83	32.15	81.3	28.41	32.15	84.5	26.19	32.15	104.3
12/07/2018 10:34:49 AM	3614200489	1013.00	28.44	32.15	84.3	28.85	32.15	81.2	28.47	32.15	84.1	26.16	32.15	104.6
12/07/2018 10:34:50 AM	3614200490	1013.00	28.42	32.15	84.5	28.85	32.15	81.2	28.50	32.15	83.8	26.16	32.15	104.6
12/07/2018 10:34:51 AM	3614200491	1013.00	28.43	32.14	84.4	28.89	32.14	80.9	28.50	32.14	83.8	26.16	32.14	104.6
12/07/2018 10:34:52 AM	3614200492	1013.00	28.43	32.14	84.4	28.89	32.14	80.9	28.47	32.14	84.1	26.17	32.14	104.5
12/07/2018 10:34:53 AM	3614200493	1013.00	28.47	32.14	84.1	28.90	32.14	80.8	28.47	32.14	84.1	26.16	32.14	104.6
12/07/2018 10:34:54 AM	3614200494	1013.00	28.45	32.14	84.2	28.92	32.14	80.7	28.46	32.14	84.2	26.15	32.14	104.7
12/07/2018 10:34:55 AM	3614200495	1013.00	28.47	32.14	84.1	28.91	32.14	80.8	28.47	32.14	84.1	26.15	32.14	104.7
12/07/2018 10:34:56 AM	3614200496	1013.00	28.48	32.15	84.0	28.93	32.15	80.6	28.45	32.15	84.2	26.15	32.15	104.7
12/07/2018 10:34:57 AM	3614200497	1013.00	28.49	32.14	83.9	28.89	32.14	80.9	28.47	32.14	84.1	26.15	32.14	104.7
12/07/2018 10:34:58 AM	3614200498	1013.00	28.51	32.14	83.8	28.94	32.14	80.5	28.48	32.14	84.0	26.14	32.14	104.8
12/07/2018 10:34:59 AM	3614200499	1013.00	28.50	32.14	83.8	28.89	32.14	80.9	28.48	32.14	84.0	26.17	32.14	104.5
12/07/2018 10:35:00 AM	3614200500	1013.00	28.50	32.14	83.8	28.93	32.14	80.6	28.47	32.14	84.1	26.17	32.14	104.5
12/07/2018 10:35:01 AM	3614200501	1013.00	28.51	32.14	83.8	28.92	32.14	80.7	28.50	32.14	83.8	26.17	32.14	104.5
12/07/2018 10:35:02 AM	3614200502	1013.00	28.53	32.14	83.6	28.94	32.14	80.5	28.54	32.14	83.5	26.17	32.14	104.5
12/07/2018 10:35:03 AM	3614200503	1013.00	28.53	32.14	83.6	28.96	32.14	80.4	28.53	32.14	83.6	26.16	32.14	104.6
12/07/2018 10:35:04 AM	3614200504	1013.00	28.53	32.14	83.6	28.93	32.14	80.6	28.55	32.14	83.5	26.17	32.14	104.5
12/07/2018 10:35:05 AM	3614200505	1013.00	28.53	32.14	83.6	28.94	32.14	80.5	28.54	32.14	83.5	26.15	32.14	104.7
12/07/2018 10:35:06 AM	3614200506	1013.00	28.58	32.14	83.2	28.93	32.14	80.6	28.56	32.14	83.4	26.15	32.14	104.7
12/07/2018 10:35:07 AM	3614200507	1013.00	28.58	32.14	83.2	28.95	32.14	80.5	28.57	32.14	83.3	26.15	32.14	104.7
12/07/2018 10:35:08 AM	3614200508	1013.00	28.57	32.14	83.3	28.94	32.14	80.5	28.52	32.14	83.7	26.17	32.14	104.5
12/07/2018 10:35:09 AM	3614200509	1013.00	28.59	32.15	83.1	28.99	32.15	80.2	28.53	32.15	83.6	26.17	32.15	104.5
12/07/2018 10:35:10 AM	3614200510	1013.00	28.59	32.15	83.1	28.97	32.15	80.3	28.58	32.15	83.2	26.18	32.15	104.4
12/07/2018 10:35:11 AM	3614200511	1013.00	28.60	32.14	83.1	28.99	32.14	80.2	28.58	32.14	83.2	26.17	32.14	104.5
12/07/2018 10:35:12 AM	3614200512	1013.00	28.58	32.15	83.2	29.00	32.15	80.1	28.54	32.15	83.5	26.20	32.15	104.2
12/07/2018 10:35:13 AM	3614200513	1013.00	28.60	32.14	83.1	29.04	32.14	79.8	28.57	32.14	83.3	26.16	32.14	104.6
12/07/2018 10:35:14 AM	3614200514	1013.00	28.62	32.14	82.9	29.03	32.14	79.9	28.60	32.14	83.1	26.16	32.14	104.6
12/07/2018 10:35:15 AM	3614200515	1013.00	28.62	32.15	82.9	29.01	32.15	80.0	28.56	32.15	83.4	26.19	32.15	104.3
12/07/2018 10:35:16 AM	3614200516	1013.00	28.64	32.15	82.8	28.98	32.15	80.2	28.60	32.15	83.1	26.17	32.15	104.5
12/07/2018 10:35:17 AM	3614200517	1013.00	28.64	32.15	82.8	29.03	32.15	79.9	28.54	32.15	83.5	26.18	32.15	104.4
12/07/2018 10:35:18 AM	3614200518	1013.00	28.66	32.16	82.6	29.01	32.16	80.0	28.60	32.16	83.1	26.15	32.16	104.6
12/07/2018 10:35:19 AM	3614200519	1013.00	28.65	32.16	82.7	29.04	32.16	79.8	28.60	32.16	83.1	26.16	32.16	104.5
12/07/2018 10:35:20 AM	3614200520	1013.00	28.65	32.15	82.7	29.02	32.15	79.9	28.64	32.15	82.8	26.18	32.15	104.4
12/07/2018 10:35:21 AM	3614200521	1013.00	28.65	32.16	82.7	29.04	32.16	79.8	28.61	32.16	83.0	26.16	32.16	104.5
12/07/2018 10:35:22 AM	3614200522	1013.00	28.65	32.16	82.7	29.08	32.16	79.5	28.64	32.16	82.7	26.16	32.16	104.5
12/07/2018 10:35:23 AM	3614200523	1013.00	28.63	32.15	82.8	29.04	32.15	79.8	28.63	32.15	82.8	26.16	32.15	104.6
12/07/2018 10:35:24 AM	3614200524	1013.00	28.65	32.15	82.7	29.06	32.15	79.6	28.62	32.15	82.9	26.17	32.15	104.5
12/07/2018 10:35:25 AM	3614200525	1013.00	28.63	32.15	82.8	29.09	32.15	79.4	28.68	32.15	82.5	26.16	32.15	104.6
12/07/2018 10:35:26 AM	3614200526	1013.00	28.63	32.15	82.8	29.10	32.15	79.4	28.66	32.15	82.6	26.18	32.15	104.4
12/07/2018 10:35:27 AM	3614200527	1013.00	28.65	32.14	82.7	29.09	32.14	79.4	28.63	32.14	82.8	26.17	32.14	104.5
12/07/2018 10:35:28 AM	3614200528	1013.00	28.63	32.14	82.8	29.08	32.14	79.5	28.69	32.14	82.4	26.19	32.14	104.3
12/07/2018 10:35:29 AM	3614200529	1013.00	28.64	32.14	82.8	29.12	32.14	79.2	28.66	32.14	82.6	26.17	32.14	104.5
12/07/2018 10:35:30 AM	3614200530	1013.00	28.64	32.14	82.8	29.15	32.14	79.0	28.67	32.14	82.5	26.17	32.14	104.5
12/07/2018 10:35:31 AM	3614200531	1013.00	28.65	32.14	82.7	29.09	32.14	79.4	28.70	32.14	82.3	26.19	32.14	104.3
12/07/2018 10:35:32 AM	3614200532	1013.00	28.62	32.14	82.9	29.12	32.14	79.2	28.73	32.14	82.1	26.16	32.14	104.6
12/07/2018 10:35:33 AM	3614200533	1013.00	28.64	32.14	82.8	29.09	32.14	79.4	28.71	32.14	82.2	26.17	32.14	104.5
12/07/2018 10:35:34 AM	3614200534	1013.00	28.67	32.14	82.5	29.14	32.14	79.1	28.71	32.14	82.2	26.16	32.14	104.6
12/07/2018 10:35:35 AM	3614200535	1013.00	28.66	32.14	82.6	29.13	32.14	79.1	28.71	32.14	82.2	26.18	32.14	104.4
12/07/2018 10:35:36 AM	3614200536	1013.00	28.67	32.14	82.5	29.12	32.14	79.2	28.71	32.14	82.2	26.17	32.14	104.5
12/07/2018 10:35:37 AM	3614200537	1013.00	28.65	32.15	82.7	29.14	32.15	79.1	28.72	32.15	82.2	26.17	32.15	104.5
12/07/2018 10:35:38 AM	3614200538	1013.00	28.67	32.15	82.5	29.14	32.15	79.1	28.75	32.15	81.9	26.17	32.15	104.5
12/07/2018 10:35:39 AM	3614200539	1013.00	28.68	32.15	82.5	29.15	32.15	79.0	28.73	32.15	82.1	26.19	32.15	104.3
12/07/2018 10:35:40 AM	3614200540	1013.00	28.69	32.15	82.4	29.16	32.15	78.9	28.72	32.15	82.2	26.15	32.15	104.7
12/07/2018 10:35:41 AM	3614200541	1013.00	28.68	32.15	82.5	29.17	32.15	78.8	28.77	32.15	81.8	26.14	32.15	104.8
12/07/2018 10:35:42 AM	3614200542	1013.00	28.67	32.14	82.5	29.19	32.14	78.7	28.75	32.14	81.9	26.18	32.14	104.4
12/07/2018 10:35:43 AM	3614200543	1013.00	28.68	32.15	82.5	29.17	32.15	78.8	28.78	32.15	81.7	26.15	32.15	104.7
12/07/2018 10:35:44 AM	3614200544	1013.00	28.69	32.16	82.4	29.19	32.16	78.7	28.73	32.16	82.1	26.18	32.16	104.3
12/07/2018 10:35:45 AM	3614200545	1013.00	28.67	32.15	82.5	29.19	32.15	78.7	28.82	32.15	81.4	26.15	32.15	104.7
12/07/2018 10:35:46 AM	3614200546	1013.00	28.71	32.15	82.2	29.21	32.15	78.6	28.81	32.15	81.5	26.16	32.15	104.6
12/07/2018 10:35:47 AM	3614200547	1013.00	28.71	32.15	82.2	29.21	32.15	78.6	28.78	32.15	81.7	26.15	32.15	104.7
12/07/2018 10:35:48 AM	3614200548	1013.00	28.73	32.15	82.1	29.24	32.15	78.3	28.80	32.15	81.6	26.15	32.15	104.7
12/07/2018 10:35:49 AM	3614200549	1013.00	28.71	32.14	82.2	29.26	32.14	78.2	28.82	32.14	81.4	26.16	32.14	104.6
12/07/2018 10:35:50 AM	3614200550	1013.00	28.72	32.14	82.2	29.26	32.14	78.2	28.80	32.14	81.6	26.18	32.14	104.4
12/07/2018 10:35:51 AM	3614200551	1013.00	28.73	32.14	82.1	29.24	32.14	78.4	28.82	32.14	81.4	26.17	32.14	104.5
12/07/2018 10:35:52 AM	3614200552	1013.00	28.77	32.13	81.8	29.28	32.13	78.1	28.81	32.13	81.5	26.17	32.13	104.5
12/07/2018 10:35:53 AM	3614200553	1013.00	28.74	32.14	82.0	29.30	32.14	77.9	28.84	32.14	81.3	26.18	32.14	104.4
12/07/2018 10:35:54 AM	3614200554	1013.00	28.76	32.14	81.9	29.32	32.14	77.8	28.84	32.14	81.3	26.19	32.14	104.3
12/07/2018 10:35:55 AM	3614200555	1013.00	28.76	32.14	81.9	29.31	32.14	77.9	28.84	32.14	81.3	26.20	32.14	104.2
12/07/2018 10:35:56 AM	3614200556	1013.00	28.74	32.15	82.0	29.33	32.15	77.7	28.87	32.15	81.0	26.17	32.15	104.5
