Date & time of file creation	5/07/2018 1:12 PM													
Data file path	C:\Users\ameli\Desktop\Diego Barneche\05_07_2018\29_C_new_witrox_19.txt													
														
														
CALIBRATION DATA														
Parameter/Channel	N moving average	LO phase [r.U.]	HI phase [r.U.]	LO oxygen [%air saturation]	HI oxygen [%air saturation]	LO temperature [°C]	HI temperature [°C]	Salinity [‰]						
SDWD0003000199      , CH 1	1	59.13	25.82	0.00	100.00	32.33	32.45	0.000						
SDWD0003000199      , CH 2	1	59.13	25.82	0.00	100.00	32.33	32.45	0.000						
SDWD0003000199      , CH 3	1	59.13	25.82	0.00	100.00	32.33	32.45	0.000						
SDWD0003000199      , CH 4	1	59.13	25.82	0.00	100.00	32.33	32.45	0.000						
														
														
Date &Time [DD-MM-YYYY HH:MM:SS]	Time stamp code	Barometric pressure [hPa]	SDWD0003000199      , CH 1 phase [r.U.]	SDWD0003000199      , CH 1 temp [°C]	SDWD0003000199      , CH 1 O2 [% air saturation]	SDWD0003000199      , CH 2 phase [r.U.]	SDWD0003000199      , CH 2 temp [°C]	SDWD0003000199      , CH 2 O2 [% air saturation]	SDWD0003000199      , CH 3 phase [r.U.]	SDWD0003000199      , CH 3 temp [°C]	SDWD0003000199      , CH 3 O2 [% air saturation]	SDWD0003000199      , CH 4 phase [r.U.]	SDWD0003000199      , CH 4 temp [°C]	SDWD0003000199      , CH 4 O2 [% air saturation]
5/07/2018 1:13:03 PM	3613605183	1013.00	26.15	29.03	102.5	26.36	29.03	100.4	26.19	29.03	102.1	26.17	29.03	102.3
5/07/2018 1:13:04 PM	3613605184	1013.00	26.21	29.03	101.9	26.36	29.03	100.4	26.18	29.03	102.2	26.20	29.03	102.0
5/07/2018 1:13:05 PM	3613605185	1013.00	26.17	29.03	102.3	26.32	29.03	100.8	26.16	29.03	102.4	26.21	29.03	101.9
5/07/2018 1:13:06 PM	3613605186	1013.00	26.18	29.03	102.2	26.37	29.03	100.3	26.16	29.03	102.4	26.18	29.03	102.2
5/07/2018 1:13:07 PM	3613605187	1013.00	26.15	29.03	102.5	26.35	29.03	100.5	26.16	29.03	102.4	26.20	29.03	102.0
5/07/2018 1:13:08 PM	3613605188	1013.00	26.16	29.03	102.4	26.28	29.03	101.2	26.17	29.03	102.3	26.20	29.03	102.0
5/07/2018 1:13:09 PM	3613605189	1013.00	26.18	29.03	102.2	26.32	29.03	100.8	26.16	29.03	102.4	26.15	29.03	102.5
5/07/2018 1:13:10 PM	3613605190	1013.00	26.13	29.03	102.7	26.36	29.03	100.4	26.17	29.03	102.3	26.20	29.03	102.0
5/07/2018 1:13:11 PM	3613605191	1013.00	26.19	29.03	102.1	26.34	29.03	100.6	26.18	29.03	102.2	26.20	29.03	102.0
5/07/2018 1:13:12 PM	3613605192	1013.00	26.14	29.02	102.6	26.29	29.02	101.1	26.19	29.02	102.1	26.20	29.02	102.0
5/07/2018 1:13:13 PM	3613605193	1013.00	26.21	29.02	101.9	26.38	29.02	100.2	26.17	29.02	102.3	26.21	29.02	101.9
5/07/2018 1:13:14 PM	3613605194	1013.00	26.16	29.02	102.4	26.34	29.02	100.6	26.15	29.02	102.5	26.20	29.02	102.0
5/07/2018 1:13:15 PM	3613605195	1013.00	26.15	29.02	102.5	26.32	29.02	100.8	26.18	29.02	102.2	26.18	29.02	102.2
5/07/2018 1:13:16 PM	3613605196	1013.00	26.19	29.02	102.1	26.36	29.02	100.4	26.18	29.02	102.2	26.19	29.02	102.1
5/07/2018 1:13:17 PM	3613605197	1013.00	26.18	29.02	102.2	26.35	29.02	100.5	26.16	29.02	102.4	26.17	29.02	102.3
5/07/2018 1:13:18 PM	3613605198	1013.00	26.19	29.02	102.1	26.28	29.02	101.2	26.15	29.02	102.5	26.18	29.02	102.2
5/07/2018 1:13:19 PM	3613605199	1013.00	26.19	29.02	102.1	26.36	29.02	100.4	26.19	29.02	102.1	26.20	29.02	102.0
5/07/2018 1:13:20 PM	3613605200	1013.00	26.20	29.01	102.0	26.39	29.01	100.1	26.20	29.01	102.0	26.19	29.01	102.1
5/07/2018 1:13:21 PM	3613605201	1013.00	26.17	29.01	102.3	26.35	29.01	100.5	26.20	29.01	102.0	26.20	29.01	102.0
5/07/2018 1:13:22 PM	3613605202	1013.00	26.19	29.01	102.1	26.37	29.01	100.3	26.17	29.01	102.3	26.20	29.01	102.0
5/07/2018 1:13:23 PM	3613605203	1013.00	26.18	29.02	102.2	26.34	29.02	100.6	26.16	29.02	102.4	26.19	29.02	102.1
5/07/2018 1:13:24 PM	3613605204	1013.00	26.22	29.02	101.8	26.32	29.02	100.8	26.18	29.02	102.2	26.20	29.02	102.0
5/07/2018 1:13:25 PM	3613605205	1013.00	26.18	29.02	102.2	26.33	29.02	100.7	26.17	29.02	102.3	26.18	29.02	102.2
5/07/2018 1:13:26 PM	3613605206	1013.00	26.20	29.02	102.0	26.38	29.02	100.2	26.18	29.02	102.2	26.19	29.02	102.1
5/07/2018 1:13:27 PM	3613605207	1013.00	26.20	29.02	102.0	26.32	29.02	100.8	26.18	29.02	102.2	26.22	29.02	101.8
5/07/2018 1:13:28 PM	3613605208	1013.00	26.13	29.03	102.7	26.42	29.03	99.8	26.16	29.03	102.4	26.21	29.03	101.9
5/07/2018 1:13:29 PM	3613605209	1013.00	26.18	29.03	102.2	26.40	29.03	100.0	26.19	29.03	102.1	26.18	29.03	102.2
5/07/2018 1:13:30 PM	3613605210	1013.00	26.15	29.04	102.4	26.36	29.04	100.4	26.18	29.04	102.1	26.18	29.04	102.1
5/07/2018 1:13:31 PM	3613605211	1013.00	26.20	29.03	102.0	26.36	29.03	100.4	26.16	29.03	102.4	26.20	29.03	102.0
5/07/2018 1:13:32 PM	3613605212	1013.00	26.15	29.04	102.4	26.35	29.04	100.5	26.19	29.04	102.0	26.19	29.04	102.0
5/07/2018 1:13:33 PM	3613605213	1013.00	26.16	29.03	102.4	26.38	29.03	100.2	26.19	29.03	102.1	26.19	29.03	102.1
5/07/2018 1:13:34 PM	3613605214	1013.00	26.18	29.03	102.2	26.33	29.03	100.7	26.17	29.03	102.3	26.19	29.03	102.1
5/07/2018 1:13:35 PM	3613605215	1013.00	26.15	29.02	102.5	26.41	29.02	99.9	26.19	29.02	102.1	26.20	29.02	102.0
5/07/2018 1:13:36 PM	3613605216	1013.00	26.18	29.02	102.2	26.42	29.02	99.8	26.17	29.02	102.3	26.21	29.02	101.9
5/07/2018 1:13:37 PM	3613605217	1013.00	26.17	29.02	102.3	26.42	29.02	99.8	26.19	29.02	102.1	26.22	29.02	101.8
5/07/2018 1:13:38 PM	3613605218	1013.00	26.18	29.02	102.2	26.42	29.02	99.8	26.17	29.02	102.3	26.19	29.02	102.1
5/07/2018 1:13:39 PM	3613605219	1013.00	26.20	29.02	102.0	26.46	29.02	99.5	26.18	29.02	102.2	26.21	29.02	101.9
5/07/2018 1:13:40 PM	3613605220	1013.00	26.17	29.02	102.3	26.41	29.02	99.9	26.19	29.02	102.1	26.20	29.02	102.0
5/07/2018 1:13:41 PM	3613605221	1013.00	26.21	29.02	101.9	26.35	29.02	100.5	26.22	29.02	101.8	26.20	29.02	102.0
5/07/2018 1:13:42 PM	3613605222	1013.00	26.22	29.02	101.8	26.40	29.02	100.0	26.19	29.02	102.1	26.24	29.02	101.6
5/07/2018 1:13:43 PM	3613605223	1013.00	26.20	29.02	102.0	26.44	29.02	99.6	26.21	29.02	101.9	26.23	29.02	101.7
5/07/2018 1:13:44 PM	3613605224	1013.00	26.16	29.03	102.4	26.41	29.03	99.9	26.19	29.03	102.1	26.21	29.03	101.9
5/07/2018 1:13:45 PM	3613605225	1013.00	26.20	29.03	102.0	26.39	29.03	100.1	26.21	29.03	101.9	26.23	29.03	101.7
5/07/2018 1:13:46 PM	3613605226	1013.00	26.22	29.02	101.8	26.44	29.02	99.6	26.22	29.02	101.8	26.21	29.02	101.9
5/07/2018 1:13:47 PM	3613605227	1013.00	26.18	29.03	102.2	26.45	29.03	99.5	26.20	29.03	102.0	26.23	29.03	101.7
5/07/2018 1:13:48 PM	3613605228	1013.00	26.21	29.03	101.9	26.40	29.03	100.0	26.21	29.03	101.9	26.23	29.03	101.7
5/07/2018 1:13:49 PM	3613605229	1013.00	26.17	29.03	102.3	26.38	29.03	100.2	26.20	29.03	102.0	26.25	29.03	101.5
5/07/2018 1:13:50 PM	3613605230	1013.00	26.21	29.03	101.9	26.40	29.03	100.0	26.22	29.03	101.8	26.22	29.03	101.8
5/07/2018 1:13:51 PM	3613605231	1013.00	26.15	29.04	102.4	26.44	29.04	99.6	26.21	29.04	101.8	26.22	29.04	101.7
5/07/2018 1:13:52 PM	3613605232	1013.00	26.17	29.03	102.3	26.43	29.03	99.7	26.21	29.03	101.9	26.24	29.03	101.6
5/07/2018 1:13:53 PM	3613605233	1013.00	26.17	29.03	102.3	26.51	29.03	99.0	26.22	29.03	101.8	26.26	29.03	101.4
5/07/2018 1:13:54 PM	3613605234	1013.00	26.21	29.03	101.9	26.46	29.03	99.4	26.20	29.03	102.0	26.25	29.03	101.5
5/07/2018 1:13:55 PM	3613605235	1013.00	26.23	29.03	101.7	26.48	29.03	99.2	26.22	29.03	101.8	26.24	29.03	101.6
5/07/2018 1:13:56 PM	3613605236	1013.00	26.24	29.03	101.6	26.44	29.03	99.6	26.24	29.03	101.6	26.20	29.03	102.0
5/07/2018 1:13:57 PM	3613605237	1013.00	26.19	29.02	102.1	26.49	29.02	99.2	26.23	29.02	101.7	26.25	29.02	101.5
5/07/2018 1:13:58 PM	3613605238	1013.00	26.22	29.03	101.8	26.47	29.03	99.3	26.24	29.03	101.6	26.22	29.03	101.8
5/07/2018 1:13:59 PM	3613605239	1013.00	26.15	29.03	102.5	26.51	29.03	99.0	26.25	29.03	101.5	26.27	29.03	101.3
5/07/2018 1:14:00 PM	3613605240	1013.00	26.19	29.03	102.1	26.45	29.03	99.5	26.21	29.03	101.9	26.23	29.03	101.7
5/07/2018 1:14:01 PM	3613605241	1013.00	26.19	29.03	102.1	26.47	29.03	99.3	26.25	29.03	101.5	26.26	29.03	101.4
5/07/2018 1:14:02 PM	3613605242	1013.00	26.18	29.03	102.2	26.51	29.03	99.0	26.20	29.03	102.0	26.27	29.03	101.3
5/07/2018 1:14:03 PM	3613605243	1013.00	26.22	29.03	101.8	26.48	29.03	99.2	26.23	29.03	101.7	26.25	29.03	101.5
5/07/2018 1:14:04 PM	3613605244	1013.00	26.21	29.03	101.9	26.50	29.03	99.1	26.23	29.03	101.7	26.27	29.03	101.3
5/07/2018 1:14:05 PM	3613605245	1013.00	26.22	29.03	101.8	26.45	29.03	99.5	26.24	29.03	101.6	26.24	29.03	101.6
5/07/2018 1:14:06 PM	3613605246	1013.00	26.21	29.03	101.9	26.52	29.03	98.9	26.24	29.03	101.6	26.26	29.03	101.4
5/07/2018 1:14:07 PM	3613605247	1013.00	26.21	29.03	101.9	26.49	29.03	99.1	26.25	29.03	101.5	26.25	29.03	101.5
5/07/2018 1:14:08 PM	3613605248	1013.00	26.22	29.04	101.7	26.49	29.04	99.1	26.29	29.04	101.1	26.25	29.04	101.5
5/07/2018 1:14:09 PM	3613605249	1013.00	26.22	29.03	101.8	26.51	29.03	99.0	26.26	29.03	101.4	26.29	29.03	101.1
5/07/2018 1:14:10 PM	3613605250	1013.00	26.22	29.03	101.8	26.52	29.03	98.9	26.24	29.03	101.6	26.27	29.03	101.3
5/07/2018 1:14:11 PM	3613605251	1013.00	26.25	29.03	101.5	26.48	29.03	99.2	26.26	29.03	101.4	26.25	29.03	101.5
5/07/2018 1:14:12 PM	3613605252	1013.00	26.26	29.03	101.4	26.52	29.03	98.9	26.28	29.03	101.2	26.28	29.03	101.2
5/07/2018 1:14:13 PM	3613605253	1013.00	26.22	29.03	101.8	26.49	29.03	99.1	26.24	29.03	101.6	26.26	29.03	101.4
5/07/2018 1:14:14 PM	3613605254	1013.00	26.22	29.03	101.8	26.54	29.03	98.7	26.29	29.03	101.1	26.26	29.03	101.4
5/07/2018 1:14:15 PM	3613605255	1013.00	26.22	29.03	101.8	26.56	29.03	98.5	26.27	29.03	101.3	26.28	29.03	101.2
5/07/2018 1:14:16 PM	3613605256	1013.00	26.26	29.03	101.4	26.50	29.03	99.1	26.27	29.03	101.3	26.28	29.03	101.2
5/07/2018 1:14:17 PM	3613605257	1013.00	26.25	29.03	101.5	26.57	29.03	98.4	26.27	29.03	101.3	26.30	29.03	101.0
5/07/2018 1:14:18 PM	3613605258	1013.00	26.27	29.03	101.3	26.50	29.03	99.1	26.27	29.03	101.3	26.28	29.03	101.2
5/07/2018 1:14:19 PM	3613605259	1013.00	26.23	29.03	101.7	26.49	29.03	99.1	26.29	29.03	101.1	26.27	29.03	101.3
5/07/2018 1:14:20 PM	3613605260	1013.00	26.27	29.03	101.3	26.56	29.03	98.5	26.26	29.03	101.4	26.27	29.03	101.3
5/07/2018 1:14:21 PM	3613605261	1013.00	26.26	29.03	101.4	26.56	29.03	98.5	26.29	29.03	101.1	26.29	29.03	101.1
5/07/2018 1:14:22 PM	3613605262	1013.00	26.21	29.03	101.9	26.55	29.03	98.6	26.29	29.03	101.1	26.29	29.03	101.1
5/07/2018 1:14:23 PM	3613605263	1013.00	26.24	29.03	101.6	26.53	29.03	98.8	26.28	29.03	101.2	26.29	29.03	101.1
5/07/2018 1:14:24 PM	3613605264	1013.00	26.32	29.03	100.8	26.53	29.03	98.8	26.28	29.03	101.2	26.28	29.03	101.2
5/07/2018 1:14:25 PM	3613605265	1013.00	26.23	29.03	101.7	26.60	29.03	98.1	26.27	29.03	101.3	26.31	29.03	100.9
5/07/2018 1:14:26 PM	3613605266	1013.00	26.28	29.03	101.2	26.57	29.03	98.4	26.28	29.03	101.2	26.30	29.03	101.0
5/07/2018 1:14:27 PM	3613605267	1013.00	26.22	29.03	101.8	26.54	29.03	98.7	26.27	29.03	101.3	26.29	29.03	101.1
5/07/2018 1:14:28 PM	3613605268	1013.00	26.23	29.03	101.7	26.61	29.03	98.0	26.29	29.03	101.1	26.31	29.03	100.9
5/07/2018 1:14:29 PM	3613605269	1013.00	26.27	29.03	101.3	26.60	29.03	98.1	26.28	29.03	101.2	26.31	29.03	100.9
5/07/2018 1:14:30 PM	3613605270	1013.00	26.24	29.04	101.6	26.55	29.04	98.6	26.30	29.04	101.0	26.33	29.04	100.7
5/07/2018 1:14:31 PM	3613605271	1013.00	26.29	29.03	101.1	26.62	29.03	97.9	26.32	29.03	100.8	26.31	29.03	100.9
5/07/2018 1:14:32 PM	3613605272	1013.00	26.24	29.04	101.6	26.55	29.04	98.6	26.30	29.04	101.0	26.28	29.04	101.2
5/07/2018 1:14:33 PM	3613605273	1013.00	26.23	29.04	101.7	26.57	29.04	98.4	26.30	29.04	101.0	26.35	29.04	100.5
5/07/2018 1:14:34 PM	3613605274	1013.00	26.22	29.04	101.7	26.57	29.04	98.4	26.34	29.04	100.6	26.32	29.04	100.8
5/07/2018 1:14:35 PM	3613605275	1013.00	26.27	29.04	101.3	26.57	29.04	98.4	26.32	29.04	100.8	26.34	29.04	100.6
5/07/2018 1:14:36 PM	3613605276	1013.00	26.28	29.04	101.2	26.60	29.04	98.1	26.34	29.04	100.6	26.34	29.04	100.6
5/07/2018 1:14:37 PM	3613605277	1013.00	26.25	29.03	101.5	26.62	29.03	97.9	26.30	29.03	101.0	26.35	29.03	100.5
5/07/2018 1:14:38 PM	3613605278	1013.00	26.25	29.03	101.5	26.60	29.03	98.1	26.33	29.03	100.7	26.32	29.03	100.8
5/07/2018 1:14:39 PM	3613605279	1013.00	26.26	29.03	101.4	26.61	29.03	98.0	26.30	29.03	101.0	26.34	29.03	100.6
5/07/2018 1:14:40 PM	3613605280	1013.00	26.27	29.03	101.3	26.60	29.03	98.1	26.33	29.03	100.7	26.38	29.03	100.2
5/07/2018 1:14:41 PM	3613605281	1013.00	26.27	29.03	101.3	26.62	29.03	97.9	26.31	29.03	100.9	26.29	29.03	101.1
5/07/2018 1:14:42 PM	3613605282	1013.00	26.26	29.03	101.4	26.61	29.03	98.0	26.33	29.03	100.7	26.36	29.03	100.4
5/07/2018 1:14:43 PM	3613605283	1013.00	26.26	29.03	101.4	26.61	29.03	98.0	26.31	29.03	100.9	26.34	29.03	100.6
5/07/2018 1:14:44 PM	3613605284	1013.00	26.28	29.04	101.2	26.63	29.04	97.8	26.33	29.04	100.7	26.33	29.04	100.7
5/07/2018 1:14:45 PM	3613605285	1013.00	26.29	29.04	101.1	26.68	29.04	97.3	26.34	29.04	100.6	26.35	29.04	100.5
5/07/2018 1:14:46 PM	3613605286	1013.00	26.32	29.03	100.8	26.60	29.03	98.1	26.32	29.03	100.8	26.35	29.03	100.5
5/07/2018 1:14:47 PM	3613605287	1013.00	26.27	29.03	101.3	26.61	29.03	98.0	26.34	29.03	100.6	26.34	29.03	100.6
5/07/2018 1:14:48 PM	3613605288	1013.00	26.25	29.03	101.5	26.63	29.03	97.8	26.36	29.03	100.4	26.35	29.03	100.5
5/07/2018 1:14:49 PM	3613605289	1013.00	26.31	29.03	100.9	26.73	29.03	96.9	26.35	29.03	100.5	26.35	29.03	100.5
5/07/2018 1:14:50 PM	3613605290	1013.00	26.28	29.03	101.2	26.68	29.03	97.4	26.35	29.03	100.5	26.36	29.03	100.4
5/07/2018 1:14:51 PM	3613605291	1013.00	26.31	29.03	100.9	26.77	29.03	96.5	26.34	29.03	100.6	26.35	29.03	100.5
5/07/2018 1:14:52 PM	3613605292	1013.00	26.31	29.03	100.9	26.69	29.03	97.3	26.39	29.03	100.1	26.36	29.03	100.4
5/07/2018 1:14:53 PM	3613605293	1013.00	26.30	29.03	101.0	26.71	29.03	97.1	26.34	29.03	100.6	26.33	29.03	100.7
5/07/2018 1:14:54 PM	3613605294	1013.00	26.28	29.03	101.2	26.76	29.03	96.6	26.34	29.03	100.6	26.38	29.03	100.2
5/07/2018 1:14:55 PM	3613605295	1013.00	26.27	29.04	101.3	26.76	29.04	96.6	26.36	29.04	100.4	26.36	29.04	100.4
5/07/2018 1:14:56 PM	3613605296	1013.00	26.28	29.04	101.2	26.70	29.04	97.2	26.34	29.04	100.6	26.39	29.04	100.1
5/07/2018 1:14:57 PM	3613605297	1013.00	26.30	29.04	101.0	26.79	29.04	96.3	26.38	29.04	100.2	26.34	29.04	100.6
5/07/2018 1:14:58 PM	3613605298	1013.00	26.26	29.04	101.4	26.74	29.04	96.8	26.37	29.04	100.3	26.36	29.04	100.4
5/07/2018 1:14:59 PM	3613605299	1013.00	26.34	29.03	100.6	26.75	29.03	96.7	26.36	29.03	100.4	26.35	29.03	100.5
5/07/2018 1:15:00 PM	3613605300	1013.00	26.31	29.03	100.9	26.77	29.03	96.5	26.36	29.03	100.4	26.39	29.03	100.1
5/07/2018 1:15:01 PM	3613605301	1013.00	26.32	29.03	100.8	26.73	29.03	96.9	26.40	29.03	100.0	26.39	29.03	100.1
5/07/2018 1:15:02 PM	3613605302	1013.00	26.30	29.03	101.0	26.75	29.03	96.7	26.38	29.03	100.2	26.38	29.03	100.2
5/07/2018 1:15:03 PM	3613605303	1013.00	26.38	29.04	100.2	26.80	29.04	96.2	26.38	29.04	100.2	26.36	29.04	100.4
5/07/2018 1:15:04 PM	3613605304	1013.00	26.27	29.04	101.3	26.79	29.04	96.3	26.39	29.04	100.1	26.40	29.04	100.0
5/07/2018 1:15:05 PM	3613605305	1013.00	26.30	29.04	101.0	26.80	29.04	96.2	26.41	29.04	99.9	26.37	29.04	100.3
5/07/2018 1:15:06 PM	3613605306	1013.00	26.33	29.04	100.7	26.79	29.04	96.3	26.40	29.04	100.0	26.40	29.04	100.0
5/07/2018 1:15:07 PM	3613605307	1013.00	26.36	29.04	100.4	26.78	29.04	96.4	26.36	29.04	100.4	26.39	29.04	100.1
5/07/2018 1:15:08 PM	3613605308	1013.00	26.34	29.04	100.6	26.76	29.04	96.6	26.38	29.04	100.2	26.39	29.04	100.1
5/07/2018 1:15:09 PM	3613605309	1013.00	26.37	29.04	100.3	26.83	29.04	96.0	26.40	29.04	100.0	26.41	29.04	99.9
5/07/2018 1:15:10 PM	3613605310	1013.00	26.32	29.04	100.8	26.80	29.04	96.2	26.40	29.04	100.0	26.39	29.04	100.1
5/07/2018 1:15:11 PM	3613605311	1013.00	26.38	29.04	100.2	26.82	29.04	96.0	26.39	29.04	100.1	26.40	29.04	100.0
5/07/2018 1:15:12 PM	3613605312	1013.00	26.36	29.04	100.4	26.82	29.04	96.0	26.41	29.04	99.9	26.41	29.04	99.9
5/07/2018 1:15:13 PM	3613605313	1013.00	26.35	29.03	100.5	26.82	29.03	96.1	26.41	29.03	99.9	26.40	29.03	100.0
5/07/2018 1:15:14 PM	3613605314	1013.00	26.34	29.03	100.6	26.89	29.03	95.4	26.40	29.03	100.0	26.43	29.03	99.7
5/07/2018 1:15:15 PM	3613605315	1013.00	26.38	29.03	100.2	26.85	29.03	95.8	26.44	29.03	99.6	26.42	29.03	99.8
5/07/2018 1:15:16 PM	3613605316	1013.00	26.32	29.03	100.8	26.89	29.03	95.4	26.42	29.03	99.8	26.46	29.03	99.4
5/07/2018 1:15:17 PM	3613605317	1013.00	26.35	29.03	100.5	26.89	29.03	95.4	26.46	29.03	99.4	26.44	29.03	99.6
5/07/2018 1:15:18 PM	3613605318	1013.00	26.33	29.03	100.7	26.90	29.03	95.3	26.44	29.03	99.6	26.45	29.03	99.5
5/07/2018 1:15:19 PM	3613605319	1013.00	26.33	29.03	100.7	26.89	29.03	95.4	26.40	29.03	100.0	26.42	29.03	99.8
5/07/2018 1:15:20 PM	3613605320	1013.00	26.34	29.03	100.6	26.92	29.03	95.1	26.44	29.03	99.6	26.46	29.03	99.4
5/07/2018 1:15:21 PM	3613605321	1013.00	26.36	29.03	100.4	26.89	29.03	95.4	26.45	29.03	99.5	26.42	29.03	99.8
5/07/2018 1:15:22 PM	3613605322	1013.00	26.41	29.03	99.9	26.94	29.03	95.0	26.45	29.03	99.5	26.46	29.03	99.4
5/07/2018 1:15:23 PM	3613605323	1013.00	26.36	29.03	100.4	26.94	29.03	95.0	26.46	29.03	99.4	26.46	29.03	99.4
5/07/2018 1:15:24 PM	3613605324	1013.00	26.34	29.03	100.6	26.99	29.03	94.5	26.43	29.03	99.7	26.48	29.03	99.2
5/07/2018 1:15:25 PM	3613605325	1013.00	26.38	29.03	100.2	26.96	29.03	94.8	26.46	29.03	99.4	26.47	29.03	99.3
5/07/2018 1:15:26 PM	3613605326	1013.00	26.37	29.03	100.3	26.97	29.03	94.7	26.47	29.03	99.3	26.45	29.03	99.5
5/07/2018 1:15:27 PM	3613605327	1013.00	26.39	29.03	100.1	26.96	29.03	94.8	26.44	29.03	99.6	26.48	29.03	99.2
5/07/2018 1:15:28 PM	3613605328	1013.00	26.40	29.03	100.0	27.00	29.03	94.4	26.45	29.03	99.5	26.48	29.03	99.2
5/07/2018 1:15:29 PM	3613605329	1013.00	26.40	29.03	100.0	26.99	29.03	94.5	26.48	29.03	99.2	26.49	29.03	99.1
5/07/2018 1:15:30 PM	3613605330	1013.00	26.37	29.03	100.3	27.04	29.03	94.1	26.49	29.03	99.1	26.44	29.03	99.6
5/07/2018 1:15:31 PM	3613605331	1013.00	26.38	29.03	100.2	26.98	29.03	94.6	26.45	29.03	99.5	26.48	29.03	99.2
5/07/2018 1:15:32 PM	3613605332	1013.00	26.41	29.03	99.9	27.04	29.03	94.1	26.48	29.03	99.2	26.50	29.03	99.1
5/07/2018 1:15:33 PM	3613605333	1013.00	26.39	29.03	100.1	27.02	29.03	94.2	26.47	29.03	99.3	26.49	29.03	99.1
5/07/2018 1:15:34 PM	3613605334	1013.00	26.45	29.04	99.5	27.02	29.04	94.2	26.49	29.04	99.1	26.49	29.04	99.1
5/07/2018 1:15:35 PM	3613605335	1013.00	26.44	29.03	99.6	27.04	29.03	94.1	26.47	29.03	99.3	26.50	29.03	99.1
5/07/2018 1:15:36 PM	3613605336	1013.00	26.42	29.04	99.8	27.04	29.04	94.1	26.48	29.04	99.2	26.51	29.04	98.9
5/07/2018 1:15:37 PM	3613605337	1013.00	26.42	29.04	99.8	27.02	29.04	94.2	26.46	29.04	99.4	26.49	29.04	99.1
5/07/2018 1:15:38 PM	3613605338	1013.00	26.40	29.04	100.0	27.03	29.04	94.1	26.48	29.04	99.2	26.51	29.04	98.9
5/07/2018 1:15:39 PM	3613605339	1013.00	26.41	29.04	99.9	27.01	29.04	94.3	26.47	29.04	99.3	26.53	29.04	98.8
5/07/2018 1:15:40 PM	3613605340	1013.00	26.44	29.05	99.6	27.04	29.05	94.0	26.51	29.05	98.9	26.54	29.05	98.6
5/07/2018 1:15:41 PM	3613605341	1013.00	26.40	29.04	100.0	27.04	29.04	94.1	26.48	29.04	99.2	26.56	29.04	98.5
5/07/2018 1:15:42 PM	3613605342	1013.00	26.42	29.04	99.8	27.01	29.04	94.3	26.49	29.04	99.1	26.54	29.04	98.7
5/07/2018 1:15:43 PM	3613605343	1013.00	26.43	29.04	99.7	27.06	29.04	93.9	26.50	29.04	99.0	26.54	29.04	98.7
5/07/2018 1:15:44 PM	3613605344	1013.00	26.41	29.04	99.9	27.04	29.04	94.1	26.48	29.04	99.2	26.52	29.04	98.8
5/07/2018 1:15:45 PM	3613605345	1013.00	26.44	29.04	99.6	27.08	29.04	93.7	26.49	29.04	99.1	26.53	29.04	98.8
5/07/2018 1:15:46 PM	3613605346	1013.00	26.43	29.04	99.7	27.09	29.04	93.6	26.49	29.04	99.1	26.54	29.04	98.7
5/07/2018 1:15:47 PM	3613605347	1013.00	26.44	29.04	99.6	27.04	29.04	94.1	26.50	29.04	99.0	26.57	29.04	98.4
5/07/2018 1:15:48 PM	3613605348	1013.00	26.46	29.04	99.4	27.12	29.04	93.3	26.53	29.04	98.8	26.56	29.04	98.5
5/07/2018 1:15:49 PM	3613605349	1013.00	26.44	29.04	99.6	27.10	29.04	93.5	26.52	29.04	98.8	26.54	29.04	98.7
5/07/2018 1:15:50 PM	3613605350	1013.00	26.44	29.04	99.6	27.12	29.04	93.3	26.54	29.04	98.7	26.50	29.04	99.0
5/07/2018 1:15:51 PM	3613605351	1013.00	26.42	29.04	99.8	27.13	29.04	93.3	26.51	29.04	98.9	26.55	29.04	98.6
5/07/2018 1:15:52 PM	3613605352	1013.00	26.41	29.04	99.9	27.09	29.04	93.6	26.53	29.04	98.8	26.57	29.04	98.4
5/07/2018 1:15:53 PM	3613605353	1013.00	26.44	29.04	99.6	27.12	29.04	93.3	26.55	29.04	98.6	26.59	29.04	98.2
5/07/2018 1:15:54 PM	3613605354	1013.00	26.43	29.03	99.7	27.12	29.03	93.4	26.55	29.03	98.6	26.60	29.03	98.1
5/07/2018 1:15:55 PM	3613605355	1013.00	26.51	29.03	99.0	27.19	29.03	92.7	26.57	29.03	98.4	26.56	29.03	98.5
5/07/2018 1:15:56 PM	3613605356	1013.00	26.48	29.03	99.2	27.13	29.03	93.3	26.55	29.03	98.6	26.56	29.03	98.5
5/07/2018 1:15:57 PM	3613605357	1013.00	26.47	29.03	99.3	27.15	29.03	93.1	26.56	29.03	98.5	26.57	29.03	98.4
5/07/2018 1:15:58 PM	3613605358	1013.00	26.44	29.03	99.6	27.22	29.03	92.5	26.55	29.03	98.6	26.58	29.03	98.3
5/07/2018 1:15:59 PM	3613605359	1013.00	26.50	29.03	99.1	27.22	29.03	92.5	26.55	29.03	98.6	26.60	29.03	98.1
5/07/2018 1:16:00 PM	3613605360	1013.00	26.44	29.03	99.6	27.19	29.03	92.7	26.58	29.03	98.3	26.59	29.03	98.2
5/07/2018 1:16:01 PM	3613605361	1013.00	26.54	29.04	98.7	27.24	29.04	92.3	26.58	29.04	98.3	26.60	29.04	98.1
5/07/2018 1:16:02 PM	3613605362	1013.00	26.49	29.04	99.1	27.22	29.04	92.5	26.59	29.04	98.2	26.59	29.04	98.2
5/07/2018 1:16:03 PM	3613605363	1013.00	26.46	29.04	99.4	27.20	29.04	92.6	26.56	29.04	98.5	26.61	29.04	98.0
5/07/2018 1:16:04 PM	3613605364	1013.00	26.44	29.04	99.6	27.28	29.04	91.9	26.61	29.04	98.0	26.64	29.04	97.7
5/07/2018 1:16:05 PM	3613605365	1013.00	26.47	29.04	99.3	27.24	29.04	92.3	26.60	29.04	98.1	26.60	29.04	98.1
5/07/2018 1:16:06 PM	3613605366	1013.00	26.50	29.04	99.0	27.23	29.04	92.4	26.57	29.04	98.4	26.59	29.04	98.2
5/07/2018 1:16:07 PM	3613605367	1013.00	26.52	29.04	98.8	27.27	29.04	92.0	26.58	29.04	98.3	26.61	29.04	98.0
5/07/2018 1:16:08 PM	3613605368	1013.00	26.49	29.04	99.1	27.28	29.04	91.9	26.58	29.04	98.3	26.58	29.04	98.3
5/07/2018 1:16:09 PM	3613605369	1013.00	26.48	29.04	99.2	27.31	29.04	91.7	26.60	29.04	98.1	26.61	29.04	98.0
5/07/2018 1:16:10 PM	3613605370	1013.00	26.50	29.03	99.1	27.25	29.03	92.2	26.59	29.03	98.2	26.60	29.03	98.1
5/07/2018 1:16:11 PM	3613605371	1013.00	26.51	29.03	99.0	27.25	29.03	92.2	26.60	29.03	98.1	26.61	29.03	98.0
5/07/2018 1:16:12 PM	3613605372	1013.00	26.53	29.03	98.8	27.31	29.03	91.7	26.63	29.03	97.8	26.63	29.03	97.8
5/07/2018 1:16:13 PM	3613605373	1013.00	26.51	29.03	99.0	27.29	29.03	91.9	26.60	29.03	98.1	26.60	29.03	98.1
5/07/2018 1:16:14 PM	3613605374	1013.00	26.51	29.03	99.0	27.27	29.03	92.0	26.60	29.03	98.1	26.64	29.03	97.7
5/07/2018 1:16:15 PM	3613605375	1013.00	26.49	29.04	99.1	27.30	29.04	91.8	26.66	29.04	97.5	26.67	29.04	97.4
5/07/2018 1:16:16 PM	3613605376	1013.00	26.49	29.04	99.1	27.36	29.04	91.2	26.59	29.04	98.2	26.65	29.04	97.6
5/07/2018 1:16:17 PM	3613605377	1013.00	26.49	29.04	99.1	27.31	29.04	91.7	26.67	29.04	97.4	26.65	29.04	97.6
5/07/2018 1:16:18 PM	3613605378	1013.00	26.50	29.04	99.0	27.36	29.04	91.2	26.66	29.04	97.5	26.65	29.04	97.6
5/07/2018 1:16:19 PM	3613605379	1013.00	26.50	29.03	99.1	27.36	29.03	91.3	26.65	29.03	97.6	26.65	29.03	97.6
5/07/2018 1:16:20 PM	3613605380	1013.00	26.54	29.03	98.7	27.42	29.03	90.7	26.64	29.03	97.7	26.65	29.03	97.6
5/07/2018 1:16:21 PM	3613605381	1013.00	26.53	29.03	98.8	27.39	29.03	91.0	26.65	29.03	97.6	26.64	29.03	97.7
5/07/2018 1:16:22 PM	3613605382	1013.00	26.53	29.03	98.8	27.38	29.03	91.1	26.67	29.03	97.4	26.64	29.03	97.7
5/07/2018 1:16:23 PM	3613605383	1013.00	26.54	29.03	98.7	27.39	29.03	91.0	26.67	29.03	97.4	26.67	29.03	97.4
5/07/2018 1:16:24 PM	3613605384	1013.00	26.55	29.03	98.6	27.43	29.03	90.7	26.66	29.03	97.5	26.68	29.03	97.4
5/07/2018 1:16:25 PM	3613605385	1013.00	26.57	29.04	98.4	27.47	29.04	90.3	26.67	29.04	97.4	26.66	29.04	97.5
5/07/2018 1:16:26 PM	3613605386	1013.00	26.60	29.04	98.1	27.49	29.04	90.1	26.64	29.04	97.7	26.69	29.04	97.2
5/07/2018 1:16:27 PM	3613605387	1013.00	26.58	29.04	98.3	27.41	29.04	90.8	26.66	29.04	97.5	26.66	29.04	97.5
5/07/2018 1:16:28 PM	3613605388	1013.00	26.56	29.04	98.5	27.45	29.04	90.5	26.69	29.04	97.2	26.65	29.04	97.6
5/07/2018 1:16:29 PM	3613605389	1013.00	26.60	29.04	98.1	27.43	29.04	90.6	26.70	29.04	97.2	26.67	29.04	97.4
5/07/2018 1:16:30 PM	3613605390	1013.00	26.57	29.03	98.4	27.46	29.03	90.4	26.68	29.03	97.4	26.66	29.03	97.5
5/07/2018 1:16:31 PM	3613605391	1013.00	26.58	29.04	98.3	27.49	29.04	90.1	26.70	29.04	97.2	26.67	29.04	97.4
5/07/2018 1:16:32 PM	3613605392	1013.00	26.58	29.04	98.3	27.48	29.04	90.2	26.69	29.04	97.2	26.68	29.04	97.3
5/07/2018 1:16:33 PM	3613605393	1013.00	26.62	29.03	97.9	27.51	29.03	90.0	26.72	29.03	97.0	26.69	29.03	97.3
5/07/2018 1:16:34 PM	3613605394	1013.00	26.58	29.04	98.3	27.52	29.04	89.9	26.70	29.04	97.2	26.69	29.04	97.2
5/07/2018 1:16:35 PM	3613605395	1013.00	26.60	29.04	98.1	27.42	29.04	90.7	26.73	29.04	96.9	26.68	29.04	97.3
5/07/2018 1:16:36 PM	3613605396	1013.00	26.60	29.04	98.1	27.53	29.04	89.8	26.72	29.04	97.0	26.72	29.04	97.0
5/07/2018 1:16:37 PM	3613605397	1013.00	26.59	29.03	98.2	27.53	29.03	89.8	26.71	29.03	97.1	26.70	29.03	97.2
5/07/2018 1:16:38 PM	3613605398	1013.00	26.60	29.03	98.1	27.52	29.03	89.9	26.72	29.03	97.0	26.70	29.03	97.2
5/07/2018 1:16:39 PM	3613605399	1013.00	26.63	29.03	97.8	27.50	29.03	90.1	26.73	29.03	96.9	26.69	29.03	97.3
5/07/2018 1:16:40 PM	3613605400	1013.00	26.62	29.03	97.9	27.46	29.03	90.4	26.72	29.03	97.0	26.70	29.03	97.2
5/07/2018 1:16:41 PM	3613605401	1013.00	26.67	29.03	97.4	27.48	29.03	90.2	26.73	29.03	96.9	26.72	29.03	97.0
5/07/2018 1:16:42 PM	3613605402	1013.00	26.66	29.03	97.5	27.49	29.03	90.2	26.72	29.03	97.0	26.73	29.03	96.9
5/07/2018 1:16:43 PM	3613605403	1013.00	26.63	29.03	97.8	27.51	29.03	90.0	26.74	29.03	96.8	26.74	29.03	96.8
5/07/2018 1:16:44 PM	3613605404	1013.00	26.62	29.04	97.9	27.52	29.04	89.9	26.75	29.04	96.7	26.76	29.04	96.6
5/07/2018 1:16:45 PM	3613605405	1013.00	26.67	29.04	97.4	27.51	29.04	90.0	26.75	29.04	96.7	26.71	29.04	97.1
5/07/2018 1:16:46 PM	3613605406	1013.00	26.63	29.04	97.8	27.56	29.04	89.5	26.74	29.04	96.8	26.73	29.04	96.9
5/07/2018 1:16:47 PM	3613605407	1013.00	26.67	29.04	97.4	27.53	29.04	89.8	26.77	29.04	96.5	26.75	29.04	96.7
5/07/2018 1:16:48 PM	3613605408	1013.00	26.66	29.04	97.5	27.52	29.04	89.9	26.73	29.04	96.9	26.77	29.04	96.5
5/07/2018 1:16:49 PM	3613605409	1013.00	26.66	29.04	97.5	27.49	29.04	90.1	26.76	29.04	96.6	26.76	29.04	96.6
5/07/2018 1:16:50 PM	3613605410	1013.00	26.66	29.04	97.5	27.53	29.04	89.8	26.76	29.04	96.6	26.76	29.04	96.6
5/07/2018 1:16:51 PM	3613605411	1013.00	26.66	29.04	97.5	27.51	29.04	90.0	26.75	29.04	96.7	26.78	29.04	96.4
5/07/2018 1:16:52 PM	3613605412	1013.00	26.64	29.03	97.7	27.53	29.03	89.8	26.75	29.03	96.7	26.76	29.03	96.6
5/07/2018 1:16:53 PM	3613605413	1013.00	26.70	29.03	97.2	27.52	29.03	89.9	26.75	29.03	96.7	26.76	29.03	96.6
5/07/2018 1:16:54 PM	3613605414	1013.00	26.67	29.03	97.4	27.53	29.03	89.8	26.78	29.03	96.4	26.77	29.03	96.5
5/07/2018 1:16:55 PM	3613605415	1013.00	26.66	29.03	97.5	27.56	29.03	89.6	26.76	29.03	96.6	26.74	29.03	96.8
5/07/2018 1:16:56 PM	3613605416	1013.00	26.69	29.03	97.3	27.58	29.03	89.4	26.75	29.03	96.7	26.77	29.03	96.5
5/07/2018 1:16:57 PM	3613605417	1013.00	26.62	29.03	97.9	27.52	29.03	89.9	26.75	29.03	96.7	26.77	29.03	96.5
5/07/2018 1:16:58 PM	3613605418	1013.00	26.68	29.03	97.4	27.58	29.03	89.4	26.75	29.03	96.7	26.77	29.03	96.5
5/07/2018 1:16:59 PM	3613605419	1013.00	26.68	29.03	97.4	27.57	29.03	89.5	26.75	29.03	96.7	26.83	29.03	96.0
5/07/2018 1:17:00 PM	3613605420	1013.00	26.71	29.03	97.1	27.58	29.03	89.4	26.78	29.03	96.4	26.80	29.03	96.2
5/07/2018 1:17:01 PM	3613605421	1013.00	26.63	29.03	97.8	27.57	29.03	89.5	26.81	29.03	96.2	26.80	29.03	96.2
5/07/2018 1:17:02 PM	3613605422	1013.00	26.68	29.03	97.4	27.56	29.03	89.6	26.78	29.03	96.4	26.81	29.03	96.2
5/07/2018 1:17:03 PM	3613605423	1013.00	26.71	29.03	97.1	27.58	29.03	89.4	26.77	29.03	96.5	26.80	29.03	96.2
5/07/2018 1:17:04 PM	3613605424	1013.00	26.68	29.03	97.4	27.53	29.03	89.8	26.80	29.03	96.2	26.82	29.03	96.1
5/07/2018 1:17:05 PM	3613605425	1013.00	26.71	29.04	97.1	27.56	29.04	89.5	26.80	29.04	96.2	26.81	29.04	96.1
5/07/2018 1:17:06 PM	3613605426	1013.00	26.67	29.03	97.4	27.54	29.03	89.7	26.78	29.03	96.4	26.84	29.03	95.9
5/07/2018 1:17:07 PM	3613605427	1013.00	26.65	29.02	97.7	27.60	29.02	89.2	26.80	29.02	96.3	26.84	29.02	95.9
5/07/2018 1:17:08 PM	3613605428	1013.00	26.75	29.03	96.7	27.59	29.03	89.3	26.79	29.03	96.3	26.79	29.03	96.3
5/07/2018 1:17:09 PM	3613605429	1013.00	26.70	29.03	97.2	27.56	29.03	89.6	26.84	29.03	95.9	26.85	29.03	95.8
5/07/2018 1:17:10 PM	3613605430	1013.00	26.74	29.03	96.8	27.63	29.03	89.0	26.81	29.03	96.2	26.84	29.03	95.9
5/07/2018 1:17:11 PM	3613605431	1013.00	26.71	29.03	97.1	27.58	29.03	89.4	26.83	29.03	96.0	26.86	29.03	95.7
5/07/2018 1:17:12 PM	3613605432	1013.00	26.74	29.03	96.8	27.62	29.03	89.1	26.83	29.03	96.0	26.83	29.03	96.0
5/07/2018 1:17:13 PM	3613605433	1013.00	26.72	29.03	97.0	27.66	29.03	88.7	26.82	29.03	96.1	26.85	29.03	95.8
5/07/2018 1:17:14 PM	3613605434	1013.00	26.72	29.03	97.0	27.63	29.03	89.0	26.82	29.03	96.1	26.87	29.03	95.6
5/07/2018 1:17:15 PM	3613605435	1013.00	26.68	29.03	97.4	27.70	29.03	88.4	26.85	29.03	95.8	26.85	29.03	95.8
5/07/2018 1:17:16 PM	3613605436	1013.00	26.74	29.03	96.8	27.66	29.03	88.7	26.84	29.03	95.9	26.86	29.03	95.7
5/07/2018 1:17:17 PM	3613605437	1013.00	26.69	29.02	97.3	27.66	29.02	88.7	26.82	29.02	96.1	26.84	29.02	95.9
5/07/2018 1:17:18 PM	3613605438	1013.00	26.71	29.03	97.1	27.67	29.03	88.6	26.83	29.03	96.0	26.87	29.03	95.6
5/07/2018 1:17:19 PM	3613605439	1013.00	26.74	29.03	96.8	27.70	29.03	88.4	26.84	29.03	95.9	26.89	29.03	95.4
5/07/2018 1:17:20 PM	3613605440	1013.00	26.73	29.03	96.9	27.64	29.03	88.9	26.88	29.03	95.5	26.87	29.03	95.6
5/07/2018 1:17:21 PM	3613605441	1013.00	26.77	29.03	96.5	27.72	29.03	88.2	26.89	29.03	95.4	26.89	29.03	95.4
5/07/2018 1:17:22 PM	3613605442	1013.00	26.73	29.03	96.9	27.69	29.03	88.5	26.89	29.03	95.4	26.88	29.03	95.5
5/07/2018 1:17:23 PM	3613605443	1013.00	26.76	29.03	96.6	27.74	29.03	88.1	26.88	29.03	95.5	26.91	29.03	95.2
5/07/2018 1:17:24 PM	3613605444	1013.00	26.73	29.03	96.9	27.73	29.03	88.1	26.89	29.03	95.4	26.91	29.03	95.2
5/07/2018 1:17:25 PM	3613605445	1013.00	26.82	29.02	96.1	27.69	29.02	88.5	26.87	29.02	95.6	26.92	29.02	95.2
5/07/2018 1:17:26 PM	3613605446	1013.00	26.72	29.02	97.0	27.72	29.02	88.2	26.91	29.02	95.3	26.90	29.02	95.3
5/07/2018 1:17:27 PM	3613605447	1013.00	26.73	29.02	96.9	27.69	29.02	88.5	26.94	29.02	95.0	26.91	29.02	95.3
5/07/2018 1:17:28 PM	3613605448	1013.00	26.74	29.02	96.8	27.67	29.02	88.7	26.92	29.02	95.2	26.90	29.02	95.3
5/07/2018 1:17:29 PM	3613605449	1013.00	26.72	29.03	97.0	27.73	29.03	88.1	26.90	29.03	95.3	26.91	29.03	95.2
5/07/2018 1:17:30 PM	3613605450	1013.00	26.74	29.03	96.8	27.71	29.03	88.3	26.91	29.03	95.2	26.91	29.03	95.2
5/07/2018 1:17:31 PM	3613605451	1013.00	26.75	29.02	96.7	27.67	29.02	88.7	26.91	29.02	95.3	26.91	29.02	95.3
5/07/2018 1:17:32 PM	3613605452	1013.00	26.77	29.02	96.5	27.76	29.02	87.9	26.88	29.02	95.5	26.91	29.02	95.3
5/07/2018 1:17:33 PM	3613605453	1013.00	26.77	29.03	96.5	27.76	29.03	87.9	26.90	29.03	95.3	26.94	29.03	95.0
5/07/2018 1:17:34 PM	3613605454	1013.00	26.76	29.02	96.6	27.74	29.02	88.1	26.91	29.02	95.3	26.88	29.02	95.5
5/07/2018 1:17:35 PM	3613605455	1013.00	26.77	29.03	96.5	27.75	29.03	88.0	26.94	29.03	95.0	26.91	29.03	95.2
5/07/2018 1:17:36 PM	3613605456	1013.00	26.77	29.03	96.5	27.77	29.03	87.8	26.93	29.03	95.1	26.94	29.03	95.0
5/07/2018 1:17:37 PM	3613605457	1013.00	26.76	29.03	96.6	27.75	29.03	88.0	26.93	29.03	95.1	26.97	29.03	94.7
5/07/2018 1:17:38 PM	3613605458	1013.00	26.81	29.03	96.2	27.77	29.03	87.8	26.91	29.03	95.2	26.94	29.03	95.0
5/07/2018 1:17:39 PM	3613605459	1013.00	26.77	29.03	96.5	27.75	29.03	88.0	26.95	29.03	94.9	26.96	29.03	94.8
5/07/2018 1:17:40 PM	3613605460	1013.00	26.82	29.02	96.1	27.77	29.02	87.8	26.91	29.02	95.3	26.95	29.02	94.9
5/07/2018 1:17:41 PM	3613605461	1013.00	26.79	29.03	96.3	27.76	29.03	87.9	26.93	29.03	95.1	26.97	29.03	94.7
5/07/2018 1:17:42 PM	3613605462	1013.00	26.82	29.03	96.1	27.80	29.03	87.6	26.91	29.03	95.2	26.96	29.03	94.8
5/07/2018 1:17:43 PM	3613605463	1013.00	26.84	29.02	95.9	27.75	29.02	88.0	26.94	29.02	95.0	26.95	29.02	94.9
5/07/2018 1:17:44 PM	3613605464	1013.00	26.80	29.03	96.2	27.77	29.03	87.8	26.94	29.03	95.0	26.95	29.03	94.9
5/07/2018 1:17:45 PM	3613605465	1013.00	26.81	29.03	96.2	27.75	29.03	88.0	26.97	29.03	94.7	26.95	29.03	94.9
5/07/2018 1:17:46 PM	3613605466	1013.00	26.83	29.03	96.0	27.85	29.03	87.2	26.95	29.03	94.9	26.96	29.03	94.8
5/07/2018 1:17:47 PM	3613605467	1013.00	26.80	29.03	96.2	27.83	29.03	87.3	26.95	29.03	94.9	26.96	29.03	94.8
5/07/2018 1:17:48 PM	3613605468	1013.00	26.82	29.03	96.1	27.87	29.03	87.0	26.97	29.03	94.7	26.97	29.03	94.7
5/07/2018 1:17:49 PM	3613605469	1013.00	26.83	29.03	96.0	27.87	29.03	87.0	26.97	29.03	94.7	26.99	29.03	94.5
5/07/2018 1:17:50 PM	3613605470	1013.00	26.85	29.02	95.8	27.81	29.02	87.5	26.98	29.02	94.6	27.00	29.02	94.4
5/07/2018 1:17:51 PM	3613605471	1013.00	26.84	29.01	95.9	27.85	29.01	87.2	26.98	29.01	94.6	26.95	29.01	94.9
5/07/2018 1:17:52 PM	3613605472	1013.00	26.83	29.02	96.0	27.84	29.02	87.3	26.96	29.02	94.8	26.96	29.02	94.8
5/07/2018 1:17:53 PM	3613605473	1013.00	26.87	29.01	95.6	27.91	29.01	86.7	26.97	29.01	94.7	27.00	29.01	94.5
5/07/2018 1:17:54 PM	3613605474	1013.00	26.84	29.02	95.9	27.91	29.02	86.7	26.96	29.02	94.8	26.99	29.02	94.5
5/07/2018 1:17:55 PM	3613605475	1013.00	26.85	29.02	95.8	27.89	29.02	86.9	27.00	29.02	94.4	27.02	29.02	94.3
5/07/2018 1:17:56 PM	3613605476	1013.00	26.84	29.02	95.9	27.88	29.02	86.9	27.00	29.02	94.4	26.99	29.02	94.5
5/07/2018 1:17:57 PM	3613605477	1013.00	26.88	29.02	95.5	27.88	29.02	86.9	27.00	29.02	94.4	27.00	29.02	94.4
5/07/2018 1:17:58 PM	3613605478	1013.00	26.90	29.02	95.3	27.93	29.02	86.5	26.99	29.02	94.5	27.04	29.02	94.1
5/07/2018 1:17:59 PM	3613605479	1013.00	26.86	29.02	95.7	27.88	29.02	86.9	26.99	29.02	94.5	27.01	29.02	94.4
5/07/2018 1:18:00 PM	3613605480	1013.00	26.88	29.01	95.5	27.88	29.01	86.9	27.02	29.01	94.3	27.03	29.01	94.2
5/07/2018 1:18:01 PM	3613605481	1013.00	26.88	29.02	95.5	27.90	29.02	86.8	27.04	29.02	94.1	27.07	29.02	93.8
5/07/2018 1:18:02 PM	3613605482	1013.00	26.87	29.01	95.6	27.87	29.01	87.0	27.02	29.01	94.3	27.03	29.01	94.2
5/07/2018 1:18:03 PM	3613605483	1013.00	26.91	29.02	95.3	27.94	29.02	86.4	27.02	29.02	94.3	27.04	29.02	94.1
5/07/2018 1:18:04 PM	3613605484	1013.00	26.93	29.01	95.1	27.94	29.01	86.5	27.03	29.01	94.2	27.05	29.01	94.0
5/07/2018 1:18:05 PM	3613605485	1013.00	26.96	29.02	94.8	27.89	29.02	86.9	27.04	29.02	94.1	27.06	29.02	93.9
5/07/2018 1:18:06 PM	3613605486	1013.00	26.91	29.01	95.3	27.94	29.01	86.5	27.05	29.01	94.0	27.05	29.01	94.0
5/07/2018 1:18:07 PM	3613605487	1013.00	26.93	29.01	95.1	27.91	29.01	86.7	27.04	29.01	94.1	27.05	29.01	94.0
5/07/2018 1:18:08 PM	3613605488	1013.00	26.92	29.01	95.2	27.95	29.01	86.4	27.07	29.01	93.8	27.05	29.01	94.0
5/07/2018 1:18:09 PM	3613605489	1013.00	26.96	29.01	94.8	27.96	29.01	86.3	27.05	29.01	94.0	27.08	29.01	93.7
5/07/2018 1:18:10 PM	3613605490	1013.00	26.91	29.01	95.3	27.99	29.01	86.1	27.09	29.01	93.7	27.07	29.01	93.8
5/07/2018 1:18:11 PM	3613605491	1013.00	26.97	29.02	94.7	27.99	29.02	86.0	27.11	29.02	93.5	27.08	29.02	93.7
5/07/2018 1:18:12 PM	3613605492	1013.00	26.93	29.02	95.1	27.98	29.02	86.1	27.08	29.02	93.7	27.11	29.02	93.5
5/07/2018 1:18:13 PM	3613605493	1013.00	26.95	29.02	94.9	28.03	29.02	85.7	27.07	29.02	93.8	27.08	29.02	93.7
5/07/2018 1:18:14 PM	3613605494	1013.00	26.99	29.02	94.5	28.07	29.02	85.4	27.09	29.02	93.6	27.10	29.02	93.6
5/07/2018 1:18:15 PM	3613605495	1013.00	27.02	29.02	94.3	28.08	29.02	85.3	27.08	29.02	93.7	27.08	29.02	93.7
5/07/2018 1:18:16 PM	3613605496	1013.00	27.05	29.01	94.0	28.07	29.01	85.4	27.09	29.01	93.7	27.08	29.01	93.7
5/07/2018 1:18:17 PM	3613605497	1013.00	26.97	29.02	94.7	28.02	29.02	85.8	27.13	29.02	93.3	27.09	29.02	93.6
5/07/2018 1:18:18 PM	3613605498	1013.00	26.99	29.02	94.5	28.07	29.02	85.4	27.11	29.02	93.5	27.09	29.02	93.6
5/07/2018 1:18:19 PM	3613605499	1013.00	27.01	29.01	94.4	28.05	29.01	85.6	27.12	29.01	93.4	27.10	29.01	93.6
5/07/2018 1:18:20 PM	3613605500	1013.00	27.03	29.01	94.2	28.02	29.01	85.8	27.14	29.01	93.2	27.11	29.01	93.5
5/07/2018 1:18:21 PM	3613605501	1013.00	27.03	29.01	94.2	28.07	29.01	85.4	27.12	29.01	93.4	27.12	29.01	93.4
5/07/2018 1:18:22 PM	3613605502	1013.00	27.01	29.01	94.4	28.11	29.01	85.1	27.15	29.01	93.1	27.10	29.01	93.6
5/07/2018 1:18:23 PM	3613605503	1013.00	27.03	29.01	94.2	28.11	29.01	85.1	27.15	29.01	93.1	27.10	29.01	93.6
5/07/2018 1:18:24 PM	3613605504	1013.00	27.00	29.01	94.5	28.09	29.01	85.3	27.14	29.01	93.2	27.12	29.01	93.4
5/07/2018 1:18:25 PM	3613605505	1013.00	26.99	29.01	94.5	28.11	29.01	85.1	27.16	29.01	93.0	27.10	29.01	93.6
5/07/2018 1:18:26 PM	3613605506	1013.00	27.02	29.01	94.3	28.17	29.01	84.6	27.15	29.01	93.1	27.10	29.01	93.6
5/07/2018 1:18:27 PM	3613605507	1013.00	26.97	29.00	94.7	28.11	29.00	85.1	27.17	29.00	93.0	27.13	29.00	93.3
5/07/2018 1:18:28 PM	3613605508	1013.00	27.00	29.00	94.5	28.12	29.00	85.0	27.13	29.00	93.3	27.11	29.00	93.5
5/07/2018 1:18:29 PM	3613605509	1013.00	27.02	29.00	94.3	28.15	29.00	84.8	27.16	29.00	93.1	27.14	29.00	93.2
5/07/2018 1:18:30 PM	3613605510	1013.00	27.03	29.00	94.2	28.16	29.00	84.7	27.14	29.00	93.2	27.11	29.00	93.5
5/07/2018 1:18:31 PM	3613605511	1013.00	27.07	29.00	93.8	28.14	29.00	84.9	27.15	29.00	93.1	27.15	29.00	93.1
5/07/2018 1:18:32 PM	3613605512	1013.00	27.05	29.01	94.0	28.15	29.01	84.8	27.17	29.01	92.9	27.13	29.01	93.3
5/07/2018 1:18:33 PM	3613605513	1013.00	27.07	29.00	93.8	28.19	29.00	84.5	27.19	29.00	92.8	27.15	29.00	93.1
5/07/2018 1:18:34 PM	3613605514	1013.00	27.06	29.00	93.9	28.16	29.00	84.7	27.16	29.00	93.1	27.13	29.00	93.3
5/07/2018 1:18:35 PM	3613605515	1013.00	26.99	29.01	94.5	28.17	29.01	84.6	27.21	29.01	92.6	27.16	29.01	93.0
5/07/2018 1:18:36 PM	3613605516	1013.00	27.04	29.01	94.1	28.16	29.01	84.7	27.20	29.01	92.7	27.17	29.01	92.9
5/07/2018 1:18:37 PM	3613605517	1013.00	27.06	29.00	93.9	28.19	29.00	84.5	27.18	29.00	92.9	27.15	29.00	93.1
5/07/2018 1:18:38 PM	3613605518	1013.00	27.04	29.00	94.1	28.16	29.00	84.7	27.18	29.00	92.9	27.17	29.00	93.0
5/07/2018 1:18:39 PM	3613605519	1013.00	27.09	29.00	93.7	28.16	29.00	84.7	27.22	29.00	92.5	27.18	29.00	92.9
5/07/2018 1:18:40 PM	3613605520	1013.00	27.08	29.00	93.8	28.23	29.00	84.2	27.18	29.00	92.9	27.18	29.00	92.9
5/07/2018 1:18:41 PM	3613605521	1013.00	27.07	28.99	93.9	28.21	28.99	84.4	27.20	28.99	92.7	27.18	28.99	92.9
5/07/2018 1:18:42 PM	3613605522	1013.00	27.09	28.99	93.7	28.20	28.99	84.4	27.17	28.99	93.0	27.18	28.99	92.9
5/07/2018 1:18:43 PM	3613605523	1013.00	27.12	28.99	93.4	28.18	28.99	84.6	27.19	28.99	92.8	27.18	28.99	92.9
5/07/2018 1:18:44 PM	3613605524	1013.00	27.06	28.99	94.0	28.19	28.99	84.5	27.21	28.99	92.6	27.19	28.99	92.8
5/07/2018 1:18:45 PM	3613605525	1013.00	27.10	28.99	93.6	28.19	28.99	84.5	27.21	28.99	92.6	27.19	28.99	92.8
5/07/2018 1:18:46 PM	3613605526	1013.00	27.11	29.00	93.5	28.24	29.00	84.1	27.23	29.00	92.4	27.19	29.00	92.8
5/07/2018 1:18:47 PM	3613605527	1013.00	27.12	29.00	93.4	28.25	29.00	84.0	27.25	29.00	92.3	27.16	29.00	93.1
5/07/2018 1:18:48 PM	3613605528	1013.00	27.09	29.00	93.7	28.24	29.00	84.1	27.23	29.00	92.4	27.15	29.00	93.1
5/07/2018 1:18:49 PM	3613605529	1013.00	27.11	28.99	93.5	28.25	28.99	84.0	27.25	28.99	92.3	27.21	28.99	92.6
5/07/2018 1:18:50 PM	3613605530	1013.00	27.14	28.99	93.2	28.25	28.99	84.0	27.23	28.99	92.5	27.20	28.99	92.7
5/07/2018 1:18:51 PM	3613605531	1013.00	27.11	28.99	93.5	28.23	28.99	84.2	27.25	28.99	92.3	27.19	28.99	92.8
5/07/2018 1:18:52 PM	3613605532	1013.00	27.09	28.99	93.7	28.27	28.99	83.9	27.28	28.99	92.0	27.21	28.99	92.6
5/07/2018 1:18:53 PM	3613605533	1013.00	27.09	29.00	93.7	28.25	29.00	84.0	27.24	29.00	92.3	27.20	29.00	92.7
5/07/2018 1:18:54 PM	3613605534	1013.00	27.13	29.00	93.3	28.30	29.00	83.6	27.25	29.00	92.3	27.17	29.00	93.0
5/07/2018 1:18:55 PM	3613605535	1013.00	27.13	29.00	93.3	28.25	29.00	84.0	27.26	29.00	92.2	27.23	29.00	92.4
5/07/2018 1:18:56 PM	3613605536	1013.00	27.13	28.99	93.3	28.24	28.99	84.1	27.26	28.99	92.2	27.23	28.99	92.5
5/07/2018 1:18:57 PM	3613605537	1013.00	27.16	29.00	93.1	28.24	29.00	84.1	27.26	29.00	92.2	27.23	29.00	92.4
5/07/2018 1:18:58 PM	3613605538	1013.00	27.18	28.99	92.9	28.27	28.99	83.9	27.30	28.99	91.8	27.23	28.99	92.5
5/07/2018 1:18:59 PM	3613605539	1013.00	27.18	28.99	92.9	28.29	28.99	83.7	27.30	28.99	91.8	27.23	28.99	92.5
5/07/2018 1:19:00 PM	3613605540	1013.00	27.19	28.99	92.8	28.25	28.99	84.0	27.28	28.99	92.0	27.20	28.99	92.7
5/07/2018 1:19:01 PM	3613605541	1013.00	27.15	28.99	93.2	28.27	28.99	83.9	27.29	28.99	91.9	27.23	28.99	92.5
5/07/2018 1:19:02 PM	3613605542	1013.00	27.14	28.99	93.2	28.27	28.99	83.9	27.30	28.99	91.8	27.23	28.99	92.5
5/07/2018 1:19:03 PM	3613605543	1013.00	27.15	28.99	93.2	28.26	28.99	84.0	27.30	28.99	91.8	27.26	28.99	92.2
5/07/2018 1:19:04 PM	3613605544	1013.00	27.15	28.99	93.2	28.26	28.99	84.0	27.33	28.99	91.6	27.24	28.99	92.4
5/07/2018 1:19:05 PM	3613605545	1013.00	27.18	29.00	92.9	28.33	29.00	83.4	27.34	29.00	91.5	27.24	29.00	92.3
5/07/2018 1:19:06 PM	3613605546	1013.00	27.17	29.00	93.0	28.37	29.00	83.1	27.33	29.00	91.6	27.28	29.00	92.0
5/07/2018 1:19:07 PM	3613605547	1013.00	27.22	28.99	92.5	28.37	28.99	83.1	27.34	28.99	91.5	27.29	28.99	91.9
5/07/2018 1:19:08 PM	3613605548	1013.00	27.20	28.99	92.7	28.33	28.99	83.4	27.32	28.99	91.7	27.28	28.99	92.0
5/07/2018 1:19:09 PM	3613605549	1013.00	27.16	28.99	93.1	28.37	28.99	83.1	27.35	28.99	91.4	27.29	28.99	91.9
5/07/2018 1:19:10 PM	3613605550	1013.00	27.23	28.99	92.5	28.42	28.99	82.7	27.36	28.99	91.3	27.29	28.99	91.9
5/07/2018 1:19:11 PM	3613605551	1013.00	27.18	28.98	92.9	28.45	28.98	82.5	27.32	28.98	91.7	27.28	28.98	92.0
5/07/2018 1:19:12 PM	3613605552	1013.00	27.22	28.99	92.5	28.40	28.99	82.9	27.36	28.99	91.3	27.31	28.99	91.8
5/07/2018 1:19:13 PM	3613605553	1013.00	27.19	28.98	92.8	28.41	28.98	82.8	27.36	28.98	91.3	27.29	28.98	91.9
5/07/2018 1:19:14 PM	3613605554	1013.00	27.23	28.99	92.5	28.40	28.99	82.9	27.36	28.99	91.3	27.29	28.99	91.9
5/07/2018 1:19:15 PM	3613605555	1013.00	27.23	28.98	92.5	28.42	28.98	82.7	27.35	28.98	91.4	27.31	28.98	91.8
5/07/2018 1:19:16 PM	3613605556	1013.00	27.22	28.98	92.6	28.44	28.98	82.6	27.35	28.98	91.4	27.30	28.98	91.9
5/07/2018 1:19:17 PM	3613605557	1013.00	27.21	28.99	92.6	28.43	28.99	82.7	27.33	28.99	91.6	27.32	28.99	91.7
5/07/2018 1:19:18 PM	3613605558	1013.00	27.21	28.98	92.6	28.46	28.98	82.4	27.35	28.98	91.4	27.28	28.98	92.0
5/07/2018 1:19:19 PM	3613605559	1013.00	27.19	28.98	92.8	28.51	28.98	82.1	27.36	28.98	91.3	27.33	28.98	91.6
5/07/2018 1:19:20 PM	3613605560	1013.00	27.26	28.98	92.2	28.50	28.98	82.1	27.38	28.98	91.2	27.31	28.98	91.8
5/07/2018 1:19:21 PM	3613605561	1013.00	27.27	28.98	92.1	28.50	28.98	82.1	27.35	28.98	91.4	27.35	28.98	91.4
5/07/2018 1:19:22 PM	3613605562	1013.00	27.26	28.98	92.2	28.54	28.98	81.8	27.39	28.98	91.1	27.32	28.98	91.7
5/07/2018 1:19:23 PM	3613605563	1013.00	27.28	28.98	92.0	28.52	28.98	82.0	27.38	28.98	91.2	27.36	28.98	91.3
5/07/2018 1:19:24 PM	3613605564	1013.00	27.21	28.98	92.6	28.57	28.98	81.6	27.41	28.98	90.9	27.34	28.98	91.5
5/07/2018 1:19:25 PM	3613605565	1013.00	27.28	28.98	92.0	28.51	28.98	82.1	27.36	28.98	91.3	27.33	28.98	91.6
5/07/2018 1:19:26 PM	3613605566	1013.00	27.23	28.98	92.5	28.58	28.98	81.5	27.36	28.98	91.3	27.37	28.98	91.3
5/07/2018 1:19:27 PM	3613605567	1013.00	27.30	28.99	91.8	28.53	28.99	81.9	27.36	28.99	91.3	27.35	28.99	91.4
5/07/2018 1:19:28 PM	3613605568	1013.00	27.27	28.98	92.1	28.53	28.98	81.9	27.37	28.98	91.3	27.39	28.98	91.1
5/07/2018 1:19:29 PM	3613605569	1013.00	27.30	28.99	91.8	28.55	28.99	81.7	27.41	28.99	90.9	27.37	28.99	91.2
5/07/2018 1:19:30 PM	3613605570	1013.00	27.28	28.99	92.0	28.55	28.99	81.7	27.37	28.99	91.2	27.37	28.99	91.2
5/07/2018 1:19:31 PM	3613605571	1013.00	27.31	28.99	91.8	28.61	28.99	81.3	27.39	28.99	91.1	27.37	28.99	91.2
5/07/2018 1:19:32 PM	3613605572	1013.00	27.32	28.98	91.7	28.55	28.98	81.8	27.40	28.98	91.0	27.37	28.98	91.3
5/07/2018 1:19:33 PM	3613605573	1013.00	27.31	28.99	91.8	28.58	28.99	81.5	27.39	28.99	91.1	27.39	28.99	91.1
5/07/2018 1:19:34 PM	3613605574	1013.00	27.32	28.98	91.7	28.62	28.98	81.2	27.38	28.98	91.2	27.36	28.98	91.3
5/07/2018 1:19:35 PM	3613605575	1013.00	27.30	28.98	91.9	28.60	28.98	81.4	27.37	28.98	91.3	27.39	28.98	91.1
5/07/2018 1:19:36 PM	3613605576	1013.00	27.31	28.98	91.8	28.63	28.98	81.2	27.40	28.98	91.0	27.38	28.98	91.2
5/07/2018 1:19:37 PM	3613605577	1013.00	27.31	28.98	91.8	28.56	28.98	81.7	27.42	28.98	90.8	27.38	28.98	91.2
5/07/2018 1:19:38 PM	3613605578	1013.00	27.32	28.97	91.7	28.56	28.97	81.7	27.40	28.97	91.0	27.40	28.97	91.0
5/07/2018 1:19:39 PM	3613605579	1013.00	27.34	28.98	91.5	28.64	28.98	81.1	27.42	28.98	90.8	27.36	28.98	91.3
5/07/2018 1:19:40 PM	3613605580	1013.00	27.35	28.98	91.4	28.64	28.98	81.1	27.43	28.98	90.7	27.40	28.98	91.0
5/07/2018 1:19:41 PM	3613605581	1013.00	27.35	28.98	91.4	28.65	28.98	81.0	27.44	28.98	90.7	27.39	28.98	91.1
5/07/2018 1:19:42 PM	3613605582	1013.00	27.36	28.98	91.3	28.64	28.98	81.1	27.44	28.98	90.7	27.40	28.98	91.0
5/07/2018 1:19:43 PM	3613605583	1013.00	27.34	28.98	91.5	28.61	28.98	81.3	27.43	28.98	90.7	27.42	28.98	90.8
5/07/2018 1:19:44 PM	3613605584	1013.00	27.36	28.98	91.3	28.66	28.98	80.9	27.43	28.98	90.7	27.41	28.98	90.9
5/07/2018 1:19:45 PM	3613605585	1013.00	27.35	28.98	91.4	28.69	28.98	80.7	27.44	28.98	90.7	27.43	28.98	90.7
5/07/2018 1:19:46 PM	3613605586	1013.00	27.34	28.98	91.5	28.62	28.98	81.2	27.45	28.98	90.6	27.43	28.98	90.7
5/07/2018 1:19:47 PM	3613605587	1013.00	27.35	28.98	91.4	28.72	28.98	80.5	27.45	28.98	90.6	27.45	28.98	90.6
5/07/2018 1:19:48 PM	3613605588	1013.00	27.35	28.99	91.4	28.71	28.99	80.6	27.48	28.99	90.3	27.43	28.99	90.7
5/07/2018 1:19:49 PM	3613605589	1013.00	27.33	28.99	91.6	28.68	28.99	80.8	27.48	28.99	90.3	27.44	28.99	90.6
5/07/2018 1:19:50 PM	3613605590	1013.00	27.34	28.99	91.5	28.70	28.99	80.6	27.45	28.99	90.6	27.43	28.99	90.7
5/07/2018 1:19:51 PM	3613605591	1013.00	27.38	28.99	91.2	28.75	28.99	80.3	27.48	28.99	90.3	27.45	28.99	90.6
5/07/2018 1:19:52 PM	3613605592	1013.00	27.35	28.99	91.4	28.67	28.99	80.8	27.48	28.99	90.3	27.44	28.99	90.6
5/07/2018 1:19:53 PM	3613605593	1013.00	27.38	28.98	91.2	28.67	28.98	80.9	27.47	28.98	90.4	27.44	28.98	90.7
5/07/2018 1:19:54 PM	3613605594	1013.00	27.36	28.98	91.3	28.66	28.98	80.9	27.49	28.98	90.2	27.45	28.98	90.6
5/07/2018 1:19:55 PM	3613605595	1013.00	27.40	28.98	91.0	28.72	28.98	80.5	27.51	28.98	90.1	27.44	28.98	90.7
5/07/2018 1:19:56 PM	3613605596	1013.00	27.37	28.98	91.3	28.74	28.98	80.3	27.46	28.98	90.5	27.46	28.98	90.5
5/07/2018 1:19:57 PM	3613605597	1013.00	27.39	28.98	91.1	28.75	28.98	80.3	27.50	28.98	90.1	27.45	28.98	90.6
5/07/2018 1:19:58 PM	3613605598	1013.00	27.39	28.97	91.1	28.76	28.97	80.2	27.52	28.97	90.0	27.48	28.97	90.3
5/07/2018 1:19:59 PM	3613605599	1013.00	27.35	28.97	91.4	28.75	28.97	80.3	27.49	28.97	90.2	27.45	28.97	90.6
5/07/2018 1:20:00 PM	3613605600	1013.00	27.42	28.97	90.8	28.78	28.97	80.1	27.50	28.97	90.2	27.49	28.97	90.2
5/07/2018 1:20:01 PM	3613605601	1013.00	27.36	28.97	91.4	28.80	28.97	79.9	27.50	28.97	90.2	27.47	28.97	90.4
5/07/2018 1:20:02 PM	3613605602	1013.00	27.35	28.97	91.4	28.80	28.97	79.9	27.53	28.97	89.9	27.46	28.97	90.5
5/07/2018 1:20:03 PM	3613605603	1013.00	27.42	28.97	90.8	28.81	28.97	79.8	27.54	28.97	89.8	27.49	28.97	90.2
5/07/2018 1:20:04 PM	3613605604	1013.00	27.39	28.97	91.1	28.76	28.97	80.2	27.53	28.97	89.9	27.50	28.97	90.2
5/07/2018 1:20:05 PM	3613605605	1013.00	27.41	28.98	90.9	28.79	28.98	80.0	27.55	28.98	89.7	27.47	28.98	90.4
5/07/2018 1:20:06 PM	3613605606	1013.00	27.41	28.98	90.9	28.82	28.98	79.8	27.57	28.98	89.6	27.48	28.98	90.3
5/07/2018 1:20:07 PM	3613605607	1013.00	27.47	28.98	90.4	28.85	28.98	79.5	27.56	28.98	89.6	27.49	28.98	90.2
5/07/2018 1:20:08 PM	3613605608	1013.00	27.48	28.98	90.3	28.80	28.98	79.9	27.54	28.98	89.8	27.47	28.98	90.4
5/07/2018 1:20:09 PM	3613605609	1013.00	27.46	28.98	90.5	28.82	28.98	79.8	27.57	28.98	89.6	27.47	28.98	90.4
5/07/2018 1:20:10 PM	3613605610	1013.00	27.44	28.98	90.7	28.87	28.98	79.4	27.55	28.98	89.7	27.47	28.98	90.4
5/07/2018 1:20:11 PM	3613605611	1013.00	27.46	28.98	90.5	28.83	28.98	79.7	27.59	28.98	89.4	27.50	28.98	90.1
5/07/2018 1:20:12 PM	3613605612	1013.00	27.49	28.98	90.2	28.85	28.98	79.5	27.56	28.98	89.6	27.52	28.98	90.0
5/07/2018 1:20:13 PM	3613605613	1013.00	27.48	28.98	90.3	28.81	28.98	79.8	27.56	28.98	89.6	27.51	28.98	90.1
5/07/2018 1:20:14 PM	3613605614	1013.00	27.50	28.99	90.1	28.91	28.99	79.1	27.62	28.99	89.1	27.47	28.99	90.4
5/07/2018 1:20:15 PM	3613605615	1013.00	27.45	28.98	90.6	28.89	28.98	79.2	27.60	28.98	89.3	27.47	28.98	90.4
5/07/2018 1:20:16 PM	3613605616	1013.00	27.45	28.98	90.6	28.83	28.98	79.7	27.59	28.98	89.4	27.49	28.98	90.2
5/07/2018 1:20:17 PM	3613605617	1013.00	27.48	28.98	90.3	28.90	28.98	79.2	27.61	28.98	89.2	27.50	28.98	90.1
5/07/2018 1:20:18 PM	3613605618	1013.00	27.46	28.98	90.5	28.89	28.98	79.2	27.63	28.98	89.0	27.54	28.98	89.8
5/07/2018 1:20:19 PM	3613605619	1013.00	27.48	28.98	90.3	28.89	28.98	79.2	27.60	28.98	89.3	27.53	28.98	89.9
5/07/2018 1:20:20 PM	3613605620	1013.00	27.51	28.98	90.1	28.87	28.98	79.4	27.63	28.98	89.0	27.53	28.98	89.9
5/07/2018 1:20:21 PM	3613605621	1013.00	27.50	28.98	90.1	28.90	28.98	79.2	27.64	28.98	89.0	27.55	28.98	89.7
5/07/2018 1:20:22 PM	3613605622	1013.00	27.50	28.98	90.1	28.91	28.98	79.1	27.66	28.98	88.8	27.51	28.98	90.1
5/07/2018 1:20:23 PM	3613605623	1013.00	27.48	28.98	90.3	28.88	28.98	79.3	27.62	28.98	89.1	27.56	28.98	89.6
5/07/2018 1:20:24 PM	3613605624	1013.00	27.52	28.98	90.0	28.95	28.98	78.8	27.67	28.98	88.7	27.57	28.98	89.6
5/07/2018 1:20:25 PM	3613605625	1013.00	27.52	28.98	90.0	28.93	28.98	79.0	27.67	28.98	88.7	27.55	28.98	89.7
5/07/2018 1:20:26 PM	3613605626	1013.00	27.52	28.98	90.0	28.92	28.98	79.0	27.67	28.98	88.7	27.59	28.98	89.4
5/07/2018 1:20:27 PM	3613605627	1013.00	27.50	28.98	90.1	28.94	28.98	78.9	27.67	28.98	88.7	27.58	28.98	89.5
5/07/2018 1:20:28 PM	3613605628	1013.00	27.54	28.98	89.8	28.92	28.98	79.0	27.67	28.98	88.7	27.57	28.98	89.6
