Date & time of file creation	5/07/2018 10:10 AM													
Data file path	C:\Users\ameli\Desktop\Diego Barneche\05_07_2018\32_C_new_witrox_21.txt													
														
														
CALIBRATION DATA														
Parameter/Channel	N moving average	LO phase [r.U.]	HI phase [r.U.]	LO oxygen [%air saturation]	HI oxygen [%air saturation]	LO temperature [°C]	HI temperature [°C]	Salinity [‰]						
SDWD0003000199      , CH 1	1	59.13	25.82	0.00	100.00	32.33	32.45	0.000						
SDWD0003000199      , CH 2	1	59.13	25.82	0.00	100.00	32.33	32.45	0.000						
SDWD0003000199      , CH 3	1	59.13	25.82	0.00	100.00	32.33	32.45	0.000						
SDWD0003000199      , CH 4	1	59.13	25.82	0.00	100.00	32.33	32.45	0.000						
														
														
Date &Time [DD-MM-YYYY HH:MM:SS]	Time stamp code	Barometric pressure [hPa]	SDWD0003000199      , CH 1 phase [r.U.]	SDWD0003000199      , CH 1 temp [°C]	SDWD0003000199      , CH 1 O2 [% air saturation]	SDWD0003000199      , CH 2 phase [r.U.]	SDWD0003000199      , CH 2 temp [°C]	SDWD0003000199      , CH 2 O2 [% air saturation]	SDWD0003000199      , CH 3 phase [r.U.]	SDWD0003000199      , CH 3 temp [°C]	SDWD0003000199      , CH 3 O2 [% air saturation]	SDWD0003000199      , CH 4 phase [r.U.]	SDWD0003000199      , CH 4 temp [°C]	SDWD0003000199      , CH 4 O2 [% air saturation]
5/07/2018 10:14:49 AM	3613594489	1013.00	26.82	32.05	91.4	26.77	32.05	91.8	26.35	32.05	95.6	26.21	32.05	96.9
5/07/2018 10:14:50 AM	3613594490	1013.00	26.78	32.05	91.7	26.73	32.05	92.2	26.39	32.05	95.2	26.17	32.05	97.3
5/07/2018 10:14:51 AM	3613594491	1013.00	26.81	32.05	91.5	26.75	32.05	92.0	26.35	32.05	95.6	26.24	32.05	96.6
5/07/2018 10:14:52 AM	3613594492	1013.00	26.84	32.05	91.2	26.65	32.05	92.9	26.39	32.05	95.2	26.22	32.05	96.8
5/07/2018 10:14:53 AM	3613594493	1013.00	26.81	32.05	91.5	26.71	32.05	92.3	26.38	32.05	95.3	26.25	32.05	96.5
5/07/2018 10:14:54 AM	3613594494	1013.00	26.84	32.05	91.2	26.71	32.05	92.3	26.36	32.05	95.5	26.23	32.05	96.7
5/07/2018 10:14:55 AM	3613594495	1013.00	26.84	32.05	91.2	26.74	32.05	92.1	26.35	32.05	95.6	26.20	32.05	97.0
5/07/2018 10:14:56 AM	3613594496	1013.00	26.81	32.05	91.5	26.72	32.05	92.3	26.39	32.05	95.2	26.21	32.05	96.9
5/07/2018 10:14:57 AM	3613594497	1013.00	26.80	32.05	91.6	26.69	32.05	92.5	26.38	32.05	95.3	26.23	32.05	96.7
5/07/2018 10:14:58 AM	3613594498	1013.00	26.83	32.05	91.3	26.67	32.05	92.7	26.37	32.05	95.4	26.25	32.05	96.5
5/07/2018 10:14:59 AM	3613594499	1013.00	26.80	32.04	91.6	26.70	32.04	92.5	26.42	32.04	95.0	26.21	32.04	96.9
5/07/2018 10:15:00 AM	3613594500	1013.00	26.81	32.04	91.5	26.68	32.04	92.6	26.39	32.04	95.2	26.20	32.04	97.0
5/07/2018 10:15:01 AM	3613594501	1013.00	26.82	32.04	91.4	26.74	32.04	92.1	26.38	32.04	95.3	26.20	32.04	97.0
5/07/2018 10:15:02 AM	3613594502	1013.00	26.83	32.04	91.3	26.74	32.04	92.1	26.37	32.04	95.4	26.21	32.04	96.9
5/07/2018 10:15:03 AM	3613594503	1013.00	26.81	32.04	91.5	26.71	32.04	92.4	26.36	32.04	95.5	26.20	32.04	97.0
5/07/2018 10:15:04 AM	3613594504	1013.00	26.80	32.04	91.6	26.69	32.04	92.5	26.35	32.04	95.6	26.23	32.04	96.7
5/07/2018 10:15:05 AM	3613594505	1013.00	26.79	32.04	91.7	26.75	32.04	92.0	26.41	32.04	95.1	26.27	32.04	96.4
5/07/2018 10:15:06 AM	3613594506	1013.00	26.80	32.04	91.6	26.69	32.04	92.5	26.40	32.04	95.2	26.24	32.04	96.6
5/07/2018 10:15:07 AM	3613594507	1013.00	26.81	32.05	91.5	26.76	32.05	91.9	26.36	32.05	95.5	26.19	32.05	97.1
5/07/2018 10:15:08 AM	3613594508	1013.00	26.83	32.04	91.3	26.69	32.04	92.5	26.39	32.04	95.2	26.20	32.04	97.0
5/07/2018 10:15:09 AM	3613594509	1013.00	26.82	32.04	91.4	26.71	32.04	92.4	26.33	32.04	95.8	26.25	32.04	96.5
5/07/2018 10:15:10 AM	3613594510	1013.00	26.82	32.04	91.4	26.80	32.04	91.6	26.32	32.04	95.9	26.21	32.04	96.9
5/07/2018 10:15:11 AM	3613594511	1013.00	26.82	32.04	91.4	26.70	32.04	92.5	26.39	32.04	95.2	26.22	32.04	96.8
5/07/2018 10:15:12 AM	3613594512	1013.00	26.82	32.04	91.4	26.69	32.04	92.5	26.37	32.04	95.4	26.18	32.04	97.2
5/07/2018 10:15:13 AM	3613594513	1013.00	26.84	32.04	91.2	26.70	32.04	92.5	26.40	32.04	95.2	26.26	32.04	96.5
5/07/2018 10:15:14 AM	3613594514	1013.00	26.82	32.04	91.4	26.68	32.04	92.6	26.38	32.04	95.3	26.18	32.04	97.2
5/07/2018 10:15:15 AM	3613594515	1013.00	26.80	32.04	91.6	26.72	32.04	92.3	26.43	32.04	94.9	26.29	32.04	96.2
5/07/2018 10:15:16 AM	3613594516	1013.00	26.77	32.04	91.8	26.77	32.04	91.8	26.39	32.04	95.2	26.24	32.04	96.6
5/07/2018 10:15:17 AM	3613594517	1013.00	26.82	32.04	91.4	26.74	32.04	92.1	26.36	32.04	95.5	26.25	32.04	96.5
5/07/2018 10:15:18 AM	3613594518	1013.00	26.84	32.03	91.2	26.73	32.03	92.2	26.36	32.03	95.5	26.24	32.03	96.7
5/07/2018 10:15:19 AM	3613594519	1013.00	26.80	32.03	91.6	26.72	32.03	92.3	26.37	32.03	95.4	26.27	32.03	96.4
5/07/2018 10:15:20 AM	3613594520	1013.00	26.82	32.03	91.4	26.80	32.03	91.6	26.37	32.03	95.4	26.27	32.03	96.4
5/07/2018 10:15:21 AM	3613594521	1013.00	26.82	32.02	91.4	26.81	32.02	91.5	26.36	32.02	95.6	26.26	32.02	96.5
5/07/2018 10:15:22 AM	3613594522	1013.00	26.86	32.03	91.1	26.73	32.03	92.2	26.32	32.03	95.9	26.20	32.03	97.0
5/07/2018 10:15:23 AM	3613594523	1013.00	26.79	32.03	91.7	26.72	32.03	92.3	26.42	32.03	95.0	26.29	32.03	96.2
5/07/2018 10:15:24 AM	3613594524	1013.00	26.82	32.03	91.4	26.73	32.03	92.2	26.38	32.03	95.4	26.31	32.03	96.0
5/07/2018 10:15:25 AM	3613594525	1013.00	26.81	32.04	91.5	26.72	32.04	92.3	26.35	32.04	95.6	26.24	32.04	96.6
5/07/2018 10:15:26 AM	3613594526	1013.00	26.78	32.04	91.7	26.67	32.04	92.7	26.35	32.04	95.6	26.22	32.04	96.8
5/07/2018 10:15:27 AM	3613594527	1013.00	26.80	32.04	91.6	26.71	32.04	92.4	26.35	32.04	95.6	26.28	32.04	96.3
5/07/2018 10:15:28 AM	3613594528	1013.00	26.83	32.04	91.3	26.76	32.04	91.9	26.42	32.04	95.0	26.28	32.04	96.3
5/07/2018 10:15:29 AM	3613594529	1013.00	26.82	32.04	91.4	26.75	32.04	92.0	26.32	32.04	95.9	26.25	32.04	96.5
5/07/2018 10:15:30 AM	3613594530	1013.00	26.84	32.04	91.2	26.69	32.04	92.5	26.42	32.04	95.0	26.27	32.04	96.4
5/07/2018 10:15:31 AM	3613594531	1013.00	26.83	32.04	91.3	26.73	32.04	92.2	26.41	32.04	95.1	26.28	32.04	96.3
5/07/2018 10:15:32 AM	3613594532	1013.00	26.83	32.04	91.3	26.78	32.04	91.7	26.33	32.04	95.8	26.28	32.04	96.3
5/07/2018 10:15:33 AM	3613594533	1013.00	26.82	32.04	91.4	26.77	32.04	91.8	26.37	32.04	95.4	26.24	32.04	96.6
5/07/2018 10:15:34 AM	3613594534	1013.00	26.77	32.04	91.8	26.75	32.04	92.0	26.40	32.04	95.2	26.27	32.04	96.4
5/07/2018 10:15:35 AM	3613594535	1013.00	26.81	32.05	91.5	26.71	32.05	92.3	26.42	32.05	95.0	26.26	32.05	96.4
5/07/2018 10:15:36 AM	3613594536	1013.00	26.87	32.04	91.0	26.70	32.04	92.5	26.36	32.04	95.5	26.28	32.04	96.3
5/07/2018 10:15:37 AM	3613594537	1013.00	26.86	32.04	91.0	26.70	32.04	92.5	26.41	32.04	95.1	26.24	32.04	96.6
5/07/2018 10:15:38 AM	3613594538	1013.00	26.83	32.04	91.3	26.64	32.04	93.0	26.36	32.04	95.5	26.26	32.04	96.5
5/07/2018 10:15:39 AM	3613594539	1013.00	26.86	32.05	91.0	26.74	32.05	92.1	26.44	32.05	94.8	26.31	32.05	96.0
5/07/2018 10:15:40 AM	3613594540	1013.00	26.84	32.04	91.2	26.71	32.04	92.4	26.36	32.04	95.5	26.24	32.04	96.6
5/07/2018 10:15:41 AM	3613594541	1013.00	26.82	32.05	91.4	26.76	32.05	91.9	26.38	32.05	95.3	26.26	32.05	96.4
5/07/2018 10:15:42 AM	3613594542	1013.00	26.84	32.04	91.2	26.68	32.04	92.6	26.35	32.04	95.6	26.27	32.04	96.4
5/07/2018 10:15:43 AM	3613594543	1013.00	26.88	32.04	90.9	26.75	32.04	92.0	26.42	32.04	95.0	26.28	32.04	96.3
5/07/2018 10:15:44 AM	3613594544	1013.00	26.85	32.04	91.1	26.76	32.04	91.9	26.38	32.04	95.3	26.32	32.04	95.9
5/07/2018 10:15:45 AM	3613594545	1013.00	26.86	32.04	91.0	26.76	32.04	91.9	26.38	32.04	95.3	26.34	32.04	95.7
5/07/2018 10:15:46 AM	3613594546	1013.00	26.88	32.04	90.9	26.72	32.04	92.3	26.38	32.04	95.3	26.39	32.04	95.2
5/07/2018 10:15:47 AM	3613594547	1013.00	26.86	32.04	91.0	26.75	32.04	92.0	26.36	32.04	95.5	26.32	32.04	95.9
5/07/2018 10:15:48 AM	3613594548	1013.00	26.88	32.04	90.9	26.74	32.04	92.1	26.38	32.04	95.3	26.31	32.04	96.0
5/07/2018 10:15:49 AM	3613594549	1013.00	26.86	32.04	91.0	26.73	32.04	92.2	26.34	32.04	95.7	26.30	32.04	96.1
5/07/2018 10:15:50 AM	3613594550	1013.00	26.84	32.03	91.2	26.72	32.03	92.3	26.37	32.03	95.4	26.37	32.03	95.4
5/07/2018 10:15:51 AM	3613594551	1013.00	26.84	32.04	91.2	26.71	32.04	92.4	26.40	32.04	95.2	26.33	32.04	95.8
5/07/2018 10:15:52 AM	3613594552	1013.00	26.82	32.04	91.4	26.74	32.04	92.1	26.33	32.04	95.8	26.35	32.04	95.6
5/07/2018 10:15:53 AM	3613594553	1013.00	26.86	32.03	91.1	26.73	32.03	92.2	26.38	32.03	95.4	26.27	32.03	96.4
5/07/2018 10:15:54 AM	3613594554	1013.00	26.84	32.03	91.2	26.81	32.03	91.5	26.39	32.03	95.3	26.37	32.03	95.4
5/07/2018 10:15:55 AM	3613594555	1013.00	26.80	32.03	91.6	26.77	32.03	91.8	26.32	32.03	95.9	26.37	32.03	95.4
5/07/2018 10:15:56 AM	3613594556	1013.00	26.83	32.03	91.3	26.82	32.03	91.4	26.41	32.03	95.1	26.40	32.03	95.2
5/07/2018 10:15:57 AM	3613594557	1013.00	26.91	32.03	90.6	26.75	32.03	92.0	26.42	32.03	95.0	26.32	32.03	95.9
5/07/2018 10:15:58 AM	3613594558	1013.00	26.88	32.03	90.9	26.77	32.03	91.8	26.36	32.03	95.5	26.31	32.03	96.0
5/07/2018 10:15:59 AM	3613594559	1013.00	26.89	32.04	90.8	26.76	32.04	91.9	26.40	32.04	95.2	26.36	32.04	95.5
5/07/2018 10:16:00 AM	3613594560	1013.00	26.86	32.04	91.0	26.73	32.04	92.2	26.35	32.04	95.6	26.40	32.04	95.2
5/07/2018 10:16:01 AM	3613594561	1013.00	26.84	32.04	91.2	26.83	32.04	91.3	26.40	32.04	95.2	26.36	32.04	95.5
5/07/2018 10:16:02 AM	3613594562	1013.00	26.89	32.03	90.8	26.81	32.03	91.5	26.40	32.03	95.2	26.38	32.03	95.4
5/07/2018 10:16:03 AM	3613594563	1013.00	26.87	32.04	91.0	26.86	32.04	91.0	26.36	32.04	95.5	26.39	32.04	95.2
5/07/2018 10:16:04 AM	3613594564	1013.00	26.85	32.03	91.1	26.77	32.03	91.8	26.44	32.03	94.8	26.41	32.03	95.1
5/07/2018 10:16:05 AM	3613594565	1013.00	26.86	32.03	91.1	26.85	32.03	91.1	26.40	32.03	95.2	26.37	32.03	95.4
5/07/2018 10:16:06 AM	3613594566	1013.00	26.89	32.03	90.8	26.85	32.03	91.1	26.42	32.03	95.0	26.33	32.03	95.8
5/07/2018 10:16:07 AM	3613594567	1013.00	26.87	32.03	91.0	26.77	32.03	91.8	26.35	32.03	95.6	26.43	32.03	94.9
5/07/2018 10:16:09 AM	3613594569	1013.00	26.85	32.03	91.1	26.80	32.03	91.6	26.42	32.03	95.0	26.37	32.03	95.4
5/07/2018 10:16:10 AM	3613594570	1013.00	26.91	32.03	90.6	26.74	32.03	92.1	26.40	32.03	95.2	26.41	32.03	95.1
5/07/2018 10:16:11 AM	3613594571	1013.00	26.88	32.04	90.9	26.81	32.04	91.5	26.43	32.04	94.9	26.44	32.04	94.8
5/07/2018 10:16:12 AM	3613594572	1013.00	26.89	32.04	90.8	26.90	32.04	90.7	26.38	32.04	95.3	26.38	32.04	95.3
5/07/2018 10:16:13 AM	3613594573	1013.00	26.89	32.04	90.8	26.84	32.04	91.2	26.39	32.04	95.2	26.44	32.04	94.8
5/07/2018 10:16:14 AM	3613594574	1013.00	26.87	32.03	91.0	26.81	32.03	91.5	26.42	32.03	95.0	26.41	32.03	95.1
5/07/2018 10:16:15 AM	3613594575	1013.00	26.90	32.03	90.7	26.92	32.03	90.5	26.39	32.03	95.3	26.42	32.03	95.0
5/07/2018 10:16:16 AM	3613594576	1013.00	26.90	32.02	90.7	26.87	32.02	91.0	26.43	32.02	94.9	26.42	32.02	95.0
5/07/2018 10:16:17 AM	3613594577	1013.00	26.94	32.03	90.4	26.89	32.03	90.8	26.37	32.03	95.4	26.43	32.03	94.9
5/07/2018 10:16:18 AM	3613594578	1013.00	26.89	32.02	90.8	26.87	32.02	91.0	26.41	32.02	95.1	26.47	32.02	94.5
5/07/2018 10:16:19 AM	3613594579	1013.00	26.91	32.03	90.6	26.85	32.03	91.1	26.41	32.03	95.1	26.45	32.03	94.7
5/07/2018 10:16:20 AM	3613594580	1013.00	26.91	32.03	90.6	26.85	32.03	91.1	26.38	32.03	95.4	26.44	32.03	94.8
5/07/2018 10:16:21 AM	3613594581	1013.00	26.92	32.03	90.5	26.87	32.03	91.0	26.36	32.03	95.5	26.46	32.03	94.6
5/07/2018 10:16:22 AM	3613594582	1013.00	26.93	32.03	90.5	26.76	32.03	91.9	26.41	32.03	95.1	26.47	32.03	94.5
5/07/2018 10:16:23 AM	3613594583	1013.00	26.92	32.03	90.5	26.85	32.03	91.1	26.44	32.03	94.8	26.43	32.03	94.9
5/07/2018 10:16:24 AM	3613594584	1013.00	26.94	32.03	90.4	26.84	32.03	91.2	26.37	32.03	95.4	26.41	32.03	95.1
5/07/2018 10:16:25 AM	3613594585	1013.00	26.92	32.03	90.5	26.82	32.03	91.4	26.43	32.03	94.9	26.47	32.03	94.5
5/07/2018 10:16:26 AM	3613594586	1013.00	26.90	32.02	90.7	26.85	32.02	91.2	26.42	32.02	95.0	26.46	32.02	94.6
5/07/2018 10:16:27 AM	3613594587	1013.00	26.93	32.02	90.5	26.95	32.02	90.3	26.40	32.02	95.2	26.46	32.02	94.6
5/07/2018 10:16:28 AM	3613594588	1013.00	26.91	32.02	90.6	26.94	32.02	90.4	26.43	32.02	94.9	26.49	32.02	94.4
5/07/2018 10:16:29 AM	3613594589	1013.00	26.92	32.03	90.5	26.82	32.03	91.4	26.43	32.03	94.9	26.49	32.03	94.4
5/07/2018 10:16:30 AM	3613594590	1013.00	26.94	32.02	90.4	26.91	32.02	90.6	26.40	32.02	95.2	26.48	32.02	94.5
5/07/2018 10:16:31 AM	3613594591	1013.00	26.94	32.03	90.4	26.90	32.03	90.7	26.39	32.03	95.3	26.51	32.03	94.2
5/07/2018 10:16:32 AM	3613594592	1013.00	26.95	32.02	90.3	26.88	32.02	90.9	26.43	32.02	94.9	26.51	32.02	94.2
5/07/2018 10:16:33 AM	3613594593	1013.00	26.89	32.02	90.8	26.87	32.02	91.0	26.42	32.02	95.0	26.50	32.02	94.3
5/07/2018 10:16:34 AM	3613594594	1013.00	26.99	32.02	90.0	26.92	32.02	90.6	26.44	32.02	94.8	26.56	32.02	93.7
5/07/2018 10:16:35 AM	3613594595	1013.00	26.97	32.01	90.1	26.89	32.01	90.8	26.38	32.01	95.4	26.56	32.01	93.7
5/07/2018 10:16:36 AM	3613594596	1013.00	26.94	32.01	90.4	26.92	32.01	90.6	26.43	32.01	94.9	26.53	32.01	94.0
5/07/2018 10:16:37 AM	3613594597	1013.00	26.94	32.02	90.4	26.94	32.02	90.4	26.45	32.02	94.7	26.57	32.02	93.6
5/07/2018 10:16:38 AM	3613594598	1013.00	26.93	32.02	90.5	26.89	32.02	90.8	26.42	32.02	95.0	26.60	32.02	93.4
5/07/2018 10:16:39 AM	3613594599	1013.00	26.97	32.02	90.1	26.94	32.02	90.4	26.45	32.02	94.7	26.53	32.02	94.0
5/07/2018 10:16:40 AM	3613594600	1013.00	26.95	32.02	90.3	26.89	32.02	90.8	26.41	32.02	95.1	26.55	32.02	93.8
5/07/2018 10:16:41 AM	3613594601	1013.00	26.95	32.02	90.3	26.92	32.02	90.6	26.40	32.02	95.2	26.57	32.02	93.6
5/07/2018 10:16:42 AM	3613594602	1013.00	26.97	32.02	90.1	26.91	32.02	90.6	26.39	32.02	95.3	26.61	32.02	93.3
5/07/2018 10:16:43 AM	3613594603	1013.00	27.02	32.02	89.7	26.90	32.02	90.7	26.44	32.02	94.8	26.63	32.02	93.1
5/07/2018 10:16:44 AM	3613594604	1013.00	26.94	32.02	90.4	26.91	32.02	90.6	26.39	32.02	95.3	26.58	32.02	93.6
5/07/2018 10:16:45 AM	3613594605	1013.00	26.99	32.03	89.9	26.95	32.03	90.3	26.44	32.03	94.8	26.62	32.03	93.2
5/07/2018 10:16:46 AM	3613594606	1013.00	26.97	32.03	90.1	26.93	32.03	90.5	26.45	32.03	94.7	26.58	32.03	93.5
5/07/2018 10:16:47 AM	3613594607	1013.00	27.00	32.03	89.9	26.92	32.03	90.5	26.44	32.03	94.8	26.57	32.03	93.6
5/07/2018 10:16:48 AM	3613594608	1013.00	26.98	32.03	90.0	26.94	32.03	90.4	26.48	32.03	94.4	26.61	32.03	93.3
5/07/2018 10:16:49 AM	3613594609	1013.00	27.00	32.03	89.9	26.93	32.03	90.5	26.48	32.03	94.4	26.63	32.03	93.1
5/07/2018 10:16:50 AM	3613594610	1013.00	27.01	32.03	89.8	26.95	32.03	90.3	26.39	32.03	95.3	26.61	32.03	93.3
5/07/2018 10:16:51 AM	3613594611	1013.00	26.94	32.03	90.4	26.96	32.03	90.2	26.45	32.03	94.7	26.59	32.03	93.4
5/07/2018 10:16:52 AM	3613594612	1013.00	26.92	32.03	90.5	26.97	32.03	90.1	26.41	32.03	95.1	26.66	32.03	92.8
5/07/2018 10:16:53 AM	3613594613	1013.00	26.98	32.03	90.0	26.98	32.03	90.0	26.44	32.03	94.8	26.63	32.03	93.1
5/07/2018 10:16:54 AM	3613594614	1013.00	26.98	32.03	90.0	26.96	32.03	90.2	26.42	32.03	95.0	26.66	32.03	92.8
5/07/2018 10:16:55 AM	3613594615	1013.00	27.01	32.02	89.8	26.93	32.02	90.5	26.45	32.02	94.7	26.67	32.02	92.7
5/07/2018 10:16:56 AM	3613594616	1013.00	27.00	32.02	89.9	27.06	32.02	89.4	26.44	32.02	94.8	26.63	32.02	93.1
5/07/2018 10:16:57 AM	3613594617	1013.00	26.97	32.02	90.1	26.91	32.02	90.6	26.41	32.02	95.1	26.64	32.02	93.0
5/07/2018 10:16:58 AM	3613594618	1013.00	26.99	32.02	90.0	27.00	32.02	89.9	26.41	32.02	95.1	26.65	32.02	92.9
5/07/2018 10:16:59 AM	3613594619	1013.00	26.96	32.03	90.2	26.94	32.03	90.4	26.47	32.03	94.5	26.70	32.03	92.5
5/07/2018 10:17:00 AM	3613594620	1013.00	27.03	32.03	89.6	27.03	32.03	89.6	26.41	32.03	95.1	26.69	32.03	92.6
5/07/2018 10:17:01 AM	3613594621	1013.00	26.99	32.02	90.0	27.04	32.02	89.5	26.49	32.02	94.4	26.71	32.02	92.4
5/07/2018 10:17:02 AM	3613594622	1013.00	26.99	32.02	90.0	27.01	32.02	89.8	26.46	32.02	94.6	26.65	32.02	92.9
5/07/2018 10:17:03 AM	3613594623	1013.00	27.02	32.02	89.7	27.02	32.02	89.7	26.45	32.02	94.7	26.62	32.02	93.2
5/07/2018 10:17:04 AM	3613594624	1013.00	26.98	32.02	90.0	26.99	32.02	90.0	26.41	32.02	95.1	26.68	32.02	92.7
5/07/2018 10:17:05 AM	3613594625	1013.00	27.02	32.02	89.7	27.00	32.02	89.9	26.48	32.02	94.5	26.70	32.02	92.5
5/07/2018 10:17:06 AM	3613594626	1013.00	27.03	32.03	89.6	27.00	32.03	89.9	26.49	32.03	94.4	26.66	32.03	92.8
5/07/2018 10:17:07 AM	3613594627	1013.00	27.06	32.03	89.3	27.02	32.03	89.7	26.44	32.03	94.8	26.68	32.03	92.6
5/07/2018 10:17:08 AM	3613594628	1013.00	27.01	32.02	89.8	27.05	32.02	89.4	26.52	32.02	94.1	26.76	32.02	92.0
5/07/2018 10:17:09 AM	3613594629	1013.00	27.01	32.02	89.8	27.02	32.02	89.7	26.46	32.02	94.6	26.76	32.02	92.0
5/07/2018 10:17:10 AM	3613594630	1013.00	27.02	32.03	89.7	26.99	32.03	89.9	26.44	32.03	94.8	26.76	32.03	91.9
5/07/2018 10:17:11 AM	3613594631	1013.00	27.04	32.02	89.5	27.05	32.02	89.4	26.43	32.02	94.9	26.70	32.02	92.5
5/07/2018 10:17:12 AM	3613594632	1013.00	27.08	32.02	89.2	26.99	32.02	90.0	26.50	32.02	94.3	26.72	32.02	92.3
5/07/2018 10:17:13 AM	3613594633	1013.00	27.05	32.02	89.4	27.05	32.02	89.4	26.46	32.02	94.6	26.78	32.02	91.8
5/07/2018 10:17:14 AM	3613594634	1013.00	27.08	32.02	89.2	27.10	32.02	89.0	26.48	32.02	94.5	26.74	32.02	92.1
5/07/2018 10:17:15 AM	3613594635	1013.00	27.04	32.01	89.5	27.01	32.01	89.8	26.45	32.01	94.7	26.73	32.01	92.2
5/07/2018 10:17:16 AM	3613594636	1013.00	27.03	32.02	89.6	27.11	32.02	88.9	26.49	32.02	94.4	26.75	32.02	92.0
5/07/2018 10:17:17 AM	3613594637	1013.00	27.10	32.02	89.0	27.09	32.02	89.1	26.46	32.02	94.6	26.79	32.02	91.7
5/07/2018 10:17:18 AM	3613594638	1013.00	27.03	32.02	89.6	27.04	32.02	89.5	26.50	32.02	94.3	26.79	32.02	91.7
5/07/2018 10:17:19 AM	3613594639	1013.00	27.07	32.02	89.3	27.09	32.02	89.1	26.48	32.02	94.5	26.80	32.02	91.6
5/07/2018 10:17:20 AM	3613594640	1013.00	27.09	32.02	89.1	27.10	32.02	89.0	26.52	32.02	94.1	26.80	32.02	91.6
5/07/2018 10:17:21 AM	3613594641	1013.00	27.11	32.02	88.9	27.13	32.02	88.8	26.47	32.02	94.5	26.80	32.02	91.6
5/07/2018 10:17:22 AM	3613594642	1013.00	27.10	32.01	89.0	27.12	32.01	88.9	26.45	32.01	94.7	26.82	32.01	91.4
5/07/2018 10:17:23 AM	3613594643	1013.00	27.09	32.01	89.1	27.14	32.01	88.7	26.47	32.01	94.6	26.81	32.01	91.5
5/07/2018 10:17:24 AM	3613594644	1013.00	27.09	32.01	89.1	27.15	32.01	88.6	26.47	32.01	94.6	26.80	32.01	91.6
5/07/2018 10:17:25 AM	3613594645	1013.00	27.06	32.01	89.4	27.12	32.01	88.9	26.53	32.01	94.0	26.81	32.01	91.5
5/07/2018 10:17:26 AM	3613594646	1013.00	27.11	32.01	89.0	27.16	32.01	88.5	26.44	32.01	94.8	26.85	32.01	91.2
5/07/2018 10:17:27 AM	3613594647	1013.00	27.12	32.02	88.9	27.18	32.02	88.3	26.50	32.02	94.3	26.78	32.02	91.8
5/07/2018 10:17:28 AM	3613594648	1013.00	27.11	32.02	88.9	27.14	32.02	88.7	26.44	32.02	94.8	26.86	32.02	91.1
5/07/2018 10:17:29 AM	3613594649	1013.00	27.10	32.02	89.0	27.13	32.02	88.8	26.50	32.02	94.3	26.86	32.02	91.1
5/07/2018 10:17:30 AM	3613594650	1013.00	27.11	32.02	88.9	27.14	32.02	88.7	26.53	32.02	94.0	26.84	32.02	91.3
5/07/2018 10:17:31 AM	3613594651	1013.00	27.16	32.02	88.5	27.16	32.02	88.5	26.48	32.02	94.5	26.84	32.02	91.3
5/07/2018 10:17:32 AM	3613594652	1013.00	27.11	32.02	88.9	27.16	32.02	88.5	26.52	32.02	94.1	26.86	32.02	91.1
5/07/2018 10:17:33 AM	3613594653	1013.00	27.12	32.03	88.8	27.22	32.03	88.0	26.47	32.03	94.5	26.88	32.03	90.9
5/07/2018 10:17:34 AM	3613594654	1013.00	27.16	32.02	88.5	27.15	32.02	88.6	26.54	32.02	93.9	26.85	32.02	91.2
5/07/2018 10:17:35 AM	3613594655	1013.00	27.09	32.02	89.1	27.12	32.02	88.9	26.48	32.02	94.5	26.90	32.02	90.7
5/07/2018 10:17:36 AM	3613594656	1013.00	27.09	32.02	89.1	27.16	32.02	88.5	26.51	32.02	94.2	26.95	32.02	90.3
5/07/2018 10:17:37 AM	3613594657	1013.00	27.09	32.02	89.1	27.23	32.02	87.9	26.50	32.02	94.3	26.90	32.02	90.7
5/07/2018 10:17:38 AM	3613594658	1013.00	27.12	32.01	88.9	27.23	32.01	87.9	26.50	32.01	94.3	26.95	32.01	90.3
5/07/2018 10:17:39 AM	3613594659	1013.00	27.12	32.01	88.9	27.20	32.01	88.2	26.53	32.01	94.0	26.96	32.01	90.2
5/07/2018 10:17:40 AM	3613594660	1013.00	27.16	32.01	88.5	27.25	32.01	87.8	26.51	32.01	94.2	26.96	32.01	90.2
5/07/2018 10:17:41 AM	3613594661	1013.00	27.16	32.01	88.5	27.21	32.01	88.1	26.48	32.01	94.5	26.91	32.01	90.7
5/07/2018 10:17:42 AM	3613594662	1013.00	27.16	32.02	88.5	27.21	32.02	88.1	26.51	32.02	94.2	27.01	32.02	89.8
5/07/2018 10:17:43 AM	3613594663	1013.00	27.17	32.02	88.4	27.24	32.02	87.8	26.50	32.02	94.3	26.97	32.02	90.1
5/07/2018 10:17:44 AM	3613594664	1013.00	27.16	32.01	88.5	27.23	32.01	87.9	26.53	32.01	94.0	26.92	32.01	90.6
5/07/2018 10:17:45 AM	3613594665	1013.00	27.17	32.02	88.4	27.26	32.02	87.7	26.54	32.02	93.9	26.98	32.02	90.0
5/07/2018 10:17:46 AM	3613594666	1013.00	27.18	32.02	88.3	27.24	32.02	87.8	26.55	32.02	93.8	27.03	32.02	89.6
5/07/2018 10:17:47 AM	3613594667	1013.00	27.16	32.01	88.5	27.30	32.01	87.4	26.52	32.01	94.1	27.02	32.01	89.7
5/07/2018 10:17:48 AM	3613594668	1013.00	27.15	32.01	88.6	27.32	32.01	87.2	26.46	32.01	94.7	26.98	32.01	90.1
5/07/2018 10:17:49 AM	3613594669	1013.00	27.15	32.02	88.6	27.35	32.02	86.9	26.53	32.02	94.0	27.06	32.02	89.4
5/07/2018 10:17:50 AM	3613594670	1013.00	27.19	32.01	88.3	27.32	32.01	87.2	26.52	32.01	94.1	27.02	32.01	89.7
5/07/2018 10:17:51 AM	3613594671	1013.00	27.19	32.01	88.3	27.29	32.01	87.4	26.50	32.01	94.3	27.09	32.01	89.1
5/07/2018 10:17:52 AM	3613594672	1013.00	27.15	32.02	88.6	27.31	32.02	87.3	26.50	32.02	94.3	27.04	32.02	89.5
5/07/2018 10:17:53 AM	3613594673	1013.00	27.20	32.02	88.2	27.35	32.02	86.9	26.56	32.02	93.7	27.04	32.02	89.5
5/07/2018 10:17:54 AM	3613594674	1013.00	27.17	32.01	88.4	27.39	32.01	86.6	26.51	32.01	94.2	27.12	32.01	88.9
5/07/2018 10:17:55 AM	3613594675	1013.00	27.20	32.01	88.2	27.39	32.01	86.6	26.50	32.01	94.3	27.07	32.01	89.3
5/07/2018 10:17:56 AM	3613594676	1013.00	27.20	32.01	88.2	27.33	32.01	87.1	26.51	32.01	94.2	27.06	32.01	89.4
5/07/2018 10:17:57 AM	3613594677	1013.00	27.19	32.01	88.3	27.39	32.01	86.6	26.52	32.01	94.1	27.07	32.01	89.3
5/07/2018 10:17:58 AM	3613594678	1013.00	27.15	32.01	88.6	27.39	32.01	86.6	26.52	32.01	94.1	27.07	32.01	89.3
5/07/2018 10:17:59 AM	3613594679	1013.00	27.20	32.01	88.2	27.33	32.01	87.1	26.56	32.01	93.7	27.13	32.01	88.8
5/07/2018 10:18:00 AM	3613594680	1013.00	27.18	32.02	88.3	27.36	32.02	86.9	26.46	32.02	94.6	27.07	32.02	89.3
5/07/2018 10:18:01 AM	3613594681	1013.00	27.23	32.03	87.9	27.37	32.03	86.8	26.53	32.03	94.0	27.08	32.03	89.2
5/07/2018 10:18:02 AM	3613594682	1013.00	27.16	32.02	88.5	27.31	32.02	87.3	26.48	32.02	94.5	27.06	32.02	89.4
5/07/2018 10:18:03 AM	3613594683	1013.00	27.17	32.02	88.4	27.32	32.02	87.2	26.51	32.02	94.2	27.12	32.02	88.9
5/07/2018 10:18:04 AM	3613594684	1013.00	27.19	32.02	88.3	27.34	32.02	87.0	26.54	32.02	93.9	27.14	32.02	88.7
5/07/2018 10:18:05 AM	3613594685	1013.00	27.22	32.03	88.0	27.33	32.03	87.1	26.55	32.03	93.8	27.13	32.03	88.8
5/07/2018 10:18:06 AM	3613594686	1013.00	27.22	32.02	88.0	27.37	32.02	86.8	26.56	32.02	93.7	27.14	32.02	88.7
5/07/2018 10:18:07 AM	3613594687	1013.00	27.20	32.02	88.2	27.36	32.02	86.9	26.56	32.02	93.7	27.14	32.02	88.7
5/07/2018 10:18:08 AM	3613594688	1013.00	27.19	32.02	88.3	27.35	32.02	86.9	26.52	32.02	94.1	27.17	32.02	88.4
5/07/2018 10:18:09 AM	3613594689	1013.00	27.21	32.01	88.1	27.41	32.01	86.5	26.52	32.01	94.1	27.14	32.01	88.7
5/07/2018 10:18:10 AM	3613594690	1013.00	27.24	32.01	87.9	27.40	32.01	86.5	26.56	32.01	93.7	27.16	32.01	88.5
5/07/2018 10:18:11 AM	3613594691	1013.00	27.22	32.01	88.0	27.39	32.01	86.6	26.54	32.01	93.9	27.19	32.01	88.3
5/07/2018 10:18:12 AM	3613594692	1013.00	27.20	32.01	88.2	27.37	32.01	86.8	26.58	32.01	93.6	27.13	32.01	88.8
5/07/2018 10:18:13 AM	3613594693	1013.00	27.23	32.01	87.9	27.39	32.01	86.6	26.58	32.01	93.6	27.16	32.01	88.5
5/07/2018 10:18:14 AM	3613594694	1013.00	27.19	32.01	88.3	27.41	32.01	86.5	26.56	32.01	93.7	27.18	32.01	88.4
5/07/2018 10:18:15 AM	3613594695	1013.00	27.23	32.02	87.9	27.37	32.02	86.8	26.57	32.02	93.6	27.15	32.02	88.6
5/07/2018 10:18:16 AM	3613594696	1013.00	27.23	32.01	87.9	27.38	32.01	86.7	26.61	32.01	93.3	27.19	32.01	88.3
5/07/2018 10:18:17 AM	3613594697	1013.00	27.20	32.02	88.2	27.37	32.02	86.8	26.58	32.02	93.6	27.23	32.02	87.9
5/07/2018 10:18:18 AM	3613594698	1013.00	27.23	32.02	87.9	27.46	32.02	86.0	26.56	32.02	93.7	27.16	32.02	88.5
5/07/2018 10:18:19 AM	3613594699	1013.00	27.20	32.03	88.2	27.46	32.03	86.0	26.66	32.03	92.8	27.21	32.03	88.1
5/07/2018 10:18:20 AM	3613594700	1013.00	27.23	32.03	87.9	27.40	32.03	86.5	26.62	32.03	93.2	27.20	32.03	88.2
5/07/2018 10:18:21 AM	3613594701	1013.00	27.23	32.03	87.9	27.48	32.03	85.9	26.54	32.03	93.9	27.17	32.03	88.4
5/07/2018 10:18:22 AM	3613594702	1013.00	27.26	32.03	87.7	27.40	32.03	86.5	26.58	32.03	93.5	27.22	32.03	88.0
5/07/2018 10:18:23 AM	3613594703	1013.00	27.26	32.03	87.7	27.48	32.03	85.9	26.56	32.03	93.7	27.20	32.03	88.2
5/07/2018 10:18:24 AM	3613594704	1013.00	27.24	32.02	87.8	27.44	32.02	86.2	26.64	32.02	93.0	27.24	32.02	87.8
5/07/2018 10:18:25 AM	3613594705	1013.00	27.25	32.02	87.8	27.40	32.02	86.5	26.63	32.02	93.1	27.22	32.02	88.0
5/07/2018 10:18:26 AM	3613594706	1013.00	27.22	32.02	88.0	27.47	32.02	86.0	26.58	32.02	93.6	27.26	32.02	87.7
5/07/2018 10:18:27 AM	3613594707	1013.00	27.23	32.02	87.9	27.41	32.02	86.4	26.57	32.02	93.6	27.25	32.02	87.8
5/07/2018 10:18:28 AM	3613594708	1013.00	27.25	32.02	87.8	27.45	32.02	86.1	26.55	32.02	93.8	27.22	32.02	88.0
5/07/2018 10:18:29 AM	3613594709	1013.00	27.27	32.03	87.6	27.48	32.03	85.9	26.62	32.03	93.2	27.29	32.03	87.4
5/07/2018 10:18:30 AM	3613594710	1013.00	27.23	32.03	87.9	27.42	32.03	86.4	26.59	32.03	93.4	27.29	32.03	87.4
5/07/2018 10:18:31 AM	3613594711	1013.00	27.33	32.03	87.1	27.48	32.03	85.9	26.57	32.03	93.6	27.26	32.03	87.7
5/07/2018 10:18:32 AM	3613594712	1013.00	27.31	32.03	87.3	27.40	32.03	86.5	26.60	32.03	93.4	27.34	32.03	87.0
5/07/2018 10:18:33 AM	3613594713	1013.00	27.26	32.03	87.7	27.42	32.03	86.4	26.63	32.03	93.1	27.28	32.03	87.5
5/07/2018 10:18:34 AM	3613594714	1013.00	27.31	32.03	87.3	27.39	32.03	86.6	26.61	32.03	93.3	27.31	32.03	87.3
5/07/2018 10:18:35 AM	3613594715	1013.00	27.22	32.03	88.0	27.46	32.03	86.0	26.64	32.03	93.0	27.35	32.03	86.9
5/07/2018 10:18:36 AM	3613594716	1013.00	27.28	32.03	87.5	27.50	32.03	85.7	26.57	32.03	93.6	27.28	32.03	87.5
5/07/2018 10:18:37 AM	3613594717	1013.00	27.27	32.03	87.6	27.45	32.03	86.1	26.63	32.03	93.1	27.33	32.03	87.1
5/07/2018 10:18:38 AM	3613594718	1013.00	27.31	32.03	87.3	27.51	32.03	85.6	26.62	32.03	93.2	27.31	32.03	87.3
5/07/2018 10:18:39 AM	3613594719	1013.00	27.30	32.02	87.4	27.48	32.02	85.9	26.64	32.02	93.0	27.29	32.02	87.4
5/07/2018 10:18:40 AM	3613594720	1013.00	27.32	32.02	87.2	27.42	32.02	86.4	26.64	32.02	93.0	27.34	32.02	87.0
5/07/2018 10:18:41 AM	3613594721	1013.00	27.29	32.02	87.4	27.51	32.02	85.6	26.63	32.02	93.1	27.33	32.02	87.1
5/07/2018 10:18:42 AM	3613594722	1013.00	27.29	32.01	87.4	27.42	32.01	86.4	26.59	32.01	93.5	27.38	32.01	86.7
5/07/2018 10:18:43 AM	3613594723	1013.00	27.31	32.02	87.3	27.56	32.02	85.2	26.60	32.02	93.4	27.32	32.02	87.2
5/07/2018 10:18:44 AM	3613594724	1013.00	27.29	32.02	87.4	27.55	32.02	85.3	26.64	32.02	93.0	27.37	32.02	86.8
5/07/2018 10:18:45 AM	3613594725	1013.00	27.34	32.02	87.0	27.48	32.02	85.9	26.63	32.02	93.1	27.37	32.02	86.8
5/07/2018 10:18:46 AM	3613594726	1013.00	27.30	32.02	87.4	27.52	32.02	85.6	26.61	32.02	93.3	27.35	32.02	86.9
5/07/2018 10:18:47 AM	3613594727	1013.00	27.30	32.02	87.4	27.58	32.02	85.1	26.59	32.02	93.5	27.32	32.02	87.2
5/07/2018 10:18:48 AM	3613594728	1013.00	27.30	32.01	87.4	27.46	32.01	86.1	26.65	32.01	92.9	27.37	32.01	86.8
5/07/2018 10:18:49 AM	3613594729	1013.00	27.34	32.01	87.0	27.57	32.01	85.2	26.65	32.01	92.9	27.41	32.01	86.5
5/07/2018 10:18:50 AM	3613594730	1013.00	27.33	32.02	87.1	27.48	32.02	85.9	26.66	32.02	92.8	27.34	32.02	87.0
5/07/2018 10:18:51 AM	3613594731	1013.00	27.29	32.02	87.4	27.55	32.02	85.3	26.69	32.02	92.6	27.35	32.02	86.9
5/07/2018 10:18:52 AM	3613594732	1013.00	27.35	32.02	86.9	27.55	32.02	85.3	26.64	32.02	93.0	27.40	32.02	86.5
5/07/2018 10:18:53 AM	3613594733	1013.00	27.34	32.03	87.0	27.54	32.03	85.4	26.66	32.03	92.8	27.36	32.03	86.8
5/07/2018 10:18:54 AM	3613594734	1013.00	27.33	32.02	87.1	27.47	32.02	86.0	26.67	32.02	92.7	27.41	32.02	86.4
5/07/2018 10:18:55 AM	3613594735	1013.00	27.35	32.02	86.9	27.52	32.02	85.6	26.62	32.02	93.2	27.36	32.02	86.9
5/07/2018 10:18:56 AM	3613594736	1013.00	27.37	32.02	86.8	27.58	32.02	85.1	26.66	32.02	92.8	27.39	32.02	86.6
5/07/2018 10:18:57 AM	3613594737	1013.00	27.31	32.01	87.3	27.56	32.01	85.3	26.63	32.01	93.1	27.38	32.01	86.7
5/07/2018 10:18:58 AM	3613594738	1013.00	27.33	32.01	87.1	27.53	32.01	85.5	26.61	32.01	93.3	27.41	32.01	86.5
5/07/2018 10:18:59 AM	3613594739	1013.00	27.34	32.02	87.0	27.65	32.02	84.5	26.62	32.02	93.2	27.42	32.02	86.4
5/07/2018 10:19:00 AM	3613594740	1013.00	27.35	32.02	86.9	27.52	32.02	85.6	26.64	32.02	93.0	27.48	32.02	85.9
5/07/2018 10:19:01 AM	3613594741	1013.00	27.34	32.03	87.0	27.56	32.03	85.2	26.61	32.03	93.3	27.44	32.03	86.2
5/07/2018 10:19:02 AM	3613594742	1013.00	27.38	32.02	86.7	27.62	32.02	84.8	26.64	32.02	93.0	27.46	32.02	86.0
5/07/2018 10:19:03 AM	3613594743	1013.00	27.33	32.02	87.1	27.55	32.02	85.3	26.63	32.02	93.1	27.41	32.02	86.4
5/07/2018 10:19:04 AM	3613594744	1013.00	27.41	32.02	86.4	27.54	32.02	85.4	26.67	32.02	92.7	27.44	32.02	86.2
5/07/2018 10:19:05 AM	3613594745	1013.00	27.38	32.02	86.7	27.62	32.02	84.8	26.70	32.02	92.5	27.49	32.02	85.8
5/07/2018 10:19:06 AM	3613594746	1013.00	27.38	32.02	86.7	27.62	32.02	84.8	26.69	32.02	92.6	27.42	32.02	86.4
5/07/2018 10:19:07 AM	3613594747	1013.00	27.37	32.03	86.8	27.61	32.03	84.8	26.68	32.03	92.6	27.48	32.03	85.9
5/07/2018 10:19:08 AM	3613594748	1013.00	27.38	32.03	86.7	27.55	32.03	85.3	26.69	32.03	92.6	27.45	32.03	86.1
5/07/2018 10:19:09 AM	3613594749	1013.00	27.37	32.03	86.8	27.58	32.03	85.1	26.64	32.03	93.0	27.46	32.03	86.0
5/07/2018 10:19:10 AM	3613594750	1013.00	27.41	32.03	86.4	27.58	32.03	85.1	26.71	32.03	92.4	27.49	32.03	85.8
5/07/2018 10:19:11 AM	3613594751	1013.00	27.39	32.03	86.6	27.57	32.03	85.1	26.66	32.03	92.8	27.50	32.03	85.7
5/07/2018 10:19:12 AM	3613594752	1013.00	27.41	32.02	86.4	27.58	32.02	85.1	26.67	32.02	92.7	27.48	32.02	85.9
5/07/2018 10:19:13 AM	3613594753	1013.00	27.43	32.02	86.3	27.59	32.02	85.0	26.65	32.02	92.9	27.44	32.02	86.2
5/07/2018 10:19:14 AM	3613594754	1013.00	27.38	32.02	86.7	27.63	32.02	84.7	26.68	32.02	92.7	27.48	32.02	85.9
5/07/2018 10:19:15 AM	3613594755	1013.00	27.43	32.01	86.3	27.57	32.01	85.2	26.65	32.01	92.9	27.50	32.01	85.7
5/07/2018 10:19:16 AM	3613594756	1013.00	27.40	32.02	86.5	27.59	32.02	85.0	26.69	32.02	92.6	27.50	32.02	85.7
5/07/2018 10:19:17 AM	3613594757	1013.00	27.42	32.02	86.4	27.57	32.02	85.2	26.73	32.02	92.2	27.52	32.02	85.6
5/07/2018 10:19:18 AM	3613594758	1013.00	27.44	32.02	86.2	27.63	32.02	84.7	26.65	32.02	92.9	27.45	32.02	86.1
5/07/2018 10:19:19 AM	3613594759	1013.00	27.44	32.02	86.2	27.62	32.02	84.8	26.66	32.02	92.8	27.54	32.02	85.4
5/07/2018 10:19:20 AM	3613594760	1013.00	27.47	32.03	85.9	27.56	32.03	85.2	26.63	32.03	93.1	27.52	32.03	85.5
5/07/2018 10:19:21 AM	3613594761	1013.00	27.40	32.03	86.5	27.66	32.03	84.4	26.64	32.03	93.0	27.50	32.03	85.7
5/07/2018 10:19:22 AM	3613594762	1013.00	27.50	32.02	85.7	27.54	32.02	85.4	26.70	32.02	92.5	27.55	32.02	85.3
5/07/2018 10:19:23 AM	3613594763	1013.00	27.44	32.03	86.2	27.68	32.03	84.3	26.69	32.03	92.6	27.54	32.03	85.4
5/07/2018 10:19:24 AM	3613594764	1013.00	27.45	32.02	86.1	27.54	32.02	85.4	26.71	32.02	92.4	27.49	32.02	85.8
5/07/2018 10:19:25 AM	3613594765	1013.00	27.42	32.02	86.4	27.57	32.02	85.2	26.72	32.02	92.3	27.52	32.02	85.6
5/07/2018 10:19:26 AM	3613594766	1013.00	27.48	32.02	85.9	27.61	32.02	84.8	26.69	32.02	92.6	27.54	32.02	85.4
5/07/2018 10:19:27 AM	3613594767	1013.00	27.47	32.03	85.9	27.57	32.03	85.1	26.77	32.03	91.8	27.51	32.03	85.6
5/07/2018 10:19:28 AM	3613594768	1013.00	27.44	32.03	86.2	27.60	32.03	84.9	26.69	32.03	92.6	27.53	32.03	85.5
5/07/2018 10:19:29 AM	3613594769	1013.00	27.47	32.03	85.9	27.67	32.03	84.3	26.66	32.03	92.8	27.53	32.03	85.5
5/07/2018 10:19:30 AM	3613594770	1013.00	27.51	32.04	85.6	27.67	32.04	84.3	26.75	32.04	92.0	27.61	32.04	84.8
5/07/2018 10:19:31 AM	3613594771	1013.00	27.49	32.04	85.8	27.67	32.04	84.3	26.74	32.04	92.1	27.58	32.04	85.0
5/07/2018 10:19:32 AM	3613594772	1013.00	27.54	32.03	85.4	27.69	32.03	84.2	26.72	32.03	92.3	27.57	32.03	85.1
5/07/2018 10:19:33 AM	3613594773	1013.00	27.50	32.03	85.7	27.68	32.03	84.3	26.68	32.03	92.6	27.62	32.03	84.7
5/07/2018 10:19:34 AM	3613594774	1013.00	27.51	32.03	85.6	27.67	32.03	84.3	26.72	32.03	92.3	27.57	32.03	85.1
5/07/2018 10:19:35 AM	3613594775	1013.00	27.47	32.03	85.9	27.69	32.03	84.2	26.76	32.03	91.9	27.63	32.03	84.7
5/07/2018 10:19:36 AM	3613594776	1013.00	27.46	32.03	86.0	27.68	32.03	84.3	26.69	32.03	92.6	27.61	32.03	84.8
5/07/2018 10:19:37 AM	3613594777	1013.00	27.51	32.03	85.6	27.76	32.03	83.6	26.71	32.03	92.4	27.63	32.03	84.7
5/07/2018 10:19:38 AM	3613594778	1013.00	27.48	32.02	85.9	27.67	32.02	84.4	26.73	32.02	92.2	27.60	32.02	84.9
5/07/2018 10:19:39 AM	3613594779	1013.00	27.54	32.03	85.4	27.72	32.03	84.0	26.76	32.03	91.9	27.69	32.03	84.2
5/07/2018 10:19:40 AM	3613594780	1013.00	27.53	32.03	85.5	27.74	32.03	83.8	26.75	32.03	92.0	27.63	32.03	84.7
5/07/2018 10:19:41 AM	3613594781	1013.00	27.52	32.02	85.6	27.75	32.02	83.7	26.73	32.02	92.2	27.68	32.02	84.3
5/07/2018 10:19:42 AM	3613594782	1013.00	27.53	32.03	85.5	27.71	32.03	84.0	26.73	32.03	92.2	27.65	32.03	84.5
5/07/2018 10:19:43 AM	3613594783	1013.00	27.54	32.03	85.4	27.74	32.03	83.8	26.73	32.03	92.2	27.68	32.03	84.3
5/07/2018 10:19:44 AM	3613594784	1013.00	27.52	32.03	85.5	27.77	32.03	83.6	26.77	32.03	91.8	27.65	32.03	84.5
5/07/2018 10:19:45 AM	3613594785	1013.00	27.58	32.03	85.1	27.74	32.03	83.8	26.76	32.03	91.9	27.71	32.03	84.0
5/07/2018 10:19:46 AM	3613594786	1013.00	27.55	32.03	85.3	27.75	32.03	83.7	26.76	32.03	91.9	27.72	32.03	84.0
5/07/2018 10:19:47 AM	3613594787	1013.00	27.53	32.03	85.5	27.75	32.03	83.7	26.72	32.03	92.3	27.75	32.03	83.7
5/07/2018 10:19:48 AM	3613594788	1013.00	27.55	32.02	85.3	27.80	32.02	83.3	26.74	32.02	92.1	27.75	32.02	83.7
5/07/2018 10:19:49 AM	3613594789	1013.00	27.54	32.02	85.4	27.77	32.02	83.6	26.73	32.02	92.2	27.70	32.02	84.1
5/07/2018 10:19:50 AM	3613594790	1013.00	27.53	32.02	85.5	27.71	32.02	84.0	26.78	32.02	91.8	27.76	32.02	83.7
5/07/2018 10:19:51 AM	3613594791	1013.00	27.55	32.03	85.3	27.74	32.03	83.8	26.75	32.03	92.0	27.77	32.03	83.6
5/07/2018 10:19:52 AM	3613594792	1013.00	27.58	32.03	85.1	27.74	32.03	83.8	26.78	32.03	91.8	27.75	32.03	83.7
5/07/2018 10:19:53 AM	3613594793	1013.00	27.55	32.03	85.3	27.76	32.03	83.6	26.72	32.03	92.3	27.80	32.03	83.3
5/07/2018 10:19:54 AM	3613594794	1013.00	27.58	32.04	85.0	27.77	32.04	83.5	26.77	32.04	91.8	27.72	32.04	83.9
5/07/2018 10:19:55 AM	3613594795	1013.00	27.55	32.04	85.3	27.72	32.04	83.9	26.76	32.04	91.9	27.76	32.04	83.6
5/07/2018 10:19:56 AM	3613594796	1013.00	27.61	32.04	84.8	27.81	32.04	83.2	26.75	32.04	92.0	27.79	32.04	83.4
5/07/2018 10:19:57 AM	3613594797	1013.00	27.55	32.04	85.3	27.74	32.04	83.8	26.82	32.04	91.4	27.79	32.04	83.4
5/07/2018 10:19:58 AM	3613594798	1013.00	27.51	32.04	85.6	27.77	32.04	83.5	26.79	32.04	91.7	27.76	32.04	83.6
5/07/2018 10:19:59 AM	3613594799	1013.00	27.55	32.03	85.3	27.82	32.03	83.2	26.83	32.03	91.3	27.81	32.03	83.2
5/07/2018 10:20:00 AM	3613594800	1013.00	27.53	32.03	85.5	27.79	32.03	83.4	26.78	32.03	91.8	27.81	32.03	83.2
5/07/2018 10:20:01 AM	3613594801	1013.00	27.60	32.03	84.9	27.76	32.03	83.6	26.81	32.03	91.5	27.76	32.03	83.6
5/07/2018 10:20:02 AM	3613594802	1013.00	27.57	32.03	85.1	27.75	32.03	83.7	26.81	32.03	91.5	27.82	32.03	83.2
5/07/2018 10:20:03 AM	3613594803	1013.00	27.58	32.03	85.1	27.80	32.03	83.3	26.84	32.03	91.2	27.83	32.03	83.1
5/07/2018 10:20:04 AM	3613594804	1013.00	27.58	32.03	85.1	27.81	32.03	83.2	26.80	32.03	91.6	27.77	32.03	83.6
5/07/2018 10:20:05 AM	3613594805	1013.00	27.61	32.03	84.8	27.80	32.03	83.3	26.76	32.03	91.9	27.83	32.03	83.1
5/07/2018 10:20:06 AM	3613594806	1013.00	27.57	32.03	85.1	27.77	32.03	83.6	26.74	32.03	92.1	27.85	32.03	82.9
5/07/2018 10:20:07 AM	3613594807	1013.00	27.59	32.04	85.0	27.82	32.04	83.2	26.84	32.04	91.2	27.86	32.04	82.8
5/07/2018 10:20:08 AM	3613594808	1013.00	27.61	32.04	84.8	27.82	32.04	83.2	26.76	32.04	91.9	27.81	32.04	83.2
5/07/2018 10:20:09 AM	3613594809	1013.00	27.58	32.04	85.0	27.79	32.04	83.4	26.79	32.04	91.7	27.85	32.04	82.9
5/07/2018 10:20:10 AM	3613594810	1013.00	27.62	32.04	84.7	27.84	32.04	83.0	26.80	32.04	91.6	27.92	32.04	82.4
5/07/2018 10:20:11 AM	3613594811	1013.00	27.61	32.04	84.8	27.81	32.04	83.2	26.81	32.04	91.5	27.88	32.04	82.7
5/07/2018 10:20:12 AM	3613594812	1013.00	27.64	32.04	84.6	27.86	32.04	82.8	26.82	32.04	91.4	27.88	32.04	82.7
5/07/2018 10:20:13 AM	3613594813	1013.00	27.64	32.04	84.6	27.83	32.04	83.1	26.83	32.04	91.3	27.89	32.04	82.6
5/07/2018 10:20:14 AM	3613594814	1013.00	27.63	32.04	84.7	27.85	32.04	82.9	26.83	32.04	91.3	27.87	32.04	82.8
5/07/2018 10:20:15 AM	3613594815	1013.00	27.62	32.03	84.7	27.86	32.03	82.9	26.79	32.03	91.7	27.90	32.03	82.6
5/07/2018 10:20:16 AM	3613594816	1013.00	27.65	32.03	84.5	27.88	32.03	82.7	26.79	32.03	91.7	27.87	32.03	82.8
5/07/2018 10:20:17 AM	3613594817	1013.00	27.64	32.03	84.6	27.83	32.03	83.1	26.83	32.03	91.3	27.87	32.03	82.8
5/07/2018 10:20:18 AM	3613594818	1013.00	27.64	32.04	84.6	27.83	32.04	83.1	26.82	32.04	91.4	27.92	32.04	82.4
5/07/2018 10:20:19 AM	3613594819	1013.00	27.63	32.04	84.7	27.85	32.04	82.9	26.82	32.04	91.4	27.84	32.04	83.0
5/07/2018 10:20:20 AM	3613594820	1013.00	27.63	32.04	84.7	27.84	32.04	83.0	26.89	32.04	90.8	27.89	32.04	82.6
5/07/2018 10:20:21 AM	3613594821	1013.00	27.59	32.03	85.0	27.86	32.03	82.9	26.81	32.03	91.5	27.87	32.03	82.8
5/07/2018 10:20:22 AM	3613594822	1013.00	27.63	32.03	84.7	27.84	32.03	83.0	26.80	32.03	91.6	27.93	32.03	82.3
5/07/2018 10:20:23 AM	3613594823	1013.00	27.63	32.02	84.7	27.87	32.02	82.8	26.81	32.02	91.5	27.92	32.02	82.4
5/07/2018 10:20:24 AM	3613594824	1013.00	27.59	32.02	85.0	27.83	32.02	83.1	26.85	32.02	91.2	27.90	32.02	82.6
5/07/2018 10:20:25 AM	3613594825	1013.00	27.60	32.02	84.9	27.84	32.02	83.0	26.83	32.02	91.3	27.94	32.02	82.3
5/07/2018 10:20:26 AM	3613594826	1013.00	27.63	32.03	84.7	27.87	32.03	82.8	26.79	32.03	91.7	27.91	32.03	82.5
5/07/2018 10:20:27 AM	3613594827	1013.00	27.64	32.02	84.6	27.89	32.02	82.6	26.83	32.02	91.3	27.91	32.02	82.5
5/07/2018 10:20:28 AM	3613594828	1013.00	27.65	32.03	84.5	27.90	32.03	82.6	26.84	32.03	91.2	27.92	32.03	82.4
5/07/2018 10:20:29 AM	3613594829	1013.00	27.67	32.03	84.3	27.82	32.03	83.2	26.82	32.03	91.4	27.90	32.03	82.6
5/07/2018 10:20:30 AM	3613594830	1013.00	27.64	32.03	84.6	27.90	32.03	82.6	26.82	32.03	91.4	27.92	32.03	82.4
5/07/2018 10:20:31 AM	3613594831	1013.00	27.66	32.03	84.4	27.93	32.03	82.3	26.90	32.03	90.7	27.94	32.03	82.2
5/07/2018 10:20:32 AM	3613594832	1013.00	27.68	32.03	84.3	27.89	32.03	82.6	26.86	32.03	91.1	27.92	32.03	82.4
5/07/2018 10:20:33 AM	3613594833	1013.00	27.68	32.04	84.3	27.89	32.04	82.6	26.84	32.04	91.2	27.93	32.04	82.3
5/07/2018 10:20:34 AM	3613594834	1013.00	27.69	32.03	84.2	27.91	32.03	82.5	26.81	32.03	91.5	27.96	32.03	82.1
5/07/2018 10:20:35 AM	3613594835	1013.00	27.71	32.04	84.0	27.91	32.04	82.5	26.84	32.04	91.2	27.96	32.04	82.1
5/07/2018 10:20:36 AM	3613594836	1013.00	27.66	32.03	84.4	27.90	32.03	82.6	26.83	32.03	91.3	27.98	32.03	81.9
5/07/2018 10:20:37 AM	3613594837	1013.00	27.74	32.04	83.8	27.89	32.04	82.6	26.85	32.04	91.1	27.97	32.04	82.0
5/07/2018 10:20:38 AM	3613594838	1013.00	27.73	32.03	83.9	27.87	32.03	82.8	26.85	32.03	91.1	27.99	32.03	81.9
5/07/2018 10:20:39 AM	3613594839	1013.00	27.70	32.03	84.1	27.92	32.03	82.4	26.85	32.03	91.1	28.00	32.03	81.8
5/07/2018 10:20:40 AM	3613594840	1013.00	27.71	32.03	84.0	27.94	32.03	82.2	26.85	32.03	91.1	27.98	32.03	81.9
5/07/2018 10:20:41 AM	3613594841	1013.00	27.69	32.03	84.2	27.94	32.03	82.2	26.86	32.03	91.1	28.02	32.03	81.6
5/07/2018 10:20:42 AM	3613594842	1013.00	27.71	32.04	84.0	27.91	32.04	82.5	26.88	32.04	90.9	28.00	32.04	81.8
5/07/2018 10:20:43 AM	3613594843	1013.00	27.71	32.04	84.0	27.95	32.04	82.2	26.84	32.04	91.2	28.00	32.04	81.8
5/07/2018 10:20:44 AM	3613594844	1013.00	27.71	32.04	84.0	27.98	32.04	81.9	26.86	32.04	91.0	28.00	32.04	81.8
5/07/2018 10:20:45 AM	3613594845	1013.00	27.76	32.04	83.6	27.94	32.04	82.2	26.86	32.04	91.0	28.00	32.04	81.8
5/07/2018 10:20:46 AM	3613594846	1013.00	27.68	32.04	84.3	27.95	32.04	82.2	26.90	32.04	90.7	27.98	32.04	81.9
5/07/2018 10:20:47 AM	3613594847	1013.00	27.68	32.05	84.2	27.98	32.05	81.9	26.87	32.05	90.9	28.00	32.05	81.8
5/07/2018 10:20:48 AM	3613594848	1013.00	27.69	32.04	84.2	27.94	32.04	82.2	26.87	32.04	91.0	28.03	32.04	81.5
5/07/2018 10:20:49 AM	3613594849	1013.00	27.68	32.04	84.3	27.91	32.04	82.5	26.93	32.04	90.4	28.04	32.04	81.5
5/07/2018 10:20:50 AM	3613594850	1013.00	27.72	32.04	83.9	27.96	32.04	82.1	26.91	32.04	90.6	28.01	32.04	81.7
5/07/2018 10:20:51 AM	3613594851	1013.00	27.70	32.04	84.1	27.93	32.04	82.3	26.85	32.04	91.1	28.07	32.04	81.2
5/07/2018 10:20:52 AM	3613594852	1013.00	27.73	32.05	83.8	27.97	32.05	82.0	26.85	32.05	91.1	28.03	32.05	81.5
5/07/2018 10:20:53 AM	3613594853	1013.00	27.75	32.05	83.7	27.99	32.05	81.8	26.86	32.05	91.0	27.99	32.05	81.8
5/07/2018 10:20:54 AM	3613594854	1013.00	27.73	32.05	83.8	27.92	32.05	82.4	26.88	32.05	90.9	28.04	32.05	81.5
5/07/2018 10:20:55 AM	3613594855	1013.00	27.76	32.04	83.6	27.93	32.04	82.3	26.83	32.04	91.3	28.04	32.04	81.5
5/07/2018 10:20:56 AM	3613594856	1013.00	27.74	32.04	83.8	27.94	32.04	82.2	26.87	32.04	91.0	28.08	32.04	81.2
5/07/2018 10:20:57 AM	3613594857	1013.00	27.72	32.03	84.0	28.01	32.03	81.7	26.92	32.03	90.5	28.06	32.03	81.3
5/07/2018 10:20:58 AM	3613594858	1013.00	27.74	32.03	83.8	27.98	32.03	81.9	26.88	32.03	90.9	28.06	32.03	81.3
5/07/2018 10:20:59 AM	3613594859	1013.00	27.75	32.03	83.7	28.01	32.03	81.7	26.92	32.03	90.5	28.01	32.03	81.7
5/07/2018 10:21:00 AM	3613594860	1013.00	27.77	32.03	83.6	28.02	32.03	81.6	26.92	32.03	90.5	28.02	32.03	81.6
5/07/2018 10:21:01 AM	3613594861	1013.00	27.74	32.03	83.8	27.97	32.03	82.0	26.92	32.03	90.5	28.12	32.03	80.9
5/07/2018 10:21:02 AM	3613594862	1013.00	27.77	32.04	83.5	27.98	32.04	81.9	26.93	32.04	90.4	28.02	32.04	81.6
5/07/2018 10:21:03 AM	3613594863	1013.00	27.76	32.03	83.6	28.03	32.03	81.6	26.91	32.03	90.6	28.07	32.03	81.3
5/07/2018 10:21:04 AM	3613594864	1013.00	27.78	32.03	83.5	27.96	32.03	82.1	26.94	32.03	90.4	28.12	32.03	80.9
5/07/2018 10:21:05 AM	3613594865	1013.00	27.72	32.03	84.0	28.01	32.03	81.7	26.91	32.03	90.6	28.08	32.03	81.2
5/07/2018 10:21:06 AM	3613594866	1013.00	27.74	32.03	83.8	27.97	32.03	82.0	26.90	32.03	90.7	28.09	32.03	81.1
5/07/2018 10:21:07 AM	3613594867	1013.00	27.75	32.03	83.7	27.99	32.03	81.9	26.95	32.03	90.3	28.07	32.03	81.3
5/07/2018 10:21:08 AM	3613594868	1013.00	27.79	32.04	83.4	28.03	32.04	81.5	26.94	32.04	90.4	28.11	32.04	80.9
5/07/2018 10:21:09 AM	3613594869	1013.00	27.79	32.03	83.4	27.98	32.03	81.9	26.93	32.03	90.5	28.13	32.03	80.8
5/07/2018 10:21:10 AM	3613594870	1013.00	27.79	32.03	83.4	27.97	32.03	82.0	26.89	32.03	90.8	28.08	32.03	81.2
5/07/2018 10:21:11 AM	3613594871	1013.00	27.77	32.03	83.6	28.04	32.03	81.5	26.97	32.03	90.1	28.10	32.03	81.0
5/07/2018 10:21:12 AM	3613594872	1013.00	27.80	32.03	83.3	28.01	32.03	81.7	26.91	32.03	90.6	28.11	32.03	81.0
5/07/2018 10:21:13 AM	3613594873	1013.00	27.79	32.03	83.4	28.02	32.03	81.6	26.97	32.03	90.1	28.10	32.03	81.0
5/07/2018 10:21:14 AM	3613594874	1013.00	27.76	32.04	83.6	27.96	32.04	82.1	26.93	32.04	90.4	28.10	32.04	81.0
5/07/2018 10:21:15 AM	3613594875	1013.00	27.76	32.04	83.6	27.99	32.04	81.9	26.96	32.04	90.2	28.10	32.04	81.0
5/07/2018 10:21:16 AM	3613594876	1013.00	27.85	32.04	82.9	28.03	32.04	81.5	26.94	32.04	90.4	28.13	32.04	80.8
5/07/2018 10:21:17 AM	3613594877	1013.00	27.83	32.04	83.1	28.05	32.04	81.4	26.93	32.04	90.4	28.17	32.04	80.5
5/07/2018 10:21:18 AM	3613594878	1013.00	27.79	32.04	83.4	28.05	32.04	81.4	26.92	32.04	90.5	28.21	32.04	80.2
5/07/2018 10:21:19 AM	3613594879	1013.00	27.79	32.03	83.4	28.01	32.03	81.7	26.99	32.03	89.9	28.17	32.03	80.5
5/07/2018 10:21:20 AM	3613594880	1013.00	27.86	32.03	82.9	28.05	32.03	81.4	26.97	32.03	90.1	28.15	32.03	80.7
5/07/2018 10:21:21 AM	3613594881	1013.00	27.79	32.03	83.4	28.10	32.03	81.0	26.95	32.03	90.3	28.15	32.03	80.7
5/07/2018 10:21:22 AM	3613594882	1013.00	27.79	32.03	83.4	28.12	32.03	80.9	26.99	32.03	89.9	28.12	32.03	80.9
5/07/2018 10:21:23 AM	3613594883	1013.00	27.83	32.03	83.1	28.14	32.03	80.7	26.96	32.03	90.2	28.14	32.03	80.7
5/07/2018 10:21:24 AM	3613594884	1013.00	27.86	32.04	82.8	28.04	32.04	81.5	26.97	32.04	90.1	28.15	32.04	80.6
5/07/2018 10:21:25 AM	3613594885	1013.00	27.84	32.04	83.0	28.09	32.04	81.1	26.99	32.04	89.9	28.17	32.04	80.5
5/07/2018 10:21:26 AM	3613594886	1013.00	27.80	32.04	83.3	28.17	32.04	80.5	27.04	32.04	89.5	28.14	32.04	80.7
5/07/2018 10:21:27 AM	3613594887	1013.00	27.84	32.04	83.0	28.14	32.04	80.7	26.97	32.04	90.1	28.16	32.04	80.6
5/07/2018 10:21:28 AM	3613594888	1013.00	27.86	32.04	82.8	28.15	32.04	80.6	26.97	32.04	90.1	28.16	32.04	80.6
5/07/2018 10:21:29 AM	3613594889	1013.00	27.82	32.03	83.2	28.12	32.03	80.9	26.95	32.03	90.3	28.16	32.03	80.6
5/07/2018 10:21:30 AM	3613594890	1013.00	27.80	32.03	83.3	28.13	32.03	80.8	27.00	32.03	89.9	28.19	32.03	80.4
5/07/2018 10:21:31 AM	3613594891	1013.00	27.83	32.03	83.1	28.17	32.03	80.5	26.99	32.03	89.9	28.12	32.03	80.9
5/07/2018 10:21:32 AM	3613594892	1013.00	27.81	32.03	83.2	28.13	32.03	80.8	27.02	32.03	89.7	28.18	32.03	80.4
5/07/2018 10:21:33 AM	3613594893	1013.00	27.81	32.03	83.2	28.20	32.03	80.3	26.99	32.03	89.9	28.14	32.03	80.7
5/07/2018 10:21:34 AM	3613594894	1013.00	27.81	32.03	83.2	28.23	32.03	80.1	26.97	32.03	90.1	28.17	32.03	80.5
5/07/2018 10:21:35 AM	3613594895	1013.00	27.86	32.04	82.8	28.23	32.04	80.0	26.99	32.04	89.9	28.18	32.04	80.4
5/07/2018 10:21:36 AM	3613594896	1013.00	27.83	32.04	83.1	28.19	32.04	80.3	27.04	32.04	89.5	28.20	32.04	80.3
5/07/2018 10:21:37 AM	3613594897	1013.00	27.88	32.04	82.7	28.23	32.04	80.0	26.98	32.04	90.0	28.19	32.04	80.3
5/07/2018 10:21:38 AM	3613594898	1013.00	27.83	32.04	83.1	28.20	32.04	80.3	27.05	32.04	89.4	28.17	32.04	80.5
5/07/2018 10:21:39 AM	3613594899	1013.00	27.84	32.04	83.0	28.24	32.04	80.0	26.99	32.04	89.9	28.22	32.04	80.1
5/07/2018 10:21:40 AM	3613594900	1013.00	27.88	32.03	82.7	28.22	32.03	80.1	27.00	32.03	89.9	28.16	32.03	80.6
5/07/2018 10:21:41 AM	3613594901	1013.00	27.85	32.03	82.9	28.21	32.03	80.2	27.04	32.03	89.5	28.16	32.03	80.6
5/07/2018 10:21:42 AM	3613594902	1013.00	27.88	32.04	82.7	28.20	32.04	80.3	26.99	32.04	89.9	28.19	32.04	80.3
5/07/2018 10:21:43 AM	3613594903	1013.00	27.87	32.04	82.8	28.25	32.04	79.9	27.03	32.04	89.6	28.27	32.04	79.8
5/07/2018 10:21:44 AM	3613594904	1013.00	27.94	32.04	82.2	28.28	32.04	79.7	27.08	32.04	89.2	28.28	32.04	79.7
5/07/2018 10:21:45 AM	3613594905	1013.00	27.93	32.04	82.3	28.22	32.04	80.1	27.03	32.04	89.6	28.20	32.04	80.3
5/07/2018 10:21:46 AM	3613594906	1013.00	27.94	32.04	82.2	28.24	32.04	80.0	26.96	32.04	90.2	28.23	32.04	80.0
5/07/2018 10:21:47 AM	3613594907	1013.00	27.93	32.03	82.3	28.23	32.03	80.1	27.05	32.03	89.4	28.29	32.03	79.6
5/07/2018 10:21:48 AM	3613594908	1013.00	27.93	32.03	82.3	28.26	32.03	79.8	27.09	32.03	89.1	28.28	32.03	79.7
5/07/2018 10:21:49 AM	3613594909	1013.00	27.89	32.03	82.6	28.26	32.03	79.8	27.04	32.03	89.5	28.26	32.03	79.8
5/07/2018 10:21:50 AM	3613594910	1013.00	27.96	32.03	82.1	28.25	32.03	79.9	27.02	32.03	89.7	28.31	32.03	79.5
5/07/2018 10:21:51 AM	3613594911	1013.00	27.90	32.03	82.6	28.24	32.03	80.0	27.03	32.03	89.6	28.29	32.03	79.6
5/07/2018 10:21:52 AM	3613594912	1013.00	27.96	32.03	82.1	28.23	32.03	80.1	27.09	32.03	89.1	28.27	32.03	79.8
5/07/2018 10:21:53 AM	3613594913	1013.00	27.94	32.03	82.2	28.32	32.03	79.4	27.03	32.03	89.6	28.31	32.03	79.5
5/07/2018 10:21:54 AM	3613594914	1013.00	27.93	32.03	82.3	28.25	32.03	79.9	27.03	32.03	89.6	28.25	32.03	79.9
5/07/2018 10:21:55 AM	3613594915	1013.00	27.95	32.04	82.2	28.30	32.04	79.5	27.05	32.04	89.4	28.32	32.04	79.4
5/07/2018 10:21:56 AM	3613594916	1013.00	27.96	32.04	82.1	28.35	32.04	79.2	27.09	32.04	89.1	28.31	32.04	79.5
5/07/2018 10:21:57 AM	3613594917	1013.00	27.99	32.03	81.9	28.31	32.03	79.5	27.04	32.03	89.5	28.37	32.03	79.0
5/07/2018 10:21:58 AM	3613594918	1013.00	27.98	32.03	81.9	28.32	32.03	79.4	27.04	32.03	89.5	28.32	32.03	79.4
5/07/2018 10:21:59 AM	3613594919	1013.00	28.00	32.03	81.8	28.28	32.03	79.7	27.06	32.03	89.3	28.36	32.03	79.1
5/07/2018 10:22:01 AM	3613594921	1013.00	27.99	32.03	81.9	28.33	32.03	79.3	27.10	32.03	89.0	28.40	32.03	78.8
5/07/2018 10:22:01 AM	3613594921	1013.00	27.98	32.03	81.9	28.33	32.03	79.3	27.05	32.03	89.4	28.36	32.03	79.1
5/07/2018 10:22:02 AM	3613594922	1013.00	28.03	32.03	81.6	28.30	32.03	79.5	27.07	32.03	89.3	28.35	32.03	79.2
5/07/2018 10:22:03 AM	3613594923	1013.00	27.95	32.03	82.2	28.29	32.03	79.6	27.07	32.03	89.3	28.38	32.03	79.0
5/07/2018 10:22:04 AM	3613594924	1013.00	27.99	32.03	81.9	28.30	32.03	79.5	27.10	32.03	89.0	28.42	32.03	78.7
5/07/2018 10:22:05 AM	3613594925	1013.00	28.02	32.03	81.6	28.29	32.03	79.6	27.04	32.03	89.5	28.39	32.03	78.9
5/07/2018 10:22:06 AM	3613594926	1013.00	28.00	32.02	81.8	28.29	32.02	79.6	27.14	32.02	88.7	28.48	32.02	78.2
5/07/2018 10:22:07 AM	3613594927	1013.00	28.03	32.03	81.6	28.28	32.03	79.7	27.08	32.03	89.2	28.37	32.03	79.0
5/07/2018 10:22:08 AM	3613594928	1013.00	28.02	32.03	81.6	28.28	32.03	79.7	27.06	32.03	89.3	28.42	32.03	78.7
5/07/2018 10:22:09 AM	3613594929	1013.00	28.03	32.03	81.6	28.33	32.03	79.3	27.12	32.03	88.8	28.47	32.03	78.3
5/07/2018 10:22:10 AM	3613594930	1013.00	28.05	32.03	81.4	28.28	32.03	79.7	27.09	32.03	89.1	28.48	32.03	78.2
5/07/2018 10:22:11 AM	3613594931	1013.00	28.06	32.03	81.3	28.34	32.03	79.2	27.11	32.03	88.9	28.36	32.03	79.1
5/07/2018 10:22:12 AM	3613594932	1013.00	28.08	32.03	81.2	28.29	32.03	79.6	27.06	32.03	89.3	28.40	32.03	78.8
5/07/2018 10:22:13 AM	3613594933	1013.00	28.05	32.03	81.4	28.34	32.03	79.2	27.12	32.03	88.8	28.43	32.03	78.6
5/07/2018 10:22:14 AM	3613594934	1013.00	28.05	32.03	81.4	28.33	32.03	79.3	27.13	32.03	88.8	28.43	32.03	78.6
5/07/2018 10:22:15 AM	3613594935	1013.00	28.04	32.02	81.5	28.33	32.02	79.3	27.15	32.02	88.6	28.44	32.02	78.5
5/07/2018 10:22:16 AM	3613594936	1013.00	28.05	32.03	81.4	28.35	32.03	79.2	27.13	32.03	88.8	28.43	32.03	78.6
5/07/2018 10:22:17 AM	3613594937	1013.00	28.06	32.03	81.3	28.41	32.03	78.7	27.13	32.03	88.8	28.44	32.03	78.5
5/07/2018 10:22:18 AM	3613594938	1013.00	28.07	32.02	81.3	28.35	32.02	79.2	27.13	32.02	88.8	28.45	32.02	78.5
5/07/2018 10:22:19 AM	3613594939	1013.00	28.03	32.03	81.6	28.36	32.03	79.1	27.13	32.03	88.8	28.46	32.03	78.4
5/07/2018 10:22:20 AM	3613594940	1013.00	28.10	32.03	81.0	28.41	32.03	78.7	27.15	32.03	88.6	28.47	32.03	78.3
5/07/2018 10:22:21 AM	3613594941	1013.00	28.07	32.03	81.3	28.39	32.03	78.9	27.08	32.03	89.2	28.47	32.03	78.3
5/07/2018 10:22:22 AM	3613594942	1013.00	28.09	32.03	81.1	28.38	32.03	79.0	27.15	32.03	88.6	28.47	32.03	78.3
5/07/2018 10:22:23 AM	3613594943	1013.00	28.08	32.03	81.2	28.35	32.03	79.2	27.17	32.03	88.4	28.43	32.03	78.6
5/07/2018 10:22:24 AM	3613594944	1013.00	28.11	32.03	81.0	28.38	32.03	79.0	27.15	32.03	88.6	28.47	32.03	78.3
5/07/2018 10:22:25 AM	3613594945	1013.00	28.13	32.03	80.8	28.36	32.03	79.1	27.17	32.03	88.4	28.46	32.03	78.4
5/07/2018 10:22:26 AM	3613594946	1013.00	28.11	32.03	81.0	28.38	32.03	79.0	27.14	32.03	88.7	28.46	32.03	78.4
5/07/2018 10:22:27 AM	3613594947	1013.00	28.09	32.03	81.1	28.40	32.03	78.8	27.18	32.03	88.3	28.47	32.03	78.3
5/07/2018 10:22:28 AM	3613594948	1013.00	28.09	32.04	81.1	28.42	32.04	78.7	27.11	32.04	88.9	28.48	32.04	78.2
5/07/2018 10:22:29 AM	3613594949	1013.00	28.10	32.03	81.0	28.36	32.03	79.1	27.13	32.03	88.8	28.50	32.03	78.1
5/07/2018 10:22:30 AM	3613594950	1013.00	28.12	32.04	80.9	28.38	32.04	78.9	27.11	32.04	88.9	28.48	32.04	78.2
5/07/2018 10:22:31 AM	3613594951	1013.00	28.11	32.04	80.9	28.41	32.04	78.7	27.13	32.04	88.7	28.53	32.04	77.9
5/07/2018 10:22:32 AM	3613594952	1013.00	28.17	32.04	80.5	28.42	32.04	78.7	27.13	32.04	88.7	28.50	32.04	78.1
5/07/2018 10:22:33 AM	3613594953	1013.00	28.13	32.03	80.8	28.39	32.03	78.9	27.19	32.03	88.2	28.52	32.03	77.9
5/07/2018 10:22:34 AM	3613594954	1013.00	28.12	32.03	80.9	28.45	32.03	78.4	27.17	32.03	88.4	28.52	32.03	77.9
5/07/2018 10:22:35 AM	3613594955	1013.00	28.16	32.02	80.6	28.37	32.02	79.0	27.22	32.02	88.0	28.52	32.02	78.0
5/07/2018 10:22:36 AM	3613594956	1013.00	28.16	32.02	80.6	28.37	32.02	79.0	27.20	32.02	88.2	28.55	32.02	77.7
5/07/2018 10:22:37 AM	3613594957	1013.00	28.13	32.02	80.8	28.40	32.02	78.8	27.20	32.02	88.2	28.56	32.02	77.7
5/07/2018 10:22:38 AM	3613594958	1013.00	28.12	32.03	80.9	28.40	32.03	78.8	27.23	32.03	87.9	28.60	32.03	77.4
5/07/2018 10:22:39 AM	3613594959	1013.00	28.14	32.03	80.7	28.42	32.03	78.7	27.17	32.03	88.4	28.58	32.03	77.5
5/07/2018 10:22:41 AM	3613594961	1013.00	28.13	32.03	80.8	28.40	32.03	78.8	27.22	32.03	88.0	28.57	32.03	77.6
5/07/2018 10:22:41 AM	3613594961	1013.00	28.13	32.02	80.8	28.35	32.02	79.2	27.20	32.02	88.2	28.56	32.02	77.7
5/07/2018 10:22:42 AM	3613594962	1013.00	28.12	32.02	80.9	28.40	32.02	78.8	27.20	32.02	88.2	28.57	32.02	77.6
5/07/2018 10:22:43 AM	3613594963	1013.00	28.13	32.02	80.8	28.34	32.02	79.3	27.18	32.02	88.3	28.57	32.02	77.6
5/07/2018 10:22:44 AM	3613594964	1013.00	28.17	32.02	80.5	28.37	32.02	79.0	27.19	32.02	88.3	28.59	32.02	77.5
5/07/2018 10:22:45 AM	3613594965	1013.00	28.17	32.02	80.5	28.44	32.02	78.5	27.21	32.02	88.1	28.62	32.02	77.2
5/07/2018 10:22:46 AM	3613594966	1013.00	28.17	32.02	80.5	28.44	32.02	78.5	27.22	32.02	88.0	28.58	32.02	77.5
5/07/2018 10:22:47 AM	3613594967	1013.00	28.21	32.03	80.2	28.38	32.03	79.0	27.23	32.03	87.9	28.61	32.03	77.3
5/07/2018 10:22:48 AM	3613594968	1013.00	28.21	32.03	80.2	28.43	32.03	78.6	27.27	32.03	87.6	28.61	32.03	77.3
5/07/2018 10:22:49 AM	3613594969	1013.00	28.13	32.03	80.8	28.45	32.03	78.4	27.22	32.03	88.0	28.66	32.03	76.9
5/07/2018 10:22:50 AM	3613594970	1013.00	28.18	32.03	80.4	28.47	32.03	78.3	27.22	32.03	88.0	28.67	32.03	76.9
5/07/2018 10:22:51 AM	3613594971	1013.00	28.18	32.03	80.4	28.46	32.03	78.4	27.25	32.03	87.8	28.67	32.03	76.9
5/07/2018 10:22:52 AM	3613594972	1013.00	28.18	32.02	80.4	28.40	32.02	78.8	27.24	32.02	87.8	28.63	32.02	77.2
5/07/2018 10:22:53 AM	3613594973	1013.00	28.19	32.02	80.4	28.41	32.02	78.8	27.19	32.02	88.3	28.71	32.02	76.6
5/07/2018 10:22:54 AM	3613594974	1013.00	28.15	32.02	80.7	28.44	32.02	78.5	27.27	32.02	87.6	28.73	32.02	76.5
5/07/2018 10:22:55 AM	3613594975	1013.00	28.21	32.02	80.2	28.43	32.02	78.6	27.27	32.02	87.6	28.65	32.02	77.0
5/07/2018 10:22:56 AM	3613594976	1013.00	28.17	32.02	80.5	28.43	32.02	78.6	27.24	32.02	87.8	28.67	32.02	76.9
5/07/2018 10:22:57 AM	3613594977	1013.00	28.19	32.02	80.4	28.44	32.02	78.5	27.22	32.02	88.0	28.71	32.02	76.6
5/07/2018 10:22:58 AM	3613594978	1013.00	28.22	32.01	80.2	28.41	32.01	78.8	27.25	32.01	87.8	28.74	32.01	76.4
5/07/2018 10:23:00 AM	3613594980	1013.00	28.19	32.01	80.4	28.40	32.01	78.8	27.22	32.01	88.0	28.74	32.01	76.4
5/07/2018 10:23:00 AM	3613594980	1013.00	28.23	32.01	80.1	28.44	32.01	78.5	27.24	32.01	87.9	28.75	32.01	76.3
