Date & time of file creation	15/06/2018 10:27 AM													
Data file path	C:\Users\ameli\Desktop\Diego Barneche\15_06_2018\29_C_old_witrox_12.txt													
														
														
CALIBRATION DATA														
Parameter/Channel	N moving average	LO phase [r.U.]	HI phase [r.U.]	LO oxygen [%air saturation]	HI oxygen [%air saturation]	LO temperature [°C]	HI temperature [°C]	Salinity [‰]						
S WOT 0041 000001   , CH 1	1	60.28	28.76	0.00	100.00	20.15	20.20	0.000						
S WOT 0041 000001   , CH 2	1	60.28	28.76	0.00	100.00	20.15	20.20	0.000						
S WOT 0041 000001   , CH 3	1	60.28	28.76	0.00	100.00	20.15	20.20	0.000						
S WOT 0041 000001   , CH 4	1	60.28	28.76	0.00	100.00	20.15	20.20	0.000						
														
														
Date &Time [DD-MM-YYYY HH:MM:SS]	Time stamp code	Barometric pressure [hPa]	S WOT 0041 000001   , CH 1 phase [r.U.]	S WOT 0041 000001   , CH 1 temp [°C]	S WOT 0041 000001   , CH 1 O2 [% air saturation]	S WOT 0041 000001   , CH 2 phase [r.U.]	S WOT 0041 000001   , CH 2 temp [°C]	S WOT 0041 000001   , CH 2 O2 [% air saturation]	S WOT 0041 000001   , CH 3 phase [r.U.]	S WOT 0041 000001   , CH 3 temp [°C]	S WOT 0041 000001   , CH 3 O2 [% air saturation]	S WOT 0041 000001   , CH 4 phase [r.U.]	S WOT 0041 000001   , CH 4 temp [°C]	S WOT 0041 000001   , CH 4 O2 [% air saturation]
15/06/2018 10:28:56 AM	3611867336	1013.00	26.94	29.26	100.9	26.90	29.26	101.3	27.05	29.26	99.9	NaN	29.26	NaN
15/06/2018 10:28:57 AM	3611867337	1013.00	26.95	29.25	100.8	26.91	29.25	101.2	27.06	29.25	99.8	NaN	29.25	NaN
15/06/2018 10:28:58 AM	3611867338	1013.00	26.95	29.25	100.8	26.93	29.25	101.0	27.02	29.25	100.2	NaN	29.25	NaN
15/06/2018 10:28:59 AM	3611867339	1013.00	26.95	29.25	100.8	26.92	29.25	101.1	27.08	29.25	99.6	NaN	29.25	NaN
15/06/2018 10:29:00 AM	3611867340	1013.00	26.94	29.25	100.9	26.92	29.25	101.1	27.06	29.25	99.8	NaN	29.25	NaN
15/06/2018 10:29:01 AM	3611867341	1013.00	26.93	29.25	101.0	26.92	29.25	101.1	27.08	29.25	99.6	NaN	29.25	NaN
15/06/2018 10:29:02 AM	3611867342	1013.00	26.94	29.25	100.9	27.47	29.25	96.0	27.06	29.25	99.8	NaN	29.25	NaN
15/06/2018 10:29:03 AM	3611867343	1013.00	26.94	29.25	100.9	26.91	29.25	101.2	27.06	29.25	99.8	NaN	29.25	NaN
15/06/2018 10:29:04 AM	3611867344	1013.00	26.93	29.26	101.0	26.90	29.26	101.3	27.06	29.26	99.8	NaN	29.26	NaN
15/06/2018 10:29:05 AM	3611867345	1013.00	26.94	29.25	100.9	26.87	29.25	101.6	27.04	29.25	100.0	NaN	29.25	NaN
15/06/2018 10:29:06 AM	3611867346	1013.00	26.94	29.25	100.9	26.92	29.25	101.1	27.06	29.25	99.8	NaN	29.25	NaN
15/06/2018 10:29:07 AM	3611867347	1013.00	26.96	29.25	100.7	26.92	29.25	101.1	27.07	29.25	99.7	NaN	29.25	NaN
15/06/2018 10:29:08 AM	3611867348	1013.00	26.95	29.24	100.9	26.90	29.24	101.3	27.07	29.24	99.7	NaN	29.24	NaN
15/06/2018 10:29:09 AM	3611867349	1013.00	26.95	29.24	100.9	26.91	29.24	101.2	27.07	29.24	99.7	NaN	29.24	NaN
15/06/2018 10:29:10 AM	3611867350	1013.00	26.95	29.24	100.9	27.47	29.24	96.0	27.05	29.24	99.9	NaN	29.24	NaN
15/06/2018 10:29:11 AM	3611867351	1013.00	26.95	29.24	100.9	26.94	29.24	101.0	27.06	29.24	99.8	NaN	29.24	NaN
15/06/2018 10:29:12 AM	3611867352	1013.00	26.95	29.25	100.8	26.90	29.25	101.3	27.07	29.25	99.7	NaN	29.25	NaN
15/06/2018 10:29:13 AM	3611867353	1013.00	26.94	29.25	100.9	26.92	29.25	101.1	27.06	29.25	99.8	NaN	29.25	NaN
15/06/2018 10:29:14 AM	3611867354	1013.00	26.97	29.25	100.6	26.91	29.25	101.2	27.05	29.25	99.9	NaN	29.25	NaN
15/06/2018 10:29:15 AM	3611867355	1013.00	26.95	29.25	100.8	26.90	29.25	101.3	27.04	29.25	100.0	NaN	29.25	NaN
15/06/2018 10:29:16 AM	3611867356	1013.00	26.96	29.25	100.7	26.90	29.25	101.3	27.05	29.25	99.9	NaN	29.25	NaN
15/06/2018 10:29:17 AM	3611867357	1013.00	26.95	29.25	100.8	26.93	29.25	101.0	27.05	29.25	99.9	NaN	29.25	NaN
15/06/2018 10:29:18 AM	3611867358	1013.00	26.96	29.25	100.7	26.93	29.25	101.0	27.10	29.25	99.4	NaN	29.25	NaN
15/06/2018 10:29:19 AM	3611867359	1013.00	26.97	29.24	100.7	26.92	29.24	101.1	27.06	29.24	99.8	NaN	29.24	NaN
15/06/2018 10:29:20 AM	3611867360	1013.00	26.94	29.24	101.0	26.92	29.24	101.1	27.07	29.24	99.7	NaN	29.24	NaN
15/06/2018 10:29:21 AM	3611867361	1013.00	26.96	29.24	100.8	26.91	29.24	101.2	27.07	29.24	99.7	NaN	29.24	NaN
15/06/2018 10:29:22 AM	3611867362	1013.00	26.95	29.23	100.9	26.90	29.23	101.4	27.07	29.23	99.7	NaN	29.23	NaN
15/06/2018 10:29:23 AM	3611867363	1013.00	26.95	29.24	100.9	26.90	29.24	101.3	27.09	29.24	99.5	NaN	29.24	NaN
15/06/2018 10:29:24 AM	3611867364	1013.00	26.95	29.24	100.9	26.91	29.24	101.2	27.09	29.24	99.5	NaN	29.24	NaN
15/06/2018 10:29:25 AM	3611867365	1013.00	26.94	29.24	101.0	26.90	29.24	101.3	27.12	29.24	99.2	NaN	29.24	NaN
15/06/2018 10:29:26 AM	3611867366	1013.00	26.95	29.24	100.9	26.92	29.24	101.1	27.06	29.24	99.8	NaN	29.24	NaN
15/06/2018 10:29:27 AM	3611867367	1013.00	26.97	29.24	100.7	26.90	29.24	101.3	27.08	29.24	99.6	NaN	29.24	NaN
15/06/2018 10:29:28 AM	3611867368	1013.00	26.96	29.25	100.7	26.93	29.25	101.0	27.11	29.25	99.3	NaN	29.25	NaN
15/06/2018 10:29:29 AM	3611867369	1013.00	26.95	29.25	100.8	26.93	29.25	101.0	27.06	29.25	99.8	NaN	29.25	NaN
15/06/2018 10:29:30 AM	3611867370	1013.00	26.96	29.25	100.7	26.91	29.25	101.2	27.07	29.25	99.7	NaN	29.25	NaN
15/06/2018 10:29:31 AM	3611867371	1013.00	26.93	29.24	101.0	26.93	29.24	101.0	27.11	29.24	99.3	NaN	29.24	NaN
15/06/2018 10:29:32 AM	3611867372	1013.00	26.96	29.25	100.7	26.91	29.25	101.2	27.07	29.25	99.7	NaN	29.25	NaN
15/06/2018 10:29:33 AM	3611867373	1013.00	26.94	29.24	101.0	26.94	29.24	101.0	27.04	29.24	100.0	NaN	29.24	NaN
15/06/2018 10:29:34 AM	3611867374	1013.00	26.96	29.24	100.8	26.92	29.24	101.1	27.10	29.24	99.4	NaN	29.24	NaN
15/06/2018 10:29:35 AM	3611867375	1013.00	26.95	29.24	100.9	26.92	29.24	101.1	27.04	29.24	100.0	NaN	29.24	NaN
15/06/2018 10:29:36 AM	3611867376	1013.00	26.97	29.23	100.7	26.91	29.23	101.3	27.06	29.23	99.8	NaN	29.23	NaN
15/06/2018 10:29:37 AM	3611867377	1013.00	26.96	29.23	100.8	26.89	29.23	101.5	27.06	29.23	99.8	NaN	29.23	NaN
15/06/2018 10:29:38 AM	3611867378	1013.00	26.96	29.22	100.8	26.91	29.22	101.3	27.07	29.22	99.7	NaN	29.22	NaN
15/06/2018 10:29:39 AM	3611867379	1013.00	26.97	29.22	100.7	26.93	29.22	101.1	27.07	29.22	99.7	NaN	29.22	NaN
15/06/2018 10:29:40 AM	3611867380	1013.00	26.96	29.23	100.8	26.90	29.23	101.4	27.06	29.23	99.8	NaN	29.23	NaN
15/06/2018 10:29:41 AM	3611867381	1013.00	26.95	29.23	100.9	26.95	29.23	100.9	27.09	29.23	99.5	NaN	29.23	NaN
15/06/2018 10:29:42 AM	3611867382	1013.00	26.97	29.23	100.7	27.48	29.23	95.9	27.11	29.23	99.4	NaN	29.23	NaN
15/06/2018 10:29:43 AM	3611867383	1013.00	26.95	29.24	100.9	26.91	29.24	101.2	27.11	29.24	99.3	NaN	29.24	NaN
15/06/2018 10:29:44 AM	3611867384	1013.00	26.95	29.23	100.9	26.94	29.23	101.0	27.07	29.23	99.7	NaN	29.23	NaN
15/06/2018 10:29:45 AM	3611867385	1013.00	26.95	29.23	100.9	26.93	29.23	101.1	27.09	29.23	99.5	NaN	29.23	NaN
15/06/2018 10:29:46 AM	3611867386	1013.00	26.97	29.23	100.7	26.90	29.23	101.4	27.11	29.23	99.4	NaN	29.23	NaN
15/06/2018 10:29:47 AM	3611867387	1013.00	26.96	29.24	100.8	26.94	29.24	101.0	27.06	29.24	99.8	NaN	29.24	NaN
15/06/2018 10:29:48 AM	3611867388	1013.00	26.96	29.24	100.8	26.90	29.24	101.3	27.08	29.24	99.6	NaN	29.24	NaN
15/06/2018 10:29:49 AM	3611867389	1013.00	26.95	29.23	100.9	26.92	29.23	101.2	27.08	29.23	99.6	NaN	29.23	NaN
15/06/2018 10:29:50 AM	3611867390	1013.00	26.98	29.23	100.6	27.48	29.23	95.9	27.08	29.23	99.6	NaN	29.23	NaN
15/06/2018 10:29:51 AM	3611867391	1013.00	26.97	29.24	100.7	26.91	29.24	101.2	27.07	29.24	99.7	NaN	29.24	NaN
15/06/2018 10:29:52 AM	3611867392	1013.00	26.96	29.23	100.8	26.94	29.23	101.0	27.04	29.23	100.0	NaN	29.23	NaN
15/06/2018 10:29:53 AM	3611867393	1013.00	26.96	29.24	100.8	26.93	29.24	101.0	27.08	29.24	99.6	NaN	29.24	NaN
15/06/2018 10:29:54 AM	3611867394	1013.00	26.94	29.24	101.0	27.49	29.24	95.8	27.07	29.24	99.7	NaN	29.24	NaN
15/06/2018 10:29:55 AM	3611867395	1013.00	26.94	29.24	101.0	26.95	29.24	100.9	27.07	29.24	99.7	NaN	29.24	NaN
15/06/2018 10:29:56 AM	3611867396	1013.00	26.97	29.23	100.7	26.93	29.23	101.1	27.07	29.23	99.7	NaN	29.23	NaN
15/06/2018 10:29:57 AM	3611867397	1013.00	26.93	29.24	101.0	26.95	29.24	100.9	27.10	29.24	99.4	NaN	29.24	NaN
15/06/2018 10:29:58 AM	3611867398	1013.00	26.95	29.23	100.9	26.92	29.23	101.2	27.06	29.23	99.8	NaN	29.23	NaN
15/06/2018 10:29:59 AM	3611867399	1013.00	26.96	29.23	100.8	26.95	29.23	100.9	27.08	29.23	99.6	NaN	29.23	NaN
15/06/2018 10:30:00 AM	3611867400	1013.00	26.96	29.23	100.8	26.94	29.23	101.0	27.07	29.23	99.7	NaN	29.23	NaN
15/06/2018 10:30:01 AM	3611867401	1013.00	26.98	29.23	100.6	26.94	29.23	101.0	27.08	29.23	99.6	NaN	29.23	NaN
15/06/2018 10:30:02 AM	3611867402	1013.00	26.95	29.23	100.9	26.94	29.23	101.0	27.06	29.23	99.8	NaN	29.23	NaN
15/06/2018 10:30:03 AM	3611867403	1013.00	26.97	29.23	100.7	26.94	29.23	101.0	27.09	29.23	99.5	NaN	29.23	NaN
15/06/2018 10:30:04 AM	3611867404	1013.00	26.94	29.24	101.0	26.91	29.24	101.2	27.06	29.24	99.8	NaN	29.24	NaN
15/06/2018 10:30:05 AM	3611867405	1013.00	26.98	29.24	100.6	26.93	29.24	101.0	27.09	29.24	99.5	NaN	29.24	NaN
15/06/2018 10:30:06 AM	3611867406	1013.00	26.97	29.24	100.7	26.94	29.24	101.0	27.05	29.24	99.9	NaN	29.24	NaN
15/06/2018 10:30:07 AM	3611867407	1013.00	26.95	29.23	100.9	26.95	29.23	100.9	27.10	29.23	99.4	NaN	29.23	NaN
15/06/2018 10:30:08 AM	3611867408	1013.00	26.97	29.23	100.7	26.93	29.23	101.1	27.08	29.23	99.6	NaN	29.23	NaN
15/06/2018 10:30:09 AM	3611867409	1013.00	26.97	29.23	100.7	26.92	29.23	101.2	27.10	29.23	99.4	NaN	29.23	NaN
15/06/2018 10:30:10 AM	3611867410	1013.00	27.00	29.23	100.4	26.91	29.23	101.3	27.09	29.23	99.5	NaN	29.23	NaN
15/06/2018 10:30:11 AM	3611867411	1013.00	26.94	29.23	101.0	26.92	29.23	101.2	27.12	29.23	99.3	NaN	29.23	NaN
15/06/2018 10:30:12 AM	3611867412	1013.00	26.96	29.24	100.8	26.96	29.24	100.8	27.06	29.24	99.8	NaN	29.24	NaN
15/06/2018 10:30:13 AM	3611867413	1013.00	26.95	29.23	100.9	26.95	29.23	100.9	27.08	29.23	99.6	NaN	29.23	NaN
15/06/2018 10:30:14 AM	3611867414	1013.00	26.96	29.23	100.8	27.00	29.23	100.4	27.13	29.23	99.2	NaN	29.23	NaN
15/06/2018 10:30:15 AM	3611867415	1013.00	26.94	29.23	101.0	26.95	29.23	100.9	27.12	29.23	99.3	NaN	29.23	NaN
15/06/2018 10:30:16 AM	3611867416	1013.00	26.98	29.23	100.6	26.95	29.23	100.9	27.09	29.23	99.5	NaN	29.23	NaN
15/06/2018 10:30:17 AM	3611867417	1013.00	26.95	29.23	100.9	26.95	29.23	100.9	27.02	29.23	100.2	NaN	29.23	NaN
15/06/2018 10:30:18 AM	3611867418	1013.00	26.97	29.23	100.7	26.93	29.23	101.1	27.10	29.23	99.4	NaN	29.23	NaN
15/06/2018 10:30:19 AM	3611867419	1013.00	26.95	29.23	100.9	26.94	29.23	101.0	27.08	29.23	99.6	NaN	29.23	NaN
15/06/2018 10:30:20 AM	3611867420	1013.00	26.97	29.23	100.7	26.95	29.23	100.9	27.13	29.23	99.2	NaN	29.23	NaN
15/06/2018 10:30:21 AM	3611867421	1013.00	26.94	29.23	101.0	26.95	29.23	100.9	27.12	29.23	99.3	NaN	29.23	NaN
15/06/2018 10:30:22 AM	3611867422	1013.00	26.96	29.23	100.8	27.51	29.23	95.7	27.10	29.23	99.4	NaN	29.23	NaN
15/06/2018 10:30:23 AM	3611867423	1013.00	26.97	29.23	100.7	26.94	29.23	101.0	27.11	29.23	99.4	NaN	29.23	NaN
15/06/2018 10:30:24 AM	3611867424	1013.00	26.99	29.24	100.5	26.95	29.24	100.9	27.08	29.24	99.6	NaN	29.24	NaN
15/06/2018 10:30:25 AM	3611867425	1013.00	26.97	29.23	100.7	26.95	29.23	100.9	27.12	29.23	99.3	NaN	29.23	NaN
15/06/2018 10:30:26 AM	3611867426	1013.00	26.98	29.23	100.6	26.98	29.23	100.6	27.08	29.23	99.6	NaN	29.23	NaN
15/06/2018 10:30:27 AM	3611867427	1013.00	26.97	29.23	100.7	26.96	29.23	100.8	27.10	29.23	99.4	NaN	29.23	NaN
15/06/2018 10:30:28 AM	3611867428	1013.00	26.95	29.23	100.9	26.95	29.23	100.9	27.13	29.23	99.2	NaN	29.23	NaN
15/06/2018 10:30:29 AM	3611867429	1013.00	26.97	29.22	100.7	26.99	29.22	100.5	27.09	29.22	99.6	NaN	29.22	NaN
15/06/2018 10:30:30 AM	3611867430	1013.00	26.97	29.22	100.7	27.53	29.22	95.5	27.10	29.22	99.5	NaN	29.22	NaN
15/06/2018 10:30:31 AM	3611867431	1013.00	26.97	29.21	100.7	26.97	29.21	100.7	27.10	29.21	99.5	NaN	29.21	NaN
15/06/2018 10:30:32 AM	3611867432	1013.00	26.97	29.22	100.7	26.96	29.22	100.8	27.07	29.22	99.7	NaN	29.22	NaN
15/06/2018 10:30:33 AM	3611867433	1013.00	26.98	29.21	100.6	26.96	29.21	100.8	27.08	29.21	99.7	NaN	29.21	NaN
15/06/2018 10:30:34 AM	3611867434	1013.00	26.96	29.21	100.8	26.95	29.21	100.9	27.14	29.21	99.1	NaN	29.21	NaN
15/06/2018 10:30:35 AM	3611867435	1013.00	26.98	29.21	100.6	26.96	29.21	100.8	27.10	29.21	99.5	NaN	29.21	NaN
15/06/2018 10:30:36 AM	3611867436	1013.00	26.98	29.21	100.6	26.96	29.21	100.8	27.10	29.21	99.5	NaN	29.21	NaN
15/06/2018 10:30:37 AM	3611867437	1013.00	26.99	29.20	100.5	26.97	29.20	100.7	27.09	29.20	99.6	NaN	29.20	NaN
15/06/2018 10:30:38 AM	3611867438	1013.00	26.97	29.21	100.7	26.97	29.21	100.7	27.12	29.21	99.3	NaN	29.21	NaN
15/06/2018 10:30:39 AM	3611867439	1013.00	26.99	29.21	100.5	26.96	29.21	100.8	27.10	29.21	99.5	NaN	29.21	NaN
15/06/2018 10:30:40 AM	3611867440	1013.00	27.02	29.21	100.2	26.97	29.21	100.7	27.14	29.21	99.1	NaN	29.21	NaN
15/06/2018 10:30:41 AM	3611867441	1013.00	26.99	29.21	100.5	26.99	29.21	100.5	27.12	29.21	99.3	NaN	29.21	NaN
15/06/2018 10:30:42 AM	3611867442	1013.00	27.00	29.21	100.4	26.99	29.21	100.5	27.13	29.21	99.2	NaN	29.21	NaN
15/06/2018 10:30:43 AM	3611867443	1013.00	26.98	29.21	100.6	26.97	29.21	100.7	27.11	29.21	99.4	NaN	29.21	NaN
15/06/2018 10:30:44 AM	3611867444	1013.00	26.97	29.21	100.7	27.00	29.21	100.4	27.13	29.21	99.2	NaN	29.21	NaN
15/06/2018 10:30:45 AM	3611867445	1013.00	27.02	29.21	100.2	26.99	29.21	100.5	27.10	29.21	99.5	NaN	29.21	NaN
15/06/2018 10:30:46 AM	3611867446	1013.00	26.98	29.21	100.6	26.99	29.21	100.5	27.10	29.21	99.5	NaN	29.21	NaN
15/06/2018 10:30:47 AM	3611867447	1013.00	26.99	29.21	100.5	26.97	29.21	100.7	27.13	29.21	99.2	NaN	29.21	NaN
15/06/2018 10:30:48 AM	3611867448	1013.00	26.99	29.21	100.5	26.98	29.21	100.6	27.11	29.21	99.4	NaN	29.21	NaN
15/06/2018 10:30:49 AM	3611867449	1013.00	26.98	29.22	100.6	27.01	29.22	100.3	27.09	29.22	99.6	NaN	29.22	NaN
15/06/2018 10:30:50 AM	3611867450	1013.00	27.00	29.21	100.4	27.01	29.21	100.3	27.10	29.21	99.5	NaN	29.21	NaN
15/06/2018 10:30:51 AM	3611867451	1013.00	26.98	29.21	100.6	26.94	29.21	101.0	27.13	29.21	99.2	NaN	29.21	NaN
15/06/2018 10:30:52 AM	3611867452	1013.00	26.99	29.20	100.5	26.97	29.20	100.7	27.11	29.20	99.4	NaN	29.20	NaN
15/06/2018 10:30:53 AM	3611867453	1013.00	27.00	29.20	100.4	26.95	29.20	100.9	27.08	29.20	99.7	NaN	29.20	NaN
15/06/2018 10:30:54 AM	3611867454	1013.00	26.97	29.19	100.8	27.59	29.19	95.0	27.09	29.19	99.6	NaN	29.19	NaN
15/06/2018 10:30:55 AM	3611867455	1013.00	27.00	29.19	100.5	27.02	29.19	100.3	27.11	29.19	99.4	NaN	29.19	NaN
15/06/2018 10:30:56 AM	3611867456	1013.00	26.99	29.19	100.6	26.98	29.19	100.7	27.12	29.19	99.3	NaN	29.19	NaN
15/06/2018 10:30:57 AM	3611867457	1013.00	27.01	29.19	100.4	26.99	29.19	100.6	27.09	29.19	99.6	NaN	29.19	NaN
15/06/2018 10:30:58 AM	3611867458	1013.00	27.00	29.18	100.5	26.98	29.18	100.7	27.15	29.18	99.1	NaN	29.18	NaN
15/06/2018 10:30:59 AM	3611867459	1013.00	27.03	29.19	100.2	26.96	29.19	100.8	27.09	29.19	99.6	NaN	29.19	NaN
15/06/2018 10:31:00 AM	3611867460	1013.00	27.00	29.18	100.5	27.02	29.18	100.3	27.12	29.18	99.3	NaN	29.18	NaN
15/06/2018 10:31:01 AM	3611867461	1013.00	26.99	29.17	100.6	27.01	29.17	100.4	27.10	29.17	99.5	NaN	29.17	NaN
15/06/2018 10:31:02 AM	3611867462	1013.00	27.00	29.16	100.5	26.93	29.16	101.2	27.12	29.16	99.4	NaN	29.16	NaN
15/06/2018 10:31:03 AM	3611867463	1013.00	26.98	29.16	100.7	26.99	29.16	100.6	27.09	29.16	99.7	NaN	29.16	NaN
15/06/2018 10:31:04 AM	3611867464	1013.00	26.99	29.15	100.6	26.99	29.15	100.6	27.14	29.15	99.2	NaN	29.15	NaN
15/06/2018 10:31:05 AM	3611867465	1013.00	27.00	29.16	100.5	27.00	29.16	100.5	27.09	29.16	99.7	NaN	29.16	NaN
15/06/2018 10:31:06 AM	3611867466	1013.00	27.01	29.16	100.4	26.99	29.16	100.6	27.12	29.16	99.4	NaN	29.16	NaN
15/06/2018 10:31:07 AM	3611867467	1013.00	27.00	29.16	100.5	26.98	29.16	100.7	27.08	29.16	99.8	NaN	29.16	NaN
15/06/2018 10:31:08 AM	3611867468	1013.00	27.02	29.17	100.3	27.01	29.17	100.4	27.11	29.17	99.5	NaN	29.17	NaN
15/06/2018 10:31:09 AM	3611867469	1013.00	27.02	29.16	100.3	27.02	29.16	100.3	27.14	29.16	99.2	NaN	29.16	NaN
15/06/2018 10:31:10 AM	3611867470	1013.00	27.02	29.16	100.3	26.96	29.16	100.9	27.16	29.16	99.0	NaN	29.16	NaN
15/06/2018 10:31:11 AM	3611867471	1013.00	27.05	29.16	100.0	26.99	29.16	100.6	27.11	29.16	99.5	NaN	29.16	NaN
15/06/2018 10:31:12 AM	3611867472	1013.00	26.99	29.17	100.6	27.00	29.17	100.5	27.10	29.17	99.5	NaN	29.17	NaN
15/06/2018 10:31:13 AM	3611867473	1013.00	27.00	29.16	100.5	26.97	29.16	100.8	27.11	29.16	99.5	NaN	29.16	NaN
15/06/2018 10:31:14 AM	3611867474	1013.00	27.02	29.17	100.3	27.01	29.17	100.4	27.14	29.17	99.2	NaN	29.17	NaN
15/06/2018 10:31:15 AM	3611867475	1013.00	27.01	29.15	100.4	27.00	29.15	100.5	27.12	29.15	99.4	NaN	29.15	NaN
15/06/2018 10:31:16 AM	3611867476	1013.00	26.99	29.16	100.6	26.97	29.16	100.8	27.09	29.16	99.7	NaN	29.16	NaN
15/06/2018 10:31:17 AM	3611867477	1013.00	27.02	29.15	100.3	27.00	29.15	100.5	27.12	29.15	99.4	NaN	29.15	NaN
15/06/2018 10:31:18 AM	3611867478	1013.00	27.00	29.15	100.5	27.01	29.15	100.4	27.14	29.15	99.2	NaN	29.15	NaN
15/06/2018 10:31:19 AM	3611867479	1013.00	27.01	29.15	100.4	27.00	29.15	100.5	27.13	29.15	99.3	NaN	29.15	NaN
15/06/2018 10:31:20 AM	3611867480	1013.00	27.00	29.15	100.5	27.00	29.15	100.5	27.12	29.15	99.4	NaN	29.15	NaN
15/06/2018 10:31:21 AM	3611867481	1013.00	27.03	29.15	100.2	27.02	29.15	100.3	27.14	29.15	99.2	NaN	29.15	NaN
15/06/2018 10:31:22 AM	3611867482	1013.00	27.01	29.16	100.4	27.01	29.16	100.4	27.12	29.16	99.4	NaN	29.16	NaN
15/06/2018 10:31:23 AM	3611867483	1013.00	27.01	29.15	100.4	26.98	29.15	100.7	27.13	29.15	99.3	NaN	29.15	NaN
15/06/2018 10:31:24 AM	3611867484	1013.00	27.00	29.16	100.5	27.02	29.16	100.3	27.14	29.16	99.2	NaN	29.16	NaN
15/06/2018 10:31:25 AM	3611867485	1013.00	27.04	29.16	100.1	26.98	29.16	100.7	27.12	29.16	99.4	NaN	29.16	NaN
15/06/2018 10:31:26 AM	3611867486	1013.00	27.02	29.16	100.3	27.57	29.16	95.2	27.08	29.16	99.8	NaN	29.16	NaN
15/06/2018 10:31:27 AM	3611867487	1013.00	27.03	29.15	100.2	27.04	29.15	100.2	27.09	29.15	99.7	NaN	29.15	NaN
15/06/2018 10:31:28 AM	3611867488	1013.00	27.03	29.15	100.2	27.02	29.15	100.3	27.15	29.15	99.1	NaN	29.15	NaN
15/06/2018 10:31:29 AM	3611867489	1013.00	27.02	29.15	100.3	27.02	29.15	100.3	27.13	29.15	99.3	NaN	29.15	NaN
15/06/2018 10:31:30 AM	3611867490	1013.00	27.03	29.14	100.3	27.55	29.14	95.5	27.14	29.14	99.2	NaN	29.14	NaN
15/06/2018 10:31:31 AM	3611867491	1013.00	27.04	29.14	100.2	27.05	29.14	100.1	27.17	29.14	98.9	NaN	29.14	NaN
15/06/2018 10:31:32 AM	3611867492	1013.00	27.00	29.14	100.5	27.03	29.14	100.3	27.14	29.14	99.2	NaN	29.14	NaN
15/06/2018 10:31:33 AM	3611867493	1013.00	27.03	29.14	100.3	27.03	29.14	100.3	27.18	29.14	98.8	NaN	29.14	NaN
15/06/2018 10:31:34 AM	3611867494	1013.00	27.03	29.14	100.3	27.02	29.14	100.4	27.14	29.14	99.2	NaN	29.14	NaN
15/06/2018 10:31:35 AM	3611867495	1013.00	27.03	29.15	100.2	27.06	29.15	100.0	27.16	29.15	99.0	NaN	29.15	NaN
15/06/2018 10:31:36 AM	3611867496	1013.00	27.03	29.15	100.2	27.02	29.15	100.3	27.11	29.15	99.5	NaN	29.15	NaN
15/06/2018 10:31:37 AM	3611867497	1013.00	27.06	29.14	100.0	27.05	29.14	100.1	27.15	29.14	99.1	NaN	29.14	NaN
15/06/2018 10:31:38 AM	3611867498	1013.00	27.06	29.14	100.0	27.05	29.14	100.1	27.11	29.14	99.5	NaN	29.14	NaN
15/06/2018 10:31:39 AM	3611867499	1013.00	27.04	29.14	100.2	27.03	29.14	100.3	27.15	29.14	99.1	NaN	29.14	NaN
15/06/2018 10:31:40 AM	3611867500	1013.00	27.04	29.14	100.2	27.04	29.14	100.2	27.15	29.14	99.1	NaN	29.14	NaN
15/06/2018 10:31:41 AM	3611867501	1013.00	27.04	29.14	100.2	27.06	29.14	100.0	27.16	29.14	99.0	NaN	29.14	NaN
15/06/2018 10:31:42 AM	3611867502	1013.00	27.09	29.15	99.7	27.57	29.15	95.3	27.12	29.15	99.4	NaN	29.15	NaN
15/06/2018 10:31:43 AM	3611867503	1013.00	27.07	29.15	99.9	27.05	29.15	100.1	27.14	29.15	99.2	NaN	29.15	NaN
15/06/2018 10:31:44 AM	3611867504	1013.00	27.05	29.15	100.1	27.04	29.15	100.2	27.15	29.15	99.1	NaN	29.15	NaN
15/06/2018 10:31:45 AM	3611867505	1013.00	27.06	29.15	100.0	27.08	29.15	99.8	27.13	29.15	99.3	NaN	29.15	NaN
15/06/2018 10:31:46 AM	3611867506	1013.00	27.04	29.15	100.2	27.56	29.15	95.4	27.15	29.15	99.1	NaN	29.15	NaN
15/06/2018 10:31:47 AM	3611867507	1013.00	27.07	29.14	99.9	27.06	29.14	100.0	27.13	29.14	99.3	NaN	29.14	NaN
15/06/2018 10:31:48 AM	3611867508	1013.00	27.07	29.13	99.9	27.06	29.13	100.0	27.13	29.13	99.3	NaN	29.13	NaN
15/06/2018 10:31:49 AM	3611867509	1013.00	27.09	29.14	99.7	27.06	29.14	100.0	27.08	29.14	99.8	NaN	29.14	NaN
15/06/2018 10:31:50 AM	3611867510	1013.00	27.04	29.14	100.2	27.64	29.14	94.7	27.13	29.14	99.3	NaN	29.14	NaN
15/06/2018 10:31:51 AM	3611867511	1013.00	27.08	29.14	99.8	27.06	29.14	100.0	27.11	29.14	99.5	NaN	29.14	NaN
15/06/2018 10:31:52 AM	3611867512	1013.00	27.04	29.14	100.2	27.06	29.14	100.0	27.13	29.14	99.3	NaN	29.14	NaN
15/06/2018 10:31:53 AM	3611867513	1013.00	27.06	29.14	100.0	27.10	29.14	99.6	27.16	29.14	99.0	NaN	29.14	NaN
15/06/2018 10:31:54 AM	3611867514	1013.00	27.09	29.13	99.7	27.08	29.13	99.8	27.13	29.13	99.3	NaN	29.13	NaN
15/06/2018 10:31:55 AM	3611867515	1013.00	27.07	29.14	99.9	27.07	29.14	99.9	27.12	29.14	99.4	NaN	29.14	NaN
15/06/2018 10:31:56 AM	3611867516	1013.00	27.08	29.13	99.8	27.08	29.13	99.8	27.12	29.13	99.4	NaN	29.13	NaN
15/06/2018 10:31:57 AM	3611867517	1013.00	27.08	29.13	99.8	27.11	29.13	99.5	27.18	29.13	98.9	NaN	29.13	NaN
15/06/2018 10:31:58 AM	3611867518	1013.00	27.08	29.14	99.8	27.07	29.14	99.9	27.16	29.14	99.0	NaN	29.14	NaN
15/06/2018 10:31:59 AM	3611867519	1013.00	27.06	29.13	100.0	27.10	29.13	99.6	27.17	29.13	99.0	NaN	29.13	NaN
15/06/2018 10:32:00 AM	3611867520	1013.00	27.07	29.13	99.9	27.12	29.13	99.4	27.13	29.13	99.3	NaN	29.13	NaN
15/06/2018 10:32:01 AM	3611867521	1013.00	27.08	29.12	99.8	27.09	29.12	99.7	27.15	29.12	99.2	NaN	29.12	NaN
15/06/2018 10:32:02 AM	3611867522	1013.00	27.07	29.11	99.9	27.68	29.11	94.4	27.17	29.11	99.0	NaN	29.11	NaN
15/06/2018 10:32:03 AM	3611867523	1013.00	27.10	29.11	99.7	27.07	29.11	99.9	27.18	29.11	98.9	NaN	29.11	NaN
15/06/2018 10:32:04 AM	3611867524	1013.00	27.08	29.11	99.8	27.11	29.11	99.6	27.11	29.11	99.6	NaN	29.11	NaN
15/06/2018 10:32:05 AM	3611867525	1013.00	27.08	29.12	99.8	27.09	29.12	99.7	27.15	29.12	99.2	NaN	29.12	NaN
15/06/2018 10:32:06 AM	3611867526	1013.00	27.11	29.12	99.5	27.12	29.12	99.4	27.16	29.12	99.1	NaN	29.12	NaN
15/06/2018 10:32:07 AM	3611867527	1013.00	27.10	29.11	99.7	27.11	29.11	99.6	27.13	29.11	99.4	NaN	29.11	NaN
15/06/2018 10:32:08 AM	3611867528	1013.00	27.12	29.11	99.5	27.11	29.11	99.6	27.14	29.11	99.3	NaN	29.11	NaN
15/06/2018 10:32:09 AM	3611867529	1013.00	27.08	29.10	99.9	27.12	29.10	99.5	27.15	29.10	99.2	NaN	29.10	NaN
15/06/2018 10:32:10 AM	3611867530	1013.00	27.12	29.10	99.5	27.12	29.10	99.5	27.19	29.10	98.8	NaN	29.10	NaN
15/06/2018 10:32:11 AM	3611867531	1013.00	27.05	29.10	100.1	27.12	29.10	99.5	27.15	29.10	99.2	NaN	29.10	NaN
15/06/2018 10:32:12 AM	3611867532	1013.00	27.08	29.10	99.9	27.11	29.10	99.6	27.13	29.10	99.4	NaN	29.10	NaN
15/06/2018 10:32:13 AM	3611867533	1013.00	27.10	29.10	99.7	27.13	29.10	99.4	27.14	29.10	99.3	NaN	29.10	NaN
15/06/2018 10:32:14 AM	3611867534	1013.00	27.10	29.10	99.7	27.67	29.10	94.5	27.17	29.10	99.0	NaN	29.10	NaN
15/06/2018 10:32:15 AM	3611867535	1013.00	27.11	29.10	99.6	27.12	29.10	99.5	27.12	29.10	99.5	NaN	29.10	NaN
15/06/2018 10:32:16 AM	3611867536	1013.00	27.11	29.10	99.6	27.14	29.10	99.3	27.14	29.10	99.3	NaN	29.10	NaN
15/06/2018 10:32:17 AM	3611867537	1013.00	27.09	29.11	99.7	27.14	29.11	99.3	27.13	29.11	99.4	NaN	29.11	NaN
15/06/2018 10:32:18 AM	3611867538	1013.00	27.12	29.11	99.5	27.13	29.11	99.4	27.13	29.11	99.4	NaN	29.11	NaN
15/06/2018 10:32:19 AM	3611867539	1013.00	27.10	29.10	99.7	27.17	29.10	99.0	27.13	29.10	99.4	NaN	29.10	NaN
15/06/2018 10:32:20 AM	3611867540	1013.00	27.12	29.11	99.5	27.14	29.11	99.3	27.14	29.11	99.3	NaN	29.11	NaN
15/06/2018 10:32:21 AM	3611867541	1013.00	27.09	29.11	99.7	27.13	29.11	99.4	27.17	29.11	99.0	NaN	29.11	NaN
15/06/2018 10:32:22 AM	3611867542	1013.00	27.12	29.11	99.5	27.17	29.11	99.0	27.16	29.11	99.1	NaN	29.11	NaN
15/06/2018 10:32:23 AM	3611867543	1013.00	27.14	29.11	99.3	27.16	29.11	99.1	27.15	29.11	99.2	NaN	29.11	NaN
15/06/2018 10:32:24 AM	3611867544	1013.00	27.14	29.12	99.3	27.19	29.12	98.8	27.13	29.12	99.4	NaN	29.12	NaN
15/06/2018 10:32:25 AM	3611867545	1013.00	27.13	29.11	99.4	27.18	29.11	98.9	27.15	29.11	99.2	NaN	29.11	NaN
15/06/2018 10:32:26 AM	3611867546	1013.00	27.13	29.10	99.4	27.17	29.10	99.0	27.13	29.10	99.4	NaN	29.10	NaN
15/06/2018 10:32:27 AM	3611867547	1013.00	27.14	29.10	99.3	27.17	29.10	99.0	27.15	29.10	99.2	NaN	29.10	NaN
15/06/2018 10:32:28 AM	3611867548	1013.00	27.11	29.10	99.6	27.18	29.10	98.9	27.15	29.10	99.2	NaN	29.10	NaN
15/06/2018 10:32:29 AM	3611867549	1013.00	27.15	29.10	99.2	27.13	29.10	99.4	27.16	29.10	99.1	NaN	29.10	NaN
15/06/2018 10:32:30 AM	3611867550	1013.00	27.15	29.10	99.2	27.71	29.10	94.1	27.15	29.10	99.2	NaN	29.10	NaN
15/06/2018 10:32:31 AM	3611867551	1013.00	27.17	29.12	99.0	27.17	29.12	99.0	27.15	29.12	99.2	NaN	29.12	NaN
15/06/2018 10:32:32 AM	3611867552	1013.00	27.15	29.12	99.2	27.20	29.12	98.7	27.18	29.12	98.9	NaN	29.12	NaN
15/06/2018 10:32:33 AM	3611867553	1013.00	27.17	29.12	99.0	27.18	29.12	98.9	27.14	29.12	99.3	NaN	29.12	NaN
15/06/2018 10:32:34 AM	3611867554	1013.00	27.13	29.13	99.3	27.17	29.13	99.0	27.10	29.13	99.6	NaN	29.13	NaN
15/06/2018 10:32:35 AM	3611867555	1013.00	27.16	29.13	99.1	27.17	29.13	99.0	27.17	29.13	99.0	NaN	29.13	NaN
15/06/2018 10:32:36 AM	3611867556	1013.00	27.17	29.13	99.0	27.19	29.13	98.8	27.16	29.13	99.1	NaN	29.13	NaN
15/06/2018 10:32:37 AM	3611867557	1013.00	27.14	29.13	99.2	27.20	29.13	98.7	27.22	29.13	98.5	NaN	29.13	NaN
15/06/2018 10:32:38 AM	3611867558	1013.00	27.17	29.13	99.0	27.15	29.13	99.1	27.18	29.13	98.9	NaN	29.13	NaN
15/06/2018 10:32:39 AM	3611867559	1013.00	27.17	29.13	99.0	27.22	29.13	98.5	27.12	29.13	99.4	NaN	29.13	NaN
15/06/2018 10:32:40 AM	3611867560	1013.00	27.16	29.13	99.1	27.18	29.13	98.9	27.17	29.13	99.0	NaN	29.13	NaN
15/06/2018 10:32:41 AM	3611867561	1013.00	27.18	29.13	98.9	27.21	29.13	98.6	27.16	29.13	99.1	NaN	29.13	NaN
15/06/2018 10:32:42 AM	3611867562	1013.00	27.19	29.13	98.8	27.21	29.13	98.6	27.16	29.13	99.1	NaN	29.13	NaN
15/06/2018 10:32:43 AM	3611867563	1013.00	27.14	29.13	99.2	27.22	29.13	98.5	27.17	29.13	99.0	NaN	29.13	NaN
15/06/2018 10:32:44 AM	3611867564	1013.00	27.19	29.13	98.8	27.20	29.13	98.7	27.14	29.13	99.2	NaN	29.13	NaN
15/06/2018 10:32:45 AM	3611867565	1013.00	27.15	29.14	99.1	27.19	29.14	98.8	27.15	29.14	99.1	NaN	29.14	NaN
15/06/2018 10:32:46 AM	3611867566	1013.00	27.20	29.14	98.7	27.18	29.14	98.8	27.15	29.14	99.1	NaN	29.14	NaN
15/06/2018 10:32:47 AM	3611867567	1013.00	27.19	29.14	98.8	27.23	29.14	98.4	27.20	29.14	98.7	NaN	29.14	NaN
15/06/2018 10:32:48 AM	3611867568	1013.00	27.18	29.13	98.9	27.24	29.13	98.3	27.17	29.13	99.0	NaN	29.13	NaN
15/06/2018 10:32:49 AM	3611867569	1013.00	27.17	29.13	99.0	27.24	29.13	98.3	27.15	29.13	99.1	NaN	29.13	NaN
15/06/2018 10:32:50 AM	3611867570	1013.00	27.17	29.13	99.0	27.21	29.13	98.6	27.14	29.13	99.2	NaN	29.13	NaN
15/06/2018 10:32:51 AM	3611867571	1013.00	27.17	29.13	99.0	27.24	29.13	98.3	27.17	29.13	99.0	NaN	29.13	NaN
15/06/2018 10:32:52 AM	3611867572	1013.00	27.19	29.12	98.8	27.25	29.12	98.2	27.18	29.12	98.9	NaN	29.12	NaN
15/06/2018 10:32:53 AM	3611867573	1013.00	27.16	29.13	99.1	27.23	29.13	98.4	27.17	29.13	99.0	NaN	29.13	NaN
15/06/2018 10:32:54 AM	3611867574	1013.00	27.21	29.13	98.6	27.19	29.13	98.8	27.14	29.13	99.2	NaN	29.13	NaN
15/06/2018 10:32:55 AM	3611867575	1013.00	27.20	29.13	98.7	27.23	29.13	98.4	27.17	29.13	99.0	NaN	29.13	NaN
15/06/2018 10:32:56 AM	3611867576	1013.00	27.19	29.13	98.8	27.23	29.13	98.4	27.17	29.13	99.0	NaN	29.13	NaN
15/06/2018 10:32:57 AM	3611867577	1013.00	27.19	29.13	98.8	27.22	29.13	98.5	27.22	29.13	98.5	NaN	29.13	NaN
15/06/2018 10:32:58 AM	3611867578	1013.00	27.17	29.12	99.0	27.23	29.12	98.4	27.16	29.12	99.1	NaN	29.12	NaN
15/06/2018 10:32:59 AM	3611867579	1013.00	27.21	29.12	98.6	27.26	29.12	98.1	27.18	29.12	98.9	NaN	29.12	NaN
15/06/2018 10:33:00 AM	3611867580	1013.00	27.20	29.11	98.7	27.27	29.11	98.1	27.18	29.11	98.9	NaN	29.11	NaN
15/06/2018 10:33:01 AM	3611867581	1013.00	27.20	29.11	98.7	27.25	29.11	98.2	27.12	29.11	99.5	NaN	29.11	NaN
15/06/2018 10:33:02 AM	3611867582	1013.00	27.20	29.11	98.7	27.26	29.11	98.2	27.13	29.11	99.4	NaN	29.11	NaN
15/06/2018 10:33:03 AM	3611867583	1013.00	27.21	29.11	98.6	27.28	29.11	98.0	27.14	29.11	99.3	NaN	29.11	NaN
15/06/2018 10:33:04 AM	3611867584	1013.00	27.20	29.11	98.7	27.26	29.11	98.2	27.16	29.11	99.1	NaN	29.11	NaN
15/06/2018 10:33:05 AM	3611867585	1013.00	27.22	29.12	98.5	27.29	29.12	97.9	27.16	29.12	99.1	NaN	29.12	NaN
15/06/2018 10:33:06 AM	3611867586	1013.00	27.24	29.11	98.3	27.24	29.11	98.3	27.19	29.11	98.8	NaN	29.11	NaN
15/06/2018 10:33:07 AM	3611867587	1013.00	27.22	29.12	98.5	27.29	29.12	97.9	27.17	29.12	99.0	NaN	29.12	NaN
15/06/2018 10:33:08 AM	3611867588	1013.00	27.22	29.12	98.5	27.28	29.12	98.0	27.18	29.12	98.9	NaN	29.12	NaN
15/06/2018 10:33:09 AM	3611867589	1013.00	27.20	29.11	98.7	27.28	29.11	98.0	27.18	29.11	98.9	NaN	29.11	NaN
15/06/2018 10:33:10 AM	3611867590	1013.00	27.22	29.11	98.5	27.25	29.11	98.2	27.17	29.11	99.0	NaN	29.11	NaN
15/06/2018 10:33:11 AM	3611867591	1013.00	27.22	29.11	98.5	27.29	29.11	97.9	27.18	29.11	98.9	NaN	29.11	NaN
15/06/2018 10:33:12 AM	3611867592	1013.00	27.23	29.10	98.4	27.30	29.10	97.8	27.18	29.10	98.9	NaN	29.10	NaN
15/06/2018 10:33:13 AM	3611867593	1013.00	27.24	29.10	98.4	27.30	29.10	97.8	27.15	29.10	99.2	NaN	29.10	NaN
15/06/2018 10:33:14 AM	3611867594	1013.00	27.22	29.10	98.5	27.30	29.10	97.8	27.15	29.10	99.2	NaN	29.10	NaN
15/06/2018 10:33:15 AM	3611867595	1013.00	27.24	29.10	98.4	27.31	29.10	97.7	27.14	29.10	99.3	NaN	29.10	NaN
15/06/2018 10:33:16 AM	3611867596	1013.00	27.23	29.09	98.5	27.33	29.09	97.5	27.18	29.09	98.9	NaN	29.09	NaN
15/06/2018 10:33:17 AM	3611867597	1013.00	27.25	29.09	98.3	27.32	29.09	97.6	27.17	29.09	99.0	NaN	29.09	NaN
15/06/2018 10:33:18 AM	3611867598	1013.00	27.24	29.10	98.4	27.32	29.10	97.6	27.16	29.10	99.1	NaN	29.10	NaN
15/06/2018 10:33:19 AM	3611867599	1013.00	27.25	29.09	98.3	27.32	29.09	97.6	27.21	29.09	98.7	NaN	29.09	NaN
15/06/2018 10:33:20 AM	3611867600	1013.00	27.25	29.09	98.3	27.31	29.09	97.7	27.18	29.09	98.9	NaN	29.09	NaN
15/06/2018 10:33:21 AM	3611867601	1013.00	27.22	29.09	98.6	27.34	29.09	97.4	27.16	29.09	99.1	NaN	29.09	NaN
15/06/2018 10:33:22 AM	3611867602	1013.00	27.27	29.08	98.1	27.30	29.08	97.8	27.17	29.08	99.0	NaN	29.08	NaN
15/06/2018 10:33:23 AM	3611867603	1013.00	27.24	29.09	98.4	27.36	29.09	97.3	27.14	29.09	99.3	NaN	29.09	NaN
15/06/2018 10:33:24 AM	3611867604	1013.00	27.22	29.09	98.6	27.33	29.09	97.5	27.18	29.09	98.9	NaN	29.09	NaN
15/06/2018 10:33:25 AM	3611867605	1013.00	27.25	29.09	98.3	27.33	29.09	97.5	27.18	29.09	98.9	NaN	29.09	NaN
15/06/2018 10:33:26 AM	3611867606	1013.00	27.27	29.09	98.1	27.33	29.09	97.5	27.20	29.09	98.7	NaN	29.09	NaN
15/06/2018 10:33:27 AM	3611867607	1013.00	27.24	29.09	98.4	27.34	29.09	97.4	27.16	29.09	99.1	NaN	29.09	NaN
15/06/2018 10:33:28 AM	3611867608	1013.00	27.26	29.09	98.2	27.33	29.09	97.5	27.20	29.09	98.7	NaN	29.09	NaN
15/06/2018 10:33:29 AM	3611867609	1013.00	27.28	29.10	98.0	27.35	29.10	97.3	27.14	29.10	99.3	NaN	29.10	NaN
15/06/2018 10:33:30 AM	3611867610	1013.00	27.29	29.10	97.9	27.36	29.10	97.2	27.15	29.10	99.2	NaN	29.10	NaN
15/06/2018 10:33:31 AM	3611867611	1013.00	27.28	29.10	98.0	27.34	29.10	97.4	27.18	29.10	98.9	NaN	29.10	NaN
15/06/2018 10:33:32 AM	3611867612	1013.00	27.26	29.10	98.2	27.37	29.10	97.2	27.17	29.10	99.0	NaN	29.10	NaN
15/06/2018 10:33:33 AM	3611867613	1013.00	27.27	29.10	98.1	27.35	29.10	97.3	27.15	29.10	99.2	NaN	29.10	NaN
15/06/2018 10:33:34 AM	3611867614	1013.00	27.25	29.10	98.3	27.35	29.10	97.3	27.20	29.10	98.7	NaN	29.10	NaN
15/06/2018 10:33:35 AM	3611867615	1013.00	27.27	29.10	98.1	27.41	29.10	96.8	27.18	29.10	98.9	NaN	29.10	NaN
15/06/2018 10:33:36 AM	3611867616	1013.00	27.29	29.09	97.9	27.36	29.09	97.3	27.18	29.09	98.9	NaN	29.09	NaN
15/06/2018 10:33:37 AM	3611867617	1013.00	27.31	29.10	97.7	27.36	29.10	97.2	27.17	29.10	99.0	NaN	29.10	NaN
15/06/2018 10:33:38 AM	3611867618	1013.00	27.27	29.10	98.1	27.36	29.10	97.2	27.18	29.10	98.9	NaN	29.10	NaN
15/06/2018 10:33:39 AM	3611867619	1013.00	27.25	29.09	98.3	27.36	29.09	97.3	27.16	29.09	99.1	NaN	29.09	NaN
15/06/2018 10:33:40 AM	3611867620	1013.00	27.28	29.09	98.0	27.38	29.09	97.1	27.18	29.09	98.9	NaN	29.09	NaN
15/06/2018 10:33:41 AM	3611867621	1013.00	27.33	29.09	97.5	27.37	29.09	97.2	27.20	29.09	98.7	NaN	29.09	NaN
15/06/2018 10:33:42 AM	3611867622	1013.00	27.29	29.08	97.9	27.37	29.08	97.2	27.17	29.08	99.0	NaN	29.08	NaN
15/06/2018 10:33:43 AM	3611867623	1013.00	27.30	29.08	97.8	27.41	29.08	96.8	27.17	29.08	99.0	NaN	29.08	NaN
15/06/2018 10:33:44 AM	3611867624	1013.00	27.29	29.08	97.9	27.39	29.08	97.0	27.17	29.08	99.0	NaN	29.08	NaN
15/06/2018 10:33:45 AM	3611867625	1013.00	27.30	29.08	97.8	27.39	29.08	97.0	27.16	29.08	99.1	NaN	29.08	NaN
15/06/2018 10:33:46 AM	3611867626	1013.00	27.30	29.09	97.8	27.39	29.09	97.0	27.23	29.09	98.5	NaN	29.09	NaN
15/06/2018 10:33:47 AM	3611867627	1013.00	27.30	29.09	97.8	27.40	29.09	96.9	27.20	29.09	98.7	NaN	29.09	NaN
15/06/2018 10:33:48 AM	3611867628	1013.00	27.28	29.09	98.0	27.37	29.09	97.2	27.19	29.09	98.8	NaN	29.09	NaN
15/06/2018 10:33:49 AM	3611867629	1013.00	27.33	29.09	97.5	27.41	29.09	96.8	27.13	29.09	99.4	NaN	29.09	NaN
15/06/2018 10:33:50 AM	3611867630	1013.00	27.30	29.09	97.8	27.38	29.09	97.1	27.15	29.09	99.2	NaN	29.09	NaN
15/06/2018 10:33:51 AM	3611867631	1013.00	27.32	29.09	97.6	27.42	29.09	96.7	27.24	29.09	98.4	NaN	29.09	NaN
15/06/2018 10:33:52 AM	3611867632	1013.00	27.33	29.09	97.5	27.38	29.09	97.1	27.18	29.09	98.9	NaN	29.09	NaN
15/06/2018 10:33:53 AM	3611867633	1013.00	27.34	29.09	97.4	27.38	29.09	97.1	27.17	29.09	99.0	NaN	29.09	NaN
15/06/2018 10:33:54 AM	3611867634	1013.00	27.31	29.09	97.7	27.37	29.09	97.2	27.14	29.09	99.3	NaN	29.09	NaN
15/06/2018 10:33:55 AM	3611867635	1013.00	27.31	29.09	97.7	27.41	29.09	96.8	27.13	29.09	99.4	NaN	29.09	NaN
15/06/2018 10:33:56 AM	3611867636	1013.00	27.33	29.08	97.6	27.39	29.08	97.0	27.14	29.08	99.3	NaN	29.08	NaN
15/06/2018 10:33:57 AM	3611867637	1013.00	27.32	29.08	97.6	27.43	29.08	96.6	27.22	29.08	98.6	NaN	29.08	NaN
15/06/2018 10:33:58 AM	3611867638	1013.00	27.34	29.08	97.5	27.42	29.08	96.7	27.17	29.08	99.0	NaN	29.08	NaN
15/06/2018 10:33:59 AM	3611867639	1013.00	27.32	29.08	97.6	27.43	29.08	96.6	27.16	29.08	99.1	NaN	29.08	NaN
15/06/2018 10:34:00 AM	3611867640	1013.00	27.34	29.07	97.5	27.41	29.07	96.8	27.16	29.07	99.2	NaN	29.07	NaN
15/06/2018 10:34:01 AM	3611867641	1013.00	27.33	29.08	97.6	27.44	29.08	96.6	27.19	29.08	98.9	NaN	29.08	NaN
15/06/2018 10:34:02 AM	3611867642	1013.00	27.32	29.08	97.6	27.41	29.08	96.8	27.15	29.08	99.2	NaN	29.08	NaN
15/06/2018 10:34:03 AM	3611867643	1013.00	27.34	29.08	97.5	27.46	29.08	96.4	27.18	29.08	98.9	NaN	29.08	NaN
15/06/2018 10:34:04 AM	3611867644	1013.00	27.35	29.08	97.4	27.43	29.08	96.6	27.17	29.08	99.0	NaN	29.08	NaN
15/06/2018 10:34:05 AM	3611867645	1013.00	27.36	29.09	97.3	27.45	29.09	96.4	27.18	29.09	98.9	NaN	29.09	NaN
15/06/2018 10:34:06 AM	3611867646	1013.00	27.35	29.07	97.4	27.41	29.07	96.8	27.19	29.07	98.9	NaN	29.07	NaN
15/06/2018 10:34:07 AM	3611867647	1013.00	27.35	29.07	97.4	27.46	29.07	96.4	27.22	29.07	98.6	NaN	29.07	NaN
15/06/2018 10:34:08 AM	3611867648	1013.00	27.36	29.07	97.3	27.43	29.07	96.7	27.17	29.07	99.1	NaN	29.07	NaN
15/06/2018 10:34:09 AM	3611867649	1013.00	27.34	29.07	97.5	27.48	29.07	96.2	27.18	29.07	99.0	NaN	29.07	NaN
15/06/2018 10:34:10 AM	3611867650	1013.00	27.34	29.07	97.5	27.44	29.07	96.6	27.17	29.07	99.1	NaN	29.07	NaN
15/06/2018 10:34:11 AM	3611867651	1013.00	27.36	29.06	97.3	27.45	29.06	96.5	27.18	29.06	99.0	NaN	29.06	NaN
15/06/2018 10:34:12 AM	3611867652	1013.00	27.36	29.06	97.3	27.46	29.06	96.4	27.21	29.06	98.7	NaN	29.06	NaN
15/06/2018 10:34:13 AM	3611867653	1013.00	27.36	29.07	97.3	27.45	29.07	96.5	27.20	29.07	98.8	NaN	29.07	NaN
15/06/2018 10:34:14 AM	3611867654	1013.00	27.37	29.06	97.2	27.46	29.06	96.4	27.16	29.06	99.2	NaN	29.06	NaN
15/06/2018 10:34:15 AM	3611867655	1013.00	27.36	29.05	97.3	27.46	29.05	96.4	27.21	29.05	98.7	NaN	29.05	NaN
15/06/2018 10:34:16 AM	3611867656	1013.00	27.38	29.06	97.1	27.46	29.06	96.4	27.17	29.06	99.1	NaN	29.06	NaN
15/06/2018 10:34:17 AM	3611867657	1013.00	27.39	29.06	97.0	27.48	29.06	96.2	27.19	29.06	98.9	NaN	29.06	NaN
15/06/2018 10:34:18 AM	3611867658	1013.00	27.37	29.06	97.2	27.45	29.06	96.5	27.18	29.06	99.0	NaN	29.06	NaN
15/06/2018 10:34:19 AM	3611867659	1013.00	27.38	29.06	97.1	27.46	29.06	96.4	27.20	29.06	98.8	NaN	29.06	NaN
15/06/2018 10:34:20 AM	3611867660	1013.00	27.37	29.06	97.2	27.46	29.06	96.4	27.13	29.06	99.5	NaN	29.06	NaN
15/06/2018 10:34:21 AM	3611867661	1013.00	27.35	29.07	97.4	27.49	29.07	96.1	27.17	29.07	99.1	NaN	29.07	NaN
15/06/2018 10:34:22 AM	3611867662	1013.00	27.38	29.06	97.1	27.47	29.06	96.3	27.16	29.06	99.2	NaN	29.06	NaN
15/06/2018 10:34:23 AM	3611867663	1013.00	27.37	29.05	97.2	27.50	29.05	96.1	27.19	29.05	98.9	NaN	29.05	NaN
15/06/2018 10:34:24 AM	3611867664	1013.00	27.37	29.05	97.2	27.48	29.05	96.2	27.19	29.05	98.9	NaN	29.05	NaN
15/06/2018 10:34:25 AM	3611867665	1013.00	27.39	29.06	97.0	27.47	29.06	96.3	27.19	29.06	98.9	NaN	29.06	NaN
15/06/2018 10:34:26 AM	3611867666	1013.00	27.39	29.05	97.1	27.45	29.05	96.5	27.20	29.05	98.8	NaN	29.05	NaN
15/06/2018 10:34:27 AM	3611867667	1013.00	27.41	29.06	96.9	27.53	29.06	95.8	27.19	29.06	98.9	NaN	29.06	NaN
15/06/2018 10:34:28 AM	3611867668	1013.00	27.42	29.06	96.8	27.48	29.06	96.2	27.17	29.06	99.1	NaN	29.06	NaN
15/06/2018 10:34:29 AM	3611867669	1013.00	27.39	29.06	97.0	27.46	29.06	96.4	27.18	29.06	99.0	NaN	29.06	NaN
15/06/2018 10:34:30 AM	3611867670	1013.00	27.38	29.05	97.1	27.47	29.05	96.3	27.21	29.05	98.7	NaN	29.05	NaN
15/06/2018 10:34:31 AM	3611867671	1013.00	27.41	29.06	96.9	27.51	29.06	96.0	27.20	29.06	98.8	NaN	29.06	NaN
15/06/2018 10:34:32 AM	3611867672	1013.00	27.41	29.05	96.9	27.48	29.05	96.2	27.19	29.05	98.9	NaN	29.05	NaN
15/06/2018 10:34:33 AM	3611867673	1013.00	27.43	29.04	96.7	27.50	29.04	96.1	27.21	29.04	98.7	NaN	29.04	NaN
15/06/2018 10:34:34 AM	3611867674	1013.00	27.45	29.05	96.5	27.48	29.05	96.2	27.21	29.05	98.7	NaN	29.05	NaN
15/06/2018 10:34:35 AM	3611867675	1013.00	27.39	29.05	97.1	27.49	29.05	96.1	27.15	29.05	99.3	NaN	29.05	NaN
15/06/2018 10:34:36 AM	3611867676	1013.00	27.41	29.04	96.9	27.51	29.04	96.0	27.19	29.04	98.9	NaN	29.04	NaN
15/06/2018 10:34:37 AM	3611867677	1013.00	27.44	29.05	96.6	27.50	29.05	96.1	27.23	29.05	98.5	NaN	29.05	NaN
15/06/2018 10:34:38 AM	3611867678	1013.00	27.42	29.06	96.8	27.50	29.06	96.0	27.22	29.06	98.6	NaN	29.06	NaN
15/06/2018 10:34:39 AM	3611867679	1013.00	27.43	29.05	96.7	27.52	29.05	95.9	27.17	29.05	99.1	NaN	29.05	NaN
15/06/2018 10:34:40 AM	3611867680	1013.00	27.41	29.05	96.9	27.53	29.05	95.8	27.17	29.05	99.1	NaN	29.05	NaN
15/06/2018 10:34:41 AM	3611867681	1013.00	27.43	29.05	96.7	27.48	29.05	96.2	27.20	29.05	98.8	NaN	29.05	NaN
15/06/2018 10:34:42 AM	3611867682	1013.00	27.42	29.05	96.8	27.52	29.05	95.9	27.20	29.05	98.8	NaN	29.05	NaN
15/06/2018 10:34:43 AM	3611867683	1013.00	27.44	29.05	96.6	27.49	29.05	96.1	27.20	29.05	98.8	NaN	29.05	NaN
15/06/2018 10:34:44 AM	3611867684	1013.00	27.45	29.04	96.5	27.50	29.04	96.1	27.18	29.04	99.0	NaN	29.04	NaN
15/06/2018 10:34:45 AM	3611867685	1013.00	27.47	29.04	96.3	27.52	29.04	95.9	27.22	29.04	98.6	NaN	29.04	NaN
15/06/2018 10:34:46 AM	3611867686	1013.00	27.46	29.05	96.4	27.54	29.05	95.7	27.15	29.05	99.3	NaN	29.05	NaN
15/06/2018 10:34:47 AM	3611867687	1013.00	27.48	29.04	96.3	27.55	29.04	95.6	27.18	29.04	99.0	NaN	29.04	NaN
15/06/2018 10:34:48 AM	3611867688	1013.00	27.48	29.05	96.2	27.55	29.05	95.6	27.19	29.05	98.9	NaN	29.05	NaN
15/06/2018 10:34:49 AM	3611867689	1013.00	27.47	29.05	96.3	27.55	29.05	95.6	27.20	29.05	98.8	NaN	29.05	NaN
15/06/2018 10:34:50 AM	3611867690	1013.00	27.46	29.06	96.4	27.53	29.06	95.8	27.17	29.06	99.1	NaN	29.06	NaN
15/06/2018 10:34:51 AM	3611867691	1013.00	27.46	29.05	96.4	27.55	29.05	95.6	27.18	29.05	99.0	NaN	29.05	NaN
15/06/2018 10:34:52 AM	3611867692	1013.00	27.46	29.05	96.4	27.58	29.05	95.3	27.18	29.05	99.0	NaN	29.05	NaN
15/06/2018 10:34:53 AM	3611867693	1013.00	27.47	29.05	96.3	27.57	29.05	95.4	27.17	29.05	99.1	NaN	29.05	NaN
15/06/2018 10:34:54 AM	3611867694	1013.00	27.48	29.05	96.2	27.53	29.05	95.8	27.19	29.05	98.9	NaN	29.05	NaN
15/06/2018 10:34:55 AM	3611867695	1013.00	27.49	29.04	96.2	27.56	29.04	95.5	27.14	29.04	99.4	NaN	29.04	NaN
15/06/2018 10:34:56 AM	3611867696	1013.00	27.45	29.05	96.5	27.57	29.05	95.4	27.22	29.05	98.6	NaN	29.05	NaN
15/06/2018 10:34:57 AM	3611867697	1013.00	27.46	29.05	96.4	27.59	29.05	95.2	27.16	29.05	99.2	NaN	29.05	NaN
15/06/2018 10:34:58 AM	3611867698	1013.00	27.47	29.04	96.3	27.56	29.04	95.5	27.18	29.04	99.0	NaN	29.04	NaN
15/06/2018 10:34:59 AM	3611867699	1013.00	27.47	29.05	96.3	27.59	29.05	95.2	27.20	29.05	98.8	NaN	29.05	NaN
15/06/2018 10:35:00 AM	3611867700	1013.00	27.50	29.05	96.1	27.57	29.05	95.4	27.21	29.05	98.7	NaN	29.05	NaN
15/06/2018 10:35:01 AM	3611867701	1013.00	27.50	29.05	96.1	27.57	29.05	95.4	27.19	29.05	98.9	NaN	29.05	NaN
15/06/2018 10:35:02 AM	3611867702	1013.00	27.46	29.05	96.4	27.59	29.05	95.2	27.23	29.05	98.5	NaN	29.05	NaN
15/06/2018 10:35:03 AM	3611867703	1013.00	27.50	29.06	96.0	27.60	29.06	95.1	27.19	29.06	98.9	NaN	29.06	NaN
15/06/2018 10:35:04 AM	3611867704	1013.00	27.50	29.06	96.0	27.59	29.06	95.2	27.20	29.06	98.8	NaN	29.06	NaN
15/06/2018 10:35:05 AM	3611867705	1013.00	27.50	29.06	96.0	27.57	29.06	95.4	27.24	29.06	98.4	NaN	29.06	NaN
15/06/2018 10:35:06 AM	3611867706	1013.00	27.48	29.07	96.2	27.55	29.07	95.6	27.21	29.07	98.7	NaN	29.07	NaN
15/06/2018 10:35:07 AM	3611867707	1013.00	27.51	29.06	96.0	27.60	29.06	95.1	27.18	29.06	99.0	NaN	29.06	NaN
15/06/2018 10:35:08 AM	3611867708	1013.00	27.52	29.06	95.9	27.56	29.06	95.5	27.17	29.06	99.1	NaN	29.06	NaN
15/06/2018 10:35:09 AM	3611867709	1013.00	27.50	29.05	96.1	27.59	29.05	95.2	27.21	29.05	98.7	NaN	29.05	NaN
15/06/2018 10:35:10 AM	3611867710	1013.00	27.52	29.05	95.9	27.59	29.05	95.2	27.16	29.05	99.2	NaN	29.05	NaN
15/06/2018 10:35:11 AM	3611867711	1013.00	27.51	29.04	96.0	27.59	29.04	95.3	27.17	29.04	99.1	NaN	29.04	NaN
15/06/2018 10:35:12 AM	3611867712	1013.00	27.48	29.04	96.3	27.58	29.04	95.4	27.22	29.04	98.6	NaN	29.04	NaN
15/06/2018 10:35:13 AM	3611867713	1013.00	27.51	29.04	96.0	27.62	29.04	95.0	27.20	29.04	98.8	NaN	29.04	NaN
15/06/2018 10:35:14 AM	3611867714	1013.00	27.50	29.05	96.1	27.61	29.05	95.1	27.17	29.05	99.1	NaN	29.05	NaN
15/06/2018 10:35:15 AM	3611867715	1013.00	27.52	29.04	95.9	27.61	29.04	95.1	27.17	29.04	99.1	NaN	29.04	NaN
15/06/2018 10:35:16 AM	3611867716	1013.00	27.52	29.04	95.9	27.64	29.04	94.8	27.18	29.04	99.0	NaN	29.04	NaN
15/06/2018 10:35:17 AM	3611867717	1013.00	27.52	29.04	95.9	27.62	29.04	95.0	27.18	29.04	99.0	NaN	29.04	NaN
15/06/2018 10:35:18 AM	3611867718	1013.00	27.52	29.04	95.9	27.63	29.04	94.9	27.17	29.04	99.1	NaN	29.04	NaN
15/06/2018 10:35:19 AM	3611867719	1013.00	27.52	29.04	95.9	27.63	29.04	94.9	27.21	29.04	98.7	NaN	29.04	NaN
15/06/2018 10:35:20 AM	3611867720	1013.00	27.53	29.04	95.8	27.60	29.04	95.2	27.16	29.04	99.2	NaN	29.04	NaN
15/06/2018 10:35:21 AM	3611867721	1013.00	27.54	29.03	95.7	27.66	29.03	94.7	27.19	29.03	98.9	NaN	29.03	NaN
15/06/2018 10:35:22 AM	3611867722	1013.00	27.54	29.03	95.7	27.63	29.03	94.9	27.20	29.03	98.8	NaN	29.03	NaN
15/06/2018 10:35:23 AM	3611867723	1013.00	27.54	29.02	95.7	27.65	29.02	94.8	27.20	29.02	98.9	NaN	29.02	NaN
15/06/2018 10:35:24 AM	3611867724	1013.00	27.56	29.03	95.5	27.64	29.03	94.8	27.19	29.03	98.9	NaN	29.03	NaN
15/06/2018 10:35:25 AM	3611867725	1013.00	27.54	29.04	95.7	27.63	29.04	94.9	27.21	29.04	98.7	NaN	29.04	NaN
15/06/2018 10:35:26 AM	3611867726	1013.00	27.57	29.04	95.4	27.61	29.04	95.1	27.20	29.04	98.8	NaN	29.04	NaN
15/06/2018 10:35:27 AM	3611867727	1013.00	27.56	29.04	95.5	27.65	29.04	94.7	27.19	29.04	98.9	NaN	29.04	NaN
15/06/2018 10:35:28 AM	3611867728	1013.00	27.58	29.04	95.4	27.64	29.04	94.8	27.23	29.04	98.6	NaN	29.04	NaN
15/06/2018 10:35:29 AM	3611867729	1013.00	27.56	29.04	95.5	27.65	29.04	94.7	27.19	29.04	98.9	NaN	29.04	NaN
15/06/2018 10:35:30 AM	3611867730	1013.00	27.56	29.03	95.5	27.63	29.03	94.9	27.20	29.03	98.8	NaN	29.03	NaN
15/06/2018 10:35:31 AM	3611867731	1013.00	27.57	29.03	95.5	27.62	29.03	95.0	27.22	29.03	98.7	NaN	29.03	NaN
15/06/2018 10:35:32 AM	3611867732	1013.00	27.56	29.03	95.5	27.67	29.03	94.6	27.20	29.03	98.8	NaN	29.03	NaN
15/06/2018 10:35:33 AM	3611867733	1013.00	27.62	29.03	95.0	27.68	29.03	94.5	27.21	29.03	98.8	NaN	29.03	NaN
15/06/2018 10:35:34 AM	3611867734	1013.00	27.59	29.02	95.3	27.68	29.02	94.5	27.18	29.02	99.1	NaN	29.02	NaN
15/06/2018 10:35:35 AM	3611867735	1013.00	27.61	29.02	95.1	27.67	29.02	94.6	27.22	29.02	98.7	NaN	29.02	NaN
15/06/2018 10:35:36 AM	3611867736	1013.00	27.59	29.02	95.3	27.66	29.02	94.7	27.18	29.02	99.1	NaN	29.02	NaN
15/06/2018 10:35:37 AM	3611867737	1013.00	27.62	29.02	95.0	27.67	29.02	94.6	27.22	29.02	98.7	NaN	29.02	NaN
15/06/2018 10:35:38 AM	3611867738	1013.00	27.58	29.02	95.4	27.71	29.02	94.2	27.21	29.02	98.8	NaN	29.02	NaN
15/06/2018 10:35:39 AM	3611867739	1013.00	27.60	29.02	95.2	27.67	29.02	94.6	27.18	29.02	99.1	NaN	29.02	NaN
15/06/2018 10:35:40 AM	3611867740	1013.00	27.59	29.02	95.3	27.69	29.02	94.4	27.18	29.02	99.1	NaN	29.02	NaN
15/06/2018 10:35:41 AM	3611867741	1013.00	27.59	29.03	95.3	27.66	29.03	94.7	27.19	29.03	98.9	NaN	29.03	NaN
15/06/2018 10:35:42 AM	3611867742	1013.00	27.60	29.03	95.2	27.68	29.03	94.5	27.21	29.03	98.8	NaN	29.03	NaN
15/06/2018 10:35:43 AM	3611867743	1013.00	27.61	29.03	95.1	27.68	29.03	94.5	27.18	29.03	99.0	NaN	29.03	NaN
15/06/2018 10:35:44 AM	3611867744	1013.00	27.62	29.03	95.0	27.66	29.03	94.7	27.25	29.03	98.4	NaN	29.03	NaN
15/06/2018 10:35:45 AM	3611867745	1013.00	27.62	29.02	95.0	27.68	29.02	94.5	27.21	29.02	98.8	NaN	29.02	NaN
15/06/2018 10:35:46 AM	3611867746	1013.00	27.62	29.02	95.0	27.71	29.02	94.2	27.17	29.02	99.1	NaN	29.02	NaN
15/06/2018 10:35:47 AM	3611867747	1013.00	27.64	29.02	94.9	27.71	29.02	94.2	27.15	29.02	99.3	NaN	29.02	NaN
15/06/2018 10:35:48 AM	3611867748	1013.00	27.65	29.02	94.8	27.70	29.02	94.3	27.21	29.02	98.8	NaN	29.02	NaN
15/06/2018 10:35:49 AM	3611867749	1013.00	27.63	29.03	94.9	27.71	29.03	94.2	27.19	29.03	98.9	NaN	29.03	NaN
15/06/2018 10:35:50 AM	3611867750	1013.00	27.63	29.02	94.9	27.70	29.02	94.3	27.21	29.02	98.8	NaN	29.02	NaN
15/06/2018 10:35:51 AM	3611867751	1013.00	27.62	29.03	95.0	27.70	29.03	94.3	27.15	29.03	99.3	NaN	29.03	NaN
15/06/2018 10:35:52 AM	3611867752	1013.00	27.64	29.03	94.8	27.71	29.03	94.2	27.16	29.03	99.2	NaN	29.03	NaN
15/06/2018 10:35:53 AM	3611867753	1013.00	27.65	29.03	94.7	27.74	29.03	94.0	27.20	29.03	98.8	NaN	29.03	NaN
15/06/2018 10:35:54 AM	3611867754	1013.00	27.64	29.02	94.9	27.70	29.02	94.3	27.20	29.02	98.9	NaN	29.02	NaN
15/06/2018 10:35:55 AM	3611867755	1013.00	27.63	29.03	94.9	27.74	29.03	94.0	27.19	29.03	98.9	NaN	29.03	NaN
15/06/2018 10:35:56 AM	3611867756	1013.00	27.64	29.03	94.8	27.74	29.03	94.0	27.19	29.03	98.9	NaN	29.03	NaN
15/06/2018 10:35:57 AM	3611867757	1013.00	27.66	29.03	94.7	27.75	29.03	93.9	27.18	29.03	99.0	NaN	29.03	NaN
15/06/2018 10:35:58 AM	3611867758	1013.00	27.66	29.02	94.7	27.74	29.02	94.0	27.22	29.02	98.7	NaN	29.02	NaN
15/06/2018 10:35:59 AM	3611867759	1013.00	27.65	29.02	94.8	27.71	29.02	94.2	27.18	29.02	99.1	NaN	29.02	NaN
15/06/2018 10:36:00 AM	3611867760	1013.00	27.69	29.02	94.4	27.78	29.02	93.6	27.23	29.02	98.6	NaN	29.02	NaN
15/06/2018 10:36:01 AM	3611867761	1013.00	27.68	29.02	94.5	27.76	29.02	93.8	27.21	29.02	98.8	NaN	29.02	NaN
15/06/2018 10:36:02 AM	3611867762	1013.00	27.65	29.02	94.8	27.77	29.02	93.7	27.20	29.02	98.9	NaN	29.02	NaN
15/06/2018 10:36:03 AM	3611867763	1013.00	27.66	29.02	94.7	27.76	29.02	93.8	27.22	29.02	98.7	NaN	29.02	NaN
15/06/2018 10:36:04 AM	3611867764	1013.00	27.66	29.02	94.7	27.77	29.02	93.7	27.21	29.02	98.8	NaN	29.02	NaN
15/06/2018 10:36:05 AM	3611867765	1013.00	27.65	29.01	94.8	27.76	29.01	93.8	27.21	29.01	98.8	NaN	29.01	NaN
15/06/2018 10:36:06 AM	3611867766	1013.00	27.68	29.01	94.5	27.76	29.01	93.8	27.21	29.01	98.8	NaN	29.01	NaN
15/06/2018 10:36:07 AM	3611867767	1013.00	27.68	29.01	94.5	27.77	29.01	93.7	27.19	29.01	99.0	NaN	29.01	NaN
15/06/2018 10:36:08 AM	3611867768	1013.00	27.67	29.00	94.6	27.82	29.00	93.3	27.18	29.00	99.1	NaN	29.00	NaN
15/06/2018 10:36:09 AM	3611867769	1013.00	27.70	29.01	94.3	27.80	29.01	93.5	27.20	29.01	98.9	NaN	29.01	NaN
15/06/2018 10:36:10 AM	3611867770	1013.00	27.70	29.00	94.4	27.81	29.00	93.4	27.19	29.00	99.0	NaN	29.00	NaN
15/06/2018 10:36:11 AM	3611867771	1013.00	27.67	29.00	94.6	27.80	29.00	93.5	27.18	29.00	99.1	NaN	29.00	NaN
15/06/2018 10:36:12 AM	3611867772	1013.00	27.69	29.01	94.4	27.81	29.01	93.4	27.23	29.01	98.6	NaN	29.01	NaN
15/06/2018 10:36:13 AM	3611867773	1013.00	27.68	29.01	94.5	27.81	29.01	93.4	27.22	29.01	98.7	NaN	29.01	NaN
15/06/2018 10:36:14 AM	3611867774	1013.00	27.70	29.01	94.3	27.80	29.01	93.5	27.21	29.01	98.8	NaN	29.01	NaN
15/06/2018 10:36:15 AM	3611867775	1013.00	27.69	29.01	94.4	27.81	29.01	93.4	27.20	29.01	98.9	NaN	29.01	NaN
15/06/2018 10:36:16 AM	3611867776	1013.00	27.70	29.01	94.3	27.80	29.01	93.5	27.17	29.01	99.2	NaN	29.01	NaN
15/06/2018 10:36:17 AM	3611867777	1013.00	27.70	29.01	94.3	27.85	29.01	93.0	27.20	29.01	98.9	NaN	29.01	NaN
15/06/2018 10:36:18 AM	3611867778	1013.00	27.71	29.01	94.2	27.83	29.01	93.2	27.17	29.01	99.2	NaN	29.01	NaN
15/06/2018 10:36:19 AM	3611867779	1013.00	27.70	29.01	94.3	27.81	29.01	93.4	27.21	29.01	98.8	NaN	29.01	NaN
15/06/2018 10:36:20 AM	3611867780	1013.00	27.70	29.01	94.3	27.85	29.01	93.0	27.21	29.01	98.8	NaN	29.01	NaN
15/06/2018 10:36:21 AM	3611867781	1013.00	27.70	29.01	94.3	27.82	29.01	93.3	27.22	29.01	98.7	NaN	29.01	NaN
15/06/2018 10:36:22 AM	3611867782	1013.00	27.69	29.01	94.4	27.85	29.01	93.0	27.20	29.01	98.9	NaN	29.01	NaN
15/06/2018 10:36:23 AM	3611867783	1013.00	27.71	29.01	94.2	27.84	29.01	93.1	27.18	29.01	99.1	NaN	29.01	NaN
15/06/2018 10:36:24 AM	3611867784	1013.00	27.73	29.01	94.1	27.84	29.01	93.1	27.20	29.01	98.9	NaN	29.01	NaN
15/06/2018 10:36:25 AM	3611867785	1013.00	27.73	29.01	94.1	27.81	29.01	93.4	27.18	29.01	99.1	NaN	29.01	NaN
15/06/2018 10:36:26 AM	3611867786	1013.00	27.70	29.02	94.3	27.82	29.02	93.3	27.19	29.02	99.0	NaN	29.02	NaN
15/06/2018 10:36:27 AM	3611867787	1013.00	27.73	29.01	94.1	27.85	29.01	93.0	27.22	29.01	98.7	NaN	29.01	NaN
15/06/2018 10:36:28 AM	3611867788	1013.00	27.71	29.02	94.2	27.84	29.02	93.1	27.21	29.02	98.8	NaN	29.02	NaN
15/06/2018 10:36:29 AM	3611867789	1013.00	27.73	29.01	94.1	27.86	29.01	92.9	27.24	29.01	98.5	NaN	29.01	NaN
15/06/2018 10:36:30 AM	3611867790	1013.00	27.72	29.01	94.2	27.85	29.01	93.0	27.19	29.01	99.0	NaN	29.01	NaN
15/06/2018 10:36:31 AM	3611867791	1013.00	27.72	29.01	94.2	27.86	29.01	92.9	27.19	29.01	99.0	NaN	29.01	NaN
15/06/2018 10:36:32 AM	3611867792	1013.00	27.75	29.00	93.9	27.86	29.00	93.0	27.18	29.00	99.1	NaN	29.00	NaN
15/06/2018 10:36:33 AM	3611867793	1013.00	27.77	29.00	93.7	27.90	29.00	92.6	27.21	29.00	98.8	NaN	29.00	NaN
15/06/2018 10:36:34 AM	3611867794	1013.00	27.75	29.00	93.9	27.84	29.00	93.1	27.16	29.00	99.3	NaN	29.00	NaN
15/06/2018 10:36:35 AM	3611867795	1013.00	27.77	29.00	93.7	27.89	29.00	92.7	27.15	29.00	99.4	NaN	29.00	NaN
15/06/2018 10:36:36 AM	3611867796	1013.00	27.75	29.00	93.9	27.91	29.00	92.5	27.18	29.00	99.1	NaN	29.00	NaN
15/06/2018 10:36:37 AM	3611867797	1013.00	27.73	29.00	94.1	27.88	29.00	92.8	27.18	29.00	99.1	NaN	29.00	NaN
15/06/2018 10:36:38 AM	3611867798	1013.00	27.74	29.00	94.0	27.89	29.00	92.7	27.16	29.00	99.3	NaN	29.00	NaN
15/06/2018 10:36:39 AM	3611867799	1013.00	27.77	29.00	93.7	27.91	29.00	92.5	27.16	29.00	99.3	NaN	29.00	NaN
15/06/2018 10:36:40 AM	3611867800	1013.00	27.79	29.00	93.6	27.87	29.00	92.9	27.21	29.00	98.8	NaN	29.00	NaN
15/06/2018 10:36:41 AM	3611867801	1013.00	27.76	29.00	93.8	27.90	29.00	92.6	27.20	29.00	98.9	NaN	29.00	NaN
15/06/2018 10:36:42 AM	3611867802	1013.00	27.78	29.00	93.7	27.87	29.00	92.9	27.22	29.00	98.7	NaN	29.00	NaN
15/06/2018 10:36:43 AM	3611867803	1013.00	27.79	29.00	93.6	27.88	29.00	92.8	27.19	29.00	99.0	NaN	29.00	NaN
15/06/2018 10:36:44 AM	3611867804	1013.00	27.80	28.99	93.5	27.88	28.99	92.8	27.22	28.99	98.7	NaN	28.99	NaN
15/06/2018 10:36:45 AM	3611867805	1013.00	27.78	28.99	93.7	27.89	28.99	92.7	27.20	28.99	98.9	NaN	28.99	NaN
15/06/2018 10:36:46 AM	3611867806	1013.00	27.74	28.99	94.0	27.92	28.99	92.5	27.16	28.99	99.3	NaN	28.99	NaN
15/06/2018 10:36:47 AM	3611867807	1013.00	27.79	29.00	93.6	27.90	29.00	92.6	27.19	29.00	99.0	NaN	29.00	NaN
15/06/2018 10:36:48 AM	3611867808	1013.00	27.81	29.00	93.4	27.92	29.00	92.4	27.24	29.00	98.5	NaN	29.00	NaN
15/06/2018 10:36:49 AM	3611867809	1013.00	27.78	28.99	93.7	27.91	28.99	92.5	27.20	28.99	98.9	NaN	28.99	NaN
15/06/2018 10:36:50 AM	3611867810	1013.00	27.81	29.00	93.4	27.92	29.00	92.4	27.21	29.00	98.8	NaN	29.00	NaN
15/06/2018 10:36:51 AM	3611867811	1013.00	27.81	28.99	93.4	27.91	28.99	92.5	27.20	28.99	98.9	NaN	28.99	NaN
15/06/2018 10:36:52 AM	3611867812	1013.00	27.80	28.99	93.5	27.94	28.99	92.3	27.20	28.99	98.9	NaN	28.99	NaN
15/06/2018 10:36:53 AM	3611867813	1013.00	27.82	28.99	93.3	27.95	28.99	92.2	27.20	28.99	98.9	NaN	28.99	NaN
15/06/2018 10:36:54 AM	3611867814	1013.00	27.81	28.99	93.4	27.96	28.99	92.1	27.21	28.99	98.8	NaN	28.99	NaN
15/06/2018 10:36:55 AM	3611867815	1013.00	27.80	28.99	93.5	27.92	28.99	92.5	27.21	28.99	98.8	NaN	28.99	NaN
15/06/2018 10:36:56 AM	3611867816	1013.00	27.83	28.99	93.2	27.95	28.99	92.2	27.20	28.99	98.9	NaN	28.99	NaN
15/06/2018 10:36:57 AM	3611867817	1013.00	27.82	28.99	93.3	27.93	28.99	92.4	27.18	28.99	99.1	NaN	28.99	NaN
15/06/2018 10:36:58 AM	3611867818	1013.00	27.81	28.99	93.4	27.91	28.99	92.5	27.23	28.99	98.6	NaN	28.99	NaN
15/06/2018 10:36:59 AM	3611867819	1013.00	27.82	28.99	93.3	27.97	28.99	92.0	27.21	28.99	98.8	NaN	28.99	NaN
15/06/2018 10:37:00 AM	3611867820	1013.00	27.81	28.98	93.4	27.97	28.98	92.0	27.20	28.98	98.9	NaN	28.98	NaN
15/06/2018 10:37:01 AM	3611867821	1013.00	27.83	28.99	93.2	27.96	28.99	92.1	27.17	28.99	99.2	NaN	28.99	NaN
15/06/2018 10:37:02 AM	3611867822	1013.00	27.83	28.98	93.2	28.01	28.98	91.7	27.17	28.98	99.2	NaN	28.98	NaN
15/06/2018 10:37:03 AM	3611867823	1013.00	27.83	28.98	93.2	27.96	28.98	92.1	27.24	28.98	98.6	NaN	28.98	NaN
15/06/2018 10:37:04 AM	3611867824	1013.00	27.83	28.98	93.2	27.96	28.98	92.1	27.24	28.98	98.6	NaN	28.98	NaN
15/06/2018 10:37:05 AM	3611867825	1013.00	27.84	28.97	93.2	27.98	28.97	92.0	27.22	28.97	98.8	NaN	28.97	NaN
15/06/2018 10:37:06 AM	3611867826	1013.00	27.86	28.97	93.0	27.96	28.97	92.1	27.19	28.97	99.0	NaN	28.97	NaN
15/06/2018 10:37:07 AM	3611867827	1013.00	27.82	28.97	93.3	28.01	28.97	91.7	27.20	28.97	98.9	NaN	28.97	NaN
15/06/2018 10:37:08 AM	3611867828	1013.00	27.85	28.98	93.1	27.97	28.98	92.0	27.23	28.98	98.7	NaN	28.98	NaN
15/06/2018 10:37:09 AM	3611867829	1013.00	27.85	28.99	93.1	27.97	28.99	92.0	27.19	28.99	99.0	NaN	28.99	NaN
15/06/2018 10:37:10 AM	3611867830	1013.00	27.85	28.99	93.1	27.96	28.99	92.1	27.17	28.99	99.2	NaN	28.99	NaN
15/06/2018 10:37:11 AM	3611867831	1013.00	27.83	28.99	93.2	28.01	28.99	91.7	27.20	28.99	98.9	NaN	28.99	NaN
15/06/2018 10:37:12 AM	3611867832	1013.00	27.85	28.99	93.1	28.01	28.99	91.7	27.24	28.99	98.5	NaN	28.99	NaN
15/06/2018 10:37:13 AM	3611867833	1013.00	27.83	28.97	93.3	28.00	28.97	91.8	27.18	28.97	99.1	NaN	28.97	NaN
15/06/2018 10:37:14 AM	3611867834	1013.00	27.85	28.98	93.1	27.96	28.98	92.1	27.19	28.98	99.0	NaN	28.98	NaN
15/06/2018 10:37:15 AM	3611867835	1013.00	27.89	28.98	92.7	28.02	28.98	91.6	27.20	28.98	98.9	NaN	28.98	NaN
15/06/2018 10:37:16 AM	3611867836	1013.00	27.85	28.97	93.1	28.01	28.97	91.7	27.21	28.97	98.9	NaN	28.97	NaN
15/06/2018 10:37:17 AM	3611867837	1013.00	27.86	28.97	93.0	28.00	28.97	91.8	27.20	28.97	98.9	NaN	28.97	NaN
15/06/2018 10:37:18 AM	3611867838	1013.00	27.86	28.98	93.0	28.01	28.98	91.7	27.19	28.98	99.0	NaN	28.98	NaN
15/06/2018 10:37:19 AM	3611867839	1013.00	27.86	28.97	93.0	28.05	28.97	91.4	27.21	28.97	98.9	NaN	28.97	NaN
15/06/2018 10:37:20 AM	3611867840	1013.00	27.87	28.97	92.9	28.03	28.97	91.5	27.20	28.97	98.9	NaN	28.97	NaN
15/06/2018 10:37:21 AM	3611867841	1013.00	27.87	28.96	92.9	28.02	28.96	91.6	27.22	28.96	98.8	NaN	28.96	NaN
15/06/2018 10:37:22 AM	3611867842	1013.00	27.88	28.95	92.9	28.03	28.95	91.6	27.19	28.95	99.1	NaN	28.95	NaN
15/06/2018 10:37:23 AM	3611867843	1013.00	27.88	28.95	92.9	28.01	28.95	91.7	27.23	28.95	98.7	NaN	28.95	NaN
15/06/2018 10:37:24 AM	3611867844	1013.00	27.89	28.96	92.8	28.06	28.96	91.3	27.19	28.96	99.1	NaN	28.96	NaN
15/06/2018 10:37:25 AM	3611867845	1013.00	27.87	28.96	92.9	28.05	28.96	91.4	27.20	28.96	99.0	NaN	28.96	NaN
15/06/2018 10:37:26 AM	3611867846	1013.00	27.91	28.97	92.6	28.06	28.97	91.3	27.19	28.97	99.0	NaN	28.97	NaN
15/06/2018 10:37:27 AM	3611867847	1013.00	27.88	28.97	92.8	28.05	28.97	91.4	27.21	28.97	98.9	NaN	28.97	NaN
15/06/2018 10:37:28 AM	3611867848	1013.00	27.89	28.96	92.8	28.05	28.96	91.4	27.18	28.96	99.2	NaN	28.96	NaN
15/06/2018 10:37:29 AM	3611867849	1013.00	27.89	28.96	92.8	28.04	28.96	91.5	27.19	28.96	99.1	NaN	28.96	NaN
15/06/2018 10:37:30 AM	3611867850	1013.00	27.89	28.95	92.8	28.11	28.95	90.9	27.16	28.95	99.4	NaN	28.95	NaN
15/06/2018 10:37:31 AM	3611867851	1013.00	27.91	28.95	92.6	28.11	28.95	90.9	27.20	28.95	99.0	NaN	28.95	NaN
15/06/2018 10:37:32 AM	3611867852	1013.00	27.91	28.94	92.6	28.07	28.94	91.2	27.17	28.94	99.3	NaN	28.94	NaN
15/06/2018 10:37:33 AM	3611867853	1013.00	27.91	28.94	92.6	28.08	28.94	91.2	27.17	28.94	99.3	NaN	28.94	NaN
15/06/2018 10:37:34 AM	3611867854	1013.00	27.90	28.95	92.7	28.08	28.95	91.1	27.17	28.95	99.3	NaN	28.95	NaN
15/06/2018 10:37:35 AM	3611867855	1013.00	27.92	28.94	92.5	28.06	28.94	91.3	27.20	28.94	99.0	NaN	28.94	NaN
15/06/2018 10:37:36 AM	3611867856	1013.00	27.91	28.95	92.6	28.07	28.95	91.2	27.20	28.95	99.0	NaN	28.95	NaN
15/06/2018 10:37:37 AM	3611867857	1013.00	27.92	28.95	92.5	28.07	28.95	91.2	27.18	28.95	99.2	NaN	28.95	NaN
15/06/2018 10:37:38 AM	3611867858	1013.00	27.91	28.95	92.6	28.10	28.95	91.0	27.22	28.95	98.8	NaN	28.95	NaN
15/06/2018 10:37:39 AM	3611867859	1013.00	27.89	28.95	92.8	28.08	28.95	91.1	27.20	28.95	99.0	NaN	28.95	NaN
15/06/2018 10:37:40 AM	3611867860	1013.00	27.92	28.95	92.5	28.10	28.95	91.0	27.21	28.95	98.9	NaN	28.95	NaN
15/06/2018 10:37:41 AM	3611867861	1013.00	27.93	28.94	92.4	28.09	28.94	91.1	27.22	28.94	98.8	NaN	28.94	NaN
15/06/2018 10:37:42 AM	3611867862	1013.00	27.94	28.95	92.3	28.12	28.95	90.8	27.20	28.95	99.0	NaN	28.95	NaN
15/06/2018 10:37:43 AM	3611867863	1013.00	27.94	28.95	92.3	28.11	28.95	90.9	27.22	28.95	98.8	NaN	28.95	NaN
15/06/2018 10:37:44 AM	3611867864	1013.00	27.94	28.95	92.3	28.13	28.95	90.7	27.20	28.95	99.0	NaN	28.95	NaN
15/06/2018 10:37:45 AM	3611867865	1013.00	27.93	28.94	92.4	28.10	28.94	91.0	27.21	28.94	98.9	NaN	28.94	NaN
15/06/2018 10:37:46 AM	3611867866	1013.00	27.92	28.94	92.5	28.13	28.94	90.7	27.23	28.94	98.7	NaN	28.94	NaN
15/06/2018 10:37:47 AM	3611867867	1013.00	27.94	28.94	92.4	28.11	28.94	90.9	27.21	28.94	98.9	NaN	28.94	NaN
15/06/2018 10:37:48 AM	3611867868	1013.00	27.95	28.94	92.3	28.10	28.94	91.0	27.24	28.94	98.6	NaN	28.94	NaN
15/06/2018 10:37:49 AM	3611867869	1013.00	27.97	28.94	92.1	28.13	28.94	90.7	27.20	28.94	99.0	NaN	28.94	NaN
15/06/2018 10:37:50 AM	3611867870	1013.00	27.93	28.94	92.4	28.10	28.94	91.0	27.18	28.94	99.2	NaN	28.94	NaN
15/06/2018 10:37:51 AM	3611867871	1013.00	27.96	28.95	92.2	28.13	28.95	90.7	27.22	28.95	98.8	NaN	28.95	NaN
15/06/2018 10:37:52 AM	3611867872	1013.00	27.95	28.95	92.3	28.12	28.95	90.8	27.21	28.95	98.9	NaN	28.95	NaN
15/06/2018 10:37:53 AM	3611867873	1013.00	27.97	28.95	92.1	28.14	28.95	90.6	27.19	28.95	99.1	NaN	28.95	NaN
15/06/2018 10:37:54 AM	3611867874	1013.00	27.95	28.96	92.2	28.13	28.96	90.7	27.17	28.96	99.2	NaN	28.96	NaN
15/06/2018 10:37:55 AM	3611867875	1013.00	27.96	28.95	92.2	28.14	28.95	90.6	27.20	28.95	99.0	NaN	28.95	NaN
15/06/2018 10:37:56 AM	3611867876	1013.00	27.97	28.95	92.1	28.13	28.95	90.7	27.21	28.95	98.9	NaN	28.95	NaN
15/06/2018 10:37:57 AM	3611867877	1013.00	27.96	28.94	92.2	28.14	28.94	90.7	27.25	28.94	98.5	NaN	28.94	NaN
15/06/2018 10:37:58 AM	3611867878	1013.00	27.99	28.93	91.9	28.14	28.93	90.7	27.21	28.93	98.9	NaN	28.93	NaN
15/06/2018 10:37:59 AM	3611867879	1013.00	27.94	28.93	92.4	28.14	28.93	90.7	27.19	28.93	99.1	NaN	28.93	NaN
15/06/2018 10:38:00 AM	3611867880	1013.00	27.97	28.93	92.1	28.14	28.93	90.7	27.22	28.93	98.8	NaN	28.93	NaN
15/06/2018 10:38:01 AM	3611867881	1013.00	27.97	28.93	92.1	28.20	28.93	90.2	27.17	28.93	99.3	NaN	28.93	NaN
15/06/2018 10:38:02 AM	3611867882	1013.00	28.01	28.94	91.8	28.16	28.94	90.5	27.20	28.94	99.0	NaN	28.94	NaN
15/06/2018 10:38:03 AM	3611867883	1013.00	27.99	28.94	91.9	28.20	28.94	90.2	27.21	28.94	98.9	NaN	28.94	NaN
15/06/2018 10:38:04 AM	3611867884	1013.00	27.98	28.93	92.0	28.20	28.93	90.2	27.20	28.93	99.0	NaN	28.93	NaN
15/06/2018 10:38:05 AM	3611867885	1013.00	27.98	28.93	92.0	28.21	28.93	90.1	27.18	28.93	99.2	NaN	28.93	NaN
15/06/2018 10:38:06 AM	3611867886	1013.00	28.00	28.93	91.9	28.15	28.93	90.6	27.22	28.93	98.8	NaN	28.93	NaN
15/06/2018 10:38:07 AM	3611867887	1013.00	28.00	28.94	91.8	28.20	28.94	90.2	27.19	28.94	99.1	NaN	28.94	NaN
15/06/2018 10:38:08 AM	3611867888	1013.00	28.01	28.93	91.8	28.20	28.93	90.2	27.20	28.93	99.0	NaN	28.93	NaN
15/06/2018 10:38:09 AM	3611867889	1013.00	28.01	28.93	91.8	28.17	28.93	90.4	27.20	28.93	99.0	NaN	28.93	NaN
15/06/2018 10:38:10 AM	3611867890	1013.00	28.04	28.94	91.5	28.22	28.94	90.0	27.21	28.94	98.9	NaN	28.94	NaN
15/06/2018 10:38:11 AM	3611867891	1013.00	28.02	28.93	91.7	28.17	28.93	90.4	27.18	28.93	99.2	NaN	28.93	NaN
15/06/2018 10:38:12 AM	3611867892	1013.00	28.02	28.92	91.7	28.22	28.92	90.0	27.18	28.92	99.2	NaN	28.92	NaN
15/06/2018 10:38:13 AM	3611867893	1013.00	28.02	28.93	91.7	28.20	28.93	90.2	27.20	28.93	99.0	NaN	28.93	NaN
15/06/2018 10:38:14 AM	3611867894	1013.00	28.05	28.92	91.4	28.15	28.92	90.6	27.20	28.92	99.0	NaN	28.92	NaN
15/06/2018 10:38:15 AM	3611867895	1013.00	28.04	28.92	91.5	28.19	28.92	90.3	27.19	28.92	99.1	NaN	28.92	NaN
15/06/2018 10:38:16 AM	3611867896	1013.00	28.02	28.92	91.7	28.24	28.92	89.9	27.19	28.92	99.1	NaN	28.92	NaN
15/06/2018 10:38:17 AM	3611867897	1013.00	28.06	28.93	91.3	28.20	28.93	90.2	27.20	28.93	99.0	NaN	28.93	NaN
15/06/2018 10:38:18 AM	3611867898	1013.00	28.05	28.93	91.4	28.22	28.93	90.0	27.21	28.93	98.9	NaN	28.93	NaN
15/06/2018 10:38:19 AM	3611867899	1013.00	28.03	28.92	91.6	28.25	28.92	89.8	27.22	28.92	98.8	NaN	28.92	NaN
15/06/2018 10:38:20 AM	3611867900	1013.00	28.07	28.93	91.3	28.24	28.93	89.8	27.22	28.93	98.8	NaN	28.93	NaN
15/06/2018 10:38:21 AM	3611867901	1013.00	28.06	28.93	91.3	28.24	28.93	89.8	27.21	28.93	98.9	NaN	28.93	NaN
15/06/2018 10:38:22 AM	3611867902	1013.00	28.05	28.92	91.4	28.25	28.92	89.8	27.19	28.92	99.1	NaN	28.92	NaN
15/06/2018 10:38:23 AM	3611867903	1013.00	28.05	28.92	91.4	28.22	28.92	90.0	27.19	28.92	99.1	NaN	28.92	NaN
15/06/2018 10:38:24 AM	3611867904	1013.00	28.06	28.93	91.3	28.23	28.93	89.9	27.21	28.93	98.9	NaN	28.93	NaN
15/06/2018 10:38:25 AM	3611867905	1013.00	28.05	28.92	91.4	28.25	28.92	89.8	27.19	28.92	99.1	NaN	28.92	NaN
15/06/2018 10:38:26 AM	3611867906	1013.00	28.08	28.92	91.2	28.21	28.92	90.1	27.22	28.92	98.8	NaN	28.92	NaN
15/06/2018 10:38:27 AM	3611867907	1013.00	28.07	28.92	91.3	28.27	28.92	89.6	27.24	28.92	98.7	NaN	28.92	NaN
15/06/2018 10:38:28 AM	3611867908	1013.00	28.06	28.91	91.4	28.25	28.91	89.8	27.20	28.91	99.1	NaN	28.91	NaN
15/06/2018 10:38:29 AM	3611867909	1013.00	28.06	28.92	91.4	28.26	28.92	89.7	27.19	28.92	99.1	NaN	28.92	NaN
15/06/2018 10:38:30 AM	3611867910	1013.00	28.07	28.92	91.3	28.27	28.92	89.6	27.18	28.92	99.2	NaN	28.92	NaN
15/06/2018 10:38:31 AM	3611867911	1013.00	28.08	28.91	91.2	28.25	28.91	89.8	27.21	28.91	99.0	NaN	28.91	NaN
15/06/2018 10:38:32 AM	3611867912	1013.00	28.11	28.92	90.9	28.28	28.92	89.5	27.22	28.92	98.8	NaN	28.92	NaN
15/06/2018 10:38:33 AM	3611867913	1013.00	28.07	28.92	91.3	28.27	28.92	89.6	27.23	28.92	98.8	NaN	28.92	NaN
15/06/2018 10:38:34 AM	3611867914	1013.00	28.10	28.92	91.0	28.26	28.92	89.7	27.22	28.92	98.8	NaN	28.92	NaN
15/06/2018 10:38:35 AM	3611867915	1013.00	28.10	28.91	91.0	28.28	28.91	89.5	27.21	28.91	99.0	NaN	28.91	NaN
15/06/2018 10:38:36 AM	3611867916	1013.00	28.08	28.91	91.2	28.27	28.91	89.6	27.20	28.91	99.1	NaN	28.91	NaN
15/06/2018 10:38:37 AM	3611867917	1013.00	28.11	28.92	90.9	28.28	28.92	89.5	27.25	28.92	98.6	NaN	28.92	NaN
15/06/2018 10:38:38 AM	3611867918	1013.00	28.11	28.92	90.9	28.29	28.92	89.4	27.18	28.92	99.2	NaN	28.92	NaN
15/06/2018 10:38:39 AM	3611867919	1013.00	28.11	28.91	91.0	28.28	28.91	89.5	27.20	28.91	99.1	NaN	28.91	NaN
15/06/2018 10:38:40 AM	3611867920	1013.00	28.10	28.92	91.0	28.28	28.92	89.5	27.24	28.92	98.7	NaN	28.92	NaN
15/06/2018 10:38:41 AM	3611867921	1013.00	28.10	28.92	91.0	28.25	28.92	89.8	27.22	28.92	98.8	NaN	28.92	NaN
15/06/2018 10:38:42 AM	3611867922	1013.00	28.11	28.92	90.9	28.29	28.92	89.4	27.21	28.92	98.9	NaN	28.92	NaN
