Date & time of file creation	28/06/2018 10:32 AM													
Data file path	C:\Users\ameli\Desktop\Diego Barneche\28_06_2018\32_C_old_witrox_17.txt													
														
														
CALIBRATION DATA														
Parameter/Channel	N moving average	LO phase [r.U.]	HI phase [r.U.]	LO oxygen [%air saturation]	HI oxygen [%air saturation]	LO temperature [°C]	HI temperature [°C]	Salinity [‰]						
S WOT 0041 000001   , CH 1	1	59.31	26.73	0.00	100.00	32.32	32.30	0.000						
S WOT 0041 000001   , CH 2	1	59.31	26.73	0.00	100.00	32.32	32.30	0.000						
S WOT 0041 000001   , CH 3	1	59.31	26.73	0.00	100.00	32.32	32.30	0.000						
S WOT 0041 000001   , CH 4	1	59.31	26.73	0.00	100.00	32.32	32.30	0.000						
														
														
Date &Time [DD-MM-YYYY HH:MM:SS]	Time stamp code	Barometric pressure [hPa]	S WOT 0041 000001   , CH 1 phase [r.U.]	S WOT 0041 000001   , CH 1 temp [°C]	S WOT 0041 000001   , CH 1 O2 [% air saturation]	S WOT 0041 000001   , CH 2 phase [r.U.]	S WOT 0041 000001   , CH 2 temp [°C]	S WOT 0041 000001   , CH 2 O2 [% air saturation]	S WOT 0041 000001   , CH 3 phase [r.U.]	S WOT 0041 000001   , CH 3 temp [°C]	S WOT 0041 000001   , CH 3 O2 [% air saturation]	S WOT 0041 000001   , CH 4 phase [r.U.]	S WOT 0041 000001   , CH 4 temp [°C]	S WOT 0041 000001   , CH 4 O2 [% air saturation]
28/06/2018 10:36:02 AM	3612990962	1013.00	26.33	32.19	104.1	26.23	32.19	105.1	26.15	32.19	105.9	26.14	32.19	106.0
28/06/2018 10:36:03 AM	3612990963	1013.00	26.32	32.19	104.2	26.26	32.19	104.8	26.16	32.19	105.8	26.16	32.19	105.8
28/06/2018 10:36:04 AM	3612990964	1013.00	26.32	32.19	104.2	26.33	32.19	104.1	26.18	32.19	105.6	26.15	32.19	105.9
28/06/2018 10:36:05 AM	3612990965	1013.00	26.33	32.19	104.1	26.31	32.19	104.3	26.13	32.19	106.2	26.15	32.19	105.9
28/06/2018 10:36:06 AM	3612990966	1013.00	26.31	32.19	104.3	26.26	32.19	104.8	26.12	32.19	106.3	26.14	32.19	106.0
28/06/2018 10:36:07 AM	3612990967	1013.00	26.32	32.20	104.2	26.30	32.20	104.4	26.13	32.20	106.1	26.19	32.20	105.5
28/06/2018 10:36:08 AM	3612990968	1013.00	26.32	32.20	104.2	26.25	32.20	104.9	26.16	32.20	105.8	26.15	32.20	105.9
28/06/2018 10:36:09 AM	3612990969	1013.00	26.32	32.20	104.2	26.27	32.20	104.7	26.14	32.20	106.0	26.16	32.20	105.8
28/06/2018 10:36:10 AM	3612990970	1013.00	26.33	32.19	104.1	26.27	32.19	104.7	26.15	32.19	105.9	26.17	32.19	105.7
28/06/2018 10:36:11 AM	3612990971	1013.00	26.33	32.19	104.1	26.27	32.19	104.7	26.09	32.19	106.6	26.15	32.19	105.9
28/06/2018 10:36:12 AM	3612990972	1013.00	26.31	32.19	104.3	26.28	32.19	104.6	26.14	32.19	106.0	26.17	32.19	105.7
28/06/2018 10:36:13 AM	3612990973	1013.00	26.34	32.18	104.0	26.31	32.18	104.3	26.12	32.18	106.3	26.15	32.18	106.0
28/06/2018 10:36:14 AM	3612990974	1013.00	26.33	32.18	104.1	26.27	32.18	104.7	26.13	32.18	106.2	26.16	32.18	105.9
28/06/2018 10:36:15 AM	3612990975	1013.00	26.32	32.18	104.2	26.28	32.18	104.6	26.13	32.18	106.2	26.16	32.18	105.9
28/06/2018 10:36:16 AM	3612990976	1013.00	26.28	32.18	104.6	26.33	32.18	104.1	26.16	32.18	105.9	26.18	32.18	105.7
28/06/2018 10:36:17 AM	3612990977	1013.00	26.32	32.18	104.2	26.28	32.18	104.6	26.15	32.18	106.0	26.15	32.18	106.0
28/06/2018 10:36:18 AM	3612990978	1013.00	26.32	32.18	104.2	26.32	32.18	104.2	26.18	32.18	105.7	26.20	32.18	105.5
28/06/2018 10:36:19 AM	3612990979	1013.00	26.34	32.18	104.0	26.28	32.18	104.6	26.15	32.18	106.0	26.14	32.18	106.1
28/06/2018 10:36:20 AM	3612990980	1013.00	26.30	32.17	104.5	26.31	32.17	104.4	26.16	32.17	105.9	26.18	32.17	105.7
28/06/2018 10:36:21 AM	3612990981	1013.00	26.34	32.17	104.1	26.30	32.17	104.5	26.14	32.17	106.1	26.17	32.17	105.8
28/06/2018 10:36:22 AM	3612990982	1013.00	26.32	32.17	104.3	26.31	32.17	104.4	26.18	32.17	105.7	26.14	32.17	106.1
28/06/2018 10:36:23 AM	3612990983	1013.00	26.33	32.18	104.1	26.31	32.18	104.3	26.18	32.18	105.7	26.16	32.18	105.9
28/06/2018 10:36:24 AM	3612990984	1013.00	26.32	32.18	104.2	26.28	32.18	104.6	26.14	32.18	106.1	26.16	32.18	105.9
28/06/2018 10:36:25 AM	3612990985	1013.00	26.30	32.19	104.4	26.29	32.19	104.5	26.12	32.19	106.3	26.17	32.19	105.7
28/06/2018 10:36:26 AM	3612990986	1013.00	26.31	32.20	104.3	26.27	32.20	104.7	26.11	32.20	106.3	26.15	32.20	105.9
28/06/2018 10:36:27 AM	3612990987	1013.00	26.34	32.20	104.0	26.30	32.20	104.4	26.20	32.20	105.4	26.18	32.20	105.6
28/06/2018 10:36:28 AM	3612990988	1013.00	26.32	32.20	104.2	26.30	32.20	104.4	26.18	32.20	105.6	26.17	32.20	105.7
28/06/2018 10:36:29 AM	3612990989	1013.00	26.33	32.20	104.1	26.29	32.20	104.5	26.21	32.20	105.3	26.17	32.20	105.7
28/06/2018 10:36:30 AM	3612990990	1013.00	26.34	32.21	104.0	26.22	32.21	105.2	26.16	32.21	105.8	26.16	32.21	105.8
28/06/2018 10:36:31 AM	3612990991	1013.00	26.34	32.21	104.0	26.31	32.21	104.3	26.09	32.21	106.5	26.15	32.21	105.9
28/06/2018 10:36:32 AM	3612990992	1013.00	26.33	32.20	104.1	26.27	32.20	104.7	26.18	32.20	105.6	26.15	32.20	105.9
28/06/2018 10:36:33 AM	3612990993	1013.00	26.31	32.21	104.3	26.32	32.21	104.2	26.14	32.21	106.0	26.13	32.21	106.1
28/06/2018 10:36:34 AM	3612990994	1013.00	26.29	32.22	104.5	26.26	32.22	104.8	26.19	32.22	105.5	26.18	32.22	105.6
28/06/2018 10:36:35 AM	3612990995	1013.00	26.34	32.21	104.0	26.31	32.21	104.3	26.15	32.21	105.9	26.17	32.21	105.7
28/06/2018 10:36:36 AM	3612990996	1013.00	26.33	32.21	104.1	26.30	32.21	104.4	26.13	32.21	106.1	26.19	32.21	105.5
28/06/2018 10:36:37 AM	3612990997	1013.00	26.33	32.21	104.1	26.27	32.21	104.7	26.17	32.21	105.7	26.17	32.21	105.7
28/06/2018 10:36:38 AM	3612990998	1013.00	26.30	32.20	104.4	26.30	32.20	104.4	26.15	32.20	105.9	26.15	32.20	105.9
28/06/2018 10:36:39 AM	3612990999	1013.00	26.30	32.20	104.4	26.27	32.20	104.7	26.19	32.20	105.5	26.17	32.20	105.7
28/06/2018 10:36:40 AM	3612991000	1013.00	26.35	32.19	103.9	26.28	32.19	104.6	26.19	32.19	105.5	26.16	32.19	105.8
28/06/2018 10:36:41 AM	3612991001	1013.00	26.35	32.19	103.9	26.27	32.19	104.7	26.19	32.19	105.5	26.16	32.19	105.8
28/06/2018 10:36:42 AM	3612991002	1013.00	26.32	32.19	104.2	26.28	32.19	104.6	26.21	32.19	105.3	26.17	32.19	105.7
28/06/2018 10:36:43 AM	3612991003	1013.00	26.34	32.18	104.0	26.30	32.18	104.4	26.20	32.18	105.5	26.15	32.18	106.0
28/06/2018 10:36:44 AM	3612991004	1013.00	26.35	32.18	103.9	26.28	32.18	104.6	26.18	32.18	105.7	26.13	32.18	106.2
28/06/2018 10:36:45 AM	3612991005	1013.00	26.35	32.19	103.9	26.30	32.19	104.4	26.17	32.19	105.7	26.14	32.19	106.0
28/06/2018 10:36:46 AM	3612991006	1013.00	26.35	32.18	103.9	26.23	32.18	105.1	26.19	32.18	105.6	26.13	32.18	106.2
28/06/2018 10:36:47 AM	3612991007	1013.00	26.35	32.18	103.9	26.27	32.18	104.7	26.21	32.18	105.3	26.15	32.18	106.0
28/06/2018 10:36:48 AM	3612991008	1013.00	26.34	32.18	104.0	26.30	32.18	104.4	26.20	32.18	105.5	26.17	32.18	105.8
28/06/2018 10:36:49 AM	3612991009	1013.00	26.33	32.18	104.1	26.30	32.18	104.4	26.21	32.18	105.3	26.16	32.18	105.9
28/06/2018 10:36:50 AM	3612991010	1013.00	26.34	32.18	104.0	26.32	32.18	104.2	26.18	32.18	105.7	26.16	32.18	105.9
28/06/2018 10:36:51 AM	3612991011	1013.00	26.37	32.18	103.7	26.31	32.18	104.3	26.16	32.18	105.9	26.17	32.18	105.8
28/06/2018 10:36:52 AM	3612991012	1013.00	26.39	32.19	103.5	26.35	32.19	103.9	26.20	32.19	105.4	26.15	32.19	105.9
28/06/2018 10:36:53 AM	3612991013	1013.00	26.37	32.20	103.7	26.39	32.20	103.5	26.19	32.20	105.5	26.15	32.20	105.9
28/06/2018 10:36:54 AM	3612991014	1013.00	26.35	32.19	103.9	26.32	32.19	104.2	26.18	32.19	105.6	26.16	32.19	105.8
28/06/2018 10:36:55 AM	3612991015	1013.00	26.33	32.19	104.1	26.33	32.19	104.1	26.23	32.19	105.1	26.16	32.19	105.8
28/06/2018 10:36:56 AM	3612991016	1013.00	26.36	32.19	103.8	26.31	32.19	104.3	26.21	32.19	105.3	26.18	32.19	105.6
28/06/2018 10:36:57 AM	3612991017	1013.00	26.36	32.18	103.8	26.32	32.18	104.2	26.20	32.18	105.5	26.15	32.18	106.0
28/06/2018 10:36:58 AM	3612991018	1013.00	26.35	32.18	103.9	26.31	32.18	104.3	26.17	32.18	105.8	26.19	32.18	105.6
28/06/2018 10:36:59 AM	3612991019	1013.00	26.37	32.18	103.7	26.29	32.18	104.5	26.19	32.18	105.6	26.15	32.18	106.0
28/06/2018 10:37:00 AM	3612991020	1013.00	26.35	32.18	103.9	26.29	32.18	104.5	26.21	32.18	105.3	26.16	32.18	105.9
28/06/2018 10:37:01 AM	3612991021	1013.00	26.37	32.18	103.7	26.31	32.18	104.3	26.21	32.18	105.3	26.17	32.18	105.8
28/06/2018 10:37:02 AM	3612991022	1013.00	26.35	32.18	103.9	26.38	32.18	103.6	26.17	32.18	105.8	26.18	32.18	105.7
28/06/2018 10:37:03 AM	3612991023	1013.00	26.36	32.18	103.8	26.35	32.18	103.9	26.20	32.18	105.5	26.15	32.18	106.0
28/06/2018 10:37:04 AM	3612991024	1013.00	26.37	32.19	103.7	26.32	32.19	104.2	26.20	32.19	105.4	26.17	32.19	105.7
28/06/2018 10:37:05 AM	3612991025	1013.00	26.35	32.18	103.9	26.29	32.18	104.5	26.19	32.18	105.6	26.16	32.18	105.9
28/06/2018 10:37:06 AM	3612991026	1013.00	26.35	32.18	103.9	26.34	32.18	104.0	26.25	32.18	104.9	26.16	32.18	105.9
28/06/2018 10:37:07 AM	3612991027	1013.00	26.36	32.19	103.8	26.35	32.19	103.9	26.20	32.19	105.4	26.15	32.19	105.9
28/06/2018 10:37:08 AM	3612991028	1013.00	26.37	32.18	103.7	26.32	32.18	104.2	26.16	32.18	105.9	26.17	32.18	105.8
28/06/2018 10:37:09 AM	3612991029	1013.00	26.37	32.18	103.7	26.32	32.18	104.2	26.21	32.18	105.3	26.17	32.18	105.8
28/06/2018 10:37:10 AM	3612991030	1013.00	26.37	32.19	103.7	26.31	32.19	104.3	26.22	32.19	105.2	26.16	32.19	105.8
28/06/2018 10:37:11 AM	3612991031	1013.00	26.35	32.19	103.9	26.38	32.19	103.6	26.26	32.19	104.8	26.16	32.19	105.8
28/06/2018 10:37:12 AM	3612991032	1013.00	26.39	32.18	103.5	26.33	32.18	104.1	26.24	32.18	105.0	26.15	32.18	106.0
28/06/2018 10:37:13 AM	3612991033	1013.00	26.37	32.18	103.7	26.35	32.18	103.9	26.28	32.18	104.6	26.17	32.18	105.8
28/06/2018 10:37:14 AM	3612991034	1013.00	26.39	32.18	103.5	26.31	32.18	104.3	26.21	32.18	105.3	26.15	32.18	106.0
28/06/2018 10:37:15 AM	3612991035	1013.00	26.36	32.18	103.8	26.36	32.18	103.8	26.26	32.18	104.8	26.17	32.18	105.8
28/06/2018 10:37:16 AM	3612991036	1013.00	26.38	32.18	103.6	26.33	32.18	104.1	26.26	32.18	104.8	26.19	32.18	105.6
28/06/2018 10:37:17 AM	3612991037	1013.00	26.37	32.19	103.7	26.36	32.19	103.8	26.25	32.19	104.9	26.17	32.19	105.7
28/06/2018 10:37:18 AM	3612991038	1013.00	26.39	32.18	103.5	26.34	32.18	104.0	26.25	32.18	104.9	26.15	32.18	106.0
28/06/2018 10:37:19 AM	3612991039	1013.00	26.37	32.18	103.7	26.35	32.18	103.9	26.25	32.18	104.9	26.14	32.18	106.1
28/06/2018 10:37:20 AM	3612991040	1013.00	26.38	32.17	103.6	26.32	32.17	104.3	26.25	32.17	105.0	26.19	32.17	105.6
28/06/2018 10:37:21 AM	3612991041	1013.00	26.42	32.17	103.3	26.44	32.17	103.1	26.24	32.17	105.1	26.18	32.17	105.7
28/06/2018 10:37:22 AM	3612991042	1013.00	26.37	32.17	103.7	26.36	32.17	103.9	26.22	32.17	105.3	26.16	32.17	105.9
28/06/2018 10:37:23 AM	3612991043	1013.00	26.36	32.18	103.8	26.37	32.18	103.7	26.28	32.18	104.6	26.16	32.18	105.9
28/06/2018 10:37:24 AM	3612991044	1013.00	26.41	32.17	103.4	26.34	32.17	104.1	26.25	32.17	105.0	26.19	32.17	105.6
28/06/2018 10:37:25 AM	3612991045	1013.00	26.39	32.18	103.5	26.41	32.18	103.3	26.26	32.18	104.8	26.20	32.18	105.5
28/06/2018 10:37:26 AM	3612991046	1013.00	26.40	32.18	103.4	26.34	32.18	104.0	26.23	32.18	105.1	26.18	32.18	105.7
28/06/2018 10:37:27 AM	3612991047	1013.00	26.35	32.17	104.0	26.36	32.17	103.9	26.20	32.17	105.5	26.19	32.17	105.6
28/06/2018 10:37:28 AM	3612991048	1013.00	26.40	32.17	103.5	26.34	32.17	104.1	26.24	32.17	105.1	26.17	32.17	105.8
28/06/2018 10:37:29 AM	3612991049	1013.00	26.40	32.18	103.4	26.34	32.18	104.0	26.24	32.18	105.0	26.12	32.18	106.3
28/06/2018 10:37:30 AM	3612991050	1013.00	26.42	32.18	103.2	26.37	32.18	103.7	26.26	32.18	104.8	26.20	32.18	105.5
28/06/2018 10:37:31 AM	3612991051	1013.00	26.40	32.18	103.4	26.39	32.18	103.5	26.26	32.18	104.8	26.18	32.18	105.7
28/06/2018 10:37:32 AM	3612991052	1013.00	26.41	32.18	103.3	26.38	32.18	103.6	26.27	32.18	104.7	26.15	32.18	106.0
28/06/2018 10:37:33 AM	3612991053	1013.00	26.40	32.18	103.4	26.36	32.18	103.8	26.20	32.18	105.5	26.18	32.18	105.7
28/06/2018 10:37:34 AM	3612991054	1013.00	26.41	32.19	103.3	26.39	32.19	103.5	26.26	32.19	104.8	26.14	32.19	106.0
28/06/2018 10:37:35 AM	3612991055	1013.00	26.40	32.18	103.4	26.35	32.18	103.9	26.25	32.18	104.9	26.17	32.18	105.8
28/06/2018 10:37:36 AM	3612991056	1013.00	26.40	32.19	103.4	26.39	32.19	103.5	26.30	32.19	104.4	26.17	32.19	105.7
28/06/2018 10:37:37 AM	3612991057	1013.00	26.40	32.19	103.4	26.37	32.19	103.7	26.25	32.19	104.9	26.15	32.19	105.9
28/06/2018 10:37:38 AM	3612991058	1013.00	26.42	32.19	103.2	26.37	32.19	103.7	26.29	32.19	104.5	26.15	32.19	105.9
28/06/2018 10:37:39 AM	3612991059	1013.00	26.43	32.18	103.1	26.43	32.18	103.1	26.26	32.18	104.8	26.16	32.18	105.9
28/06/2018 10:37:40 AM	3612991060	1013.00	26.39	32.18	103.5	26.39	32.18	103.5	26.31	32.18	104.3	26.15	32.18	106.0
28/06/2018 10:37:41 AM	3612991061	1013.00	26.42	32.17	103.3	26.40	32.17	103.5	26.32	32.17	104.3	26.18	32.17	105.7
28/06/2018 10:37:42 AM	3612991062	1013.00	26.41	32.17	103.4	26.41	32.17	103.4	26.31	32.17	104.4	26.16	32.17	105.9
28/06/2018 10:37:43 AM	3612991063	1013.00	26.41	32.16	103.4	26.41	32.16	103.4	26.32	32.16	104.3	26.15	32.16	106.0
28/06/2018 10:37:44 AM	3612991064	1013.00	26.41	32.17	103.4	26.42	32.17	103.3	26.24	32.17	105.1	26.15	32.17	106.0
28/06/2018 10:37:45 AM	3612991065	1013.00	26.40	32.17	103.5	26.41	32.17	103.4	26.29	32.17	104.6	26.17	32.17	105.8
28/06/2018 10:37:46 AM	3612991066	1013.00	26.42	32.17	103.3	26.43	32.17	103.2	26.31	32.17	104.4	26.17	32.17	105.8
28/06/2018 10:37:47 AM	3612991067	1013.00	26.39	32.18	103.5	26.50	32.18	102.4	26.28	32.18	104.6	26.18	32.18	105.7
28/06/2018 10:37:48 AM	3612991068	1013.00	26.45	32.18	102.9	26.47	32.18	102.7	26.33	32.18	104.1	26.15	32.18	106.0
28/06/2018 10:37:49 AM	3612991069	1013.00	26.42	32.18	103.2	26.38	32.18	103.6	26.31	32.18	104.3	26.16	32.18	105.9
28/06/2018 10:37:50 AM	3612991070	1013.00	26.44	32.18	103.0	26.45	32.18	102.9	26.31	32.18	104.3	26.14	32.18	106.1
28/06/2018 10:37:51 AM	3612991071	1013.00	26.43	32.18	103.1	26.42	32.18	103.2	26.33	32.18	104.1	26.17	32.18	105.8
28/06/2018 10:37:52 AM	3612991072	1013.00	26.44	32.18	103.0	26.42	32.18	103.2	26.34	32.18	104.0	26.16	32.18	105.9
28/06/2018 10:37:53 AM	3612991073	1013.00	26.38	32.18	103.6	26.44	32.18	103.0	26.33	32.18	104.1	26.18	32.18	105.7
28/06/2018 10:37:54 AM	3612991074	1013.00	26.43	32.18	103.1	26.48	32.18	102.6	26.31	32.18	104.3	26.19	32.18	105.6
28/06/2018 10:37:55 AM	3612991075	1013.00	26.43	32.18	103.1	26.44	32.18	103.0	26.31	32.18	104.3	26.15	32.18	106.0
28/06/2018 10:37:56 AM	3612991076	1013.00	26.43	32.19	103.1	26.43	32.19	103.1	26.31	32.19	104.3	26.16	32.19	105.8
28/06/2018 10:37:57 AM	3612991077	1013.00	26.41	32.18	103.3	26.43	32.18	103.1	26.32	32.18	104.2	26.15	32.18	106.0
28/06/2018 10:37:58 AM	3612991078	1013.00	26.42	32.18	103.2	26.43	32.18	103.1	26.29	32.18	104.5	26.18	32.18	105.7
28/06/2018 10:37:59 AM	3612991079	1013.00	26.40	32.19	103.4	26.43	32.19	103.1	26.32	32.19	104.2	26.15	32.19	105.9
28/06/2018 10:38:00 AM	3612991080	1013.00	26.43	32.18	103.1	26.46	32.18	102.8	26.34	32.18	104.0	26.17	32.18	105.8
28/06/2018 10:38:01 AM	3612991081	1013.00	26.44	32.18	103.0	26.43	32.18	103.1	26.36	32.18	103.8	26.16	32.18	105.9
28/06/2018 10:38:02 AM	3612991082	1013.00	26.41	32.19	103.3	26.44	32.19	103.0	26.33	32.19	104.1	26.16	32.19	105.8
28/06/2018 10:38:03 AM	3612991083	1013.00	26.44	32.19	103.0	26.47	32.19	102.7	26.31	32.19	104.3	26.16	32.19	105.8
28/06/2018 10:38:04 AM	3612991084	1013.00	26.44	32.18	103.0	26.43	32.18	103.1	26.33	32.18	104.1	26.19	32.18	105.6
28/06/2018 10:38:05 AM	3612991085	1013.00	26.45	32.18	102.9	26.51	32.18	102.3	26.34	32.18	104.0	26.15	32.18	106.0
28/06/2018 10:38:06 AM	3612991086	1013.00	26.44	32.17	103.1	26.46	32.17	102.9	26.34	32.17	104.1	26.18	32.17	105.7
28/06/2018 10:38:07 AM	3612991087	1013.00	26.43	32.16	103.2	26.50	32.16	102.5	26.34	32.16	104.1	26.18	32.16	105.7
28/06/2018 10:38:08 AM	3612991088	1013.00	26.42	32.16	103.3	26.48	32.16	102.7	26.30	32.16	104.5	26.16	32.16	105.9
28/06/2018 10:38:09 AM	3612991089	1013.00	26.42	32.16	103.3	26.46	32.16	102.9	26.36	32.16	103.9	26.16	32.16	105.9
28/06/2018 10:38:10 AM	3612991090	1013.00	26.45	32.16	103.0	26.53	32.16	102.2	26.33	32.16	104.2	26.16	32.16	105.9
28/06/2018 10:38:11 AM	3612991091	1013.00	26.45	32.16	103.0	26.47	32.16	102.8	26.36	32.16	103.9	26.19	32.16	105.6
28/06/2018 10:38:12 AM	3612991092	1013.00	26.48	32.17	102.7	26.53	32.17	102.2	26.34	32.17	104.1	26.18	32.17	105.7
28/06/2018 10:38:13 AM	3612991093	1013.00	26.46	32.17	102.9	26.49	32.17	102.6	26.36	32.17	103.9	26.16	32.17	105.9
28/06/2018 10:38:14 AM	3612991094	1013.00	26.47	32.17	102.8	26.52	32.17	102.3	26.37	32.17	103.7	26.15	32.17	106.0
28/06/2018 10:38:15 AM	3612991095	1013.00	26.44	32.18	103.0	26.53	32.18	102.1	26.36	32.18	103.8	26.15	32.18	106.0
28/06/2018 10:38:16 AM	3612991096	1013.00	26.45	32.18	102.9	26.51	32.18	102.3	26.34	32.18	104.0	26.15	32.18	106.0
28/06/2018 10:38:17 AM	3612991097	1013.00	26.47	32.18	102.7	26.45	32.18	102.9	26.34	32.18	104.0	26.16	32.18	105.9
28/06/2018 10:38:18 AM	3612991098	1013.00	26.43	32.19	103.1	26.54	32.19	102.0	26.38	32.19	103.6	26.17	32.19	105.7
28/06/2018 10:38:19 AM	3612991099	1013.00	26.45	32.18	102.9	26.52	32.18	102.2	26.35	32.18	103.9	26.16	32.18	105.9
28/06/2018 10:38:20 AM	3612991100	1013.00	26.43	32.19	103.1	26.50	32.19	102.4	26.39	32.19	103.5	26.14	32.19	106.0
28/06/2018 10:38:21 AM	3612991101	1013.00	26.47	32.18	102.7	26.53	32.18	102.1	26.38	32.18	103.6	26.16	32.18	105.9
28/06/2018 10:38:22 AM	3612991102	1013.00	26.45	32.18	102.9	26.50	32.18	102.4	26.33	32.18	104.1	26.14	32.18	106.1
28/06/2018 10:38:23 AM	3612991103	1013.00	26.45	32.17	103.0	26.51	32.17	102.4	26.33	32.17	104.2	26.17	32.17	105.8
28/06/2018 10:38:24 AM	3612991104	1013.00	26.45	32.19	102.9	26.47	32.19	102.7	26.33	32.19	104.1	26.17	32.19	105.7
28/06/2018 10:38:25 AM	3612991105	1013.00	26.46	32.18	102.8	26.53	32.18	102.1	26.33	32.18	104.1	26.15	32.18	106.0
28/06/2018 10:38:26 AM	3612991106	1013.00	26.46	32.19	102.8	26.53	32.19	102.1	26.39	32.19	103.5	26.16	32.19	105.8
28/06/2018 10:38:27 AM	3612991107	1013.00	26.45	32.19	102.9	26.52	32.19	102.2	26.35	32.19	103.9	26.17	32.19	105.7
28/06/2018 10:38:28 AM	3612991108	1013.00	26.47	32.20	102.7	26.56	32.20	101.8	26.39	32.20	103.5	26.16	32.20	105.8
28/06/2018 10:38:29 AM	3612991109	1013.00	26.48	32.19	102.6	26.50	32.19	102.4	26.37	32.19	103.7	26.20	32.19	105.4
28/06/2018 10:38:30 AM	3612991110	1013.00	26.46	32.18	102.8	26.53	32.18	102.1	26.36	32.18	103.8	26.19	32.18	105.6
28/06/2018 10:38:31 AM	3612991111	1013.00	26.45	32.18	102.9	26.55	32.18	101.9	26.39	32.18	103.5	26.16	32.18	105.9
28/06/2018 10:38:32 AM	3612991112	1013.00	26.45	32.18	102.9	26.53	32.18	102.1	26.38	32.18	103.6	26.17	32.18	105.8
28/06/2018 10:38:33 AM	3612991113	1013.00	26.46	32.17	102.9	26.56	32.17	101.9	26.46	32.17	102.9	26.17	32.17	105.8
28/06/2018 10:38:34 AM	3612991114	1013.00	26.43	32.17	103.2	26.53	32.17	102.2	26.42	32.17	103.3	26.18	32.17	105.7
28/06/2018 10:38:35 AM	3612991115	1013.00	26.47	32.17	102.8	26.53	32.17	102.2	26.40	32.17	103.5	26.17	32.17	105.8
28/06/2018 10:38:36 AM	3612991116	1013.00	26.46	32.17	102.9	26.51	32.17	102.4	26.35	32.17	104.0	26.18	32.17	105.7
28/06/2018 10:38:37 AM	3612991117	1013.00	26.49	32.17	102.6	26.56	32.17	101.9	26.40	32.17	103.5	26.15	32.17	106.0
28/06/2018 10:38:38 AM	3612991118	1013.00	26.47	32.18	102.7	26.54	32.18	102.0	26.42	32.18	103.2	26.17	32.18	105.8
28/06/2018 10:38:39 AM	3612991119	1013.00	26.46	32.18	102.8	26.50	32.18	102.4	26.40	32.18	103.4	26.21	32.18	105.3
28/06/2018 10:38:40 AM	3612991120	1013.00	26.49	32.18	102.5	26.58	32.18	101.7	26.42	32.18	103.2	26.16	32.18	105.9
28/06/2018 10:38:41 AM	3612991121	1013.00	26.48	32.18	102.6	26.54	32.18	102.0	26.44	32.18	103.0	26.15	32.18	106.0
28/06/2018 10:38:42 AM	3612991122	1013.00	26.48	32.18	102.6	26.55	32.18	101.9	26.38	32.18	103.6	26.19	32.18	105.6
28/06/2018 10:38:43 AM	3612991123	1013.00	26.48	32.18	102.6	26.56	32.18	101.9	26.44	32.18	103.0	26.17	32.18	105.8
28/06/2018 10:38:44 AM	3612991124	1013.00	26.46	32.17	102.9	26.59	32.17	101.6	26.41	32.17	103.4	26.17	32.17	105.8
28/06/2018 10:38:45 AM	3612991125	1013.00	26.47	32.17	102.8	26.64	32.17	101.1	26.45	32.17	103.0	26.15	32.17	106.0
28/06/2018 10:38:46 AM	3612991126	1013.00	26.46	32.17	102.9	26.58	32.17	101.7	26.40	32.17	103.5	26.19	32.17	105.6
28/06/2018 10:38:47 AM	3612991127	1013.00	26.50	32.17	102.5	26.55	32.17	102.0	26.43	32.17	103.2	26.18	32.17	105.7
28/06/2018 10:38:48 AM	3612991128	1013.00	26.48	32.17	102.7	26.59	32.17	101.6	26.41	32.17	103.4	26.15	32.17	106.0
28/06/2018 10:38:49 AM	3612991129	1013.00	26.50	32.17	102.5	26.63	32.17	101.2	26.43	32.17	103.2	26.16	32.17	105.9
28/06/2018 10:38:50 AM	3612991130	1013.00	26.46	32.17	102.9	26.59	32.17	101.6	26.44	32.17	103.1	26.18	32.17	105.7
28/06/2018 10:38:51 AM	3612991131	1013.00	26.48	32.18	102.6	26.59	32.18	101.6	26.43	32.18	103.1	26.19	32.18	105.6
28/06/2018 10:38:52 AM	3612991132	1013.00	26.50	32.18	102.4	26.56	32.18	101.9	26.40	32.18	103.4	26.18	32.18	105.7
28/06/2018 10:38:53 AM	3612991133	1013.00	26.47	32.18	102.7	26.61	32.18	101.4	26.44	32.18	103.0	26.19	32.18	105.6
28/06/2018 10:38:54 AM	3612991134	1013.00	26.50	32.17	102.5	26.58	32.17	101.7	26.43	32.17	103.2	26.18	32.17	105.7
28/06/2018 10:38:55 AM	3612991135	1013.00	26.50	32.17	102.5	26.61	32.17	101.4	26.44	32.17	103.1	26.18	32.17	105.7
28/06/2018 10:38:56 AM	3612991136	1013.00	26.54	32.16	102.1	26.62	32.16	101.3	26.40	32.16	103.5	26.16	32.16	105.9
28/06/2018 10:38:57 AM	3612991137	1013.00	26.50	32.17	102.5	26.59	32.17	101.6	26.41	32.17	103.4	26.18	32.17	105.7
28/06/2018 10:38:58 AM	3612991138	1013.00	26.51	32.16	102.4	26.66	32.16	100.9	26.41	32.16	103.4	26.18	32.16	105.7
28/06/2018 10:38:59 AM	3612991139	1013.00	26.52	32.17	102.3	26.66	32.17	100.9	26.46	32.17	102.9	26.14	32.17	106.1
28/06/2018 10:39:00 AM	3612991140	1013.00	26.55	32.18	101.9	26.64	32.18	101.1	26.44	32.18	103.0	26.17	32.18	105.8
28/06/2018 10:39:01 AM	3612991141	1013.00	26.55	32.17	102.0	26.62	32.17	101.3	26.42	32.17	103.3	26.18	32.17	105.7
28/06/2018 10:39:02 AM	3612991142	1013.00	26.52	32.17	102.3	26.63	32.17	101.2	26.44	32.17	103.1	26.17	32.17	105.8
28/06/2018 10:39:03 AM	3612991143	1013.00	26.55	32.17	102.0	26.67	32.17	100.8	26.44	32.17	103.1	26.18	32.17	105.7
28/06/2018 10:39:04 AM	3612991144	1013.00	26.55	32.17	102.0	26.67	32.17	100.8	26.44	32.17	103.1	26.16	32.17	105.9
28/06/2018 10:39:05 AM	3612991145	1013.00	26.55	32.17	102.0	26.63	32.17	101.2	26.44	32.17	103.1	26.20	32.17	105.5
28/06/2018 10:39:06 AM	3612991146	1013.00	26.54	32.17	102.1	26.60	32.17	101.5	26.46	32.17	102.9	26.16	32.17	105.9
28/06/2018 10:39:07 AM	3612991147	1013.00	26.51	32.18	102.3	26.62	32.18	101.3	26.42	32.18	103.2	26.17	32.18	105.8
28/06/2018 10:39:08 AM	3612991148	1013.00	26.55	32.18	101.9	26.69	32.18	100.6	26.46	32.18	102.8	26.19	32.18	105.6
28/06/2018 10:39:09 AM	3612991149	1013.00	26.58	32.17	101.7	26.62	32.17	101.3	26.49	32.17	102.6	26.15	32.17	106.0
28/06/2018 10:39:10 AM	3612991150	1013.00	26.54	32.17	102.1	26.61	32.17	101.4	26.49	32.17	102.6	26.19	32.17	105.6
28/06/2018 10:39:11 AM	3612991151	1013.00	26.56	32.18	101.9	26.63	32.18	101.2	26.50	32.18	102.4	26.16	32.18	105.9
28/06/2018 10:39:12 AM	3612991152	1013.00	26.53	32.16	102.2	26.64	32.16	101.1	26.49	32.16	102.6	26.16	32.16	105.9
28/06/2018 10:39:13 AM	3612991153	1013.00	26.57	32.16	101.8	26.68	32.16	100.7	26.48	32.16	102.7	26.17	32.16	105.8
28/06/2018 10:39:14 AM	3612991154	1013.00	26.57	32.16	101.8	26.62	32.16	101.3	26.47	32.16	102.8	26.19	32.16	105.6
28/06/2018 10:39:15 AM	3612991155	1013.00	26.58	32.16	101.7	26.65	32.16	101.0	26.49	32.16	102.6	26.19	32.16	105.6
28/06/2018 10:39:16 AM	3612991156	1013.00	26.57	32.16	101.8	26.65	32.16	101.0	26.46	32.16	102.9	26.19	32.16	105.6
28/06/2018 10:39:17 AM	3612991157	1013.00	26.57	32.16	101.8	26.65	32.16	101.0	26.52	32.16	102.3	26.15	32.16	106.0
28/06/2018 10:39:18 AM	3612991158	1013.00	26.58	32.17	101.7	26.63	32.17	101.2	26.47	32.17	102.8	26.19	32.17	105.6
28/06/2018 10:39:19 AM	3612991159	1013.00	26.61	32.17	101.4	26.66	32.17	100.9	26.49	32.17	102.6	26.15	32.17	106.0
28/06/2018 10:39:20 AM	3612991160	1013.00	26.60	32.17	101.5	26.66	32.17	100.9	26.49	32.17	102.6	26.18	32.17	105.7
28/06/2018 10:39:21 AM	3612991161	1013.00	26.59	32.17	101.6	26.73	32.17	100.2	26.51	32.17	102.4	26.17	32.17	105.8
28/06/2018 10:39:22 AM	3612991162	1013.00	26.63	32.18	101.2	26.69	32.18	100.6	26.52	32.18	102.2	26.16	32.18	105.9
28/06/2018 10:39:23 AM	3612991163	1013.00	26.61	32.17	101.4	26.64	32.17	101.1	26.52	32.17	102.3	26.20	32.17	105.5
28/06/2018 10:39:24 AM	3612991164	1013.00	26.64	32.18	101.1	26.69	32.18	100.6	26.49	32.18	102.5	26.19	32.18	105.6
28/06/2018 10:39:25 AM	3612991165	1013.00	26.62	32.18	101.3	26.65	32.18	101.0	26.53	32.18	102.1	26.16	32.18	105.9
28/06/2018 10:39:26 AM	3612991166	1013.00	26.64	32.18	101.1	26.71	32.18	100.4	26.53	32.18	102.1	26.16	32.18	105.9
28/06/2018 10:39:27 AM	3612991167	1013.00	26.64	32.18	101.1	26.71	32.18	100.4	26.51	32.18	102.3	26.18	32.18	105.7
28/06/2018 10:39:28 AM	3612991168	1013.00	26.65	32.18	101.0	26.73	32.18	100.2	26.51	32.18	102.3	26.16	32.18	105.9
28/06/2018 10:39:29 AM	3612991169	1013.00	26.64	32.18	101.1	26.73	32.18	100.2	26.51	32.18	102.3	26.12	32.18	106.3
28/06/2018 10:39:30 AM	3612991170	1013.00	26.65	32.18	101.0	26.71	32.18	100.4	26.52	32.18	102.2	26.20	32.18	105.5
28/06/2018 10:39:31 AM	3612991171	1013.00	26.63	32.17	101.2	26.73	32.17	100.2	26.55	32.17	102.0	26.20	32.17	105.5
28/06/2018 10:39:32 AM	3612991172	1013.00	26.65	32.17	101.0	26.71	32.17	100.4	26.53	32.17	102.2	26.19	32.17	105.6
28/06/2018 10:39:33 AM	3612991173	1013.00	26.66	32.17	100.9	26.68	32.17	100.7	26.53	32.17	102.2	26.14	32.17	106.1
28/06/2018 10:39:34 AM	3612991174	1013.00	26.63	32.17	101.2	26.68	32.17	100.7	26.52	32.17	102.3	26.21	32.17	105.4
28/06/2018 10:39:35 AM	3612991175	1013.00	26.64	32.17	101.1	26.68	32.17	100.7	26.57	32.17	101.8	26.22	32.17	105.3
28/06/2018 10:39:36 AM	3612991176	1013.00	26.68	32.17	100.7	26.74	32.17	100.1	26.55	32.17	102.0	26.16	32.17	105.9
28/06/2018 10:39:37 AM	3612991177	1013.00	26.64	32.18	101.1	26.73	32.18	100.2	26.50	32.18	102.4	26.13	32.18	106.2
28/06/2018 10:39:38 AM	3612991178	1013.00	26.69	32.17	100.6	26.66	32.17	100.9	26.55	32.17	102.0	26.17	32.17	105.8
28/06/2018 10:39:39 AM	3612991179	1013.00	26.68	32.16	100.7	26.75	32.16	100.0	26.56	32.16	101.9	26.18	32.16	105.7
28/06/2018 10:39:40 AM	3612991180	1013.00	26.69	32.17	100.6	26.68	32.17	100.7	26.53	32.17	102.2	26.16	32.17	105.9
28/06/2018 10:39:41 AM	3612991181	1013.00	26.71	32.17	100.4	26.76	32.17	99.9	26.54	32.17	102.1	26.20	32.17	105.5
28/06/2018 10:39:42 AM	3612991182	1013.00	26.67	32.17	100.8	26.73	32.17	100.2	26.57	32.17	101.8	26.18	32.17	105.7
28/06/2018 10:39:43 AM	3612991183	1013.00	26.70	32.17	100.5	26.73	32.17	100.2	26.52	32.17	102.3	26.16	32.17	105.9
28/06/2018 10:39:44 AM	3612991184	1013.00	26.67	32.18	100.8	26.73	32.18	100.2	26.53	32.18	102.1	26.17	32.18	105.8
28/06/2018 10:39:45 AM	3612991185	1013.00	26.69	32.18	100.6	26.75	32.18	100.0	26.56	32.18	101.9	26.18	32.18	105.7
28/06/2018 10:39:46 AM	3612991186	1013.00	26.71	32.18	100.4	26.78	32.18	99.7	26.56	32.18	101.9	26.16	32.18	105.9
28/06/2018 10:39:47 AM	3612991187	1013.00	26.73	32.19	100.2	26.70	32.19	100.5	26.61	32.19	101.3	26.20	32.19	105.4
28/06/2018 10:39:48 AM	3612991188	1013.00	26.72	32.19	100.3	26.78	32.19	99.7	26.55	32.19	101.9	26.17	32.19	105.7
28/06/2018 10:39:49 AM	3612991189	1013.00	26.69	32.18	100.6	26.77	32.18	99.8	26.53	32.18	102.1	26.20	32.18	105.5
28/06/2018 10:39:50 AM	3612991190	1013.00	26.72	32.19	100.3	26.77	32.19	99.8	26.58	32.19	101.6	26.17	32.19	105.7
28/06/2018 10:39:51 AM	3612991191	1013.00	26.72	32.18	100.3	26.80	32.18	99.5	26.56	32.18	101.9	26.18	32.18	105.7
28/06/2018 10:39:52 AM	3612991192	1013.00	26.76	32.18	99.9	26.77	32.18	99.8	26.59	32.18	101.6	26.19	32.18	105.6
28/06/2018 10:39:53 AM	3612991193	1013.00	26.71	32.17	100.4	26.78	32.17	99.7	26.60	32.17	101.5	26.14	32.17	106.1
28/06/2018 10:39:54 AM	3612991194	1013.00	26.75	32.18	100.0	26.82	32.18	99.3	26.57	32.18	101.8	26.15	32.18	106.0
28/06/2018 10:39:55 AM	3612991195	1013.00	26.75	32.18	100.0	26.78	32.18	99.7	26.59	32.18	101.6	26.16	32.18	105.9
28/06/2018 10:39:56 AM	3612991196	1013.00	26.72	32.17	100.3	26.82	32.17	99.4	26.57	32.17	101.8	26.18	32.17	105.7
28/06/2018 10:39:57 AM	3612991197	1013.00	26.75	32.18	100.0	26.76	32.18	99.9	26.64	32.18	101.1	26.19	32.18	105.6
28/06/2018 10:39:58 AM	3612991198	1013.00	26.75	32.19	100.0	26.75	32.19	100.0	26.61	32.19	101.3	26.19	32.19	105.5
28/06/2018 10:39:59 AM	3612991199	1013.00	26.73	32.18	100.2	26.76	32.18	99.9	26.60	32.18	101.5	26.19	32.18	105.6
28/06/2018 10:40:00 AM	3612991200	1013.00	26.75	32.18	100.0	26.80	32.18	99.5	26.57	32.18	101.8	26.20	32.18	105.5
28/06/2018 10:40:01 AM	3612991201	1013.00	26.70	32.18	100.5	26.81	32.18	99.4	26.61	32.18	101.4	26.15	32.18	106.0
28/06/2018 10:40:02 AM	3612991202	1013.00	26.77	32.17	99.8	26.79	32.17	99.6	26.60	32.17	101.5	26.21	32.17	105.4
28/06/2018 10:40:03 AM	3612991203	1013.00	26.72	32.17	100.3	26.77	32.17	99.8	26.64	32.17	101.1	26.19	32.17	105.6
28/06/2018 10:40:04 AM	3612991204	1013.00	26.72	32.16	100.3	26.80	32.16	99.6	26.60	32.16	101.5	26.18	32.16	105.7
28/06/2018 10:40:05 AM	3612991205	1013.00	26.75	32.16	100.0	26.80	32.16	99.6	26.64	32.16	101.1	26.17	32.16	105.8
28/06/2018 10:40:06 AM	3612991206	1013.00	26.74	32.17	100.1	26.80	32.17	99.6	26.63	32.17	101.2	26.20	32.17	105.5
28/06/2018 10:40:07 AM	3612991207	1013.00	26.76	32.17	99.9	26.83	32.17	99.3	26.64	32.17	101.1	26.19	32.17	105.6
28/06/2018 10:40:08 AM	3612991208	1013.00	26.77	32.17	99.8	26.84	32.17	99.2	26.62	32.17	101.3	26.17	32.17	105.8
28/06/2018 10:40:09 AM	3612991209	1013.00	26.76	32.17	99.9	26.79	32.17	99.6	26.67	32.17	100.8	26.15	32.17	106.0
28/06/2018 10:40:10 AM	3612991210	1013.00	26.75	32.17	100.0	26.79	32.17	99.6	26.59	32.17	101.6	26.20	32.17	105.5
28/06/2018 10:40:11 AM	3612991211	1013.00	26.76	32.17	99.9	26.86	32.17	99.0	26.63	32.17	101.2	26.19	32.17	105.6
28/06/2018 10:40:12 AM	3612991212	1013.00	26.80	32.16	99.6	26.81	32.16	99.5	26.60	32.16	101.5	26.16	32.16	105.9
28/06/2018 10:40:13 AM	3612991213	1013.00	26.76	32.17	99.9	26.83	32.17	99.3	26.58	32.17	101.7	26.16	32.17	105.9
28/06/2018 10:40:14 AM	3612991214	1013.00	26.78	32.17	99.7	26.81	32.17	99.5	26.64	32.17	101.1	26.18	32.17	105.7
28/06/2018 10:40:15 AM	3612991215	1013.00	26.78	32.17	99.7	26.77	32.17	99.8	26.58	32.17	101.7	26.19	32.17	105.6
28/06/2018 10:40:16 AM	3612991216	1013.00	26.79	32.17	99.6	26.82	32.17	99.4	26.59	32.17	101.6	26.19	32.17	105.6
28/06/2018 10:40:17 AM	3612991217	1013.00	26.81	32.18	99.4	26.86	32.18	99.0	26.64	32.18	101.1	26.19	32.18	105.6
28/06/2018 10:40:18 AM	3612991218	1013.00	26.78	32.17	99.7	26.86	32.17	99.0	26.63	32.17	101.2	26.18	32.17	105.7
28/06/2018 10:40:19 AM	3612991219	1013.00	26.78	32.17	99.7	26.82	32.17	99.4	26.64	32.17	101.1	26.17	32.17	105.8
28/06/2018 10:40:20 AM	3612991220	1013.00	26.78	32.17	99.7	26.85	32.17	99.1	26.66	32.17	100.9	26.18	32.17	105.7
28/06/2018 10:40:21 AM	3612991221	1013.00	26.80	32.17	99.6	26.82	32.17	99.4	26.64	32.17	101.1	26.17	32.17	105.8
28/06/2018 10:40:22 AM	3612991222	1013.00	26.78	32.17	99.7	26.78	32.17	99.7	26.71	32.17	100.4	26.19	32.17	105.6
28/06/2018 10:40:23 AM	3612991223	1013.00	26.81	32.18	99.4	26.84	32.18	99.2	26.60	32.18	101.5	26.17	32.18	105.8
28/06/2018 10:40:24 AM	3612991224	1013.00	26.81	32.18	99.4	26.82	32.18	99.3	26.64	32.18	101.1	26.18	32.18	105.7
28/06/2018 10:40:25 AM	3612991225	1013.00	26.81	32.18	99.4	26.86	32.18	99.0	26.64	32.18	101.1	26.16	32.18	105.9
28/06/2018 10:40:26 AM	3612991226	1013.00	26.83	32.17	99.3	26.85	32.17	99.1	26.68	32.17	100.7	26.18	32.17	105.7
28/06/2018 10:40:27 AM	3612991227	1013.00	26.82	32.17	99.4	26.88	32.17	98.8	26.62	32.17	101.3	26.20	32.17	105.5
28/06/2018 10:40:28 AM	3612991228	1013.00	26.83	32.17	99.3	26.90	32.17	98.6	26.70	32.17	100.5	26.17	32.17	105.8
28/06/2018 10:40:29 AM	3612991229	1013.00	26.83	32.17	99.3	26.93	32.17	98.3	26.66	32.17	100.9	26.15	32.17	106.0
28/06/2018 10:40:30 AM	3612991230	1013.00	26.81	32.17	99.5	26.87	32.17	98.9	26.65	32.17	101.0	26.19	32.17	105.6
28/06/2018 10:40:31 AM	3612991231	1013.00	26.84	32.17	99.2	26.86	32.17	99.0	26.67	32.17	100.8	26.17	32.17	105.8
28/06/2018 10:40:32 AM	3612991232	1013.00	26.86	32.17	99.0	26.90	32.17	98.6	26.65	32.17	101.0	26.17	32.17	105.8
28/06/2018 10:40:33 AM	3612991233	1013.00	26.84	32.17	99.2	26.90	32.17	98.6	26.65	32.17	101.0	26.21	32.17	105.4
28/06/2018 10:40:34 AM	3612991234	1013.00	26.86	32.17	99.0	26.89	32.17	98.7	26.67	32.17	100.8	26.18	32.17	105.7
28/06/2018 10:40:35 AM	3612991235	1013.00	26.84	32.18	99.2	26.83	32.18	99.3	26.65	32.18	101.0	26.15	32.18	106.0
28/06/2018 10:40:36 AM	3612991236	1013.00	26.88	32.18	98.8	26.89	32.18	98.7	26.67	32.18	100.8	26.17	32.18	105.8
28/06/2018 10:40:37 AM	3612991237	1013.00	26.90	32.17	98.6	26.95	32.17	98.1	26.67	32.17	100.8	26.17	32.17	105.8
28/06/2018 10:40:38 AM	3612991238	1013.00	26.88	32.17	98.8	26.96	32.17	98.0	26.68	32.17	100.7	26.21	32.17	105.4
28/06/2018 10:40:39 AM	3612991239	1013.00	26.92	32.17	98.4	26.85	32.17	99.1	26.66	32.17	100.9	26.15	32.17	106.0
28/06/2018 10:40:40 AM	3612991240	1013.00	26.88	32.16	98.8	26.91	32.16	98.5	26.66	32.16	100.9	26.16	32.16	105.9
28/06/2018 10:40:41 AM	3612991241	1013.00	26.89	32.17	98.7	26.87	32.17	98.9	26.68	32.17	100.7	26.20	32.17	105.5
28/06/2018 10:40:42 AM	3612991242	1013.00	26.90	32.18	98.6	26.92	32.18	98.4	26.64	32.18	101.1	26.19	32.18	105.6
28/06/2018 10:40:43 AM	3612991243	1013.00	26.88	32.17	98.8	26.96	32.17	98.0	26.69	32.17	100.6	26.19	32.17	105.6
28/06/2018 10:40:44 AM	3612991244	1013.00	26.90	32.17	98.6	26.88	32.17	98.8	26.63	32.17	101.2	26.21	32.17	105.4
28/06/2018 10:40:45 AM	3612991245	1013.00	26.93	32.17	98.3	26.96	32.17	98.0	26.67	32.17	100.8	26.20	32.17	105.5
28/06/2018 10:40:46 AM	3612991246	1013.00	26.92	32.16	98.4	26.90	32.16	98.6	26.66	32.16	100.9	26.19	32.16	105.6
28/06/2018 10:40:47 AM	3612991247	1013.00	26.92	32.16	98.4	26.96	32.16	98.1	26.68	32.16	100.7	26.20	32.16	105.5
28/06/2018 10:40:48 AM	3612991248	1013.00	26.92	32.17	98.4	26.94	32.17	98.2	26.63	32.17	101.2	26.15	32.17	106.0
28/06/2018 10:40:49 AM	3612991249	1013.00	26.91	32.17	98.5	26.97	32.17	98.0	26.68	32.17	100.7	26.20	32.17	105.5
28/06/2018 10:40:50 AM	3612991250	1013.00	26.92	32.17	98.4	26.95	32.17	98.1	26.68	32.17	100.7	26.19	32.17	105.6
28/06/2018 10:40:51 AM	3612991251	1013.00	26.92	32.17	98.4	26.97	32.17	98.0	26.71	32.17	100.4	26.20	32.17	105.5
28/06/2018 10:40:52 AM	3612991252	1013.00	26.93	32.18	98.3	26.88	32.18	98.8	26.72	32.18	100.3	26.17	32.18	105.8
28/06/2018 10:40:53 AM	3612991253	1013.00	26.97	32.17	98.0	26.92	32.17	98.4	26.72	32.17	100.3	26.19	32.17	105.6
28/06/2018 10:40:54 AM	3612991254	1013.00	26.97	32.17	98.0	26.92	32.17	98.4	26.67	32.17	100.8	26.19	32.17	105.6
28/06/2018 10:40:55 AM	3612991255	1013.00	26.96	32.17	98.0	26.97	32.17	98.0	26.67	32.17	100.8	26.20	32.17	105.5
28/06/2018 10:40:56 AM	3612991256	1013.00	26.95	32.16	98.2	26.97	32.16	98.0	26.67	32.16	100.8	26.19	32.16	105.6
28/06/2018 10:40:57 AM	3612991257	1013.00	27.00	32.17	97.7	26.99	32.17	97.8	26.69	32.17	100.6	26.18	32.17	105.7
28/06/2018 10:40:58 AM	3612991258	1013.00	26.97	32.17	98.0	26.98	32.17	97.9	26.70	32.17	100.5	26.18	32.17	105.7
28/06/2018 10:40:59 AM	3612991259	1013.00	26.99	32.17	97.8	26.94	32.17	98.2	26.72	32.17	100.3	26.17	32.17	105.8
28/06/2018 10:41:00 AM	3612991260	1013.00	27.02	32.17	97.5	26.95	32.17	98.1	26.71	32.17	100.4	26.19	32.17	105.6
28/06/2018 10:41:01 AM	3612991261	1013.00	27.01	32.18	97.6	27.00	32.18	97.7	26.75	32.18	100.0	26.17	32.18	105.8
28/06/2018 10:41:02 AM	3612991262	1013.00	27.01	32.17	97.6	26.99	32.17	97.8	26.69	32.17	100.6	26.15	32.17	106.0
28/06/2018 10:41:03 AM	3612991263	1013.00	27.02	32.17	97.5	27.03	32.17	97.4	26.74	32.17	100.1	26.18	32.17	105.7
28/06/2018 10:41:04 AM	3612991264	1013.00	27.01	32.17	97.6	26.95	32.17	98.1	26.72	32.17	100.3	26.18	32.17	105.7
28/06/2018 10:41:05 AM	3612991265	1013.00	26.99	32.17	97.8	26.99	32.17	97.8	26.71	32.17	100.4	26.20	32.17	105.5
28/06/2018 10:41:06 AM	3612991266	1013.00	27.02	32.17	97.5	27.02	32.17	97.5	26.77	32.17	99.8	26.19	32.17	105.6
28/06/2018 10:41:07 AM	3612991267	1013.00	26.99	32.17	97.8	26.99	32.17	97.8	26.77	32.17	99.8	26.20	32.17	105.5
28/06/2018 10:41:08 AM	3612991268	1013.00	27.03	32.17	97.4	26.96	32.17	98.0	26.74	32.17	100.1	26.18	32.17	105.7
28/06/2018 10:41:09 AM	3612991269	1013.00	27.01	32.17	97.6	27.04	32.17	97.3	26.76	32.17	99.9	26.20	32.17	105.5
28/06/2018 10:41:10 AM	3612991270	1013.00	27.01	32.16	97.6	26.96	32.16	98.1	26.75	32.16	100.0	26.20	32.16	105.5
28/06/2018 10:41:11 AM	3612991271	1013.00	27.02	32.17	97.5	26.98	32.17	97.9	26.79	32.17	99.6	26.17	32.17	105.8
28/06/2018 10:41:12 AM	3612991272	1013.00	27.07	32.18	97.0	27.01	32.18	97.6	26.78	32.18	99.7	26.18	32.18	105.7
28/06/2018 10:41:13 AM	3612991273	1013.00	27.06	32.17	97.1	26.99	32.17	97.8	26.77	32.17	99.8	26.19	32.17	105.6
28/06/2018 10:41:14 AM	3612991274	1013.00	27.04	32.17	97.3	27.03	32.17	97.4	26.78	32.17	99.7	26.18	32.17	105.7
28/06/2018 10:41:15 AM	3612991275	1013.00	27.04	32.17	97.3	27.02	32.17	97.5	26.75	32.17	100.0	26.14	32.17	106.1
28/06/2018 10:41:16 AM	3612991276	1013.00	27.04	32.17	97.3	27.05	32.17	97.2	26.73	32.17	100.2	26.18	32.17	105.7
28/06/2018 10:41:17 AM	3612991277	1013.00	27.07	32.16	97.0	27.07	32.16	97.0	26.82	32.16	99.4	26.19	32.16	105.6
28/06/2018 10:41:18 AM	3612991278	1013.00	27.06	32.17	97.1	27.04	32.17	97.3	26.80	32.17	99.6	26.19	32.17	105.6
28/06/2018 10:41:19 AM	3612991279	1013.00	27.05	32.17	97.2	27.07	32.17	97.0	26.75	32.17	100.0	26.20	32.17	105.5
28/06/2018 10:41:20 AM	3612991280	1013.00	27.08	32.17	96.9	27.03	32.17	97.4	26.78	32.17	99.7	26.18	32.17	105.7
28/06/2018 10:41:21 AM	3612991281	1013.00	27.09	32.16	96.9	27.06	32.16	97.1	26.81	32.16	99.5	26.19	32.16	105.6
28/06/2018 10:41:22 AM	3612991282	1013.00	27.09	32.17	96.8	27.04	32.17	97.3	26.82	32.17	99.4	26.19	32.17	105.6
28/06/2018 10:41:23 AM	3612991283	1013.00	27.09	32.17	96.8	27.05	32.17	97.2	26.79	32.17	99.6	26.18	32.17	105.7
28/06/2018 10:41:24 AM	3612991284	1013.00	27.08	32.16	97.0	27.05	32.16	97.2	26.77	32.16	99.9	26.19	32.16	105.6
28/06/2018 10:41:25 AM	3612991285	1013.00	27.09	32.16	96.9	27.06	32.16	97.1	26.81	32.16	99.5	26.18	32.16	105.7
28/06/2018 10:41:26 AM	3612991286	1013.00	27.08	32.17	96.9	27.04	32.17	97.3	26.83	32.17	99.3	26.19	32.17	105.6
28/06/2018 10:41:27 AM	3612991287	1013.00	27.07	32.17	97.0	27.00	32.17	97.7	26.78	32.17	99.7	26.19	32.17	105.6
28/06/2018 10:41:28 AM	3612991288	1013.00	27.11	32.16	96.7	27.07	32.16	97.0	26.86	32.16	99.0	26.20	32.16	105.5
28/06/2018 10:41:29 AM	3612991289	1013.00	27.11	32.17	96.7	27.04	32.17	97.3	26.87	32.17	98.9	26.20	32.17	105.5
28/06/2018 10:41:30 AM	3612991290	1013.00	27.10	32.17	96.8	27.06	32.17	97.1	26.84	32.17	99.2	26.17	32.17	105.8
28/06/2018 10:41:31 AM	3612991291	1013.00	27.08	32.17	96.9	27.05	32.17	97.2	26.81	32.17	99.5	26.15	32.17	106.0
28/06/2018 10:41:32 AM	3612991292	1013.00	27.11	32.17	96.7	27.05	32.17	97.2	26.85	32.17	99.1	26.18	32.17	105.7
28/06/2018 10:41:33 AM	3612991293	1013.00	27.08	32.17	96.9	27.06	32.17	97.1	26.81	32.17	99.5	26.19	32.17	105.6
28/06/2018 10:41:34 AM	3612991294	1013.00	27.11	32.17	96.7	27.05	32.17	97.2	26.84	32.17	99.2	26.19	32.17	105.6
28/06/2018 10:41:35 AM	3612991295	1013.00	27.11	32.17	96.7	26.98	32.17	97.9	26.88	32.17	98.8	26.20	32.17	105.5
28/06/2018 10:41:36 AM	3612991296	1013.00	27.09	32.17	96.8	27.09	32.17	96.8	26.80	32.17	99.6	26.21	32.17	105.4
28/06/2018 10:41:37 AM	3612991297	1013.00	27.11	32.18	96.6	27.08	32.18	96.9	26.87	32.18	98.9	26.19	32.18	105.6
28/06/2018 10:41:38 AM	3612991298	1013.00	27.12	32.18	96.6	27.08	32.18	96.9	26.85	32.18	99.1	26.17	32.18	105.8
28/06/2018 10:41:39 AM	3612991299	1013.00	27.12	32.18	96.6	27.05	32.18	97.2	26.87	32.18	98.9	26.17	32.18	105.8
28/06/2018 10:41:40 AM	3612991300	1013.00	27.09	32.18	96.8	27.09	32.18	96.8	26.87	32.18	98.9	26.18	32.18	105.7
28/06/2018 10:41:41 AM	3612991301	1013.00	27.15	32.18	96.3	27.06	32.18	97.1	26.87	32.18	98.9	26.18	32.18	105.7
28/06/2018 10:41:42 AM	3612991302	1013.00	27.14	32.17	96.4	27.05	32.17	97.2	26.87	32.17	98.9	26.18	32.17	105.7
28/06/2018 10:41:43 AM	3612991303	1013.00	27.13	32.17	96.5	27.10	32.17	96.8	26.84	32.17	99.2	26.20	32.17	105.5
28/06/2018 10:41:44 AM	3612991304	1013.00	27.14	32.17	96.4	27.10	32.17	96.8	26.89	32.17	98.7	26.17	32.17	105.8
28/06/2018 10:41:45 AM	3612991305	1013.00	27.13	32.17	96.5	27.06	32.17	97.1	26.88	32.17	98.8	26.20	32.17	105.5
28/06/2018 10:41:46 AM	3612991306	1013.00	27.11	32.17	96.7	27.09	32.17	96.8	26.85	32.17	99.1	26.20	32.17	105.5
28/06/2018 10:41:47 AM	3612991307	1013.00	27.15	32.17	96.3	27.10	32.17	96.8	26.86	32.17	99.0	26.18	32.17	105.7
28/06/2018 10:41:48 AM	3612991308	1013.00	27.13	32.18	96.5	27.16	32.18	96.2	26.87	32.18	98.9	26.19	32.18	105.6
28/06/2018 10:41:49 AM	3612991309	1013.00	27.15	32.17	96.3	27.11	32.17	96.7	26.88	32.17	98.8	26.18	32.17	105.7
28/06/2018 10:41:50 AM	3612991310	1013.00	27.16	32.17	96.2	27.14	32.17	96.4	26.88	32.17	98.8	26.18	32.17	105.7
28/06/2018 10:41:51 AM	3612991311	1013.00	27.12	32.17	96.6	27.15	32.17	96.3	26.94	32.17	98.2	26.20	32.17	105.5
28/06/2018 10:41:52 AM	3612991312	1013.00	27.14	32.18	96.4	27.12	32.18	96.6	26.90	32.18	98.6	26.18	32.18	105.7
28/06/2018 10:41:53 AM	3612991313	1013.00	27.13	32.17	96.5	27.13	32.17	96.5	26.92	32.17	98.4	26.19	32.17	105.6
28/06/2018 10:41:54 AM	3612991314	1013.00	27.15	32.17	96.3	27.07	32.17	97.0	26.93	32.17	98.3	26.19	32.17	105.6
28/06/2018 10:41:55 AM	3612991315	1013.00	27.16	32.17	96.2	27.13	32.17	96.5	26.88	32.17	98.8	26.20	32.17	105.5
28/06/2018 10:41:56 AM	3612991316	1013.00	27.16	32.17	96.2	27.18	32.17	96.0	26.92	32.17	98.4	26.19	32.17	105.6
28/06/2018 10:41:57 AM	3612991317	1013.00	27.15	32.16	96.3	27.18	32.16	96.0	26.93	32.16	98.3	26.21	32.16	105.4
28/06/2018 10:41:58 AM	3612991318	1013.00	27.18	32.17	96.0	27.15	32.17	96.3	26.89	32.17	98.7	26.17	32.17	105.8
28/06/2018 10:41:59 AM	3612991319	1013.00	27.18	32.17	96.0	27.10	32.17	96.8	26.93	32.17	98.3	26.18	32.17	105.7
28/06/2018 10:42:00 AM	3612991320	1013.00	27.18	32.16	96.0	27.16	32.16	96.2	26.89	32.16	98.7	26.14	32.16	106.1
28/06/2018 10:42:01 AM	3612991321	1013.00	27.20	32.17	95.8	27.18	32.17	96.0	26.93	32.17	98.3	26.19	32.17	105.6
28/06/2018 10:42:02 AM	3612991322	1013.00	27.16	32.18	96.2	27.16	32.18	96.2	26.87	32.18	98.9	26.18	32.18	105.7
28/06/2018 10:42:03 AM	3612991323	1013.00	27.17	32.18	96.1	27.22	32.18	95.6	26.92	32.18	98.4	26.18	32.18	105.7
28/06/2018 10:42:04 AM	3612991324	1013.00	27.18	32.18	96.0	27.15	32.18	96.3	26.91	32.18	98.5	26.18	32.18	105.7
28/06/2018 10:42:05 AM	3612991325	1013.00	27.19	32.18	95.9	27.10	32.18	96.7	26.89	32.18	98.7	26.19	32.18	105.6
28/06/2018 10:42:06 AM	3612991326	1013.00	27.19	32.18	95.9	27.18	32.18	96.0	26.93	32.18	98.3	26.19	32.18	105.6
28/06/2018 10:42:07 AM	3612991327	1013.00	27.18	32.18	96.0	27.16	32.18	96.2	26.92	32.18	98.4	26.21	32.18	105.3
28/06/2018 10:42:08 AM	3612991328	1013.00	27.21	32.17	95.7	27.13	32.17	96.5	26.92	32.17	98.4	26.20	32.17	105.5
28/06/2018 10:42:09 AM	3612991329	1013.00	27.20	32.18	95.8	27.19	32.18	95.9	26.92	32.18	98.4	26.18	32.18	105.7
28/06/2018 10:42:10 AM	3612991330	1013.00	27.21	32.18	95.7	27.17	32.18	96.1	26.93	32.18	98.3	26.18	32.18	105.7
28/06/2018 10:42:11 AM	3612991331	1013.00	27.19	32.18	95.9	27.18	32.18	96.0	26.90	32.18	98.6	26.18	32.18	105.7
28/06/2018 10:42:12 AM	3612991332	1013.00	27.19	32.18	95.9	27.20	32.18	95.8	26.88	32.18	98.8	26.19	32.18	105.6
28/06/2018 10:42:13 AM	3612991333	1013.00	27.20	32.20	95.8	27.13	32.20	96.4	26.89	32.20	98.7	26.20	32.20	105.4
28/06/2018 10:42:14 AM	3612991334	1013.00	27.19	32.19	95.9	27.18	32.19	96.0	26.93	32.19	98.3	26.19	32.19	105.5
28/06/2018 10:42:15 AM	3612991335	1013.00	27.23	32.18	95.5	27.15	32.18	96.3	26.90	32.18	98.6	26.19	32.18	105.6
28/06/2018 10:42:16 AM	3612991336	1013.00	27.25	32.19	95.4	27.19	32.19	95.9	26.92	32.19	98.4	26.18	32.19	105.6
28/06/2018 10:42:17 AM	3612991337	1013.00	27.23	32.19	95.5	27.21	32.19	95.7	26.94	32.19	98.2	26.16	32.19	105.8
28/06/2018 10:42:18 AM	3612991338	1013.00	27.22	32.19	95.6	27.27	32.19	95.2	26.91	32.19	98.5	26.18	32.19	105.6
28/06/2018 10:42:19 AM	3612991339	1013.00	27.26	32.20	95.2	27.19	32.20	95.9	26.96	32.20	98.0	26.18	32.20	105.6
28/06/2018 10:42:20 AM	3612991340	1013.00	27.24	32.19	95.4	27.22	32.19	95.6	26.95	32.19	98.1	26.22	32.19	105.2
28/06/2018 10:42:21 AM	3612991341	1013.00	27.27	32.19	95.2	27.24	32.19	95.4	26.92	32.19	98.4	26.15	32.19	105.9
28/06/2018 10:42:22 AM	3612991342	1013.00	27.26	32.18	95.3	27.21	32.18	95.7	26.96	32.18	98.0	26.22	32.18	105.2
28/06/2018 10:42:23 AM	3612991343	1013.00	27.27	32.17	95.2	27.19	32.17	95.9	27.00	32.17	97.7	26.18	32.17	105.7
28/06/2018 10:42:24 AM	3612991344	1013.00	27.24	32.17	95.5	27.22	32.17	95.7	26.98	32.17	97.9	26.17	32.17	105.8
28/06/2018 10:42:25 AM	3612991345	1013.00	27.28	32.18	95.1	27.21	32.18	95.7	26.97	32.18	97.9	26.19	32.18	105.6
28/06/2018 10:42:26 AM	3612991346	1013.00	27.28	32.18	95.1	27.17	32.18	96.1	26.99	32.18	97.7	26.19	32.18	105.6
28/06/2018 10:42:27 AM	3612991347	1013.00	27.27	32.19	95.2	27.23	32.19	95.5	27.00	32.19	97.6	26.19	32.19	105.5
28/06/2018 10:42:28 AM	3612991348	1013.00	27.27	32.18	95.2	27.24	32.18	95.5	26.99	32.18	97.7	26.23	32.18	105.1
28/06/2018 10:42:29 AM	3612991349	1013.00	27.27	32.18	95.2	27.22	32.18	95.6	26.95	32.18	98.1	26.19	32.18	105.6
28/06/2018 10:42:30 AM	3612991350	1013.00	27.30	32.17	94.9	27.20	32.17	95.8	27.00	32.17	97.7	26.19	32.17	105.6
28/06/2018 10:42:31 AM	3612991351	1013.00	27.28	32.17	95.1	27.20	32.17	95.8	26.99	32.17	97.8	26.21	32.17	105.4
28/06/2018 10:42:32 AM	3612991352	1013.00	27.30	32.17	94.9	27.22	32.17	95.7	27.01	32.17	97.6	26.17	32.17	105.8
28/06/2018 10:42:33 AM	3612991353	1013.00	27.27	32.18	95.2	27.21	32.18	95.7	27.01	32.18	97.6	26.17	32.18	105.8
28/06/2018 10:42:34 AM	3612991354	1013.00	27.29	32.18	95.0	27.24	32.18	95.5	26.97	32.18	97.9	26.18	32.18	105.7
28/06/2018 10:42:35 AM	3612991355	1013.00	27.31	32.18	94.8	27.28	32.18	95.1	26.98	32.18	97.8	26.18	32.18	105.7
28/06/2018 10:42:36 AM	3612991356	1013.00	27.30	32.19	94.9	27.26	32.19	95.3	26.97	32.19	97.9	26.18	32.19	105.6
28/06/2018 10:42:37 AM	3612991357	1013.00	27.29	32.19	95.0	27.24	32.19	95.4	26.99	32.19	97.7	26.20	32.19	105.4
28/06/2018 10:42:38 AM	3612991358	1013.00	27.31	32.19	94.8	27.27	32.19	95.2	27.02	32.19	97.5	26.18	32.19	105.6
28/06/2018 10:42:39 AM	3612991359	1013.00	27.31	32.19	94.8	27.26	32.19	95.3	27.00	32.19	97.6	26.17	32.19	105.7
28/06/2018 10:42:40 AM	3612991360	1013.00	27.33	32.19	94.6	27.28	32.19	95.1	27.00	32.19	97.6	26.18	32.19	105.6
28/06/2018 10:42:41 AM	3612991361	1013.00	27.30	32.19	94.9	27.27	32.19	95.2	26.99	32.19	97.7	26.22	32.19	105.2
28/06/2018 10:42:42 AM	3612991362	1013.00	27.34	32.19	94.5	27.26	32.19	95.3	27.01	32.19	97.5	26.18	32.19	105.6
28/06/2018 10:42:43 AM	3612991363	1013.00	27.37	32.19	94.3	27.31	32.19	94.8	27.01	32.19	97.5	26.19	32.19	105.5
28/06/2018 10:42:44 AM	3612991364	1013.00	27.32	32.18	94.7	27.26	32.18	95.3	27.02	32.18	97.5	26.20	32.18	105.5
28/06/2018 10:42:45 AM	3612991365	1013.00	27.32	32.17	94.8	27.28	32.17	95.1	27.01	32.17	97.6	26.16	32.17	105.9
28/06/2018 10:42:46 AM	3612991366	1013.00	27.33	32.18	94.7	27.31	32.18	94.8	27.01	32.18	97.6	26.17	32.18	105.8
28/06/2018 10:42:47 AM	3612991367	1013.00	27.35	32.18	94.5	27.25	32.18	95.4	27.02	32.18	97.5	26.18	32.18	105.7
28/06/2018 10:42:48 AM	3612991368	1013.00	27.34	32.18	94.6	27.29	32.18	95.0	27.00	32.18	97.7	26.21	32.18	105.3
28/06/2018 10:42:49 AM	3612991369	1013.00	27.36	32.19	94.4	27.35	32.19	94.5	27.02	32.19	97.5	26.18	32.19	105.6
28/06/2018 10:42:50 AM	3612991370	1013.00	27.38	32.19	94.2	27.26	32.19	95.3	27.02	32.19	97.5	26.19	32.19	105.5
28/06/2018 10:42:51 AM	3612991371	1013.00	27.35	32.19	94.5	27.32	32.19	94.7	27.01	32.19	97.5	26.16	32.19	105.8
28/06/2018 10:42:52 AM	3612991372	1013.00	27.35	32.18	94.5	27.30	32.18	94.9	26.98	32.18	97.8	26.17	32.18	105.8
28/06/2018 10:42:53 AM	3612991373	1013.00	27.38	32.19	94.2	27.33	32.19	94.6	27.02	32.19	97.5	26.20	32.19	105.4
28/06/2018 10:42:54 AM	3612991374	1013.00	27.38	32.19	94.2	27.27	32.19	95.2	27.00	32.19	97.6	26.18	32.19	105.6
28/06/2018 10:42:55 AM	3612991375	1013.00	27.39	32.17	94.1	27.37	32.17	94.3	26.98	32.17	97.9	26.18	32.17	105.7
28/06/2018 10:42:56 AM	3612991376	1013.00	27.40	32.18	94.0	27.37	32.18	94.3	27.01	32.18	97.6	26.17	32.18	105.8
28/06/2018 10:42:57 AM	3612991377	1013.00	27.37	32.18	94.3	27.37	32.18	94.3	27.07	32.18	97.0	26.22	32.18	105.2
28/06/2018 10:42:58 AM	3612991378	1013.00	27.39	32.18	94.1	27.33	32.18	94.7	27.06	32.18	97.1	26.21	32.18	105.3
28/06/2018 10:42:59 AM	3612991379	1013.00	27.38	32.18	94.2	27.37	32.18	94.3	27.04	32.18	97.3	26.18	32.18	105.7
28/06/2018 10:43:00 AM	3612991380	1013.00	27.41	32.19	93.9	27.34	32.19	94.5	27.04	32.19	97.3	26.20	32.19	105.4
28/06/2018 10:43:01 AM	3612991381	1013.00	27.37	32.18	94.3	27.37	32.18	94.3	27.08	32.18	96.9	26.21	32.18	105.3
28/06/2018 10:43:02 AM	3612991382	1013.00	27.42	32.18	93.9	27.39	32.18	94.1	27.07	32.18	97.0	26.17	32.18	105.8
28/06/2018 10:43:03 AM	3612991383	1013.00	27.41	32.18	93.9	27.43	32.18	93.8	27.03	32.18	97.4	26.20	32.18	105.5
28/06/2018 10:43:04 AM	3612991384	1013.00	27.43	32.18	93.8	27.38	32.18	94.2	27.06	32.18	97.1	26.19	32.18	105.6
28/06/2018 10:43:05 AM	3612991385	1013.00	27.42	32.19	93.8	27.38	32.19	94.2	27.06	32.19	97.1	26.19	32.19	105.5
28/06/2018 10:43:06 AM	3612991386	1013.00	27.41	32.18	93.9	27.36	32.18	94.4	27.04	32.18	97.3	26.20	32.18	105.5
28/06/2018 10:43:07 AM	3612991387	1013.00	27.44	32.19	93.7	27.39	32.19	94.1	27.06	32.19	97.1	26.19	32.19	105.5
28/06/2018 10:43:08 AM	3612991388	1013.00	27.43	32.19	93.7	27.39	32.19	94.1	27.08	32.19	96.9	26.16	32.19	105.8
28/06/2018 10:43:09 AM	3612991389	1013.00	27.43	32.18	93.8	27.44	32.18	93.7	27.12	32.18	96.6	26.21	32.18	105.3
28/06/2018 10:43:10 AM	3612991390	1013.00	27.43	32.17	93.8	27.40	32.17	94.0	27.04	32.17	97.3	26.22	32.17	105.3
28/06/2018 10:43:11 AM	3612991391	1013.00	27.45	32.18	93.6	27.39	32.18	94.1	27.05	32.18	97.2	26.20	32.18	105.5
28/06/2018 10:43:12 AM	3612991392	1013.00	27.43	32.17	93.8	27.43	32.17	93.8	27.10	32.17	96.8	26.21	32.17	105.4
28/06/2018 10:43:13 AM	3612991393	1013.00	27.47	32.17	93.4	27.45	32.17	93.6	27.07	32.17	97.0	26.18	32.17	105.7
28/06/2018 10:43:14 AM	3612991394	1013.00	27.46	32.16	93.5	27.40	32.16	94.1	27.12	32.16	96.6	26.23	32.16	105.2
28/06/2018 10:43:15 AM	3612991395	1013.00	27.44	32.17	93.7	27.44	32.17	93.7	27.05	32.17	97.2	26.21	32.17	105.4
28/06/2018 10:43:16 AM	3612991396	1013.00	27.46	32.17	93.5	27.40	32.17	94.0	27.08	32.17	96.9	26.19	32.17	105.6
28/06/2018 10:43:17 AM	3612991397	1013.00	27.46	32.15	93.5	27.41	32.15	94.0	27.10	32.15	96.8	26.19	32.15	105.6
28/06/2018 10:43:18 AM	3612991398	1013.00	27.46	32.15	93.5	27.46	32.15	93.5	27.04	32.15	97.3	26.20	32.15	105.5
28/06/2018 10:43:19 AM	3612991399	1013.00	27.46	32.16	93.5	27.43	32.16	93.8	27.14	32.16	96.4	26.19	32.16	105.6
28/06/2018 10:43:20 AM	3612991400	1013.00	27.47	32.16	93.4	27.43	32.16	93.8	27.02	32.16	97.5	26.18	32.16	105.7
28/06/2018 10:43:21 AM	3612991401	1013.00	27.46	32.17	93.5	27.46	32.17	93.5	27.10	32.17	96.8	26.22	32.17	105.3
28/06/2018 10:43:22 AM	3612991402	1013.00	27.47	32.18	93.4	27.44	32.18	93.7	27.07	32.18	97.0	26.18	32.18	105.7
28/06/2018 10:43:23 AM	3612991403	1013.00	27.50	32.17	93.2	27.40	32.17	94.0	27.07	32.17	97.0	26.18	32.17	105.7
28/06/2018 10:43:24 AM	3612991404	1013.00	27.48	32.17	93.3	27.47	32.17	93.4	27.06	32.17	97.1	26.20	32.17	105.5
28/06/2018 10:43:25 AM	3612991405	1013.00	27.47	32.17	93.4	27.48	32.17	93.3	27.10	32.17	96.8	26.22	32.17	105.3
28/06/2018 10:43:26 AM	3612991406	1013.00	27.50	32.17	93.2	27.50	32.17	93.2	27.08	32.17	96.9	26.20	32.17	105.5
28/06/2018 10:43:27 AM	3612991407	1013.00	27.49	32.17	93.3	27.49	32.17	93.3	27.08	32.17	96.9	26.19	32.17	105.6
28/06/2018 10:43:28 AM	3612991408	1013.00	27.48	32.18	93.3	27.49	32.18	93.2	27.08	32.18	96.9	26.19	32.18	105.6
28/06/2018 10:43:29 AM	3612991409	1013.00	27.48	32.18	93.3	27.50	32.18	93.1	27.10	32.18	96.7	26.22	32.18	105.2
28/06/2018 10:43:30 AM	3612991410	1013.00	27.46	32.19	93.5	27.48	32.19	93.3	27.12	32.19	96.5	26.21	32.19	105.3
28/06/2018 10:43:31 AM	3612991411	1013.00	27.48	32.17	93.3	27.47	32.17	93.4	27.06	32.17	97.1	26.20	32.17	105.5
28/06/2018 10:43:32 AM	3612991412	1013.00	27.49	32.17	93.3	27.48	32.17	93.3	27.12	32.17	96.6	26.21	32.17	105.4
28/06/2018 10:43:33 AM	3612991413	1013.00	27.48	32.17	93.3	27.48	32.17	93.3	27.11	32.17	96.7	26.18	32.17	105.7
28/06/2018 10:43:34 AM	3612991414	1013.00	27.51	32.17	93.1	27.47	32.17	93.4	27.14	32.17	96.4	26.20	32.17	105.5
28/06/2018 10:43:35 AM	3612991415	1013.00	27.49	32.17	93.3	27.51	32.17	93.1	27.09	32.17	96.8	26.17	32.17	105.8
28/06/2018 10:43:36 AM	3612991416	1013.00	27.50	32.17	93.2	27.48	32.17	93.3	27.07	32.17	97.0	26.19	32.17	105.6
28/06/2018 10:43:37 AM	3612991417	1013.00	27.54	32.17	92.8	27.52	32.17	93.0	27.12	32.17	96.6	26.19	32.17	105.6
28/06/2018 10:43:38 AM	3612991418	1013.00	27.51	32.18	93.1	27.49	32.18	93.2	27.13	32.18	96.5	26.21	32.18	105.3
28/06/2018 10:43:39 AM	3612991419	1013.00	27.52	32.17	93.0	27.47	32.17	93.4	27.11	32.17	96.7	26.23	32.17	105.2
28/06/2018 10:43:40 AM	3612991420	1013.00	27.56	32.16	92.7	27.54	32.16	92.8	27.13	32.16	96.5	26.20	32.16	105.5
28/06/2018 10:43:41 AM	3612991421	1013.00	27.53	32.17	92.9	27.52	32.17	93.0	27.12	32.17	96.6	26.20	32.17	105.5
28/06/2018 10:43:42 AM	3612991422	1013.00	27.53	32.17	92.9	27.55	32.17	92.7	27.13	32.17	96.5	26.20	32.17	105.5
28/06/2018 10:43:43 AM	3612991423	1013.00	27.55	32.16	92.7	27.55	32.16	92.7	27.14	32.16	96.4	26.18	32.16	105.7
28/06/2018 10:43:44 AM	3612991424	1013.00	27.57	32.17	92.6	27.57	32.17	92.6	27.12	32.17	96.6	26.20	32.17	105.5
28/06/2018 10:43:45 AM	3612991425	1013.00	27.56	32.17	92.6	27.50	32.17	93.2	27.11	32.17	96.7	26.16	32.17	105.9
28/06/2018 10:43:46 AM	3612991426	1013.00	27.55	32.17	92.7	27.54	32.17	92.8	27.12	32.17	96.6	26.19	32.17	105.6
28/06/2018 10:43:47 AM	3612991427	1013.00	27.58	32.17	92.5	27.56	32.17	92.6	27.17	32.17	96.1	26.18	32.17	105.7
28/06/2018 10:43:48 AM	3612991428	1013.00	27.57	32.17	92.6	27.54	32.17	92.8	27.12	32.17	96.6	26.20	32.17	105.5
28/06/2018 10:43:49 AM	3612991429	1013.00	27.57	32.17	92.6	27.57	32.17	92.6	27.09	32.17	96.8	26.17	32.17	105.8
28/06/2018 10:43:50 AM	3612991430	1013.00	27.55	32.16	92.7	27.58	32.16	92.5	27.14	32.16	96.4	26.18	32.16	105.7
28/06/2018 10:43:51 AM	3612991431	1013.00	27.57	32.16	92.6	27.58	32.16	92.5	27.19	32.16	95.9	26.22	32.16	105.3
28/06/2018 10:43:52 AM	3612991432	1013.00	27.59	32.17	92.4	27.60	32.17	92.3	27.14	32.17	96.4	26.21	32.17	105.4
28/06/2018 10:43:53 AM	3612991433	1013.00	27.58	32.17	92.5	27.61	32.17	92.2	27.18	32.17	96.0	26.20	32.17	105.5
28/06/2018 10:43:54 AM	3612991434	1013.00	27.58	32.17	92.5	27.59	32.17	92.4	27.23	32.17	95.6	26.21	32.17	105.4
28/06/2018 10:43:55 AM	3612991435	1013.00	27.60	32.18	92.3	27.60	32.18	92.3	27.21	32.18	95.7	26.20	32.18	105.5
28/06/2018 10:43:56 AM	3612991436	1013.00	27.57	32.18	92.5	27.49	32.18	93.2	27.14	32.18	96.4	26.18	32.18	105.7
28/06/2018 10:43:57 AM	3612991437	1013.00	27.61	32.18	92.2	27.55	32.18	92.7	27.20	32.18	95.8	26.21	32.18	105.3
28/06/2018 10:43:58 AM	3612991438	1013.00	27.63	32.18	92.0	27.57	32.18	92.5	27.20	32.18	95.8	26.20	32.18	105.5
28/06/2018 10:43:59 AM	3612991439	1013.00	27.62	32.18	92.1	27.60	32.18	92.3	27.17	32.18	96.1	26.18	32.18	105.7
28/06/2018 10:44:00 AM	3612991440	1013.00	27.61	32.18	92.2	27.60	32.18	92.3	27.22	32.18	95.6	26.21	32.18	105.3
28/06/2018 10:44:01 AM	3612991441	1013.00	27.65	32.17	91.9	27.60	32.17	92.3	27.16	32.17	96.2	26.19	32.17	105.6
28/06/2018 10:44:02 AM	3612991442	1013.00	27.63	32.17	92.0	27.57	32.17	92.6	27.22	32.17	95.7	26.19	32.17	105.6
28/06/2018 10:44:03 AM	3612991443	1013.00	27.64	32.18	91.9	27.65	32.18	91.8	27.24	32.18	95.5	26.19	32.18	105.6
28/06/2018 10:44:04 AM	3612991444	1013.00	27.68	32.18	91.6	27.61	32.18	92.2	27.31	32.18	94.8	26.17	32.18	105.8
28/06/2018 10:44:05 AM	3612991445	1013.00	27.67	32.18	91.7	27.64	32.18	91.9	27.26	32.18	95.3	26.20	32.18	105.5
28/06/2018 10:44:06 AM	3612991446	1013.00	27.66	32.18	91.8	27.64	32.18	91.9	27.26	32.18	95.3	26.22	32.18	105.2
28/06/2018 10:44:07 AM	3612991447	1013.00	27.66	32.18	91.8	27.67	32.18	91.7	27.24	32.18	95.5	26.18	32.18	105.7
28/06/2018 10:44:08 AM	3612991448	1013.00	27.67	32.17	91.7	27.65	32.17	91.9	27.24	32.17	95.5	26.23	32.17	105.2
28/06/2018 10:44:09 AM	3612991449	1013.00	27.66	32.17	91.8	27.68	32.17	91.6	27.25	32.17	95.4	26.22	32.17	105.3
28/06/2018 10:44:10 AM	3612991450	1013.00	27.67	32.17	91.7	27.67	32.17	91.7	27.25	32.17	95.4	26.19	32.17	105.6
28/06/2018 10:44:11 AM	3612991451	1013.00	27.72	32.18	91.2	27.65	32.18	91.8	27.26	32.18	95.3	26.19	32.18	105.6
28/06/2018 10:44:12 AM	3612991452	1013.00	27.67	32.18	91.7	27.63	32.18	92.0	27.26	32.18	95.3	26.22	32.18	105.2
28/06/2018 10:44:13 AM	3612991453	1013.00	27.67	32.18	91.7	27.71	32.18	91.3	27.29	32.18	95.0	26.21	32.18	105.3
28/06/2018 10:44:14 AM	3612991454	1013.00	27.72	32.19	91.2	27.66	32.19	91.7	27.31	32.19	94.8	26.22	32.19	105.2
28/06/2018 10:44:15 AM	3612991455	1013.00	27.71	32.18	91.3	27.70	32.18	91.4	27.31	32.18	94.8	26.23	32.18	105.1
28/06/2018 10:44:16 AM	3612991456	1013.00	27.72	32.18	91.2	27.62	32.18	92.1	27.33	32.18	94.7	26.20	32.18	105.5
28/06/2018 10:44:17 AM	3612991457	1013.00	27.73	32.17	91.2	27.67	32.17	91.7	27.32	32.17	94.8	26.17	32.17	105.8
28/06/2018 10:44:18 AM	3612991458	1013.00	27.74	32.17	91.1	27.69	32.17	91.5	27.32	32.17	94.8	26.18	32.17	105.7
28/06/2018 10:44:19 AM	3612991459	1013.00	27.74	32.17	91.1	27.71	32.17	91.3	27.31	32.17	94.8	26.22	32.17	105.3
28/06/2018 10:44:20 AM	3612991460	1013.00	27.71	32.18	91.3	27.71	32.18	91.3	27.38	32.18	94.2	26.22	32.18	105.2
28/06/2018 10:44:21 AM	3612991461	1013.00	27.73	32.19	91.1	27.66	32.19	91.7	27.39	32.19	94.1	26.19	32.19	105.5
28/06/2018 10:44:22 AM	3612991462	1013.00	27.74	32.20	91.0	27.65	32.20	91.8	27.35	32.20	94.4	26.21	32.20	105.3
28/06/2018 10:44:23 AM	3612991463	1013.00	27.74	32.20	91.0	27.70	32.20	91.4	27.37	32.20	94.3	26.18	32.20	105.6
28/06/2018 10:44:24 AM	3612991464	1013.00	27.73	32.20	91.1	27.70	32.20	91.4	27.32	32.20	94.7	26.22	32.20	105.2
28/06/2018 10:44:25 AM	3612991465	1013.00	27.75	32.20	91.0	27.66	32.20	91.7	27.31	32.20	94.8	26.19	32.20	105.5
28/06/2018 10:44:26 AM	3612991466	1013.00	27.76	32.18	90.9	27.67	32.18	91.7	27.39	32.18	94.1	26.21	32.18	105.3
28/06/2018 10:44:27 AM	3612991467	1013.00	27.78	32.19	90.7	27.70	32.19	91.4	27.36	32.19	94.4	26.21	32.19	105.3
28/06/2018 10:44:28 AM	3612991468	1013.00	27.76	32.18	90.9	27.67	32.18	91.7	27.35	32.18	94.5	26.18	32.18	105.7
28/06/2018 10:44:29 AM	3612991469	1013.00	27.79	32.19	90.6	27.68	32.19	91.6	27.41	32.19	93.9	26.21	32.19	105.3
28/06/2018 10:44:30 AM	3612991470	1013.00	27.78	32.18	90.7	27.71	32.18	91.3	27.36	32.18	94.4	26.20	32.18	105.5
28/06/2018 10:44:31 AM	3612991471	1013.00	27.79	32.18	90.6	27.74	32.18	91.1	27.38	32.18	94.2	26.19	32.18	105.6
28/06/2018 10:44:32 AM	3612991472	1013.00	27.79	32.18	90.6	27.69	32.18	91.5	27.33	32.18	94.7	26.20	32.18	105.5
28/06/2018 10:44:33 AM	3612991473	1013.00	27.76	32.18	90.9	27.71	32.18	91.3	27.36	32.18	94.4	26.20	32.18	105.5
28/06/2018 10:44:34 AM	3612991474	1013.00	27.82	32.17	90.4	27.70	32.17	91.4	27.35	32.17	94.5	26.19	32.17	105.6
28/06/2018 10:44:35 AM	3612991475	1013.00	27.81	32.18	90.5	27.74	32.18	91.1	27.38	32.18	94.2	26.19	32.18	105.6
28/06/2018 10:44:36 AM	3612991476	1013.00	27.81	32.18	90.5	27.79	32.18	90.6	27.39	32.18	94.1	26.17	32.18	105.8
28/06/2018 10:44:37 AM	3612991477	1013.00	27.84	32.18	90.2	27.71	32.18	91.3	27.40	32.18	94.0	26.21	32.18	105.3
28/06/2018 10:44:38 AM	3612991478	1013.00	27.81	32.18	90.5	27.70	32.18	91.4	27.44	32.18	93.7	26.21	32.18	105.3
28/06/2018 10:44:39 AM	3612991479	1013.00	27.79	32.19	90.6	27.73	32.19	91.1	27.40	32.19	94.0	26.22	32.19	105.2
28/06/2018 10:44:40 AM	3612991480	1013.00	27.81	32.19	90.5	27.75	32.19	91.0	27.41	32.19	93.9	26.19	32.19	105.5
28/06/2018 10:44:41 AM	3612991481	1013.00	27.85	32.18	90.1	27.74	32.18	91.1	27.41	32.18	93.9	26.22	32.18	105.2
28/06/2018 10:44:42 AM	3612991482	1013.00	27.82	32.18	90.4	27.76	32.18	90.9	27.39	32.18	94.1	26.21	32.18	105.3
28/06/2018 10:44:43 AM	3612991483	1013.00	27.82	32.19	90.4	27.75	32.19	91.0	27.42	32.19	93.8	26.22	32.19	105.2
28/06/2018 10:44:44 AM	3612991484	1013.00	27.81	32.18	90.5	27.71	32.18	91.3	27.41	32.18	93.9	26.22	32.18	105.2
28/06/2018 10:44:45 AM	3612991485	1013.00	27.81	32.18	90.5	27.79	32.18	90.6	27.43	32.18	93.8	26.21	32.18	105.3
28/06/2018 10:44:46 AM	3612991486	1013.00	27.83	32.18	90.3	27.74	32.18	91.1	27.42	32.18	93.9	26.20	32.18	105.5
28/06/2018 10:44:47 AM	3612991487	1013.00	27.84	32.18	90.2	27.78	32.18	90.7	27.42	32.18	93.9	26.19	32.18	105.6
28/06/2018 10:44:48 AM	3612991488	1013.00	27.82	32.18	90.4	27.78	32.18	90.7	27.41	32.18	93.9	26.19	32.18	105.6
28/06/2018 10:44:49 AM	3612991489	1013.00	27.85	32.18	90.1	27.81	32.18	90.5	27.48	32.18	93.3	26.21	32.18	105.3
28/06/2018 10:44:50 AM	3612991490	1013.00	27.86	32.19	90.0	27.77	32.19	90.8	27.46	32.19	93.5	26.21	32.19	105.3
28/06/2018 10:44:51 AM	3612991491	1013.00	27.85	32.20	90.1	27.75	32.20	91.0	27.42	32.20	93.8	26.19	32.20	105.5
28/06/2018 10:44:52 AM	3612991492	1013.00	27.86	32.20	90.0	27.74	32.20	91.0	27.47	32.20	93.4	26.18	32.20	105.6
28/06/2018 10:44:53 AM	3612991493	1013.00	27.88	32.19	89.9	27.79	32.19	90.6	27.47	32.19	93.4	26.21	32.19	105.3
28/06/2018 10:44:54 AM	3612991494	1013.00	27.85	32.19	90.1	27.78	32.19	90.7	27.49	32.19	93.2	26.19	32.19	105.5
28/06/2018 10:44:55 AM	3612991495	1013.00	27.86	32.19	90.0	27.75	32.19	91.0	27.47	32.19	93.4	26.23	32.19	105.1
28/06/2018 10:44:56 AM	3612991496	1013.00	27.86	32.18	90.1	27.76	32.18	90.9	27.48	32.18	93.3	26.23	32.18	105.1
28/06/2018 10:44:57 AM	3612991497	1013.00	27.88	32.17	89.9	27.71	32.17	91.3	27.50	32.17	93.2	26.22	32.17	105.3
28/06/2018 10:44:58 AM	3612991498	1013.00	27.88	32.18	89.9	27.79	32.18	90.6	27.46	32.18	93.5	26.19	32.18	105.6
28/06/2018 10:44:59 AM	3612991499	1013.00	27.87	32.17	90.0	27.82	32.17	90.4	27.51	32.17	93.1	26.20	32.17	105.5
28/06/2018 10:45:00 AM	3612991500	1013.00	27.92	32.19	89.5	27.79	32.19	90.6	27.50	32.19	93.1	26.18	32.19	105.6
28/06/2018 10:45:01 AM	3612991501	1013.00	27.89	32.19	89.8	27.88	32.19	89.9	27.50	32.19	93.1	26.20	32.19	105.4
28/06/2018 10:45:02 AM	3612991502	1013.00	27.90	32.19	89.7	27.84	32.19	90.2	27.51	32.19	93.0	26.20	32.19	105.4
28/06/2018 10:45:03 AM	3612991503	1013.00	27.88	32.18	89.9	27.80	32.18	90.6	27.47	32.18	93.4	26.19	32.18	105.6
28/06/2018 10:45:04 AM	3612991504	1013.00	27.90	32.19	89.7	27.83	32.19	90.3	27.54	32.19	92.8	26.22	32.19	105.2
28/06/2018 10:45:05 AM	3612991505	1013.00	27.91	32.19	89.6	27.80	32.19	90.5	27.53	32.19	92.9	26.21	32.19	105.3
28/06/2018 10:45:06 AM	3612991506	1013.00	27.91	32.19	89.6	27.84	32.19	90.2	27.51	32.19	93.0	26.19	32.19	105.5
28/06/2018 10:45:07 AM	3612991507	1013.00	27.95	32.19	89.3	27.82	32.19	90.4	27.52	32.19	93.0	26.20	32.19	105.4
28/06/2018 10:45:08 AM	3612991508	1013.00	27.91	32.19	89.6	27.85	32.19	90.1	27.51	32.19	93.0	26.17	32.19	105.7
28/06/2018 10:45:09 AM	3612991509	1013.00	27.93	32.18	89.5	27.89	32.18	89.8	27.47	32.18	93.4	26.19	32.18	105.6
28/06/2018 10:45:10 AM	3612991510	1013.00	27.94	32.17	89.4	27.87	32.17	90.0	27.53	32.17	92.9	26.19	32.17	105.6
28/06/2018 10:45:11 AM	3612991511	1013.00	27.97	32.18	89.1	27.85	32.18	90.1	27.50	32.18	93.1	26.19	32.18	105.6
28/06/2018 10:45:12 AM	3612991512	1013.00	27.93	32.18	89.5	27.84	32.18	90.2	27.49	32.18	93.2	26.20	32.18	105.5
28/06/2018 10:45:13 AM	3612991513	1013.00	27.95	32.18	89.3	27.90	32.18	89.7	27.50	32.18	93.1	26.22	32.18	105.2
28/06/2018 10:45:14 AM	3612991514	1013.00	27.95	32.18	89.3	27.92	32.18	89.6	27.54	32.18	92.8	26.20	32.18	105.5
28/06/2018 10:45:15 AM	3612991515	1013.00	27.98	32.18	89.1	27.85	32.18	90.1	27.48	32.18	93.3	26.19	32.18	105.6
28/06/2018 10:45:16 AM	3612991516	1013.00	27.97	32.18	89.1	27.86	32.18	90.1	27.52	32.18	93.0	26.22	32.18	105.2
28/06/2018 10:45:17 AM	3612991517	1013.00	27.96	32.17	89.2	27.88	32.17	89.9	27.51	32.17	93.1	26.21	32.17	105.4
28/06/2018 10:45:18 AM	3612991518	1013.00	27.96	32.18	89.2	27.87	32.18	90.0	27.56	32.18	92.6	26.23	32.18	105.1
28/06/2018 10:45:19 AM	3612991519	1013.00	27.97	32.18	89.1	27.86	32.18	90.1	27.48	32.18	93.3	26.20	32.18	105.5
28/06/2018 10:45:20 AM	3612991520	1013.00	27.97	32.18	89.1	27.88	32.18	89.9	27.50	32.18	93.1	26.20	32.18	105.5
28/06/2018 10:45:21 AM	3612991521	1013.00	27.98	32.17	89.1	27.93	32.17	89.5	27.55	32.17	92.7	26.22	32.17	105.3
28/06/2018 10:45:22 AM	3612991522	1013.00	28.01	32.18	88.8	27.88	32.18	89.9	27.53	32.18	92.9	26.20	32.18	105.5
28/06/2018 10:45:23 AM	3612991523	1013.00	27.98	32.17	89.1	27.92	32.17	89.6	27.52	32.17	93.0	26.19	32.17	105.6
28/06/2018 10:45:24 AM	3612991524	1013.00	28.00	32.18	88.9	27.86	32.18	90.1	27.55	32.18	92.7	26.19	32.18	105.6
28/06/2018 10:45:25 AM	3612991525	1013.00	27.99	32.18	89.0	27.86	32.18	90.1	27.55	32.18	92.7	26.21	32.18	105.3
28/06/2018 10:45:26 AM	3612991526	1013.00	27.97	32.19	89.1	27.90	32.19	89.7	27.56	32.19	92.6	26.17	32.19	105.7
28/06/2018 10:45:27 AM	3612991527	1013.00	28.01	32.19	88.8	27.88	32.19	89.9	27.53	32.19	92.9	26.19	32.19	105.5
28/06/2018 10:45:28 AM	3612991528	1013.00	28.00	32.19	88.9	27.90	32.19	89.7	27.56	32.19	92.6	26.17	32.19	105.7
28/06/2018 10:45:29 AM	3612991529	1013.00	28.01	32.19	88.8	27.90	32.19	89.7	27.52	32.19	93.0	26.21	32.19	105.3
28/06/2018 10:45:30 AM	3612991530	1013.00	28.00	32.19	88.9	27.92	32.19	89.5	27.55	32.19	92.7	26.22	32.19	105.2
28/06/2018 10:45:31 AM	3612991531	1013.00	28.02	32.19	88.7	27.92	32.19	89.5	27.52	32.19	93.0	26.18	32.19	105.6
28/06/2018 10:45:32 AM	3612991532	1013.00	28.01	32.19	88.8	27.91	32.19	89.6	27.56	32.19	92.6	26.21	32.19	105.3
28/06/2018 10:45:33 AM	3612991533	1013.00	28.00	32.19	88.9	27.93	32.19	89.5	27.53	32.19	92.9	26.21	32.19	105.3
28/06/2018 10:45:34 AM	3612991534	1013.00	28.05	32.19	88.5	27.92	32.19	89.5	27.55	32.19	92.7	26.22	32.19	105.2
28/06/2018 10:45:35 AM	3612991535	1013.00	28.02	32.19	88.7	27.96	32.19	89.2	27.53	32.19	92.9	26.23	32.19	105.1
28/06/2018 10:45:36 AM	3612991536	1013.00	28.07	32.19	88.3	27.94	32.19	89.4	27.51	32.19	93.0	26.20	32.19	105.4
28/06/2018 10:45:37 AM	3612991537	1013.00	28.04	32.20	88.5	27.95	32.20	89.3	27.62	32.20	92.1	26.23	32.20	105.1
28/06/2018 10:45:38 AM	3612991538	1013.00	28.05	32.20	88.4	27.96	32.20	89.2	27.55	32.20	92.7	26.23	32.20	105.1
28/06/2018 10:45:39 AM	3612991539	1013.00	28.04	32.19	88.5	27.95	32.19	89.3	27.61	32.19	92.2	26.21	32.19	105.3
28/06/2018 10:45:40 AM	3612991540	1013.00	28.05	32.19	88.5	27.92	32.19	89.5	27.56	32.19	92.6	26.20	32.19	105.4
28/06/2018 10:45:41 AM	3612991541	1013.00	28.09	32.19	88.1	27.97	32.19	89.1	27.60	32.19	92.3	26.21	32.19	105.3
28/06/2018 10:45:42 AM	3612991542	1013.00	28.11	32.18	88.0	27.92	32.18	89.6	27.61	32.18	92.2	26.21	32.18	105.3
28/06/2018 10:45:43 AM	3612991543	1013.00	28.06	32.17	88.4	28.02	32.17	88.7	27.61	32.17	92.2	26.20	32.17	105.5
28/06/2018 10:45:44 AM	3612991544	1013.00	28.12	32.17	87.9	27.99	32.17	89.0	27.55	32.17	92.7	26.19	32.17	105.6
28/06/2018 10:45:45 AM	3612991545	1013.00	28.09	32.17	88.2	28.01	32.17	88.8	27.57	32.17	92.6	26.19	32.17	105.6
28/06/2018 10:45:46 AM	3612991546	1013.00	28.07	32.17	88.3	27.92	32.17	89.6	27.65	32.17	91.9	26.21	32.17	105.4
28/06/2018 10:45:47 AM	3612991547	1013.00	28.10	32.17	88.1	27.98	32.17	89.1	27.62	32.17	92.1	26.20	32.17	105.5
28/06/2018 10:45:48 AM	3612991548	1013.00	28.10	32.18	88.1	27.99	32.18	89.0	27.61	32.18	92.2	26.19	32.18	105.6
28/06/2018 10:45:49 AM	3612991549	1013.00	28.10	32.18	88.1	28.06	32.18	88.4	27.57	32.18	92.5	26.19	32.18	105.6
28/06/2018 10:45:50 AM	3612991550	1013.00	28.10	32.18	88.1	28.05	32.18	88.5	27.60	32.18	92.3	26.21	32.18	105.3
28/06/2018 10:45:51 AM	3612991551	1013.00	28.12	32.17	87.9	28.05	32.17	88.5	27.58	32.17	92.5	26.20	32.17	105.5
28/06/2018 10:45:52 AM	3612991552	1013.00	28.11	32.17	88.0	28.02	32.17	88.7	27.58	32.17	92.5	26.21	32.17	105.4
28/06/2018 10:45:53 AM	3612991553	1013.00	28.11	32.18	88.0	27.98	32.18	89.1	27.63	32.18	92.0	26.20	32.18	105.5
28/06/2018 10:45:54 AM	3612991554	1013.00	28.13	32.18	87.8	28.03	32.18	88.6	27.63	32.18	92.0	26.19	32.18	105.6
28/06/2018 10:45:55 AM	3612991555	1013.00	28.14	32.18	87.7	28.01	32.18	88.8	27.65	32.18	91.8	26.21	32.18	105.3
28/06/2018 10:45:56 AM	3612991556	1013.00	28.13	32.20	87.8	28.02	32.20	88.7	27.63	32.20	92.0	26.19	32.20	105.5
28/06/2018 10:45:57 AM	3612991557	1013.00	28.13	32.19	87.8	28.10	32.19	88.1	27.65	32.19	91.8	26.21	32.19	105.3
28/06/2018 10:45:58 AM	3612991558	1013.00	28.14	32.19	87.7	28.03	32.19	88.6	27.66	32.19	91.7	26.22	32.19	105.2
28/06/2018 10:45:59 AM	3612991559	1013.00	28.13	32.19	87.8	28.03	32.19	88.6	27.67	32.19	91.7	26.24	32.19	105.0
28/06/2018 10:46:00 AM	3612991560	1013.00	28.14	32.19	87.7	28.02	32.19	88.7	27.59	32.19	92.3	26.21	32.19	105.3
28/06/2018 10:46:01 AM	3612991561	1013.00	28.14	32.18	87.7	28.08	32.18	88.2	27.65	32.18	91.8	26.22	32.18	105.2
28/06/2018 10:46:02 AM	3612991562	1013.00	28.13	32.18	87.8	28.08	32.18	88.2	27.66	32.18	91.8	26.21	32.18	105.3
28/06/2018 10:46:03 AM	3612991563	1013.00	28.14	32.17	87.8	28.08	32.17	88.2	27.64	32.17	91.9	26.17	32.17	105.8
28/06/2018 10:46:04 AM	3612991564	1013.00	28.14	32.16	87.8	28.09	32.16	88.2	27.62	32.16	92.1	26.21	32.16	105.4
28/06/2018 10:46:05 AM	3612991565	1013.00	28.15	32.16	87.7	28.10	32.16	88.1	27.65	32.16	91.9	26.22	32.16	105.3
28/06/2018 10:46:06 AM	3612991566	1013.00	28.16	32.16	87.6	28.05	32.16	88.5	27.63	32.16	92.0	26.24	32.16	105.1
28/06/2018 10:46:07 AM	3612991567	1013.00	28.16	32.15	87.6	28.04	32.15	88.6	27.65	32.15	91.9	26.21	32.15	105.4
28/06/2018 10:46:08 AM	3612991568	1013.00	28.17	32.15	87.5	28.10	32.15	88.1	27.66	32.15	91.8	26.24	32.15	105.1
28/06/2018 10:46:09 AM	3612991569	1013.00	28.14	32.14	87.8	28.10	32.14	88.1	27.70	32.14	91.5	26.20	32.14	105.5
28/06/2018 10:46:10 AM	3612991570	1013.00	28.16	32.14	87.6	28.09	32.14	88.2	27.63	32.14	92.1	26.20	32.14	105.5
28/06/2018 10:46:11 AM	3612991571	1013.00	28.15	32.12	87.8	28.07	32.12	88.4	27.67	32.12	91.8	26.20	32.12	105.6
28/06/2018 10:46:12 AM	3612991572	1013.00	28.16	32.12	87.7	28.11	32.12	88.1	27.71	32.12	91.4	26.23	32.12	105.3
28/06/2018 10:46:13 AM	3612991573	1013.00	28.13	32.11	87.9	28.12	32.11	88.0	27.70	32.11	91.5	26.21	32.11	105.5
28/06/2018 10:46:14 AM	3612991574	1013.00	28.13	32.11	87.9	28.08	32.11	88.3	27.71	32.11	91.4	26.19	32.11	105.7
28/06/2018 10:46:15 AM	3612991575	1013.00	28.15	32.11	87.8	28.16	32.11	87.7	27.71	32.11	91.4	26.18	32.11	105.8
28/06/2018 10:46:16 AM	3612991576	1013.00	28.16	32.11	87.7	28.10	32.11	88.2	27.69	32.11	91.6	26.22	32.11	105.4
28/06/2018 10:46:17 AM	3612991577	1013.00	28.16	32.10	87.7	28.11	32.10	88.1	27.68	32.10	91.7	26.18	32.10	105.8
28/06/2018 10:46:18 AM	3612991578	1013.00	28.15	32.10	87.8	28.13	32.10	87.9	27.70	32.10	91.5	26.20	32.10	105.6
28/06/2018 10:46:19 AM	3612991579	1013.00	28.18	32.09	87.6	28.13	32.09	88.0	27.64	32.09	92.1	26.21	32.09	105.5
28/06/2018 10:46:20 AM	3612991580	1013.00	28.16	32.09	87.7	28.13	32.09	88.0	27.69	32.09	91.6	26.21	32.09	105.5
28/06/2018 10:46:21 AM	3612991581	1013.00	28.17	32.08	87.6	28.14	32.08	87.9	27.75	32.08	91.1	26.22	32.08	105.4
28/06/2018 10:46:22 AM	3612991582	1013.00	28.17	32.07	87.7	28.19	32.07	87.5	27.71	32.07	91.5	26.22	32.07	105.4
28/06/2018 10:46:23 AM	3612991583	1013.00	28.23	32.07	87.2	28.14	32.07	87.9	27.72	32.07	91.4	26.19	32.07	105.8
28/06/2018 10:46:24 AM	3612991584	1013.00	28.21	32.06	87.4	28.14	32.06	87.9	27.68	32.06	91.8	26.20	32.06	105.7
28/06/2018 10:46:25 AM	3612991585	1013.00	28.20	32.05	87.4	28.16	32.05	87.8	27.75	32.05	91.2	26.23	32.05	105.4
28/06/2018 10:46:26 AM	3612991586	1013.00	28.21	32.04	87.4	28.17	32.04	87.7	27.73	32.04	91.4	26.19	32.04	105.8
28/06/2018 10:46:27 AM	3612991587	1013.00	28.23	32.03	87.2	28.19	32.03	87.6	27.72	32.03	91.5	26.21	32.03	105.6
28/06/2018 10:46:28 AM	3612991588	1013.00	28.22	32.02	87.3	28.18	32.02	87.7	27.72	32.02	91.5	26.24	32.02	105.3
28/06/2018 10:46:29 AM	3612991589	1013.00	28.19	32.01	87.6	28.17	32.01	87.8	27.72	32.01	91.5	26.19	32.01	105.9
28/06/2018 10:46:30 AM	3612991590	1013.00	28.22	32.00	87.4	28.20	32.00	87.5	27.74	32.00	91.4	26.20	32.00	105.8
28/06/2018 10:46:31 AM	3612991591	1013.00	28.24	31.99	87.2	28.25	31.99	87.1	27.74	31.99	91.4	26.21	31.99	105.7
28/06/2018 10:46:32 AM	3612991592	1013.00	28.23	31.99	87.3	28.21	31.99	87.5	27.71	31.99	91.6	26.23	31.99	105.5
28/06/2018 10:46:33 AM	3612991593	1013.00	28.24	31.99	87.2	28.23	31.99	87.3	27.72	31.99	91.5	26.20	31.99	105.8
28/06/2018 10:46:34 AM	3612991594	1013.00	28.22	31.98	87.4	28.22	31.98	87.4	27.72	31.98	91.6	26.19	31.98	105.9
28/06/2018 10:46:35 AM	3612991595	1013.00	28.24	31.98	87.2	28.21	31.98	87.5	27.73	31.98	91.5	26.22	31.98	105.6
28/06/2018 10:46:36 AM	3612991596	1013.00	28.24	31.97	87.2	28.20	31.97	87.6	27.71	31.97	91.7	26.23	31.97	105.5
28/06/2018 10:46:37 AM	3612991597	1013.00	28.25	31.97	87.2	28.23	31.97	87.3	27.74	31.97	91.4	26.22	31.97	105.6
28/06/2018 10:46:38 AM	3612991598	1013.00	28.22	31.97	87.4	28.24	31.97	87.2	27.72	31.97	91.6	26.19	31.97	105.9
28/06/2018 10:46:39 AM	3612991599	1013.00	28.26	31.96	87.1	28.25	31.96	87.2	27.75	31.96	91.3	26.24	31.96	105.4
28/06/2018 10:46:40 AM	3612991600	1013.00	28.24	31.97	87.2	28.26	31.97	87.1	27.74	31.97	91.4	26.20	31.97	105.8
28/06/2018 10:46:41 AM	3612991601	1013.00	28.26	31.97	87.1	28.28	31.97	86.9	27.74	31.97	91.4	26.22	31.97	105.6
28/06/2018 10:46:42 AM	3612991602	1013.00	28.24	31.96	87.3	28.25	31.96	87.2	27.79	31.96	91.0	26.24	31.96	105.4
28/06/2018 10:46:43 AM	3612991603	1013.00	28.27	31.97	87.0	28.24	31.97	87.2	27.75	31.97	91.3	26.21	31.97	105.7
28/06/2018 10:46:44 AM	3612991604	1013.00	28.27	31.97	87.0	28.24	31.97	87.2	27.79	31.97	91.0	26.20	31.97	105.8
28/06/2018 10:46:45 AM	3612991605	1013.00	28.27	31.97	87.0	28.25	31.97	87.2	27.80	31.97	90.9	26.22	31.97	105.6
28/06/2018 10:46:46 AM	3612991606	1013.00	28.28	31.96	86.9	28.28	31.96	86.9	27.79	31.96	91.0	26.23	31.96	105.5
28/06/2018 10:46:47 AM	3612991607	1013.00	28.27	31.96	87.0	28.26	31.96	87.1	27.78	31.96	91.1	26.20	31.96	105.8
28/06/2018 10:46:48 AM	3612991608	1013.00	28.30	31.96	86.8	28.29	31.96	86.9	27.83	31.96	90.7	26.22	31.96	105.6
28/06/2018 10:46:49 AM	3612991609	1013.00	28.28	31.96	86.9	28.32	31.96	86.6	27.82	31.96	90.7	26.23	31.96	105.5
28/06/2018 10:46:50 AM	3612991610	1013.00	28.30	31.96	86.8	28.23	31.96	87.3	27.79	31.96	91.0	26.23	31.96	105.5
28/06/2018 10:46:51 AM	3612991611	1013.00	28.32	31.97	86.6	28.30	31.97	86.8	27.80	31.97	90.9	26.19	31.97	105.9
28/06/2018 10:46:52 AM	3612991612	1013.00	28.34	31.97	86.4	28.32	31.97	86.6	27.81	31.97	90.8	26.21	31.97	105.7
28/06/2018 10:46:53 AM	3612991613	1013.00	28.31	31.97	86.7	28.33	31.97	86.5	27.79	31.97	91.0	26.20	31.97	105.8
28/06/2018 10:46:54 AM	3612991614	1013.00	28.27	31.96	87.0	28.32	31.96	86.6	27.82	31.96	90.7	26.18	31.96	106.1
28/06/2018 10:46:55 AM	3612991615	1013.00	28.32	31.95	86.6	28.31	31.95	86.7	27.77	31.95	91.2	26.23	31.95	105.6
28/06/2018 10:46:56 AM	3612991616	1013.00	28.30	31.95	86.8	28.30	31.95	86.8	27.78	31.95	91.1	26.22	31.95	105.7
28/06/2018 10:46:57 AM	3612991617	1013.00	28.31	31.95	86.7	28.35	31.95	86.4	27.81	31.95	90.8	26.22	31.95	105.7
28/06/2018 10:46:58 AM	3612991618	1013.00	28.32	31.95	86.6	28.37	31.95	86.2	27.82	31.95	90.8	26.22	31.95	105.7
28/06/2018 10:46:59 AM	3612991619	1013.00	28.31	31.95	86.7	28.35	31.95	86.4	27.85	31.95	90.5	26.21	31.95	105.8
28/06/2018 10:47:00 AM	3612991620	1013.00	28.34	31.95	86.5	28.38	31.95	86.2	27.81	31.95	90.8	26.21	31.95	105.8
28/06/2018 10:47:01 AM	3612991621	1013.00	28.34	31.95	86.5	28.34	31.95	86.5	27.81	31.95	90.8	26.20	31.95	105.9
28/06/2018 10:47:02 AM	3612991622	1013.00	28.34	31.95	86.5	28.35	31.95	86.4	27.86	31.95	90.4	26.18	31.95	106.1
28/06/2018 10:47:03 AM	3612991623	1013.00	28.37	31.95	86.2	28.31	31.95	86.7	27.81	31.95	90.8	26.23	31.95	105.6
28/06/2018 10:47:04 AM	3612991624	1013.00	28.34	31.96	86.5	28.33	31.96	86.5	27.85	31.96	90.5	26.21	31.96	105.7
28/06/2018 10:47:05 AM	3612991625	1013.00	28.36	31.97	86.3	28.40	31.97	86.0	27.84	31.97	90.6	26.21	31.97	105.7
28/06/2018 10:47:06 AM	3612991626	1013.00	28.37	31.96	86.2	28.35	31.96	86.4	27.87	31.96	90.3	26.23	31.96	105.5
28/06/2018 10:47:07 AM	3612991627	1013.00	28.38	31.97	86.1	28.38	31.97	86.1	27.87	31.97	90.3	26.18	31.97	106.0
28/06/2018 10:47:08 AM	3612991628	1013.00	28.37	31.98	86.2	28.35	31.98	86.3	27.86	31.98	90.4	26.20	31.98	105.8
28/06/2018 10:47:09 AM	3612991629	1013.00	28.35	31.98	86.3	28.38	31.98	86.1	27.87	31.98	90.3	26.22	31.98	105.6
28/06/2018 10:47:10 AM	3612991630	1013.00	28.40	31.98	86.0	28.41	31.98	85.9	27.85	31.98	90.5	26.23	31.98	105.5
28/06/2018 10:47:11 AM	3612991631	1013.00	28.39	31.99	86.0	28.38	31.99	86.1	27.87	31.99	90.3	26.27	31.99	105.1
28/06/2018 10:47:12 AM	3612991632	1013.00	28.38	31.98	86.1	28.42	31.98	85.8	27.88	31.98	90.2	26.24	31.98	105.4
28/06/2018 10:47:13 AM	3612991633	1013.00	28.40	31.98	86.0	28.42	31.98	85.8	27.85	31.98	90.5	26.21	31.98	105.7
28/06/2018 10:47:14 AM	3612991634	1013.00	28.39	31.98	86.0	28.43	31.98	85.7	27.86	31.98	90.4	26.22	31.98	105.6
28/06/2018 10:47:15 AM	3612991635	1013.00	28.38	31.98	86.1	28.38	31.98	86.1	27.88	31.98	90.2	26.23	31.98	105.5
28/06/2018 10:47:16 AM	3612991636	1013.00	28.39	31.98	86.0	28.37	31.98	86.2	27.91	31.98	89.9	26.19	31.98	105.9
28/06/2018 10:47:17 AM	3612991637	1013.00	28.39	31.97	86.0	28.39	31.97	86.0	27.86	31.97	90.4	26.22	31.97	105.6
28/06/2018 10:47:18 AM	3612991638	1013.00	28.40	31.97	86.0	28.39	31.97	86.0	27.89	31.97	90.1	26.22	31.97	105.6
28/06/2018 10:47:19 AM	3612991639	1013.00	28.40	31.97	86.0	28.40	31.97	86.0	27.90	31.97	90.0	26.23	31.97	105.5
28/06/2018 10:47:20 AM	3612991640	1013.00	28.41	31.97	85.9	28.37	31.97	86.2	27.91	31.97	90.0	26.22	31.97	105.6
28/06/2018 10:47:21 AM	3612991641	1013.00	28.44	31.97	85.6	28.43	31.97	85.7	27.90	31.97	90.0	26.21	31.97	105.7
28/06/2018 10:47:22 AM	3612991642	1013.00	28.46	31.97	85.5	28.40	31.97	86.0	27.91	31.97	90.0	26.21	31.97	105.7
28/06/2018 10:47:23 AM	3612991643	1013.00	28.45	31.97	85.6	28.42	31.97	85.8	27.92	31.97	89.9	26.20	31.97	105.8
28/06/2018 10:47:24 AM	3612991644	1013.00	28.46	31.97	85.5	28.48	31.97	85.3	27.92	31.97	89.9	26.22	31.97	105.6
28/06/2018 10:47:25 AM	3612991645	1013.00	28.45	31.97	85.6	28.38	31.97	86.1	27.92	31.97	89.9	26.21	31.97	105.7
28/06/2018 10:47:26 AM	3612991646	1013.00	28.46	31.97	85.5	28.45	31.97	85.6	27.93	31.97	89.8	26.24	31.97	105.4
28/06/2018 10:47:27 AM	3612991647	1013.00	28.46	31.97	85.5	28.45	31.97	85.6	27.87	31.97	90.3	26.20	31.97	105.8
28/06/2018 10:47:28 AM	3612991648	1013.00	28.47	31.97	85.4	28.46	31.97	85.5	27.94	31.97	89.7	26.23	31.97	105.5
28/06/2018 10:47:29 AM	3612991649	1013.00	28.47	31.97	85.4	28.48	31.97	85.3	27.95	31.97	89.6	26.20	31.97	105.8
28/06/2018 10:47:30 AM	3612991650	1013.00	28.46	31.96	85.5	28.45	31.96	85.6	27.96	31.96	89.6	26.22	31.96	105.6
28/06/2018 10:47:31 AM	3612991651	1013.00	28.47	31.97	85.4	28.46	31.97	85.5	27.97	31.97	89.5	26.25	31.97	105.3
28/06/2018 10:47:32 AM	3612991652	1013.00	28.46	31.97	85.5	28.44	31.97	85.6	27.99	31.97	89.3	26.20	31.97	105.8
28/06/2018 10:47:33 AM	3612991653	1013.00	28.49	31.96	85.3	28.46	31.96	85.5	27.95	31.96	89.6	26.24	31.96	105.4
28/06/2018 10:47:34 AM	3612991654	1013.00	28.46	31.97	85.5	28.47	31.97	85.4	27.99	31.97	89.3	26.22	31.97	105.6
28/06/2018 10:47:35 AM	3612991655	1013.00	28.48	31.97	85.3	28.46	31.97	85.5	27.95	31.97	89.6	26.20	31.97	105.8
28/06/2018 10:47:36 AM	3612991656	1013.00	28.50	31.96	85.2	28.46	31.96	85.5	27.98	31.96	89.4	26.20	31.96	105.8
28/06/2018 10:47:37 AM	3612991657	1013.00	28.48	31.97	85.3	28.48	31.97	85.3	27.95	31.97	89.6	26.21	31.97	105.7
28/06/2018 10:47:38 AM	3612991658	1013.00	28.52	31.96	85.0	28.48	31.96	85.3	27.95	31.96	89.6	26.19	31.96	106.0
28/06/2018 10:47:39 AM	3612991659	1013.00	28.51	31.96	85.1	28.48	31.96	85.3	27.98	31.96	89.4	26.23	31.96	105.5
28/06/2018 10:47:40 AM	3612991660	1013.00	28.51	31.96	85.1	28.53	31.96	85.0	27.98	31.96	89.4	26.24	31.96	105.4
28/06/2018 10:47:41 AM	3612991661	1013.00	28.49	31.95	85.3	28.50	31.95	85.2	27.96	31.95	89.6	26.19	31.95	106.0
28/06/2018 10:47:42 AM	3612991662	1013.00	28.51	31.95	85.1	28.48	31.95	85.4	27.96	31.95	89.6	26.21	31.95	105.8
28/06/2018 10:47:43 AM	3612991663	1013.00	28.51	31.96	85.1	28.48	31.96	85.3	27.99	31.96	89.3	26.20	31.96	105.8
28/06/2018 10:47:44 AM	3612991664	1013.00	28.51	31.97	85.1	28.52	31.97	85.0	27.96	31.97	89.5	26.23	31.97	105.5
28/06/2018 10:47:45 AM	3612991665	1013.00	28.51	31.96	85.1	28.40	31.96	86.0	28.02	31.96	89.1	26.20	31.96	105.8
28/06/2018 10:47:46 AM	3612991666	1013.00	28.54	31.97	84.9	28.51	31.97	85.1	27.99	31.97	89.3	26.23	31.97	105.5
28/06/2018 10:47:47 AM	3612991667	1013.00	28.56	31.97	84.7	28.54	31.97	84.9	28.01	31.97	89.1	26.23	31.97	105.5
28/06/2018 10:47:48 AM	3612991668	1013.00	28.53	31.96	85.0	28.49	31.96	85.3	28.00	31.96	89.2	26.21	31.96	105.7
28/06/2018 10:47:49 AM	3612991669	1013.00	28.57	31.96	84.6	28.52	31.96	85.0	27.99	31.96	89.3	26.19	31.96	106.0
28/06/2018 10:47:50 AM	3612991670	1013.00	28.58	31.95	84.6	28.46	31.95	85.5	28.04	31.95	88.9	26.21	31.95	105.8
28/06/2018 10:47:51 AM	3612991671	1013.00	28.56	31.94	84.8	28.54	31.94	84.9	28.02	31.94	89.1	26.22	31.94	105.7
28/06/2018 10:47:52 AM	3612991672	1013.00	28.58	31.95	84.6	28.53	31.95	85.0	28.04	31.95	88.9	26.19	31.95	106.0
28/06/2018 10:47:53 AM	3612991673	1013.00	28.60	31.94	84.4	28.62	31.94	84.3	28.02	31.94	89.1	26.23	31.94	105.6
28/06/2018 10:47:54 AM	3612991674	1013.00	28.59	31.94	84.5	28.58	31.94	84.6	27.99	31.94	89.3	26.17	31.94	106.2
28/06/2018 10:47:55 AM	3612991675	1013.00	28.60	31.95	84.4	28.53	31.95	85.0	28.07	31.95	88.7	26.24	31.95	105.5
28/06/2018 10:47:56 AM	3612991676	1013.00	28.61	31.94	84.4	28.50	31.94	85.2	28.03	31.94	89.0	26.23	31.94	105.6
28/06/2018 10:47:57 AM	3612991677	1013.00	28.61	31.93	84.4	28.62	31.93	84.3	28.02	31.93	89.1	26.20	31.93	105.9
28/06/2018 10:47:58 AM	3612991678	1013.00	28.60	31.93	84.5	28.55	31.93	84.8	28.04	31.93	88.9	26.20	31.93	105.9
28/06/2018 10:47:59 AM	3612991679	1013.00	28.62	31.93	84.3	28.56	31.93	84.8	28.04	31.93	88.9	26.25	31.93	105.4
28/06/2018 10:48:00 AM	3612991680	1013.00	28.62	31.93	84.3	28.57	31.93	84.7	28.04	31.93	88.9	26.22	31.93	105.7
28/06/2018 10:48:01 AM	3612991681	1013.00	28.61	31.95	84.3	28.56	31.95	84.7	28.05	31.95	88.8	26.19	31.95	106.0
28/06/2018 10:48:02 AM	3612991682	1013.00	28.62	31.96	84.3	28.56	31.96	84.7	28.00	31.96	89.2	26.19	31.96	106.0
28/06/2018 10:48:03 AM	3612991683	1013.00	28.63	31.98	84.1	28.55	31.98	84.8	28.02	31.98	89.0	26.23	31.98	105.5
28/06/2018 10:48:04 AM	3612991684	1013.00	28.64	32.00	84.0	28.55	32.00	84.7	28.07	32.00	88.6	26.21	32.00	105.7
28/06/2018 10:48:05 AM	3612991685	1013.00	28.64	32.03	84.0	28.56	32.03	84.6	28.02	32.03	89.0	26.21	32.03	105.6
28/06/2018 10:48:06 AM	3612991686	1013.00	28.64	32.05	84.0	28.61	32.05	84.2	28.03	32.05	88.8	26.21	32.05	105.6
28/06/2018 10:48:07 AM	3612991687	1013.00	28.65	32.06	83.9	28.59	32.06	84.3	28.00	32.06	89.1	26.21	32.06	105.6
28/06/2018 10:48:08 AM	3612991688	1013.00	28.66	32.06	83.8	28.61	32.06	84.2	28.06	32.06	88.6	26.22	32.06	105.5
28/06/2018 10:48:09 AM	3612991689	1013.00	28.66	32.07	83.8	28.61	32.07	84.2	28.07	32.07	88.5	26.22	32.07	105.4
28/06/2018 10:48:10 AM	3612991690	1013.00	28.65	32.08	83.9	28.60	32.08	84.2	28.04	32.08	88.7	26.21	32.08	105.5
28/06/2018 10:48:11 AM	3612991691	1013.00	28.63	32.09	84.0	28.59	32.09	84.3	28.05	32.09	88.6	26.23	32.09	105.3
28/06/2018 10:48:12 AM	3612991692	1013.00	28.65	32.10	83.8	28.62	32.10	84.1	28.06	32.10	88.5	26.23	32.10	105.3
28/06/2018 10:48:13 AM	3612991693	1013.00	28.67	32.11	83.7	28.61	32.11	84.1	28.04	32.11	88.7	26.24	32.11	105.2
28/06/2018 10:48:14 AM	3612991694	1013.00	28.67	32.11	83.7	28.62	32.11	84.0	28.04	32.11	88.7	26.23	32.11	105.3
28/06/2018 10:48:15 AM	3612991695	1013.00	28.65	32.12	83.8	28.58	32.12	84.3	28.05	32.12	88.6	26.21	32.12	105.5
28/06/2018 10:48:16 AM	3612991696	1013.00	28.69	32.12	83.5	28.64	32.12	83.9	28.05	32.12	88.6	26.19	32.12	105.7
28/06/2018 10:48:17 AM	3612991697	1013.00	28.67	32.12	83.6	28.58	32.12	84.3	28.08	32.12	88.3	26.25	32.12	105.0
28/06/2018 10:48:18 AM	3612991698	1013.00	28.67	32.12	83.6	28.66	32.12	83.7	28.00	32.12	89.0	26.23	32.12	105.3
28/06/2018 10:48:19 AM	3612991699	1013.00	28.66	32.13	83.7	28.63	32.13	83.9	28.03	32.13	88.7	26.24	32.13	105.1
28/06/2018 10:48:20 AM	3612991700	1013.00	28.66	32.12	83.7	28.58	32.12	84.3	28.05	32.12	88.6	26.23	32.12	105.3
28/06/2018 10:48:21 AM	3612991701	1013.00	28.65	32.12	83.8	28.58	32.12	84.3	28.07	32.12	88.4	26.22	32.12	105.4
28/06/2018 10:48:22 AM	3612991702	1013.00	28.69	32.12	83.5	28.67	32.12	83.6	28.12	32.12	88.0	26.21	32.12	105.5
28/06/2018 10:48:23 AM	3612991703	1013.00	28.71	32.13	83.3	28.67	32.13	83.6	28.07	32.13	88.4	26.23	32.13	105.2
28/06/2018 10:48:24 AM	3612991704	1013.00	28.70	32.13	83.4	28.60	32.13	84.2	28.12	32.13	88.0	26.22	32.13	105.3
28/06/2018 10:48:25 AM	3612991705	1013.00	28.69	32.13	83.5	28.64	32.13	83.9	28.11	32.13	88.1	26.21	32.13	105.4
28/06/2018 10:48:26 AM	3612991706	1013.00	28.72	32.13	83.2	28.66	32.13	83.7	28.13	32.13	87.9	26.23	32.13	105.2
28/06/2018 10:48:27 AM	3612991707	1013.00	28.73	32.12	83.2	28.70	32.12	83.4	28.13	32.12	87.9	26.23	32.12	105.3
28/06/2018 10:48:28 AM	3612991708	1013.00	28.70	32.12	83.4	28.67	32.12	83.6	28.13	32.12	87.9	26.23	32.12	105.3
28/06/2018 10:48:29 AM	3612991709	1013.00	28.76	32.12	83.0	28.68	32.12	83.6	28.16	32.12	87.7	26.19	32.12	105.7
28/06/2018 10:48:30 AM	3612991710	1013.00	28.76	32.13	82.9	28.69	32.13	83.5	28.11	32.13	88.1	26.24	32.13	105.1
28/06/2018 10:48:31 AM	3612991711	1013.00	28.72	32.13	83.2	28.71	32.13	83.3	28.08	32.13	88.3	26.21	32.13	105.4
28/06/2018 10:48:32 AM	3612991712	1013.00	28.75	32.13	83.0	28.70	32.13	83.4	28.11	32.13	88.1	26.22	32.13	105.3
28/06/2018 10:48:33 AM	3612991713	1013.00	28.74	32.15	83.1	28.68	32.15	83.5	28.15	32.15	87.7	26.26	32.15	104.9
28/06/2018 10:48:34 AM	3612991714	1013.00	28.77	32.14	82.8	28.70	32.14	83.4	28.10	32.14	88.1	26.22	32.14	105.3
28/06/2018 10:48:35 AM	3612991715	1013.00	28.77	32.14	82.8	28.72	32.14	83.2	28.13	32.14	87.9	26.22	32.14	105.3
28/06/2018 10:48:36 AM	3612991716	1013.00	28.76	32.14	82.9	28.70	32.14	83.4	28.13	32.14	87.9	26.23	32.14	105.2
28/06/2018 10:48:37 AM	3612991717	1013.00	28.75	32.14	83.0	28.70	32.14	83.4	28.11	32.14	88.0	26.20	32.14	105.5
28/06/2018 10:48:38 AM	3612991718	1013.00	28.76	32.13	82.9	28.71	32.13	83.3	28.12	32.13	88.0	26.24	32.13	105.1
28/06/2018 10:48:39 AM	3612991719	1013.00	28.76	32.13	82.9	28.67	32.13	83.6	28.17	32.13	87.6	26.21	32.13	105.4
28/06/2018 10:48:40 AM	3612991720	1013.00	28.77	32.14	82.8	28.71	32.14	83.3	28.13	32.14	87.9	26.22	32.14	105.3
28/06/2018 10:48:41 AM	3612991721	1013.00	28.79	32.13	82.7	28.72	32.13	83.2	28.12	32.13	88.0	26.25	32.13	105.0
28/06/2018 10:48:42 AM	3612991722	1013.00	28.79	32.13	82.7	28.69	32.13	83.5	28.15	32.13	87.7	26.24	32.13	105.1
28/06/2018 10:48:43 AM	3612991723	1013.00	28.77	32.13	82.9	28.73	32.13	83.2	28.17	32.13	87.6	26.19	32.13	105.6
28/06/2018 10:48:44 AM	3612991724	1013.00	28.80	32.12	82.6	28.78	32.12	82.8	28.16	32.12	87.7	26.23	32.12	105.3
28/06/2018 10:48:45 AM	3612991725	1013.00	28.81	32.12	82.6	28.79	32.12	82.7	28.15	32.12	87.8	26.22	32.12	105.4
28/06/2018 10:48:46 AM	3612991726	1013.00	28.82	32.12	82.5	28.75	32.12	83.0	28.15	32.12	87.8	26.21	32.12	105.5
28/06/2018 10:48:47 AM	3612991727	1013.00	28.83	32.12	82.4	28.75	32.12	83.0	28.15	32.12	87.8	26.25	32.12	105.0
28/06/2018 10:48:48 AM	3612991728	1013.00	28.82	32.12	82.5	28.76	32.12	83.0	28.14	32.12	87.8	26.21	32.12	105.5
28/06/2018 10:48:49 AM	3612991729	1013.00	28.83	32.12	82.4	28.77	32.12	82.9	28.14	32.12	87.8	26.22	32.12	105.4
28/06/2018 10:48:50 AM	3612991730	1013.00	28.81	32.12	82.6	28.80	32.12	82.6	28.14	32.12	87.8	26.22	32.12	105.4
28/06/2018 10:48:51 AM	3612991731	1013.00	28.82	32.12	82.5	28.81	32.12	82.6	28.15	32.12	87.8	26.22	32.12	105.4
28/06/2018 10:48:52 AM	3612991732	1013.00	28.84	32.13	82.3	28.79	32.13	82.7	28.18	32.13	87.5	26.23	32.13	105.2
28/06/2018 10:48:53 AM	3612991733	1013.00	28.85	32.12	82.3	28.82	32.12	82.5	28.18	32.12	87.5	26.24	32.12	105.2
28/06/2018 10:48:54 AM	3612991734	1013.00	28.85	32.12	82.3	28.81	32.12	82.6	28.19	32.12	87.4	26.21	32.12	105.5
28/06/2018 10:48:55 AM	3612991735	1013.00	28.85	32.13	82.3	28.80	32.13	82.6	28.18	32.13	87.5	26.24	32.13	105.1
28/06/2018 10:48:56 AM	3612991736	1013.00	28.86	32.13	82.2	28.84	32.13	82.3	28.25	32.13	86.9	26.21	32.13	105.4
28/06/2018 10:48:57 AM	3612991737	1013.00	28.85	32.14	82.2	28.78	32.14	82.8	28.25	32.14	86.9	26.24	32.14	105.1
28/06/2018 10:48:58 AM	3612991738	1013.00	28.86	32.15	82.2	28.81	32.15	82.5	28.24	32.15	87.0	26.19	32.15	105.6
28/06/2018 10:48:59 AM	3612991739	1013.00	28.90	32.15	81.9	28.83	32.15	82.4	28.25	32.15	86.9	26.22	32.15	105.3
28/06/2018 10:49:00 AM	3612991740	1013.00	28.87	32.15	82.1	28.87	32.15	82.1	28.22	32.15	87.1	26.23	32.15	105.2
28/06/2018 10:49:01 AM	3612991741	1013.00	28.87	32.15	82.1	28.79	32.15	82.7	28.19	32.15	87.4	26.23	32.15	105.2
28/06/2018 10:49:02 AM	3612991742	1013.00	28.87	32.14	82.1	28.82	32.14	82.5	28.20	32.14	87.3	26.22	32.14	105.3
28/06/2018 10:49:03 AM	3612991743	1013.00	28.86	32.14	82.2	28.85	32.14	82.2	28.23	32.14	87.1	26.21	32.14	105.4
28/06/2018 10:49:04 AM	3612991744	1013.00	28.88	32.14	82.0	28.86	32.14	82.2	28.20	32.14	87.3	26.22	32.14	105.3
28/06/2018 10:49:05 AM	3612991745	1013.00	28.90	32.14	81.9	28.86	32.14	82.2	28.22	32.14	87.2	26.23	32.14	105.2
28/06/2018 10:49:06 AM	3612991746	1013.00	28.89	32.14	81.9	28.83	32.14	82.4	28.23	32.14	87.1	26.25	32.14	105.0
28/06/2018 10:49:07 AM	3612991747	1013.00	28.88	32.15	82.0	28.82	32.15	82.5	28.20	32.15	87.3	26.24	32.15	105.1
28/06/2018 10:49:08 AM	3612991748	1013.00	28.88	32.15	82.0	28.83	32.15	82.4	28.23	32.15	87.1	26.24	32.15	105.1
28/06/2018 10:49:09 AM	3612991749	1013.00	28.90	32.16	81.8	28.85	32.16	82.2	28.24	32.16	87.0	26.24	32.16	105.1
28/06/2018 10:49:10 AM	3612991750	1013.00	28.88	32.15	82.0	28.86	32.15	82.2	28.19	32.15	87.4	26.24	32.15	105.1
28/06/2018 10:49:11 AM	3612991751	1013.00	28.92	32.15	81.7	28.86	32.15	82.2	28.27	32.15	86.7	26.24	32.15	105.1
28/06/2018 10:49:12 AM	3612991752	1013.00	28.91	32.15	81.8	28.82	32.15	82.5	28.25	32.15	86.9	26.22	32.15	105.3
28/06/2018 10:49:13 AM	3612991753	1013.00	28.96	32.15	81.4	28.83	32.15	82.4	28.28	32.15	86.7	26.24	32.15	105.1
28/06/2018 10:49:14 AM	3612991754	1013.00	28.93	32.15	81.6	28.84	32.15	82.3	28.29	32.15	86.6	26.22	32.15	105.3
28/06/2018 10:49:15 AM	3612991755	1013.00	28.91	32.15	81.8	28.86	32.15	82.2	28.26	32.15	86.8	26.23	32.15	105.2
28/06/2018 10:49:16 AM	3612991756	1013.00	28.92	32.15	81.7	28.88	32.15	82.0	28.27	32.15	86.7	26.22	32.15	105.3
28/06/2018 10:49:17 AM	3612991757	1013.00	28.93	32.15	81.6	28.90	32.15	81.9	28.29	32.15	86.6	26.21	32.15	105.4
28/06/2018 10:49:18 AM	3612991758	1013.00	28.97	32.14	81.3	28.82	32.14	82.5	28.27	32.14	86.8	26.22	32.14	105.3
28/06/2018 10:49:19 AM	3612991759	1013.00	28.93	32.14	81.6	28.91	32.14	81.8	28.32	32.14	86.4	26.21	32.14	105.4
28/06/2018 10:49:20 AM	3612991760	1013.00	28.96	32.15	81.4	28.91	32.15	81.8	28.30	32.15	86.5	26.22	32.15	105.3
28/06/2018 10:49:21 AM	3612991761	1013.00	28.97	32.15	81.3	28.92	32.15	81.7	28.28	32.15	86.7	26.24	32.15	105.1
28/06/2018 10:49:22 AM	3612991762	1013.00	28.98	32.15	81.3	28.92	32.15	81.7	28.35	32.15	86.1	26.25	32.15	105.0
28/06/2018 10:49:23 AM	3612991763	1013.00	28.95	32.16	81.5	28.90	32.16	81.8	28.35	32.16	86.1	26.19	32.16	105.6
28/06/2018 10:49:24 AM	3612991764	1013.00	28.95	32.16	81.5	28.90	32.16	81.8	28.35	32.16	86.1	26.23	32.16	105.2
28/06/2018 10:49:25 AM	3612991765	1013.00	28.97	32.15	81.3	28.87	32.15	82.1	28.35	32.15	86.1	26.27	32.15	104.8
28/06/2018 10:49:26 AM	3612991766	1013.00	28.97	32.15	81.3	28.86	32.15	82.2	28.31	32.15	86.4	26.22	32.15	105.3
28/06/2018 10:49:27 AM	3612991767	1013.00	28.99	32.15	81.2	28.95	32.15	81.5	28.37	32.15	85.9	26.22	32.15	105.3
28/06/2018 10:49:28 AM	3612991768	1013.00	28.96	32.15	81.4	28.88	32.15	82.0	28.31	32.15	86.4	26.23	32.15	105.2
28/06/2018 10:49:29 AM	3612991769	1013.00	28.99	32.14	81.2	28.93	32.14	81.6	28.34	32.14	86.2	26.20	32.14	105.5
