Date & time of file creation	20/06/2018 1:56 PM													
Data file path	C:\Users\ameli\Desktop\Diego Barneche\20_06_2018\26_C_new_witrox_15.txt													
														
														
CALIBRATION DATA														
Parameter/Channel	N moving average	LO phase [r.U.]	HI phase [r.U.]	LO oxygen [%air saturation]	HI oxygen [%air saturation]	LO temperature [°C]	HI temperature [°C]	Salinity [‰]						
SDWD0003000199      , CH 1	1	59.43	26.91	0.00	100.00	25.93	26.00	0.000						
SDWD0003000199      , CH 2	1	59.43	26.91	0.00	100.00	25.93	26.00	0.000						
SDWD0003000199      , CH 3	1	59.43	26.91	0.00	100.00	25.93	26.00	0.000						
SDWD0003000199      , CH 4	1	59.43	26.91	0.00	100.00	25.93	26.00	0.000						
														
														
Date &Time [DD-MM-YYYY HH:MM:SS]	Time stamp code	Barometric pressure [hPa]	SDWD0003000199      , CH 1 phase [r.U.]	SDWD0003000199      , CH 1 temp [°C]	SDWD0003000199      , CH 1 O2 [% air saturation]	SDWD0003000199      , CH 2 phase [r.U.]	SDWD0003000199      , CH 2 temp [°C]	SDWD0003000199      , CH 2 O2 [% air saturation]	SDWD0003000199      , CH 3 phase [r.U.]	SDWD0003000199      , CH 3 temp [°C]	SDWD0003000199      , CH 3 O2 [% air saturation]	SDWD0003000199      , CH 4 phase [r.U.]	SDWD0003000199      , CH 4 temp [°C]	SDWD0003000199      , CH 4 O2 [% air saturation]
20/06/2018 1:56:57 PM	3612311817	1013.00	27.75	25.97	92.4	27.46	25.97	95.0	27.18	25.97	97.5	27.03	25.97	98.9
20/06/2018 1:56:58 PM	3612311818	1013.00	27.76	25.97	92.3	27.45	25.97	95.1	27.22	25.97	97.1	26.97	25.97	99.5
20/06/2018 1:56:59 PM	3612311819	1013.00	27.78	25.97	92.2	27.46	25.97	95.0	27.19	25.97	97.4	26.99	25.97	99.3
20/06/2018 1:57:00 PM	3612311820	1013.00	27.76	25.97	92.3	27.49	25.97	94.7	27.16	25.97	97.7	26.93	25.97	99.9
20/06/2018 1:57:01 PM	3612311821	1013.00	27.76	25.97	92.3	27.49	25.97	94.7	27.16	25.97	97.7	26.93	25.97	99.9
20/06/2018 1:57:02 PM	3612311822	1013.00	27.76	25.98	92.3	27.52	25.98	94.4	27.22	25.98	97.1	26.94	25.98	99.7
20/06/2018 1:57:03 PM	3612311823	1013.00	27.79	25.98	92.1	27.44	25.98	95.1	27.14	25.98	97.9	27.05	25.98	98.7
20/06/2018 1:57:04 PM	3612311824	1013.00	27.82	25.97	91.8	27.49	25.97	94.7	27.23	25.97	97.1	27.08	25.97	98.4
20/06/2018 1:57:05 PM	3612311825	1013.00	27.74	25.97	92.5	27.46	25.97	95.0	27.19	25.97	97.4	26.98	25.97	99.4
20/06/2018 1:57:06 PM	3612311826	1013.00	27.78	25.97	92.2	27.42	25.97	95.3	27.22	25.97	97.1	26.98	25.97	99.4
20/06/2018 1:57:07 PM	3612311827	1013.00	27.77	25.97	92.3	27.46	25.97	95.0	27.18	25.97	97.5	26.94	25.97	99.8
20/06/2018 1:57:08 PM	3612311828	1013.00	27.72	25.97	92.7	27.46	25.97	95.0	27.20	25.97	97.3	26.96	25.97	99.6
20/06/2018 1:57:09 PM	3612311829	1013.00	27.74	25.98	92.5	27.46	25.98	95.0	27.15	25.98	97.8	27.00	25.98	99.2
20/06/2018 1:57:10 PM	3612311830	1013.00	27.74	25.98	92.5	27.51	25.98	94.5	27.20	25.98	97.3	27.01	25.98	99.1
20/06/2018 1:57:11 PM	3612311831	1013.00	27.79	25.97	92.1	27.52	25.97	94.4	27.14	25.97	97.9	26.99	25.97	99.3
20/06/2018 1:57:12 PM	3612311832	1013.00	27.76	25.97	92.3	27.44	25.97	95.2	27.21	25.97	97.2	27.05	25.97	98.7
20/06/2018 1:57:13 PM	3612311833	1013.00	27.76	25.97	92.3	27.44	25.97	95.2	27.21	25.97	97.2	27.05	25.97	98.7
20/06/2018 1:57:14 PM	3612311834	1013.00	27.77	25.97	92.3	27.47	25.97	94.9	27.23	25.97	97.1	26.98	25.97	99.4
20/06/2018 1:57:15 PM	3612311835	1013.00	27.74	25.97	92.5	27.41	25.97	95.4	27.19	25.97	97.4	26.99	25.97	99.3
20/06/2018 1:57:16 PM	3612311836	1013.00	27.83	25.98	91.7	27.44	25.98	95.1	27.18	25.98	97.5	27.01	25.98	99.1
20/06/2018 1:57:17 PM	3612311837	1013.00	27.76	25.98	92.3	27.48	25.98	94.8	27.17	25.98	97.6	26.98	25.98	99.4
20/06/2018 1:57:18 PM	3612311838	1013.00	27.79	25.98	92.1	27.47	25.98	94.9	27.15	25.98	97.8	26.96	25.98	99.6
20/06/2018 1:57:19 PM	3612311839	1013.00	27.78	25.98	92.2	27.44	25.98	95.1	27.18	25.98	97.5	26.94	25.98	99.7
20/06/2018 1:57:20 PM	3612311840	1013.00	27.78	25.98	92.2	27.45	25.98	95.0	27.18	25.98	97.5	27.04	25.98	98.8
20/06/2018 1:57:21 PM	3612311841	1013.00	27.80	25.97	92.0	27.46	25.97	95.0	27.19	25.97	97.4	26.98	25.97	99.4
20/06/2018 1:57:22 PM	3612311842	1013.00	27.80	25.97	92.0	27.46	25.97	95.0	27.19	25.97	97.4	26.98	25.97	99.4
20/06/2018 1:57:23 PM	3612311843	1013.00	27.81	25.97	91.9	27.49	25.97	94.7	27.16	25.97	97.7	26.93	25.97	99.9
20/06/2018 1:57:24 PM	3612311844	1013.00	27.80	25.97	92.0	27.44	25.97	95.2	27.16	25.97	97.7	26.99	25.97	99.3
20/06/2018 1:57:25 PM	3612311845	1013.00	27.80	25.97	92.0	27.44	25.97	95.2	27.16	25.97	97.7	26.99	25.97	99.3
20/06/2018 1:57:26 PM	3612311846	1013.00	27.72	25.97	92.7	27.44	25.97	95.2	27.22	25.97	97.1	26.99	25.97	99.3
20/06/2018 1:57:27 PM	3612311847	1013.00	27.74	25.98	92.5	27.51	25.98	94.5	27.19	25.98	97.4	27.02	25.98	99.0
20/06/2018 1:57:28 PM	3612311848	1013.00	27.79	25.97	92.1	27.49	25.97	94.7	27.18	25.97	97.5	27.07	25.97	98.5
20/06/2018 1:57:29 PM	3612311849	1013.00	27.79	25.97	92.1	27.48	25.97	94.8	27.19	25.97	97.4	26.98	25.97	99.4
20/06/2018 1:57:30 PM	3612311850	1013.00	27.77	25.97	92.3	27.46	25.97	95.0	27.17	25.97	97.6	27.00	25.97	99.2
20/06/2018 1:57:31 PM	3612311851	1013.00	27.78	25.97	92.2	27.50	25.97	94.6	27.21	25.97	97.2	27.00	25.97	99.2
20/06/2018 1:57:32 PM	3612311852	1013.00	27.77	25.97	92.3	27.45	25.97	95.1	27.21	25.97	97.2	26.94	25.97	99.8
20/06/2018 1:57:33 PM	3612311853	1013.00	27.77	25.97	92.3	27.45	25.97	95.1	27.21	25.97	97.2	26.94	25.97	99.8
20/06/2018 1:57:34 PM	3612311854	1013.00	27.79	25.97	92.1	27.52	25.97	94.4	27.16	25.97	97.7	27.03	25.97	98.9
20/06/2018 1:57:35 PM	3612311855	1013.00	27.83	25.97	91.7	27.52	25.97	94.4	27.18	25.97	97.5	27.03	25.97	98.9
20/06/2018 1:57:36 PM	3612311856	1013.00	27.77	25.97	92.3	27.47	25.97	94.9	27.17	25.97	97.6	27.01	25.97	99.1
20/06/2018 1:57:37 PM	3612311857	1013.00	27.79	25.98	92.1	27.49	25.98	94.7	27.17	25.98	97.6	27.01	25.98	99.1
20/06/2018 1:57:38 PM	3612311858	1013.00	27.79	25.98	92.1	27.51	25.98	94.5	27.17	25.98	97.6	27.01	25.98	99.1
20/06/2018 1:57:39 PM	3612311859	1013.00	27.79	25.98	92.1	27.50	25.98	94.6	27.20	25.98	97.3	27.01	25.98	99.1
20/06/2018 1:57:40 PM	3612311860	1013.00	27.83	25.98	91.7	27.44	25.98	95.1	27.17	25.98	97.6	27.03	25.98	98.9
20/06/2018 1:57:41 PM	3612311861	1013.00	27.76	25.98	92.3	27.50	25.98	94.6	27.19	25.98	97.4	27.02	25.98	99.0
20/06/2018 1:57:42 PM	3612311862	1013.00	27.80	25.97	92.0	27.48	25.97	94.8	27.16	25.97	97.7	27.00	25.97	99.2
20/06/2018 1:57:43 PM	3612311863	1013.00	27.80	25.97	92.0	27.48	25.97	94.8	27.16	25.97	97.7	27.00	25.97	99.2
20/06/2018 1:57:44 PM	3612311864	1013.00	27.79	25.97	92.1	27.46	25.97	95.0	27.18	25.97	97.5	26.99	25.97	99.3
20/06/2018 1:57:45 PM	3612311865	1013.00	27.79	25.97	92.1	27.46	25.97	95.0	27.18	25.97	97.5	26.99	25.97	99.3
20/06/2018 1:57:46 PM	3612311866	1013.00	27.75	25.98	92.4	27.49	25.98	94.7	27.16	25.98	97.7	27.02	25.98	99.0
20/06/2018 1:57:47 PM	3612311867	1013.00	27.77	25.97	92.3	27.46	25.97	95.0	27.16	25.97	97.7	27.08	25.97	98.4
20/06/2018 1:57:48 PM	3612311868	1013.00	27.75	25.97	92.4	27.47	25.97	94.9	27.20	25.97	97.3	27.00	25.97	99.2
20/06/2018 1:57:49 PM	3612311869	1013.00	27.84	25.97	91.7	27.49	25.97	94.7	27.18	25.97	97.5	27.05	25.97	98.7
20/06/2018 1:57:50 PM	3612311870	1013.00	27.80	25.98	92.0	27.47	25.98	94.9	27.18	25.98	97.5	27.06	25.98	98.6
20/06/2018 1:57:51 PM	3612311871	1013.00	27.79	25.98	92.1	27.50	25.98	94.6	27.16	25.98	97.7	27.05	25.98	98.7
20/06/2018 1:57:52 PM	3612311872	1013.00	27.76	25.98	92.3	27.50	25.98	94.6	27.21	25.98	97.2	27.08	25.98	98.4
20/06/2018 1:57:53 PM	3612311873	1013.00	27.76	25.98	92.3	27.50	25.98	94.6	27.15	25.98	97.8	27.06	25.98	98.6
20/06/2018 1:57:54 PM	3612311874	1013.00	27.83	25.98	91.7	27.51	25.98	94.5	27.15	25.98	97.8	27.06	25.98	98.6
20/06/2018 1:57:55 PM	3612311875	1013.00	27.79	25.98	92.1	27.53	25.98	94.3	27.18	25.98	97.5	27.01	25.98	99.1
20/06/2018 1:57:56 PM	3612311876	1013.00	27.77	25.98	92.2	27.47	25.98	94.9	27.21	25.98	97.2	27.02	25.98	99.0
20/06/2018 1:57:57 PM	3612311877	1013.00	27.77	25.98	92.2	27.47	25.98	94.9	27.21	25.98	97.2	27.02	25.98	99.0
20/06/2018 1:57:58 PM	3612311878	1013.00	27.79	25.98	92.1	27.46	25.98	95.0	27.23	25.98	97.0	27.04	25.98	98.8
20/06/2018 1:57:59 PM	3612311879	1013.00	27.77	25.98	92.2	27.50	25.98	94.6	27.14	25.98	97.9	27.02	25.98	99.0
20/06/2018 1:58:00 PM	3612311880	1013.00	27.83	25.98	91.7	27.44	25.98	95.1	27.20	25.98	97.3	27.08	25.98	98.4
20/06/2018 1:58:01 PM	3612311881	1013.00	27.80	25.98	92.0	27.49	25.98	94.7	27.21	25.98	97.2	27.08	25.98	98.4
20/06/2018 1:58:02 PM	3612311882	1013.00	27.82	25.98	91.8	27.50	25.98	94.6	27.24	25.98	96.9	27.06	25.98	98.6
20/06/2018 1:58:03 PM	3612311883	1013.00	27.81	25.98	91.9	27.44	25.98	95.1	27.19	25.98	97.4	27.10	25.98	98.2
20/06/2018 1:58:04 PM	3612311884	1013.00	27.79	25.98	92.1	27.53	25.98	94.3	27.19	25.98	97.4	27.04	25.98	98.8
20/06/2018 1:58:05 PM	3612311885	1013.00	27.79	25.98	92.1	27.53	25.98	94.3	27.19	25.98	97.4	27.04	25.98	98.8
20/06/2018 1:58:06 PM	3612311886	1013.00	27.81	25.98	91.9	27.52	25.98	94.4	27.23	25.98	97.0	27.07	25.98	98.5
20/06/2018 1:58:07 PM	3612311887	1013.00	27.77	25.97	92.3	27.50	25.97	94.6	27.19	25.97	97.4	27.10	25.97	98.3
20/06/2018 1:58:08 PM	3612311888	1013.00	27.78	25.97	92.2	27.47	25.97	94.9	27.19	25.97	97.4	27.05	25.97	98.7
20/06/2018 1:58:09 PM	3612311889	1013.00	27.81	25.98	91.9	27.48	25.98	94.8	27.19	25.98	97.4	27.10	25.98	98.2
20/06/2018 1:58:10 PM	3612311890	1013.00	27.78	25.98	92.2	27.50	25.98	94.6	27.14	25.98	97.9	27.01	25.98	99.1
20/06/2018 1:58:11 PM	3612311891	1013.00	27.80	25.98	92.0	27.52	25.98	94.4	27.17	25.98	97.6	27.04	25.98	98.8
20/06/2018 1:58:12 PM	3612311892	1013.00	27.83	25.98	91.7	27.49	25.98	94.7	27.16	25.98	97.7	27.09	25.98	98.3
20/06/2018 1:58:13 PM	3612311893	1013.00	27.82	25.98	91.8	27.52	25.98	94.4	27.19	25.98	97.4	27.13	25.98	98.0
20/06/2018 1:58:14 PM	3612311894	1013.00	27.79	25.98	92.1	27.52	25.98	94.4	27.22	25.98	97.1	27.12	25.98	98.1
20/06/2018 1:58:15 PM	3612311895	1013.00	27.82	25.98	91.8	27.47	25.98	94.9	27.17	25.98	97.6	27.05	25.98	98.7
20/06/2018 1:58:16 PM	3612311896	1013.00	27.80	25.98	92.0	27.49	25.98	94.7	27.15	25.98	97.8	27.03	25.98	98.9
20/06/2018 1:58:17 PM	3612311897	1013.00	27.80	25.98	92.0	27.49	25.98	94.7	27.15	25.98	97.8	27.03	25.98	98.9
20/06/2018 1:58:18 PM	3612311898	1013.00	27.84	25.99	91.6	27.50	25.99	94.6	27.22	25.99	97.1	27.05	25.99	98.7
20/06/2018 1:58:19 PM	3612311899	1013.00	27.81	25.99	91.9	27.60	25.99	93.7	27.21	25.99	97.2	27.07	25.99	98.5
20/06/2018 1:58:20 PM	3612311900	1013.00	27.81	25.99	91.9	27.50	25.99	94.6	27.19	25.99	97.4	27.11	25.99	98.1
20/06/2018 1:58:21 PM	3612311901	1013.00	27.85	25.99	91.5	27.50	25.99	94.6	27.17	25.99	97.6	27.10	25.99	98.2
20/06/2018 1:58:22 PM	3612311902	1013.00	27.82	25.99	91.8	27.47	25.99	94.9	27.21	25.99	97.2	27.07	25.99	98.5
20/06/2018 1:58:23 PM	3612311903	1013.00	27.85	25.99	91.5	27.50	25.99	94.6	27.19	25.99	97.4	27.12	25.99	98.0
20/06/2018 1:58:24 PM	3612311904	1013.00	27.82	25.98	91.8	27.47	25.98	94.9	27.25	25.98	96.9	27.08	25.98	98.4
20/06/2018 1:58:25 PM	3612311905	1013.00	27.82	25.98	91.8	27.47	25.98	94.9	27.25	25.98	96.9	27.08	25.98	98.4
20/06/2018 1:58:26 PM	3612311906	1013.00	27.84	25.98	91.6	27.52	25.98	94.4	27.27	25.98	96.7	27.13	25.98	98.0
20/06/2018 1:58:27 PM	3612311907	1013.00	27.79	25.98	92.1	27.51	25.98	94.5	27.18	25.98	97.5	27.11	25.98	98.2
20/06/2018 1:58:28 PM	3612311908	1013.00	27.82	25.98	91.8	27.51	25.98	94.5	27.25	25.98	96.9	27.16	25.98	97.7
20/06/2018 1:58:29 PM	3612311909	1013.00	27.82	25.98	91.8	27.51	25.98	94.5	27.25	25.98	96.9	27.16	25.98	97.7
20/06/2018 1:58:30 PM	3612311910	1013.00	27.84	25.99	91.6	27.54	25.99	94.2	27.19	25.99	97.4	27.06	25.99	98.6
20/06/2018 1:58:31 PM	3612311911	1013.00	27.82	25.99	91.8	27.60	25.99	93.7	27.15	25.99	97.8	27.13	25.99	97.9
20/06/2018 1:58:32 PM	3612311912	1013.00	27.84	25.99	91.6	27.53	25.99	94.3	27.25	25.99	96.8	27.13	25.99	97.9
20/06/2018 1:58:33 PM	3612311913	1013.00	27.84	25.99	91.6	27.51	25.99	94.5	27.16	25.99	97.7	27.13	25.99	97.9
20/06/2018 1:58:34 PM	3612311914	1013.00	27.81	25.98	91.9	27.56	25.98	94.1	27.25	25.98	96.9	27.15	25.98	97.8
20/06/2018 1:58:35 PM	3612311915	1013.00	27.82	25.98	91.8	27.51	25.98	94.5	27.22	25.98	97.1	27.12	25.98	98.1
20/06/2018 1:58:36 PM	3612311916	1013.00	27.84	25.98	91.6	27.49	25.98	94.7	27.17	25.98	97.6	27.14	25.98	97.9
20/06/2018 1:58:37 PM	3612311917	1013.00	27.84	25.98	91.6	27.49	25.98	94.7	27.17	25.98	97.6	27.14	25.98	97.9
20/06/2018 1:58:38 PM	3612311918	1013.00	27.86	25.98	91.5	27.53	25.98	94.3	27.25	25.98	96.9	27.15	25.98	97.8
20/06/2018 1:58:39 PM	3612311919	1013.00	27.83	25.98	91.7	27.55	25.98	94.2	27.19	25.98	97.4	27.08	25.98	98.4
20/06/2018 1:58:40 PM	3612311920	1013.00	27.83	25.99	91.7	27.50	25.99	94.6	27.19	25.99	97.4	27.12	25.99	98.0
20/06/2018 1:58:41 PM	3612311921	1013.00	27.87	25.99	91.4	27.52	25.99	94.4	27.22	25.99	97.1	27.17	25.99	97.6
20/06/2018 1:58:42 PM	3612311922	1013.00	27.82	25.98	91.8	27.52	25.98	94.4	27.20	25.98	97.3	27.11	25.98	98.2
20/06/2018 1:58:43 PM	3612311923	1013.00	27.82	25.98	91.8	27.47	25.98	94.9	27.21	25.98	97.2	27.12	25.98	98.1
20/06/2018 1:58:44 PM	3612311924	1013.00	27.86	25.98	91.5	27.50	25.98	94.6	27.20	25.98	97.3	27.19	25.98	97.4
20/06/2018 1:58:45 PM	3612311925	1013.00	27.83	25.98	91.7	27.51	25.98	94.5	27.19	25.98	97.4	27.16	25.98	97.7
20/06/2018 1:58:46 PM	3612311926	1013.00	27.83	25.98	91.7	27.51	25.98	94.5	27.19	25.98	97.4	27.16	25.98	97.7
20/06/2018 1:58:47 PM	3612311927	1013.00	27.83	25.98	91.7	27.52	25.98	94.4	27.25	25.98	96.9	27.17	25.98	97.6
20/06/2018 1:58:48 PM	3612311928	1013.00	27.84	25.99	91.6	27.49	25.99	94.7	27.27	25.99	96.7	27.16	25.99	97.7
20/06/2018 1:58:49 PM	3612311929	1013.00	27.84	25.99	91.6	27.49	25.99	94.7	27.27	25.99	96.7	27.16	25.99	97.7
20/06/2018 1:58:50 PM	3612311930	1013.00	27.91	25.99	91.0	27.47	25.99	94.9	27.22	25.99	97.1	27.14	25.99	97.9
20/06/2018 1:58:51 PM	3612311931	1013.00	27.86	25.99	91.4	27.54	25.99	94.2	27.21	25.99	97.2	27.16	25.99	97.7
20/06/2018 1:58:52 PM	3612311932	1013.00	27.83	25.99	91.7	27.52	25.99	94.4	27.24	25.99	96.9	27.19	25.99	97.4
20/06/2018 1:58:53 PM	3612311933	1013.00	27.85	25.99	91.5	27.52	25.99	94.4	27.25	25.99	96.8	27.22	25.99	97.1
20/06/2018 1:58:54 PM	3612311934	1013.00	27.84	25.99	91.6	27.49	25.99	94.7	27.20	25.99	97.3	27.18	25.99	97.5
20/06/2018 1:58:55 PM	3612311935	1013.00	27.81	25.99	91.9	27.55	25.99	94.1	27.20	25.99	97.3	27.21	25.99	97.2
20/06/2018 1:58:56 PM	3612311936	1013.00	27.88	25.98	91.3	27.53	25.98	94.3	27.25	25.98	96.9	27.20	25.98	97.3
20/06/2018 1:58:57 PM	3612311937	1013.00	27.88	25.98	91.3	27.53	25.98	94.3	27.25	25.98	96.9	27.20	25.98	97.3
20/06/2018 1:58:58 PM	3612311938	1013.00	27.84	25.98	91.6	27.50	25.98	94.6	27.26	25.98	96.8	27.22	25.98	97.1
20/06/2018 1:58:59 PM	3612311939	1013.00	27.87	25.98	91.4	27.52	25.98	94.4	27.21	25.98	97.2	27.21	25.98	97.2
20/06/2018 1:59:00 PM	3612311940	1013.00	27.90	25.98	91.1	27.48	25.98	94.8	27.27	25.98	96.7	27.16	25.98	97.7
20/06/2018 1:59:01 PM	3612311941	1013.00	27.85	25.98	91.6	27.56	25.98	94.1	27.21	25.98	97.2	27.22	25.98	97.1
20/06/2018 1:59:02 PM	3612311942	1013.00	27.88	25.98	91.3	27.55	25.98	94.2	27.20	25.98	97.3	27.20	25.98	97.3
20/06/2018 1:59:03 PM	3612311943	1013.00	27.89	25.98	91.2	27.53	25.98	94.3	27.22	25.98	97.1	27.20	25.98	97.3
20/06/2018 1:59:04 PM	3612311944	1013.00	27.82	25.98	91.8	27.52	25.98	94.4	27.22	25.98	97.1	27.16	25.98	97.7
20/06/2018 1:59:05 PM	3612311945	1013.00	27.86	25.98	91.5	27.55	25.98	94.2	27.20	25.98	97.3	27.20	25.98	97.3
20/06/2018 1:59:06 PM	3612311946	1013.00	27.83	25.98	91.7	27.56	25.98	94.1	27.23	25.98	97.0	27.25	25.98	96.9
20/06/2018 1:59:07 PM	3612311947	1013.00	27.83	25.98	91.7	27.56	25.98	94.1	27.23	25.98	97.0	27.25	25.98	96.9
20/06/2018 1:59:08 PM	3612311948	1013.00	27.90	25.99	91.1	27.53	25.99	94.3	27.26	25.99	96.7	27.25	25.99	96.8
20/06/2018 1:59:09 PM	3612311949	1013.00	27.90	25.99	91.1	27.53	25.99	94.3	27.26	25.99	96.7	27.25	25.99	96.8
20/06/2018 1:59:10 PM	3612311950	1013.00	27.86	25.99	91.4	27.51	25.99	94.5	27.21	25.99	97.2	27.21	25.99	97.2
20/06/2018 1:59:11 PM	3612311951	1013.00	27.87	25.99	91.4	27.54	25.99	94.2	27.23	25.99	97.0	27.15	25.99	97.8
20/06/2018 1:59:12 PM	3612311952	1013.00	27.88	25.99	91.3	27.50	25.99	94.6	27.27	25.99	96.7	27.23	25.99	97.0
20/06/2018 1:59:13 PM	3612311953	1013.00	27.86	25.98	91.5	27.54	25.98	94.2	27.21	25.98	97.2	27.25	25.98	96.9
20/06/2018 1:59:14 PM	3612311954	1013.00	27.88	25.98	91.3	27.52	25.98	94.4	27.27	25.98	96.7	27.22	25.98	97.1
20/06/2018 1:59:15 PM	3612311955	1013.00	27.90	25.98	91.1	27.53	25.98	94.3	27.24	25.98	96.9	27.21	25.98	97.2
20/06/2018 1:59:16 PM	3612311956	1013.00	27.86	25.98	91.5	27.55	25.98	94.2	27.20	25.98	97.3	27.22	25.98	97.1
20/06/2018 1:59:17 PM	3612311957	1013.00	27.90	25.98	91.1	27.56	25.98	94.1	27.28	25.98	96.6	27.28	25.98	96.6
20/06/2018 1:59:18 PM	3612311958	1013.00	27.89	25.98	91.2	27.56	25.98	94.1	27.19	25.98	97.4	27.24	25.98	96.9
20/06/2018 1:59:19 PM	3612311959	1013.00	27.90	25.98	91.1	27.52	25.98	94.4	27.26	25.98	96.8	27.26	25.98	96.8
20/06/2018 1:59:20 PM	3612311960	1013.00	27.85	25.98	91.6	27.56	25.98	94.1	27.22	25.98	97.1	27.27	25.98	96.7
20/06/2018 1:59:21 PM	3612311961	1013.00	27.85	25.98	91.6	27.56	25.98	94.1	27.22	25.98	97.1	27.27	25.98	96.7
20/06/2018 1:59:22 PM	3612311962	1013.00	27.90	25.97	91.1	27.56	25.97	94.1	27.25	25.97	96.9	27.21	25.97	97.2
20/06/2018 1:59:23 PM	3612311963	1013.00	27.92	25.97	91.0	27.55	25.97	94.2	27.23	25.97	97.1	27.24	25.97	97.0
20/06/2018 1:59:24 PM	3612311964	1013.00	27.92	25.97	91.0	27.54	25.97	94.3	27.25	25.97	96.9	27.23	25.97	97.1
20/06/2018 1:59:25 PM	3612311965	1013.00	27.89	25.98	91.2	27.55	25.98	94.2	27.28	25.98	96.6	27.23	25.98	97.0
20/06/2018 1:59:26 PM	3612311966	1013.00	27.89	25.98	91.2	27.57	25.98	94.0	27.26	25.98	96.8	27.29	25.98	96.5
20/06/2018 1:59:27 PM	3612311967	1013.00	27.92	25.98	91.0	27.54	25.98	94.2	27.25	25.98	96.9	27.21	25.98	97.2
20/06/2018 1:59:28 PM	3612311968	1013.00	27.92	25.98	91.0	27.54	25.98	94.2	27.25	25.98	96.9	27.21	25.98	97.2
20/06/2018 1:59:29 PM	3612311969	1013.00	27.91	25.98	91.0	27.58	25.98	93.9	27.21	25.98	97.2	27.17	25.98	97.6
20/06/2018 1:59:30 PM	3612311970	1013.00	27.88	25.97	91.3	27.51	25.97	94.5	27.22	25.97	97.1	27.28	25.97	96.6
20/06/2018 1:59:31 PM	3612311971	1013.00	27.90	25.97	91.1	27.61	25.97	93.6	27.19	25.97	97.4	27.28	25.97	96.6
20/06/2018 1:59:32 PM	3612311972	1013.00	27.89	25.97	91.2	27.58	25.97	93.9	27.19	25.97	97.4	27.23	25.97	97.1
20/06/2018 1:59:33 PM	3612311973	1013.00	27.91	25.98	91.0	27.61	25.98	93.6	27.24	25.98	96.9	27.24	25.98	96.9
20/06/2018 1:59:34 PM	3612311974	1013.00	27.97	25.98	90.5	27.54	25.98	94.2	27.24	25.98	96.9	27.30	25.98	96.4
20/06/2018 1:59:35 PM	3612311975	1013.00	27.90	25.98	91.1	27.53	25.98	94.3	27.28	25.98	96.6	27.18	25.98	97.5
20/06/2018 1:59:36 PM	3612311976	1013.00	27.90	25.98	91.1	27.57	25.98	94.0	27.31	25.98	96.3	27.31	25.98	96.3
20/06/2018 1:59:37 PM	3612311977	1013.00	27.96	25.98	90.6	27.55	25.98	94.2	27.27	25.98	96.7	27.24	25.98	96.9
20/06/2018 1:59:38 PM	3612311978	1013.00	27.96	25.98	90.6	27.57	25.98	94.0	27.27	25.98	96.7	27.25	25.98	96.9
20/06/2018 1:59:39 PM	3612311979	1013.00	27.89	25.98	91.2	27.56	25.98	94.1	27.30	25.98	96.4	27.29	25.98	96.5
20/06/2018 1:59:40 PM	3612311980	1013.00	27.94	25.98	90.8	27.54	25.98	94.2	27.32	25.98	96.2	27.26	25.98	96.8
20/06/2018 1:59:41 PM	3612311981	1013.00	27.94	25.98	90.8	27.54	25.98	94.2	27.32	25.98	96.2	27.26	25.98	96.8
20/06/2018 1:59:42 PM	3612311982	1013.00	27.94	25.98	90.8	27.58	25.98	93.9	27.21	25.98	97.2	27.32	25.98	96.2
20/06/2018 1:59:43 PM	3612311983	1013.00	27.94	25.98	90.8	27.57	25.98	94.0	27.27	25.98	96.7	27.28	25.98	96.6
20/06/2018 1:59:44 PM	3612311984	1013.00	27.91	25.98	91.0	27.58	25.98	93.9	27.25	25.98	96.9	27.31	25.98	96.3
20/06/2018 1:59:45 PM	3612311985	1013.00	27.90	25.98	91.1	27.60	25.98	93.7	27.24	25.98	96.9	27.30	25.98	96.4
20/06/2018 1:59:46 PM	3612311986	1013.00	27.94	25.98	90.8	27.59	25.98	93.8	27.28	25.98	96.6	27.33	25.98	96.1
20/06/2018 1:59:47 PM	3612311987	1013.00	27.93	25.97	90.9	27.57	25.97	94.0	27.28	25.97	96.6	27.31	25.97	96.3
20/06/2018 1:59:48 PM	3612311988	1013.00	27.94	25.97	90.8	27.57	25.97	94.0	27.23	25.97	97.1	27.34	25.97	96.1
20/06/2018 1:59:49 PM	3612311989	1013.00	27.94	25.97	90.8	27.57	25.97	94.0	27.23	25.97	97.1	27.34	25.97	96.1
20/06/2018 1:59:50 PM	3612311990	1013.00	27.96	25.97	90.6	27.58	25.97	93.9	27.26	25.97	96.8	27.35	25.97	96.0
20/06/2018 1:59:51 PM	3612311991	1013.00	27.92	25.97	91.0	27.60	25.97	93.7	27.23	25.97	97.1	27.37	25.97	95.8
20/06/2018 1:59:52 PM	3612311992	1013.00	27.95	25.97	90.7	27.60	25.97	93.7	27.29	25.97	96.5	27.32	25.97	96.2
20/06/2018 1:59:53 PM	3612311993	1013.00	27.94	25.97	90.8	27.57	25.97	94.0	27.23	25.97	97.1	27.33	25.97	96.1
20/06/2018 1:59:54 PM	3612311994	1013.00	27.93	25.97	90.9	27.56	25.97	94.1	27.27	25.97	96.7	27.33	25.97	96.1
20/06/2018 1:59:55 PM	3612311995	1013.00	27.98	25.97	90.5	27.63	25.97	93.5	27.24	25.97	97.0	27.31	25.97	96.3
20/06/2018 1:59:56 PM	3612311996	1013.00	27.93	25.97	90.9	27.57	25.97	94.0	27.28	25.97	96.6	27.29	25.97	96.5
20/06/2018 1:59:57 PM	3612311997	1013.00	27.91	25.97	91.1	27.56	25.97	94.1	27.29	25.97	96.5	27.39	25.97	95.6
20/06/2018 1:59:58 PM	3612311998	1013.00	27.95	25.97	90.7	27.61	25.97	93.6	27.24	25.97	97.0	27.33	25.97	96.1
20/06/2018 1:59:59 PM	3612311999	1013.00	27.94	25.97	90.8	27.57	25.97	94.0	27.23	25.97	97.1	27.35	25.97	96.0
20/06/2018 2:00:00 PM	3612312000	1013.00	27.94	25.98	90.8	27.57	25.98	94.0	27.25	25.98	96.9	27.36	25.98	95.9
20/06/2018 2:00:01 PM	3612312001	1013.00	27.94	25.98	90.8	27.57	25.98	94.0	27.25	25.98	96.9	27.36	25.98	95.9
20/06/2018 2:00:02 PM	3612312002	1013.00	27.96	25.97	90.6	27.65	25.97	93.3	27.25	25.97	96.9	27.35	25.97	96.0
20/06/2018 2:00:03 PM	3612312003	1013.00	27.96	25.97	90.6	27.58	25.97	93.9	27.23	25.97	97.1	27.36	25.97	95.9
20/06/2018 2:00:04 PM	3612312004	1013.00	27.94	25.97	90.8	27.59	25.97	93.8	27.27	25.97	96.7	27.42	25.97	95.3
20/06/2018 2:00:05 PM	3612312005	1013.00	28.01	25.97	90.2	27.54	25.97	94.3	27.26	25.97	96.8	27.40	25.97	95.5
20/06/2018 2:00:06 PM	3612312006	1013.00	27.94	25.96	90.8	27.60	25.96	93.7	27.23	25.96	97.1	27.35	25.96	96.0
20/06/2018 2:00:07 PM	3612312007	1013.00	27.97	25.97	90.5	27.59	25.97	93.8	27.26	25.97	96.8	27.33	25.97	96.1
20/06/2018 2:00:08 PM	3612312008	1013.00	27.92	25.97	91.0	27.61	25.97	93.6	27.29	25.97	96.5	27.34	25.97	96.1
20/06/2018 2:00:09 PM	3612312009	1013.00	27.94	25.97	90.8	27.60	25.97	93.7	27.27	25.97	96.7	27.35	25.97	96.0
20/06/2018 2:00:10 PM	3612312010	1013.00	27.94	25.97	90.8	27.60	25.97	93.7	27.27	25.97	96.7	27.35	25.97	96.0
20/06/2018 2:00:11 PM	3612312011	1013.00	27.95	25.97	90.7	27.62	25.97	93.6	27.25	25.97	96.9	27.42	25.97	95.3
20/06/2018 2:00:12 PM	3612312012	1013.00	27.93	25.97	90.9	27.56	25.97	94.1	27.27	25.97	96.7	27.33	25.97	96.1
20/06/2018 2:00:13 PM	3612312013	1013.00	27.93	25.97	90.9	27.56	25.97	94.1	27.27	25.97	96.7	27.33	25.97	96.1
20/06/2018 2:00:14 PM	3612312014	1013.00	27.95	25.97	90.7	27.62	25.97	93.6	27.32	25.97	96.2	27.41	25.97	95.4
20/06/2018 2:00:15 PM	3612312015	1013.00	27.98	25.97	90.5	27.56	25.97	94.1	27.32	25.97	96.2	27.35	25.97	96.0
20/06/2018 2:00:16 PM	3612312016	1013.00	27.95	25.97	90.7	27.56	25.97	94.1	27.25	25.97	96.9	27.38	25.97	95.7
20/06/2018 2:00:17 PM	3612312017	1013.00	28.01	25.97	90.2	27.57	25.97	94.0	27.31	25.97	96.3	27.44	25.97	95.2
20/06/2018 2:00:18 PM	3612312018	1013.00	27.96	25.97	90.6	27.62	25.97	93.6	27.29	25.97	96.5	27.43	25.97	95.2
20/06/2018 2:00:19 PM	3612312019	1013.00	27.96	25.97	90.6	27.56	25.97	94.1	27.29	25.97	96.5	27.42	25.97	95.3
20/06/2018 2:00:20 PM	3612312020	1013.00	27.92	25.96	91.0	27.58	25.96	93.9	27.30	25.96	96.4	27.43	25.96	95.3
20/06/2018 2:00:21 PM	3612312021	1013.00	27.92	25.96	91.0	27.58	25.96	93.9	27.30	25.96	96.4	27.43	25.96	95.3
20/06/2018 2:00:22 PM	3612312022	1013.00	27.94	25.96	90.8	27.62	25.96	93.6	27.28	25.96	96.6	27.42	25.96	95.3
20/06/2018 2:00:23 PM	3612312023	1013.00	27.99	25.97	90.4	27.58	25.97	93.9	27.33	25.97	96.1	27.44	25.97	95.2
20/06/2018 2:00:24 PM	3612312024	1013.00	27.97	25.96	90.6	27.62	25.96	93.6	27.30	25.96	96.4	27.39	25.96	95.6
20/06/2018 2:00:25 PM	3612312025	1013.00	27.98	25.97	90.5	27.61	25.97	93.6	27.28	25.97	96.6	27.45	25.97	95.1
20/06/2018 2:00:26 PM	3612312026	1013.00	27.97	25.96	90.6	27.58	25.96	93.9	27.34	25.96	96.1	27.40	25.96	95.5
20/06/2018 2:00:27 PM	3612312027	1013.00	27.98	25.96	90.5	27.60	25.96	93.7	27.27	25.96	96.7	27.43	25.96	95.3
20/06/2018 2:00:28 PM	3612312028	1013.00	27.99	25.96	90.4	27.57	25.96	94.0	27.29	25.96	96.5	27.41	25.96	95.4
20/06/2018 2:00:29 PM	3612312029	1013.00	28.03	25.96	90.1	27.59	25.96	93.8	27.28	25.96	96.6	27.44	25.96	95.2
20/06/2018 2:00:30 PM	3612312030	1013.00	27.98	25.96	90.5	27.65	25.96	93.3	27.28	25.96	96.6	27.46	25.96	95.0
20/06/2018 2:00:31 PM	3612312031	1013.00	27.98	25.96	90.5	27.65	25.96	93.3	27.28	25.96	96.6	27.46	25.96	95.0
20/06/2018 2:00:32 PM	3612312032	1013.00	28.00	25.96	90.3	27.62	25.96	93.6	27.29	25.96	96.5	27.44	25.96	95.2
20/06/2018 2:00:33 PM	3612312033	1013.00	28.00	25.96	90.3	27.62	25.96	93.6	27.29	25.96	96.5	27.44	25.96	95.2
20/06/2018 2:00:34 PM	3612312034	1013.00	27.99	25.96	90.4	27.60	25.96	93.7	27.28	25.96	96.6	27.43	25.96	95.3
20/06/2018 2:00:35 PM	3612312035	1013.00	27.99	25.96	90.4	27.68	25.96	93.0	27.32	25.96	96.3	27.41	25.96	95.4
20/06/2018 2:00:36 PM	3612312036	1013.00	28.01	25.96	90.2	27.65	25.96	93.3	27.26	25.96	96.8	27.42	25.96	95.3
20/06/2018 2:00:37 PM	3612312037	1013.00	28.02	25.96	90.1	27.64	25.96	93.4	27.30	25.96	96.4	27.50	25.96	94.6
20/06/2018 2:00:38 PM	3612312038	1013.00	27.98	25.96	90.5	27.57	25.96	94.0	27.30	25.96	96.4	27.44	25.96	95.2
20/06/2018 2:00:39 PM	3612312039	1013.00	28.01	25.96	90.2	27.62	25.96	93.6	27.28	25.96	96.6	27.45	25.96	95.1
20/06/2018 2:00:40 PM	3612312040	1013.00	28.01	25.96	90.2	27.57	25.96	94.0	27.30	25.96	96.4	27.47	25.96	94.9
20/06/2018 2:00:41 PM	3612312041	1013.00	28.00	25.96	90.3	27.58	25.96	93.9	27.31	25.96	96.3	27.42	25.96	95.3
20/06/2018 2:00:42 PM	3612312042	1013.00	28.02	25.96	90.1	27.61	25.96	93.7	27.31	25.96	96.3	27.43	25.96	95.3
20/06/2018 2:00:43 PM	3612312043	1013.00	28.03	25.96	90.1	27.64	25.96	93.4	27.34	25.96	96.1	27.42	25.96	95.3
20/06/2018 2:00:44 PM	3612312044	1013.00	28.04	25.96	90.0	27.67	25.96	93.1	27.30	25.96	96.4	27.47	25.96	94.9
20/06/2018 2:00:45 PM	3612312045	1013.00	28.04	25.96	90.0	27.67	25.96	93.1	27.30	25.96	96.4	27.47	25.96	94.9
20/06/2018 2:00:46 PM	3612312046	1013.00	28.05	25.96	89.9	27.63	25.96	93.5	27.32	25.96	96.3	27.48	25.96	94.8
20/06/2018 2:00:47 PM	3612312047	1013.00	28.00	25.95	90.3	27.64	25.95	93.4	27.31	25.95	96.4	27.50	25.95	94.7
20/06/2018 2:00:48 PM	3612312048	1013.00	28.02	25.95	90.2	27.64	25.95	93.4	27.31	25.95	96.4	27.54	25.95	94.3
20/06/2018 2:00:49 PM	3612312049	1013.00	28.00	25.95	90.3	27.62	25.95	93.6	27.33	25.95	96.2	27.46	25.95	95.0
20/06/2018 2:00:50 PM	3612312050	1013.00	28.06	25.95	89.8	27.61	25.95	93.7	27.31	25.95	96.4	27.46	25.95	95.0
20/06/2018 2:00:51 PM	3612312051	1013.00	28.05	25.95	89.9	27.63	25.95	93.5	27.33	25.95	96.2	27.50	25.95	94.7
20/06/2018 2:00:52 PM	3612312052	1013.00	28.05	25.95	89.9	27.63	25.95	93.5	27.33	25.95	96.2	27.50	25.95	94.7
20/06/2018 2:00:53 PM	3612312053	1013.00	28.06	25.95	89.8	27.64	25.95	93.4	27.33	25.95	96.2	27.49	25.95	94.7
20/06/2018 2:00:54 PM	3612312054	1013.00	28.04	25.96	90.0	27.60	25.96	93.7	27.31	25.96	96.3	27.47	25.96	94.9
20/06/2018 2:00:55 PM	3612312055	1013.00	28.04	25.95	90.0	27.64	25.95	93.4	27.31	25.95	96.4	27.49	25.95	94.7
20/06/2018 2:00:56 PM	3612312056	1013.00	28.01	25.96	90.2	27.62	25.96	93.6	27.32	25.96	96.3	27.54	25.96	94.3
20/06/2018 2:00:57 PM	3612312057	1013.00	28.06	25.96	89.8	27.65	25.96	93.3	27.31	25.96	96.3	27.49	25.96	94.7
20/06/2018 2:00:58 PM	3612312058	1013.00	28.05	25.95	89.9	27.62	25.95	93.6	27.31	25.95	96.4	27.46	25.95	95.0
20/06/2018 2:00:59 PM	3612312059	1013.00	28.03	25.95	90.1	27.66	25.95	93.2	27.34	25.95	96.1	27.52	25.95	94.5
20/06/2018 2:01:00 PM	3612312060	1013.00	28.02	25.95	90.2	27.66	25.95	93.2	27.36	25.95	95.9	27.56	25.95	94.1
20/06/2018 2:01:01 PM	3612312061	1013.00	28.05	25.95	89.9	27.60	25.95	93.8	27.33	25.95	96.2	27.55	25.95	94.2
20/06/2018 2:01:02 PM	3612312062	1013.00	28.07	25.95	89.7	27.66	25.95	93.2	27.32	25.95	96.3	27.51	25.95	94.6
20/06/2018 2:01:03 PM	3612312063	1013.00	28.06	25.95	89.8	27.68	25.95	93.1	27.28	25.95	96.6	27.46	25.95	95.0
20/06/2018 2:01:04 PM	3612312064	1013.00	28.05	25.95	89.9	27.67	25.95	93.2	27.32	25.95	96.3	27.51	25.95	94.6
20/06/2018 2:01:05 PM	3612312065	1013.00	28.05	25.95	89.9	27.67	25.95	93.2	27.32	25.95	96.3	27.51	25.95	94.6
20/06/2018 2:01:06 PM	3612312066	1013.00	28.03	25.95	90.1	27.69	25.95	93.0	27.36	25.95	95.9	27.53	25.95	94.4
20/06/2018 2:01:07 PM	3612312067	1013.00	28.06	25.95	89.8	27.63	25.95	93.5	27.40	25.95	95.5	27.53	25.95	94.4
20/06/2018 2:01:08 PM	3612312068	1013.00	28.10	25.95	89.5	27.70	25.95	92.9	27.33	25.95	96.2	27.51	25.95	94.6
20/06/2018 2:01:09 PM	3612312069	1013.00	28.03	25.95	90.1	27.67	25.95	93.2	27.30	25.95	96.5	27.55	25.95	94.2
20/06/2018 2:01:10 PM	3612312070	1013.00	28.09	25.95	89.6	27.68	25.95	93.1	27.29	25.95	96.5	27.46	25.95	95.0
20/06/2018 2:01:11 PM	3612312071	1013.00	28.05	25.95	89.9	27.66	25.95	93.2	27.40	25.95	95.5	27.52	25.95	94.5
20/06/2018 2:01:12 PM	3612312072	1013.00	28.06	25.95	89.8	27.66	25.95	93.2	27.33	25.95	96.2	27.53	25.95	94.4
20/06/2018 2:01:13 PM	3612312073	1013.00	28.06	25.95	89.8	27.66	25.95	93.2	27.33	25.95	96.2	27.53	25.95	94.4
20/06/2018 2:01:14 PM	3612312074	1013.00	28.11	25.95	89.4	27.70	25.95	92.9	27.38	25.95	95.7	27.56	25.95	94.1
20/06/2018 2:01:15 PM	3612312075	1013.00	28.06	25.95	89.8	27.69	25.95	93.0	27.30	25.95	96.5	27.56	25.95	94.1
20/06/2018 2:01:16 PM	3612312076	1013.00	28.06	25.95	89.8	27.67	25.95	93.2	27.40	25.95	95.5	27.58	25.95	93.9
20/06/2018 2:01:17 PM	3612312077	1013.00	28.09	25.95	89.6	27.67	25.95	93.2	27.40	25.95	95.5	27.55	25.95	94.2
20/06/2018 2:01:18 PM	3612312078	1013.00	28.08	25.95	89.7	27.61	25.95	93.7	27.37	25.95	95.8	27.54	25.95	94.3
20/06/2018 2:01:19 PM	3612312079	1013.00	28.07	25.95	89.7	27.67	25.95	93.2	27.35	25.95	96.0	27.50	25.95	94.7
20/06/2018 2:01:20 PM	3612312080	1013.00	28.08	25.95	89.7	27.65	25.95	93.3	27.35	25.95	96.0	27.56	25.95	94.1
20/06/2018 2:01:21 PM	3612312081	1013.00	28.08	25.95	89.7	27.67	25.95	93.2	27.35	25.95	96.0	27.54	25.95	94.3
20/06/2018 2:01:22 PM	3612312082	1013.00	28.06	25.95	89.8	27.69	25.95	93.0	27.35	25.95	96.0	27.59	25.95	93.9
20/06/2018 2:01:23 PM	3612312083	1013.00	28.05	25.95	89.9	27.73	25.95	92.6	27.36	25.95	95.9	27.50	25.95	94.7
20/06/2018 2:01:24 PM	3612312084	1013.00	28.05	25.95	89.9	27.68	25.95	93.1	27.38	25.95	95.7	27.54	25.95	94.3
20/06/2018 2:01:25 PM	3612312085	1013.00	28.05	25.95	89.9	27.68	25.95	93.1	27.38	25.95	95.7	27.54	25.95	94.3
20/06/2018 2:01:26 PM	3612312086	1013.00	28.09	25.94	89.6	27.68	25.94	93.1	27.34	25.94	96.1	27.51	25.94	94.6
20/06/2018 2:01:27 PM	3612312087	1013.00	28.08	25.94	89.7	27.77	25.94	92.3	27.33	25.94	96.2	27.56	25.94	94.1
20/06/2018 2:01:28 PM	3612312088	1013.00	28.04	25.94	90.0	27.68	25.94	93.1	27.35	25.94	96.0	27.56	25.94	94.1
20/06/2018 2:01:29 PM	3612312089	1013.00	28.09	25.95	89.6	27.66	25.95	93.2	27.41	25.95	95.5	27.55	25.95	94.2
20/06/2018 2:01:30 PM	3612312090	1013.00	28.07	25.95	89.7	27.64	25.95	93.4	27.40	25.95	95.5	27.63	25.95	93.5
20/06/2018 2:01:31 PM	3612312091	1013.00	28.09	25.95	89.6	27.67	25.95	93.2	27.37	25.95	95.8	27.59	25.95	93.9
20/06/2018 2:01:32 PM	3612312092	1013.00	28.08	25.95	89.7	27.69	25.95	93.0	27.35	25.95	96.0	27.63	25.95	93.5
20/06/2018 2:01:33 PM	3612312093	1013.00	28.12	25.95	89.3	27.65	25.95	93.3	27.33	25.95	96.2	27.59	25.95	93.9
20/06/2018 2:01:34 PM	3612312094	1013.00	28.12	25.95	89.3	27.65	25.95	93.3	27.33	25.95	96.2	27.59	25.95	93.9
20/06/2018 2:01:35 PM	3612312095	1013.00	28.08	25.95	89.7	27.67	25.95	93.2	27.39	25.95	95.6	27.57	25.95	94.0
20/06/2018 2:01:36 PM	3612312096	1013.00	28.14	25.94	89.2	27.69	25.94	93.0	27.37	25.94	95.8	27.56	25.94	94.1
20/06/2018 2:01:37 PM	3612312097	1013.00	28.14	25.94	89.2	27.69	25.94	93.0	27.37	25.94	95.8	27.56	25.94	94.1
20/06/2018 2:01:38 PM	3612312098	1013.00	28.11	25.94	89.4	27.70	25.94	92.9	27.41	25.94	95.5	27.54	25.94	94.3
20/06/2018 2:01:39 PM	3612312099	1013.00	28.11	25.94	89.4	27.66	25.94	93.3	27.40	25.94	95.6	27.62	25.94	93.6
20/06/2018 2:01:40 PM	3612312100	1013.00	28.13	25.94	89.3	27.69	25.94	93.0	27.44	25.94	95.2	27.63	25.94	93.5
20/06/2018 2:01:41 PM	3612312101	1013.00	28.08	25.94	89.7	27.73	25.94	92.6	27.44	25.94	95.2	27.58	25.94	94.0
20/06/2018 2:01:42 PM	3612312102	1013.00	28.13	25.94	89.3	27.70	25.94	92.9	27.46	25.94	95.0	27.62	25.94	93.6
20/06/2018 2:01:43 PM	3612312103	1013.00	28.12	25.94	89.3	27.77	25.94	92.3	27.39	25.94	95.7	27.55	25.94	94.2
20/06/2018 2:01:44 PM	3612312104	1013.00	28.12	25.95	89.3	27.68	25.95	93.1	27.37	25.95	95.8	27.58	25.95	93.9
20/06/2018 2:01:45 PM	3612312105	1013.00	28.12	25.95	89.3	27.68	25.95	93.1	27.37	25.95	95.8	27.58	25.95	93.9
20/06/2018 2:01:46 PM	3612312106	1013.00	28.14	25.95	89.2	27.73	25.95	92.6	27.40	25.95	95.5	27.63	25.95	93.5
20/06/2018 2:01:47 PM	3612312107	1013.00	28.13	25.95	89.2	27.72	25.95	92.7	27.38	25.95	95.7	27.61	25.95	93.7
20/06/2018 2:01:48 PM	3612312108	1013.00	28.14	25.95	89.2	27.72	25.95	92.7	27.42	25.95	95.4	27.58	25.95	93.9
20/06/2018 2:01:49 PM	3612312109	1013.00	28.14	25.95	89.2	27.68	25.95	93.1	27.37	25.95	95.8	27.55	25.95	94.2
20/06/2018 2:01:50 PM	3612312110	1013.00	28.16	25.94	89.0	27.69	25.94	93.0	27.41	25.94	95.5	27.62	25.94	93.6
20/06/2018 2:01:51 PM	3612312111	1013.00	28.11	25.95	89.4	27.71	25.95	92.8	27.43	25.95	95.3	27.60	25.95	93.8
20/06/2018 2:01:52 PM	3612312112	1013.00	28.13	25.95	89.2	27.69	25.95	93.0	27.37	25.95	95.8	27.59	25.95	93.9
20/06/2018 2:01:53 PM	3612312113	1013.00	28.15	25.95	89.1	27.69	25.95	93.0	27.38	25.95	95.7	27.63	25.95	93.5
20/06/2018 2:01:54 PM	3612312114	1013.00	28.16	25.95	89.0	27.74	25.95	92.5	27.45	25.95	95.1	27.68	25.95	93.1
20/06/2018 2:01:55 PM	3612312115	1013.00	28.16	25.95	89.0	27.74	25.95	92.5	27.45	25.95	95.1	27.68	25.95	93.1
20/06/2018 2:01:56 PM	3612312116	1013.00	28.12	25.94	89.3	27.74	25.94	92.6	27.41	25.94	95.5	27.64	25.94	93.4
20/06/2018 2:01:57 PM	3612312117	1013.00	28.12	25.94	89.3	27.74	25.94	92.6	27.41	25.94	95.5	27.64	25.94	93.4
20/06/2018 2:01:58 PM	3612312118	1013.00	28.15	25.94	89.1	27.74	25.94	92.6	27.46	25.94	95.0	27.58	25.94	94.0
20/06/2018 2:01:59 PM	3612312119	1013.00	28.14	25.94	89.2	27.71	25.94	92.8	27.43	25.94	95.3	27.66	25.94	93.3
20/06/2018 2:02:00 PM	3612312120	1013.00	28.12	25.94	89.3	27.74	25.94	92.6	27.41	25.94	95.5	27.60	25.94	93.8
20/06/2018 2:02:01 PM	3612312121	1013.00	28.10	25.94	89.5	27.75	25.94	92.5	27.44	25.94	95.2	27.63	25.94	93.5
20/06/2018 2:02:02 PM	3612312122	1013.00	28.13	25.94	89.3	27.78	25.94	92.2	27.45	25.94	95.1	27.66	25.94	93.3
20/06/2018 2:02:03 PM	3612312123	1013.00	28.17	25.94	88.9	27.74	25.94	92.6	27.43	25.94	95.3	27.67	25.94	93.2
20/06/2018 2:02:04 PM	3612312124	1013.00	28.17	25.94	88.9	27.74	25.94	92.6	27.43	25.94	95.3	27.64	25.94	93.4
20/06/2018 2:02:05 PM	3612312125	1013.00	28.12	25.94	89.3	27.70	25.94	92.9	27.44	25.94	95.2	27.67	25.94	93.2
20/06/2018 2:02:06 PM	3612312126	1013.00	28.13	25.94	89.3	27.77	25.94	92.3	27.40	25.94	95.6	27.62	25.94	93.6
20/06/2018 2:02:07 PM	3612312127	1013.00	28.12	25.94	89.3	27.74	25.94	92.6	27.44	25.94	95.2	27.63	25.94	93.5
20/06/2018 2:02:08 PM	3612312128	1013.00	28.12	25.94	89.3	27.75	25.94	92.5	27.44	25.94	95.2	27.66	25.94	93.3
20/06/2018 2:02:09 PM	3612312129	1013.00	28.12	25.94	89.3	27.75	25.94	92.5	27.44	25.94	95.2	27.66	25.94	93.3
20/06/2018 2:02:10 PM	3612312130	1013.00	28.21	25.95	88.6	27.72	25.95	92.7	27.37	25.95	95.8	27.68	25.95	93.1
20/06/2018 2:02:11 PM	3612312131	1013.00	28.18	25.95	88.8	27.79	25.95	92.1	27.47	25.95	94.9	27.66	25.95	93.2
20/06/2018 2:02:12 PM	3612312132	1013.00	28.15	25.95	89.1	27.73	25.95	92.6	27.44	25.95	95.2	27.64	25.95	93.4
20/06/2018 2:02:13 PM	3612312133	1013.00	28.14	25.95	89.2	27.75	25.95	92.5	27.41	25.95	95.5	27.71	25.95	92.8
20/06/2018 2:02:14 PM	3612312134	1013.00	28.15	25.94	89.1	27.75	25.94	92.5	27.42	25.94	95.4	27.70	25.94	92.9
20/06/2018 2:02:15 PM	3612312135	1013.00	28.15	25.94	89.1	27.75	25.94	92.5	27.46	25.94	95.0	27.75	25.94	92.5
20/06/2018 2:02:16 PM	3612312136	1013.00	28.15	25.94	89.1	27.75	25.94	92.5	27.46	25.94	95.0	27.75	25.94	92.5
20/06/2018 2:02:17 PM	3612312137	1013.00	28.18	25.94	88.8	27.74	25.94	92.6	27.45	25.94	95.1	27.74	25.94	92.6
20/06/2018 2:02:18 PM	3612312138	1013.00	28.16	25.94	89.0	27.76	25.94	92.4	27.42	25.94	95.4	27.68	25.94	93.1
20/06/2018 2:02:19 PM	3612312139	1013.00	28.23	25.94	88.4	27.67	25.94	93.2	27.49	25.94	94.8	27.75	25.94	92.5
20/06/2018 2:02:20 PM	3612312140	1013.00	28.18	25.94	88.8	27.76	25.94	92.4	27.44	25.94	95.2	27.78	25.94	92.2
20/06/2018 2:02:21 PM	3612312141	1013.00	28.17	25.94	88.9	27.73	25.94	92.6	27.45	25.94	95.1	27.73	25.94	92.6
20/06/2018 2:02:22 PM	3612312142	1013.00	28.15	25.94	89.1	27.73	25.94	92.6	27.40	25.94	95.6	27.74	25.94	92.6
20/06/2018 2:02:23 PM	3612312143	1013.00	28.16	25.94	89.0	27.73	25.94	92.6	27.43	25.94	95.3	27.70	25.94	92.9
20/06/2018 2:02:24 PM	3612312144	1013.00	28.15	25.95	89.1	27.77	25.95	92.3	27.48	25.95	94.8	27.68	25.95	93.1
20/06/2018 2:02:25 PM	3612312145	1013.00	28.18	25.94	88.8	27.74	25.94	92.6	27.49	25.94	94.8	27.81	25.94	92.0
20/06/2018 2:02:26 PM	3612312146	1013.00	28.19	25.94	88.8	27.80	25.94	92.0	27.45	25.94	95.1	27.74	25.94	92.6
20/06/2018 2:02:27 PM	3612312147	1013.00	28.17	25.94	88.9	27.80	25.94	92.0	27.49	25.94	94.8	27.77	25.94	92.3
20/06/2018 2:02:28 PM	3612312148	1013.00	28.16	25.94	89.0	27.76	25.94	92.4	27.45	25.94	95.1	27.74	25.94	92.6
20/06/2018 2:02:29 PM	3612312149	1013.00	28.16	25.94	89.0	27.76	25.94	92.4	27.45	25.94	95.1	27.74	25.94	92.6
20/06/2018 2:02:30 PM	3612312150	1013.00	28.20	25.94	88.7	27.73	25.94	92.6	27.46	25.94	95.0	27.73	25.94	92.6
20/06/2018 2:02:31 PM	3612312151	1013.00	28.21	25.95	88.6	27.73	25.95	92.6	27.44	25.95	95.2	27.75	25.95	92.5
20/06/2018 2:02:32 PM	3612312152	1013.00	28.18	25.95	88.8	27.78	25.95	92.2	27.50	25.95	94.7	27.71	25.95	92.8
20/06/2018 2:02:33 PM	3612312153	1013.00	28.22	25.94	88.5	27.77	25.94	92.3	27.52	25.94	94.5	27.76	25.94	92.4
20/06/2018 2:02:34 PM	3612312154	1013.00	28.23	25.95	88.4	27.80	25.95	92.0	27.46	25.95	95.0	27.72	25.95	92.7
20/06/2018 2:02:35 PM	3612312155	1013.00	28.22	25.95	88.5	27.80	25.95	92.0	27.47	25.95	94.9	27.79	25.95	92.1
20/06/2018 2:02:36 PM	3612312156	1013.00	28.22	25.94	88.5	27.81	25.94	92.0	27.46	25.94	95.0	27.72	25.94	92.7
20/06/2018 2:02:37 PM	3612312157	1013.00	28.22	25.94	88.5	27.81	25.94	92.0	27.46	25.94	95.0	27.72	25.94	92.7
20/06/2018 2:02:38 PM	3612312158	1013.00	28.19	25.95	88.7	27.76	25.95	92.4	27.52	25.95	94.5	27.76	25.95	92.4
20/06/2018 2:02:39 PM	3612312159	1013.00	28.23	25.95	88.4	27.77	25.95	92.3	27.49	25.95	94.7	27.75	25.95	92.5
20/06/2018 2:02:40 PM	3612312160	1013.00	28.21	25.95	88.6	27.77	25.95	92.3	27.45	25.95	95.1	27.78	25.95	92.2
20/06/2018 2:02:41 PM	3612312161	1013.00	28.18	25.95	88.8	27.78	25.95	92.2	27.44	25.95	95.2	27.80	25.95	92.0
20/06/2018 2:02:42 PM	3612312162	1013.00	28.21	25.95	88.6	27.79	25.95	92.1	27.50	25.95	94.7	27.80	25.95	92.0
20/06/2018 2:02:43 PM	3612312163	1013.00	28.19	25.95	88.7	27.79	25.95	92.1	27.54	25.95	94.3	27.74	25.95	92.5
20/06/2018 2:02:44 PM	3612312164	1013.00	28.20	25.94	88.7	27.78	25.94	92.2	27.49	25.94	94.8	27.77	25.94	92.3
20/06/2018 2:02:45 PM	3612312165	1013.00	28.23	25.94	88.4	27.84	25.94	91.7	27.50	25.94	94.7	27.77	25.94	92.3
20/06/2018 2:02:46 PM	3612312166	1013.00	28.21	25.94	88.6	27.75	25.94	92.5	27.47	25.94	94.9	27.78	25.94	92.2
20/06/2018 2:02:47 PM	3612312167	1013.00	28.21	25.94	88.6	27.76	25.94	92.4	27.48	25.94	94.8	27.78	25.94	92.2
20/06/2018 2:02:48 PM	3612312168	1013.00	28.25	25.94	88.3	27.79	25.94	92.1	27.51	25.94	94.6	27.77	25.94	92.3
20/06/2018 2:02:49 PM	3612312169	1013.00	28.25	25.94	88.3	27.79	25.94	92.1	27.51	25.94	94.6	27.77	25.94	92.3
20/06/2018 2:02:50 PM	3612312170	1013.00	28.26	25.94	88.2	27.77	25.94	92.3	27.46	25.94	95.0	27.78	25.94	92.2
20/06/2018 2:02:51 PM	3612312171	1013.00	28.23	25.94	88.4	27.79	25.94	92.1	27.47	25.94	94.9	27.78	25.94	92.2
20/06/2018 2:02:52 PM	3612312172	1013.00	28.18	25.94	88.8	27.79	25.94	92.1	27.48	25.94	94.8	27.79	25.94	92.1
20/06/2018 2:02:53 PM	3612312173	1013.00	28.22	25.95	88.5	27.83	25.95	91.8	27.47	25.95	94.9	27.83	25.95	91.8
20/06/2018 2:02:54 PM	3612312174	1013.00	28.22	25.95	88.5	27.75	25.95	92.5	27.53	25.95	94.4	27.81	25.95	91.9
20/06/2018 2:02:55 PM	3612312175	1013.00	28.24	25.95	88.3	27.83	25.95	91.8	27.55	25.95	94.2	27.81	25.95	91.9
20/06/2018 2:02:56 PM	3612312176	1013.00	28.22	25.95	88.5	27.80	25.95	92.0	27.52	25.95	94.5	27.82	25.95	91.9
20/06/2018 2:02:57 PM	3612312177	1013.00	28.21	25.95	88.6	27.83	25.95	91.8	27.47	25.95	94.9	27.82	25.95	91.9
20/06/2018 2:02:58 PM	3612312178	1013.00	28.21	25.95	88.6	27.83	25.95	91.8	27.47	25.95	94.9	27.82	25.95	91.9
20/06/2018 2:02:59 PM	3612312179	1013.00	28.24	25.95	88.3	27.80	25.95	92.0	27.54	25.95	94.3	27.85	25.95	91.6
20/06/2018 2:03:00 PM	3612312180	1013.00	28.26	25.95	88.2	27.77	25.95	92.3	27.52	25.95	94.5	27.84	25.95	91.7
20/06/2018 2:03:01 PM	3612312181	1013.00	28.26	25.95	88.2	27.77	25.95	92.3	27.52	25.95	94.5	27.84	25.95	91.7
20/06/2018 2:03:02 PM	3612312182	1013.00	28.25	25.95	88.3	27.80	25.95	92.0	27.51	25.95	94.6	27.84	25.95	91.7
20/06/2018 2:03:03 PM	3612312183	1013.00	28.31	25.95	87.8	27.78	25.95	92.2	27.56	25.95	94.1	27.78	25.95	92.2
20/06/2018 2:03:04 PM	3612312184	1013.00	28.26	25.95	88.2	27.82	25.95	91.9	27.50	25.95	94.7	27.86	25.95	91.5
20/06/2018 2:03:05 PM	3612312185	1013.00	28.21	25.95	88.6	27.81	25.95	91.9	27.53	25.95	94.4	27.81	25.95	91.9
20/06/2018 2:03:06 PM	3612312186	1013.00	28.25	25.94	88.3	27.82	25.94	91.9	27.55	25.94	94.2	27.86	25.94	91.5
20/06/2018 2:03:07 PM	3612312187	1013.00	28.28	25.95	88.0	27.77	25.95	92.3	27.52	25.95	94.5	27.90	25.95	91.2
20/06/2018 2:03:08 PM	3612312188	1013.00	28.27	25.95	88.1	27.79	25.95	92.1	27.51	25.95	94.6	27.87	25.95	91.4
20/06/2018 2:03:09 PM	3612312189	1013.00	28.27	25.95	88.1	27.79	25.95	92.1	27.51	25.95	94.6	27.87	25.95	91.4
20/06/2018 2:03:10 PM	3612312190	1013.00	28.29	25.95	87.9	27.86	25.95	91.5	27.51	25.95	94.6	27.90	25.95	91.2
20/06/2018 2:03:11 PM	3612312191	1013.00	28.27	25.96	88.1	27.78	25.96	92.2	27.55	25.96	94.2	27.89	25.96	91.2
20/06/2018 2:03:12 PM	3612312192	1013.00	28.28	25.96	88.0	27.83	25.96	91.8	27.56	25.96	94.1	27.85	25.96	91.6
20/06/2018 2:03:13 PM	3612312193	1013.00	28.30	25.95	87.8	27.83	25.95	91.8	27.54	25.95	94.3	27.86	25.95	91.5
20/06/2018 2:03:14 PM	3612312194	1013.00	28.26	25.95	88.2	27.80	25.95	92.0	27.55	25.95	94.2	27.90	25.95	91.2
20/06/2018 2:03:15 PM	3612312195	1013.00	28.31	25.96	87.8	27.86	25.96	91.5	27.58	25.96	93.9	27.95	25.96	90.7
20/06/2018 2:03:16 PM	3612312196	1013.00	28.29	25.95	87.9	27.87	25.95	91.4	27.54	25.95	94.3	27.91	25.95	91.1
20/06/2018 2:03:17 PM	3612312197	1013.00	28.32	25.95	87.7	27.83	25.95	91.8	27.51	25.95	94.6	27.86	25.95	91.5
20/06/2018 2:03:18 PM	3612312198	1013.00	28.33	25.95	87.6	27.89	25.95	91.3	27.52	25.95	94.5	27.90	25.95	91.2
20/06/2018 2:03:19 PM	3612312199	1013.00	28.33	25.95	87.6	27.89	25.95	91.3	27.52	25.95	94.5	27.90	25.95	91.2
20/06/2018 2:03:20 PM	3612312200	1013.00	28.33	25.95	87.6	27.82	25.95	91.9	27.52	25.95	94.5	27.88	25.95	91.3
20/06/2018 2:03:21 PM	3612312201	1013.00	28.33	25.95	87.6	27.82	25.95	91.9	27.52	25.95	94.5	27.88	25.95	91.3
20/06/2018 2:03:22 PM	3612312202	1013.00	28.30	25.95	87.8	27.86	25.95	91.5	27.57	25.95	94.0	27.90	25.95	91.2
20/06/2018 2:03:23 PM	3612312203	1013.00	28.29	25.95	87.9	27.85	25.95	91.6	27.56	25.95	94.1	27.95	25.95	90.7
20/06/2018 2:03:24 PM	3612312204	1013.00	28.31	25.95	87.8	27.84	25.95	91.7	27.54	25.95	94.3	27.88	25.95	91.3
20/06/2018 2:03:25 PM	3612312205	1013.00	28.34	25.96	87.5	27.85	25.96	91.6	27.54	25.96	94.3	27.95	25.96	90.7
20/06/2018 2:03:26 PM	3612312206	1013.00	28.37	25.95	87.3	27.82	25.95	91.9	27.56	25.95	94.1	27.94	25.95	90.8
20/06/2018 2:03:27 PM	3612312207	1013.00	28.31	25.96	87.8	27.82	25.96	91.8	27.53	25.96	94.4	27.95	25.96	90.7
20/06/2018 2:03:28 PM	3612312208	1013.00	28.27	25.96	88.1	27.83	25.96	91.8	27.51	25.96	94.5	27.93	25.96	90.9
20/06/2018 2:03:29 PM	3612312209	1013.00	28.29	25.96	87.9	27.86	25.96	91.5	27.58	25.96	93.9	27.95	25.96	90.7
20/06/2018 2:03:30 PM	3612312210	1013.00	28.31	25.95	87.8	27.86	25.95	91.5	27.59	25.95	93.9	27.91	25.95	91.1
20/06/2018 2:03:31 PM	3612312211	1013.00	28.31	25.95	87.8	27.85	25.95	91.6	27.61	25.95	93.7	27.97	25.95	90.6
20/06/2018 2:03:32 PM	3612312212	1013.00	28.31	25.96	87.8	27.81	25.96	91.9	27.52	25.96	94.5	27.98	25.96	90.5
20/06/2018 2:03:33 PM	3612312213	1013.00	28.31	25.96	87.8	27.81	25.96	91.9	27.52	25.96	94.5	27.98	25.96	90.5
20/06/2018 2:03:34 PM	3612312214	1013.00	28.34	25.96	87.5	27.87	25.96	91.4	27.57	25.96	94.0	28.00	25.96	90.3
20/06/2018 2:03:35 PM	3612312215	1013.00	28.33	25.96	87.6	27.86	25.96	91.5	27.59	25.96	93.8	28.00	25.96	90.3
20/06/2018 2:03:36 PM	3612312216	1013.00	28.31	25.95	87.8	27.83	25.95	91.8	27.57	25.95	94.0	27.99	25.95	90.4
20/06/2018 2:03:37 PM	3612312217	1013.00	28.30	25.95	87.8	27.82	25.95	91.9	27.60	25.95	93.8	27.96	25.95	90.7
20/06/2018 2:03:38 PM	3612312218	1013.00	28.32	25.95	87.7	27.82	25.95	91.9	27.61	25.95	93.7	27.98	25.95	90.5
20/06/2018 2:03:39 PM	3612312219	1013.00	28.36	25.95	87.4	27.78	25.95	92.2	27.58	25.95	93.9	27.98	25.95	90.5
20/06/2018 2:03:40 PM	3612312220	1013.00	28.36	25.95	87.4	27.78	25.95	92.2	27.58	25.95	93.9	27.98	25.95	90.5
20/06/2018 2:03:41 PM	3612312221	1013.00	28.32	25.95	87.7	27.82	25.95	91.9	27.56	25.95	94.1	27.97	25.95	90.6
20/06/2018 2:03:42 PM	3612312222	1013.00	28.34	25.95	87.5	27.86	25.95	91.5	27.57	25.95	94.0	28.02	25.95	90.2
20/06/2018 2:03:43 PM	3612312223	1013.00	28.37	25.95	87.3	27.85	25.95	91.6	27.58	25.95	93.9	28.04	25.95	90.0
20/06/2018 2:03:44 PM	3612312224	1013.00	28.37	25.95	87.3	27.85	25.95	91.6	27.62	25.95	93.6	28.01	25.95	90.2
20/06/2018 2:03:45 PM	3612312225	1013.00	28.33	25.95	87.6	27.84	25.95	91.7	27.51	25.95	94.6	27.98	25.95	90.5
20/06/2018 2:03:46 PM	3612312226	1013.00	28.32	25.95	87.7	27.88	25.95	91.3	27.60	25.95	93.8	28.06	25.95	89.8
20/06/2018 2:03:47 PM	3612312227	1013.00	28.35	25.95	87.4	27.84	25.95	91.7	27.59	25.95	93.9	28.03	25.95	90.1
20/06/2018 2:03:48 PM	3612312228	1013.00	28.36	25.95	87.4	27.85	25.95	91.6	27.63	25.95	93.5	28.05	25.95	89.9
20/06/2018 2:03:49 PM	3612312229	1013.00	28.34	25.95	87.5	27.80	25.95	92.0	27.59	25.95	93.9	28.03	25.95	90.1
20/06/2018 2:03:50 PM	3612312230	1013.00	28.36	25.95	87.4	27.87	25.95	91.4	27.64	25.95	93.4	28.03	25.95	90.1
20/06/2018 2:03:51 PM	3612312231	1013.00	28.36	25.95	87.4	27.84	25.95	91.7	27.64	25.95	93.4	28.02	25.95	90.2
20/06/2018 2:03:52 PM	3612312232	1013.00	28.43	25.94	86.8	27.77	25.94	92.3	27.58	25.94	94.0	28.06	25.94	89.8
20/06/2018 2:03:53 PM	3612312233	1013.00	28.43	25.94	86.8	27.77	25.94	92.3	27.58	25.94	94.0	28.06	25.94	89.8
20/06/2018 2:03:54 PM	3612312234	1013.00	28.39	25.93	87.2	27.84	25.93	91.7	27.62	25.93	93.6	28.00	25.93	90.4
20/06/2018 2:03:55 PM	3612312235	1013.00	28.35	25.94	87.5	27.86	25.94	91.5	27.64	25.94	93.4	27.98	25.94	90.5
20/06/2018 2:03:56 PM	3612312236	1013.00	28.32	25.94	87.7	27.84	25.94	91.7	27.58	25.94	94.0	28.04	25.94	90.0
20/06/2018 2:03:57 PM	3612312237	1013.00	28.35	25.94	87.5	27.88	25.94	91.4	27.65	25.94	93.3	28.09	25.94	89.6
20/06/2018 2:03:58 PM	3612312238	1013.00	28.34	25.94	87.5	27.89	25.94	91.3	27.56	25.94	94.1	28.00	25.94	90.3
20/06/2018 2:03:59 PM	3612312239	1013.00	28.31	25.95	87.8	27.86	25.95	91.5	27.58	25.95	93.9	28.00	25.95	90.3
20/06/2018 2:04:00 PM	3612312240	1013.00	28.34	25.95	87.5	27.87	25.95	91.4	27.64	25.95	93.4	28.03	25.95	90.1
20/06/2018 2:04:01 PM	3612312241	1013.00	28.34	25.95	87.5	27.87	25.95	91.4	27.64	25.95	93.4	28.03	25.95	90.1
20/06/2018 2:04:02 PM	3612312242	1013.00	28.36	25.94	87.4	27.90	25.94	91.2	27.64	25.94	93.4	28.03	25.94	90.1
20/06/2018 2:04:03 PM	3612312243	1013.00	28.37	25.94	87.3	27.91	25.94	91.1	27.62	25.94	93.6	28.03	25.94	90.1
20/06/2018 2:04:04 PM	3612312244	1013.00	28.34	25.93	87.6	27.84	25.93	91.7	27.61	25.93	93.7	28.06	25.93	89.9
20/06/2018 2:04:05 PM	3612312245	1013.00	28.38	25.93	87.2	27.85	25.93	91.6	27.64	25.93	93.4	28.05	25.93	89.9
20/06/2018 2:04:06 PM	3612312246	1013.00	28.39	25.93	87.2	27.85	25.93	91.6	27.58	25.93	94.0	28.08	25.93	89.7
20/06/2018 2:04:07 PM	3612312247	1013.00	28.35	25.94	87.5	27.86	25.94	91.5	27.59	25.94	93.9	28.01	25.94	90.3
20/06/2018 2:04:08 PM	3612312248	1013.00	28.37	25.94	87.3	27.87	25.94	91.4	27.65	25.94	93.3	28.06	25.94	89.8
20/06/2018 2:04:09 PM	3612312249	1013.00	28.41	25.94	87.0	27.86	25.94	91.5	27.61	25.94	93.7	28.01	25.94	90.3
20/06/2018 2:04:10 PM	3612312250	1013.00	28.38	25.94	87.2	27.89	25.94	91.3	27.67	25.94	93.2	27.99	25.94	90.4
20/06/2018 2:04:11 PM	3612312251	1013.00	28.36	25.94	87.4	27.82	25.94	91.9	27.61	25.94	93.7	28.02	25.94	90.2
20/06/2018 2:04:12 PM	3612312252	1013.00	28.36	25.94	87.4	27.88	25.94	91.4	27.59	25.94	93.9	28.08	25.94	89.7
20/06/2018 2:04:13 PM	3612312253	1013.00	28.36	25.94	87.4	27.88	25.94	91.4	27.59	25.94	93.9	28.08	25.94	89.7
20/06/2018 2:04:14 PM	3612312254	1013.00	28.41	25.93	87.0	27.86	25.93	91.5	27.64	25.93	93.4	28.05	25.93	89.9
20/06/2018 2:04:15 PM	3612312255	1013.00	28.41	25.94	87.0	27.81	25.94	92.0	27.58	25.94	94.0	28.07	25.94	89.8
20/06/2018 2:04:16 PM	3612312256	1013.00	28.37	25.94	87.3	27.87	25.94	91.4	27.66	25.94	93.3	28.05	25.94	89.9
20/06/2018 2:04:17 PM	3612312257	1013.00	28.36	25.94	87.4	27.87	25.94	91.4	27.60	25.94	93.8	28.08	25.94	89.7
20/06/2018 2:04:18 PM	3612312258	1013.00	28.40	25.94	87.1	27.94	25.94	90.8	27.64	25.94	93.4	28.05	25.94	89.9
20/06/2018 2:04:19 PM	3612312259	1013.00	28.40	25.94	87.1	27.91	25.94	91.1	27.66	25.94	93.3	28.01	25.94	90.3
20/06/2018 2:04:20 PM	3612312260	1013.00	28.41	25.94	87.0	27.86	25.94	91.5	27.62	25.94	93.6	28.03	25.94	90.1
20/06/2018 2:04:21 PM	3612312261	1013.00	28.41	25.94	87.0	27.90	25.94	91.2	27.65	25.94	93.3	28.08	25.94	89.7
20/06/2018 2:04:22 PM	3612312262	1013.00	28.41	25.94	87.0	27.90	25.94	91.2	27.65	25.94	93.3	28.08	25.94	89.7
20/06/2018 2:04:23 PM	3612312263	1013.00	28.40	25.94	87.1	27.93	25.94	90.9	27.63	25.94	93.5	28.08	25.94	89.7
20/06/2018 2:04:24 PM	3612312264	1013.00	28.37	25.94	87.3	27.87	25.94	91.4	27.65	25.94	93.3	28.13	25.94	89.3
20/06/2018 2:04:25 PM	3612312265	1013.00	28.37	25.94	87.3	27.87	25.94	91.4	27.65	25.94	93.3	28.13	25.94	89.3
20/06/2018 2:04:26 PM	3612312266	1013.00	28.43	25.94	86.8	27.90	25.94	91.2	27.64	25.94	93.4	28.09	25.94	89.6
20/06/2018 2:04:27 PM	3612312267	1013.00	28.40	25.94	87.1	27.91	25.94	91.1	27.67	25.94	93.2	28.12	25.94	89.3
20/06/2018 2:04:28 PM	3612312268	1013.00	28.41	25.94	87.0	27.90	25.94	91.2	27.66	25.94	93.3	28.09	25.94	89.6
20/06/2018 2:04:29 PM	3612312269	1013.00	28.42	25.94	86.9	27.88	25.94	91.4	27.63	25.94	93.5	28.12	25.94	89.3
20/06/2018 2:04:30 PM	3612312270	1013.00	28.40	25.94	87.1	27.90	25.94	91.2	27.65	25.94	93.3	28.09	25.94	89.6
20/06/2018 2:04:31 PM	3612312271	1013.00	28.44	25.93	86.8	27.87	25.93	91.5	27.63	25.93	93.5	28.12	25.93	89.4
20/06/2018 2:04:32 PM	3612312272	1013.00	28.43	25.94	86.8	27.89	25.94	91.3	27.63	25.94	93.5	28.10	25.94	89.5
20/06/2018 2:04:33 PM	3612312273	1013.00	28.43	25.94	86.8	27.89	25.94	91.3	27.63	25.94	93.5	28.10	25.94	89.5
20/06/2018 2:04:34 PM	3612312274	1013.00	28.45	25.94	86.7	27.90	25.94	91.2	27.65	25.94	93.3	28.09	25.94	89.6
20/06/2018 2:04:35 PM	3612312275	1013.00	28.41	25.94	87.0	27.89	25.94	91.3	27.67	25.94	93.2	28.12	25.94	89.3
20/06/2018 2:04:36 PM	3612312276	1013.00	28.44	25.94	86.7	27.92	25.94	91.0	27.67	25.94	93.2	28.13	25.94	89.3
20/06/2018 2:04:37 PM	3612312277	1013.00	28.42	25.94	86.9	27.93	25.94	90.9	27.66	25.94	93.3	28.18	25.94	88.8
20/06/2018 2:04:38 PM	3612312278	1013.00	28.39	25.93	87.2	27.93	25.93	90.9	27.70	25.93	92.9	28.14	25.93	89.2
20/06/2018 2:04:39 PM	3612312279	1013.00	28.40	25.93	87.1	27.91	25.93	91.1	27.64	25.93	93.4	28.15	25.93	89.1
20/06/2018 2:04:40 PM	3612312280	1013.00	28.40	25.93	87.1	27.91	25.93	91.1	27.69	25.93	93.0	28.14	25.93	89.2
20/06/2018 2:04:41 PM	3612312281	1013.00	28.43	25.94	86.8	27.97	25.94	90.6	27.63	25.94	93.5	28.22	25.94	88.5
20/06/2018 2:04:42 PM	3612312282	1013.00	28.40	25.94	87.1	27.89	25.94	91.3	27.70	25.94	92.9	28.19	25.94	88.8
20/06/2018 2:04:43 PM	3612312283	1013.00	28.40	25.94	87.1	27.89	25.94	91.3	27.70	25.94	92.9	28.19	25.94	88.8
20/06/2018 2:04:44 PM	3612312284	1013.00	28.39	25.94	87.1	27.90	25.94	91.2	27.67	25.94	93.2	28.19	25.94	88.8
20/06/2018 2:04:45 PM	3612312285	1013.00	28.39	25.94	87.1	27.90	25.94	91.2	27.67	25.94	93.2	28.19	25.94	88.8
20/06/2018 2:04:46 PM	3612312286	1013.00	28.46	25.93	86.6	27.98	25.93	90.5	27.72	25.93	92.7	28.23	25.93	88.5
20/06/2018 2:04:47 PM	3612312287	1013.00	28.49	25.94	86.3	27.93	25.94	90.9	27.70	25.94	92.9	28.16	25.94	89.0
20/06/2018 2:04:48 PM	3612312288	1013.00	28.43	25.94	86.8	27.94	25.94	90.8	27.70	25.94	92.9	28.18	25.94	88.8
20/06/2018 2:04:49 PM	3612312289	1013.00	28.44	25.94	86.7	27.96	25.94	90.7	27.66	25.94	93.3	28.18	25.94	88.8
20/06/2018 2:04:50 PM	3612312290	1013.00	28.48	25.94	86.4	27.95	25.94	90.8	27.71	25.94	92.8	28.21	25.94	88.6
20/06/2018 2:04:51 PM	3612312291	1013.00	28.46	25.94	86.6	27.93	25.94	90.9	27.64	25.94	93.4	28.19	25.94	88.8
20/06/2018 2:04:52 PM	3612312292	1013.00	28.47	25.94	86.5	27.92	25.94	91.0	27.71	25.94	92.8	28.23	25.94	88.4
20/06/2018 2:04:53 PM	3612312293	1013.00	28.44	25.93	86.8	27.94	25.93	90.9	27.68	25.93	93.1	28.27	25.93	88.1
20/06/2018 2:04:54 PM	3612312294	1013.00	28.47	25.93	86.5	27.86	25.93	91.5	27.67	25.93	93.2	28.20	25.93	88.7
20/06/2018 2:04:55 PM	3612312295	1013.00	28.47	25.93	86.5	27.90	25.93	91.2	27.66	25.93	93.3	28.26	25.93	88.2
20/06/2018 2:04:56 PM	3612312296	1013.00	28.48	25.93	86.4	27.94	25.93	90.9	27.69	25.93	93.0	28.22	25.93	88.5
20/06/2018 2:04:57 PM	3612312297	1013.00	28.48	25.93	86.4	27.94	25.93	90.9	27.69	25.93	93.0	28.22	25.93	88.5
20/06/2018 2:04:58 PM	3612312298	1013.00	28.49	25.93	86.4	27.90	25.93	91.2	27.70	25.93	92.9	28.24	25.93	88.4
20/06/2018 2:04:59 PM	3612312299	1013.00	28.46	25.93	86.6	27.92	25.93	91.0	27.69	25.93	93.0	28.25	25.93	88.3
20/06/2018 2:05:00 PM	3612312300	1013.00	28.52	25.93	86.1	27.89	25.93	91.3	27.70	25.93	92.9	28.26	25.93	88.2
20/06/2018 2:05:01 PM	3612312301	1013.00	28.49	25.94	86.3	27.98	25.94	90.5	27.75	25.94	92.5	28.21	25.94	88.6
20/06/2018 2:05:02 PM	3612312302	1013.00	28.52	25.93	86.1	27.89	25.93	91.3	27.74	25.93	92.6	28.24	25.93	88.4
20/06/2018 2:05:03 PM	3612312303	1013.00	28.54	25.93	86.0	27.92	25.93	91.0	27.72	25.93	92.7	28.25	25.93	88.3
20/06/2018 2:05:04 PM	3612312304	1013.00	28.54	25.93	86.0	27.92	25.93	91.0	27.72	25.93	92.7	28.25	25.93	88.3
20/06/2018 2:05:05 PM	3612312305	1013.00	28.52	25.93	86.1	27.93	25.93	90.9	27.73	25.93	92.7	28.30	25.93	87.9
20/06/2018 2:05:06 PM	3612312306	1013.00	28.50	25.93	86.3	27.97	25.93	90.6	27.72	25.93	92.7	28.18	25.93	88.9
20/06/2018 2:05:07 PM	3612312307	1013.00	28.51	25.93	86.2	27.97	25.93	90.6	27.76	25.93	92.4	28.28	25.93	88.0
20/06/2018 2:05:08 PM	3612312308	1013.00	28.53	25.93	86.0	27.96	25.93	90.7	27.71	25.93	92.8	28.24	25.93	88.4
20/06/2018 2:05:09 PM	3612312309	1013.00	28.51	25.93	86.2	27.94	25.93	90.9	27.79	25.93	92.1	28.26	25.93	88.2
20/06/2018 2:05:10 PM	3612312310	1013.00	28.51	25.94	86.2	27.95	25.94	90.8	27.67	25.94	93.2	28.31	25.94	87.8
20/06/2018 2:05:11 PM	3612312311	1013.00	28.55	25.94	85.9	27.99	25.94	90.4	27.70	25.94	92.9	28.32	25.94	87.7
20/06/2018 2:05:12 PM	3612312312	1013.00	28.51	25.94	86.2	27.95	25.94	90.8	27.72	25.94	92.7	28.32	25.94	87.7
20/06/2018 2:05:13 PM	3612312313	1013.00	28.51	25.94	86.2	27.96	25.94	90.7	27.73	25.94	92.6	28.27	25.94	88.1
20/06/2018 2:05:14 PM	3612312314	1013.00	28.49	25.94	86.3	28.00	25.94	90.3	27.77	25.94	92.3	28.31	25.94	87.8
20/06/2018 2:05:15 PM	3612312315	1013.00	28.50	25.94	86.3	27.93	25.94	90.9	27.74	25.94	92.6	28.32	25.94	87.7
20/06/2018 2:05:16 PM	3612312316	1013.00	28.52	25.93	86.1	27.97	25.93	90.6	27.76	25.93	92.4	28.30	25.93	87.9
20/06/2018 2:05:17 PM	3612312317	1013.00	28.52	25.93	86.1	27.97	25.93	90.6	27.76	25.93	92.4	28.30	25.93	87.9
20/06/2018 2:05:18 PM	3612312318	1013.00	28.52	25.93	86.1	27.95	25.93	90.8	27.71	25.93	92.8	28.31	25.93	87.8
20/06/2018 2:05:19 PM	3612312319	1013.00	28.52	25.93	86.1	27.95	25.93	90.8	27.72	25.93	92.7	28.28	25.93	88.0
20/06/2018 2:05:20 PM	3612312320	1013.00	28.49	25.94	86.3	27.95	25.94	90.8	27.72	25.94	92.7	28.33	25.94	87.6
20/06/2018 2:05:21 PM	3612312321	1013.00	28.46	25.94	86.6	27.95	25.94	90.8	27.80	25.94	92.0	28.31	25.94	87.8
20/06/2018 2:05:22 PM	3612312322	1013.00	28.54	25.94	85.9	27.98	25.94	90.5	27.76	25.94	92.4	28.32	25.94	87.7
20/06/2018 2:05:23 PM	3612312323	1013.00	28.56	25.94	85.8	28.00	25.94	90.3	27.71	25.94	92.8	28.31	25.94	87.8
20/06/2018 2:05:24 PM	3612312324	1013.00	28.55	25.94	85.9	27.99	25.94	90.4	27.74	25.94	92.6	28.30	25.94	87.9
20/06/2018 2:05:25 PM	3612312325	1013.00	28.55	25.94	85.9	27.99	25.94	90.4	27.74	25.94	92.6	28.30	25.94	87.9
20/06/2018 2:05:26 PM	3612312326	1013.00	28.54	25.93	86.0	27.93	25.93	90.9	27.74	25.93	92.6	28.36	25.93	87.4
20/06/2018 2:05:27 PM	3612312327	1013.00	28.50	25.93	86.3	28.00	25.93	90.4	27.75	25.93	92.5	28.36	25.93	87.4
20/06/2018 2:05:28 PM	3612312328	1013.00	28.52	25.93	86.1	27.97	25.93	90.6	27.74	25.93	92.6	28.34	25.93	87.6
20/06/2018 2:05:29 PM	3612312329	1013.00	28.55	25.93	85.9	27.98	25.93	90.5	27.75	25.93	92.5	28.32	25.93	87.7
20/06/2018 2:05:30 PM	3612312330	1013.00	28.54	25.93	86.0	27.95	25.93	90.8	27.77	25.93	92.3	28.31	25.93	87.8
20/06/2018 2:05:31 PM	3612312331	1013.00	28.55	25.93	85.9	27.98	25.93	90.5	27.82	25.93	91.9	28.38	25.93	87.2
20/06/2018 2:05:32 PM	3612312332	1013.00	28.56	25.93	85.8	27.99	25.93	90.4	27.77	25.93	92.3	28.31	25.93	87.8
20/06/2018 2:05:33 PM	3612312333	1013.00	28.57	25.93	85.7	28.00	25.93	90.4	27.80	25.93	92.1	28.35	25.93	87.5
20/06/2018 2:05:34 PM	3612312334	1013.00	28.57	25.93	85.7	27.95	25.93	90.8	27.79	25.93	92.1	28.32	25.93	87.7
20/06/2018 2:05:35 PM	3612312335	1013.00	28.54	25.93	86.0	28.02	25.93	90.2	27.77	25.93	92.3	28.37	25.93	87.3
20/06/2018 2:05:36 PM	3612312336	1013.00	28.52	25.92	86.1	28.02	25.92	90.2	27.78	25.92	92.2	28.38	25.92	87.2
20/06/2018 2:05:37 PM	3612312337	1013.00	28.52	25.92	86.1	28.02	25.92	90.2	27.78	25.92	92.2	28.38	25.92	87.2
20/06/2018 2:05:38 PM	3612312338	1013.00	28.55	25.92	85.9	28.02	25.92	90.2	27.79	25.92	92.2	28.40	25.92	87.1
20/06/2018 2:05:39 PM	3612312339	1013.00	28.56	25.92	85.8	27.96	25.92	90.7	27.80	25.92	92.1	28.36	25.92	87.4
20/06/2018 2:05:40 PM	3612312340	1013.00	28.53	25.93	86.0	28.03	25.93	90.1	27.80	25.93	92.1	28.42	25.93	86.9
20/06/2018 2:05:41 PM	3612312341	1013.00	28.60	25.93	85.5	27.97	25.93	90.6	27.80	25.93	92.1	28.34	25.93	87.6
20/06/2018 2:05:42 PM	3612312342	1013.00	28.59	25.93	85.6	28.00	25.93	90.4	27.81	25.93	92.0	28.38	25.93	87.2
20/06/2018 2:05:43 PM	3612312343	1013.00	28.57	25.93	85.7	27.99	25.93	90.4	27.81	25.93	92.0	28.40	25.93	87.1
20/06/2018 2:05:44 PM	3612312344	1013.00	28.54	25.93	86.0	28.01	25.93	90.3	27.80	25.93	92.1	28.32	25.93	87.7
20/06/2018 2:05:45 PM	3612312345	1013.00	28.61	25.92	85.4	27.98	25.92	90.5	27.82	25.92	91.9	28.36	25.92	87.4
20/06/2018 2:05:46 PM	3612312346	1013.00	28.61	25.92	85.4	27.98	25.92	90.5	27.82	25.92	91.9	28.36	25.92	87.4
20/06/2018 2:05:47 PM	3612312347	1013.00	28.61	25.92	85.4	28.04	25.92	90.0	27.80	25.92	92.1	28.38	25.92	87.2
20/06/2018 2:05:48 PM	3612312348	1013.00	28.55	25.93	85.9	27.98	25.93	90.5	27.80	25.93	92.1	28.36	25.93	87.4
20/06/2018 2:05:49 PM	3612312349	1013.00	28.55	25.93	85.9	27.98	25.93	90.5	27.80	25.93	92.1	28.36	25.93	87.4
20/06/2018 2:05:50 PM	3612312350	1013.00	28.58	25.93	85.6	28.06	25.93	89.9	27.78	25.93	92.2	28.40	25.93	87.1
20/06/2018 2:05:51 PM	3612312351	1013.00	28.57	25.92	85.7	28.01	25.92	90.3	27.82	25.92	91.9	28.36	25.92	87.4
20/06/2018 2:05:52 PM	3612312352	1013.00	28.57	25.92	85.7	28.04	25.92	90.0	27.83	25.92	91.8	28.43	25.92	86.8
20/06/2018 2:05:53 PM	3612312353	1013.00	28.57	25.92	85.7	28.01	25.92	90.3	27.84	25.92	91.7	28.38	25.92	87.2
20/06/2018 2:05:54 PM	3612312354	1013.00	28.57	25.92	85.7	28.01	25.92	90.3	27.85	25.92	91.6	28.39	25.92	87.2
20/06/2018 2:05:55 PM	3612312355	1013.00	28.63	25.92	85.3	27.95	25.92	90.8	27.82	25.92	91.9	28.41	25.92	87.0
20/06/2018 2:05:56 PM	3612312356	1013.00	28.62	25.92	85.3	27.97	25.92	90.6	27.83	25.92	91.8	28.41	25.92	87.0
20/06/2018 2:05:57 PM	3612312357	1013.00	28.62	25.92	85.3	27.97	25.92	90.6	27.83	25.92	91.8	28.41	25.92	87.0
20/06/2018 2:05:58 PM	3612312358	1013.00	28.57	25.92	85.7	28.04	25.92	90.0	27.82	25.92	91.9	28.42	25.92	86.9
20/06/2018 2:05:59 PM	3612312359	1013.00	28.59	25.92	85.6	28.04	25.92	90.0	27.86	25.92	91.6	28.44	25.92	86.8
20/06/2018 2:06:00 PM	3612312360	1013.00	28.56	25.92	85.8	28.00	25.92	90.4	27.89	25.92	91.3	28.41	25.92	87.0
20/06/2018 2:06:01 PM	3612312361	1013.00	28.59	25.92	85.6	28.03	25.92	90.1	27.82	25.92	91.9	28.48	25.92	86.4
20/06/2018 2:06:02 PM	3612312362	1013.00	28.59	25.92	85.6	28.02	25.92	90.2	27.89	25.92	91.3	28.43	25.92	86.8
20/06/2018 2:06:03 PM	3612312363	1013.00	28.59	25.93	85.6	28.01	25.93	90.3	27.87	25.93	91.5	28.46	25.93	86.6
20/06/2018 2:06:04 PM	3612312364	1013.00	28.59	25.93	85.6	27.96	25.93	90.7	27.83	25.93	91.8	28.43	25.93	86.8
20/06/2018 2:06:05 PM	3612312365	1013.00	28.62	25.93	85.3	28.08	25.93	89.7	27.86	25.93	91.5	28.41	25.93	87.0
20/06/2018 2:06:06 PM	3612312366	1013.00	28.61	25.93	85.4	27.99	25.93	90.4	27.86	25.93	91.5	28.42	25.93	86.9
20/06/2018 2:06:07 PM	3612312367	1013.00	28.61	25.93	85.4	27.99	25.93	90.4	27.86	25.93	91.5	28.42	25.93	86.9
20/06/2018 2:06:08 PM	3612312368	1013.00	28.60	25.92	85.5	28.00	25.92	90.4	27.82	25.92	91.9	28.47	25.92	86.5
20/06/2018 2:06:09 PM	3612312369	1013.00	28.60	25.92	85.5	28.00	25.92	90.4	27.82	25.92	91.9	28.47	25.92	86.5
20/06/2018 2:06:10 PM	3612312370	1013.00	28.59	25.92	85.6	28.09	25.92	89.6	27.84	25.92	91.7	28.44	25.92	86.8
20/06/2018 2:06:11 PM	3612312371	1013.00	28.60	25.92	85.5	28.06	25.92	89.9	27.85	25.92	91.6	28.41	25.92	87.0
20/06/2018 2:06:12 PM	3612312372	1013.00	28.64	25.93	85.2	28.05	25.93	89.9	27.87	25.93	91.5	28.44	25.93	86.8
20/06/2018 2:06:13 PM	3612312373	1013.00	28.64	25.92	85.2	28.06	25.92	89.9	27.90	25.92	91.2	28.45	25.92	86.7
20/06/2018 2:06:14 PM	3612312374	1013.00	28.64	25.92	85.2	28.05	25.92	90.0	27.91	25.92	91.1	28.40	25.92	87.1
20/06/2018 2:06:15 PM	3612312375	1013.00	28.59	25.92	85.6	28.09	25.92	89.6	27.90	25.92	91.2	28.39	25.92	87.2
20/06/2018 2:06:16 PM	3612312376	1013.00	28.63	25.92	85.3	28.01	25.92	90.3	27.86	25.92	91.6	28.41	25.92	87.0
20/06/2018 2:06:17 PM	3612312377	1013.00	28.61	25.92	85.4	28.05	25.92	90.0	27.87	25.92	91.5	28.41	25.92	87.0
20/06/2018 2:06:18 PM	3612312378	1013.00	28.63	25.92	85.3	28.01	25.92	90.3	27.89	25.92	91.3	28.42	25.92	86.9
20/06/2018 2:06:19 PM	3612312379	1013.00	28.60	25.92	85.5	28.04	25.92	90.0	27.85	25.92	91.6	28.43	25.92	86.8
20/06/2018 2:06:20 PM	3612312380	1013.00	28.63	25.92	85.3	28.02	25.92	90.2	27.91	25.92	91.1	28.43	25.92	86.8
20/06/2018 2:06:21 PM	3612312381	1013.00	28.63	25.92	85.3	28.02	25.92	90.2	27.91	25.92	91.1	28.43	25.92	86.8
20/06/2018 2:06:22 PM	3612312382	1013.00	28.59	25.92	85.6	28.04	25.92	90.0	27.88	25.92	91.4	28.42	25.92	86.9
20/06/2018 2:06:23 PM	3612312383	1013.00	28.63	25.92	85.3	28.04	25.92	90.0	27.89	25.92	91.3	28.47	25.92	86.5
20/06/2018 2:06:24 PM	3612312384	1013.00	28.64	25.92	85.2	28.03	25.92	90.1	27.91	25.92	91.1	28.44	25.92	86.8
20/06/2018 2:06:25 PM	3612312385	1013.00	28.64	25.91	85.2	28.03	25.91	90.1	27.89	25.91	91.3	28.47	25.91	86.5
20/06/2018 2:06:26 PM	3612312386	1013.00	28.64	25.91	85.2	28.03	25.91	90.1	27.91	25.91	91.1	28.47	25.91	86.5
20/06/2018 2:06:27 PM	3612312387	1013.00	28.62	25.91	85.4	28.05	25.91	90.0	27.91	25.91	91.1	28.47	25.91	86.5
20/06/2018 2:06:28 PM	3612312388	1013.00	28.62	25.91	85.4	28.05	25.91	90.0	27.91	25.91	91.1	28.47	25.91	86.5
20/06/2018 2:06:29 PM	3612312389	1013.00	28.63	25.91	85.3	28.09	25.91	89.6	27.92	25.91	91.1	28.45	25.91	86.7
20/06/2018 2:06:30 PM	3612312390	1013.00	28.62	25.92	85.3	28.08	25.92	89.7	27.88	25.92	91.4	28.48	25.92	86.4
20/06/2018 2:06:31 PM	3612312391	1013.00	28.63	25.92	85.3	28.05	25.92	90.0	27.92	25.92	91.0	28.47	25.92	86.5
20/06/2018 2:06:32 PM	3612312392	1013.00	28.66	25.91	85.0	28.06	25.91	89.9	27.95	25.91	90.8	28.48	25.91	86.5
20/06/2018 2:06:33 PM	3612312393	1013.00	28.64	25.91	85.2	28.10	25.91	89.6	27.92	25.91	91.1	28.47	25.91	86.5
20/06/2018 2:06:34 PM	3612312394	1013.00	28.63	25.91	85.3	28.08	25.91	89.7	27.92	25.91	91.1	28.48	25.91	86.5
20/06/2018 2:06:35 PM	3612312395	1013.00	28.64	25.91	85.2	28.08	25.91	89.7	27.90	25.91	91.2	28.47	25.91	86.5
20/06/2018 2:06:36 PM	3612312396	1013.00	28.67	25.92	84.9	28.06	25.92	89.9	27.98	25.92	90.5	28.48	25.92	86.4
20/06/2018 2:06:37 PM	3612312397	1013.00	28.68	25.92	84.9	28.06	25.92	89.9	27.94	25.92	90.9	28.49	25.92	86.4
20/06/2018 2:06:38 PM	3612312398	1013.00	28.69	25.92	84.8	28.07	25.92	89.8	27.90	25.92	91.2	28.50	25.92	86.3
20/06/2018 2:06:39 PM	3612312399	1013.00	28.67	25.93	84.9	28.06	25.93	89.9	27.95	25.93	90.8	28.51	25.93	86.2
20/06/2018 2:06:40 PM	3612312400	1013.00	28.71	25.93	84.6	28.06	25.93	89.9	27.98	25.93	90.5	28.49	25.93	86.4
20/06/2018 2:06:41 PM	3612312401	1013.00	28.71	25.93	84.6	28.06	25.93	89.9	27.98	25.93	90.5	28.49	25.93	86.4
20/06/2018 2:06:42 PM	3612312402	1013.00	28.70	25.92	84.7	28.07	25.92	89.8	27.87	25.92	91.5	28.54	25.92	86.0
20/06/2018 2:06:43 PM	3612312403	1013.00	28.70	25.92	84.7	28.05	25.92	90.0	27.94	25.92	90.9	28.54	25.92	86.0
20/06/2018 2:06:44 PM	3612312404	1013.00	28.69	25.91	84.8	28.07	25.91	89.8	27.92	25.91	91.1	28.52	25.91	86.1
20/06/2018 2:06:45 PM	3612312405	1013.00	28.72	25.91	84.6	28.02	25.91	90.2	27.98	25.91	90.6	28.51	25.91	86.2
20/06/2018 2:06:46 PM	3612312406	1013.00	28.73	25.91	84.5	28.07	25.91	89.8	27.93	25.91	91.0	28.55	25.91	85.9
20/06/2018 2:06:47 PM	3612312407	1013.00	28.72	25.91	84.6	28.07	25.91	89.8	27.95	25.91	90.8	28.58	25.91	85.7
20/06/2018 2:06:48 PM	3612312408	1013.00	28.71	25.92	84.6	28.08	25.92	89.7	27.93	25.92	91.0	28.55	25.92	85.9
20/06/2018 2:06:49 PM	3612312409	1013.00	28.71	25.92	84.6	28.08	25.92	89.7	27.93	25.92	91.0	28.55	25.92	85.9
20/06/2018 2:06:50 PM	3612312410	1013.00	28.68	25.92	84.9	28.08	25.92	89.7	27.92	25.92	91.0	28.55	25.92	85.9
20/06/2018 2:06:51 PM	3612312411	1013.00	28.71	25.92	84.6	28.08	25.92	89.7	28.01	25.92	90.3	28.53	25.92	86.0
20/06/2018 2:06:52 PM	3612312412	1013.00	28.71	25.92	84.6	28.12	25.92	89.4	27.99	25.92	90.5	28.52	25.92	86.1
20/06/2018 2:06:53 PM	3612312413	1013.00	28.71	25.92	84.6	28.10	25.92	89.5	27.92	25.92	91.0	28.54	25.92	86.0
20/06/2018 2:06:54 PM	3612312414	1013.00	28.75	25.92	84.3	28.11	25.92	89.5	28.01	25.92	90.3	28.56	25.92	85.8
20/06/2018 2:06:55 PM	3612312415	1013.00	28.68	25.92	84.9	28.06	25.92	89.9	27.95	25.92	90.8	28.57	25.92	85.7
20/06/2018 2:06:56 PM	3612312416	1013.00	28.69	25.92	84.8	28.04	25.92	90.0	27.98	25.92	90.5	28.59	25.92	85.6
20/06/2018 2:06:57 PM	3612312417	1013.00	28.73	25.91	84.5	28.07	25.91	89.8	27.96	25.91	90.7	28.61	25.91	85.4
20/06/2018 2:06:58 PM	3612312418	1013.00	28.73	25.91	84.5	28.06	25.91	89.9	27.99	25.91	90.5	28.55	25.91	85.9
20/06/2018 2:06:59 PM	3612312419	1013.00	28.71	25.91	84.7	28.12	25.91	89.4	27.98	25.91	90.6	28.55	25.91	85.9
20/06/2018 2:07:00 PM	3612312420	1013.00	28.71	25.92	84.6	28.07	25.92	89.8	28.01	25.92	90.3	28.59	25.92	85.6
20/06/2018 2:07:01 PM	3612312421	1013.00	28.71	25.92	84.6	28.07	25.92	89.8	28.01	25.92	90.3	28.59	25.92	85.6
20/06/2018 2:07:02 PM	3612312422	1013.00	28.71	25.91	84.7	28.10	25.91	89.6	28.00	25.91	90.4	28.54	25.91	86.0
20/06/2018 2:07:03 PM	3612312423	1013.00	28.73	25.91	84.5	28.11	25.91	89.5	27.98	25.91	90.6	28.59	25.91	85.6
20/06/2018 2:07:04 PM	3612312424	1013.00	28.74	25.91	84.4	28.15	25.91	89.1	27.99	25.91	90.5	28.51	25.91	86.2
20/06/2018 2:07:05 PM	3612312425	1013.00	28.76	25.91	84.3	28.10	25.91	89.6	28.05	25.91	90.0	28.54	25.91	86.0
20/06/2018 2:07:06 PM	3612312426	1013.00	28.74	25.91	84.4	28.15	25.91	89.1	28.02	25.91	90.2	28.57	25.91	85.7
20/06/2018 2:07:07 PM	3612312427	1013.00	28.71	25.91	84.7	28.11	25.91	89.5	28.02	25.91	90.2	28.57	25.91	85.7
20/06/2018 2:07:08 PM	3612312428	1013.00	28.78	25.92	84.1	28.11	25.92	89.5	28.00	25.92	90.4	28.53	25.92	86.0
20/06/2018 2:07:09 PM	3612312429	1013.00	28.76	25.92	84.3	28.12	25.92	89.4	28.02	25.92	90.2	28.57	25.92	85.7
20/06/2018 2:07:10 PM	3612312430	1013.00	28.76	25.92	84.3	28.12	25.92	89.4	28.02	25.92	90.2	28.57	25.92	85.7
20/06/2018 2:07:11 PM	3612312431	1013.00	28.73	25.91	84.5	28.13	25.91	89.3	28.04	25.91	90.1	28.57	25.91	85.7
20/06/2018 2:07:12 PM	3612312432	1013.00	28.75	25.92	84.3	28.12	25.92	89.4	27.99	25.92	90.5	28.59	25.92	85.6
20/06/2018 2:07:13 PM	3612312433	1013.00	28.75	25.92	84.3	28.12	25.92	89.4	27.99	25.92	90.5	28.59	25.92	85.6
20/06/2018 2:07:14 PM	3612312434	1013.00	28.77	25.92	84.2	28.08	25.92	89.7	28.04	25.92	90.0	28.62	25.92	85.3
20/06/2018 2:07:15 PM	3612312435	1013.00	28.76	25.92	84.3	28.13	25.92	89.3	27.98	25.92	90.5	28.61	25.92	85.4
20/06/2018 2:07:16 PM	3612312436	1013.00	28.73	25.92	84.5	28.16	25.92	89.0	28.01	25.92	90.3	28.58	25.92	85.7
20/06/2018 2:07:17 PM	3612312437	1013.00	28.73	25.92	84.5	28.15	25.92	89.1	28.01	25.92	90.3	28.61	25.92	85.4
20/06/2018 2:07:18 PM	3612312438	1013.00	28.79	25.92	84.0	28.13	25.92	89.3	28.01	25.92	90.3	28.60	25.92	85.5
20/06/2018 2:07:19 PM	3612312439	1013.00	28.78	25.91	84.1	28.13	25.91	89.3	28.04	25.91	90.1	28.55	25.91	85.9
20/06/2018 2:07:20 PM	3612312440	1013.00	28.76	25.92	84.3	28.13	25.92	89.3	28.02	25.92	90.2	28.61	25.92	85.4
20/06/2018 2:07:21 PM	3612312441	1013.00	28.76	25.92	84.3	28.13	25.92	89.3	28.02	25.92	90.2	28.61	25.92	85.4
20/06/2018 2:07:22 PM	3612312442	1013.00	28.80	25.92	83.9	28.14	25.92	89.2	28.03	25.92	90.1	28.64	25.92	85.2
20/06/2018 2:07:23 PM	3612312443	1013.00	28.76	25.92	84.3	28.10	25.92	89.5	28.07	25.92	89.8	28.59	25.92	85.6
20/06/2018 2:07:24 PM	3612312444	1013.00	28.80	25.92	83.9	28.14	25.92	89.2	28.00	25.92	90.4	28.56	25.92	85.8
20/06/2018 2:07:25 PM	3612312445	1013.00	28.82	25.92	83.8	28.17	25.92	89.0	28.00	25.92	90.4	28.58	25.92	85.7
20/06/2018 2:07:26 PM	3612312446	1013.00	28.74	25.92	84.4	28.14	25.92	89.2	28.03	25.92	90.1	28.66	25.92	85.0
20/06/2018 2:07:27 PM	3612312447	1013.00	28.80	25.92	83.9	28.14	25.92	89.2	28.07	25.92	89.8	28.59	25.92	85.6
20/06/2018 2:07:28 PM	3612312448	1013.00	28.78	25.92	84.1	28.14	25.92	89.2	28.03	25.92	90.1	28.61	25.92	85.4
20/06/2018 2:07:29 PM	3612312449	1013.00	28.79	25.91	84.0	28.12	25.91	89.4	28.05	25.91	90.0	28.63	25.91	85.3
20/06/2018 2:07:30 PM	3612312450	1013.00	28.76	25.91	84.3	28.13	25.91	89.3	28.02	25.91	90.2	28.58	25.91	85.7
20/06/2018 2:07:31 PM	3612312451	1013.00	28.76	25.91	84.3	28.13	25.91	89.3	28.02	25.91	90.2	28.58	25.91	85.7
20/06/2018 2:07:32 PM	3612312452	1013.00	28.79	25.91	84.0	28.16	25.91	89.1	28.03	25.91	90.1	28.59	25.91	85.6
20/06/2018 2:07:33 PM	3612312453	1013.00	28.79	25.91	84.0	28.16	25.91	89.1	28.03	25.91	90.1	28.59	25.91	85.6
20/06/2018 2:07:34 PM	3612312454	1013.00	28.76	25.92	84.3	28.12	25.92	89.4	28.04	25.92	90.0	28.63	25.92	85.3
20/06/2018 2:07:35 PM	3612312455	1013.00	28.80	25.92	83.9	28.17	25.92	89.0	28.04	25.92	90.0	28.66	25.92	85.0
20/06/2018 2:07:36 PM	3612312456	1013.00	28.78	25.92	84.1	28.14	25.92	89.2	28.06	25.92	89.9	28.61	25.92	85.4
20/06/2018 2:07:37 PM	3612312457	1013.00	28.81	25.91	83.9	28.15	25.91	89.1	28.01	25.91	90.3	28.58	25.91	85.7
20/06/2018 2:07:38 PM	3612312458	1013.00	28.80	25.91	84.0	28.16	25.91	89.1	28.07	25.91	89.8	28.64	25.91	85.2
20/06/2018 2:07:39 PM	3612312459	1013.00	28.81	25.92	83.9	28.14	25.92	89.2	28.09	25.92	89.6	28.65	25.92	85.1
20/06/2018 2:07:40 PM	3612312460	1013.00	28.84	25.92	83.6	28.19	25.92	88.8	28.04	25.92	90.0	28.62	25.92	85.3
20/06/2018 2:07:41 PM	3612312461	1013.00	28.82	25.92	83.8	28.14	25.92	89.2	28.08	25.92	89.7	28.66	25.92	85.0
20/06/2018 2:07:42 PM	3612312462	1013.00	28.82	25.92	83.8	28.18	25.92	88.9	28.09	25.92	89.6	28.67	25.92	84.9
20/06/2018 2:07:43 PM	3612312463	1013.00	28.80	25.92	83.9	28.16	25.92	89.0	28.04	25.92	90.0	28.68	25.92	84.9
20/06/2018 2:07:44 PM	3612312464	1013.00	28.83	25.92	83.7	28.17	25.92	89.0	28.08	25.92	89.7	28.61	25.92	85.4
20/06/2018 2:07:45 PM	3612312465	1013.00	28.83	25.92	83.7	28.17	25.92	89.0	28.08	25.92	89.7	28.61	25.92	85.4
20/06/2018 2:07:46 PM	3612312466	1013.00	28.83	25.92	83.7	28.16	25.92	89.0	28.08	25.92	89.7	28.62	25.92	85.3
20/06/2018 2:07:47 PM	3612312467	1013.00	28.82	25.92	83.8	28.20	25.92	88.7	28.11	25.92	89.5	28.65	25.92	85.1
20/06/2018 2:07:48 PM	3612312468	1013.00	28.83	25.92	83.7	28.18	25.92	88.9	28.14	25.92	89.2	28.65	25.92	85.1
20/06/2018 2:07:49 PM	3612312469	1013.00	28.83	25.92	83.7	28.20	25.92	88.7	28.10	25.92	89.5	28.65	25.92	85.1
20/06/2018 2:07:50 PM	3612312470	1013.00	28.83	25.92	83.7	28.20	25.92	88.7	28.12	25.92	89.4	28.67	25.92	84.9
20/06/2018 2:07:51 PM	3612312471	1013.00	28.82	25.92	83.8	28.19	25.92	88.8	28.08	25.92	89.7	28.70	25.92	84.7
20/06/2018 2:07:52 PM	3612312472	1013.00	28.82	25.92	83.8	28.19	25.92	88.8	28.08	25.92	89.7	28.70	25.92	84.7
20/06/2018 2:07:53 PM	3612312473	1013.00	28.82	25.92	83.8	28.21	25.92	88.6	28.10	25.92	89.5	28.69	25.92	84.8
20/06/2018 2:07:54 PM	3612312474	1013.00	28.80	25.92	83.9	28.18	25.92	88.9	28.13	25.92	89.3	28.74	25.92	84.4
20/06/2018 2:07:55 PM	3612312475	1013.00	28.90	25.92	83.2	28.23	25.92	88.5	28.13	25.92	89.3	28.72	25.92	84.6
20/06/2018 2:07:56 PM	3612312476	1013.00	28.85	25.92	83.6	28.20	25.92	88.7	28.11	25.92	89.5	28.72	25.92	84.6
20/06/2018 2:07:57 PM	3612312477	1013.00	28.86	25.92	83.5	28.22	25.92	88.5	28.06	25.92	89.9	28.72	25.92	84.6
20/06/2018 2:07:58 PM	3612312478	1013.00	28.87	25.92	83.4	28.23	25.92	88.5	28.12	25.92	89.4	28.72	25.92	84.6
20/06/2018 2:07:59 PM	3612312479	1013.00	28.88	25.92	83.3	28.24	25.92	88.4	28.08	25.92	89.7	28.77	25.92	84.2
20/06/2018 2:08:00 PM	3612312480	1013.00	28.87	25.92	83.4	28.19	25.92	88.8	28.09	25.92	89.6	28.80	25.92	83.9
20/06/2018 2:08:01 PM	3612312481	1013.00	28.83	25.92	83.7	28.16	25.92	89.0	28.08	25.92	89.7	28.69	25.92	84.8
20/06/2018 2:08:02 PM	3612312482	1013.00	28.88	25.92	83.3	28.22	25.92	88.5	28.11	25.92	89.5	28.71	25.92	84.6
20/06/2018 2:08:03 PM	3612312483	1013.00	28.83	25.92	83.7	28.21	25.92	88.6	28.15	25.92	89.1	28.69	25.92	84.8
20/06/2018 2:08:04 PM	3612312484	1013.00	28.84	25.92	83.6	28.22	25.92	88.5	28.15	25.92	89.1	28.74	25.92	84.4
20/06/2018 2:08:05 PM	3612312485	1013.00	28.84	25.92	83.6	28.22	25.92	88.5	28.15	25.92	89.1	28.74	25.92	84.4
20/06/2018 2:08:06 PM	3612312486	1013.00	28.84	25.92	83.6	28.25	25.92	88.3	28.14	25.92	89.2	28.76	25.92	84.3
20/06/2018 2:08:07 PM	3612312487	1013.00	28.86	25.91	83.5	28.20	25.91	88.7	28.14	25.91	89.2	28.78	25.91	84.1
20/06/2018 2:08:08 PM	3612312488	1013.00	28.85	25.91	83.6	28.24	25.91	88.4	28.15	25.91	89.1	28.78	25.91	84.1
20/06/2018 2:08:09 PM	3612312489	1013.00	28.88	25.91	83.3	28.16	25.91	89.1	28.12	25.91	89.4	28.74	25.91	84.4
20/06/2018 2:08:10 PM	3612312490	1013.00	28.85	25.92	83.6	28.20	25.92	88.7	28.15	25.92	89.1	28.78	25.92	84.1
20/06/2018 2:08:11 PM	3612312491	1013.00	28.91	25.92	83.1	28.26	25.92	88.2	28.13	25.92	89.3	28.84	25.92	83.6
20/06/2018 2:08:12 PM	3612312492	1013.00	28.87	25.92	83.4	28.21	25.92	88.6	28.15	25.92	89.1	28.81	25.92	83.9
20/06/2018 2:08:13 PM	3612312493	1013.00	28.87	25.92	83.4	28.21	25.92	88.6	28.15	25.92	89.1	28.81	25.92	83.9
20/06/2018 2:08:14 PM	3612312494	1013.00	28.87	25.92	83.4	28.25	25.92	88.3	28.14	25.92	89.2	28.78	25.92	84.1
20/06/2018 2:08:15 PM	3612312495	1013.00	28.89	25.92	83.3	28.28	25.92	88.1	28.13	25.92	89.3	28.77	25.92	84.2
20/06/2018 2:08:16 PM	3612312496	1013.00	28.93	25.92	83.0	28.19	25.92	88.8	28.15	25.92	89.1	28.80	25.92	83.9
20/06/2018 2:08:17 PM	3612312497	1013.00	28.86	25.92	83.5	28.20	25.92	88.7	28.13	25.92	89.3	28.81	25.92	83.9
20/06/2018 2:08:18 PM	3612312498	1013.00	28.86	25.93	83.5	28.26	25.93	88.2	28.12	25.93	89.4	28.81	25.93	83.9
20/06/2018 2:08:19 PM	3612312499	1013.00	28.87	25.92	83.4	28.26	25.92	88.2	28.17	25.92	89.0	28.83	25.92	83.7
20/06/2018 2:08:20 PM	3612312500	1013.00	28.88	25.92	83.3	28.22	25.92	88.5	28.18	25.92	88.9	28.80	25.92	83.9
20/06/2018 2:08:21 PM	3612312501	1013.00	28.86	25.92	83.5	28.23	25.92	88.5	28.19	25.92	88.8	28.80	25.92	83.9
20/06/2018 2:08:22 PM	3612312502	1013.00	28.89	25.92	83.3	28.22	25.92	88.5	28.15	25.92	89.1	28.84	25.92	83.6
20/06/2018 2:08:23 PM	3612312503	1013.00	28.91	25.91	83.1	28.26	25.91	88.2	28.17	25.91	89.0	28.79	25.91	84.0
20/06/2018 2:08:24 PM	3612312504	1013.00	28.92	25.92	83.0	28.24	25.92	88.4	28.18	25.92	88.9	28.77	25.92	84.2
20/06/2018 2:08:25 PM	3612312505	1013.00	28.92	25.92	83.0	28.24	25.92	88.4	28.18	25.92	88.9	28.77	25.92	84.2
20/06/2018 2:08:26 PM	3612312506	1013.00	28.91	25.91	83.1	28.29	25.91	88.0	28.16	25.91	89.1	28.81	25.91	83.9
20/06/2018 2:08:27 PM	3612312507	1013.00	28.94	25.91	82.9	28.24	25.91	88.4	28.22	25.91	88.6	28.84	25.91	83.7
20/06/2018 2:08:28 PM	3612312508	1013.00	28.93	25.91	83.0	28.25	25.91	88.3	28.21	25.91	88.6	28.80	25.91	84.0
20/06/2018 2:08:29 PM	3612312509	1013.00	28.94	25.91	82.9	28.25	25.91	88.3	28.18	25.91	88.9	28.84	25.91	83.7
20/06/2018 2:08:30 PM	3612312510	1013.00	28.90	25.91	83.2	28.26	25.91	88.2	28.20	25.91	88.7	28.85	25.91	83.6
20/06/2018 2:08:31 PM	3612312511	1013.00	28.95	25.91	82.8	28.24	25.91	88.4	28.17	25.91	89.0	28.82	25.91	83.8
20/06/2018 2:08:32 PM	3612312512	1013.00	28.95	25.91	82.8	28.21	25.91	88.6	28.17	25.91	89.0	28.88	25.91	83.3
20/06/2018 2:08:33 PM	3612312513	1013.00	28.95	25.92	82.8	28.26	25.92	88.2	28.20	25.92	88.7	28.86	25.92	83.5
20/06/2018 2:08:34 PM	3612312514	1013.00	28.95	25.92	82.8	28.26	25.92	88.2	28.20	25.92	88.7	28.86	25.92	83.5
20/06/2018 2:08:35 PM	3612312515	1013.00	28.88	25.92	83.3	28.24	25.92	88.4	28.21	25.92	88.6	28.84	25.92	83.6
20/06/2018 2:08:36 PM	3612312516	1013.00	28.95	25.92	82.8	28.30	25.92	87.9	28.21	25.92	88.6	28.82	25.92	83.8
20/06/2018 2:08:37 PM	3612312517	1013.00	28.95	25.92	82.8	28.30	25.92	87.9	28.21	25.92	88.6	28.82	25.92	83.8
20/06/2018 2:08:38 PM	3612312518	1013.00	28.98	25.92	82.6	28.28	25.92	88.1	28.23	25.92	88.5	28.83	25.92	83.7
20/06/2018 2:08:39 PM	3612312519	1013.00	28.94	25.92	82.9	28.26	25.92	88.2	28.19	25.92	88.8	28.86	25.92	83.5
20/06/2018 2:08:40 PM	3612312520	1013.00	28.95	25.92	82.8	28.27	25.92	88.1	28.22	25.92	88.5	28.85	25.92	83.6
20/06/2018 2:08:41 PM	3612312521	1013.00	28.90	25.92	83.2	28.24	25.92	88.4	28.21	25.92	88.6	28.84	25.92	83.6
20/06/2018 2:08:42 PM	3612312522	1013.00	28.95	25.91	82.8	28.27	25.91	88.2	28.21	25.91	88.6	28.82	25.91	83.8
20/06/2018 2:08:43 PM	3612312523	1013.00	28.96	25.91	82.7	28.25	25.91	88.3	28.25	25.91	88.3	28.86	25.91	83.5
20/06/2018 2:08:44 PM	3612312524	1013.00	28.93	25.91	83.0	28.29	25.91	88.0	28.22	25.91	88.6	28.85	25.91	83.6
20/06/2018 2:08:45 PM	3612312525	1013.00	28.93	25.91	83.0	28.29	25.91	88.0	28.22	25.91	88.6	28.85	25.91	83.6
20/06/2018 2:08:46 PM	3612312526	1013.00	28.92	25.90	83.1	28.25	25.90	88.3	28.25	25.90	88.3	28.83	25.90	83.7
20/06/2018 2:08:47 PM	3612312527	1013.00	28.90	25.91	83.2	28.29	25.91	88.0	28.22	25.91	88.6	28.85	25.91	83.6
20/06/2018 2:08:48 PM	3612312528	1013.00	28.93	25.91	83.0	28.22	25.91	88.6	28.23	25.91	88.5	28.85	25.91	83.6
20/06/2018 2:08:49 PM	3612312529	1013.00	28.95	25.91	82.8	28.30	25.91	87.9	28.25	25.91	88.3	28.86	25.91	83.5
20/06/2018 2:08:50 PM	3612312530	1013.00	28.97	25.91	82.7	28.25	25.91	88.3	28.23	25.91	88.5	28.84	25.91	83.7
20/06/2018 2:08:51 PM	3612312531	1013.00	28.94	25.91	82.9	28.27	25.91	88.2	28.21	25.91	88.6	28.84	25.91	83.7
20/06/2018 2:08:52 PM	3612312532	1013.00	28.95	25.91	82.8	28.28	25.91	88.1	28.24	25.91	88.4	28.84	25.91	83.7
20/06/2018 2:08:53 PM	3612312533	1013.00	28.96	25.91	82.7	28.24	25.91	88.4	28.26	25.91	88.2	28.85	25.91	83.6
20/06/2018 2:08:54 PM	3612312534	1013.00	28.94	25.92	82.9	28.28	25.92	88.1	28.27	25.92	88.1	28.87	25.92	83.4
20/06/2018 2:08:55 PM	3612312535	1013.00	28.94	25.92	82.9	28.28	25.92	88.1	28.27	25.92	88.1	28.87	25.92	83.4
20/06/2018 2:08:56 PM	3612312536	1013.00	28.93	25.91	83.0	28.27	25.91	88.2	28.22	25.91	88.6	28.86	25.91	83.5
20/06/2018 2:08:57 PM	3612312537	1013.00	28.93	25.91	83.0	28.27	25.91	88.2	28.22	25.91	88.6	28.86	25.91	83.5
20/06/2018 2:08:58 PM	3612312538	1013.00	29.02	25.91	82.3	28.26	25.91	88.2	28.26	25.91	88.2	28.86	25.91	83.5
20/06/2018 2:08:59 PM	3612312539	1013.00	28.96	25.91	82.7	28.30	25.91	87.9	28.23	25.91	88.5	28.87	25.91	83.4
20/06/2018 2:09:00 PM	3612312540	1013.00	28.92	25.91	83.0	28.26	25.91	88.2	28.25	25.91	88.3	28.84	25.91	83.7
20/06/2018 2:09:01 PM	3612312541	1013.00	28.96	25.92	82.7	28.25	25.92	88.3	28.25	25.92	88.3	28.82	25.92	83.8
20/06/2018 2:09:02 PM	3612312542	1013.00	28.99	25.92	82.5	28.30	25.92	87.9	28.30	25.92	87.9	28.87	25.92	83.4
20/06/2018 2:09:03 PM	3612312543	1013.00	28.98	25.91	82.6	28.26	25.91	88.2	28.23	25.91	88.5	28.92	25.91	83.0
20/06/2018 2:09:04 PM	3612312544	1013.00	28.95	25.92	82.8	28.27	25.92	88.1	28.23	25.92	88.5	28.86	25.92	83.5
20/06/2018 2:09:05 PM	3612312545	1013.00	28.99	25.92	82.5	28.24	25.92	88.4	28.28	25.92	88.1	28.91	25.92	83.1
20/06/2018 2:09:06 PM	3612312546	1013.00	28.95	25.92	82.8	28.30	25.92	87.9	28.30	25.92	87.9	28.96	25.92	82.7
20/06/2018 2:09:07 PM	3612312547	1013.00	28.97	25.91	82.7	28.26	25.91	88.2	28.28	25.91	88.1	28.91	25.91	83.1
20/06/2018 2:09:08 PM	3612312548	1013.00	28.97	25.92	82.6	28.31	25.92	87.8	28.29	25.92	88.0	28.90	25.92	83.2
20/06/2018 2:09:09 PM	3612312549	1013.00	28.97	25.92	82.6	28.31	25.92	87.8	28.29	25.92	88.0	28.90	25.92	83.2
20/06/2018 2:09:10 PM	3612312550	1013.00	28.98	25.91	82.6	28.22	25.91	88.6	28.34	25.91	87.6	28.91	25.91	83.1
20/06/2018 2:09:11 PM	3612312551	1013.00	29.00	25.91	82.4	28.31	25.91	87.8	28.33	25.91	87.7	28.91	25.91	83.1
20/06/2018 2:09:12 PM	3612312552	1013.00	29.04	25.91	82.1	28.27	25.91	88.2	28.29	25.91	88.0	28.91	25.91	83.1
20/06/2018 2:09:13 PM	3612312553	1013.00	28.98	25.91	82.6	28.33	25.91	87.7	28.33	25.91	87.7	28.92	25.91	83.0
20/06/2018 2:09:14 PM	3612312554	1013.00	29.01	25.91	82.4	28.29	25.91	88.0	28.29	25.91	88.0	28.89	25.91	83.3
20/06/2018 2:09:15 PM	3612312555	1013.00	29.02	25.91	82.3	28.30	25.91	87.9	28.28	25.91	88.1	28.96	25.91	82.7
20/06/2018 2:09:16 PM	3612312556	1013.00	29.02	25.91	82.3	28.30	25.91	87.9	28.28	25.91	88.1	28.96	25.91	82.7
20/06/2018 2:09:17 PM	3612312557	1013.00	28.96	25.91	82.7	28.31	25.91	87.8	28.29	25.91	88.0	28.91	25.91	83.1
20/06/2018 2:09:18 PM	3612312558	1013.00	28.98	25.90	82.6	28.33	25.90	87.7	28.31	25.90	87.8	28.91	25.90	83.1
20/06/2018 2:09:19 PM	3612312559	1013.00	28.98	25.90	82.6	28.33	25.90	87.7	28.28	25.90	88.1	28.96	25.90	82.8
20/06/2018 2:09:20 PM	3612312560	1013.00	29.02	25.90	82.3	28.30	25.90	87.9	28.31	25.90	87.8	28.96	25.90	82.8
20/06/2018 2:09:21 PM	3612312561	1013.00	28.98	25.90	82.6	28.31	25.90	87.8	28.32	25.90	87.8	28.94	25.90	82.9
20/06/2018 2:09:22 PM	3612312562	1013.00	29.02	25.91	82.3	28.35	25.91	87.5	28.35	25.91	87.5	28.95	25.91	82.8
20/06/2018 2:09:23 PM	3612312563	1013.00	29.02	25.91	82.3	28.37	25.91	87.3	28.33	25.91	87.7	28.89	25.91	83.3
20/06/2018 2:09:24 PM	3612312564	1013.00	29.02	25.91	82.3	28.32	25.91	87.7	28.34	25.91	87.6	28.94	25.91	82.9
20/06/2018 2:09:25 PM	3612312565	1013.00	29.02	25.91	82.3	28.32	25.91	87.7	28.35	25.91	87.5	29.02	25.91	82.3
20/06/2018 2:09:26 PM	3612312566	1013.00	29.00	25.91	82.4	28.34	25.91	87.6	28.31	25.91	87.8	28.96	25.91	82.7
20/06/2018 2:09:27 PM	3612312567	1013.00	29.06	25.91	82.0	28.35	25.91	87.5	28.33	25.91	87.7	28.97	25.91	82.7
20/06/2018 2:09:28 PM	3612312568	1013.00	28.96	25.91	82.7	28.32	25.91	87.7	28.34	25.91	87.6	28.95	25.91	82.8
20/06/2018 2:09:29 PM	3612312569	1013.00	28.96	25.91	82.7	28.32	25.91	87.7	28.34	25.91	87.6	28.95	25.91	82.8
20/06/2018 2:09:30 PM	3612312570	1013.00	29.04	25.90	82.2	28.31	25.90	87.8	28.33	25.90	87.7	28.96	25.90	82.8
20/06/2018 2:09:31 PM	3612312571	1013.00	29.01	25.90	82.4	28.31	25.90	87.8	28.34	25.90	87.6	28.99	25.90	82.5
20/06/2018 2:09:32 PM	3612312572	1013.00	29.07	25.90	81.9	28.30	25.90	87.9	28.35	25.90	87.5	28.97	25.90	82.7
20/06/2018 2:09:33 PM	3612312573	1013.00	29.01	25.90	82.4	28.34	25.90	87.6	28.32	25.90	87.8	28.98	25.90	82.6
20/06/2018 2:09:34 PM	3612312574	1013.00	29.02	25.91	82.3	28.35	25.91	87.5	28.37	25.91	87.3	29.00	25.91	82.4
20/06/2018 2:09:35 PM	3612312575	1013.00	29.02	25.91	82.3	28.34	25.91	87.6	28.36	25.91	87.4	29.04	25.91	82.1
20/06/2018 2:09:36 PM	3612312576	1013.00	29.01	25.91	82.4	28.33	25.91	87.7	28.37	25.91	87.3	28.97	25.91	82.7
20/06/2018 2:09:37 PM	3612312577	1013.00	29.01	25.91	82.4	28.33	25.91	87.7	28.37	25.91	87.3	28.97	25.91	82.7
20/06/2018 2:09:38 PM	3612312578	1013.00	29.00	25.91	82.4	28.33	25.91	87.7	28.36	25.91	87.4	29.01	25.91	82.4
20/06/2018 2:09:39 PM	3612312579	1013.00	29.03	25.91	82.2	28.34	25.91	87.6	28.37	25.91	87.3	29.02	25.91	82.3
20/06/2018 2:09:40 PM	3612312580	1013.00	29.01	25.91	82.4	28.31	25.91	87.8	28.38	25.91	87.3	29.02	25.91	82.3
20/06/2018 2:09:41 PM	3612312581	1013.00	29.06	25.91	82.0	28.33	25.91	87.7	28.37	25.91	87.3	29.07	25.91	81.9
20/06/2018 2:09:42 PM	3612312582	1013.00	29.04	25.91	82.1	28.35	25.91	87.5	28.36	25.91	87.4	29.08	25.91	81.8
20/06/2018 2:09:43 PM	3612312583	1013.00	29.03	25.91	82.2	28.37	25.91	87.3	28.38	25.91	87.3	29.03	25.91	82.2
20/06/2018 2:09:44 PM	3612312584	1013.00	29.03	25.91	82.2	28.38	25.91	87.3	28.38	25.91	87.3	29.02	25.91	82.3
20/06/2018 2:09:45 PM	3612312585	1013.00	29.04	25.91	82.1	28.35	25.91	87.5	28.38	25.91	87.3	29.10	25.91	81.7
20/06/2018 2:09:46 PM	3612312586	1013.00	29.05	25.91	82.1	28.32	25.91	87.7	28.39	25.91	87.2	29.06	25.91	82.0
20/06/2018 2:09:47 PM	3612312587	1013.00	29.02	25.91	82.3	28.33	25.91	87.7	28.38	25.91	87.3	29.04	25.91	82.1
20/06/2018 2:09:48 PM	3612312588	1013.00	29.04	25.90	82.2	28.31	25.90	87.8	28.37	25.90	87.4	29.08	25.90	81.9
20/06/2018 2:09:49 PM	3612312589	1013.00	29.04	25.90	82.2	28.31	25.90	87.8	28.37	25.90	87.4	29.08	25.90	81.9
20/06/2018 2:09:50 PM	3612312590	1013.00	29.03	25.91	82.2	28.38	25.91	87.3	28.41	25.91	87.0	29.07	25.91	81.9
20/06/2018 2:09:51 PM	3612312591	1013.00	29.07	25.91	81.9	28.33	25.91	87.7	28.35	25.91	87.5	29.07	25.91	81.9
20/06/2018 2:09:52 PM	3612312592	1013.00	29.06	25.91	82.0	28.33	25.91	87.7	28.42	25.91	86.9	29.09	25.91	81.8
20/06/2018 2:09:53 PM	3612312593	1013.00	29.06	25.91	82.0	28.34	25.91	87.6	28.39	25.91	87.2	29.05	25.91	82.1
20/06/2018 2:09:54 PM	3612312594	1013.00	29.07	25.91	81.9	28.35	25.91	87.5	28.40	25.91	87.1	29.07	25.91	81.9
20/06/2018 2:09:55 PM	3612312595	1013.00	29.07	25.90	81.9	28.36	25.90	87.4	28.42	25.90	87.0	29.04	25.90	82.2
20/06/2018 2:09:56 PM	3612312596	1013.00	29.02	25.90	82.3	28.38	25.90	87.3	28.40	25.90	87.1	29.10	25.90	81.7
20/06/2018 2:09:57 PM	3612312597	1013.00	29.07	25.90	81.9	28.35	25.90	87.5	28.40	25.90	87.1	29.10	25.90	81.7
20/06/2018 2:09:58 PM	3612312598	1013.00	29.07	25.90	81.9	28.35	25.90	87.5	28.40	25.90	87.1	29.10	25.90	81.7
20/06/2018 2:09:59 PM	3612312599	1013.00	29.08	25.90	81.9	28.38	25.90	87.3	28.39	25.90	87.2	29.03	25.90	82.2
20/06/2018 2:10:00 PM	3612312600	1013.00	29.05	25.90	82.1	28.34	25.90	87.6	28.42	25.90	87.0	29.10	25.90	81.7
20/06/2018 2:10:01 PM	3612312601	1013.00	29.05	25.90	82.1	28.34	25.90	87.6	28.42	25.90	87.0	29.10	25.90	81.7
20/06/2018 2:10:02 PM	3612312602	1013.00	29.08	25.91	81.8	28.37	25.91	87.3	28.45	25.91	86.7	29.07	25.91	81.9
20/06/2018 2:10:03 PM	3612312603	1013.00	29.10	25.91	81.7	28.40	25.91	87.1	28.45	25.91	86.7	29.08	25.91	81.8
20/06/2018 2:10:04 PM	3612312604	1013.00	29.07	25.91	81.9	28.39	25.91	87.2	28.44	25.91	86.8	29.07	25.91	81.9
20/06/2018 2:10:05 PM	3612312605	1013.00	29.10	25.91	81.7	28.32	25.91	87.7	28.43	25.91	86.9	29.10	25.91	81.7
20/06/2018 2:10:06 PM	3612312606	1013.00	29.13	25.90	81.5	28.43	25.90	86.9	28.46	25.90	86.6	29.06	25.90	82.0
20/06/2018 2:10:07 PM	3612312607	1013.00	29.09	25.90	81.8	28.41	25.90	87.0	28.43	25.90	86.9	29.09	25.90	81.8
20/06/2018 2:10:08 PM	3612312608	1013.00	29.12	25.90	81.6	28.39	25.90	87.2	28.50	25.90	86.3	29.07	25.90	81.9
20/06/2018 2:10:09 PM	3612312609	1013.00	29.12	25.90	81.6	28.39	25.90	87.2	28.50	25.90	86.3	29.07	25.90	81.9
20/06/2018 2:10:10 PM	3612312610	1013.00	29.10	25.90	81.7	28.42	25.90	87.0	28.49	25.90	86.4	29.11	25.90	81.6
20/06/2018 2:10:11 PM	3612312611	1013.00	29.14	25.90	81.4	28.39	25.90	87.2	28.41	25.90	87.0	29.11	25.90	81.6
20/06/2018 2:10:12 PM	3612312612	1013.00	29.13	25.90	81.5	28.39	25.90	87.2	28.51	25.90	86.2	29.14	25.90	81.4
20/06/2018 2:10:13 PM	3612312613	1013.00	29.12	25.90	81.6	28.39	25.90	87.2	28.47	25.90	86.6	29.12	25.90	81.6
20/06/2018 2:10:14 PM	3612312614	1013.00	29.13	25.90	81.5	28.37	25.90	87.4	28.46	25.90	86.6	29.07	25.90	81.9
20/06/2018 2:10:15 PM	3612312615	1013.00	29.12	25.90	81.6	28.37	25.90	87.4	28.45	25.90	86.7	29.11	25.90	81.6
20/06/2018 2:10:16 PM	3612312616	1013.00	29.10	25.91	81.7	28.40	25.91	87.1	28.50	25.91	86.3	29.12	25.91	81.5
20/06/2018 2:10:17 PM	3612312617	1013.00	29.14	25.91	81.4	28.41	25.91	87.0	28.51	25.91	86.2	29.10	25.91	81.7
20/06/2018 2:10:18 PM	3612312618	1013.00	29.11	25.91	81.6	28.43	25.91	86.9	28.50	25.91	86.3	29.08	25.91	81.8
20/06/2018 2:10:19 PM	3612312619	1013.00	29.11	25.91	81.6	28.43	25.91	86.9	28.50	25.91	86.3	29.08	25.91	81.8
20/06/2018 2:10:20 PM	3612312620	1013.00	29.12	25.91	81.5	28.43	25.91	86.9	28.50	25.91	86.3	29.09	25.91	81.8
20/06/2018 2:10:21 PM	3612312621	1013.00	29.12	25.91	81.5	28.43	25.91	86.9	28.50	25.91	86.3	29.09	25.91	81.8
20/06/2018 2:10:22 PM	3612312622	1013.00	29.09	25.91	81.8	28.39	25.91	87.2	28.49	25.91	86.4	29.12	25.91	81.5
20/06/2018 2:10:23 PM	3612312623	1013.00	29.12	25.91	81.5	28.45	25.91	86.7	28.52	25.91	86.1	29.11	25.91	81.6
20/06/2018 2:10:24 PM	3612312624	1013.00	29.17	25.91	81.2	28.43	25.91	86.9	28.52	25.91	86.1	29.11	25.91	81.6
20/06/2018 2:10:25 PM	3612312625	1013.00	29.15	25.90	81.3	28.41	25.90	87.0	28.48	25.90	86.5	29.12	25.90	81.6
20/06/2018 2:10:26 PM	3612312626	1013.00	29.14	25.90	81.4	28.43	25.90	86.9	28.53	25.90	86.1	29.17	25.90	81.2
20/06/2018 2:10:27 PM	3612312627	1013.00	29.16	25.90	81.3	28.46	25.90	86.6	28.49	25.90	86.4	29.18	25.90	81.1
20/06/2018 2:10:28 PM	3612312628	1013.00	29.16	25.90	81.3	28.36	25.90	87.4	28.54	25.90	86.0	29.20	25.90	81.0
20/06/2018 2:10:29 PM	3612312629	1013.00	29.17	25.90	81.2	28.46	25.90	86.6	28.54	25.90	86.0	29.20	25.90	81.0
20/06/2018 2:10:30 PM	3612312630	1013.00	29.14	25.90	81.4	28.45	25.90	86.7	28.47	25.90	86.6	29.15	25.90	81.3
20/06/2018 2:10:31 PM	3612312631	1013.00	29.13	25.91	81.5	28.40	25.91	87.1	28.50	25.91	86.3	29.15	25.91	81.3
20/06/2018 2:10:32 PM	3612312632	1013.00	29.15	25.91	81.3	28.38	25.91	87.3	28.50	25.91	86.3	29.17	25.91	81.2
20/06/2018 2:10:33 PM	3612312633	1013.00	29.15	25.91	81.3	28.38	25.91	87.3	28.50	25.91	86.3	29.17	25.91	81.2
20/06/2018 2:10:34 PM	3612312634	1013.00	29.18	25.91	81.1	28.46	25.91	86.6	28.52	25.91	86.1	29.13	25.91	81.5
20/06/2018 2:10:35 PM	3612312635	1013.00	29.19	25.91	81.0	28.43	25.91	86.9	28.50	25.91	86.3	29.14	25.91	81.4
20/06/2018 2:10:36 PM	3612312636	1013.00	29.16	25.91	81.2	28.44	25.91	86.8	28.53	25.91	86.1	29.16	25.91	81.2
20/06/2018 2:10:37 PM	3612312637	1013.00	29.17	25.91	81.2	28.41	25.91	87.0	28.51	25.91	86.2	29.19	25.91	81.0
20/06/2018 2:10:38 PM	3612312638	1013.00	29.19	25.90	81.0	28.50	25.90	86.3	28.54	25.90	86.0	29.17	25.90	81.2
20/06/2018 2:10:39 PM	3612312639	1013.00	29.20	25.90	81.0	28.41	25.90	87.0	28.53	25.90	86.1	29.19	25.90	81.0
20/06/2018 2:10:40 PM	3612312640	1013.00	29.20	25.90	81.0	28.41	25.90	87.0	28.53	25.90	86.1	29.19	25.90	81.0
20/06/2018 2:10:41 PM	3612312641	1013.00	29.22	25.90	80.8	28.43	25.90	86.9	28.53	25.90	86.1	29.18	25.90	81.1
20/06/2018 2:10:42 PM	3612312642	1013.00	29.20	25.90	81.0	28.44	25.90	86.8	28.54	25.90	86.0	29.16	25.90	81.3
20/06/2018 2:10:43 PM	3612312643	1013.00	29.17	25.90	81.2	28.47	25.90	86.6	28.52	25.90	86.2	29.17	25.90	81.2
20/06/2018 2:10:44 PM	3612312644	1013.00	29.16	25.90	81.3	28.39	25.90	87.2	28.56	25.90	85.8	29.21	25.90	80.9
20/06/2018 2:10:45 PM	3612312645	1013.00	29.17	25.90	81.2	28.42	25.90	87.0	28.58	25.90	85.7	29.14	25.90	81.4
20/06/2018 2:10:46 PM	3612312646	1013.00	29.18	25.90	81.1	28.40	25.90	87.1	28.58	25.90	85.7	29.19	25.90	81.0
20/06/2018 2:10:47 PM	3612312647	1013.00	29.18	25.89	81.1	28.42	25.89	87.0	28.55	25.89	85.9	29.14	25.89	81.4
20/06/2018 2:10:48 PM	3612312648	1013.00	29.21	25.90	80.9	28.41	25.90	87.0	28.56	25.90	85.8	29.20	25.90	81.0
20/06/2018 2:10:49 PM	3612312649	1013.00	29.23	25.90	80.7	28.45	25.90	86.7	28.56	25.90	85.8	29.17	25.90	81.2
20/06/2018 2:10:50 PM	3612312650	1013.00	29.20	25.90	81.0	28.46	25.90	86.6	28.60	25.90	85.5	29.15	25.90	81.3
20/06/2018 2:10:51 PM	3612312651	1013.00	29.20	25.90	81.0	28.45	25.90	86.7	28.59	25.90	85.6	29.20	25.90	81.0
20/06/2018 2:10:52 PM	3612312652	1013.00	29.27	25.90	80.5	28.46	25.90	86.6	28.56	25.90	85.8	29.16	25.90	81.3
20/06/2018 2:10:53 PM	3612312653	1013.00	29.27	25.90	80.5	28.46	25.90	86.6	28.56	25.90	85.8	29.16	25.90	81.3
20/06/2018 2:10:54 PM	3612312654	1013.00	29.21	25.90	80.9	28.39	25.90	87.2	28.61	25.90	85.4	29.21	25.90	80.9
20/06/2018 2:10:55 PM	3612312655	1013.00	29.21	25.90	80.9	28.43	25.90	86.9	28.61	25.90	85.4	29.21	25.90	80.9
20/06/2018 2:10:56 PM	3612312656	1013.00	29.22	25.90	80.8	28.47	25.90	86.6	28.58	25.90	85.7	29.23	25.90	80.7
20/06/2018 2:10:57 PM	3612312657	1013.00	29.20	25.90	81.0	28.41	25.90	87.0	28.61	25.90	85.4	29.20	25.90	81.0
20/06/2018 2:10:58 PM	3612312658	1013.00	29.18	25.89	81.1	28.43	25.89	86.9	28.62	25.89	85.4	29.25	25.89	80.6
20/06/2018 2:10:59 PM	3612312659	1013.00	29.20	25.89	81.0	28.41	25.89	87.1	28.61	25.89	85.5	29.23	25.89	80.8
20/06/2018 2:11:00 PM	3612312660	1013.00	29.26	25.89	80.5	28.46	25.89	86.7	28.62	25.89	85.4	29.25	25.89	80.6
20/06/2018 2:11:01 PM	3612312661	1013.00	29.26	25.89	80.5	28.46	25.89	86.7	28.62	25.89	85.4	29.25	25.89	80.6
20/06/2018 2:11:02 PM	3612312662	1013.00	29.24	25.90	80.7	28.46	25.90	86.6	28.58	25.90	85.7	29.19	25.90	81.0
20/06/2018 2:11:03 PM	3612312663	1013.00	29.21	25.90	80.9	28.45	25.90	86.7	28.60	25.90	85.5	29.19	25.90	81.0
20/06/2018 2:11:04 PM	3612312664	1013.00	29.23	25.90	80.7	28.47	25.90	86.6	28.60	25.90	85.5	29.24	25.90	80.7
20/06/2018 2:11:05 PM	3612312665	1013.00	29.21	25.90	80.9	28.46	25.90	86.6	28.63	25.90	85.3	29.29	25.90	80.3
20/06/2018 2:11:06 PM	3612312666	1013.00	29.27	25.90	80.5	28.45	25.90	86.7	28.62	25.90	85.4	29.23	25.90	80.7
20/06/2018 2:11:07 PM	3612312667	1013.00	29.23	25.90	80.7	28.47	25.90	86.6	28.64	25.90	85.2	29.29	25.90	80.3
20/06/2018 2:11:08 PM	3612312668	1013.00	29.23	25.89	80.8	28.47	25.89	86.6	28.64	25.89	85.2	29.31	25.89	80.2
20/06/2018 2:11:09 PM	3612312669	1013.00	29.23	25.89	80.8	28.43	25.89	86.9	28.65	25.89	85.1	29.32	25.89	80.1
20/06/2018 2:11:10 PM	3612312670	1013.00	29.22	25.90	80.8	28.49	25.90	86.4	28.62	25.90	85.4	29.23	25.90	80.7
20/06/2018 2:11:11 PM	3612312671	1013.00	29.23	25.89	80.8	28.47	25.89	86.6	28.62	25.89	85.4	29.29	25.89	80.3
20/06/2018 2:11:12 PM	3612312672	1013.00	29.23	25.90	80.7	28.54	25.90	86.0	28.66	25.90	85.1	29.29	25.90	80.3
20/06/2018 2:11:13 PM	3612312673	1013.00	29.23	25.90	80.7	28.54	25.90	86.0	28.66	25.90	85.1	29.29	25.90	80.3
20/06/2018 2:11:14 PM	3612312674	1013.00	29.20	25.90	81.0	28.46	25.90	86.6	28.64	25.90	85.2	29.34	25.90	79.9
20/06/2018 2:11:15 PM	3612312675	1013.00	29.25	25.90	80.6	28.47	25.90	86.6	28.66	25.90	85.1	29.28	25.90	80.4
20/06/2018 2:11:16 PM	3612312676	1013.00	29.27	25.90	80.5	28.46	25.90	86.6	28.64	25.90	85.2	29.33	25.90	80.0
20/06/2018 2:11:17 PM	3612312677	1013.00	29.27	25.90	80.5	28.50	25.90	86.3	28.63	25.90	85.3	29.28	25.90	80.4
20/06/2018 2:11:18 PM	3612312678	1013.00	29.25	25.89	80.6	28.51	25.89	86.3	28.63	25.89	85.3	29.36	25.89	79.8
20/06/2018 2:11:19 PM	3612312679	1013.00	29.25	25.89	80.6	28.52	25.89	86.2	28.63	25.89	85.3	29.32	25.89	80.1
20/06/2018 2:11:20 PM	3612312680	1013.00	29.25	25.89	80.6	28.46	25.89	86.7	28.65	25.89	85.1	29.33	25.89	80.0
20/06/2018 2:11:21 PM	3612312681	1013.00	29.25	25.89	80.6	28.50	25.89	86.3	28.69	25.89	84.8	29.32	25.89	80.1
20/06/2018 2:11:22 PM	3612312682	1013.00	29.25	25.89	80.6	28.50	25.89	86.3	28.69	25.89	84.8	29.32	25.89	80.1
20/06/2018 2:11:23 PM	3612312683	1013.00	29.30	25.89	80.2	28.52	25.89	86.2	28.67	25.89	85.0	29.38	25.89	79.7
20/06/2018 2:11:24 PM	3612312684	1013.00	29.33	25.90	80.0	28.47	25.90	86.6	28.66	25.90	85.1	29.35	25.90	79.9
20/06/2018 2:11:25 PM	3612312685	1013.00	29.33	25.90	80.0	28.47	25.90	86.6	28.66	25.90	85.1	29.35	25.90	79.9
20/06/2018 2:11:26 PM	3612312686	1013.00	29.29	25.89	80.3	28.53	25.89	86.1	28.65	25.89	85.1	29.32	25.89	80.1
20/06/2018 2:11:27 PM	3612312687	1013.00	29.25	25.89	80.6	28.50	25.89	86.3	28.68	25.89	84.9	29.40	25.89	79.5
20/06/2018 2:11:28 PM	3612312688	1013.00	29.28	25.90	80.4	28.49	25.90	86.4	28.65	25.90	85.1	29.33	25.90	80.0
20/06/2018 2:11:29 PM	3612312689	1013.00	29.32	25.89	80.1	28.46	25.89	86.7	28.67	25.89	85.0	29.40	25.89	79.5
20/06/2018 2:11:30 PM	3612312690	1013.00	29.27	25.89	80.5	28.46	25.89	86.7	28.68	25.89	84.9	29.40	25.89	79.5
20/06/2018 2:11:31 PM	3612312691	1013.00	29.29	25.90	80.3	28.50	25.90	86.3	28.70	25.90	84.7	29.41	25.90	79.4
20/06/2018 2:11:32 PM	3612312692	1013.00	29.31	25.89	80.2	28.52	25.89	86.2	28.65	25.89	85.1	29.35	25.89	79.9
20/06/2018 2:11:33 PM	3612312693	1013.00	29.31	25.89	80.2	28.52	25.89	86.2	28.65	25.89	85.1	29.35	25.89	79.9
20/06/2018 2:11:34 PM	3612312694	1013.00	29.28	25.89	80.4	28.46	25.89	86.7	28.67	25.89	85.0	29.39	25.89	79.6
20/06/2018 2:11:35 PM	3612312695	1013.00	29.28	25.89	80.4	28.52	25.89	86.2	28.69	25.89	84.8	29.46	25.89	79.1
20/06/2018 2:11:36 PM	3612312696	1013.00	29.26	25.89	80.5	28.46	25.89	86.7	28.69	25.89	84.8	29.46	25.89	79.1
20/06/2018 2:11:37 PM	3612312697	1013.00	29.30	25.89	80.2	28.51	25.89	86.3	28.69	25.89	84.8	29.43	25.89	79.3
20/06/2018 2:11:38 PM	3612312698	1013.00	29.30	25.89	80.2	28.48	25.89	86.5	28.67	25.89	85.0	29.47	25.89	79.0
20/06/2018 2:11:39 PM	3612312699	1013.00	29.25	25.89	80.6	28.50	25.89	86.3	28.69	25.89	84.8	29.50	25.89	78.8
20/06/2018 2:11:40 PM	3612312700	1013.00	29.31	25.89	80.2	28.54	25.89	86.0	28.65	25.89	85.1	29.46	25.89	79.1
20/06/2018 2:11:41 PM	3612312701	1013.00	29.30	25.89	80.2	28.58	25.89	85.7	28.69	25.89	84.8	29.51	25.89	78.7
20/06/2018 2:11:42 PM	3612312702	1013.00	29.31	25.89	80.2	28.50	25.89	86.3	28.70	25.89	84.8	29.48	25.89	79.0
20/06/2018 2:11:43 PM	3612312703	1013.00	29.31	25.89	80.2	28.50	25.89	86.3	28.70	25.89	84.8	29.48	25.89	79.0
20/06/2018 2:11:44 PM	3612312704	1013.00	29.30	25.89	80.2	28.53	25.89	86.1	28.77	25.89	84.2	29.46	25.89	79.1
20/06/2018 2:11:45 PM	3612312705	1013.00	29.30	25.89	80.2	28.53	25.89	86.1	28.77	25.89	84.2	29.46	25.89	79.1
20/06/2018 2:11:46 PM	3612312706	1013.00	29.34	25.89	80.0	28.53	25.89	86.1	28.71	25.89	84.7	29.52	25.89	78.7
20/06/2018 2:11:47 PM	3612312707	1013.00	29.31	25.90	80.2	28.52	25.90	86.2	28.72	25.90	84.6	29.54	25.90	78.5
20/06/2018 2:11:48 PM	3612312708	1013.00	29.32	25.90	80.1	28.49	25.90	86.4	28.76	25.90	84.3	29.53	25.90	78.6
20/06/2018 2:11:49 PM	3612312709	1013.00	29.31	25.90	80.2	28.57	25.90	85.8	28.67	25.90	85.0	29.55	25.90	78.4
20/06/2018 2:11:50 PM	3612312710	1013.00	29.35	25.90	79.9	28.55	25.90	85.9	28.73	25.90	84.5	29.48	25.90	78.9
20/06/2018 2:11:51 PM	3612312711	1013.00	29.33	25.90	80.0	28.52	25.90	86.2	28.69	25.90	84.8	29.53	25.90	78.6
20/06/2018 2:11:52 PM	3612312712	1013.00	29.39	25.90	79.6	28.54	25.90	86.0	28.69	25.90	84.8	29.58	25.90	78.2
20/06/2018 2:11:53 PM	3612312713	1013.00	29.33	25.90	80.0	28.52	25.90	86.2	28.72	25.90	84.6	29.53	25.90	78.6
