Date & time of file creation	20/06/2018 2:16 PM													
Data file path	C:\Users\ameli\Desktop\Diego Barneche\20_06_2018\32_C_new_witrox_13.txt													
														
														
CALIBRATION DATA														
Parameter/Channel	N moving average	LO phase [r.U.]	HI phase [r.U.]	LO oxygen [%air saturation]	HI oxygen [%air saturation]	LO temperature [°C]	HI temperature [°C]	Salinity [‰]						
SDWD0003000199      , CH 1	1	59.43	26.91	0.00	100.00	25.93	26.00	0.000						
SDWD0003000199      , CH 2	1	59.43	26.91	0.00	100.00	25.93	26.00	0.000						
SDWD0003000199      , CH 3	1	59.43	26.91	0.00	100.00	25.93	26.00	0.000						
SDWD0003000199      , CH 4	1	59.43	26.91	0.00	100.00	25.93	26.00	0.000						
														
														
Date &Time [DD-MM-YYYY HH:MM:SS]	Time stamp code	Barometric pressure [hPa]	SDWD0003000199      , CH 1 phase [r.U.]	SDWD0003000199      , CH 1 temp [°C]	SDWD0003000199      , CH 1 O2 [% air saturation]	SDWD0003000199      , CH 2 phase [r.U.]	SDWD0003000199      , CH 2 temp [°C]	SDWD0003000199      , CH 2 O2 [% air saturation]	SDWD0003000199      , CH 3 phase [r.U.]	SDWD0003000199      , CH 3 temp [°C]	SDWD0003000199      , CH 3 O2 [% air saturation]	SDWD0003000199      , CH 4 phase [r.U.]	SDWD0003000199      , CH 4 temp [°C]	SDWD0003000199      , CH 4 O2 [% air saturation]
20/06/2018 2:16:43 PM	3612313003	1013.00	25.52	32.13	103.2	25.64	32.13	102.0	25.62	32.13	102.2	25.90	32.13	99.4
20/06/2018 2:16:44 PM	3612313004	1013.00	25.50	32.13	103.4	25.61	32.13	102.3	25.64	32.13	102.0	25.87	32.13	99.7
20/06/2018 2:16:45 PM	3612313005	1013.00	25.46	32.13	103.8	25.63	32.13	102.1	25.63	32.13	102.1	25.86	32.13	99.8
20/06/2018 2:16:46 PM	3612313006	1013.00	25.56	32.13	102.8	25.62	32.13	102.2	25.63	32.13	102.1	25.88	32.13	99.6
20/06/2018 2:16:47 PM	3612313007	1013.00	25.57	32.13	102.7	25.63	32.13	102.1	25.65	32.13	101.9	25.90	32.13	99.4
20/06/2018 2:16:48 PM	3612313008	1013.00	25.51	32.13	103.3	25.70	32.13	101.4	25.63	32.13	102.1	25.89	32.13	99.5
20/06/2018 2:16:49 PM	3612313009	1013.00	25.51	32.13	103.3	25.70	32.13	101.4	25.63	32.13	102.1	25.89	32.13	99.5
20/06/2018 2:16:50 PM	3612313010	1013.00	25.55	32.15	102.9	25.69	32.15	101.5	25.64	32.15	102.0	25.88	32.15	99.6
20/06/2018 2:16:51 PM	3612313011	1013.00	25.59	32.15	102.5	25.71	32.15	101.3	25.64	32.15	102.0	25.91	32.15	99.3
20/06/2018 2:16:52 PM	3612313012	1013.00	25.57	32.16	102.7	25.65	32.16	101.9	25.63	32.16	102.1	25.91	32.16	99.3
20/06/2018 2:16:53 PM	3612313013	1013.00	25.56	32.16	102.8	25.73	32.16	101.1	25.65	32.16	101.9	25.90	32.16	99.4
20/06/2018 2:16:54 PM	3612313014	1013.00	25.54	32.16	103.0	25.64	32.16	102.0	25.65	32.16	101.9	25.90	32.16	99.4
20/06/2018 2:16:55 PM	3612313015	1013.00	25.55	32.16	102.9	25.67	32.16	101.7	25.68	32.16	101.6	25.91	32.16	99.3
20/06/2018 2:16:56 PM	3612313016	1013.00	25.60	32.17	102.3	25.67	32.17	101.6	25.65	32.17	101.8	25.89	32.17	99.5
20/06/2018 2:16:57 PM	3612313017	1013.00	25.59	32.17	102.4	25.68	32.17	101.5	25.66	32.17	101.7	25.89	32.17	99.5
20/06/2018 2:16:58 PM	3612313018	1013.00	25.59	32.17	102.4	25.68	32.17	101.5	25.66	32.17	101.7	25.89	32.17	99.5
20/06/2018 2:16:59 PM	3612313019	1013.00	25.54	32.17	102.9	25.72	32.17	101.1	25.64	32.17	101.9	25.93	32.17	99.1
20/06/2018 2:17:00 PM	3612313020	1013.00	25.57	32.17	102.6	25.69	32.17	101.4	25.63	32.17	102.0	25.92	32.17	99.2
20/06/2018 2:17:01 PM	3612313021	1013.00	25.57	32.17	102.6	25.69	32.17	101.4	25.63	32.17	102.0	25.92	32.17	99.2
20/06/2018 2:17:02 PM	3612313022	1013.00	25.56	32.17	102.7	25.65	32.17	101.8	25.68	32.17	101.5	25.92	32.17	99.2
20/06/2018 2:17:03 PM	3612313023	1013.00	25.56	32.18	102.7	25.66	32.18	101.7	25.69	32.18	101.4	25.92	32.18	99.2
20/06/2018 2:17:04 PM	3612313024	1013.00	25.59	32.18	102.4	25.68	32.18	101.5	25.66	32.18	101.7	25.92	32.18	99.2
20/06/2018 2:17:05 PM	3612313025	1013.00	25.59	32.18	102.4	25.74	32.18	100.9	25.66	32.18	101.7	25.93	32.18	99.1
20/06/2018 2:17:06 PM	3612313026	1013.00	25.58	32.18	102.5	25.73	32.18	101.0	25.66	32.18	101.7	25.95	32.18	98.9
20/06/2018 2:17:07 PM	3612313027	1013.00	25.64	32.18	101.9	25.68	32.18	101.5	25.71	32.18	101.2	25.96	32.18	98.8
20/06/2018 2:17:08 PM	3612313028	1013.00	25.59	32.19	102.4	25.69	32.19	101.4	25.64	32.19	101.9	25.94	32.19	99.0
20/06/2018 2:17:09 PM	3612313029	1013.00	25.59	32.19	102.4	25.69	32.19	101.4	25.64	32.19	101.9	25.94	32.19	99.0
20/06/2018 2:17:10 PM	3612313030	1013.00	25.61	32.19	102.2	25.79	32.19	100.4	25.67	32.19	101.6	25.95	32.19	98.9
20/06/2018 2:17:11 PM	3612313031	1013.00	25.57	32.19	102.6	25.68	32.19	101.5	25.69	32.19	101.4	25.97	32.19	98.7
20/06/2018 2:17:12 PM	3612313032	1013.00	25.59	32.19	102.4	25.68	32.19	101.5	25.67	32.19	101.6	25.92	32.19	99.1
20/06/2018 2:17:13 PM	3612313033	1013.00	25.53	32.19	103.0	25.68	32.19	101.5	25.67	32.19	101.6	25.98	32.19	98.6
20/06/2018 2:17:14 PM	3612313034	1013.00	25.58	32.19	102.5	25.71	32.19	101.2	25.66	32.19	101.7	25.96	32.19	98.8
20/06/2018 2:17:15 PM	3612313035	1013.00	25.60	32.19	102.3	25.71	32.19	101.2	25.68	32.19	101.5	25.93	32.19	99.0
20/06/2018 2:17:16 PM	3612313036	1013.00	25.64	32.19	101.9	25.68	32.19	101.5	25.72	32.19	101.1	25.95	32.19	98.9
20/06/2018 2:17:17 PM	3612313037	1013.00	25.63	32.19	102.0	25.71	32.19	101.2	25.70	32.19	101.3	25.96	32.19	98.8
20/06/2018 2:17:18 PM	3612313038	1013.00	25.62	32.19	102.1	25.74	32.19	100.9	25.66	32.19	101.7	25.97	32.19	98.7
20/06/2018 2:17:19 PM	3612313039	1013.00	25.62	32.19	102.1	25.74	32.19	100.9	25.66	32.19	101.7	25.97	32.19	98.7
20/06/2018 2:17:20 PM	3612313040	1013.00	25.60	32.19	102.3	25.73	32.19	101.0	25.68	32.19	101.5	25.96	32.19	98.8
20/06/2018 2:17:21 PM	3612313041	1013.00	25.60	32.19	102.3	25.73	32.19	101.0	25.68	32.19	101.5	25.96	32.19	98.8
20/06/2018 2:17:22 PM	3612313042	1013.00	25.64	32.19	101.9	25.71	32.19	101.2	25.69	32.19	101.4	25.98	32.19	98.6
20/06/2018 2:17:23 PM	3612313043	1013.00	25.58	32.19	102.5	25.79	32.19	100.4	25.70	32.19	101.3	25.99	32.19	98.5
20/06/2018 2:17:24 PM	3612313044	1013.00	25.66	32.19	101.7	25.72	32.19	101.1	25.73	32.19	101.0	25.99	32.19	98.5
20/06/2018 2:17:25 PM	3612313045	1013.00	25.59	32.19	102.4	25.71	32.19	101.2	25.69	32.19	101.4	26.01	32.19	98.3
20/06/2018 2:17:26 PM	3612313046	1013.00	25.66	32.19	101.7	25.73	32.19	101.0	25.69	32.19	101.4	26.00	32.19	98.4
20/06/2018 2:17:27 PM	3612313047	1013.00	25.57	32.19	102.6	25.73	32.19	101.0	25.70	32.19	101.3	26.01	32.19	98.3
20/06/2018 2:17:28 PM	3612313048	1013.00	25.67	32.20	101.6	25.74	32.20	100.9	25.70	32.20	101.3	25.99	32.20	98.5
20/06/2018 2:17:29 PM	3612313049	1013.00	25.63	32.19	102.0	25.75	32.19	100.8	25.71	32.19	101.2	26.03	32.19	98.1
20/06/2018 2:17:30 PM	3612313050	1013.00	25.61	32.19	102.2	25.76	32.19	100.7	25.74	32.19	100.9	25.99	32.19	98.5
20/06/2018 2:17:31 PM	3612313051	1013.00	25.65	32.20	101.8	25.67	32.20	101.6	25.69	32.20	101.4	26.03	32.20	98.1
20/06/2018 2:17:32 PM	3612313052	1013.00	25.68	32.20	101.5	25.73	32.20	101.0	25.70	32.20	101.3	26.02	32.20	98.2
20/06/2018 2:17:33 PM	3612313053	1013.00	25.68	32.20	101.5	25.73	32.20	101.0	25.70	32.20	101.3	26.02	32.20	98.2
20/06/2018 2:17:34 PM	3612313054	1013.00	25.65	32.20	101.8	25.77	32.20	100.6	25.72	32.20	101.1	26.03	32.20	98.1
20/06/2018 2:17:35 PM	3612313055	1013.00	25.60	32.20	102.3	25.74	32.20	100.9	25.67	32.20	101.6	26.00	32.20	98.4
20/06/2018 2:17:36 PM	3612313056	1013.00	25.65	32.20	101.8	25.69	32.20	101.4	25.66	32.20	101.7	26.03	32.20	98.1
20/06/2018 2:17:37 PM	3612313057	1013.00	25.59	32.19	102.4	25.75	32.19	100.8	25.73	32.19	101.0	26.02	32.19	98.2
20/06/2018 2:17:38 PM	3612313058	1013.00	25.61	32.20	102.2	25.73	32.20	101.0	25.71	32.20	101.2	26.06	32.20	97.8
20/06/2018 2:17:39 PM	3612313059	1013.00	25.69	32.20	101.4	25.70	32.20	101.3	25.70	32.20	101.3	26.04	32.20	98.0
20/06/2018 2:17:40 PM	3612313060	1013.00	25.69	32.20	101.4	25.70	32.20	101.3	25.70	32.20	101.3	26.04	32.20	98.0
20/06/2018 2:17:41 PM	3612313061	1013.00	25.65	32.20	101.8	25.80	32.20	100.3	25.74	32.20	100.9	26.02	32.20	98.2
20/06/2018 2:17:42 PM	3612313062	1013.00	25.62	32.21	102.1	25.71	32.21	101.2	25.71	32.21	101.2	26.05	32.21	97.9
20/06/2018 2:17:43 PM	3612313063	1013.00	25.66	32.20	101.7	25.73	32.20	101.0	25.70	32.20	101.3	26.05	32.20	97.9
20/06/2018 2:17:44 PM	3612313064	1013.00	25.64	32.20	101.9	25.79	32.20	100.4	25.72	32.20	101.1	26.04	32.20	98.0
20/06/2018 2:17:45 PM	3612313065	1013.00	25.64	32.20	101.9	25.72	32.20	101.1	25.73	32.20	101.0	26.03	32.20	98.1
20/06/2018 2:17:46 PM	3612313066	1013.00	25.67	32.20	101.6	25.76	32.20	100.7	25.71	32.20	101.2	26.06	32.20	97.8
20/06/2018 2:17:47 PM	3612313067	1013.00	25.62	32.20	102.1	25.77	32.20	100.6	25.75	32.20	100.8	26.05	32.20	97.9
20/06/2018 2:17:48 PM	3612313068	1013.00	25.62	32.20	102.1	25.75	32.20	100.8	25.72	32.20	101.1	26.07	32.20	97.7
20/06/2018 2:17:49 PM	3612313069	1013.00	25.68	32.20	101.5	25.77	32.20	100.6	25.75	32.20	100.8	26.06	32.20	97.8
20/06/2018 2:17:50 PM	3612313070	1013.00	25.71	32.20	101.2	25.71	32.20	101.2	25.73	32.20	101.0	26.06	32.20	97.8
20/06/2018 2:17:51 PM	3612313071	1013.00	25.68	32.20	101.5	25.78	32.20	100.5	25.72	32.20	101.1	26.10	32.20	97.4
20/06/2018 2:17:52 PM	3612313072	1013.00	25.70	32.20	101.3	25.73	32.20	101.0	25.73	32.20	101.0	26.09	32.20	97.5
20/06/2018 2:17:53 PM	3612313073	1013.00	25.70	32.20	101.3	25.73	32.20	101.0	25.73	32.20	101.0	26.09	32.20	97.5
20/06/2018 2:17:54 PM	3612313074	1013.00	25.71	32.20	101.2	25.78	32.20	100.5	25.72	32.20	101.1	26.10	32.20	97.4
20/06/2018 2:17:55 PM	3612313075	1013.00	25.67	32.21	101.6	25.73	32.21	101.0	25.72	32.21	101.1	26.09	32.21	97.5
20/06/2018 2:17:56 PM	3612313076	1013.00	25.66	32.20	101.7	25.84	32.20	99.9	25.75	32.20	100.8	26.08	32.20	97.6
20/06/2018 2:17:57 PM	3612313077	1013.00	25.66	32.20	101.7	25.73	32.20	101.0	25.74	32.20	100.9	26.12	32.20	97.2
20/06/2018 2:17:58 PM	3612313078	1013.00	25.66	32.20	101.7	25.75	32.20	100.8	25.77	32.20	100.6	26.13	32.20	97.1
20/06/2018 2:17:59 PM	3612313079	1013.00	25.67	32.21	101.6	25.78	32.21	100.5	25.73	32.21	101.0	26.10	32.21	97.4
20/06/2018 2:18:00 PM	3612313080	1013.00	25.73	32.20	101.0	25.70	32.20	101.3	25.77	32.20	100.6	26.11	32.20	97.3
20/06/2018 2:18:01 PM	3612313081	1013.00	25.73	32.20	101.0	25.70	32.20	101.3	25.77	32.20	100.6	26.11	32.20	97.3
20/06/2018 2:18:02 PM	3612313082	1013.00	25.68	32.21	101.5	25.81	32.21	100.2	25.75	32.21	100.8	26.14	32.21	97.0
20/06/2018 2:18:03 PM	3612313083	1013.00	25.72	32.21	101.1	25.74	32.21	100.9	25.75	32.21	100.8	26.12	32.21	97.2
20/06/2018 2:18:04 PM	3612313084	1013.00	25.70	32.21	101.3	25.76	32.21	100.7	25.74	32.21	100.9	26.12	32.21	97.2
20/06/2018 2:18:05 PM	3612313085	1013.00	25.67	32.21	101.6	25.76	32.21	100.7	25.75	32.21	100.8	26.17	32.21	96.7
20/06/2018 2:18:06 PM	3612313086	1013.00	25.70	32.21	101.3	25.79	32.21	100.4	25.75	32.21	100.8	26.12	32.21	97.2
20/06/2018 2:18:07 PM	3612313087	1013.00	25.66	32.21	101.7	25.73	32.21	101.0	25.76	32.21	100.7	26.12	32.21	97.2
20/06/2018 2:18:08 PM	3612313088	1013.00	25.69	32.20	101.4	25.80	32.20	100.3	25.79	32.20	100.4	26.17	32.20	96.7
20/06/2018 2:18:09 PM	3612313089	1013.00	25.75	32.21	100.8	25.76	32.21	100.7	25.77	32.21	100.6	26.18	32.21	96.6
20/06/2018 2:18:10 PM	3612313090	1013.00	25.68	32.21	101.5	25.80	32.21	100.3	25.79	32.21	100.4	26.14	32.21	97.0
20/06/2018 2:18:11 PM	3612313091	1013.00	25.76	32.21	100.7	25.80	32.21	100.3	25.78	32.21	100.5	26.12	32.21	97.2
20/06/2018 2:18:12 PM	3612313092	1013.00	25.73	32.20	101.0	25.78	32.20	100.5	25.78	32.20	100.5	26.14	32.20	97.0
20/06/2018 2:18:13 PM	3612313093	1013.00	25.73	32.20	101.0	25.78	32.20	100.5	25.78	32.20	100.5	26.14	32.20	97.0
20/06/2018 2:18:14 PM	3612313094	1013.00	25.68	32.21	101.5	25.79	32.21	100.4	25.77	32.21	100.6	26.16	32.21	96.8
20/06/2018 2:18:15 PM	3612313095	1013.00	25.73	32.21	101.0	25.81	32.21	100.2	25.76	32.21	100.7	26.17	32.21	96.7
20/06/2018 2:18:16 PM	3612313096	1013.00	25.77	32.21	100.6	25.83	32.21	100.0	25.78	32.21	100.5	26.16	32.21	96.8
20/06/2018 2:18:17 PM	3612313097	1013.00	25.67	32.21	101.6	25.80	32.21	100.3	25.76	32.21	100.7	26.18	32.21	96.6
20/06/2018 2:18:18 PM	3612313098	1013.00	25.70	32.21	101.3	25.84	32.21	99.9	25.78	32.21	100.5	26.16	32.21	96.8
20/06/2018 2:18:19 PM	3612313099	1013.00	25.76	32.22	100.7	25.82	32.22	100.1	25.76	32.22	100.7	26.18	32.22	96.6
20/06/2018 2:18:20 PM	3612313100	1013.00	25.81	32.22	100.2	25.87	32.22	99.6	25.78	32.22	100.5	26.20	32.22	96.4
20/06/2018 2:18:21 PM	3612313101	1013.00	25.72	32.22	101.1	25.79	32.22	100.4	25.78	32.22	100.5	26.18	32.22	96.6
20/06/2018 2:18:22 PM	3612313102	1013.00	25.72	32.22	101.1	25.79	32.22	100.4	25.78	32.22	100.5	26.18	32.22	96.6
20/06/2018 2:18:23 PM	3612313103	1013.00	25.74	32.22	100.9	25.86	32.22	99.7	25.78	32.22	100.5	26.22	32.22	96.2
20/06/2018 2:18:24 PM	3612313104	1013.00	25.69	32.22	101.4	25.81	32.22	100.2	25.78	32.22	100.5	26.21	32.22	96.3
20/06/2018 2:18:25 PM	3612313105	1013.00	25.69	32.22	101.4	25.81	32.22	100.2	25.78	32.22	100.5	26.21	32.22	96.3
20/06/2018 2:18:26 PM	3612313106	1013.00	25.77	32.22	100.6	25.83	32.22	100.0	25.81	32.22	100.2	26.20	32.22	96.4
20/06/2018 2:18:27 PM	3612313107	1013.00	25.72	32.21	101.1	25.82	32.21	100.1	25.82	32.21	100.1	26.23	32.21	96.2
20/06/2018 2:18:28 PM	3612313108	1013.00	25.80	32.22	100.3	25.83	32.22	100.0	25.79	32.22	100.4	26.23	32.22	96.2
20/06/2018 2:18:29 PM	3612313109	1013.00	25.84	32.21	99.9	25.82	32.21	100.1	25.85	32.21	99.8	26.24	32.21	96.1
20/06/2018 2:18:30 PM	3612313110	1013.00	25.76	32.22	100.7	25.83	32.22	100.0	25.80	32.22	100.3	26.21	32.22	96.3
20/06/2018 2:18:31 PM	3612313111	1013.00	25.73	32.22	101.0	25.84	32.22	99.9	25.81	32.22	100.2	26.24	32.22	96.1
20/06/2018 2:18:32 PM	3612313112	1013.00	25.75	32.22	100.8	25.84	32.22	99.9	25.82	32.22	100.1	26.23	32.22	96.2
20/06/2018 2:18:33 PM	3612313113	1013.00	25.75	32.22	100.8	25.84	32.22	99.9	25.82	32.22	100.1	26.23	32.22	96.2
20/06/2018 2:18:34 PM	3612313114	1013.00	25.81	32.22	100.2	25.80	32.22	100.3	25.80	32.22	100.3	26.25	32.22	96.0
20/06/2018 2:18:35 PM	3612313115	1013.00	25.79	32.22	100.4	25.83	32.22	100.0	25.84	32.22	99.9	26.27	32.22	95.8
20/06/2018 2:18:36 PM	3612313116	1013.00	25.79	32.22	100.4	25.83	32.22	100.0	25.79	32.22	100.4	26.25	32.22	96.0
20/06/2018 2:18:37 PM	3612313117	1013.00	25.78	32.22	100.5	25.87	32.22	99.6	25.84	32.22	99.9	26.27	32.22	95.8
20/06/2018 2:18:38 PM	3612313118	1013.00	25.72	32.22	101.1	25.80	32.22	100.3	25.82	32.22	100.1	26.28	32.22	95.7
20/06/2018 2:18:39 PM	3612313119	1013.00	25.76	32.22	100.7	25.85	32.22	99.8	25.83	32.22	100.0	26.30	32.22	95.5
20/06/2018 2:18:40 PM	3612313120	1013.00	25.81	32.22	100.2	25.83	32.22	100.0	25.85	32.22	99.8	26.27	32.22	95.8
20/06/2018 2:18:41 PM	3612313121	1013.00	25.79	32.22	100.4	25.81	32.22	100.2	25.81	32.22	100.2	26.28	32.22	95.7
20/06/2018 2:18:42 PM	3612313122	1013.00	25.81	32.22	100.2	25.87	32.22	99.6	25.83	32.22	100.0	26.29	32.22	95.6
20/06/2018 2:18:43 PM	3612313123	1013.00	25.81	32.22	100.2	25.87	32.22	99.6	25.83	32.22	100.0	26.29	32.22	95.6
20/06/2018 2:18:44 PM	3612313124	1013.00	25.82	32.22	100.1	25.84	32.22	99.9	25.86	32.22	99.7	26.31	32.22	95.4
20/06/2018 2:18:45 PM	3612313125	1013.00	25.82	32.22	100.1	25.84	32.22	99.9	25.86	32.22	99.7	26.31	32.22	95.4
20/06/2018 2:18:46 PM	3612313126	1013.00	25.79	32.21	100.4	25.86	32.21	99.7	25.87	32.21	99.6	26.31	32.21	95.4
20/06/2018 2:18:47 PM	3612313127	1013.00	25.84	32.21	99.9	25.84	32.21	99.9	25.84	32.21	99.9	26.31	32.21	95.4
20/06/2018 2:18:48 PM	3612313128	1013.00	25.83	32.21	100.0	25.84	32.21	99.9	25.83	32.21	100.0	26.32	32.21	95.3
20/06/2018 2:18:49 PM	3612313129	1013.00	25.77	32.21	100.6	25.90	32.21	99.3	25.83	32.21	100.0	26.32	32.21	95.3
20/06/2018 2:18:50 PM	3612313130	1013.00	25.81	32.21	100.2	25.86	32.21	99.7	25.86	32.21	99.7	26.31	32.21	95.4
20/06/2018 2:18:51 PM	3612313131	1013.00	25.74	32.21	100.9	25.92	32.21	99.1	25.83	32.21	100.0	26.34	32.21	95.2
20/06/2018 2:18:52 PM	3612313132	1013.00	25.81	32.21	100.2	25.88	32.21	99.5	25.82	32.21	100.1	26.33	32.21	95.2
20/06/2018 2:18:53 PM	3612313133	1013.00	25.79	32.21	100.4	25.91	32.21	99.2	25.86	32.21	99.7	26.34	32.21	95.2
20/06/2018 2:18:54 PM	3612313134	1013.00	25.84	32.21	99.9	25.82	32.21	100.1	25.85	32.21	99.8	26.35	32.21	95.1
20/06/2018 2:18:55 PM	3612313135	1013.00	25.82	32.21	100.1	25.89	32.21	99.4	25.84	32.21	99.9	26.38	32.21	94.8
20/06/2018 2:18:56 PM	3612313136	1013.00	25.78	32.22	100.5	25.87	32.22	99.6	25.86	32.22	99.7	26.39	32.22	94.7
20/06/2018 2:18:57 PM	3612313137	1013.00	25.78	32.22	100.5	25.87	32.22	99.6	25.86	32.22	99.7	26.39	32.22	94.7
20/06/2018 2:18:58 PM	3612313138	1013.00	25.76	32.22	100.7	25.89	32.22	99.4	25.85	32.22	99.8	26.33	32.22	95.2
20/06/2018 2:18:59 PM	3612313139	1013.00	25.86	32.22	99.7	25.89	32.22	99.4	25.87	32.22	99.6	26.35	32.22	95.0
20/06/2018 2:19:00 PM	3612313140	1013.00	25.82	32.22	100.1	25.96	32.22	98.7	25.88	32.22	99.5	26.37	32.22	94.9
20/06/2018 2:19:01 PM	3612313141	1013.00	25.82	32.22	100.1	25.87	32.22	99.6	25.86	32.22	99.7	26.40	32.22	94.6
20/06/2018 2:19:02 PM	3612313142	1013.00	25.86	32.22	99.7	25.86	32.22	99.7	25.85	32.22	99.8	26.36	32.22	95.0
20/06/2018 2:19:03 PM	3612313143	1013.00	25.79	32.22	100.4	25.84	32.22	99.9	25.84	32.22	99.9	26.38	32.22	94.8
20/06/2018 2:19:04 PM	3612313144	1013.00	25.79	32.22	100.4	25.84	32.22	99.9	25.84	32.22	99.9	26.38	32.22	94.8
20/06/2018 2:19:05 PM	3612313145	1013.00	25.85	32.21	99.8	25.88	32.21	99.5	25.84	32.21	99.9	26.40	32.21	94.6
20/06/2018 2:19:06 PM	3612313146	1013.00	25.85	32.21	99.8	25.90	32.21	99.3	25.86	32.21	99.7	26.41	32.21	94.5
20/06/2018 2:19:07 PM	3612313147	1013.00	25.88	32.21	99.5	25.88	32.21	99.5	25.87	32.21	99.6	26.38	32.21	94.8
20/06/2018 2:19:08 PM	3612313148	1013.00	25.82	32.21	100.1	25.87	32.21	99.6	25.88	32.21	99.5	26.40	32.21	94.6
20/06/2018 2:19:09 PM	3612313149	1013.00	25.86	32.22	99.7	25.85	32.22	99.8	25.87	32.22	99.6	26.42	32.22	94.4
20/06/2018 2:19:10 PM	3612313150	1013.00	25.80	32.21	100.3	25.89	32.21	99.4	25.91	32.21	99.2	26.43	32.21	94.3
20/06/2018 2:19:11 PM	3612313151	1013.00	25.92	32.22	99.1	25.88	32.22	99.5	25.87	32.22	99.6	26.44	32.22	94.2
20/06/2018 2:19:12 PM	3612313152	1013.00	25.90	32.22	99.3	25.89	32.22	99.4	25.89	32.22	99.4	26.41	32.22	94.5
20/06/2018 2:19:13 PM	3612313153	1013.00	25.88	32.22	99.5	25.84	32.22	99.9	25.87	32.22	99.6	26.44	32.22	94.2
20/06/2018 2:19:14 PM	3612313154	1013.00	25.85	32.22	99.8	25.93	32.22	99.0	25.90	32.22	99.3	26.44	32.22	94.2
20/06/2018 2:19:15 PM	3612313155	1013.00	25.94	32.22	98.9	25.88	32.22	99.5	25.89	32.22	99.4	26.45	32.22	94.1
20/06/2018 2:19:16 PM	3612313156	1013.00	25.89	32.22	99.4	25.91	32.22	99.2	25.88	32.22	99.5	26.42	32.22	94.4
20/06/2018 2:19:17 PM	3612313157	1013.00	25.89	32.22	99.4	25.91	32.22	99.2	25.88	32.22	99.5	26.42	32.22	94.4
20/06/2018 2:19:18 PM	3612313158	1013.00	25.90	32.22	99.3	25.89	32.22	99.4	25.90	32.22	99.3	26.48	32.22	93.9
20/06/2018 2:19:19 PM	3612313159	1013.00	25.91	32.22	99.2	25.90	32.22	99.3	25.92	32.22	99.1	26.44	32.22	94.2
20/06/2018 2:19:20 PM	3612313160	1013.00	25.91	32.22	99.2	25.95	32.22	98.8	25.95	32.22	98.8	26.48	32.22	93.9
20/06/2018 2:19:21 PM	3612313161	1013.00	25.89	32.21	99.4	25.93	32.21	99.0	25.90	32.21	99.3	26.50	32.21	93.7
20/06/2018 2:19:22 PM	3612313162	1013.00	25.90	32.22	99.3	25.90	32.22	99.3	25.91	32.22	99.2	26.52	32.22	93.5
20/06/2018 2:19:23 PM	3612313163	1013.00	25.90	32.22	99.3	25.89	32.22	99.4	25.91	32.22	99.2	26.50	32.22	93.7
20/06/2018 2:19:24 PM	3612313164	1013.00	25.89	32.22	99.4	25.90	32.22	99.3	25.94	32.22	98.9	26.50	32.22	93.7
20/06/2018 2:19:25 PM	3612313165	1013.00	25.89	32.22	99.4	25.90	32.22	99.3	25.94	32.22	98.9	26.50	32.22	93.7
20/06/2018 2:19:26 PM	3612313166	1013.00	25.83	32.22	100.0	25.91	32.22	99.2	25.92	32.22	99.1	26.49	32.22	93.8
20/06/2018 2:19:27 PM	3612313167	1013.00	25.84	32.22	99.9	25.95	32.22	98.8	25.96	32.22	98.7	26.51	32.22	93.6
20/06/2018 2:19:28 PM	3612313168	1013.00	25.92	32.22	99.1	25.89	32.22	99.4	25.94	32.22	98.9	26.54	32.22	93.3
20/06/2018 2:19:29 PM	3612313169	1013.00	25.84	32.22	99.9	26.00	32.22	98.3	25.94	32.22	98.9	26.49	32.22	93.8
20/06/2018 2:19:30 PM	3612313170	1013.00	25.90	32.22	99.3	25.97	32.22	98.6	25.93	32.22	99.0	26.55	32.22	93.2
20/06/2018 2:19:31 PM	3612313171	1013.00	25.88	32.22	99.5	26.00	32.22	98.3	25.97	32.22	98.6	26.53	32.22	93.4
20/06/2018 2:19:32 PM	3612313172	1013.00	25.91	32.22	99.2	25.90	32.22	99.3	25.93	32.22	99.0	26.56	32.22	93.1
20/06/2018 2:19:33 PM	3612313173	1013.00	25.85	32.23	99.8	25.96	32.23	98.7	25.94	32.23	98.9	26.56	32.23	93.1
20/06/2018 2:19:34 PM	3612313174	1013.00	25.87	32.22	99.6	26.00	32.22	98.3	25.95	32.22	98.8	26.56	32.22	93.1
20/06/2018 2:19:35 PM	3612313175	1013.00	25.87	32.22	99.6	25.98	32.22	98.5	25.94	32.22	98.9	26.57	32.22	93.0
20/06/2018 2:19:36 PM	3612313176	1013.00	25.90	32.22	99.3	25.97	32.22	98.6	25.95	32.22	98.8	26.56	32.22	93.1
20/06/2018 2:19:37 PM	3612313177	1013.00	25.90	32.22	99.3	25.97	32.22	98.6	25.95	32.22	98.8	26.56	32.22	93.1
20/06/2018 2:19:38 PM	3612313178	1013.00	25.95	32.22	98.8	25.96	32.22	98.7	25.95	32.22	98.8	26.54	32.22	93.3
20/06/2018 2:19:39 PM	3612313179	1013.00	25.90	32.22	99.3	25.94	32.22	98.9	25.96	32.22	98.7	26.58	32.22	93.0
20/06/2018 2:19:40 PM	3612313180	1013.00	25.89	32.22	99.4	25.98	32.22	98.5	25.95	32.22	98.8	26.58	32.22	93.0
20/06/2018 2:19:41 PM	3612313181	1013.00	25.99	32.22	98.4	26.02	32.22	98.1	25.94	32.22	98.9	26.59	32.22	92.9
20/06/2018 2:19:42 PM	3612313182	1013.00	26.00	32.23	98.3	25.94	32.23	98.9	25.99	32.23	98.4	26.59	32.23	92.9
20/06/2018 2:19:43 PM	3612313183	1013.00	25.88	32.23	99.5	25.92	32.23	99.1	25.97	32.23	98.6	26.56	32.23	93.1
20/06/2018 2:19:44 PM	3612313184	1013.00	25.94	32.23	98.9	26.01	32.23	98.2	25.94	32.23	98.9	26.58	32.23	92.9
20/06/2018 2:19:45 PM	3612313185	1013.00	25.88	32.23	99.5	25.96	32.23	98.7	25.96	32.23	98.7	26.61	32.23	92.7
20/06/2018 2:19:46 PM	3612313186	1013.00	25.88	32.23	99.5	25.96	32.23	98.7	25.96	32.23	98.7	26.61	32.23	92.7
20/06/2018 2:19:47 PM	3612313187	1013.00	26.01	32.23	98.2	25.97	32.23	98.6	25.95	32.23	98.8	26.62	32.23	92.6
20/06/2018 2:19:48 PM	3612313188	1013.00	26.00	32.23	98.3	26.02	32.23	98.1	25.98	32.23	98.5	26.60	32.23	92.8
20/06/2018 2:19:49 PM	3612313189	1013.00	26.00	32.23	98.3	26.02	32.23	98.1	25.98	32.23	98.5	26.60	32.23	92.8
20/06/2018 2:19:50 PM	3612313190	1013.00	25.96	32.23	98.7	25.94	32.23	98.9	25.97	32.23	98.6	26.61	32.23	92.7
20/06/2018 2:19:51 PM	3612313191	1013.00	25.96	32.23	98.7	25.99	32.23	98.4	25.95	32.23	98.8	26.64	32.23	92.4
20/06/2018 2:19:52 PM	3612313192	1013.00	25.97	32.23	98.6	26.03	32.23	98.0	25.94	32.23	98.9	26.64	32.23	92.4
20/06/2018 2:19:53 PM	3612313193	1013.00	25.96	32.23	98.7	25.98	32.23	98.5	25.99	32.23	98.4	26.67	32.23	92.1
20/06/2018 2:19:54 PM	3612313194	1013.00	25.98	32.23	98.5	25.99	32.23	98.4	25.98	32.23	98.5	26.65	32.23	92.3
20/06/2018 2:19:55 PM	3612313195	1013.00	26.01	32.22	98.2	26.00	32.22	98.3	26.00	32.22	98.3	26.65	32.22	92.3
20/06/2018 2:19:56 PM	3612313196	1013.00	25.94	32.22	98.9	25.99	32.22	98.4	25.97	32.22	98.6	26.66	32.22	92.2
20/06/2018 2:19:57 PM	3612313197	1013.00	25.94	32.22	98.9	25.99	32.22	98.4	25.97	32.22	98.6	26.66	32.22	92.2
20/06/2018 2:19:58 PM	3612313198	1013.00	25.97	32.22	98.6	26.04	32.22	97.9	25.96	32.22	98.7	26.67	32.22	92.2
20/06/2018 2:19:59 PM	3612313199	1013.00	25.96	32.22	98.7	25.93	32.22	99.0	25.97	32.22	98.6	26.66	32.22	92.2
20/06/2018 2:20:00 PM	3612313200	1013.00	25.97	32.22	98.6	26.01	32.22	98.2	25.98	32.22	98.5	26.67	32.22	92.2
20/06/2018 2:20:01 PM	3612313201	1013.00	25.99	32.22	98.4	26.01	32.22	98.2	26.01	32.22	98.2	26.68	32.22	92.1
20/06/2018 2:20:02 PM	3612313202	1013.00	25.98	32.23	98.5	25.99	32.23	98.4	25.99	32.23	98.4	26.67	32.23	92.1
20/06/2018 2:20:03 PM	3612313203	1013.00	25.95	32.22	98.8	26.04	32.22	97.9	25.99	32.22	98.4	26.70	32.22	91.9
20/06/2018 2:20:04 PM	3612313204	1013.00	25.98	32.23	98.5	26.00	32.23	98.3	25.98	32.23	98.5	26.69	32.23	92.0
20/06/2018 2:20:05 PM	3612313205	1013.00	25.95	32.23	98.8	26.04	32.23	97.9	25.99	32.23	98.4	26.69	32.23	92.0
20/06/2018 2:20:06 PM	3612313206	1013.00	26.03	32.23	98.0	26.07	32.23	97.6	25.97	32.23	98.6	26.68	32.23	92.1
20/06/2018 2:20:07 PM	3612313207	1013.00	26.03	32.23	98.0	26.07	32.23	97.6	25.97	32.23	98.6	26.68	32.23	92.1
20/06/2018 2:20:08 PM	3612313208	1013.00	25.92	32.24	99.1	26.00	32.24	98.3	25.97	32.24	98.6	26.70	32.24	91.9
20/06/2018 2:20:09 PM	3612313209	1013.00	25.92	32.24	99.1	26.00	32.24	98.3	25.97	32.24	98.6	26.70	32.24	91.9
20/06/2018 2:20:10 PM	3612313210	1013.00	25.96	32.23	98.7	26.04	32.23	97.9	26.01	32.23	98.2	26.73	32.23	91.6
20/06/2018 2:20:11 PM	3612313211	1013.00	25.99	32.24	98.4	26.09	32.24	97.4	25.97	32.24	98.6	26.71	32.24	91.8
20/06/2018 2:20:12 PM	3612313212	1013.00	25.97	32.23	98.6	26.01	32.23	98.2	25.99	32.23	98.4	26.71	32.23	91.8
20/06/2018 2:20:13 PM	3612313213	1013.00	25.93	32.23	99.0	26.05	32.23	97.8	26.03	32.23	98.0	26.73	32.23	91.6
20/06/2018 2:20:14 PM	3612313214	1013.00	26.06	32.23	97.7	26.01	32.23	98.2	26.00	32.23	98.3	26.73	32.23	91.6
20/06/2018 2:20:15 PM	3612313215	1013.00	26.00	32.24	98.3	26.00	32.24	98.3	26.01	32.24	98.2	26.76	32.24	91.3
20/06/2018 2:20:16 PM	3612313216	1013.00	25.98	32.23	98.5	26.01	32.23	98.2	26.00	32.23	98.3	26.73	32.23	91.6
20/06/2018 2:20:17 PM	3612313217	1013.00	26.06	32.23	97.7	26.01	32.23	98.2	26.01	32.23	98.2	26.75	32.23	91.4
20/06/2018 2:20:18 PM	3612313218	1013.00	26.09	32.23	97.5	26.01	32.23	98.2	25.99	32.23	98.4	26.75	32.23	91.4
20/06/2018 2:20:19 PM	3612313219	1013.00	26.02	32.24	98.1	26.04	32.24	97.9	26.01	32.24	98.2	26.76	32.24	91.3
20/06/2018 2:20:20 PM	3612313220	1013.00	26.06	32.24	97.7	26.06	32.24	97.7	26.02	32.24	98.1	26.75	32.24	91.4
20/06/2018 2:20:21 PM	3612313221	1013.00	26.06	32.24	97.7	26.06	32.24	97.7	26.02	32.24	98.1	26.75	32.24	91.4
20/06/2018 2:20:22 PM	3612313222	1013.00	25.96	32.23	98.7	26.01	32.23	98.2	26.03	32.23	98.0	26.75	32.23	91.4
20/06/2018 2:20:23 PM	3612313223	1013.00	26.04	32.23	97.9	26.10	32.23	97.4	26.02	32.23	98.1	26.78	32.23	91.2
20/06/2018 2:20:24 PM	3612313224	1013.00	26.13	32.23	97.1	26.05	32.23	97.8	26.05	32.23	97.8	26.80	32.23	91.0
20/06/2018 2:20:25 PM	3612313225	1013.00	26.04	32.23	97.9	26.10	32.23	97.4	26.07	32.23	97.6	26.78	32.23	91.2
20/06/2018 2:20:26 PM	3612313226	1013.00	26.11	32.24	97.2	26.07	32.24	97.6	25.99	32.24	98.4	26.77	32.24	91.3
20/06/2018 2:20:27 PM	3612313227	1013.00	26.02	32.24	98.1	26.07	32.24	97.6	26.04	32.24	97.9	26.80	32.24	91.0
20/06/2018 2:20:28 PM	3612313228	1013.00	26.07	32.24	97.6	26.11	32.24	97.2	26.02	32.24	98.1	26.81	32.24	90.9
20/06/2018 2:20:29 PM	3612313229	1013.00	26.07	32.24	97.6	26.11	32.24	97.2	26.02	32.24	98.1	26.81	32.24	90.9
20/06/2018 2:20:30 PM	3612313230	1013.00	26.10	32.23	97.4	26.05	32.23	97.8	26.06	32.23	97.7	26.79	32.23	91.1
20/06/2018 2:20:31 PM	3612313231	1013.00	26.04	32.23	97.9	26.05	32.23	97.8	26.06	32.23	97.7	26.82	32.23	90.8
20/06/2018 2:20:32 PM	3612313232	1013.00	26.01	32.23	98.2	26.05	32.23	97.8	26.07	32.23	97.6	26.81	32.23	90.9
20/06/2018 2:20:33 PM	3612313233	1013.00	26.08	32.23	97.5	26.02	32.23	98.1	26.05	32.23	97.8	26.80	32.23	91.0
20/06/2018 2:20:34 PM	3612313234	1013.00	26.07	32.23	97.6	26.08	32.23	97.5	26.05	32.23	97.8	26.81	32.23	90.9
20/06/2018 2:20:35 PM	3612313235	1013.00	26.08	32.23	97.5	26.10	32.23	97.4	26.04	32.23	97.9	26.81	32.23	90.9
20/06/2018 2:20:36 PM	3612313236	1013.00	26.06	32.24	97.7	26.03	32.24	98.0	26.06	32.24	97.7	26.83	32.24	90.7
20/06/2018 2:20:37 PM	3612313237	1013.00	26.10	32.24	97.3	26.10	32.24	97.3	26.07	32.24	97.6	26.82	32.24	90.8
20/06/2018 2:20:38 PM	3612313238	1013.00	26.10	32.24	97.3	26.05	32.24	97.8	26.05	32.24	97.8	26.83	32.24	90.7
20/06/2018 2:20:39 PM	3612313239	1013.00	26.09	32.24	97.4	26.13	32.24	97.1	26.08	32.24	97.5	26.83	32.24	90.7
20/06/2018 2:20:40 PM	3612313240	1013.00	26.06	32.24	97.7	26.10	32.24	97.3	26.09	32.24	97.4	26.82	32.24	90.8
20/06/2018 2:20:41 PM	3612313241	1013.00	26.06	32.24	97.7	26.10	32.24	97.3	26.09	32.24	97.4	26.82	32.24	90.8
20/06/2018 2:20:42 PM	3612313242	1013.00	26.10	32.24	97.3	26.11	32.24	97.2	26.08	32.24	97.5	26.85	32.24	90.6
20/06/2018 2:20:43 PM	3612313243	1013.00	26.13	32.23	97.1	26.10	32.23	97.4	26.08	32.23	97.5	26.84	32.23	90.7
20/06/2018 2:20:44 PM	3612313244	1013.00	26.15	32.23	96.9	26.02	32.23	98.1	26.10	32.23	97.4	26.83	32.23	90.7
20/06/2018 2:20:45 PM	3612313245	1013.00	26.08	32.23	97.5	26.11	32.23	97.3	26.08	32.23	97.5	26.83	32.23	90.7
20/06/2018 2:20:46 PM	3612313246	1013.00	26.09	32.23	97.5	26.07	32.23	97.6	26.10	32.23	97.4	26.87	32.23	90.4
20/06/2018 2:20:47 PM	3612313247	1013.00	26.12	32.23	97.2	26.10	32.23	97.4	26.07	32.23	97.6	26.88	32.23	90.3
20/06/2018 2:20:48 PM	3612313248	1013.00	26.12	32.24	97.2	26.09	32.24	97.4	26.09	32.24	97.4	26.88	32.24	90.3
20/06/2018 2:20:49 PM	3612313249	1013.00	26.12	32.24	97.2	26.10	32.24	97.3	26.10	32.24	97.3	26.89	32.24	90.2
20/06/2018 2:20:50 PM	3612313250	1013.00	26.12	32.24	97.2	26.12	32.24	97.2	26.10	32.24	97.3	26.90	32.24	90.1
20/06/2018 2:20:51 PM	3612313251	1013.00	26.13	32.24	97.1	26.08	32.24	97.5	26.06	32.24	97.7	26.89	32.24	90.2
20/06/2018 2:20:52 PM	3612313252	1013.00	26.17	32.24	96.7	26.10	32.24	97.3	26.10	32.24	97.3	26.91	32.24	90.0
20/06/2018 2:20:53 PM	3612313253	1013.00	26.17	32.24	96.7	26.10	32.24	97.3	26.10	32.24	97.3	26.91	32.24	90.0
20/06/2018 2:20:54 PM	3612313254	1013.00	26.10	32.24	97.3	26.17	32.24	96.7	26.12	32.24	97.2	26.89	32.24	90.2
20/06/2018 2:20:55 PM	3612313255	1013.00	26.13	32.24	97.1	26.17	32.24	96.7	26.07	32.24	97.6	26.93	32.24	89.9
20/06/2018 2:20:56 PM	3612313256	1013.00	26.16	32.24	96.8	26.14	32.24	97.0	26.10	32.24	97.3	26.92	32.24	90.0
20/06/2018 2:20:57 PM	3612313257	1013.00	26.08	32.24	97.5	26.12	32.24	97.2	26.09	32.24	97.4	26.91	32.24	90.0
20/06/2018 2:20:58 PM	3612313258	1013.00	26.18	32.24	96.6	26.13	32.24	97.1	26.06	32.24	97.7	26.95	32.24	89.7
20/06/2018 2:20:59 PM	3612313259	1013.00	26.12	32.24	97.2	26.13	32.24	97.1	26.10	32.24	97.3	26.95	32.24	89.7
20/06/2018 2:21:00 PM	3612313260	1013.00	26.12	32.24	97.2	26.13	32.24	97.1	26.10	32.24	97.3	26.95	32.24	89.7
20/06/2018 2:21:01 PM	3612313261	1013.00	26.10	32.24	97.3	26.14	32.24	97.0	26.09	32.24	97.4	26.94	32.24	89.8
20/06/2018 2:21:02 PM	3612313262	1013.00	26.13	32.24	97.1	26.15	32.24	96.9	26.11	32.24	97.2	26.96	32.24	89.6
20/06/2018 2:21:03 PM	3612313263	1013.00	26.21	32.24	96.3	26.17	32.24	96.7	26.10	32.24	97.3	26.97	32.24	89.5
20/06/2018 2:21:04 PM	3612313264	1013.00	26.19	32.24	96.5	26.19	32.24	96.5	26.10	32.24	97.3	26.97	32.24	89.5
20/06/2018 2:21:05 PM	3612313265	1013.00	26.17	32.24	96.7	26.19	32.24	96.5	26.10	32.24	97.3	26.97	32.24	89.5
20/06/2018 2:21:06 PM	3612313266	1013.00	26.13	32.24	97.1	26.16	32.24	96.8	26.11	32.24	97.2	26.99	32.24	89.4
20/06/2018 2:21:07 PM	3612313267	1013.00	26.12	32.24	97.2	26.16	32.24	96.8	26.12	32.24	97.2	27.00	32.24	89.3
20/06/2018 2:21:08 PM	3612313268	1013.00	26.11	32.24	97.2	26.16	32.24	96.8	26.11	32.24	97.2	26.98	32.24	89.4
20/06/2018 2:21:09 PM	3612313269	1013.00	26.20	32.24	96.4	26.18	32.24	96.6	26.11	32.24	97.2	26.99	32.24	89.4
20/06/2018 2:21:10 PM	3612313270	1013.00	26.12	32.24	97.2	26.16	32.24	96.8	26.11	32.24	97.2	26.99	32.24	89.4
20/06/2018 2:21:11 PM	3612313271	1013.00	26.15	32.24	96.9	26.21	32.24	96.3	26.15	32.24	96.9	27.01	32.24	89.2
20/06/2018 2:21:12 PM	3612313272	1013.00	26.17	32.24	96.7	26.13	32.24	97.1	26.11	32.24	97.2	27.01	32.24	89.2
20/06/2018 2:21:13 PM	3612313273	1013.00	26.17	32.24	96.7	26.13	32.24	97.1	26.11	32.24	97.2	27.01	32.24	89.2
20/06/2018 2:21:14 PM	3612313274	1013.00	26.09	32.23	97.5	26.14	32.23	97.0	26.14	32.23	97.0	27.03	32.23	89.0
20/06/2018 2:21:15 PM	3612313275	1013.00	26.19	32.23	96.5	26.23	32.23	96.1	26.12	32.23	97.2	27.02	32.23	89.1
20/06/2018 2:21:16 PM	3612313276	1013.00	26.15	32.23	96.9	26.15	32.23	96.9	26.13	32.23	97.1	27.04	32.23	88.9
20/06/2018 2:21:17 PM	3612313277	1013.00	26.15	32.23	96.9	26.18	32.23	96.6	26.15	32.23	96.9	27.05	32.23	88.9
20/06/2018 2:21:18 PM	3612313278	1013.00	26.18	32.23	96.6	26.17	32.23	96.7	26.16	32.23	96.8	27.07	32.23	88.7
20/06/2018 2:21:19 PM	3612313279	1013.00	26.16	32.24	96.8	26.13	32.24	97.1	26.15	32.24	96.9	27.05	32.24	88.8
20/06/2018 2:21:20 PM	3612313280	1013.00	26.24	32.24	96.0	26.18	32.24	96.6	26.17	32.24	96.7	27.07	32.24	88.7
20/06/2018 2:21:21 PM	3612313281	1013.00	26.24	32.24	96.0	26.18	32.24	96.6	26.17	32.24	96.7	27.07	32.24	88.7
20/06/2018 2:21:22 PM	3612313282	1013.00	26.22	32.24	96.2	26.16	32.24	96.8	26.15	32.24	96.9	27.08	32.24	88.6
20/06/2018 2:21:23 PM	3612313283	1013.00	26.26	32.23	95.9	26.16	32.23	96.8	26.16	32.23	96.8	27.10	32.23	88.4
20/06/2018 2:21:24 PM	3612313284	1013.00	26.22	32.23	96.2	26.22	32.23	96.2	26.18	32.23	96.6	27.09	32.23	88.5
20/06/2018 2:21:25 PM	3612313285	1013.00	26.18	32.23	96.6	26.25	32.23	96.0	26.15	32.23	96.9	27.09	32.23	88.5
20/06/2018 2:21:26 PM	3612313286	1013.00	26.29	32.22	95.6	26.23	32.22	96.2	26.15	32.22	96.9	27.11	32.22	88.4
20/06/2018 2:21:27 PM	3612313287	1013.00	26.24	32.22	96.1	26.16	32.22	96.8	26.16	32.22	96.8	27.10	32.22	88.5
20/06/2018 2:21:28 PM	3612313288	1013.00	26.23	32.22	96.2	26.19	32.22	96.5	26.14	32.22	97.0	27.13	32.22	88.2
20/06/2018 2:21:29 PM	3612313289	1013.00	26.25	32.22	96.0	26.19	32.22	96.5	26.15	32.22	96.9	27.12	32.22	88.3
20/06/2018 2:21:30 PM	3612313290	1013.00	26.27	32.22	95.8	26.22	32.22	96.2	26.20	32.22	96.4	27.11	32.22	88.4
20/06/2018 2:21:31 PM	3612313291	1013.00	26.29	32.22	95.6	26.16	32.22	96.8	26.19	32.22	96.5	27.13	32.22	88.2
20/06/2018 2:21:32 PM	3612313292	1013.00	26.26	32.23	95.9	26.24	32.23	96.0	26.17	32.23	96.7	27.12	32.23	88.3
20/06/2018 2:21:33 PM	3612313293	1013.00	26.26	32.23	95.9	26.24	32.23	96.0	26.17	32.23	96.7	27.12	32.23	88.3
20/06/2018 2:21:34 PM	3612313294	1013.00	26.27	32.23	95.8	26.27	32.23	95.8	26.19	32.23	96.5	27.16	32.23	87.9
20/06/2018 2:21:35 PM	3612313295	1013.00	26.28	32.23	95.7	26.26	32.23	95.9	26.18	32.23	96.6	27.14	32.23	88.1
20/06/2018 2:21:36 PM	3612313296	1013.00	26.28	32.23	95.7	26.24	32.23	96.0	26.20	32.23	96.4	27.15	32.23	88.0
20/06/2018 2:21:37 PM	3612313297	1013.00	26.27	32.23	95.8	26.19	32.23	96.5	26.19	32.23	96.5	27.16	32.23	87.9
20/06/2018 2:21:38 PM	3612313298	1013.00	26.26	32.23	95.9	26.23	32.23	96.1	26.20	32.23	96.4	27.16	32.23	87.9
20/06/2018 2:21:39 PM	3612313299	1013.00	26.28	32.23	95.7	26.27	32.23	95.8	26.20	32.23	96.4	27.17	32.23	87.9
20/06/2018 2:21:40 PM	3612313300	1013.00	26.24	32.23	96.0	26.22	32.23	96.2	26.20	32.23	96.4	27.16	32.23	87.9
20/06/2018 2:21:41 PM	3612313301	1013.00	26.21	32.23	96.3	26.23	32.23	96.1	26.19	32.23	96.5	27.18	32.23	87.8
20/06/2018 2:21:42 PM	3612313302	1013.00	26.21	32.23	96.3	26.23	32.23	96.1	26.19	32.23	96.5	27.18	32.23	87.8
20/06/2018 2:21:43 PM	3612313303	1013.00	26.29	32.23	95.6	26.20	32.23	96.4	26.22	32.23	96.2	27.21	32.23	87.5
20/06/2018 2:21:44 PM	3612313304	1013.00	26.31	32.24	95.4	26.26	32.24	95.8	26.21	32.24	96.3	27.21	32.24	87.5
20/06/2018 2:21:45 PM	3612313305	1013.00	26.31	32.24	95.4	26.26	32.24	95.8	26.21	32.24	96.3	27.21	32.24	87.5
20/06/2018 2:21:46 PM	3612313306	1013.00	26.33	32.23	95.2	26.25	32.23	96.0	26.18	32.23	96.6	27.21	32.23	87.5
20/06/2018 2:21:47 PM	3612313307	1013.00	26.27	32.23	95.8	26.24	32.23	96.0	26.24	32.23	96.0	27.22	32.23	87.4
20/06/2018 2:21:48 PM	3612313308	1013.00	26.29	32.22	95.6	26.22	32.22	96.2	26.23	32.22	96.2	27.22	32.22	87.5
20/06/2018 2:21:49 PM	3612313309	1013.00	26.37	32.22	94.9	26.23	32.22	96.2	26.23	32.22	96.2	27.22	32.22	87.5
20/06/2018 2:21:50 PM	3612313310	1013.00	26.25	32.22	96.0	26.18	32.22	96.6	26.26	32.22	95.9	27.25	32.22	87.2
20/06/2018 2:21:51 PM	3612313311	1013.00	26.30	32.22	95.5	26.26	32.22	95.9	26.22	32.22	96.2	27.27	32.22	87.0
20/06/2018 2:21:52 PM	3612313312	1013.00	26.28	32.22	95.7	26.22	32.22	96.2	26.25	32.22	96.0	27.26	32.22	87.1
20/06/2018 2:21:53 PM	3612313313	1013.00	26.28	32.22	95.7	26.22	32.22	96.2	26.25	32.22	96.0	27.26	32.22	87.1
20/06/2018 2:21:54 PM	3612313314	1013.00	26.30	32.23	95.5	26.27	32.23	95.8	26.22	32.23	96.2	27.29	32.23	86.9
20/06/2018 2:21:55 PM	3612313315	1013.00	26.32	32.23	95.3	26.31	32.23	95.4	26.23	32.23	96.1	27.29	32.23	86.9
20/06/2018 2:21:56 PM	3612313316	1013.00	26.26	32.23	95.9	26.23	32.23	96.1	26.25	32.23	96.0	27.28	32.23	86.9
20/06/2018 2:21:57 PM	3612313317	1013.00	26.30	32.23	95.5	26.23	32.23	96.1	26.24	32.23	96.0	27.28	32.23	86.9
20/06/2018 2:21:58 PM	3612313318	1013.00	26.32	32.23	95.3	26.32	32.23	95.3	26.23	32.23	96.1	27.30	32.23	86.8
20/06/2018 2:21:59 PM	3612313319	1013.00	26.28	32.23	95.7	26.21	32.23	96.3	26.23	32.23	96.1	27.30	32.23	86.8
20/06/2018 2:22:00 PM	3612313320	1013.00	26.36	32.24	94.9	26.30	32.24	95.5	26.23	32.24	96.1	27.34	32.24	86.4
20/06/2018 2:22:01 PM	3612313321	1013.00	26.26	32.24	95.8	26.26	32.24	95.8	26.25	32.24	95.9	27.30	32.24	86.8
20/06/2018 2:22:02 PM	3612313322	1013.00	26.30	32.24	95.5	26.26	32.24	95.8	26.24	32.24	96.0	27.31	32.24	86.7
20/06/2018 2:22:03 PM	3612313323	1013.00	26.30	32.24	95.5	26.26	32.24	95.8	26.24	32.24	96.0	27.31	32.24	86.7
20/06/2018 2:22:04 PM	3612313324	1013.00	26.33	32.24	95.2	26.29	32.24	95.6	26.27	32.24	95.7	27.35	32.24	86.4
20/06/2018 2:22:05 PM	3612313325	1013.00	26.33	32.24	95.2	26.29	32.24	95.6	26.27	32.24	95.7	27.35	32.24	86.4
20/06/2018 2:22:06 PM	3612313326	1013.00	26.35	32.24	95.0	26.31	32.24	95.4	26.24	32.24	96.0	27.33	32.24	86.5
20/06/2018 2:22:07 PM	3612313327	1013.00	26.41	32.23	94.5	26.27	32.23	95.8	26.27	32.23	95.8	27.38	32.23	86.1
20/06/2018 2:22:08 PM	3612313328	1013.00	26.34	32.23	95.1	26.31	32.23	95.4	26.27	32.23	95.8	27.37	32.23	86.2
20/06/2018 2:22:09 PM	3612313329	1013.00	26.35	32.23	95.0	26.31	32.23	95.4	26.25	32.23	96.0	27.39	32.23	86.0
20/06/2018 2:22:10 PM	3612313330	1013.00	26.37	32.23	94.8	26.31	32.23	95.4	26.25	32.23	96.0	27.38	32.23	86.1
20/06/2018 2:22:11 PM	3612313331	1013.00	26.37	32.23	94.8	26.26	32.23	95.9	26.27	32.23	95.8	27.37	32.23	86.2
20/06/2018 2:22:12 PM	3612313332	1013.00	26.36	32.23	94.9	26.31	32.23	95.4	26.26	32.23	95.9	27.38	32.23	86.1
20/06/2018 2:22:13 PM	3612313333	1013.00	26.38	32.23	94.8	26.33	32.23	95.2	26.23	32.23	96.1	27.40	32.23	86.0
20/06/2018 2:22:14 PM	3612313334	1013.00	26.40	32.23	94.6	26.34	32.23	95.1	26.28	32.23	95.7	27.42	32.23	85.8
20/06/2018 2:22:15 PM	3612313335	1013.00	26.40	32.24	94.6	26.27	32.24	95.7	26.27	32.24	95.7	27.41	32.24	85.9
20/06/2018 2:22:16 PM	3612313336	1013.00	26.37	32.24	94.8	26.28	32.24	95.7	26.27	32.24	95.7	27.42	32.24	85.8
20/06/2018 2:22:17 PM	3612313337	1013.00	26.37	32.24	94.8	26.28	32.24	95.7	26.27	32.24	95.7	27.42	32.24	85.8
20/06/2018 2:22:18 PM	3612313338	1013.00	26.40	32.24	94.6	26.35	32.24	95.0	26.25	32.24	95.9	27.42	32.24	85.8
20/06/2018 2:22:19 PM	3612313339	1013.00	26.41	32.24	94.5	26.34	32.24	95.1	26.28	32.24	95.7	27.42	32.24	85.8
20/06/2018 2:22:20 PM	3612313340	1013.00	26.44	32.24	94.2	26.29	32.24	95.6	26.28	32.24	95.7	27.43	32.24	85.7
20/06/2018 2:22:21 PM	3612313341	1013.00	26.39	32.24	94.6	26.29	32.24	95.6	26.28	32.24	95.7	27.45	32.24	85.5
20/06/2018 2:22:22 PM	3612313342	1013.00	26.45	32.23	94.1	26.39	32.23	94.7	26.29	32.23	95.6	27.43	32.23	85.7
20/06/2018 2:22:23 PM	3612313343	1013.00	26.44	32.24	94.2	26.32	32.24	95.3	26.28	32.24	95.7	27.47	32.24	85.4
20/06/2018 2:22:24 PM	3612313344	1013.00	26.44	32.24	94.2	26.32	32.24	95.3	26.28	32.24	95.7	27.47	32.24	85.4
20/06/2018 2:22:25 PM	3612313345	1013.00	26.47	32.24	93.9	26.25	32.24	95.9	26.28	32.24	95.7	27.48	32.24	85.3
20/06/2018 2:22:26 PM	3612313346	1013.00	26.42	32.24	94.4	26.36	32.24	94.9	26.31	32.24	95.4	27.47	32.24	85.4
20/06/2018 2:22:27 PM	3612313347	1013.00	26.41	32.24	94.5	26.36	32.24	94.9	26.29	32.24	95.6	27.48	32.24	85.3
20/06/2018 2:22:28 PM	3612313348	1013.00	26.44	32.24	94.2	26.31	32.24	95.4	26.30	32.24	95.5	27.49	32.24	85.2
20/06/2018 2:22:29 PM	3612313349	1013.00	26.43	32.23	94.3	26.31	32.23	95.4	26.29	32.23	95.6	27.49	32.23	85.2
20/06/2018 2:22:30 PM	3612313350	1013.00	26.41	32.24	94.5	26.34	32.24	95.1	26.33	32.24	95.2	27.52	32.24	85.0
20/06/2018 2:22:31 PM	3612313351	1013.00	26.43	32.24	94.3	26.34	32.24	95.1	26.31	32.24	95.4	27.51	32.24	85.1
20/06/2018 2:22:32 PM	3612313352	1013.00	26.44	32.24	94.2	26.40	32.24	94.6	26.29	32.24	95.6	27.53	32.24	84.9
20/06/2018 2:22:33 PM	3612313353	1013.00	26.48	32.24	93.8	26.34	32.24	95.1	26.28	32.24	95.7	27.53	32.24	84.9
20/06/2018 2:22:34 PM	3612313354	1013.00	26.47	32.24	93.9	26.38	32.24	94.7	26.32	32.24	95.3	27.53	32.24	84.9
20/06/2018 2:22:35 PM	3612313355	1013.00	26.46	32.24	94.0	26.38	32.24	94.7	26.32	32.24	95.3	27.51	32.24	85.1
20/06/2018 2:22:36 PM	3612313356	1013.00	26.48	32.25	93.8	26.34	32.25	95.1	26.29	32.25	95.5	27.53	32.25	84.9
20/06/2018 2:22:37 PM	3612313357	1013.00	26.48	32.25	93.8	26.34	32.25	95.1	26.29	32.25	95.5	27.53	32.25	84.9
20/06/2018 2:22:38 PM	3612313358	1013.00	26.47	32.25	93.9	26.38	32.25	94.7	26.32	32.25	95.3	27.55	32.25	84.7
20/06/2018 2:22:39 PM	3612313359	1013.00	26.54	32.24	93.3	26.37	32.24	94.8	26.32	32.24	95.3	27.55	32.24	84.7
20/06/2018 2:22:40 PM	3612313360	1013.00	26.53	32.24	93.4	26.39	32.24	94.6	26.33	32.24	95.2	27.52	32.24	85.0
20/06/2018 2:22:41 PM	3612313361	1013.00	26.48	32.23	93.8	26.33	32.23	95.2	26.32	32.23	95.3	27.58	32.23	84.5
20/06/2018 2:22:42 PM	3612313362	1013.00	26.48	32.24	93.8	26.43	32.24	94.3	26.33	32.24	95.2	27.57	32.24	84.6
20/06/2018 2:22:43 PM	3612313363	1013.00	26.57	32.23	93.0	26.43	32.23	94.3	26.34	32.23	95.1	27.57	32.23	84.6
20/06/2018 2:22:44 PM	3612313364	1013.00	26.50	32.23	93.7	26.35	32.23	95.0	26.31	32.23	95.4	27.61	32.23	84.3
20/06/2018 2:22:45 PM	3612313365	1013.00	26.50	32.23	93.7	26.35	32.23	95.0	26.31	32.23	95.4	27.61	32.23	84.3
20/06/2018 2:22:46 PM	3612313366	1013.00	26.46	32.23	94.0	26.32	32.23	95.3	26.33	32.23	95.2	27.59	32.23	84.4
20/06/2018 2:22:47 PM	3612313367	1013.00	26.50	32.23	93.7	26.42	32.23	94.4	26.35	32.23	95.0	27.61	32.23	84.3
20/06/2018 2:22:48 PM	3612313368	1013.00	26.49	32.23	93.8	26.31	32.23	95.4	26.35	32.23	95.0	27.61	32.23	84.3
20/06/2018 2:22:49 PM	3612313369	1013.00	26.52	32.23	93.5	26.37	32.23	94.8	26.34	32.23	95.1	27.60	32.23	84.4
20/06/2018 2:22:50 PM	3612313370	1013.00	26.53	32.24	93.4	26.36	32.24	94.9	26.34	32.24	95.1	27.63	32.24	84.1
20/06/2018 2:22:51 PM	3612313371	1013.00	26.56	32.23	93.1	26.38	32.23	94.8	26.30	32.23	95.5	27.63	32.23	84.1
20/06/2018 2:22:52 PM	3612313372	1013.00	26.55	32.23	93.2	26.37	32.23	94.8	26.31	32.23	95.4	27.62	32.23	84.2
20/06/2018 2:22:53 PM	3612313373	1013.00	26.58	32.24	92.9	26.39	32.24	94.6	26.34	32.24	95.1	27.62	32.24	84.2
20/06/2018 2:22:54 PM	3612313374	1013.00	26.52	32.24	93.5	26.40	32.24	94.6	26.34	32.24	95.1	27.65	32.24	84.0
20/06/2018 2:22:55 PM	3612313375	1013.00	26.53	32.24	93.4	26.40	32.24	94.6	26.33	32.24	95.2	27.63	32.24	84.1
20/06/2018 2:22:56 PM	3612313376	1013.00	26.57	32.25	93.0	26.37	32.25	94.8	26.34	32.25	95.1	27.64	32.25	84.0
20/06/2018 2:22:57 PM	3612313377	1013.00	26.57	32.25	93.0	26.37	32.25	94.8	26.34	32.25	95.1	27.64	32.25	84.0
20/06/2018 2:22:58 PM	3612313378	1013.00	26.56	32.24	93.1	26.37	32.24	94.8	26.34	32.24	95.1	27.64	32.24	84.0
20/06/2018 2:22:59 PM	3612313379	1013.00	26.58	32.24	92.9	26.35	32.24	95.0	26.32	32.24	95.3	27.67	32.24	83.8
20/06/2018 2:23:00 PM	3612313380	1013.00	26.53	32.24	93.4	26.33	32.24	95.2	26.33	32.24	95.2	27.66	32.24	83.9
20/06/2018 2:23:01 PM	3612313381	1013.00	26.57	32.24	93.0	26.43	32.24	94.3	26.33	32.24	95.2	27.68	32.24	83.7
20/06/2018 2:23:02 PM	3612313382	1013.00	26.61	32.24	92.7	26.38	32.24	94.7	26.32	32.24	95.3	27.66	32.24	83.9
20/06/2018 2:23:03 PM	3612313383	1013.00	26.54	32.24	93.3	26.41	32.24	94.5	26.36	32.24	94.9	27.69	32.24	83.6
20/06/2018 2:23:04 PM	3612313384	1013.00	26.57	32.24	93.0	26.42	32.24	94.4	26.37	32.24	94.8	27.69	32.24	83.6
20/06/2018 2:23:05 PM	3612313385	1013.00	26.55	32.24	93.2	26.41	32.24	94.5	26.36	32.24	94.9	27.71	32.24	83.5
20/06/2018 2:23:06 PM	3612313386	1013.00	26.55	32.24	93.2	26.41	32.24	94.5	26.36	32.24	94.9	27.71	32.24	83.5
20/06/2018 2:23:07 PM	3612313387	1013.00	26.63	32.24	92.5	26.44	32.24	94.2	26.36	32.24	94.9	27.72	32.24	83.4
20/06/2018 2:23:08 PM	3612313388	1013.00	26.61	32.24	92.7	26.44	32.24	94.2	26.37	32.24	94.8	27.69	32.24	83.6
20/06/2018 2:23:09 PM	3612313389	1013.00	26.61	32.24	92.7	26.44	32.24	94.2	26.37	32.24	94.8	27.69	32.24	83.6
20/06/2018 2:23:10 PM	3612313390	1013.00	26.58	32.24	92.9	26.38	32.24	94.7	26.38	32.24	94.7	27.74	32.24	83.2
20/06/2018 2:23:11 PM	3612313391	1013.00	26.59	32.24	92.8	26.46	32.24	94.0	26.37	32.24	94.8	27.74	32.24	83.2
20/06/2018 2:23:12 PM	3612313392	1013.00	26.59	32.24	92.8	26.49	32.24	93.7	26.37	32.24	94.8	27.75	32.24	83.2
20/06/2018 2:23:13 PM	3612313393	1013.00	26.61	32.24	92.7	26.49	32.24	93.7	26.34	32.24	95.1	27.74	32.24	83.2
20/06/2018 2:23:14 PM	3612313394	1013.00	26.64	32.23	92.4	26.46	32.23	94.0	26.36	32.23	94.9	27.76	32.23	83.1
20/06/2018 2:23:15 PM	3612313395	1013.00	26.59	32.24	92.8	26.46	32.24	94.0	26.36	32.24	94.9	27.76	32.24	83.1
20/06/2018 2:23:16 PM	3612313396	1013.00	26.64	32.24	92.4	26.48	32.24	93.8	26.36	32.24	94.9	27.78	32.24	82.9
20/06/2018 2:23:17 PM	3612313397	1013.00	26.64	32.24	92.4	26.48	32.24	93.8	26.36	32.24	94.9	27.78	32.24	82.9
20/06/2018 2:23:18 PM	3612313398	1013.00	26.57	32.24	93.0	26.49	32.24	93.7	26.38	32.24	94.7	27.76	32.24	83.1
20/06/2018 2:23:19 PM	3612313399	1013.00	26.67	32.24	92.1	26.46	32.24	94.0	26.37	32.24	94.8	27.77	32.24	83.0
20/06/2018 2:23:20 PM	3612313400	1013.00	26.60	32.24	92.8	26.46	32.24	94.0	26.37	32.24	94.8	27.81	32.24	82.7
20/06/2018 2:23:21 PM	3612313401	1013.00	26.59	32.24	92.8	26.44	32.24	94.2	26.39	32.24	94.6	27.81	32.24	82.7
20/06/2018 2:23:22 PM	3612313402	1013.00	26.67	32.24	92.1	26.48	32.24	93.8	26.40	32.24	94.6	27.81	32.24	82.7
20/06/2018 2:23:23 PM	3612313403	1013.00	26.66	32.24	92.2	26.48	32.24	93.8	26.41	32.24	94.5	27.80	32.24	82.8
20/06/2018 2:23:24 PM	3612313404	1013.00	26.72	32.24	91.7	26.48	32.24	93.8	26.38	32.24	94.7	27.80	32.24	82.8
20/06/2018 2:23:25 PM	3612313405	1013.00	26.66	32.24	92.2	26.45	32.24	94.1	26.41	32.24	94.5	27.82	32.24	82.6
20/06/2018 2:23:26 PM	3612313406	1013.00	26.69	32.24	92.0	26.47	32.24	93.9	26.43	32.24	94.3	27.78	32.24	82.9
20/06/2018 2:23:27 PM	3612313407	1013.00	26.69	32.24	92.0	26.47	32.24	93.9	26.43	32.24	94.3	27.78	32.24	82.9
20/06/2018 2:23:28 PM	3612313408	1013.00	26.65	32.24	92.3	26.51	32.24	93.6	26.44	32.24	94.2	27.80	32.24	82.8
20/06/2018 2:23:29 PM	3612313409	1013.00	26.65	32.24	92.3	26.51	32.24	93.6	26.44	32.24	94.2	27.80	32.24	82.8
20/06/2018 2:23:30 PM	3612313410	1013.00	26.61	32.24	92.7	26.49	32.24	93.7	26.44	32.24	94.2	27.83	32.24	82.5
20/06/2018 2:23:31 PM	3612313411	1013.00	26.70	32.24	91.9	26.48	32.24	93.8	26.44	32.24	94.2	27.84	32.24	82.5
20/06/2018 2:23:32 PM	3612313412	1013.00	26.69	32.24	92.0	26.48	32.24	93.8	26.45	32.24	94.1	27.84	32.24	82.5
20/06/2018 2:23:33 PM	3612313413	1013.00	26.62	32.24	92.6	26.46	32.24	94.0	26.43	32.24	94.3	27.84	32.24	82.5
20/06/2018 2:23:34 PM	3612313414	1013.00	26.65	32.24	92.3	26.53	32.24	93.4	26.43	32.24	94.3	27.81	32.24	82.7
20/06/2018 2:23:35 PM	3612313415	1013.00	26.62	32.24	92.6	26.52	32.24	93.5	26.45	32.24	94.1	27.84	32.24	82.5
20/06/2018 2:23:36 PM	3612313416	1013.00	26.63	32.24	92.5	26.46	32.24	94.0	26.44	32.24	94.2	27.82	32.24	82.6
20/06/2018 2:23:37 PM	3612313417	1013.00	26.66	32.24	92.2	26.47	32.24	93.9	26.47	32.24	93.9	27.85	32.24	82.4
20/06/2018 2:23:38 PM	3612313418	1013.00	26.62	32.24	92.6	26.48	32.24	93.8	26.45	32.24	94.1	27.82	32.24	82.6
20/06/2018 2:23:39 PM	3612313419	1013.00	26.69	32.25	91.9	26.48	32.25	93.8	26.47	32.25	93.9	27.82	32.25	82.6
20/06/2018 2:23:40 PM	3612313420	1013.00	26.69	32.25	91.9	26.55	32.25	93.2	26.45	32.25	94.1	27.85	32.25	82.4
20/06/2018 2:23:41 PM	3612313421	1013.00	26.69	32.25	91.9	26.55	32.25	93.2	26.45	32.25	94.1	27.85	32.25	82.4
20/06/2018 2:23:42 PM	3612313422	1013.00	26.70	32.25	91.8	26.52	32.25	93.5	26.47	32.25	93.9	27.88	32.25	82.1
20/06/2018 2:23:43 PM	3612313423	1013.00	26.73	32.25	91.6	26.49	32.25	93.7	26.45	32.25	94.1	27.88	32.25	82.1
20/06/2018 2:23:44 PM	3612313424	1013.00	26.63	32.25	92.5	26.54	32.25	93.3	26.45	32.25	94.1	27.86	32.25	82.3
20/06/2018 2:23:45 PM	3612313425	1013.00	26.73	32.24	91.6	26.49	32.24	93.7	26.47	32.24	93.9	27.90	32.24	82.0
20/06/2018 2:23:46 PM	3612313426	1013.00	26.74	32.25	91.5	26.52	32.25	93.5	26.47	32.25	93.9	27.90	32.25	82.0
20/06/2018 2:23:47 PM	3612313427	1013.00	26.72	32.24	91.7	26.52	32.24	93.5	26.48	32.24	93.8	27.88	32.24	82.2
20/06/2018 2:23:48 PM	3612313428	1013.00	26.72	32.24	91.7	26.52	32.24	93.5	26.48	32.24	93.8	27.88	32.24	82.2
20/06/2018 2:23:49 PM	3612313429	1013.00	26.72	32.24	91.7	26.48	32.24	93.8	26.50	32.24	93.6	27.90	32.24	82.0
20/06/2018 2:23:50 PM	3612313430	1013.00	26.78	32.24	91.2	26.56	32.24	93.1	26.48	32.24	93.8	27.92	32.24	81.9
20/06/2018 2:23:51 PM	3612313431	1013.00	26.73	32.25	91.6	26.53	32.25	93.4	26.47	32.25	93.9	27.93	32.25	81.8
20/06/2018 2:23:52 PM	3612313432	1013.00	26.70	32.25	91.8	26.56	32.25	93.1	26.48	32.25	93.8	27.93	32.25	81.8
20/06/2018 2:23:53 PM	3612313433	1013.00	26.77	32.25	91.2	26.55	32.25	93.2	26.52	32.25	93.5	27.90	32.25	82.0
20/06/2018 2:23:54 PM	3612313434	1013.00	26.76	32.26	91.3	26.57	32.26	93.0	26.48	32.26	93.8	27.95	32.26	81.6
20/06/2018 2:23:55 PM	3612313435	1013.00	26.81	32.25	90.9	26.55	32.25	93.2	26.46	32.25	94.0	27.96	32.25	81.5
20/06/2018 2:23:56 PM	3612313436	1013.00	26.77	32.25	91.2	26.53	32.25	93.4	26.49	32.25	93.7	27.94	32.25	81.7
20/06/2018 2:23:57 PM	3612313437	1013.00	26.74	32.25	91.5	26.52	32.25	93.5	26.50	32.25	93.6	27.94	32.25	81.7
20/06/2018 2:23:58 PM	3612313438	1013.00	26.76	32.25	91.3	26.62	32.25	92.6	26.48	32.25	93.8	27.96	32.25	81.5
20/06/2018 2:23:59 PM	3612313439	1013.00	26.79	32.24	91.1	26.57	32.24	93.0	26.48	32.24	93.8	27.98	32.24	81.4
20/06/2018 2:24:00 PM	3612313440	1013.00	26.81	32.24	90.9	26.51	32.24	93.6	26.51	32.24	93.6	27.96	32.24	81.6
20/06/2018 2:24:01 PM	3612313441	1013.00	26.81	32.24	90.9	26.51	32.24	93.6	26.51	32.24	93.6	27.96	32.24	81.6
20/06/2018 2:24:02 PM	3612313442	1013.00	26.78	32.24	91.2	26.57	32.24	93.0	26.49	32.24	93.7	28.01	32.24	81.2
20/06/2018 2:24:03 PM	3612313443	1013.00	26.72	32.24	91.7	26.50	32.24	93.6	26.49	32.24	93.7	27.99	32.24	81.3
20/06/2018 2:24:04 PM	3612313444	1013.00	26.77	32.25	91.2	26.57	32.25	93.0	26.50	32.25	93.6	28.02	32.25	81.1
20/06/2018 2:24:05 PM	3612313445	1013.00	26.80	32.25	91.0	26.59	32.25	92.8	26.49	32.25	93.7	28.01	32.25	81.2
20/06/2018 2:24:06 PM	3612313446	1013.00	26.73	32.24	91.6	26.56	32.24	93.1	26.51	32.24	93.6	28.00	32.24	81.2
20/06/2018 2:24:07 PM	3612313447	1013.00	26.78	32.25	91.1	26.53	32.25	93.4	26.52	32.25	93.5	28.02	32.25	81.1
20/06/2018 2:24:08 PM	3612313448	1013.00	26.81	32.24	90.9	26.54	32.24	93.3	26.51	32.24	93.6	28.03	32.24	81.0
20/06/2018 2:24:09 PM	3612313449	1013.00	26.81	32.24	90.9	26.54	32.24	93.3	26.51	32.24	93.6	28.03	32.24	81.0
20/06/2018 2:24:10 PM	3612313450	1013.00	26.81	32.24	90.9	26.58	32.24	92.9	26.53	32.24	93.4	28.02	32.24	81.1
20/06/2018 2:24:11 PM	3612313451	1013.00	26.80	32.24	91.0	26.54	32.24	93.3	26.54	32.24	93.3	28.07	32.24	80.7
20/06/2018 2:24:12 PM	3612313452	1013.00	26.79	32.24	91.1	26.56	32.24	93.1	26.53	32.24	93.4	28.07	32.24	80.7
20/06/2018 2:24:13 PM	3612313453	1013.00	26.78	32.24	91.2	26.55	32.24	93.2	26.51	32.24	93.6	28.06	32.24	80.8
20/06/2018 2:24:14 PM	3612313454	1013.00	26.87	32.24	90.4	26.57	32.24	93.0	26.56	32.24	93.1	28.08	32.24	80.6
20/06/2018 2:24:15 PM	3612313455	1013.00	26.84	32.24	90.6	26.56	32.24	93.1	26.52	32.24	93.5	28.07	32.24	80.7
20/06/2018 2:24:16 PM	3612313456	1013.00	26.80	32.24	91.0	26.60	32.24	92.8	26.53	32.24	93.4	28.13	32.24	80.3
20/06/2018 2:24:17 PM	3612313457	1013.00	26.87	32.25	90.4	26.58	32.25	92.9	26.54	32.25	93.3	28.10	32.25	80.5
20/06/2018 2:24:18 PM	3612313458	1013.00	26.83	32.24	90.7	26.56	32.24	93.1	26.51	32.24	93.6	28.10	32.24	80.5
20/06/2018 2:24:19 PM	3612313459	1013.00	26.83	32.24	90.7	26.62	32.24	92.6	26.52	32.24	93.5	28.09	32.24	80.6
20/06/2018 2:24:20 PM	3612313460	1013.00	26.77	32.24	91.3	26.55	32.24	93.2	26.52	32.24	93.5	28.13	32.24	80.3
20/06/2018 2:24:21 PM	3612313461	1013.00	26.77	32.24	91.3	26.55	32.24	93.2	26.52	32.24	93.5	28.13	32.24	80.3
20/06/2018 2:24:22 PM	3612313462	1013.00	26.83	32.23	90.7	26.58	32.23	92.9	26.55	32.23	93.2	28.11	32.23	80.4
20/06/2018 2:24:23 PM	3612313463	1013.00	26.87	32.24	90.4	26.55	32.24	93.2	26.53	32.24	93.4	28.10	32.24	80.5
20/06/2018 2:24:24 PM	3612313464	1013.00	26.80	32.24	91.0	26.58	32.24	92.9	26.54	32.24	93.3	28.15	32.24	80.1
20/06/2018 2:24:25 PM	3612313465	1013.00	26.78	32.24	91.2	26.61	32.24	92.7	26.55	32.24	93.2	28.15	32.24	80.1
20/06/2018 2:24:26 PM	3612313466	1013.00	26.81	32.24	90.9	26.64	32.24	92.4	26.54	32.24	93.3	28.15	32.24	80.1
20/06/2018 2:24:27 PM	3612313467	1013.00	26.84	32.25	90.6	26.61	32.25	92.6	26.55	32.25	93.2	28.16	32.25	80.0
20/06/2018 2:24:28 PM	3612313468	1013.00	26.81	32.25	90.9	26.61	32.25	92.6	26.52	32.25	93.5	28.17	32.25	80.0
20/06/2018 2:24:29 PM	3612313469	1013.00	26.85	32.25	90.5	26.56	32.25	93.1	26.53	32.25	93.4	28.16	32.25	80.0
20/06/2018 2:24:30 PM	3612313470	1013.00	26.85	32.25	90.5	26.56	32.25	93.1	26.53	32.25	93.4	28.16	32.25	80.0
20/06/2018 2:24:31 PM	3612313471	1013.00	26.90	32.25	90.1	26.62	32.25	92.6	26.56	32.25	93.1	28.17	32.25	80.0
20/06/2018 2:24:32 PM	3612313472	1013.00	26.88	32.25	90.3	26.65	32.25	92.3	26.56	32.25	93.1	28.20	32.25	79.7
20/06/2018 2:24:33 PM	3612313473	1013.00	26.88	32.25	90.3	26.65	32.25	92.3	26.56	32.25	93.1	28.20	32.25	79.7
20/06/2018 2:24:34 PM	3612313474	1013.00	26.81	32.24	90.9	26.57	32.24	93.0	26.53	32.24	93.4	28.22	32.24	79.6
20/06/2018 2:24:35 PM	3612313475	1013.00	26.82	32.24	90.8	26.64	32.24	92.4	26.54	32.24	93.3	28.19	32.24	79.8
20/06/2018 2:24:36 PM	3612313476	1013.00	26.83	32.24	90.7	26.63	32.24	92.5	26.54	32.24	93.3	28.21	32.24	79.7
