Date & time of file creation	4/07/2018 10:20 AM													
Data file path	C:\Users\ameli\Desktop\Diego Barneche\04_07_2018\26_C_new_witrox_20.txt													
														
														
CALIBRATION DATA														
Parameter/Channel	N moving average	LO phase [r.U.]	HI phase [r.U.]	LO oxygen [%air saturation]	HI oxygen [%air saturation]	LO temperature [°C]	HI temperature [°C]	Salinity [‰]						
SDWD0003000199      , CH 1	1	59.46	26.95	0.00	100.00	26.00	26.08	0.000						
SDWD0003000199      , CH 2	1	59.46	26.95	0.00	100.00	26.00	26.08	0.000						
SDWD0003000199      , CH 3	1	59.46	26.95	0.00	100.00	26.00	26.08	0.000						
SDWD0003000199      , CH 4	1	59.46	26.95	0.00	100.00	26.00	26.08	0.000						
														
														
Date &Time [DD-MM-YYYY HH:MM:SS]	Time stamp code	Barometric pressure [hPa]	SDWD0003000199      , CH 1 phase [r.U.]	SDWD0003000199      , CH 1 temp [°C]	SDWD0003000199      , CH 1 O2 [% air saturation]	SDWD0003000199      , CH 2 phase [r.U.]	SDWD0003000199      , CH 2 temp [°C]	SDWD0003000199      , CH 2 O2 [% air saturation]	SDWD0003000199      , CH 3 phase [r.U.]	SDWD0003000199      , CH 3 temp [°C]	SDWD0003000199      , CH 3 O2 [% air saturation]	SDWD0003000199      , CH 4 phase [r.U.]	SDWD0003000199      , CH 4 temp [°C]	SDWD0003000199      , CH 4 O2 [% air saturation]
4/07/2018 10:22:32 AM	3613508552	1013.00	27.67	26.07	93.4	27.42	26.07	95.7	27.11	26.07	98.5	27.01	26.07	99.4
4/07/2018 10:22:33 AM	3613508553	1013.00	27.65	26.07	93.6	27.48	26.07	95.1	27.09	26.07	98.7	27.12	26.07	98.4
4/07/2018 10:22:34 AM	3613508554	1013.00	27.67	26.07	93.4	27.46	26.07	95.3	27.10	26.07	98.6	27.05	26.07	99.1
4/07/2018 10:22:35 AM	3613508555	1013.00	27.63	26.07	93.8	27.42	26.07	95.7	27.17	26.07	97.9	27.04	26.07	99.2
4/07/2018 10:22:36 AM	3613508556	1013.00	27.66	26.07	93.5	27.46	26.07	95.3	27.06	26.07	99.0	27.05	26.07	99.1
4/07/2018 10:22:37 AM	3613508557	1013.00	27.62	26.06	93.9	27.40	26.06	95.9	27.09	26.06	98.7	27.06	26.06	99.0
4/07/2018 10:22:38 AM	3613508558	1013.00	27.65	26.06	93.6	27.45	26.06	95.4	27.15	26.06	98.2	27.11	26.06	98.5
4/07/2018 10:22:39 AM	3613508559	1013.00	27.63	26.07	93.8	27.45	26.07	95.4	27.07	26.07	98.9	27.08	26.07	98.8
4/07/2018 10:22:40 AM	3613508560	1013.00	27.61	26.07	94.0	27.39	26.07	95.9	27.10	26.07	98.6	27.10	26.07	98.6
4/07/2018 10:22:41 AM	3613508561	1013.00	27.62	26.07	93.9	27.47	26.07	95.2	27.15	26.07	98.1	27.11	26.07	98.5
4/07/2018 10:22:42 AM	3613508562	1013.00	27.63	26.08	93.8	27.45	26.08	95.4	27.11	26.08	98.5	27.09	26.08	98.7
4/07/2018 10:22:43 AM	3613508563	1013.00	27.64	26.08	93.7	27.42	26.08	95.6	27.12	26.08	98.4	27.04	26.08	99.1
4/07/2018 10:22:44 AM	3613508564	1013.00	27.64	26.07	93.7	27.42	26.07	95.7	27.10	26.07	98.6	27.05	26.07	99.1
4/07/2018 10:22:45 AM	3613508565	1013.00	27.67	26.08	93.4	27.41	26.08	95.7	27.09	26.08	98.7	27.03	26.08	99.2
4/07/2018 10:22:46 AM	3613508566	1013.00	27.62	26.08	93.9	27.40	26.08	95.8	27.10	26.08	98.6	27.04	26.08	99.1
4/07/2018 10:22:47 AM	3613508567	1013.00	27.60	26.07	94.1	27.37	26.07	96.1	27.13	26.07	98.3	27.08	26.07	98.8
4/07/2018 10:22:48 AM	3613508568	1013.00	27.62	26.07	93.9	27.43	26.07	95.6	27.10	26.07	98.6	27.06	26.07	99.0
4/07/2018 10:22:49 AM	3613508569	1013.00	27.70	26.07	93.2	27.44	26.07	95.5	27.10	26.07	98.6	27.09	26.07	98.7
4/07/2018 10:22:50 AM	3613508570	1013.00	27.61	26.07	94.0	27.47	26.07	95.2	27.11	26.07	98.5	27.11	26.07	98.5
4/07/2018 10:22:51 AM	3613508571	1013.00	27.65	26.08	93.6	27.44	26.08	95.5	27.14	26.08	98.2	27.09	26.08	98.7
4/07/2018 10:22:52 AM	3613508572	1013.00	27.64	26.08	93.7	27.47	26.08	95.2	27.08	26.08	98.8	27.08	26.08	98.8
4/07/2018 10:22:53 AM	3613508573	1013.00	27.67	26.07	93.4	27.43	26.07	95.6	27.12	26.07	98.4	27.10	26.07	98.6
4/07/2018 10:22:54 AM	3613508574	1013.00	27.67	26.08	93.4	27.48	26.08	95.1	27.13	26.08	98.3	27.05	26.08	99.1
4/07/2018 10:22:55 AM	3613508575	1013.00	27.65	26.07	93.6	27.39	26.07	95.9	27.11	26.07	98.5	27.03	26.07	99.3
4/07/2018 10:22:56 AM	3613508576	1013.00	27.62	26.07	93.9	27.49	26.07	95.0	27.10	26.07	98.6	27.05	26.07	99.1
4/07/2018 10:22:57 AM	3613508577	1013.00	27.64	26.07	93.7	27.42	26.07	95.7	27.12	26.07	98.4	27.03	26.07	99.3
4/07/2018 10:22:58 AM	3613508578	1013.00	27.61	26.07	94.0	27.47	26.07	95.2	27.09	26.07	98.7	27.08	26.07	98.8
4/07/2018 10:22:59 AM	3613508579	1013.00	27.64	26.07	93.7	27.48	26.07	95.1	27.11	26.07	98.5	27.06	26.07	99.0
4/07/2018 10:23:00 AM	3613508580	1013.00	27.62	26.07	93.9	27.46	26.07	95.3	27.11	26.07	98.5	27.07	26.07	98.9
4/07/2018 10:23:01 AM	3613508581	1013.00	27.63	26.07	93.8	27.45	26.07	95.4	27.08	26.07	98.8	27.07	26.07	98.9
4/07/2018 10:23:02 AM	3613508582	1013.00	27.63	26.07	93.8	27.48	26.07	95.1	27.08	26.07	98.8	27.10	26.07	98.6
4/07/2018 10:23:03 AM	3613508583	1013.00	27.56	26.08	94.4	27.42	26.08	95.6	27.09	26.08	98.7	27.12	26.08	98.4
4/07/2018 10:23:04 AM	3613508584	1013.00	27.60	26.08	94.0	27.43	26.08	95.6	27.11	26.08	98.5	27.08	26.08	98.8
4/07/2018 10:23:05 AM	3613508585	1013.00	27.65	26.08	93.6	27.45	26.08	95.4	27.12	26.08	98.4	27.07	26.08	98.9
4/07/2018 10:23:06 AM	3613508586	1013.00	27.63	26.08	93.8	27.48	26.08	95.1	27.08	26.08	98.8	27.07	26.08	98.9
4/07/2018 10:23:07 AM	3613508587	1013.00	27.65	26.08	93.6	27.50	26.08	94.9	27.16	26.08	98.0	27.08	26.08	98.8
4/07/2018 10:23:08 AM	3613508588	1013.00	27.64	26.08	93.7	27.50	26.08	94.9	27.10	26.08	98.6	27.11	26.08	98.5
4/07/2018 10:23:09 AM	3613508589	1013.00	27.64	26.08	93.7	27.45	26.08	95.4	27.13	26.08	98.3	27.07	26.08	98.9
4/07/2018 10:23:10 AM	3613508590	1013.00	27.66	26.07	93.5	27.45	26.07	95.4	27.10	26.07	98.6	27.09	26.07	98.7
4/07/2018 10:23:11 AM	3613508591	1013.00	27.61	26.07	94.0	27.47	26.07	95.2	27.11	26.07	98.5	27.09	26.07	98.7
4/07/2018 10:23:12 AM	3613508592	1013.00	27.64	26.07	93.7	27.43	26.07	95.6	27.14	26.07	98.2	27.07	26.07	98.9
4/07/2018 10:23:13 AM	3613508593	1013.00	27.65	26.07	93.6	27.42	26.07	95.7	27.11	26.07	98.5	27.15	26.07	98.1
4/07/2018 10:23:14 AM	3613508594	1013.00	27.62	26.07	93.9	27.48	26.07	95.1	27.13	26.07	98.3	27.12	26.07	98.4
4/07/2018 10:23:15 AM	3613508595	1013.00	27.63	26.07	93.8	27.45	26.07	95.4	27.16	26.07	98.0	27.10	26.07	98.6
4/07/2018 10:23:16 AM	3613508596	1013.00	27.63	26.07	93.8	27.42	26.07	95.7	27.11	26.07	98.5	27.14	26.07	98.2
4/07/2018 10:23:17 AM	3613508597	1013.00	27.64	26.07	93.7	27.48	26.07	95.1	27.14	26.07	98.2	27.09	26.07	98.7
4/07/2018 10:23:18 AM	3613508598	1013.00	27.65	26.07	93.6	27.44	26.07	95.5	27.15	26.07	98.1	27.14	26.07	98.2
4/07/2018 10:23:19 AM	3613508599	1013.00	27.65	26.08	93.6	27.44	26.08	95.5	27.08	26.08	98.8	27.12	26.08	98.4
4/07/2018 10:23:20 AM	3613508600	1013.00	27.63	26.08	93.8	27.46	26.08	95.3	27.17	26.08	97.9	27.09	26.08	98.7
4/07/2018 10:23:21 AM	3613508601	1013.00	27.65	26.08	93.6	27.46	26.08	95.3	27.12	26.08	98.4	27.09	26.08	98.7
4/07/2018 10:23:22 AM	3613508602	1013.00	27.63	26.08	93.8	27.50	26.08	94.9	27.09	26.08	98.7	27.10	26.08	98.6
4/07/2018 10:23:23 AM	3613508603	1013.00	27.59	26.08	94.1	27.45	26.08	95.4	27.09	26.08	98.7	27.14	26.08	98.2
4/07/2018 10:23:24 AM	3613508604	1013.00	27.67	26.07	93.4	27.45	26.07	95.4	27.10	26.07	98.6	27.10	26.07	98.6
4/07/2018 10:23:25 AM	3613508605	1013.00	27.67	26.07	93.4	27.45	26.07	95.4	27.14	26.07	98.2	27.16	26.07	98.0
4/07/2018 10:23:26 AM	3613508606	1013.00	27.67	26.07	93.4	27.53	26.07	94.7	27.09	26.07	98.7	27.08	26.07	98.8
4/07/2018 10:23:27 AM	3613508607	1013.00	27.68	26.07	93.4	27.47	26.07	95.2	27.13	26.07	98.3	27.10	26.07	98.6
4/07/2018 10:23:28 AM	3613508608	1013.00	27.67	26.07	93.4	27.47	26.07	95.2	27.10	26.07	98.6	27.12	26.07	98.4
4/07/2018 10:23:29 AM	3613508609	1013.00	27.67	26.07	93.4	27.48	26.07	95.1	27.15	26.07	98.1	27.12	26.07	98.4
4/07/2018 10:23:30 AM	3613508610	1013.00	27.67	26.07	93.4	27.51	26.07	94.9	27.10	26.07	98.6	27.15	26.07	98.1
4/07/2018 10:23:31 AM	3613508611	1013.00	27.68	26.07	93.4	27.47	26.07	95.2	27.11	26.07	98.5	27.09	26.07	98.7
4/07/2018 10:23:32 AM	3613508612	1013.00	27.66	26.06	93.5	27.47	26.06	95.2	27.15	26.06	98.2	27.12	26.06	98.4
4/07/2018 10:23:33 AM	3613508613	1013.00	27.62	26.07	93.9	27.50	26.07	94.9	27.10	26.07	98.6	27.13	26.07	98.3
4/07/2018 10:23:34 AM	3613508614	1013.00	27.68	26.07	93.4	27.50	26.07	94.9	27.10	26.07	98.6	27.12	26.07	98.4
4/07/2018 10:23:35 AM	3613508615	1013.00	27.70	26.07	93.2	27.47	26.07	95.2	27.10	26.07	98.6	27.15	26.07	98.1
4/07/2018 10:23:36 AM	3613508616	1013.00	27.64	26.07	93.7	27.43	26.07	95.6	27.14	26.07	98.2	27.17	26.07	97.9
4/07/2018 10:23:37 AM	3613508617	1013.00	27.66	26.08	93.5	27.51	26.08	94.8	27.17	26.08	97.9	27.10	26.08	98.6
4/07/2018 10:23:38 AM	3613508618	1013.00	27.71	26.07	93.1	27.47	26.07	95.2	27.15	26.07	98.1	27.12	26.07	98.4
4/07/2018 10:23:39 AM	3613508619	1013.00	27.64	26.07	93.7	27.52	26.07	94.8	27.13	26.07	98.3	27.18	26.07	97.9
4/07/2018 10:23:40 AM	3613508620	1013.00	27.68	26.07	93.4	27.50	26.07	94.9	27.12	26.07	98.4	27.12	26.07	98.4
4/07/2018 10:23:41 AM	3613508621	1013.00	27.68	26.06	93.4	27.45	26.06	95.4	27.10	26.06	98.6	27.13	26.06	98.3
4/07/2018 10:23:42 AM	3613508622	1013.00	27.69	26.06	93.3	27.50	26.06	95.0	27.12	26.06	98.4	27.15	26.06	98.2
4/07/2018 10:23:43 AM	3613508623	1013.00	27.71	26.06	93.1	27.47	26.06	95.2	27.11	26.06	98.5	27.15	26.06	98.2
4/07/2018 10:23:44 AM	3613508624	1013.00	27.68	26.06	93.4	27.50	26.06	95.0	27.14	26.06	98.2	27.16	26.06	98.1
4/07/2018 10:23:45 AM	3613508625	1013.00	27.65	26.06	93.6	27.55	26.06	94.5	27.13	26.06	98.3	27.16	26.06	98.1
4/07/2018 10:23:46 AM	3613508626	1013.00	27.71	26.07	93.1	27.53	26.07	94.7	27.15	26.07	98.1	27.18	26.07	97.9
4/07/2018 10:23:47 AM	3613508627	1013.00	27.71	26.08	93.1	27.50	26.08	94.9	27.16	26.08	98.0	27.23	26.08	97.4
4/07/2018 10:23:48 AM	3613508628	1013.00	27.72	26.07	93.0	27.55	26.07	94.5	27.10	26.07	98.6	27.21	26.07	97.6
4/07/2018 10:23:49 AM	3613508629	1013.00	27.67	26.08	93.4	27.47	26.08	95.2	27.13	26.08	98.3	27.17	26.08	97.9
4/07/2018 10:23:50 AM	3613508630	1013.00	27.68	26.08	93.3	27.51	26.08	94.8	27.13	26.08	98.3	27.20	26.08	97.7
4/07/2018 10:23:51 AM	3613508631	1013.00	27.68	26.08	93.3	27.50	26.08	94.9	27.13	26.08	98.3	27.12	26.08	98.4
4/07/2018 10:23:52 AM	3613508632	1013.00	27.72	26.07	93.0	27.56	26.07	94.4	27.16	26.07	98.0	27.23	26.07	97.4
4/07/2018 10:23:53 AM	3613508633	1013.00	27.66	26.07	93.5	27.52	26.07	94.8	27.16	26.07	98.0	27.21	26.07	97.6
4/07/2018 10:23:54 AM	3613508634	1013.00	27.68	26.07	93.4	27.50	26.07	94.9	27.16	26.07	98.0	27.21	26.07	97.6
4/07/2018 10:23:55 AM	3613508635	1013.00	27.70	26.06	93.2	27.50	26.06	95.0	27.14	26.06	98.2	27.15	26.06	98.2
4/07/2018 10:23:56 AM	3613508636	1013.00	27.71	26.06	93.1	27.54	26.06	94.6	27.12	26.06	98.4	27.19	26.06	97.8
4/07/2018 10:23:57 AM	3613508637	1013.00	27.73	26.06	92.9	27.53	26.06	94.7	27.11	26.06	98.5	27.25	26.06	97.2
4/07/2018 10:23:58 AM	3613508638	1013.00	27.72	26.06	93.0	27.46	26.06	95.3	27.15	26.06	98.2	27.20	26.06	97.7
4/07/2018 10:23:59 AM	3613508639	1013.00	27.70	26.06	93.2	27.50	26.06	95.0	27.13	26.06	98.3	27.21	26.06	97.6
4/07/2018 10:24:00 AM	3613508640	1013.00	27.66	26.07	93.5	27.54	26.07	94.6	27.10	26.07	98.6	27.27	26.07	97.0
4/07/2018 10:24:01 AM	3613508641	1013.00	27.73	26.07	92.9	27.55	26.07	94.5	27.12	26.07	98.4	27.20	26.07	97.7
4/07/2018 10:24:02 AM	3613508642	1013.00	27.69	26.07	93.3	27.51	26.07	94.9	27.13	26.07	98.3	27.18	26.07	97.9
4/07/2018 10:24:03 AM	3613508643	1013.00	27.68	26.07	93.4	27.52	26.07	94.8	27.14	26.07	98.2	27.15	26.07	98.1
4/07/2018 10:24:04 AM	3613508644	1013.00	27.70	26.06	93.2	27.51	26.06	94.9	27.13	26.06	98.3	27.20	26.06	97.7
4/07/2018 10:24:05 AM	3613508645	1013.00	27.68	26.06	93.4	27.55	26.06	94.5	27.15	26.06	98.2	27.20	26.06	97.7
4/07/2018 10:24:06 AM	3613508646	1013.00	27.72	26.06	93.0	27.60	26.06	94.1	27.16	26.06	98.1	27.22	26.06	97.5
4/07/2018 10:24:07 AM	3613508647	1013.00	27.68	26.06	93.4	27.52	26.06	94.8	27.14	26.06	98.2	27.16	26.06	98.1
4/07/2018 10:24:08 AM	3613508648	1013.00	27.72	26.06	93.0	27.55	26.06	94.5	27.15	26.06	98.2	27.20	26.06	97.7
4/07/2018 10:24:09 AM	3613508649	1013.00	27.70	26.05	93.2	27.55	26.05	94.5	27.14	26.05	98.3	27.25	26.05	97.2
4/07/2018 10:24:10 AM	3613508650	1013.00	27.68	26.05	93.4	27.54	26.05	94.6	27.10	26.05	98.6	27.19	26.05	97.8
4/07/2018 10:24:11 AM	3613508651	1013.00	27.71	26.06	93.1	27.52	26.06	94.8	27.10	26.06	98.6	27.25	26.06	97.2
4/07/2018 10:24:12 AM	3613508652	1013.00	27.74	26.07	92.8	27.53	26.07	94.7	27.10	26.07	98.6	27.19	26.07	97.8
4/07/2018 10:24:13 AM	3613508653	1013.00	27.68	26.07	93.4	27.57	26.07	94.3	27.14	26.07	98.2	27.25	26.07	97.2
4/07/2018 10:24:14 AM	3613508654	1013.00	27.72	26.08	93.0	27.52	26.08	94.8	27.17	26.08	97.9	27.26	26.08	97.1
4/07/2018 10:24:15 AM	3613508655	1013.00	27.72	26.08	93.0	27.57	26.08	94.3	27.13	26.08	98.3	27.26	26.08	97.1
4/07/2018 10:24:16 AM	3613508656	1013.00	27.71	26.07	93.1	27.50	26.07	94.9	27.13	26.07	98.3	27.24	26.07	97.3
4/07/2018 10:24:17 AM	3613508657	1013.00	27.73	26.07	92.9	27.57	26.07	94.3	27.10	26.07	98.6	27.25	26.07	97.2
4/07/2018 10:24:18 AM	3613508658	1013.00	27.72	26.06	93.0	27.58	26.06	94.3	27.17	26.06	98.0	27.25	26.06	97.2
4/07/2018 10:24:19 AM	3613508659	1013.00	27.71	26.06	93.1	27.53	26.06	94.7	27.15	26.06	98.2	27.26	26.06	97.1
4/07/2018 10:24:20 AM	3613508660	1013.00	27.75	26.06	92.8	27.54	26.06	94.6	27.13	26.06	98.3	27.27	26.06	97.0
4/07/2018 10:24:21 AM	3613508661	1013.00	27.72	26.07	93.0	27.56	26.07	94.4	27.11	26.07	98.5	27.22	26.07	97.5
4/07/2018 10:24:22 AM	3613508662	1013.00	27.74	26.06	92.9	27.58	26.06	94.3	27.13	26.06	98.3	27.27	26.06	97.0
4/07/2018 10:24:23 AM	3613508663	1013.00	27.72	26.07	93.0	27.54	26.07	94.6	27.17	26.07	97.9	27.27	26.07	97.0
4/07/2018 10:24:24 AM	3613508664	1013.00	27.72	26.07	93.0	27.55	26.07	94.5	27.12	26.07	98.4	27.30	26.07	96.8
4/07/2018 10:24:25 AM	3613508665	1013.00	27.72	26.07	93.0	27.59	26.07	94.1	27.15	26.07	98.1	27.24	26.07	97.3
4/07/2018 10:24:26 AM	3613508666	1013.00	27.72	26.06	93.0	27.60	26.06	94.1	27.18	26.06	97.9	27.23	26.06	97.4
4/07/2018 10:24:27 AM	3613508667	1013.00	27.74	26.06	92.9	27.61	26.06	94.0	27.12	26.06	98.4	27.33	26.06	96.5
4/07/2018 10:24:28 AM	3613508668	1013.00	27.76	26.06	92.7	27.53	26.06	94.7	27.13	26.06	98.3	27.31	26.06	96.7
4/07/2018 10:24:29 AM	3613508669	1013.00	27.74	26.06	92.9	27.56	26.06	94.4	27.16	26.06	98.1	27.32	26.06	96.6
4/07/2018 10:24:30 AM	3613508670	1013.00	27.74	26.06	92.9	27.63	26.06	93.8	27.17	26.06	98.0	27.29	26.06	96.9
4/07/2018 10:24:31 AM	3613508671	1013.00	27.76	26.06	92.7	27.58	26.06	94.3	27.18	26.06	97.9	27.30	26.06	96.8
4/07/2018 10:24:32 AM	3613508672	1013.00	27.78	26.06	92.5	27.64	26.06	93.7	27.15	26.06	98.2	27.28	26.06	97.0
4/07/2018 10:24:33 AM	3613508673	1013.00	27.73	26.07	92.9	27.59	26.07	94.1	27.14	26.07	98.2	27.29	26.07	96.8
4/07/2018 10:24:34 AM	3613508674	1013.00	27.77	26.07	92.6	27.59	26.07	94.1	27.17	26.07	97.9	27.28	26.07	96.9
4/07/2018 10:24:35 AM	3613508675	1013.00	27.76	26.06	92.7	27.59	26.06	94.2	27.12	26.06	98.4	27.30	26.06	96.8
4/07/2018 10:24:36 AM	3613508676	1013.00	27.76	26.07	92.7	27.60	26.07	94.1	27.19	26.07	97.8	27.30	26.07	96.8
4/07/2018 10:24:37 AM	3613508677	1013.00	27.75	26.07	92.7	27.57	26.07	94.3	27.09	26.07	98.7	27.31	26.07	96.7
4/07/2018 10:24:38 AM	3613508678	1013.00	27.76	26.07	92.7	27.59	26.07	94.1	27.14	26.07	98.2	27.30	26.07	96.8
4/07/2018 10:24:39 AM	3613508679	1013.00	27.77	26.07	92.6	27.58	26.07	94.2	27.17	26.07	97.9	27.31	26.07	96.7
4/07/2018 10:24:40 AM	3613508680	1013.00	27.75	26.07	92.7	27.53	26.07	94.7	27.18	26.07	97.9	27.32	26.07	96.6
4/07/2018 10:24:41 AM	3613508681	1013.00	27.77	26.07	92.6	27.61	26.07	94.0	27.18	26.07	97.9	27.36	26.07	96.2
4/07/2018 10:24:42 AM	3613508682	1013.00	27.77	26.07	92.6	27.58	26.07	94.2	27.15	26.07	98.1	27.27	26.07	97.0
4/07/2018 10:24:43 AM	3613508683	1013.00	27.77	26.07	92.6	27.55	26.07	94.5	27.14	26.07	98.2	27.33	26.07	96.5
4/07/2018 10:24:44 AM	3613508684	1013.00	27.78	26.07	92.5	27.64	26.07	93.7	27.17	26.07	97.9	27.32	26.07	96.6
4/07/2018 10:24:45 AM	3613508685	1013.00	27.74	26.07	92.8	27.54	26.07	94.6	27.16	26.07	98.0	27.32	26.07	96.6
4/07/2018 10:24:46 AM	3613508686	1013.00	27.74	26.07	92.8	27.62	26.07	93.9	27.17	26.07	97.9	27.29	26.07	96.8
4/07/2018 10:24:47 AM	3613508687	1013.00	27.77	26.07	92.6	27.57	26.07	94.3	27.18	26.07	97.9	27.33	26.07	96.5
4/07/2018 10:24:48 AM	3613508688	1013.00	27.74	26.07	92.8	27.66	26.07	93.5	27.14	26.07	98.2	27.32	26.07	96.6
4/07/2018 10:24:49 AM	3613508689	1013.00	27.80	26.07	92.3	27.60	26.07	94.1	27.18	26.07	97.9	27.34	26.07	96.4
4/07/2018 10:24:50 AM	3613508690	1013.00	27.74	26.07	92.8	27.61	26.07	94.0	27.13	26.07	98.3	27.26	26.07	97.1
4/07/2018 10:24:51 AM	3613508691	1013.00	27.76	26.07	92.7	27.65	26.07	93.6	27.11	26.07	98.5	27.35	26.07	96.3
4/07/2018 10:24:52 AM	3613508692	1013.00	27.79	26.07	92.4	27.65	26.07	93.6	27.21	26.07	97.6	27.31	26.07	96.7
4/07/2018 10:24:53 AM	3613508693	1013.00	27.78	26.07	92.5	27.66	26.07	93.5	27.19	26.07	97.8	27.41	26.07	95.8
4/07/2018 10:24:54 AM	3613508694	1013.00	27.79	26.07	92.4	27.57	26.07	94.3	27.15	26.07	98.1	27.29	26.07	96.8
4/07/2018 10:24:55 AM	3613508695	1013.00	27.77	26.07	92.6	27.65	26.07	93.6	27.16	26.07	98.0	27.34	26.07	96.4
4/07/2018 10:24:56 AM	3613508696	1013.00	27.79	26.07	92.4	27.62	26.07	93.9	27.20	26.07	97.7	27.33	26.07	96.5
4/07/2018 10:24:57 AM	3613508697	1013.00	27.78	26.06	92.5	27.62	26.06	93.9	27.16	26.06	98.1	27.38	26.06	96.0
4/07/2018 10:24:58 AM	3613508698	1013.00	27.81	26.07	92.2	27.62	26.07	93.9	27.14	26.07	98.2	27.38	26.07	96.0
4/07/2018 10:24:59 AM	3613508699	1013.00	27.81	26.07	92.2	27.60	26.07	94.1	27.19	26.07	97.8	27.34	26.07	96.4
4/07/2018 10:25:00 AM	3613508700	1013.00	27.81	26.07	92.2	27.62	26.07	93.9	27.14	26.07	98.2	27.36	26.07	96.2
4/07/2018 10:25:01 AM	3613508701	1013.00	27.83	26.07	92.1	27.60	26.07	94.1	27.24	26.07	97.3	27.32	26.07	96.6
4/07/2018 10:25:02 AM	3613508702	1013.00	27.81	26.07	92.2	27.65	26.07	93.6	27.20	26.07	97.7	27.38	26.07	96.0
4/07/2018 10:25:03 AM	3613508703	1013.00	27.82	26.07	92.1	27.61	26.07	94.0	27.13	26.07	98.3	27.37	26.07	96.1
4/07/2018 10:25:04 AM	3613508704	1013.00	27.82	26.07	92.1	27.68	26.07	93.4	27.13	26.07	98.3	27.42	26.07	95.7
4/07/2018 10:25:05 AM	3613508705	1013.00	27.83	26.07	92.1	27.65	26.07	93.6	27.18	26.07	97.9	27.38	26.07	96.0
4/07/2018 10:25:06 AM	3613508706	1013.00	27.84	26.08	92.0	27.63	26.08	93.8	27.16	26.08	98.0	27.36	26.08	96.2
4/07/2018 10:25:07 AM	3613508707	1013.00	27.82	26.08	92.1	27.65	26.08	93.6	27.19	26.08	97.7	27.34	26.08	96.4
4/07/2018 10:25:08 AM	3613508708	1013.00	27.82	26.08	92.1	27.61	26.08	94.0	27.18	26.08	97.8	27.42	26.08	95.6
4/07/2018 10:25:09 AM	3613508709	1013.00	27.85	26.07	91.9	27.63	26.07	93.8	27.16	26.07	98.0	27.41	26.07	95.8
4/07/2018 10:25:10 AM	3613508710	1013.00	27.85	26.07	91.9	27.65	26.07	93.6	27.20	26.07	97.7	27.32	26.07	96.6
4/07/2018 10:25:11 AM	3613508711	1013.00	27.89	26.07	91.5	27.67	26.07	93.4	27.21	26.07	97.6	27.40	26.07	95.8
4/07/2018 10:25:12 AM	3613508712	1013.00	27.83	26.07	92.1	27.67	26.07	93.4	27.20	26.07	97.7	27.41	26.07	95.8
4/07/2018 10:25:13 AM	3613508713	1013.00	27.79	26.07	92.4	27.65	26.07	93.6	27.19	26.07	97.8	27.38	26.07	96.0
4/07/2018 10:25:14 AM	3613508714	1013.00	27.84	26.07	92.0	27.67	26.07	93.4	27.17	26.07	97.9	27.41	26.07	95.8
4/07/2018 10:25:15 AM	3613508715	1013.00	27.85	26.07	91.9	27.65	26.07	93.6	27.22	26.07	97.5	27.38	26.07	96.0
4/07/2018 10:25:16 AM	3613508716	1013.00	27.87	26.06	91.7	27.70	26.06	93.2	27.20	26.06	97.7	27.34	26.06	96.4
4/07/2018 10:25:17 AM	3613508717	1013.00	27.84	26.06	92.0	27.71	26.06	93.1	27.14	26.06	98.2	27.38	26.06	96.0
4/07/2018 10:25:18 AM	3613508718	1013.00	27.85	26.06	91.9	27.71	26.06	93.1	27.16	26.06	98.1	27.43	26.06	95.6
4/07/2018 10:25:19 AM	3613508719	1013.00	27.87	26.06	91.7	27.69	26.06	93.3	27.19	26.06	97.8	27.42	26.06	95.7
4/07/2018 10:25:20 AM	3613508720	1013.00	27.87	26.06	91.7	27.68	26.06	93.4	27.18	26.06	97.9	27.40	26.06	95.9
4/07/2018 10:25:21 AM	3613508721	1013.00	27.84	26.06	92.0	27.67	26.06	93.5	27.21	26.06	97.6	27.42	26.06	95.7
4/07/2018 10:25:22 AM	3613508722	1013.00	27.85	26.06	91.9	27.67	26.06	93.5	27.14	26.06	98.2	27.38	26.06	96.0
4/07/2018 10:25:23 AM	3613508723	1013.00	27.88	26.07	91.6	27.71	26.07	93.1	27.18	26.07	97.9	27.43	26.07	95.6
4/07/2018 10:25:24 AM	3613508724	1013.00	27.86	26.06	91.8	27.72	26.06	93.0	27.17	26.06	98.0	27.42	26.06	95.7
4/07/2018 10:25:25 AM	3613508725	1013.00	27.85	26.06	91.9	27.63	26.06	93.8	27.18	26.06	97.9	27.39	26.06	96.0
4/07/2018 10:25:26 AM	3613508726	1013.00	27.83	26.06	92.1	27.67	26.06	93.5	27.21	26.06	97.6	27.41	26.06	95.8
4/07/2018 10:25:27 AM	3613508727	1013.00	27.87	26.07	91.7	27.67	26.07	93.4	27.23	26.07	97.4	27.41	26.07	95.8
4/07/2018 10:25:28 AM	3613508728	1013.00	27.88	26.07	91.6	27.65	26.07	93.6	27.16	26.07	98.0	27.44	26.07	95.5
4/07/2018 10:25:29 AM	3613508729	1013.00	27.87	26.07	91.7	27.70	26.07	93.2	27.20	26.07	97.7	27.41	26.07	95.8
4/07/2018 10:25:30 AM	3613508730	1013.00	27.85	26.07	91.9	27.70	26.07	93.2	27.21	26.07	97.6	27.47	26.07	95.2
4/07/2018 10:25:31 AM	3613508731	1013.00	27.84	26.07	92.0	27.71	26.07	93.1	27.22	26.07	97.5	27.42	26.07	95.7
4/07/2018 10:25:32 AM	3613508732	1013.00	27.88	26.07	91.6	27.70	26.07	93.2	27.15	26.07	98.1	27.42	26.07	95.7
4/07/2018 10:25:33 AM	3613508733	1013.00	27.89	26.06	91.6	27.66	26.06	93.5	27.16	26.06	98.1	27.42	26.06	95.7
4/07/2018 10:25:34 AM	3613508734	1013.00	27.87	26.07	91.7	27.69	26.07	93.3	27.22	26.07	97.5	27.43	26.07	95.6
4/07/2018 10:25:35 AM	3613508735	1013.00	27.87	26.07	91.7	27.71	26.07	93.1	27.23	26.07	97.4	27.44	26.07	95.5
4/07/2018 10:25:36 AM	3613508736	1013.00	27.87	26.06	91.7	27.62	26.06	93.9	27.20	26.06	97.7	27.46	26.06	95.3
4/07/2018 10:25:37 AM	3613508737	1013.00	27.87	26.06	91.7	27.67	26.06	93.5	27.17	26.06	98.0	27.42	26.06	95.7
4/07/2018 10:25:38 AM	3613508738	1013.00	27.91	26.06	91.4	27.66	26.06	93.5	27.18	26.06	97.9	27.49	26.06	95.1
4/07/2018 10:25:39 AM	3613508739	1013.00	27.87	26.06	91.7	27.70	26.06	93.2	27.23	26.06	97.4	27.49	26.06	95.1
4/07/2018 10:25:40 AM	3613508740	1013.00	27.88	26.07	91.6	27.66	26.07	93.5	27.21	26.07	97.6	27.47	26.07	95.2
4/07/2018 10:25:41 AM	3613508741	1013.00	27.94	26.07	91.1	27.73	26.07	92.9	27.18	26.07	97.9	27.43	26.07	95.6
4/07/2018 10:25:42 AM	3613508742	1013.00	27.89	26.07	91.5	27.67	26.07	93.4	27.18	26.07	97.9	27.46	26.07	95.3
4/07/2018 10:25:43 AM	3613508743	1013.00	27.87	26.07	91.7	27.73	26.07	92.9	27.20	26.07	97.7	27.46	26.07	95.3
4/07/2018 10:25:44 AM	3613508744	1013.00	27.90	26.07	91.5	27.73	26.07	92.9	27.21	26.07	97.6	27.53	26.07	94.7
4/07/2018 10:25:45 AM	3613508745	1013.00	27.91	26.06	91.4	27.74	26.06	92.9	27.19	26.06	97.8	27.49	26.06	95.1
4/07/2018 10:25:46 AM	3613508746	1013.00	27.91	26.06	91.4	27.69	26.06	93.3	27.17	26.06	98.0	27.47	26.06	95.2
4/07/2018 10:25:47 AM	3613508747	1013.00	27.88	26.06	91.6	27.71	26.06	93.1	27.20	26.06	97.7	27.53	26.06	94.7
4/07/2018 10:25:48 AM	3613508748	1013.00	27.88	26.06	91.6	27.72	26.06	93.0	27.18	26.06	97.9	27.49	26.06	95.1
4/07/2018 10:25:49 AM	3613508749	1013.00	27.91	26.06	91.4	27.75	26.06	92.8	27.23	26.06	97.4	27.50	26.06	95.0
4/07/2018 10:25:50 AM	3613508750	1013.00	27.90	26.06	91.5	27.70	26.06	93.2	27.19	26.06	97.8	27.51	26.06	94.9
4/07/2018 10:25:51 AM	3613508751	1013.00	27.91	26.06	91.4	27.77	26.06	92.6	27.19	26.06	97.8	27.44	26.06	95.5
4/07/2018 10:25:52 AM	3613508752	1013.00	27.90	26.06	91.5	27.76	26.06	92.7	27.19	26.06	97.8	27.50	26.06	95.0
4/07/2018 10:25:53 AM	3613508753	1013.00	27.88	26.06	91.6	27.75	26.06	92.8	27.22	26.06	97.5	27.49	26.06	95.1
4/07/2018 10:25:54 AM	3613508754	1013.00	27.88	26.07	91.6	27.71	26.07	93.1	27.21	26.07	97.6	27.50	26.07	94.9
4/07/2018 10:25:55 AM	3613508755	1013.00	27.86	26.06	91.8	27.72	26.06	93.0	27.23	26.06	97.4	27.51	26.06	94.9
4/07/2018 10:25:56 AM	3613508756	1013.00	27.94	26.07	91.1	27.76	26.07	92.7	27.18	26.07	97.9	27.53	26.07	94.7
4/07/2018 10:25:57 AM	3613508757	1013.00	27.93	26.07	91.2	27.75	26.07	92.7	27.26	26.07	97.1	27.51	26.07	94.9
4/07/2018 10:25:58 AM	3613508758	1013.00	27.87	26.07	91.7	27.74	26.07	92.8	27.23	26.07	97.4	27.48	26.07	95.1
4/07/2018 10:25:59 AM	3613508759	1013.00	27.90	26.07	91.5	27.77	26.07	92.6	27.19	26.07	97.8	27.51	26.07	94.9
4/07/2018 10:26:00 AM	3613508760	1013.00	27.93	26.08	91.2	27.75	26.08	92.7	27.22	26.08	97.5	27.55	26.08	94.5
4/07/2018 10:26:01 AM	3613508761	1013.00	27.92	26.08	91.3	27.75	26.08	92.7	27.23	26.08	97.4	27.55	26.08	94.5
4/07/2018 10:26:02 AM	3613508762	1013.00	27.95	26.08	91.0	27.74	26.08	92.8	27.23	26.08	97.4	27.54	26.08	94.6
4/07/2018 10:26:03 AM	3613508763	1013.00	27.90	26.08	91.4	27.81	26.08	92.2	27.21	26.08	97.6	27.52	26.08	94.8
4/07/2018 10:26:04 AM	3613508764	1013.00	27.92	26.09	91.3	27.75	26.09	92.7	27.22	26.09	97.5	27.62	26.09	93.9
4/07/2018 10:26:05 AM	3613508765	1013.00	27.94	26.08	91.1	27.78	26.08	92.5	27.19	26.08	97.7	27.46	26.08	95.3
4/07/2018 10:26:06 AM	3613508766	1013.00	27.86	26.08	91.8	27.75	26.08	92.7	27.19	26.08	97.7	27.52	26.08	94.8
4/07/2018 10:26:07 AM	3613508767	1013.00	27.95	26.08	91.0	27.80	26.08	92.3	27.21	26.08	97.6	27.50	26.08	94.9
4/07/2018 10:26:08 AM	3613508768	1013.00	27.94	26.07	91.1	27.75	26.07	92.7	27.22	26.07	97.5	27.49	26.07	95.0
4/07/2018 10:26:09 AM	3613508769	1013.00	27.96	26.07	90.9	27.76	26.07	92.7	27.23	26.07	97.4	27.62	26.07	93.9
4/07/2018 10:26:10 AM	3613508770	1013.00	27.98	26.07	90.8	27.78	26.07	92.5	27.21	26.07	97.6	27.58	26.07	94.2
4/07/2018 10:26:11 AM	3613508771	1013.00	27.98	26.07	90.8	27.75	26.07	92.7	27.18	26.07	97.9	27.59	26.07	94.1
4/07/2018 10:26:12 AM	3613508772	1013.00	27.99	26.06	90.7	27.74	26.06	92.9	27.23	26.06	97.4	27.60	26.06	94.1
4/07/2018 10:26:13 AM	3613508773	1013.00	27.98	26.06	90.8	27.76	26.06	92.7	27.20	26.06	97.7	27.53	26.06	94.7
4/07/2018 10:26:14 AM	3613508774	1013.00	28.00	26.06	90.6	27.79	26.06	92.4	27.22	26.06	97.5	27.57	26.06	94.3
4/07/2018 10:26:15 AM	3613508775	1013.00	28.00	26.06	90.6	27.75	26.06	92.8	27.20	26.06	97.7	27.55	26.06	94.5
4/07/2018 10:26:16 AM	3613508776	1013.00	28.00	26.06	90.6	27.79	26.06	92.4	27.25	26.06	97.2	27.54	26.06	94.6
4/07/2018 10:26:17 AM	3613508777	1013.00	27.97	26.06	90.9	27.80	26.06	92.3	27.20	26.06	97.7	27.54	26.06	94.6
4/07/2018 10:26:18 AM	3613508778	1013.00	27.99	26.06	90.7	27.81	26.06	92.2	27.21	26.06	97.6	27.60	26.06	94.1
4/07/2018 10:26:19 AM	3613508779	1013.00	27.98	26.07	90.8	27.82	26.07	92.1	27.28	26.07	96.9	27.54	26.07	94.6
4/07/2018 10:26:20 AM	3613508780	1013.00	27.98	26.07	90.8	27.75	26.07	92.7	27.22	26.07	97.5	27.62	26.07	93.9
4/07/2018 10:26:21 AM	3613508781	1013.00	27.97	26.08	90.8	27.81	26.08	92.2	27.24	26.08	97.3	27.61	26.08	94.0
4/07/2018 10:26:22 AM	3613508782	1013.00	28.01	26.08	90.5	27.81	26.08	92.2	27.18	26.08	97.8	27.62	26.08	93.9
4/07/2018 10:26:23 AM	3613508783	1013.00	28.00	26.07	90.6	27.84	26.07	92.0	27.20	26.07	97.7	27.56	26.07	94.4
4/07/2018 10:26:24 AM	3613508784	1013.00	28.02	26.07	90.4	27.81	26.07	92.2	27.23	26.07	97.4	27.59	26.07	94.1
4/07/2018 10:26:25 AM	3613508785	1013.00	28.00	26.07	90.6	27.86	26.07	91.8	27.23	26.07	97.4	27.62	26.07	93.9
4/07/2018 10:26:26 AM	3613508786	1013.00	28.03	26.07	90.4	27.82	26.07	92.1	27.28	26.07	96.9	27.63	26.07	93.8
4/07/2018 10:26:27 AM	3613508787	1013.00	27.99	26.06	90.7	27.87	26.06	91.7	27.24	26.06	97.3	27.61	26.06	94.0
4/07/2018 10:26:28 AM	3613508788	1013.00	27.98	26.07	90.8	27.84	26.07	92.0	27.27	26.07	97.0	27.57	26.07	94.3
4/07/2018 10:26:29 AM	3613508789	1013.00	28.03	26.07	90.4	27.84	26.07	92.0	27.26	26.07	97.1	27.62	26.07	93.9
4/07/2018 10:26:30 AM	3613508790	1013.00	27.97	26.07	90.9	27.83	26.07	92.1	27.21	26.07	97.6	27.64	26.07	93.7
4/07/2018 10:26:31 AM	3613508791	1013.00	28.03	26.08	90.3	27.86	26.08	91.8	27.25	26.08	97.2	27.59	26.08	94.1
4/07/2018 10:26:32 AM	3613508792	1013.00	28.02	26.07	90.4	27.81	26.07	92.2	27.24	26.07	97.3	27.64	26.07	93.7
4/07/2018 10:26:33 AM	3613508793	1013.00	28.04	26.07	90.3	27.84	26.07	92.0	27.29	26.07	96.8	27.67	26.07	93.4
4/07/2018 10:26:34 AM	3613508794	1013.00	28.01	26.07	90.5	27.92	26.07	91.3	27.25	26.07	97.2	27.69	26.07	93.3
4/07/2018 10:26:35 AM	3613508795	1013.00	28.05	26.07	90.2	27.83	26.07	92.1	27.22	26.07	97.5	27.61	26.07	94.0
4/07/2018 10:26:36 AM	3613508796	1013.00	27.98	26.07	90.8	27.87	26.07	91.7	27.24	26.07	97.3	27.60	26.07	94.1
4/07/2018 10:26:37 AM	3613508797	1013.00	28.05	26.07	90.2	27.92	26.07	91.3	27.23	26.07	97.4	27.59	26.07	94.1
4/07/2018 10:26:38 AM	3613508798	1013.00	28.03	26.08	90.3	27.88	26.08	91.6	27.25	26.08	97.2	27.66	26.08	93.5
4/07/2018 10:26:39 AM	3613508799	1013.00	28.01	26.07	90.5	27.87	26.07	91.7	27.24	26.07	97.3	27.67	26.07	93.4
4/07/2018 10:26:40 AM	3613508800	1013.00	28.01	26.07	90.5	27.85	26.07	91.9	27.24	26.07	97.3	27.68	26.07	93.4
4/07/2018 10:26:41 AM	3613508801	1013.00	28.06	26.07	90.1	27.87	26.07	91.7	27.27	26.07	97.0	27.69	26.07	93.3
4/07/2018 10:26:42 AM	3613508802	1013.00	28.05	26.07	90.2	27.85	26.07	91.9	27.30	26.07	96.8	27.66	26.07	93.5
4/07/2018 10:26:43 AM	3613508803	1013.00	28.02	26.07	90.4	27.84	26.07	92.0	27.27	26.07	97.0	27.77	26.07	92.6
4/07/2018 10:26:44 AM	3613508804	1013.00	28.03	26.07	90.4	27.85	26.07	91.9	27.25	26.07	97.2	27.70	26.07	93.2
4/07/2018 10:26:45 AM	3613508805	1013.00	28.06	26.07	90.1	27.90	26.07	91.5	27.27	26.07	97.0	27.76	26.07	92.7
4/07/2018 10:26:46 AM	3613508806	1013.00	28.04	26.07	90.3	27.85	26.07	91.9	27.27	26.07	97.0	27.72	26.07	93.0
4/07/2018 10:26:47 AM	3613508807	1013.00	28.02	26.07	90.4	27.86	26.07	91.8	27.23	26.07	97.4	27.76	26.07	92.7
4/07/2018 10:26:48 AM	3613508808	1013.00	28.05	26.08	90.2	27.88	26.08	91.6	27.21	26.08	97.6	27.71	26.08	93.1
4/07/2018 10:26:49 AM	3613508809	1013.00	28.03	26.07	90.4	27.85	26.07	91.9	27.27	26.07	97.0	27.77	26.07	92.6
4/07/2018 10:26:50 AM	3613508810	1013.00	28.08	26.07	89.9	27.94	26.07	91.1	27.25	26.07	97.2	27.71	26.07	93.1
4/07/2018 10:26:51 AM	3613508811	1013.00	28.06	26.07	90.1	27.87	26.07	91.7	27.26	26.07	97.1	27.72	26.07	93.0
4/07/2018 10:26:52 AM	3613508812	1013.00	28.07	26.07	90.0	27.91	26.07	91.4	27.25	26.07	97.2	27.73	26.07	92.9
4/07/2018 10:26:53 AM	3613508813	1013.00	28.11	26.07	89.7	27.86	26.07	91.8	27.25	26.07	97.2	27.73	26.07	92.9
4/07/2018 10:26:54 AM	3613508814	1013.00	28.05	26.07	90.2	27.90	26.07	91.5	27.29	26.07	96.8	27.75	26.07	92.7
4/07/2018 10:26:55 AM	3613508815	1013.00	28.09	26.06	89.9	27.87	26.06	91.7	27.24	26.06	97.3	27.76	26.06	92.7
4/07/2018 10:26:56 AM	3613508816	1013.00	28.07	26.06	90.0	27.88	26.06	91.6	27.27	26.06	97.0	27.79	26.06	92.4
4/07/2018 10:26:57 AM	3613508817	1013.00	28.09	26.06	89.9	27.87	26.06	91.7	27.29	26.06	96.9	27.80	26.06	92.3
4/07/2018 10:26:58 AM	3613508818	1013.00	28.07	26.06	90.0	27.90	26.06	91.5	27.30	26.06	96.8	27.80	26.06	92.3
4/07/2018 10:26:59 AM	3613508819	1013.00	28.10	26.06	89.8	27.85	26.06	91.9	27.26	26.06	97.1	27.74	26.06	92.9
4/07/2018 10:27:00 AM	3613508820	1013.00	28.05	26.07	90.2	27.91	26.07	91.4	27.27	26.07	97.0	27.75	26.07	92.7
4/07/2018 10:27:01 AM	3613508821	1013.00	28.10	26.06	89.8	27.86	26.06	91.8	27.25	26.06	97.2	27.73	26.06	92.9
4/07/2018 10:27:02 AM	3613508822	1013.00	28.06	26.06	90.1	27.88	26.06	91.6	27.26	26.06	97.1	27.81	26.06	92.2
4/07/2018 10:27:03 AM	3613508823	1013.00	28.09	26.07	89.9	27.94	26.07	91.1	27.26	26.07	97.1	27.78	26.07	92.5
4/07/2018 10:27:04 AM	3613508824	1013.00	28.09	26.07	89.9	27.91	26.07	91.4	27.28	26.07	96.9	27.81	26.07	92.2
4/07/2018 10:27:05 AM	3613508825	1013.00	28.14	26.07	89.4	27.94	26.07	91.1	27.30	26.07	96.8	27.87	26.07	91.7
4/07/2018 10:27:06 AM	3613508826	1013.00	28.09	26.07	89.9	27.87	26.07	91.7	27.30	26.07	96.8	27.80	26.07	92.3
4/07/2018 10:27:07 AM	3613508827	1013.00	28.08	26.07	89.9	27.90	26.07	91.5	27.27	26.07	97.0	27.78	26.07	92.5
4/07/2018 10:27:08 AM	3613508828	1013.00	28.11	26.07	89.7	27.96	26.07	90.9	27.30	26.07	96.8	27.83	26.07	92.1
4/07/2018 10:27:09 AM	3613508829	1013.00	28.14	26.07	89.4	27.88	26.07	91.6	27.28	26.07	96.9	27.81	26.07	92.2
4/07/2018 10:27:10 AM	3613508830	1013.00	28.08	26.07	89.9	27.91	26.07	91.4	27.32	26.07	96.6	27.80	26.07	92.3
4/07/2018 10:27:11 AM	3613508831	1013.00	28.09	26.07	89.9	27.91	26.07	91.4	27.25	26.07	97.2	27.84	26.07	92.0
4/07/2018 10:27:12 AM	3613508832	1013.00	28.14	26.07	89.4	27.92	26.07	91.3	27.29	26.07	96.8	27.88	26.07	91.6
4/07/2018 10:27:13 AM	3613508833	1013.00	28.15	26.07	89.4	27.90	26.07	91.5	27.25	26.07	97.2	27.79	26.07	92.4
4/07/2018 10:27:14 AM	3613508834	1013.00	28.10	26.06	89.8	27.95	26.06	91.0	27.30	26.06	96.8	27.79	26.06	92.4
4/07/2018 10:27:15 AM	3613508835	1013.00	28.09	26.06	89.9	27.93	26.06	91.2	27.30	26.06	96.8	27.82	26.06	92.2
4/07/2018 10:27:16 AM	3613508836	1013.00	28.12	26.06	89.6	27.97	26.06	90.9	27.26	26.06	97.1	27.85	26.06	91.9
4/07/2018 10:27:17 AM	3613508837	1013.00	28.12	26.06	89.6	27.90	26.06	91.5	27.30	26.06	96.8	27.84	26.06	92.0
4/07/2018 10:27:18 AM	3613508838	1013.00	28.13	26.07	89.5	27.94	26.07	91.1	27.28	26.07	96.9	27.88	26.07	91.6
4/07/2018 10:27:19 AM	3613508839	1013.00	28.14	26.06	89.5	27.94	26.06	91.1	27.29	26.06	96.9	27.87	26.06	91.7
4/07/2018 10:27:20 AM	3613508840	1013.00	28.14	26.06	89.5	27.95	26.06	91.0	27.28	26.06	97.0	27.84	26.06	92.0
4/07/2018 10:27:21 AM	3613508841	1013.00	28.11	26.06	89.7	27.93	26.06	91.2	27.26	26.06	97.1	27.84	26.06	92.0
4/07/2018 10:27:22 AM	3613508842	1013.00	28.12	26.06	89.6	27.97	26.06	90.9	27.31	26.06	96.7	27.77	26.06	92.6
4/07/2018 10:27:23 AM	3613508843	1013.00	28.10	26.07	89.8	27.93	26.07	91.2	27.33	26.07	96.5	27.85	26.07	91.9
4/07/2018 10:27:24 AM	3613508844	1013.00	28.14	26.07	89.4	27.94	26.07	91.1	27.29	26.07	96.8	27.86	26.07	91.8
4/07/2018 10:27:25 AM	3613508845	1013.00	28.12	26.08	89.6	27.95	26.08	91.0	27.28	26.08	96.9	27.86	26.08	91.8
4/07/2018 10:27:26 AM	3613508846	1013.00	28.11	26.07	89.7	27.96	26.07	90.9	27.31	26.07	96.7	27.84	26.07	92.0
4/07/2018 10:27:27 AM	3613508847	1013.00	28.12	26.07	89.6	27.90	26.07	91.5	27.28	26.07	96.9	27.86	26.07	91.8
4/07/2018 10:27:28 AM	3613508848	1013.00	28.14	26.06	89.5	27.93	26.06	91.2	27.29	26.06	96.9	27.88	26.06	91.6
4/07/2018 10:27:29 AM	3613508849	1013.00	28.11	26.06	89.7	27.99	26.06	90.7	27.34	26.06	96.4	27.91	26.06	91.4
4/07/2018 10:27:30 AM	3613508850	1013.00	28.14	26.06	89.5	27.96	26.06	91.0	27.31	26.06	96.7	27.91	26.06	91.4
4/07/2018 10:27:31 AM	3613508851	1013.00	28.11	26.06	89.7	27.95	26.06	91.0	27.31	26.06	96.7	27.84	26.06	92.0
4/07/2018 10:27:32 AM	3613508852	1013.00	28.13	26.06	89.5	27.87	26.06	91.7	27.30	26.06	96.8	27.95	26.06	91.0
4/07/2018 10:27:33 AM	3613508853	1013.00	28.14	26.07	89.4	27.96	26.07	90.9	27.31	26.07	96.7	27.88	26.07	91.6
4/07/2018 10:27:34 AM	3613508854	1013.00	28.12	26.07	89.6	27.92	26.07	91.3	27.36	26.07	96.2	27.83	26.07	92.1
4/07/2018 10:27:35 AM	3613508855	1013.00	28.14	26.07	89.4	27.98	26.07	90.8	27.31	26.07	96.7	27.92	26.07	91.3
4/07/2018 10:27:36 AM	3613508856	1013.00	28.13	26.07	89.5	27.87	26.07	91.7	27.32	26.07	96.6	27.89	26.07	91.5
4/07/2018 10:27:37 AM	3613508857	1013.00	28.10	26.07	89.8	27.95	26.07	91.0	27.29	26.07	96.8	27.91	26.07	91.4
4/07/2018 10:27:38 AM	3613508858	1013.00	28.12	26.07	89.6	27.96	26.07	90.9	27.34	26.07	96.4	27.89	26.07	91.5
4/07/2018 10:27:39 AM	3613508859	1013.00	28.13	26.07	89.5	27.94	26.07	91.1	27.33	26.07	96.5	27.92	26.07	91.3
4/07/2018 10:27:40 AM	3613508860	1013.00	28.14	26.07	89.4	27.93	26.07	91.2	27.32	26.07	96.6	27.87	26.07	91.7
4/07/2018 10:27:41 AM	3613508861	1013.00	28.14	26.07	89.4	27.99	26.07	90.7	27.36	26.07	96.2	27.90	26.07	91.5
4/07/2018 10:27:42 AM	3613508862	1013.00	28.12	26.07	89.6	28.00	26.07	90.6	27.35	26.07	96.3	27.94	26.07	91.1
4/07/2018 10:27:43 AM	3613508863	1013.00	28.12	26.07	89.6	27.97	26.07	90.9	27.31	26.07	96.7	27.92	26.07	91.3
4/07/2018 10:27:44 AM	3613508864	1013.00	28.14	26.07	89.4	27.94	26.07	91.1	27.32	26.07	96.6	27.93	26.07	91.2
4/07/2018 10:27:45 AM	3613508865	1013.00	28.14	26.07	89.4	27.91	26.07	91.4	27.36	26.07	96.2	27.88	26.07	91.6
4/07/2018 10:27:46 AM	3613508866	1013.00	28.13	26.08	89.5	27.96	26.08	90.9	27.31	26.08	96.6	27.92	26.08	91.3
4/07/2018 10:27:47 AM	3613508867	1013.00	28.16	26.08	89.3	27.90	26.08	91.4	27.34	26.08	96.4	27.92	26.08	91.3
4/07/2018 10:27:48 AM	3613508868	1013.00	28.14	26.08	89.4	27.95	26.08	91.0	27.29	26.08	96.8	27.96	26.08	90.9
4/07/2018 10:27:49 AM	3613508869	1013.00	28.17	26.07	89.2	27.99	26.07	90.7	27.35	26.07	96.3	27.95	26.07	91.0
4/07/2018 10:27:50 AM	3613508870	1013.00	28.17	26.07	89.2	27.95	26.07	91.0	27.32	26.07	96.6	27.97	26.07	90.9
4/07/2018 10:27:51 AM	3613508871	1013.00	28.14	26.07	89.4	27.93	26.07	91.2	27.33	26.07	96.5	27.96	26.07	90.9
4/07/2018 10:27:52 AM	3613508872	1013.00	28.14	26.06	89.5	27.99	26.06	90.7	27.36	26.06	96.2	27.97	26.06	90.9
4/07/2018 10:27:53 AM	3613508873	1013.00	28.15	26.06	89.4	28.01	26.06	90.5	27.38	26.06	96.0	28.02	26.06	90.5
4/07/2018 10:27:54 AM	3613508874	1013.00	28.12	26.06	89.6	27.95	26.06	91.0	27.36	26.06	96.2	27.95	26.06	91.0
4/07/2018 10:27:55 AM	3613508875	1013.00	28.16	26.06	89.3	27.94	26.06	91.1	27.36	26.06	96.2	27.99	26.06	90.7
4/07/2018 10:27:56 AM	3613508876	1013.00	28.15	26.06	89.4	27.98	26.06	90.8	27.33	26.06	96.5	28.00	26.06	90.6
4/07/2018 10:27:57 AM	3613508877	1013.00	28.12	26.07	89.6	27.94	26.07	91.1	27.33	26.07	96.5	27.99	26.07	90.7
4/07/2018 10:27:58 AM	3613508878	1013.00	28.15	26.07	89.4	27.98	26.07	90.8	27.33	26.07	96.5	28.03	26.07	90.4
4/07/2018 10:27:59 AM	3613508879	1013.00	28.16	26.06	89.3	27.98	26.06	90.8	27.38	26.06	96.0	28.03	26.06	90.4
4/07/2018 10:28:00 AM	3613508880	1013.00	28.13	26.06	89.5	27.97	26.06	90.9	27.38	26.06	96.0	27.97	26.06	90.9
4/07/2018 10:28:01 AM	3613508881	1013.00	28.16	26.06	89.3	27.97	26.06	90.9	27.31	26.06	96.7	27.99	26.06	90.7
4/07/2018 10:28:02 AM	3613508882	1013.00	28.19	26.06	89.0	27.99	26.06	90.7	27.34	26.06	96.4	28.00	26.06	90.6
4/07/2018 10:28:03 AM	3613508883	1013.00	28.20	26.06	89.0	27.90	26.06	91.5	27.35	26.06	96.3	28.09	26.06	89.9
4/07/2018 10:28:04 AM	3613508884	1013.00	28.16	26.07	89.3	27.97	26.07	90.9	27.34	26.07	96.4	27.99	26.07	90.7
4/07/2018 10:28:05 AM	3613508885	1013.00	28.21	26.07	88.9	27.94	26.07	91.1	27.39	26.07	95.9	28.03	26.07	90.4
4/07/2018 10:28:06 AM	3613508886	1013.00	28.20	26.07	88.9	27.99	26.07	90.7	27.37	26.07	96.1	28.05	26.07	90.2
4/07/2018 10:28:07 AM	3613508887	1013.00	28.21	26.07	88.9	27.93	26.07	91.2	27.33	26.07	96.5	28.02	26.07	90.4
4/07/2018 10:28:08 AM	3613508888	1013.00	28.22	26.07	88.8	28.02	26.07	90.4	27.37	26.07	96.1	28.00	26.07	90.6
4/07/2018 10:28:09 AM	3613508889	1013.00	28.23	26.07	88.7	27.99	26.07	90.7	27.33	26.07	96.5	28.06	26.07	90.1
4/07/2018 10:28:10 AM	3613508890	1013.00	28.23	26.08	88.7	28.00	26.08	90.6	27.40	26.08	95.8	28.04	26.08	90.3
4/07/2018 10:28:11 AM	3613508891	1013.00	28.21	26.08	88.8	28.02	26.08	90.4	27.37	26.08	96.1	28.07	26.08	90.0
4/07/2018 10:28:12 AM	3613508892	1013.00	28.23	26.08	88.7	27.99	26.08	90.7	27.39	26.08	95.9	28.07	26.08	90.0
4/07/2018 10:28:13 AM	3613508893	1013.00	28.23	26.08	88.7	27.98	26.08	90.8	27.35	26.08	96.3	28.04	26.08	90.3
4/07/2018 10:28:14 AM	3613508894	1013.00	28.23	26.08	88.7	27.96	26.08	90.9	27.39	26.08	95.9	28.05	26.08	90.2
4/07/2018 10:28:15 AM	3613508895	1013.00	28.26	26.07	88.5	27.97	26.07	90.9	27.34	26.07	96.4	28.01	26.07	90.5
4/07/2018 10:28:16 AM	3613508896	1013.00	28.23	26.07	88.7	28.04	26.07	90.3	27.40	26.07	95.8	28.05	26.07	90.2
4/07/2018 10:28:17 AM	3613508897	1013.00	28.22	26.08	88.8	28.03	26.08	90.3	27.37	26.08	96.1	28.05	26.08	90.2
4/07/2018 10:28:18 AM	3613508898	1013.00	28.23	26.08	88.7	28.05	26.08	90.2	27.35	26.08	96.3	28.05	26.08	90.2
4/07/2018 10:28:19 AM	3613508899	1013.00	28.26	26.08	88.4	27.98	26.08	90.8	27.37	26.08	96.1	28.09	26.08	89.8
4/07/2018 10:28:20 AM	3613508900	1013.00	28.24	26.08	88.6	27.99	26.08	90.7	27.39	26.08	95.9	28.05	26.08	90.2
4/07/2018 10:28:21 AM	3613508901	1013.00	28.24	26.08	88.6	27.98	26.08	90.8	27.35	26.08	96.3	28.06	26.08	90.1
4/07/2018 10:28:22 AM	3613508902	1013.00	28.25	26.07	88.5	28.05	26.07	90.2	27.36	26.07	96.2	28.06	26.07	90.1
4/07/2018 10:28:23 AM	3613508903	1013.00	28.23	26.07	88.7	28.02	26.07	90.4	27.38	26.07	96.0	28.08	26.07	89.9
4/07/2018 10:28:24 AM	3613508904	1013.00	28.20	26.07	88.9	28.02	26.07	90.4	27.42	26.07	95.7	28.05	26.07	90.2
4/07/2018 10:28:25 AM	3613508905	1013.00	28.23	26.07	88.7	28.01	26.07	90.5	27.38	26.07	96.0	28.05	26.07	90.2
4/07/2018 10:28:26 AM	3613508906	1013.00	28.26	26.07	88.5	28.07	26.07	90.0	27.36	26.07	96.2	28.07	26.07	90.0
4/07/2018 10:28:27 AM	3613508907	1013.00	28.21	26.07	88.9	28.06	26.07	90.1	27.39	26.07	95.9	28.09	26.07	89.9
4/07/2018 10:28:28 AM	3613508908	1013.00	28.24	26.07	88.6	28.05	26.07	90.2	27.37	26.07	96.1	28.10	26.07	89.8
4/07/2018 10:28:29 AM	3613508909	1013.00	28.21	26.07	88.9	28.10	26.07	89.8	27.40	26.07	95.8	28.09	26.07	89.9
4/07/2018 10:28:30 AM	3613508910	1013.00	28.26	26.07	88.5	28.06	26.07	90.1	27.36	26.07	96.2	28.10	26.07	89.8
4/07/2018 10:28:31 AM	3613508911	1013.00	28.27	26.07	88.4	28.01	26.07	90.5	27.40	26.07	95.8	28.05	26.07	90.2
4/07/2018 10:28:32 AM	3613508912	1013.00	28.26	26.07	88.5	28.07	26.07	90.0	27.35	26.07	96.3	28.12	26.07	89.6
4/07/2018 10:28:33 AM	3613508913	1013.00	28.22	26.08	88.8	28.07	26.08	90.0	27.36	26.08	96.2	28.09	26.08	89.8
4/07/2018 10:28:34 AM	3613508914	1013.00	28.30	26.08	88.1	28.07	26.08	90.0	27.37	26.08	96.1	28.05	26.08	90.2
4/07/2018 10:28:35 AM	3613508915	1013.00	28.28	26.08	88.3	28.07	26.08	90.0	27.37	26.08	96.1	28.05	26.08	90.2
4/07/2018 10:28:36 AM	3613508916	1013.00	28.28	26.07	88.3	28.11	26.07	89.7	27.43	26.07	95.6	28.11	26.07	89.7
4/07/2018 10:28:37 AM	3613508917	1013.00	28.25	26.07	88.5	28.08	26.07	89.9	27.38	26.07	96.0	28.09	26.07	89.9
4/07/2018 10:28:38 AM	3613508918	1013.00	28.31	26.07	88.0	28.11	26.07	89.7	27.36	26.07	96.2	28.05	26.07	90.2
4/07/2018 10:28:39 AM	3613508919	1013.00	28.30	26.07	88.1	28.10	26.07	89.8	27.41	26.07	95.8	28.09	26.07	89.9
4/07/2018 10:28:40 AM	3613508920	1013.00	28.32	26.08	87.9	28.15	26.08	89.3	27.40	26.08	95.8	28.12	26.08	89.6
4/07/2018 10:28:41 AM	3613508921	1013.00	28.30	26.08	88.1	28.08	26.08	89.9	27.39	26.08	95.9	28.12	26.08	89.6
4/07/2018 10:28:42 AM	3613508922	1013.00	28.30	26.08	88.1	28.09	26.08	89.8	27.36	26.08	96.2	28.08	26.08	89.9
4/07/2018 10:28:43 AM	3613508923	1013.00	28.32	26.08	87.9	28.08	26.08	89.9	27.40	26.08	95.8	28.11	26.08	89.7
4/07/2018 10:28:44 AM	3613508924	1013.00	28.31	26.07	88.0	28.09	26.07	89.9	27.42	26.07	95.7	28.12	26.07	89.6
4/07/2018 10:28:45 AM	3613508925	1013.00	28.28	26.07	88.3	28.12	26.07	89.6	27.39	26.07	95.9	28.13	26.07	89.5
4/07/2018 10:28:46 AM	3613508926	1013.00	28.31	26.08	88.0	28.12	26.08	89.6	27.34	26.08	96.4	28.11	26.08	89.7
4/07/2018 10:28:47 AM	3613508927	1013.00	28.31	26.08	88.0	28.15	26.08	89.3	27.37	26.08	96.1	28.12	26.08	89.6
4/07/2018 10:28:48 AM	3613508928	1013.00	28.33	26.07	87.9	28.14	26.07	89.4	27.40	26.07	95.8	28.12	26.07	89.6
4/07/2018 10:28:49 AM	3613508929	1013.00	28.35	26.08	87.7	28.10	26.08	89.8	27.37	26.08	96.1	28.17	26.08	89.2
4/07/2018 10:28:50 AM	3613508930	1013.00	28.37	26.08	87.5	28.12	26.08	89.6	27.39	26.08	95.9	28.16	26.08	89.3
4/07/2018 10:28:51 AM	3613508931	1013.00	28.33	26.08	87.9	28.12	26.08	89.6	27.42	26.08	95.6	28.13	26.08	89.5
4/07/2018 10:28:52 AM	3613508932	1013.00	28.36	26.07	87.6	28.17	26.07	89.2	27.41	26.07	95.8	28.10	26.07	89.8
4/07/2018 10:28:53 AM	3613508933	1013.00	28.35	26.08	87.7	28.16	26.08	89.3	27.42	26.08	95.6	28.11	26.08	89.7
4/07/2018 10:28:54 AM	3613508934	1013.00	28.34	26.08	87.8	28.19	26.08	89.0	27.42	26.08	95.6	28.18	26.08	89.1
4/07/2018 10:28:55 AM	3613508935	1013.00	28.30	26.08	88.1	28.10	26.08	89.8	27.41	26.08	95.7	28.14	26.08	89.4
4/07/2018 10:28:56 AM	3613508936	1013.00	28.37	26.08	87.5	28.14	26.08	89.4	27.45	26.08	95.4	28.11	26.08	89.7
4/07/2018 10:28:57 AM	3613508937	1013.00	28.34	26.08	87.8	28.17	26.08	89.2	27.44	26.08	95.5	28.20	26.08	88.9
4/07/2018 10:28:58 AM	3613508938	1013.00	28.36	26.08	87.6	28.13	26.08	89.5	27.40	26.08	95.8	28.17	26.08	89.2
4/07/2018 10:28:59 AM	3613508939	1013.00	28.34	26.07	87.8	28.11	26.07	89.7	27.43	26.07	95.6	28.12	26.07	89.6
4/07/2018 10:29:00 AM	3613508940	1013.00	28.37	26.07	87.6	28.15	26.07	89.4	27.42	26.07	95.7	28.20	26.07	88.9
4/07/2018 10:29:01 AM	3613508941	1013.00	28.36	26.07	87.6	28.16	26.07	89.3	27.44	26.07	95.5	28.21	26.07	88.9
4/07/2018 10:29:02 AM	3613508942	1013.00	28.35	26.08	87.7	28.16	26.08	89.3	27.43	26.08	95.6	28.19	26.08	89.0
4/07/2018 10:29:03 AM	3613508943	1013.00	28.33	26.08	87.9	28.15	26.08	89.3	27.44	26.08	95.5	28.22	26.08	88.8
4/07/2018 10:29:04 AM	3613508944	1013.00	28.37	26.08	87.5	28.21	26.08	88.8	27.39	26.08	95.9	28.17	26.08	89.2
4/07/2018 10:29:05 AM	3613508945	1013.00	28.36	26.08	87.6	28.14	26.08	89.4	27.46	26.08	95.3	28.24	26.08	88.6
4/07/2018 10:29:06 AM	3613508946	1013.00	28.36	26.09	87.6	28.22	26.09	88.7	27.42	26.09	95.6	28.18	26.09	89.1
4/07/2018 10:29:07 AM	3613508947	1013.00	28.34	26.08	87.8	28.18	26.08	89.1	27.40	26.08	95.8	28.23	26.08	88.7
4/07/2018 10:29:08 AM	3613508948	1013.00	28.39	26.08	87.4	28.21	26.08	88.8	27.44	26.08	95.5	28.21	26.08	88.8
4/07/2018 10:29:09 AM	3613508949	1013.00	28.37	26.07	87.6	28.19	26.07	89.0	27.46	26.07	95.3	28.18	26.07	89.1
4/07/2018 10:29:10 AM	3613508950	1013.00	28.37	26.07	87.6	28.23	26.07	88.7	27.44	26.07	95.5	28.19	26.07	89.0
4/07/2018 10:29:11 AM	3613508951	1013.00	28.37	26.07	87.6	28.15	26.07	89.4	27.43	26.07	95.6	28.16	26.07	89.3
4/07/2018 10:29:12 AM	3613508952	1013.00	28.39	26.07	87.4	28.21	26.07	88.9	27.43	26.07	95.6	28.18	26.07	89.1
4/07/2018 10:29:13 AM	3613508953	1013.00	28.36	26.07	87.6	28.22	26.07	88.8	27.41	26.07	95.8	28.26	26.07	88.5
4/07/2018 10:29:14 AM	3613508954	1013.00	28.34	26.07	87.8	28.18	26.07	89.1	27.47	26.07	95.2	28.20	26.07	88.9
4/07/2018 10:29:15 AM	3613508955	1013.00	28.42	26.07	87.2	28.24	26.07	88.6	27.42	26.07	95.7	28.22	26.07	88.8
4/07/2018 10:29:16 AM	3613508956	1013.00	28.36	26.08	87.6	28.25	26.08	88.5	27.45	26.08	95.4	28.20	26.08	88.9
4/07/2018 10:29:17 AM	3613508957	1013.00	28.39	26.08	87.4	28.21	26.08	88.8	27.47	26.08	95.2	28.20	26.08	88.9
4/07/2018 10:29:18 AM	3613508958	1013.00	28.40	26.08	87.3	28.23	26.08	88.7	27.44	26.08	95.5	28.21	26.08	88.8
4/07/2018 10:29:19 AM	3613508959	1013.00	28.37	26.08	87.5	28.23	26.08	88.7	27.45	26.08	95.4	28.27	26.08	88.4
4/07/2018 10:29:20 AM	3613508960	1013.00	28.40	26.07	87.3	28.28	26.07	88.3	27.42	26.07	95.7	28.25	26.07	88.5
4/07/2018 10:29:21 AM	3613508961	1013.00	28.37	26.07	87.6	28.25	26.07	88.5	27.50	26.07	94.9	28.22	26.07	88.8
4/07/2018 10:29:22 AM	3613508962	1013.00	28.38	26.07	87.5	28.30	26.07	88.1	27.43	26.07	95.6	28.24	26.07	88.6
4/07/2018 10:29:23 AM	3613508963	1013.00	28.40	26.07	87.3	28.25	26.07	88.5	27.45	26.07	95.4	28.24	26.07	88.6
4/07/2018 10:29:24 AM	3613508964	1013.00	28.40	26.08	87.3	28.25	26.08	88.5	27.46	26.08	95.3	28.24	26.08	88.6
4/07/2018 10:29:25 AM	3613508965	1013.00	28.43	26.08	87.1	28.28	26.08	88.3	27.44	26.08	95.5	28.23	26.08	88.7
4/07/2018 10:29:26 AM	3613508966	1013.00	28.44	26.07	87.0	28.26	26.07	88.5	27.45	26.07	95.4	28.22	26.07	88.8
4/07/2018 10:29:27 AM	3613508967	1013.00	28.41	26.07	87.2	28.30	26.07	88.1	27.49	26.07	95.0	28.23	26.07	88.7
4/07/2018 10:29:28 AM	3613508968	1013.00	28.42	26.07	87.2	28.31	26.07	88.0	27.51	26.07	94.9	28.26	26.07	88.5
4/07/2018 10:29:29 AM	3613508969	1013.00	28.44	26.07	87.0	28.29	26.07	88.2	27.43	26.07	95.6	28.26	26.07	88.5
4/07/2018 10:29:30 AM	3613508970	1013.00	28.41	26.07	87.2	28.31	26.07	88.0	27.47	26.07	95.2	28.25	26.07	88.5
4/07/2018 10:29:31 AM	3613508971	1013.00	28.48	26.07	86.7	28.28	26.07	88.3	27.45	26.07	95.4	28.26	26.07	88.5
4/07/2018 10:29:32 AM	3613508972	1013.00	28.46	26.08	86.8	28.29	26.08	88.2	27.49	26.08	95.0	28.27	26.08	88.4
4/07/2018 10:29:33 AM	3613508973	1013.00	28.45	26.07	86.9	28.23	26.07	88.7	27.45	26.07	95.4	28.21	26.07	88.9
4/07/2018 10:29:34 AM	3613508974	1013.00	28.44	26.07	87.0	28.29	26.07	88.2	27.49	26.07	95.0	28.25	26.07	88.5
4/07/2018 10:29:35 AM	3613508975	1013.00	28.48	26.07	86.7	28.30	26.07	88.1	27.51	26.07	94.9	28.25	26.07	88.5
4/07/2018 10:29:36 AM	3613508976	1013.00	28.48	26.08	86.7	28.30	26.08	88.1	27.49	26.08	95.0	28.26	26.08	88.4
4/07/2018 10:29:37 AM	3613508977	1013.00	28.49	26.08	86.6	28.31	26.08	88.0	27.48	26.08	95.1	28.24	26.08	88.6
4/07/2018 10:29:38 AM	3613508978	1013.00	28.46	26.09	86.8	28.29	26.09	88.2	27.47	26.09	95.2	28.22	26.09	88.7
4/07/2018 10:29:39 AM	3613508979	1013.00	28.46	26.09	86.8	28.35	26.09	87.7	27.45	26.09	95.4	28.28	26.09	88.3
4/07/2018 10:29:40 AM	3613508980	1013.00	28.46	26.10	86.8	28.30	26.10	88.1	27.49	26.10	95.0	28.30	26.10	88.1
4/07/2018 10:29:41 AM	3613508981	1013.00	28.49	26.10	86.5	28.29	26.10	88.2	27.47	26.10	95.2	28.26	26.10	88.4
4/07/2018 10:29:42 AM	3613508982	1013.00	28.45	26.09	86.9	28.26	26.09	88.4	27.48	26.09	95.1	28.28	26.09	88.3
4/07/2018 10:29:43 AM	3613508983	1013.00	28.50	26.09	86.5	28.30	26.09	88.1	27.47	26.09	95.2	28.31	26.09	88.0
4/07/2018 10:29:44 AM	3613508984	1013.00	28.52	26.08	86.3	28.30	26.08	88.1	27.51	26.08	94.8	28.30	26.08	88.1
4/07/2018 10:29:45 AM	3613508985	1013.00	28.49	26.08	86.6	28.29	26.08	88.2	27.50	26.08	94.9	28.27	26.08	88.4
4/07/2018 10:29:46 AM	3613508986	1013.00	28.48	26.08	86.7	28.30	26.08	88.1	27.47	26.08	95.2	28.29	26.08	88.2
4/07/2018 10:29:47 AM	3613508987	1013.00	28.49	26.09	86.6	28.23	26.09	88.7	27.52	26.09	94.7	28.31	26.09	88.0
4/07/2018 10:29:48 AM	3613508988	1013.00	28.52	26.08	86.3	28.24	26.08	88.6	27.47	26.08	95.2	28.33	26.08	87.9
4/07/2018 10:29:49 AM	3613508989	1013.00	28.53	26.08	86.3	28.28	26.08	88.3	27.45	26.08	95.4	28.29	26.08	88.2
4/07/2018 10:29:50 AM	3613508990	1013.00	28.47	26.09	86.7	28.31	26.09	88.0	27.50	26.09	94.9	28.31	26.09	88.0
4/07/2018 10:29:51 AM	3613508991	1013.00	28.47	26.09	86.7	28.28	26.09	88.3	27.47	26.09	95.2	28.28	26.09	88.3
4/07/2018 10:29:52 AM	3613508992	1013.00	28.47	26.09	86.7	28.30	26.09	88.1	27.48	26.09	95.1	28.30	26.09	88.1
4/07/2018 10:29:53 AM	3613508993	1013.00	28.53	26.10	86.2	28.33	26.10	87.8	27.48	26.10	95.1	28.35	26.10	87.7
4/07/2018 10:29:54 AM	3613508994	1013.00	28.49	26.09	86.6	28.33	26.09	87.9	27.46	26.09	95.3	28.29	26.09	88.2
4/07/2018 10:29:55 AM	3613508995	1013.00	28.53	26.09	86.2	28.37	26.09	87.5	27.52	26.09	94.7	28.30	26.09	88.1
4/07/2018 10:29:56 AM	3613508996	1013.00	28.55	26.09	86.1	28.32	26.09	87.9	27.52	26.09	94.7	28.34	26.09	87.8
4/07/2018 10:29:57 AM	3613508997	1013.00	28.52	26.09	86.3	28.32	26.09	87.9	27.53	26.09	94.6	28.32	26.09	87.9
4/07/2018 10:29:58 AM	3613508998	1013.00	28.53	26.09	86.2	28.35	26.09	87.7	27.49	26.09	95.0	28.29	26.09	88.2
4/07/2018 10:29:59 AM	3613508999	1013.00	28.49	26.09	86.6	28.35	26.09	87.7	27.48	26.09	95.1	28.30	26.09	88.1
4/07/2018 10:30:00 AM	3613509000	1013.00	28.48	26.09	86.6	28.38	26.09	87.4	27.52	26.09	94.7	28.37	26.09	87.5
4/07/2018 10:30:01 AM	3613509001	1013.00	28.50	26.09	86.5	28.32	26.09	87.9	27.51	26.09	94.8	28.33	26.09	87.9
4/07/2018 10:30:02 AM	3613509002	1013.00	28.47	26.09	86.7	28.35	26.09	87.7	27.52	26.09	94.7	28.32	26.09	87.9
4/07/2018 10:30:03 AM	3613509003	1013.00	28.46	26.09	86.8	28.35	26.09	87.7	27.47	26.09	95.2	28.41	26.09	87.2
4/07/2018 10:30:04 AM	3613509004	1013.00	28.51	26.09	86.4	28.37	26.09	87.5	27.52	26.09	94.7	28.40	26.09	87.3
4/07/2018 10:30:05 AM	3613509005	1013.00	28.53	26.09	86.2	28.37	26.09	87.5	27.48	26.09	95.1	28.40	26.09	87.3
4/07/2018 10:30:06 AM	3613509006	1013.00	28.45	26.09	86.9	28.35	26.09	87.7	27.52	26.09	94.7	28.36	26.09	87.6
4/07/2018 10:30:07 AM	3613509007	1013.00	28.56	26.10	86.0	28.38	26.10	87.4	27.50	26.10	94.9	28.37	26.10	87.5
4/07/2018 10:30:08 AM	3613509008	1013.00	28.53	26.09	86.2	28.38	26.09	87.4	27.53	26.09	94.6	28.42	26.09	87.1
4/07/2018 10:30:09 AM	3613509009	1013.00	28.55	26.09	86.1	28.36	26.09	87.6	27.54	26.09	94.6	28.41	26.09	87.2
4/07/2018 10:30:10 AM	3613509010	1013.00	28.56	26.10	86.0	28.38	26.10	87.4	27.51	26.10	94.8	28.40	26.10	87.3
4/07/2018 10:30:11 AM	3613509011	1013.00	28.55	26.09	86.1	28.38	26.09	87.4	27.50	26.09	94.9	28.39	26.09	87.4
4/07/2018 10:30:12 AM	3613509012	1013.00	28.53	26.09	86.2	28.36	26.09	87.6	27.49	26.09	95.0	28.40	26.09	87.3
4/07/2018 10:30:13 AM	3613509013	1013.00	28.60	26.09	85.7	28.34	26.09	87.8	27.48	26.09	95.1	28.43	26.09	87.0
4/07/2018 10:30:14 AM	3613509014	1013.00	28.55	26.09	86.1	28.37	26.09	87.5	27.54	26.09	94.6	28.37	26.09	87.5
4/07/2018 10:30:15 AM	3613509015	1013.00	28.57	26.09	85.9	28.33	26.09	87.9	27.48	26.09	95.1	28.41	26.09	87.2
4/07/2018 10:30:16 AM	3613509016	1013.00	28.55	26.09	86.1	28.40	26.09	87.3	27.50	26.09	94.9	28.37	26.09	87.5
4/07/2018 10:30:17 AM	3613509017	1013.00	28.57	26.09	85.9	28.34	26.09	87.8	27.50	26.09	94.9	28.43	26.09	87.0
4/07/2018 10:30:18 AM	3613509018	1013.00	28.54	26.08	86.2	28.34	26.08	87.8	27.50	26.08	94.9	28.41	26.08	87.2
4/07/2018 10:30:19 AM	3613509019	1013.00	28.57	26.09	85.9	28.36	26.09	87.6	27.48	26.09	95.1	28.44	26.09	87.0
4/07/2018 10:30:20 AM	3613509020	1013.00	28.59	26.09	85.8	28.33	26.09	87.9	27.50	26.09	94.9	28.39	26.09	87.4
4/07/2018 10:30:21 AM	3613509021	1013.00	28.59	26.09	85.8	28.37	26.09	87.5	27.53	26.09	94.6	28.40	26.09	87.3
4/07/2018 10:30:22 AM	3613509022	1013.00	28.57	26.09	85.9	28.35	26.09	87.7	27.50	26.09	94.9	28.42	26.09	87.1
4/07/2018 10:30:23 AM	3613509023	1013.00	28.59	26.09	85.8	28.35	26.09	87.7	27.51	26.09	94.8	28.38	26.09	87.4
4/07/2018 10:30:24 AM	3613509024	1013.00	28.58	26.09	85.8	28.31	26.09	88.0	27.51	26.09	94.8	28.42	26.09	87.1
4/07/2018 10:30:25 AM	3613509025	1013.00	28.63	26.09	85.5	28.34	26.09	87.8	27.52	26.09	94.7	28.40	26.09	87.3
4/07/2018 10:30:26 AM	3613509026	1013.00	28.59	26.09	85.8	28.38	26.09	87.4	27.53	26.09	94.6	28.41	26.09	87.2
4/07/2018 10:30:27 AM	3613509027	1013.00	28.58	26.10	85.8	28.36	26.10	87.6	27.51	26.10	94.8	28.44	26.10	86.9
4/07/2018 10:30:28 AM	3613509028	1013.00	28.57	26.11	85.9	28.37	26.11	87.5	27.52	26.11	94.7	28.42	26.11	87.1
4/07/2018 10:30:29 AM	3613509029	1013.00	28.59	26.11	85.7	28.41	26.11	87.2	27.57	26.11	94.3	28.45	26.11	86.9
4/07/2018 10:30:30 AM	3613509030	1013.00	28.52	26.11	86.3	28.39	26.11	87.3	27.54	26.11	94.5	28.47	26.11	86.7
4/07/2018 10:30:31 AM	3613509031	1013.00	28.57	26.10	85.9	28.36	26.10	87.6	27.54	26.10	94.5	28.46	26.10	86.8
4/07/2018 10:30:32 AM	3613509032	1013.00	28.60	26.10	85.7	28.34	26.10	87.8	27.57	26.10	94.3	28.38	26.10	87.4
4/07/2018 10:30:33 AM	3613509033	1013.00	28.59	26.10	85.8	28.35	26.10	87.7	27.55	26.10	94.5	28.45	26.10	86.9
4/07/2018 10:30:34 AM	3613509034	1013.00	28.59	26.10	85.8	28.35	26.10	87.7	27.53	26.10	94.6	28.45	26.10	86.9
4/07/2018 10:30:35 AM	3613509035	1013.00	28.61	26.10	85.6	28.39	26.10	87.4	27.54	26.10	94.5	28.42	26.10	87.1
4/07/2018 10:30:36 AM	3613509036	1013.00	28.60	26.10	85.7	28.40	26.10	87.3	27.51	26.10	94.8	28.48	26.10	86.6
4/07/2018 10:30:37 AM	3613509037	1013.00	28.58	26.10	85.8	28.42	26.10	87.1	27.55	26.10	94.5	28.42	26.10	87.1
4/07/2018 10:30:38 AM	3613509038	1013.00	28.57	26.10	85.9	28.35	26.10	87.7	27.52	26.10	94.7	28.45	26.10	86.9
4/07/2018 10:30:39 AM	3613509039	1013.00	28.63	26.10	85.4	28.45	26.10	86.9	27.54	26.10	94.5	28.46	26.10	86.8
4/07/2018 10:30:40 AM	3613509040	1013.00	28.58	26.10	85.8	28.34	26.10	87.8	27.53	26.10	94.6	28.46	26.10	86.8
4/07/2018 10:30:41 AM	3613509041	1013.00	28.59	26.11	85.7	28.41	26.11	87.2	27.52	26.11	94.7	28.43	26.11	87.0
4/07/2018 10:30:42 AM	3613509042	1013.00	28.57	26.11	85.9	28.43	26.11	87.0	27.54	26.11	94.5	28.46	26.11	86.8
4/07/2018 10:30:43 AM	3613509043	1013.00	28.61	26.11	85.6	28.43	26.11	87.0	27.55	26.11	94.4	28.47	26.11	86.7
4/07/2018 10:30:44 AM	3613509044	1013.00	28.57	26.11	85.9	28.38	26.11	87.4	27.54	26.11	94.5	28.48	26.11	86.6
4/07/2018 10:30:45 AM	3613509045	1013.00	28.58	26.11	85.8	28.43	26.11	87.0	27.54	26.11	94.5	28.51	26.11	86.4
4/07/2018 10:30:46 AM	3613509046	1013.00	28.60	26.11	85.7	28.45	26.11	86.9	27.57	26.11	94.3	28.49	26.11	86.5
4/07/2018 10:30:47 AM	3613509047	1013.00	28.61	26.11	85.6	28.46	26.11	86.8	27.61	26.11	93.9	28.46	26.11	86.8
4/07/2018 10:30:48 AM	3613509048	1013.00	28.57	26.10	85.9	28.40	26.10	87.3	27.56	26.10	94.4	28.55	26.10	86.1
4/07/2018 10:30:49 AM	3613509049	1013.00	28.61	26.10	85.6	28.39	26.10	87.4	27.57	26.10	94.3	28.49	26.10	86.5
4/07/2018 10:30:50 AM	3613509050	1013.00	28.57	26.10	85.9	28.44	26.10	86.9	27.57	26.10	94.3	28.53	26.10	86.2
4/07/2018 10:30:51 AM	3613509051	1013.00	28.63	26.09	85.5	28.44	26.09	87.0	27.56	26.09	94.4	28.51	26.09	86.4
4/07/2018 10:30:52 AM	3613509052	1013.00	28.61	26.09	85.6	28.46	26.09	86.8	27.56	26.09	94.4	28.48	26.09	86.6
4/07/2018 10:30:53 AM	3613509053	1013.00	28.61	26.10	85.6	28.37	26.10	87.5	27.57	26.10	94.3	28.50	26.10	86.5
4/07/2018 10:30:54 AM	3613509054	1013.00	28.59	26.10	85.8	28.41	26.10	87.2	27.58	26.10	94.2	28.51	26.10	86.4
4/07/2018 10:30:55 AM	3613509055	1013.00	28.61	26.11	85.6	28.44	26.11	86.9	27.56	26.11	94.3	28.53	26.11	86.2
4/07/2018 10:30:56 AM	3613509056	1013.00	28.61	26.11	85.6	28.47	26.11	86.7	27.56	26.11	94.3	28.56	26.11	86.0
4/07/2018 10:30:57 AM	3613509057	1013.00	28.59	26.11	85.7	28.43	26.11	87.0	27.58	26.11	94.2	28.54	26.11	86.1
4/07/2018 10:30:58 AM	3613509058	1013.00	28.57	26.11	85.9	28.44	26.11	86.9	27.61	26.11	93.9	28.56	26.11	86.0
4/07/2018 10:30:59 AM	3613509059	1013.00	28.61	26.11	85.6	28.45	26.11	86.9	27.61	26.11	93.9	28.58	26.11	85.8
4/07/2018 10:31:00 AM	3613509060	1013.00	28.60	26.11	85.7	28.47	26.11	86.7	27.55	26.11	94.4	28.55	26.11	86.1
4/07/2018 10:31:01 AM	3613509061	1013.00	28.63	26.11	85.4	28.52	26.11	86.3	27.58	26.11	94.2	28.57	26.11	85.9
4/07/2018 10:31:02 AM	3613509062	1013.00	28.60	26.11	85.7	28.52	26.11	86.3	27.58	26.11	94.2	28.59	26.11	85.7
4/07/2018 10:31:03 AM	3613509063	1013.00	28.62	26.10	85.5	28.46	26.10	86.8	27.60	26.10	94.0	28.55	26.10	86.1
4/07/2018 10:31:04 AM	3613509064	1013.00	28.59	26.11	85.7	28.47	26.11	86.7	27.59	26.11	94.1	28.56	26.11	86.0
4/07/2018 10:31:05 AM	3613509065	1013.00	28.62	26.11	85.5	28.48	26.11	86.6	27.59	26.11	94.1	28.65	26.11	85.3
4/07/2018 10:31:06 AM	3613509066	1013.00	28.65	26.11	85.3	28.46	26.11	86.8	27.60	26.11	94.0	28.62	26.11	85.5
4/07/2018 10:31:07 AM	3613509067	1013.00	28.64	26.11	85.3	28.53	26.11	86.2	27.62	26.11	93.8	28.62	26.11	85.5
4/07/2018 10:31:08 AM	3613509068	1013.00	28.62	26.11	85.5	28.50	26.11	86.5	27.58	26.11	94.2	28.62	26.11	85.5
4/07/2018 10:31:09 AM	3613509069	1013.00	28.60	26.11	85.7	28.50	26.11	86.5	27.56	26.11	94.3	28.63	26.11	85.4
4/07/2018 10:31:10 AM	3613509070	1013.00	28.62	26.11	85.5	28.49	26.11	86.5	27.59	26.11	94.1	28.63	26.11	85.4
4/07/2018 10:31:11 AM	3613509071	1013.00	28.63	26.10	85.4	28.49	26.10	86.5	27.54	26.10	94.5	28.63	26.10	85.4
4/07/2018 10:31:12 AM	3613509072	1013.00	28.57	26.11	85.9	28.52	26.11	86.3	27.63	26.11	93.7	28.62	26.11	85.5
4/07/2018 10:31:13 AM	3613509073	1013.00	28.60	26.11	85.7	28.46	26.11	86.8	27.59	26.11	94.1	28.65	26.11	85.3
4/07/2018 10:31:14 AM	3613509074	1013.00	28.61	26.11	85.6	28.53	26.11	86.2	27.63	26.11	93.7	28.64	26.11	85.3
4/07/2018 10:31:15 AM	3613509075	1013.00	28.63	26.10	85.4	28.44	26.10	86.9	27.60	26.10	94.0	28.60	26.10	85.7
4/07/2018 10:31:16 AM	3613509076	1013.00	28.61	26.11	85.6	28.49	26.11	86.5	27.63	26.11	93.7	28.63	26.11	85.4
4/07/2018 10:31:17 AM	3613509077	1013.00	28.60	26.11	85.7	28.52	26.11	86.3	27.60	26.11	94.0	28.66	26.11	85.2
4/07/2018 10:31:18 AM	3613509078	1013.00	28.62	26.11	85.5	28.49	26.11	86.5	27.62	26.11	93.8	28.67	26.11	85.1
4/07/2018 10:31:19 AM	3613509079	1013.00	28.62	26.11	85.5	28.47	26.11	86.7	27.58	26.11	94.2	28.62	26.11	85.5
4/07/2018 10:31:20 AM	3613509080	1013.00	28.64	26.11	85.3	28.55	26.11	86.1	27.58	26.11	94.2	28.62	26.11	85.5
4/07/2018 10:31:21 AM	3613509081	1013.00	28.64	26.11	85.3	28.52	26.11	86.3	27.61	26.11	93.9	28.66	26.11	85.2
4/07/2018 10:31:22 AM	3613509082	1013.00	28.62	26.12	85.5	28.51	26.12	86.4	27.64	26.12	93.6	28.64	26.12	85.3
4/07/2018 10:31:23 AM	3613509083	1013.00	28.64	26.12	85.3	28.51	26.12	86.4	27.61	26.12	93.9	28.64	26.12	85.3
4/07/2018 10:31:24 AM	3613509084	1013.00	28.64	26.12	85.3	28.50	26.12	86.4	27.62	26.12	93.8	28.66	26.12	85.2
4/07/2018 10:31:25 AM	3613509085	1013.00	28.65	26.12	85.3	28.53	26.12	86.2	27.64	26.12	93.6	28.64	26.12	85.3
4/07/2018 10:31:26 AM	3613509086	1013.00	28.64	26.12	85.3	28.52	26.12	86.3	27.59	26.12	94.1	28.64	26.12	85.3
4/07/2018 10:31:27 AM	3613509087	1013.00	28.64	26.11	85.3	28.50	26.11	86.5	27.60	26.11	94.0	28.72	26.11	84.7
4/07/2018 10:31:28 AM	3613509088	1013.00	28.64	26.12	85.3	28.50	26.12	86.4	27.62	26.12	93.8	28.63	26.12	85.4
4/07/2018 10:31:29 AM	3613509089	1013.00	28.66	26.12	85.2	28.49	26.12	86.5	27.66	26.12	93.5	28.62	26.12	85.5
4/07/2018 10:31:30 AM	3613509090	1013.00	28.59	26.12	85.7	28.55	26.12	86.0	27.67	26.12	93.4	28.63	26.12	85.4
4/07/2018 10:31:31 AM	3613509091	1013.00	28.67	26.11	85.1	28.54	26.11	86.1	27.65	26.11	93.6	28.61	26.11	85.6
4/07/2018 10:31:32 AM	3613509092	1013.00	28.68	26.11	85.0	28.55	26.11	86.1	27.61	26.11	93.9	28.68	26.11	85.0
4/07/2018 10:31:33 AM	3613509093	1013.00	28.66	26.11	85.2	28.49	26.11	86.5	27.61	26.11	93.9	28.68	26.11	85.0
4/07/2018 10:31:34 AM	3613509094	1013.00	28.70	26.11	84.9	28.59	26.11	85.7	27.67	26.11	93.4	28.69	26.11	85.0
4/07/2018 10:31:35 AM	3613509095	1013.00	28.66	26.10	85.2	28.58	26.10	85.8	27.64	26.10	93.7	28.73	26.10	84.7
4/07/2018 10:31:36 AM	3613509096	1013.00	28.67	26.10	85.1	28.55	26.10	86.1	27.68	26.10	93.3	28.67	26.10	85.1
4/07/2018 10:31:37 AM	3613509097	1013.00	28.68	26.11	85.0	28.55	26.11	86.1	27.67	26.11	93.4	28.73	26.11	84.6
4/07/2018 10:31:38 AM	3613509098	1013.00	28.65	26.11	85.3	28.55	26.11	86.1	27.67	26.11	93.4	28.68	26.11	85.0
4/07/2018 10:31:39 AM	3613509099	1013.00	28.68	26.11	85.0	28.57	26.11	85.9	27.64	26.11	93.6	28.68	26.11	85.0
4/07/2018 10:31:40 AM	3613509100	1013.00	28.68	26.11	85.0	28.54	26.11	86.1	27.63	26.11	93.7	28.70	26.11	84.9
4/07/2018 10:31:41 AM	3613509101	1013.00	28.71	26.11	84.8	28.58	26.11	85.8	27.63	26.11	93.7	28.72	26.11	84.7
4/07/2018 10:31:42 AM	3613509102	1013.00	28.71	26.11	84.8	28.62	26.11	85.5	27.68	26.11	93.3	28.72	26.11	84.7
4/07/2018 10:31:43 AM	3613509103	1013.00	28.71	26.10	84.8	28.59	26.10	85.8	27.69	26.10	93.2	28.71	26.10	84.8
4/07/2018 10:31:44 AM	3613509104	1013.00	28.70	26.10	84.9	28.61	26.10	85.6	27.64	26.10	93.7	28.75	26.10	84.5
4/07/2018 10:31:45 AM	3613509105	1013.00	28.71	26.10	84.8	28.67	26.10	85.1	27.70	26.10	93.1	28.73	26.10	84.7
4/07/2018 10:31:46 AM	3613509106	1013.00	28.71	26.10	84.8	28.68	26.10	85.1	27.70	26.10	93.1	28.70	26.10	84.9
4/07/2018 10:31:47 AM	3613509107	1013.00	28.71	26.11	84.8	28.61	26.11	85.6	27.65	26.11	93.6	28.76	26.11	84.4
4/07/2018 10:31:48 AM	3613509108	1013.00	28.74	26.11	84.6	28.63	26.11	85.4	27.67	26.11	93.4	28.75	26.11	84.5
4/07/2018 10:31:49 AM	3613509109	1013.00	28.72	26.11	84.7	28.63	26.11	85.4	27.65	26.11	93.6	28.70	26.11	84.9
4/07/2018 10:31:50 AM	3613509110	1013.00	28.78	26.11	84.3	28.61	26.11	85.6	27.66	26.11	93.5	28.74	26.11	84.6
4/07/2018 10:31:51 AM	3613509111	1013.00	28.71	26.11	84.8	28.66	26.11	85.2	27.66	26.11	93.5	28.78	26.11	84.3
4/07/2018 10:31:52 AM	3613509112	1013.00	28.71	26.11	84.8	28.60	26.11	85.7	27.69	26.11	93.2	28.74	26.11	84.6
4/07/2018 10:31:53 AM	3613509113	1013.00	28.69	26.11	85.0	28.65	26.11	85.3	27.74	26.11	92.8	28.72	26.11	84.7
4/07/2018 10:31:54 AM	3613509114	1013.00	28.74	26.11	84.6	28.64	26.11	85.3	27.64	26.11	93.6	28.74	26.11	84.6
4/07/2018 10:31:55 AM	3613509115	1013.00	28.73	26.11	84.6	28.61	26.11	85.6	27.68	26.11	93.3	28.78	26.11	84.3
4/07/2018 10:31:56 AM	3613509116	1013.00	28.75	26.11	84.5	28.63	26.11	85.4	27.66	26.11	93.5	28.77	26.11	84.3
4/07/2018 10:31:57 AM	3613509117	1013.00	28.77	26.11	84.3	28.68	26.11	85.0	27.66	26.11	93.5	28.78	26.11	84.3
4/07/2018 10:31:58 AM	3613509118	1013.00	28.73	26.11	84.6	28.61	26.11	85.6	27.72	26.11	92.9	28.79	26.11	84.2
4/07/2018 10:31:59 AM	3613509119	1013.00	28.75	26.11	84.5	28.71	26.11	84.8	27.71	26.11	93.0	28.79	26.11	84.2
4/07/2018 10:32:00 AM	3613509120	1013.00	28.77	26.10	84.4	28.66	26.10	85.2	27.72	26.10	93.0	28.78	26.10	84.3
4/07/2018 10:32:01 AM	3613509121	1013.00	28.76	26.10	84.4	28.70	26.10	84.9	27.70	26.10	93.1	28.82	26.10	84.0
4/07/2018 10:32:02 AM	3613509122	1013.00	28.72	26.10	84.7	28.68	26.10	85.1	27.68	26.10	93.3	28.79	26.10	84.2
4/07/2018 10:32:03 AM	3613509123	1013.00	28.74	26.09	84.6	28.66	26.09	85.2	27.74	26.09	92.8	28.77	26.09	84.4
4/07/2018 10:32:04 AM	3613509124	1013.00	28.74	26.10	84.6	28.68	26.10	85.1	27.72	26.10	93.0	28.74	26.10	84.6
4/07/2018 10:32:05 AM	3613509125	1013.00	28.75	26.11	84.5	28.70	26.11	84.9	27.74	26.11	92.8	28.79	26.11	84.2
4/07/2018 10:32:06 AM	3613509126	1013.00	28.72	26.11	84.7	28.65	26.11	85.3	27.74	26.11	92.8	28.79	26.11	84.2
4/07/2018 10:32:07 AM	3613509127	1013.00	28.73	26.11	84.6	28.67	26.11	85.1	27.69	26.11	93.2	28.78	26.11	84.3
4/07/2018 10:32:08 AM	3613509128	1013.00	28.76	26.11	84.4	28.66	26.11	85.2	27.69	26.11	93.2	28.78	26.11	84.3
4/07/2018 10:32:09 AM	3613509129	1013.00	28.75	26.11	84.5	28.64	26.11	85.3	27.72	26.11	92.9	28.80	26.11	84.1
4/07/2018 10:32:10 AM	3613509130	1013.00	28.77	26.10	84.4	28.67	26.10	85.1	27.69	26.10	93.2	28.84	26.10	83.8
4/07/2018 10:32:11 AM	3613509131	1013.00	28.78	26.10	84.3	28.64	26.10	85.4	27.71	26.10	93.0	28.79	26.10	84.2
4/07/2018 10:32:12 AM	3613509132	1013.00	28.73	26.11	84.6	28.69	26.11	85.0	27.74	26.11	92.8	28.82	26.11	84.0
4/07/2018 10:32:13 AM	3613509133	1013.00	28.77	26.11	84.3	28.72	26.11	84.7	27.72	26.11	92.9	28.82	26.11	84.0
4/07/2018 10:32:14 AM	3613509134	1013.00	28.76	26.11	84.4	28.68	26.11	85.0	27.74	26.11	92.8	28.82	26.11	84.0
4/07/2018 10:32:15 AM	3613509135	1013.00	28.76	26.12	84.4	28.70	26.12	84.9	27.67	26.12	93.4	28.86	26.12	83.6
4/07/2018 10:32:16 AM	3613509136	1013.00	28.76	26.12	84.4	28.66	26.12	85.2	27.71	26.12	93.0	28.82	26.12	83.9
4/07/2018 10:32:17 AM	3613509137	1013.00	28.79	26.11	84.2	28.69	26.11	85.0	27.75	26.11	92.7	28.84	26.11	83.8
4/07/2018 10:32:18 AM	3613509138	1013.00	28.76	26.11	84.4	28.65	26.11	85.3	27.75	26.11	92.7	28.81	26.11	84.0
4/07/2018 10:32:19 AM	3613509139	1013.00	28.76	26.11	84.4	28.70	26.11	84.9	27.72	26.11	92.9	28.83	26.11	83.9
4/07/2018 10:32:20 AM	3613509140	1013.00	28.80	26.10	84.1	28.70	26.10	84.9	27.69	26.10	93.2	28.81	26.10	84.0
4/07/2018 10:32:21 AM	3613509141	1013.00	28.73	26.11	84.6	28.72	26.11	84.7	27.76	26.11	92.6	28.86	26.11	83.6
4/07/2018 10:32:22 AM	3613509142	1013.00	28.82	26.11	84.0	28.73	26.11	84.6	27.70	26.11	93.1	28.88	26.11	83.5
4/07/2018 10:32:23 AM	3613509143	1013.00	28.77	26.11	84.3	28.70	26.11	84.9	27.75	26.11	92.7	28.90	26.11	83.3
4/07/2018 10:32:24 AM	3613509144	1013.00	28.82	26.11	84.0	28.72	26.11	84.7	27.79	26.11	92.3	28.82	26.11	84.0
4/07/2018 10:32:25 AM	3613509145	1013.00	28.80	26.12	84.1	28.71	26.12	84.8	27.74	26.12	92.8	28.82	26.12	83.9
4/07/2018 10:32:26 AM	3613509146	1013.00	28.79	26.12	84.2	28.72	26.12	84.7	27.82	26.12	92.1	28.84	26.12	83.8
4/07/2018 10:32:27 AM	3613509147	1013.00	28.79	26.12	84.2	28.70	26.12	84.9	27.73	26.12	92.8	28.85	26.12	83.7
4/07/2018 10:32:28 AM	3613509148	1013.00	28.80	26.12	84.1	28.73	26.12	84.6	27.77	26.12	92.5	28.84	26.12	83.8
4/07/2018 10:32:29 AM	3613509149	1013.00	28.81	26.11	84.0	28.74	26.11	84.6	27.72	26.11	92.9	28.81	26.11	84.0
4/07/2018 10:32:30 AM	3613509150	1013.00	28.81	26.11	84.0	28.78	26.11	84.3	27.78	26.11	92.4	28.88	26.11	83.5
4/07/2018 10:32:31 AM	3613509151	1013.00	28.80	26.11	84.1	28.73	26.11	84.6	27.78	26.11	92.4	28.94	26.11	83.0
4/07/2018 10:32:32 AM	3613509152	1013.00	28.79	26.11	84.2	28.73	26.11	84.6	27.75	26.11	92.7	28.90	26.11	83.3
4/07/2018 10:32:33 AM	3613509153	1013.00	28.81	26.11	84.0	28.74	26.11	84.6	27.75	26.11	92.7	28.87	26.11	83.6
4/07/2018 10:32:34 AM	3613509154	1013.00	28.82	26.11	84.0	28.75	26.11	84.5	27.74	26.11	92.8	28.87	26.11	83.6
4/07/2018 10:32:35 AM	3613509155	1013.00	28.81	26.12	84.0	28.77	26.12	84.3	27.77	26.12	92.5	28.92	26.12	83.2
4/07/2018 10:32:36 AM	3613509156	1013.00	28.80	26.12	84.1	28.79	26.12	84.2	27.74	26.12	92.8	28.97	26.12	82.8
4/07/2018 10:32:37 AM	3613509157	1013.00	28.83	26.11	83.9	28.77	26.11	84.3	27.77	26.11	92.5	28.87	26.11	83.6
4/07/2018 10:32:38 AM	3613509158	1013.00	28.84	26.11	83.8	28.76	26.11	84.4	27.77	26.11	92.5	28.92	26.11	83.2
4/07/2018 10:32:39 AM	3613509159	1013.00	28.80	26.12	84.1	28.76	26.12	84.4	27.79	26.12	92.3	28.93	26.12	83.1
4/07/2018 10:32:40 AM	3613509160	1013.00	28.83	26.11	83.9	28.74	26.11	84.6	27.81	26.11	92.2	28.87	26.11	83.6
4/07/2018 10:32:41 AM	3613509161	1013.00	28.83	26.11	83.9	28.76	26.11	84.4	27.77	26.11	92.5	28.95	26.11	83.0
4/07/2018 10:32:42 AM	3613509162	1013.00	28.86	26.11	83.6	28.70	26.11	84.9	27.75	26.11	92.7	28.92	26.11	83.2
4/07/2018 10:32:43 AM	3613509163	1013.00	28.79	26.11	84.2	28.79	26.11	84.2	27.79	26.11	92.3	28.93	26.11	83.1
4/07/2018 10:32:44 AM	3613509164	1013.00	28.82	26.11	84.0	28.77	26.11	84.3	27.77	26.11	92.5	28.90	26.11	83.3
4/07/2018 10:32:45 AM	3613509165	1013.00	28.82	26.11	84.0	28.72	26.11	84.7	27.80	26.11	92.3	28.96	26.11	82.9
4/07/2018 10:32:46 AM	3613509166	1013.00	28.80	26.11	84.1	28.75	26.11	84.5	27.79	26.11	92.3	28.94	26.11	83.0
4/07/2018 10:32:47 AM	3613509167	1013.00	28.85	26.12	83.7	28.77	26.12	84.3	27.75	26.12	92.7	28.99	26.12	82.6
4/07/2018 10:32:48 AM	3613509168	1013.00	28.82	26.13	83.9	28.76	26.13	84.4	27.76	26.13	92.6	28.91	26.13	83.2
4/07/2018 10:32:49 AM	3613509169	1013.00	28.85	26.12	83.7	28.79	26.12	84.2	27.77	26.12	92.5	28.98	26.12	82.7
4/07/2018 10:32:50 AM	3613509170	1013.00	28.82	26.12	83.9	28.78	26.12	84.2	27.78	26.12	92.4	29.01	26.12	82.5
4/07/2018 10:32:51 AM	3613509171	1013.00	28.83	26.12	83.9	28.81	26.12	84.0	27.78	26.12	92.4	28.93	26.12	83.1
4/07/2018 10:32:52 AM	3613509172	1013.00	28.84	26.11	83.8	28.77	26.11	84.3	27.84	26.11	91.9	29.01	26.11	82.5
4/07/2018 10:32:53 AM	3613509173	1013.00	28.84	26.11	83.8	28.78	26.11	84.3	27.81	26.11	92.2	28.94	26.11	83.0
4/07/2018 10:32:54 AM	3613509174	1013.00	28.88	26.11	83.5	28.77	26.11	84.3	27.79	26.11	92.3	29.00	26.11	82.6
4/07/2018 10:32:55 AM	3613509175	1013.00	28.84	26.12	83.8	28.83	26.12	83.9	27.80	26.12	92.2	28.97	26.12	82.8
4/07/2018 10:32:56 AM	3613509176	1013.00	28.85	26.12	83.7	28.83	26.12	83.9	27.84	26.12	91.9	29.03	26.12	82.3
4/07/2018 10:32:57 AM	3613509177	1013.00	28.86	26.13	83.6	28.81	26.13	84.0	27.82	26.13	92.0	28.99	26.13	82.6
4/07/2018 10:32:58 AM	3613509178	1013.00	28.89	26.12	83.4	28.79	26.12	84.2	27.79	26.12	92.3	29.00	26.12	82.6
4/07/2018 10:32:59 AM	3613509179	1013.00	28.87	26.13	83.5	28.85	26.13	83.7	27.80	26.13	92.2	28.98	26.13	82.7
4/07/2018 10:33:00 AM	3613509180	1013.00	28.88	26.13	83.5	28.87	26.13	83.5	27.80	26.13	92.2	29.02	26.13	82.4
4/07/2018 10:33:01 AM	3613509181	1013.00	28.88	26.12	83.5	28.79	26.12	84.2	27.83	26.12	92.0	29.02	26.12	82.4
4/07/2018 10:33:02 AM	3613509182	1013.00	28.87	26.12	83.6	28.82	26.12	83.9	27.79	26.12	92.3	29.05	26.12	82.2
4/07/2018 10:33:03 AM	3613509183	1013.00	28.91	26.13	83.2	28.88	26.13	83.5	27.82	26.13	92.0	29.02	26.13	82.4
4/07/2018 10:33:04 AM	3613509184	1013.00	28.88	26.12	83.5	28.86	26.12	83.6	27.85	26.12	91.8	29.08	26.12	82.0
4/07/2018 10:33:05 AM	3613509185	1013.00	28.89	26.12	83.4	28.78	26.12	84.2	27.82	26.12	92.1	29.00	26.12	82.6
4/07/2018 10:33:06 AM	3613509186	1013.00	28.88	26.12	83.5	28.83	26.12	83.9	27.87	26.12	91.6	29.01	26.12	82.5
4/07/2018 10:33:07 AM	3613509187	1013.00	28.83	26.13	83.8	28.86	26.13	83.6	27.81	26.13	92.1	29.07	26.13	82.0
4/07/2018 10:33:08 AM	3613509188	1013.00	28.89	26.12	83.4	28.87	26.12	83.6	27.84	26.12	91.9	29.05	26.12	82.2
4/07/2018 10:33:09 AM	3613509189	1013.00	28.92	26.12	83.2	28.87	26.12	83.6	27.81	26.12	92.1	29.02	26.12	82.4
4/07/2018 10:33:10 AM	3613509190	1013.00	28.92	26.12	83.2	28.85	26.12	83.7	27.84	26.12	91.9	29.03	26.12	82.3
4/07/2018 10:33:11 AM	3613509191	1013.00	28.92	26.12	83.2	28.85	26.12	83.7	27.82	26.12	92.1	29.06	26.12	82.1
4/07/2018 10:33:12 AM	3613509192	1013.00	28.92	26.12	83.2	28.92	26.12	83.2	27.84	26.12	91.9	29.01	26.12	82.5
4/07/2018 10:33:13 AM	3613509193	1013.00	28.95	26.12	82.9	28.92	26.12	83.2	27.82	26.12	92.1	29.00	26.12	82.6
4/07/2018 10:33:14 AM	3613509194	1013.00	28.90	26.12	83.3	28.95	26.12	82.9	27.83	26.12	92.0	29.05	26.12	82.2
4/07/2018 10:33:15 AM	3613509195	1013.00	28.90	26.12	83.3	28.87	26.12	83.6	27.84	26.12	91.9	29.04	26.12	82.3
4/07/2018 10:33:16 AM	3613509196	1013.00	28.98	26.12	82.7	28.93	26.12	83.1	27.83	26.12	92.0	29.06	26.12	82.1
4/07/2018 10:33:17 AM	3613509197	1013.00	28.93	26.13	83.1	28.87	26.13	83.5	27.82	26.13	92.0	29.07	26.13	82.0
4/07/2018 10:33:18 AM	3613509198	1013.00	28.92	26.12	83.2	28.91	26.12	83.3	27.87	26.12	91.6	29.11	26.12	81.7
4/07/2018 10:33:19 AM	3613509199	1013.00	28.92	26.13	83.2	28.93	26.13	83.1	27.88	26.13	91.5	29.09	26.13	81.9
4/07/2018 10:33:20 AM	3613509200	1013.00	28.90	26.12	83.3	28.94	26.12	83.0	27.82	26.12	92.1	29.13	26.12	81.6
4/07/2018 10:33:21 AM	3613509201	1013.00	28.93	26.13	83.1	28.90	26.13	83.3	27.86	26.13	91.7	29.12	26.13	81.7
4/07/2018 10:33:22 AM	3613509202	1013.00	28.94	26.13	83.0	28.90	26.13	83.3	27.85	26.13	91.8	29.09	26.13	81.9
4/07/2018 10:33:23 AM	3613509203	1013.00	28.93	26.13	83.1	28.87	26.13	83.5	27.89	26.13	91.4	29.10	26.13	81.8
4/07/2018 10:33:24 AM	3613509204	1013.00	28.93	26.12	83.1	28.92	26.12	83.2	27.88	26.12	91.5	29.11	26.12	81.7
4/07/2018 10:33:25 AM	3613509205	1013.00	28.95	26.12	82.9	28.87	26.12	83.6	27.84	26.12	91.9	29.11	26.12	81.7
4/07/2018 10:33:26 AM	3613509206	1013.00	28.94	26.12	83.0	28.90	26.12	83.3	27.86	26.12	91.7	29.11	26.12	81.7
4/07/2018 10:33:27 AM	3613509207	1013.00	28.94	26.12	83.0	28.95	26.12	82.9	27.84	26.12	91.9	29.15	26.12	81.4
4/07/2018 10:33:28 AM	3613509208	1013.00	28.94	26.11	83.0	28.90	26.11	83.3	27.86	26.11	91.7	29.18	26.11	81.2
4/07/2018 10:33:29 AM	3613509209	1013.00	28.97	26.12	82.8	28.93	26.12	83.1	27.85	26.12	91.8	29.17	26.12	81.3
4/07/2018 10:33:30 AM	3613509210	1013.00	28.96	26.12	82.9	28.93	26.12	83.1	27.83	26.12	92.0	29.23	26.12	80.9
4/07/2018 10:33:31 AM	3613509211	1013.00	28.96	26.12	82.9	29.00	26.12	82.6	27.89	26.12	91.5	29.15	26.12	81.4
4/07/2018 10:33:32 AM	3613509212	1013.00	28.96	26.12	82.9	28.98	26.12	82.7	27.90	26.12	91.4	29.17	26.12	81.3
4/07/2018 10:33:33 AM	3613509213	1013.00	28.93	26.12	83.1	28.98	26.12	82.7	27.88	26.12	91.5	29.14	26.12	81.5
4/07/2018 10:33:34 AM	3613509214	1013.00	28.98	26.11	82.7	28.92	26.11	83.2	27.87	26.11	91.7	29.16	26.11	81.4
4/07/2018 10:33:35 AM	3613509215	1013.00	28.96	26.11	82.9	28.94	26.11	83.0	27.87	26.11	91.7	29.21	26.11	81.0
4/07/2018 10:33:36 AM	3613509216	1013.00	28.98	26.11	82.7	28.95	26.11	83.0	27.89	26.11	91.5	29.30	26.11	80.4
4/07/2018 10:33:37 AM	3613509217	1013.00	28.98	26.11	82.7	29.00	26.11	82.6	27.87	26.11	91.7	29.26	26.11	80.7
4/07/2018 10:33:38 AM	3613509218	1013.00	28.98	26.12	82.7	28.94	26.12	83.0	27.91	26.12	91.3	29.25	26.12	80.7
4/07/2018 10:33:39 AM	3613509219	1013.00	28.96	26.13	82.9	28.92	26.13	83.2	27.88	26.13	91.5	29.30	26.13	80.3
4/07/2018 10:33:40 AM	3613509220	1013.00	28.94	26.13	83.0	28.96	26.13	82.9	27.88	26.13	91.5	29.28	26.13	80.5
4/07/2018 10:33:41 AM	3613509221	1013.00	28.98	26.13	82.7	28.96	26.13	82.9	27.91	26.13	91.3	29.26	26.13	80.6
4/07/2018 10:33:42 AM	3613509222	1013.00	28.97	26.12	82.8	28.96	26.12	82.9	27.89	26.12	91.5	29.22	26.12	80.9
4/07/2018 10:33:43 AM	3613509223	1013.00	28.98	26.12	82.7	28.96	26.12	82.9	27.86	26.12	91.7	29.27	26.12	80.6
4/07/2018 10:33:44 AM	3613509224	1013.00	28.95	26.12	82.9	28.99	26.12	82.6	27.92	26.12	91.2	29.30	26.12	80.3
4/07/2018 10:33:45 AM	3613509225	1013.00	28.99	26.12	82.6	29.05	26.12	82.2	27.91	26.12	91.3	29.25	26.12	80.7
4/07/2018 10:33:46 AM	3613509226	1013.00	28.95	26.12	82.9	28.98	26.12	82.7	27.90	26.12	91.4	29.28	26.12	80.5
4/07/2018 10:33:47 AM	3613509227	1013.00	28.98	26.12	82.7	28.98	26.12	82.7	27.89	26.12	91.5	29.27	26.12	80.6
4/07/2018 10:33:48 AM	3613509228	1013.00	29.01	26.12	82.5	28.99	26.12	82.6	27.92	26.12	91.2	29.30	26.12	80.3
4/07/2018 10:33:49 AM	3613509229	1013.00	29.00	26.12	82.6	29.00	26.12	82.6	27.86	26.12	91.7	29.25	26.12	80.7
4/07/2018 10:33:50 AM	3613509230	1013.00	28.98	26.12	82.7	29.01	26.12	82.5	27.90	26.12	91.4	29.27	26.12	80.6
4/07/2018 10:33:51 AM	3613509231	1013.00	29.02	26.12	82.4	28.99	26.12	82.6	27.85	26.12	91.8	29.29	26.12	80.4
4/07/2018 10:33:52 AM	3613509232	1013.00	28.99	26.12	82.6	28.96	26.12	82.9	27.94	26.12	91.0	29.29	26.12	80.4
4/07/2018 10:33:53 AM	3613509233	1013.00	28.99	26.12	82.6	29.03	26.12	82.3	27.86	26.12	91.7	29.30	26.12	80.3
4/07/2018 10:33:54 AM	3613509234	1013.00	28.99	26.12	82.6	28.99	26.12	82.6	27.91	26.12	91.3	29.34	26.12	80.1
4/07/2018 10:33:55 AM	3613509235	1013.00	29.00	26.12	82.6	29.01	26.12	82.5	27.90	26.12	91.4	29.35	26.12	80.0
4/07/2018 10:33:56 AM	3613509236	1013.00	28.99	26.12	82.6	28.96	26.12	82.9	27.95	26.12	91.0	29.31	26.12	80.3
4/07/2018 10:33:57 AM	3613509237	1013.00	29.02	26.12	82.4	28.96	26.12	82.9	27.97	26.12	90.8	29.34	26.12	80.1
4/07/2018 10:33:58 AM	3613509238	1013.00	29.03	26.12	82.3	29.04	26.12	82.3	27.92	26.12	91.2	29.30	26.12	80.3
4/07/2018 10:33:59 AM	3613509239	1013.00	29.03	26.12	82.3	28.99	26.12	82.6	27.87	26.12	91.6	29.32	26.12	80.2
4/07/2018 10:34:00 AM	3613509240	1013.00	29.01	26.12	82.5	28.96	26.12	82.9	27.92	26.12	91.2	29.35	26.12	80.0
4/07/2018 10:34:01 AM	3613509241	1013.00	29.05	26.12	82.2	28.95	26.12	82.9	27.93	26.12	91.1	29.39	26.12	79.7
4/07/2018 10:34:02 AM	3613509242	1013.00	29.06	26.12	82.1	29.01	26.12	82.5	27.94	26.12	91.0	29.39	26.12	79.7
4/07/2018 10:34:03 AM	3613509243	1013.00	29.02	26.12	82.4	29.03	26.12	82.3	27.96	26.12	90.9	29.33	26.12	80.1
4/07/2018 10:34:04 AM	3613509244	1013.00	29.03	26.13	82.3	29.03	26.13	82.3	27.94	26.13	91.0	29.41	26.13	79.5
4/07/2018 10:34:05 AM	3613509245	1013.00	29.04	26.12	82.3	29.02	26.12	82.4	27.94	26.12	91.0	29.38	26.12	79.8
4/07/2018 10:34:06 AM	3613509246	1013.00	28.99	26.12	82.6	29.04	26.12	82.3	27.97	26.12	90.8	29.41	26.12	79.6
4/07/2018 10:34:07 AM	3613509247	1013.00	29.07	26.12	82.0	29.02	26.12	82.4	27.91	26.12	91.3	29.45	26.12	79.3
4/07/2018 10:34:08 AM	3613509248	1013.00	29.01	26.12	82.5	29.01	26.12	82.5	28.00	26.12	90.5	29.44	26.12	79.3
4/07/2018 10:34:09 AM	3613509249	1013.00	29.01	26.12	82.5	29.06	26.12	82.1	27.95	26.12	91.0	29.44	26.12	79.3
4/07/2018 10:34:10 AM	3613509250	1013.00	29.03	26.12	82.3	29.05	26.12	82.2	27.95	26.12	91.0	29.41	26.12	79.6
4/07/2018 10:34:11 AM	3613509251	1013.00	29.02	26.12	82.4	29.09	26.12	81.9	27.96	26.12	90.9	29.42	26.12	79.5
4/07/2018 10:34:12 AM	3613509252	1013.00	29.03	26.12	82.3	29.00	26.12	82.6	27.95	26.12	91.0	29.39	26.12	79.7
4/07/2018 10:34:13 AM	3613509253	1013.00	29.05	26.12	82.2	29.05	26.12	82.2	27.93	26.12	91.1	29.43	26.12	79.4
4/07/2018 10:34:14 AM	3613509254	1013.00	29.07	26.12	82.0	29.01	26.12	82.5	27.98	26.12	90.7	29.42	26.12	79.5
4/07/2018 10:34:15 AM	3613509255	1013.00	29.05	26.13	82.2	29.05	26.13	82.2	27.95	26.13	90.9	29.40	26.13	79.6
4/07/2018 10:34:16 AM	3613509256	1013.00	29.11	26.12	81.7	29.04	26.12	82.3	27.92	26.12	91.2	29.42	26.12	79.5
4/07/2018 10:34:17 AM	3613509257	1013.00	29.07	26.12	82.0	29.07	26.12	82.0	27.94	26.12	91.0	29.43	26.12	79.4
4/07/2018 10:34:18 AM	3613509258	1013.00	29.03	26.12	82.3	29.07	26.12	82.0	28.00	26.12	90.5	29.45	26.12	79.3
4/07/2018 10:34:19 AM	3613509259	1013.00	29.04	26.12	82.3	29.07	26.12	82.0	27.93	26.12	91.1	29.43	26.12	79.4
4/07/2018 10:34:20 AM	3613509260	1013.00	29.04	26.12	82.3	29.06	26.12	82.1	27.96	26.12	90.9	29.40	26.12	79.6
4/07/2018 10:34:21 AM	3613509261	1013.00	29.06	26.12	82.1	29.06	26.12	82.1	27.98	26.12	90.7	29.38	26.12	79.8
4/07/2018 10:34:22 AM	3613509262	1013.00	29.04	26.12	82.3	29.07	26.12	82.0	27.98	26.12	90.7	29.40	26.12	79.6
4/07/2018 10:34:23 AM	3613509263	1013.00	29.10	26.13	81.8	29.12	26.13	81.7	27.96	26.13	90.9	29.45	26.13	79.2
4/07/2018 10:34:24 AM	3613509264	1013.00	29.12	26.13	81.7	29.11	26.13	81.7	27.97	26.13	90.8	29.38	26.13	79.8
4/07/2018 10:34:25 AM	3613509265	1013.00	29.06	26.13	82.1	29.10	26.13	81.8	27.94	26.13	91.0	29.44	26.13	79.3
4/07/2018 10:34:26 AM	3613509266	1013.00	29.10	26.13	81.8	29.11	26.13	81.7	27.97	26.13	90.8	29.45	26.13	79.2
4/07/2018 10:34:27 AM	3613509267	1013.00	29.07	26.13	82.0	29.15	26.13	81.4	27.99	26.13	90.6	29.44	26.13	79.3
4/07/2018 10:34:28 AM	3613509268	1013.00	29.05	26.13	82.2	29.11	26.13	81.7	27.96	26.13	90.9	29.48	26.13	79.0
4/07/2018 10:34:29 AM	3613509269	1013.00	29.09	26.13	81.9	29.18	26.13	81.2	27.98	26.13	90.7	29.43	26.13	79.4
4/07/2018 10:34:30 AM	3613509270	1013.00	29.07	26.13	82.0	29.17	26.13	81.3	27.98	26.13	90.7	29.42	26.13	79.5
4/07/2018 10:34:31 AM	3613509271	1013.00	29.09	26.13	81.9	29.12	26.13	81.7	27.98	26.13	90.7	29.43	26.13	79.4
4/07/2018 10:34:32 AM	3613509272	1013.00	29.10	26.13	81.8	29.10	26.13	81.8	28.02	26.13	90.3	29.42	26.13	79.5
4/07/2018 10:34:33 AM	3613509273	1013.00	29.08	26.13	82.0	29.15	26.13	81.4	28.01	26.13	90.4	29.49	26.13	79.0
4/07/2018 10:34:34 AM	3613509274	1013.00	29.11	26.13	81.7	29.15	26.13	81.4	27.99	26.13	90.6	29.44	26.13	79.3
4/07/2018 10:34:35 AM	3613509275	1013.00	29.07	26.13	82.0	29.17	26.13	81.3	28.02	26.13	90.3	29.43	26.13	79.4
4/07/2018 10:34:36 AM	3613509276	1013.00	29.08	26.13	82.0	29.13	26.13	81.6	27.96	26.13	90.9	29.41	26.13	79.5
4/07/2018 10:34:37 AM	3613509277	1013.00	29.07	26.13	82.0	29.16	26.13	81.4	28.01	26.13	90.4	29.38	26.13	79.8
4/07/2018 10:34:38 AM	3613509278	1013.00	29.06	26.13	82.1	29.17	26.13	81.3	28.00	26.13	90.5	29.38	26.13	79.8
4/07/2018 10:34:39 AM	3613509279	1013.00	29.05	26.13	82.2	29.15	26.13	81.4	28.00	26.13	90.5	29.41	26.13	79.5
4/07/2018 10:34:40 AM	3613509280	1013.00	29.12	26.13	81.7	29.17	26.13	81.3	28.00	26.13	90.5	29.43	26.13	79.4
4/07/2018 10:34:41 AM	3613509281	1013.00	29.11	26.13	81.7	29.16	26.13	81.4	27.93	26.13	91.1	29.41	26.13	79.5
4/07/2018 10:34:42 AM	3613509282	1013.00	29.08	26.13	82.0	29.21	26.13	81.0	28.01	26.13	90.4	29.45	26.13	79.2
4/07/2018 10:34:43 AM	3613509283	1013.00	29.09	26.13	81.9	29.20	26.13	81.1	28.05	26.13	90.1	29.47	26.13	79.1
4/07/2018 10:34:44 AM	3613509284	1013.00	29.13	26.13	81.6	29.18	26.13	81.2	28.01	26.13	90.4	29.46	26.13	79.2
4/07/2018 10:34:45 AM	3613509285	1013.00	29.13	26.12	81.6	29.13	26.12	81.6	28.03	26.12	90.3	29.47	26.12	79.1
4/07/2018 10:34:46 AM	3613509286	1013.00	29.12	26.13	81.7	29.18	26.13	81.2	28.02	26.13	90.3	29.46	26.13	79.2
4/07/2018 10:34:47 AM	3613509287	1013.00	29.17	26.13	81.3	29.21	26.13	81.0	28.00	26.13	90.5	29.45	26.13	79.2
4/07/2018 10:34:48 AM	3613509288	1013.00	29.15	26.13	81.4	29.14	26.13	81.5	28.02	26.13	90.3	29.44	26.13	79.3
4/07/2018 10:34:49 AM	3613509289	1013.00	29.11	26.14	81.7	29.21	26.14	81.0	28.03	26.14	90.2	29.46	26.14	79.2
4/07/2018 10:34:50 AM	3613509290	1013.00	29.16	26.14	81.3	29.17	26.14	81.3	28.03	26.14	90.2	29.53	26.14	78.7
4/07/2018 10:34:51 AM	3613509291	1013.00	29.17	26.14	81.3	29.16	26.14	81.3	28.04	26.14	90.2	29.52	26.14	78.7
4/07/2018 10:34:52 AM	3613509292	1013.00	29.17	26.14	81.3	29.18	26.14	81.2	28.03	26.14	90.2	29.46	26.14	79.2
4/07/2018 10:34:53 AM	3613509293	1013.00	29.14	26.15	81.5	29.21	26.15	81.0	28.01	26.15	90.4	29.51	26.15	78.8
4/07/2018 10:34:54 AM	3613509294	1013.00	29.20	26.15	81.0	29.16	26.15	81.3	28.02	26.15	90.3	29.51	26.15	78.8
4/07/2018 10:34:55 AM	3613509295	1013.00	29.16	26.14	81.3	29.19	26.14	81.1	28.01	26.14	90.4	29.50	26.14	78.9
4/07/2018 10:34:56 AM	3613509296	1013.00	29.13	26.14	81.6	29.17	26.14	81.3	28.06	26.14	90.0	29.52	26.14	78.7
4/07/2018 10:34:57 AM	3613509297	1013.00	29.16	26.13	81.4	29.19	26.13	81.1	28.09	26.13	89.8	29.52	26.13	78.8
4/07/2018 10:34:58 AM	3613509298	1013.00	29.14	26.13	81.5	29.16	26.13	81.4	28.09	26.13	89.8	29.51	26.13	78.8
4/07/2018 10:34:59 AM	3613509299	1013.00	29.18	26.13	81.2	29.18	26.13	81.2	28.05	26.13	90.1	29.54	26.13	78.6
4/07/2018 10:35:00 AM	3613509300	1013.00	29.18	26.13	81.2	29.18	26.13	81.2	28.04	26.13	90.2	29.55	26.13	78.5
4/07/2018 10:35:01 AM	3613509301	1013.00	29.19	26.13	81.1	29.22	26.13	80.9	28.05	26.13	90.1	29.50	26.13	78.9
4/07/2018 10:35:02 AM	3613509302	1013.00	29.20	26.14	81.1	29.21	26.14	81.0	28.02	26.14	90.3	29.55	26.14	78.5
4/07/2018 10:35:03 AM	3613509303	1013.00	29.20	26.13	81.1	29.19	26.13	81.1	28.02	26.13	90.3	29.48	26.13	79.0
4/07/2018 10:35:04 AM	3613509304	1013.00	29.22	26.14	80.9	29.25	26.14	80.7	28.09	26.14	89.7	29.51	26.14	78.8
4/07/2018 10:35:05 AM	3613509305	1013.00	29.17	26.14	81.3	29.21	26.14	81.0	28.06	26.14	90.0	29.48	26.14	79.0
4/07/2018 10:35:06 AM	3613509306	1013.00	29.19	26.13	81.1	29.19	26.13	81.1	28.04	26.13	90.2	29.49	26.13	79.0
4/07/2018 10:35:07 AM	3613509307	1013.00	29.23	26.14	80.8	29.15	26.14	81.4	28.03	26.14	90.2	29.48	26.14	79.0
4/07/2018 10:35:08 AM	3613509308	1013.00	29.19	26.14	81.1	29.20	26.14	81.1	28.04	26.14	90.2	29.52	26.14	78.7
4/07/2018 10:35:09 AM	3613509309	1013.00	29.21	26.14	81.0	29.16	26.14	81.3	28.06	26.14	90.0	29.51	26.14	78.8
4/07/2018 10:35:10 AM	3613509310	1013.00	29.25	26.14	80.7	29.19	26.14	81.1	28.07	26.14	89.9	29.56	26.14	78.5
4/07/2018 10:35:11 AM	3613509311	1013.00	29.19	26.14	81.1	29.22	26.14	80.9	28.08	26.14	89.8	29.51	26.14	78.8
4/07/2018 10:35:12 AM	3613509312	1013.00	29.24	26.14	80.8	29.24	26.14	80.8	28.10	26.14	89.7	29.59	26.14	78.2
4/07/2018 10:35:13 AM	3613509313	1013.00	29.21	26.14	81.0	29.25	26.14	80.7	28.14	26.14	89.3	29.53	26.14	78.7
4/07/2018 10:35:14 AM	3613509314	1013.00	29.25	26.14	80.7	29.22	26.14	80.9	28.08	26.14	89.8	29.55	26.14	78.5
4/07/2018 10:35:15 AM	3613509315	1013.00	29.19	26.14	81.1	29.24	26.14	80.8	28.08	26.14	89.8	29.54	26.14	78.6
4/07/2018 10:35:16 AM	3613509316	1013.00	29.21	26.15	81.0	29.23	26.15	80.8	28.09	26.15	89.7	29.58	26.15	78.3
4/07/2018 10:35:17 AM	3613509317	1013.00	29.23	26.14	80.8	29.26	26.14	80.6	28.04	26.14	90.2	29.54	26.14	78.6
4/07/2018 10:35:18 AM	3613509318	1013.00	29.20	26.14	81.1	29.22	26.14	80.9	28.10	26.14	89.7	29.64	26.14	77.9
4/07/2018 10:35:19 AM	3613509319	1013.00	29.23	26.14	80.8	29.18	26.14	81.2	28.09	26.14	89.7	29.59	26.14	78.2
4/07/2018 10:35:20 AM	3613509320	1013.00	29.26	26.13	80.6	29.23	26.13	80.8	28.07	26.13	89.9	29.56	26.13	78.5
4/07/2018 10:35:21 AM	3613509321	1013.00	29.20	26.13	81.1	29.20	26.13	81.1	28.09	26.13	89.8	29.55	26.13	78.5
4/07/2018 10:35:22 AM	3613509322	1013.00	29.22	26.13	80.9	29.22	26.13	80.9	28.09	26.13	89.8	29.50	26.13	78.9
4/07/2018 10:35:23 AM	3613509323	1013.00	29.24	26.13	80.8	29.28	26.13	80.5	28.08	26.13	89.8	29.57	26.13	78.4
4/07/2018 10:35:24 AM	3613509324	1013.00	29.26	26.13	80.6	29.26	26.13	80.6	28.06	26.13	90.0	29.57	26.13	78.4
4/07/2018 10:35:25 AM	3613509325	1013.00	29.27	26.14	80.5	29.17	26.14	81.3	28.10	26.14	89.7	29.54	26.14	78.6
4/07/2018 10:35:26 AM	3613509326	1013.00	29.24	26.13	80.8	29.18	26.13	81.2	28.09	26.13	89.8	29.60	26.13	78.2
4/07/2018 10:35:27 AM	3613509327	1013.00	29.24	26.13	80.8	29.22	26.13	80.9	28.11	26.13	89.6	29.57	26.13	78.4
4/07/2018 10:35:28 AM	3613509328	1013.00	29.26	26.14	80.6	29.27	26.14	80.5	28.11	26.14	89.6	29.62	26.14	78.0
4/07/2018 10:35:29 AM	3613509329	1013.00	29.27	26.14	80.5	29.22	26.14	80.9	28.14	26.14	89.3	29.59	26.14	78.2
4/07/2018 10:35:30 AM	3613509330	1013.00	29.23	26.14	80.8	29.25	26.14	80.7	28.10	26.14	89.7	29.64	26.14	77.9
4/07/2018 10:35:31 AM	3613509331	1013.00	29.25	26.14	80.7	29.21	26.14	81.0	28.13	26.14	89.4	29.62	26.14	78.0
4/07/2018 10:35:32 AM	3613509332	1013.00	29.27	26.14	80.5	29.21	26.14	81.0	28.13	26.14	89.4	29.63	26.14	78.0
4/07/2018 10:35:33 AM	3613509333	1013.00	29.28	26.13	80.5	29.26	26.13	80.6	28.14	26.13	89.3	29.65	26.13	77.8
4/07/2018 10:35:34 AM	3613509334	1013.00	29.29	26.13	80.4	29.24	26.13	80.8	28.11	26.13	89.6	29.63	26.13	78.0
4/07/2018 10:35:35 AM	3613509335	1013.00	29.27	26.13	80.6	29.28	26.13	80.5	28.13	26.13	89.4	29.66	26.13	77.8
4/07/2018 10:35:36 AM	3613509336	1013.00	29.25	26.13	80.7	29.25	26.13	80.7	28.14	26.13	89.3	29.69	26.13	77.6
4/07/2018 10:35:37 AM	3613509337	1013.00	29.26	26.13	80.6	29.26	26.13	80.6	28.10	26.13	89.7	29.70	26.13	77.5
4/07/2018 10:35:38 AM	3613509338	1013.00	29.28	26.13	80.5	29.31	26.13	80.3	28.14	26.13	89.3	29.68	26.13	77.6
4/07/2018 10:35:39 AM	3613509339	1013.00	29.30	26.14	80.3	29.27	26.14	80.5	28.13	26.14	89.4	29.72	26.14	77.3
4/07/2018 10:35:40 AM	3613509340	1013.00	29.30	26.14	80.3	29.27	26.14	80.5	28.13	26.14	89.4	29.74	26.14	77.2
4/07/2018 10:35:41 AM	3613509341	1013.00	29.32	26.13	80.2	29.25	26.13	80.7	28.15	26.13	89.3	29.70	26.13	77.5
4/07/2018 10:35:42 AM	3613509342	1013.00	29.33	26.14	80.1	29.28	26.14	80.5	28.15	26.14	89.2	29.70	26.14	77.5
4/07/2018 10:35:43 AM	3613509343	1013.00	29.30	26.14	80.3	29.30	26.14	80.3	28.16	26.14	89.2	29.72	26.14	77.3
4/07/2018 10:35:44 AM	3613509344	1013.00	29.27	26.14	80.5	29.31	26.14	80.2	28.16	26.14	89.2	29.76	26.14	77.1
4/07/2018 10:35:45 AM	3613509345	1013.00	29.32	26.14	80.2	29.31	26.14	80.2	28.11	26.14	89.6	29.75	26.14	77.1
4/07/2018 10:35:46 AM	3613509346	1013.00	29.33	26.15	80.1	29.30	26.15	80.3	28.15	26.15	89.2	29.77	26.15	77.0
4/07/2018 10:35:47 AM	3613509347	1013.00	29.31	26.14	80.2	29.33	26.14	80.1	28.10	26.14	89.7	29.77	26.14	77.0
4/07/2018 10:35:48 AM	3613509348	1013.00	29.35	26.15	79.9	29.35	26.15	79.9	28.16	26.15	89.2	29.78	26.15	76.9
4/07/2018 10:35:49 AM	3613509349	1013.00	29.34	26.15	80.0	29.30	26.15	80.3	28.18	26.15	89.0	29.75	26.15	77.1
4/07/2018 10:35:50 AM	3613509350	1013.00	29.33	26.14	80.1	29.30	26.14	80.3	28.15	26.14	89.2	29.77	26.14	77.0
