Date & time of file creation	4/07/2018 1:18 PM													
Data file path	C:\Users\ameli\Desktop\Diego Barneche\04_07_2018\26_C_new_witrox_21.txt													
														
														
CALIBRATION DATA														
Parameter/Channel	N moving average	LO phase [r.U.]	HI phase [r.U.]	LO oxygen [%air saturation]	HI oxygen [%air saturation]	LO temperature [°C]	HI temperature [°C]	Salinity [‰]						
SDWD0003000199      , CH 1	1	59.46	26.95	0.00	100.00	26.00	26.08	0.000						
SDWD0003000199      , CH 2	1	59.46	26.95	0.00	100.00	26.00	26.08	0.000						
SDWD0003000199      , CH 3	1	59.46	26.95	0.00	100.00	26.00	26.08	0.000						
SDWD0003000199      , CH 4	1	59.46	26.95	0.00	100.00	26.00	26.08	0.000						
														
														
Date &Time [DD-MM-YYYY HH:MM:SS]	Time stamp code	Barometric pressure [hPa]	SDWD0003000199      , CH 1 phase [r.U.]	SDWD0003000199      , CH 1 temp [°C]	SDWD0003000199      , CH 1 O2 [% air saturation]	SDWD0003000199      , CH 2 phase [r.U.]	SDWD0003000199      , CH 2 temp [°C]	SDWD0003000199      , CH 2 O2 [% air saturation]	SDWD0003000199      , CH 3 phase [r.U.]	SDWD0003000199      , CH 3 temp [°C]	SDWD0003000199      , CH 3 O2 [% air saturation]	SDWD0003000199      , CH 4 phase [r.U.]	SDWD0003000199      , CH 4 temp [°C]	SDWD0003000199      , CH 4 O2 [% air saturation]
4/07/2018 1:19:36 PM	3613519176	1013.00	27.71	26.20	92.9	27.58	26.20	94.0	27.22	26.20	97.3	27.07	26.20	98.7
4/07/2018 1:19:37 PM	3613519177	1013.00	27.73	26.20	92.7	27.60	26.20	93.8	27.25	26.20	97.0	27.17	26.20	97.7
4/07/2018 1:19:38 PM	3613519178	1013.00	27.71	26.20	92.9	27.63	26.20	93.6	27.20	26.20	97.5	27.08	26.20	98.6
4/07/2018 1:19:39 PM	3613519179	1013.00	27.71	26.19	92.9	27.60	26.19	93.9	27.23	26.19	97.2	27.11	26.19	98.3
4/07/2018 1:19:40 PM	3613519180	1013.00	27.68	26.20	93.1	27.61	26.20	93.8	27.23	26.20	97.2	27.18	26.20	97.6
4/07/2018 1:19:41 PM	3613519181	1013.00	27.71	26.20	92.9	27.65	26.20	93.4	27.21	26.20	97.4	27.11	26.20	98.3
4/07/2018 1:19:42 PM	3613519182	1013.00	27.66	26.20	93.3	27.60	26.20	93.8	27.22	26.20	97.3	27.10	26.20	98.4
4/07/2018 1:19:43 PM	3613519183	1013.00	27.68	26.20	93.1	27.65	26.20	93.4	27.28	26.20	96.7	27.13	26.20	98.1
4/07/2018 1:19:44 PM	3613519184	1013.00	27.66	26.20	93.3	27.57	26.20	94.1	27.29	26.20	96.6	27.11	26.20	98.3
4/07/2018 1:19:45 PM	3613519185	1013.00	27.67	26.20	93.2	27.63	26.20	93.6	27.23	26.20	97.2	27.23	26.20	97.2
4/07/2018 1:19:46 PM	3613519186	1013.00	27.69	26.20	93.1	27.53	26.20	94.5	27.27	26.20	96.8	27.10	26.20	98.4
4/07/2018 1:19:47 PM	3613519187	1013.00	27.70	26.20	93.0	27.62	26.20	93.7	27.24	26.20	97.1	27.20	26.20	97.5
4/07/2018 1:19:48 PM	3613519188	1013.00	27.75	26.20	92.5	27.60	26.20	93.8	27.23	26.20	97.2	27.12	26.20	98.2
4/07/2018 1:19:49 PM	3613519189	1013.00	27.69	26.20	93.1	27.55	26.20	94.3	27.23	26.20	97.2	27.11	26.20	98.3
4/07/2018 1:19:50 PM	3613519190	1013.00	27.71	26.20	92.9	27.58	26.20	94.0	27.22	26.20	97.3	27.11	26.20	98.3
4/07/2018 1:19:51 PM	3613519191	1013.00	27.69	26.20	93.1	27.57	26.20	94.1	27.25	26.20	97.0	27.12	26.20	98.2
4/07/2018 1:19:52 PM	3613519192	1013.00	27.70	26.20	93.0	27.53	26.20	94.5	27.25	26.20	97.0	27.15	26.20	97.9
4/07/2018 1:19:53 PM	3613519193	1013.00	27.68	26.20	93.1	27.59	26.20	93.9	27.22	26.20	97.3	27.15	26.20	97.9
4/07/2018 1:19:54 PM	3613519194	1013.00	27.73	26.20	92.7	27.56	26.20	94.2	27.26	26.20	96.9	27.12	26.20	98.2
4/07/2018 1:19:55 PM	3613519195	1013.00	27.70	26.20	93.0	27.57	26.20	94.1	27.26	26.20	96.9	27.10	26.20	98.4
4/07/2018 1:19:56 PM	3613519196	1013.00	27.71	26.20	92.9	27.59	26.20	93.9	27.25	26.20	97.0	27.13	26.20	98.1
4/07/2018 1:19:57 PM	3613519197	1013.00	27.74	26.20	92.6	27.61	26.20	93.8	27.20	26.20	97.5	27.15	26.20	97.9
4/07/2018 1:19:58 PM	3613519198	1013.00	27.71	26.20	92.9	27.62	26.20	93.7	27.25	26.20	97.0	27.13	26.20	98.1
4/07/2018 1:19:59 PM	3613519199	1013.00	27.68	26.21	93.1	27.59	26.21	93.9	27.27	26.21	96.8	27.15	26.21	97.9
4/07/2018 1:20:00 PM	3613519200	1013.00	27.69	26.20	93.1	27.59	26.20	93.9	27.24	26.20	97.1	27.17	26.20	97.7
4/07/2018 1:20:01 PM	3613519201	1013.00	27.66	26.20	93.3	27.56	26.20	94.2	27.24	26.20	97.1	27.14	26.20	98.0
4/07/2018 1:20:02 PM	3613519202	1013.00	27.68	26.20	93.1	27.57	26.20	94.1	27.25	26.20	97.0	27.18	26.20	97.6
4/07/2018 1:20:03 PM	3613519203	1013.00	27.70	26.20	93.0	27.59	26.20	93.9	27.26	26.20	96.9	27.10	26.20	98.4
4/07/2018 1:20:04 PM	3613519204	1013.00	27.75	26.20	92.5	27.61	26.20	93.8	27.22	26.20	97.3	27.20	26.20	97.5
4/07/2018 1:20:05 PM	3613519205	1013.00	27.74	26.20	92.6	27.66	26.20	93.3	27.25	26.20	97.0	27.11	26.20	98.3
4/07/2018 1:20:06 PM	3613519206	1013.00	27.73	26.20	92.7	27.62	26.20	93.7	27.23	26.20	97.2	27.18	26.20	97.6
4/07/2018 1:20:07 PM	3613519207	1013.00	27.70	26.20	93.0	27.66	26.20	93.3	27.27	26.20	96.8	27.16	26.20	97.8
4/07/2018 1:20:08 PM	3613519208	1013.00	27.72	26.20	92.8	27.66	26.20	93.3	27.24	26.20	97.1	27.24	26.20	97.1
4/07/2018 1:20:09 PM	3613519209	1013.00	27.67	26.20	93.2	27.63	26.20	93.6	27.24	26.20	97.1	27.21	26.20	97.4
4/07/2018 1:20:10 PM	3613519210	1013.00	27.68	26.20	93.1	27.68	26.20	93.1	27.22	26.20	97.3	27.29	26.20	96.6
4/07/2018 1:20:11 PM	3613519211	1013.00	27.68	26.20	93.1	27.63	26.20	93.6	27.26	26.20	96.9	27.26	26.20	96.9
4/07/2018 1:20:12 PM	3613519212	1013.00	27.71	26.20	92.9	27.62	26.20	93.7	27.23	26.20	97.2	27.28	26.20	96.7
4/07/2018 1:20:13 PM	3613519213	1013.00	27.72	26.20	92.8	27.65	26.20	93.4	27.30	26.20	96.5	27.29	26.20	96.6
4/07/2018 1:20:14 PM	3613519214	1013.00	27.69	26.20	93.1	27.65	26.20	93.4	27.24	26.20	97.1	27.33	26.20	96.3
4/07/2018 1:20:15 PM	3613519215	1013.00	27.66	26.20	93.3	27.64	26.20	93.5	27.28	26.20	96.7	27.31	26.20	96.4
4/07/2018 1:20:16 PM	3613519216	1013.00	27.73	26.20	92.7	27.61	26.20	93.8	27.24	26.20	97.1	27.36	26.20	96.0
4/07/2018 1:20:17 PM	3613519217	1013.00	27.69	26.20	93.1	27.68	26.20	93.1	27.27	26.20	96.8	27.37	26.20	95.9
4/07/2018 1:20:18 PM	3613519218	1013.00	27.71	26.20	92.9	27.63	26.20	93.6	27.26	26.20	96.9	27.32	26.20	96.4
4/07/2018 1:20:19 PM	3613519219	1013.00	27.70	26.20	93.0	27.66	26.20	93.3	27.23	26.20	97.2	27.45	26.20	95.2
4/07/2018 1:20:20 PM	3613519220	1013.00	27.69	26.20	93.1	27.67	26.20	93.2	27.25	26.20	97.0	27.43	26.20	95.4
4/07/2018 1:20:21 PM	3613519221	1013.00	27.69	26.20	93.1	27.65	26.20	93.4	27.27	26.20	96.8	27.50	26.20	94.7
4/07/2018 1:20:22 PM	3613519222	1013.00	27.71	26.21	92.9	27.59	26.21	93.9	27.26	26.21	96.9	27.52	26.21	94.5
4/07/2018 1:20:23 PM	3613519223	1013.00	27.68	26.20	93.1	27.70	26.20	93.0	27.22	26.20	97.3	27.54	26.20	94.4
4/07/2018 1:20:24 PM	3613519224	1013.00	27.69	26.20	93.1	27.65	26.20	93.4	27.23	26.20	97.2	27.56	26.20	94.2
4/07/2018 1:20:25 PM	3613519225	1013.00	27.75	26.20	92.5	27.66	26.20	93.3	27.27	26.20	96.8	27.65	26.20	93.4
4/07/2018 1:20:26 PM	3613519226	1013.00	27.72	26.20	92.8	27.67	26.20	93.2	27.28	26.20	96.7	27.59	26.20	93.9
4/07/2018 1:20:27 PM	3613519227	1013.00	27.74	26.20	92.6	27.64	26.20	93.5	27.22	26.20	97.3	27.63	26.20	93.6
4/07/2018 1:20:28 PM	3613519228	1013.00	27.71	26.20	92.9	27.65	26.20	93.4	27.24	26.20	97.1	27.66	26.20	93.3
4/07/2018 1:20:29 PM	3613519229	1013.00	27.79	26.20	92.2	27.69	26.20	93.1	27.29	26.20	96.6	27.73	26.20	92.7
4/07/2018 1:20:30 PM	3613519230	1013.00	27.74	26.20	92.6	27.70	26.20	93.0	27.23	26.20	97.2	27.70	26.20	93.0
4/07/2018 1:20:31 PM	3613519231	1013.00	27.72	26.20	92.8	27.70	26.20	93.0	27.23	26.20	97.2	27.75	26.20	92.5
4/07/2018 1:20:32 PM	3613519232	1013.00	27.75	26.20	92.5	27.71	26.20	92.9	27.24	26.20	97.1	27.81	26.20	92.0
4/07/2018 1:20:33 PM	3613519233	1013.00	27.77	26.21	92.4	27.73	26.21	92.7	27.28	26.21	96.7	27.81	26.21	92.0
4/07/2018 1:20:34 PM	3613519234	1013.00	27.74	26.21	92.6	27.73	26.21	92.7	27.26	26.21	96.9	27.81	26.21	92.0
4/07/2018 1:20:35 PM	3613519235	1013.00	27.77	26.21	92.4	27.72	26.21	92.8	27.25	26.21	97.0	27.85	26.21	91.7
4/07/2018 1:20:36 PM	3613519236	1013.00	27.76	26.21	92.4	27.72	26.21	92.8	27.22	26.21	97.3	27.90	26.21	91.2
4/07/2018 1:20:37 PM	3613519237	1013.00	27.76	26.20	92.5	27.70	26.20	93.0	27.24	26.20	97.1	27.92	26.20	91.1
4/07/2018 1:20:38 PM	3613519238	1013.00	27.74	26.19	92.6	27.71	26.19	92.9	27.33	26.19	96.3	27.95	26.19	90.8
4/07/2018 1:20:39 PM	3613519239	1013.00	27.74	26.19	92.6	27.65	26.19	93.4	27.24	26.19	97.1	27.99	26.19	90.5
4/07/2018 1:20:40 PM	3613519240	1013.00	27.76	26.19	92.5	27.69	26.19	93.1	27.27	26.19	96.8	27.96	26.19	90.8
4/07/2018 1:20:41 PM	3613519241	1013.00	27.77	26.19	92.4	27.76	26.19	92.5	27.24	26.19	97.1	27.99	26.19	90.5
4/07/2018 1:20:42 PM	3613519242	1013.00	27.82	26.19	92.0	27.70	26.19	93.0	27.28	26.19	96.7	28.01	26.19	90.3
4/07/2018 1:20:43 PM	3613519243	1013.00	27.75	26.19	92.6	27.74	26.19	92.6	27.27	26.19	96.8	28.11	26.19	89.5
4/07/2018 1:20:44 PM	3613519244	1013.00	27.75	26.20	92.5	27.68	26.20	93.1	27.28	26.20	96.7	28.04	26.20	90.1
4/07/2018 1:20:45 PM	3613519245	1013.00	27.78	26.20	92.3	27.68	26.20	93.1	27.28	26.20	96.7	28.13	26.20	89.3
4/07/2018 1:20:46 PM	3613519246	1013.00	27.77	26.20	92.4	27.65	26.20	93.4	27.27	26.20	96.8	28.11	26.20	89.5
4/07/2018 1:20:47 PM	3613519247	1013.00	27.78	26.21	92.3	27.70	26.21	93.0	27.26	26.21	96.9	28.10	26.21	89.6
4/07/2018 1:20:48 PM	3613519248	1013.00	27.78	26.21	92.3	27.67	26.21	93.2	27.24	26.21	97.1	28.15	26.21	89.1
4/07/2018 1:20:49 PM	3613519249	1013.00	27.81	26.21	92.0	27.71	26.21	92.9	27.25	26.21	97.0	28.21	26.21	88.6
4/07/2018 1:20:50 PM	3613519250	1013.00	27.75	26.20	92.5	27.75	26.20	92.5	27.22	26.20	97.3	28.21	26.20	88.7
4/07/2018 1:20:51 PM	3613519251	1013.00	27.79	26.20	92.2	27.69	26.20	93.1	27.30	26.20	96.5	28.25	26.20	88.3
4/07/2018 1:20:52 PM	3613519252	1013.00	27.79	26.20	92.2	27.71	26.20	92.9	27.27	26.20	96.8	28.23	26.20	88.5
4/07/2018 1:20:53 PM	3613519253	1013.00	27.76	26.20	92.5	27.72	26.20	92.8	27.27	26.20	96.8	28.22	26.20	88.6
4/07/2018 1:20:54 PM	3613519254	1013.00	27.81	26.20	92.0	27.75	26.20	92.5	27.24	26.20	97.1	28.33	26.20	87.7
4/07/2018 1:20:55 PM	3613519255	1013.00	27.78	26.20	92.3	27.68	26.20	93.1	27.30	26.20	96.5	28.30	26.20	87.9
4/07/2018 1:20:56 PM	3613519256	1013.00	27.80	26.20	92.1	27.71	26.20	92.9	27.24	26.20	97.1	28.35	26.20	87.5
4/07/2018 1:20:57 PM	3613519257	1013.00	27.81	26.20	92.0	27.71	26.20	92.9	27.26	26.20	96.9	28.40	26.20	87.1
4/07/2018 1:20:58 PM	3613519258	1013.00	27.80	26.19	92.1	27.75	26.19	92.6	27.25	26.19	97.0	28.40	26.19	87.1
4/07/2018 1:20:59 PM	3613519259	1013.00	27.77	26.19	92.4	27.70	26.19	93.0	27.27	26.19	96.8	28.38	26.19	87.3
4/07/2018 1:21:00 PM	3613519260	1013.00	27.82	26.19	92.0	27.76	26.19	92.5	27.31	26.19	96.5	28.44	26.19	86.8
4/07/2018 1:21:01 PM	3613519261	1013.00	27.80	26.19	92.1	27.74	26.19	92.6	27.26	26.19	96.9	28.49	26.19	86.4
4/07/2018 1:21:02 PM	3613519262	1013.00	27.85	26.20	91.7	27.72	26.20	92.8	27.26	26.20	96.9	28.43	26.20	86.9
4/07/2018 1:21:03 PM	3613519263	1013.00	27.81	26.20	92.0	27.67	26.20	93.2	27.21	26.20	97.4	28.55	26.20	85.9
4/07/2018 1:21:04 PM	3613519264	1013.00	27.79	26.20	92.2	27.69	26.20	93.1	27.23	26.20	97.2	28.55	26.20	85.9
4/07/2018 1:21:05 PM	3613519265	1013.00	27.84	26.20	91.8	27.74	26.20	92.6	27.25	26.20	97.0	28.54	26.20	86.0
4/07/2018 1:21:06 PM	3613519266	1013.00	27.82	26.21	91.9	27.69	26.21	93.0	27.24	26.21	97.1	28.58	26.21	85.7
4/07/2018 1:21:07 PM	3613519267	1013.00	27.74	26.21	92.6	27.74	26.21	92.6	27.22	26.21	97.3	28.65	26.21	85.1
4/07/2018 1:21:08 PM	3613519268	1013.00	27.85	26.21	91.7	27.75	26.21	92.5	27.23	26.21	97.2	28.58	26.21	85.7
4/07/2018 1:21:09 PM	3613519269	1013.00	27.82	26.21	91.9	27.71	26.21	92.9	27.27	26.21	96.8	28.66	26.21	85.0
4/07/2018 1:21:10 PM	3613519270	1013.00	27.88	26.20	91.4	27.72	26.20	92.8	27.25	26.20	97.0	28.64	26.20	85.2
4/07/2018 1:21:11 PM	3613519271	1013.00	27.83	26.20	91.9	27.73	26.20	92.7	27.26	26.20	96.9	28.68	26.20	84.9
4/07/2018 1:21:12 PM	3613519272	1013.00	27.79	26.20	92.2	27.79	26.20	92.2	27.29	26.20	96.6	28.70	26.20	84.7
4/07/2018 1:21:13 PM	3613519273	1013.00	27.84	26.20	91.8	27.75	26.20	92.5	27.28	26.20	96.7	28.77	26.20	84.2
4/07/2018 1:21:14 PM	3613519274	1013.00	27.82	26.20	91.9	27.75	26.20	92.5	27.26	26.20	96.9	28.76	26.20	84.3
4/07/2018 1:21:15 PM	3613519275	1013.00	27.86	26.20	91.6	27.72	26.20	92.8	27.26	26.20	96.9	28.77	26.20	84.2
4/07/2018 1:21:16 PM	3613519276	1013.00	27.81	26.20	92.0	27.73	26.20	92.7	27.23	26.20	97.2	28.79	26.20	84.1
4/07/2018 1:21:17 PM	3613519277	1013.00	27.83	26.20	91.9	27.76	26.20	92.5	27.24	26.20	97.1	28.85	26.20	83.6
4/07/2018 1:21:18 PM	3613519278	1013.00	27.86	26.20	91.6	27.82	26.20	91.9	27.26	26.20	96.9	28.86	26.20	83.5
4/07/2018 1:21:19 PM	3613519279	1013.00	27.87	26.20	91.5	27.71	26.20	92.9	27.29	26.20	96.6	28.85	26.20	83.6
4/07/2018 1:21:20 PM	3613519280	1013.00	27.84	26.20	91.8	27.79	26.20	92.2	27.26	26.20	96.9	28.86	26.20	83.5
4/07/2018 1:21:21 PM	3613519281	1013.00	27.85	26.20	91.7	27.74	26.20	92.6	27.23	26.20	97.2	28.90	26.20	83.2
4/07/2018 1:21:22 PM	3613519282	1013.00	27.87	26.20	91.5	27.71	26.20	92.9	27.29	26.20	96.6	28.94	26.20	82.9
4/07/2018 1:21:23 PM	3613519283	1013.00	27.82	26.20	91.9	27.76	26.20	92.5	27.26	26.20	96.9	28.92	26.20	83.1
4/07/2018 1:21:24 PM	3613519284	1013.00	27.87	26.19	91.5	27.78	26.19	92.3	27.23	26.19	97.2	28.96	26.19	82.8
4/07/2018 1:21:25 PM	3613519285	1013.00	27.88	26.19	91.4	27.75	26.19	92.6	27.28	26.19	96.7	28.95	26.19	82.8
4/07/2018 1:21:26 PM	3613519286	1013.00	27.85	26.19	91.7	27.73	26.19	92.7	27.29	26.19	96.6	29.01	26.19	82.4
4/07/2018 1:21:27 PM	3613519287	1013.00	27.89	26.19	91.4	27.75	26.19	92.6	27.26	26.19	96.9	29.02	26.19	82.3
4/07/2018 1:21:28 PM	3613519288	1013.00	27.90	26.19	91.3	27.78	26.19	92.3	27.27	26.19	96.8	29.04	26.19	82.2
4/07/2018 1:21:29 PM	3613519289	1013.00	27.88	26.19	91.4	27.78	26.19	92.3	27.28	26.19	96.7	29.03	26.19	82.2
4/07/2018 1:21:30 PM	3613519290	1013.00	27.89	26.20	91.3	27.73	26.20	92.7	27.24	26.20	97.1	29.08	26.20	81.9
4/07/2018 1:21:31 PM	3613519291	1013.00	27.91	26.20	91.2	27.73	26.20	92.7	27.30	26.20	96.5	29.00	26.20	82.5
4/07/2018 1:21:32 PM	3613519292	1013.00	27.90	26.20	91.3	27.81	26.20	92.0	27.26	26.20	96.9	29.05	26.20	82.1
4/07/2018 1:21:33 PM	3613519293	1013.00	27.84	26.19	91.8	27.73	26.19	92.7	27.25	26.19	97.0	28.93	26.19	83.0
4/07/2018 1:21:34 PM	3613519294	1013.00	27.91	26.19	91.2	27.78	26.19	92.3	27.28	26.19	96.7	29.00	26.19	82.5
4/07/2018 1:21:35 PM	3613519295	1013.00	27.89	26.20	91.3	27.78	26.20	92.3	27.27	26.20	96.8	28.96	26.20	82.8
4/07/2018 1:21:36 PM	3613519296	1013.00	27.91	26.20	91.2	27.74	26.20	92.6	27.27	26.20	96.8	28.96	26.20	82.8
4/07/2018 1:21:37 PM	3613519297	1013.00	27.88	26.20	91.4	27.77	26.20	92.4	27.26	26.20	96.9	28.93	26.20	83.0
4/07/2018 1:21:38 PM	3613519298	1013.00	27.89	26.21	91.3	27.79	26.21	92.2	27.27	26.21	96.8	28.91	26.21	83.1
4/07/2018 1:21:39 PM	3613519299	1013.00	27.88	26.21	91.4	27.79	26.21	92.2	27.25	26.21	97.0	28.85	26.21	83.6
4/07/2018 1:21:40 PM	3613519300	1013.00	27.90	26.20	91.3	27.72	26.20	92.8	27.27	26.20	96.8	28.86	26.20	83.5
4/07/2018 1:21:41 PM	3613519301	1013.00	27.96	26.20	90.7	27.83	26.20	91.9	27.26	26.20	96.9	28.83	26.20	83.7
4/07/2018 1:21:42 PM	3613519302	1013.00	27.97	26.20	90.7	27.82	26.20	91.9	27.33	26.20	96.3	28.81	26.20	83.9
4/07/2018 1:21:43 PM	3613519303	1013.00	27.88	26.20	91.4	27.80	26.20	92.1	27.27	26.20	96.8	28.79	26.20	84.1
4/07/2018 1:21:44 PM	3613519304	1013.00	27.93	26.20	91.0	27.81	26.20	92.0	27.32	26.20	96.4	28.78	26.20	84.1
4/07/2018 1:21:45 PM	3613519305	1013.00	27.90	26.20	91.3	27.80	26.20	92.1	27.27	26.20	96.8	28.76	26.20	84.3
4/07/2018 1:21:46 PM	3613519306	1013.00	27.93	26.20	91.0	27.84	26.20	91.8	27.22	26.20	97.3	28.81	26.20	83.9
4/07/2018 1:21:47 PM	3613519307	1013.00	27.88	26.21	91.4	27.80	26.21	92.1	27.28	26.21	96.7	28.75	26.21	84.3
4/07/2018 1:21:48 PM	3613519308	1013.00	27.89	26.21	91.3	27.81	26.21	92.0	27.29	26.21	96.6	28.76	26.21	84.3
4/07/2018 1:21:49 PM	3613519309	1013.00	27.92	26.20	91.1	27.81	26.20	92.0	27.28	26.20	96.7	28.72	26.20	84.6
4/07/2018 1:21:50 PM	3613519310	1013.00	27.93	26.20	91.0	27.78	26.20	92.3	27.27	26.20	96.8	28.73	26.20	84.5
4/07/2018 1:21:51 PM	3613519311	1013.00	27.94	26.20	90.9	27.76	26.20	92.5	27.32	26.20	96.4	28.63	26.20	85.3
4/07/2018 1:21:52 PM	3613519312	1013.00	27.98	26.20	90.6	27.79	26.20	92.2	27.27	26.20	96.8	28.72	26.20	84.6
4/07/2018 1:21:53 PM	3613519313	1013.00	27.97	26.19	90.7	27.78	26.19	92.3	27.31	26.19	96.5	28.74	26.19	84.5
4/07/2018 1:21:54 PM	3613519314	1013.00	27.95	26.20	90.8	27.83	26.20	91.9	27.29	26.20	96.6	28.67	26.20	85.0
4/07/2018 1:21:55 PM	3613519315	1013.00	27.96	26.20	90.7	27.78	26.20	92.3	27.31	26.20	96.4	28.67	26.20	85.0
4/07/2018 1:21:56 PM	3613519316	1013.00	27.97	26.21	90.6	27.76	26.21	92.4	27.28	26.21	96.7	28.68	26.21	84.9
4/07/2018 1:21:57 PM	3613519317	1013.00	27.92	26.21	91.1	27.77	26.21	92.4	27.30	26.21	96.5	28.66	26.21	85.0
4/07/2018 1:21:58 PM	3613519318	1013.00	27.92	26.21	91.1	27.79	26.21	92.2	27.32	26.21	96.3	28.69	26.21	84.8
4/07/2018 1:21:59 PM	3613519319	1013.00	27.93	26.21	91.0	27.80	26.21	92.1	27.31	26.21	96.4	28.69	26.21	84.8
4/07/2018 1:22:00 PM	3613519320	1013.00	27.94	26.20	90.9	27.80	26.20	92.1	27.28	26.20	96.7	28.65	26.20	85.1
4/07/2018 1:22:01 PM	3613519321	1013.00	27.92	26.20	91.1	27.86	26.20	91.6	27.34	26.20	96.2	28.66	26.20	85.1
4/07/2018 1:22:02 PM	3613519322	1013.00	27.96	26.19	90.8	27.78	26.19	92.3	27.29	26.19	96.6	28.65	26.19	85.2
4/07/2018 1:22:03 PM	3613519323	1013.00	27.98	26.19	90.6	27.75	26.19	92.6	27.29	26.19	96.6	28.67	26.19	85.0
4/07/2018 1:22:04 PM	3613519324	1013.00	27.97	26.20	90.7	27.81	26.20	92.0	27.30	26.20	96.5	28.67	26.20	85.0
4/07/2018 1:22:05 PM	3613519325	1013.00	27.97	26.20	90.7	27.83	26.20	91.9	27.32	26.20	96.4	28.64	26.20	85.2
4/07/2018 1:22:06 PM	3613519326	1013.00	28.00	26.21	90.4	27.80	26.21	92.1	27.28	26.21	96.7	28.62	26.21	85.4
4/07/2018 1:22:07 PM	3613519327	1013.00	28.00	26.21	90.4	27.83	26.21	91.8	27.30	26.21	96.5	28.62	26.21	85.4
4/07/2018 1:22:08 PM	3613519328	1013.00	28.02	26.21	90.2	27.85	26.21	91.7	27.30	26.21	96.5	28.66	26.21	85.0
4/07/2018 1:22:09 PM	3613519329	1013.00	28.01	26.20	90.3	27.82	26.20	91.9	27.29	26.20	96.6	28.62	26.20	85.4
4/07/2018 1:22:10 PM	3613519330	1013.00	28.00	26.20	90.4	27.86	26.20	91.6	27.33	26.20	96.3	28.61	26.20	85.5
4/07/2018 1:22:11 PM	3613519331	1013.00	27.95	26.20	90.8	27.80	26.20	92.1	27.28	26.20	96.7	28.60	26.20	85.5
4/07/2018 1:22:12 PM	3613519332	1013.00	28.01	26.19	90.3	27.80	26.19	92.1	27.30	26.19	96.6	28.63	26.19	85.3
4/07/2018 1:22:13 PM	3613519333	1013.00	27.96	26.19	90.8	27.80	26.19	92.1	27.29	26.19	96.6	28.61	26.19	85.5
4/07/2018 1:22:14 PM	3613519334	1013.00	27.99	26.19	90.5	27.83	26.19	91.9	27.29	26.19	96.6	28.54	26.19	86.0
4/07/2018 1:22:15 PM	3613519335	1013.00	28.00	26.19	90.4	27.79	26.19	92.2	27.32	26.19	96.4	28.62	26.19	85.4
4/07/2018 1:22:16 PM	3613519336	1013.00	28.05	26.19	90.0	27.83	26.19	91.9	27.30	26.19	96.6	28.52	26.19	86.2
4/07/2018 1:22:17 PM	3613519337	1013.00	28.03	26.19	90.2	27.91	26.19	91.2	27.31	26.19	96.5	28.52	26.19	86.2
4/07/2018 1:22:18 PM	3613519338	1013.00	28.00	26.19	90.4	27.82	26.19	92.0	27.28	26.19	96.7	28.54	26.19	86.0
4/07/2018 1:22:19 PM	3613519339	1013.00	27.99	26.18	90.5	27.83	26.18	91.9	27.31	26.18	96.5	28.49	26.18	86.4
4/07/2018 1:22:20 PM	3613519340	1013.00	27.99	26.18	90.5	27.81	26.18	92.1	27.33	26.18	96.3	28.57	26.18	85.8
4/07/2018 1:22:21 PM	3613519341	1013.00	28.02	26.18	90.3	27.84	26.18	91.8	27.30	26.18	96.6	28.53	26.18	86.1
4/07/2018 1:22:22 PM	3613519342	1013.00	28.02	26.18	90.3	27.83	26.18	91.9	27.31	26.18	96.5	28.53	26.18	86.1
4/07/2018 1:22:23 PM	3613519343	1013.00	28.01	26.18	90.4	27.86	26.18	91.6	27.31	26.18	96.5	28.51	26.18	86.3
4/07/2018 1:22:24 PM	3613519344	1013.00	28.07	26.18	89.9	27.86	26.18	91.6	27.30	26.18	96.6	28.46	26.18	86.7
4/07/2018 1:22:25 PM	3613519345	1013.00	28.03	26.18	90.2	27.82	26.18	92.0	27.28	26.18	96.8	28.50	26.18	86.4
4/07/2018 1:22:26 PM	3613519346	1013.00	28.04	26.18	90.1	27.80	26.18	92.1	27.29	26.18	96.7	28.53	26.18	86.1
4/07/2018 1:22:27 PM	3613519347	1013.00	28.03	26.18	90.2	27.82	26.18	92.0	27.32	26.18	96.4	28.51	26.18	86.3
4/07/2018 1:22:28 PM	3613519348	1013.00	28.08	26.18	89.8	27.86	26.18	91.6	27.34	26.18	96.2	28.50	26.18	86.4
4/07/2018 1:22:29 PM	3613519349	1013.00	28.04	26.18	90.1	27.86	26.18	91.6	27.25	26.18	97.0	28.51	26.18	86.3
4/07/2018 1:22:30 PM	3613519350	1013.00	28.06	26.18	89.9	27.80	26.18	92.1	27.35	26.18	96.1	28.47	26.18	86.6
4/07/2018 1:22:31 PM	3613519351	1013.00	28.08	26.18	89.8	27.89	26.18	91.4	27.32	26.18	96.4	28.48	26.18	86.5
4/07/2018 1:22:32 PM	3613519352	1013.00	28.09	26.18	89.7	27.88	26.18	91.5	27.31	26.18	96.5	28.48	26.18	86.5
4/07/2018 1:22:33 PM	3613519353	1013.00	28.06	26.17	90.0	27.86	26.17	91.6	27.32	26.17	96.4	28.43	26.17	86.9
4/07/2018 1:22:34 PM	3613519354	1013.00	28.05	26.17	90.0	27.91	26.17	91.2	27.33	26.17	96.3	28.48	26.17	86.5
4/07/2018 1:22:35 PM	3613519355	1013.00	28.07	26.17	89.9	27.84	26.17	91.8	27.29	26.17	96.7	28.45	26.17	86.8
4/07/2018 1:22:36 PM	3613519356	1013.00	28.05	26.17	90.0	27.87	26.17	91.6	27.30	26.17	96.6	28.51	26.17	86.3
4/07/2018 1:22:37 PM	3613519357	1013.00	28.05	26.17	90.0	27.93	26.17	91.0	27.30	26.17	96.6	28.48	26.17	86.5
4/07/2018 1:22:38 PM	3613519358	1013.00	28.03	26.17	90.2	27.85	26.17	91.7	27.30	26.17	96.6	28.46	26.17	86.7
4/07/2018 1:22:39 PM	3613519359	1013.00	28.06	26.18	89.9	27.86	26.18	91.6	27.29	26.18	96.7	28.41	26.18	87.1
4/07/2018 1:22:40 PM	3613519360	1013.00	28.06	26.18	89.9	27.89	26.18	91.4	27.29	26.18	96.7	28.46	26.18	86.7
4/07/2018 1:22:41 PM	3613519361	1013.00	28.07	26.18	89.9	27.87	26.18	91.5	27.32	26.18	96.4	28.44	26.18	86.8
4/07/2018 1:22:42 PM	3613519362	1013.00	28.07	26.17	89.9	27.87	26.17	91.6	27.30	26.17	96.6	28.45	26.17	86.8
4/07/2018 1:22:43 PM	3613519363	1013.00	28.09	26.17	89.7	27.90	26.17	91.3	27.32	26.17	96.4	28.47	26.17	86.6
4/07/2018 1:22:44 PM	3613519364	1013.00	28.06	26.18	89.9	27.90	26.18	91.3	27.34	26.18	96.2	28.48	26.18	86.5
4/07/2018 1:22:45 PM	3613519365	1013.00	28.08	26.18	89.8	27.89	26.18	91.4	27.34	26.18	96.2	28.47	26.18	86.6
4/07/2018 1:22:46 PM	3613519366	1013.00	28.07	26.18	89.9	27.89	26.18	91.4	27.26	26.18	96.9	28.48	26.18	86.5
4/07/2018 1:22:47 PM	3613519367	1013.00	28.10	26.18	89.6	27.90	26.18	91.3	27.35	26.18	96.1	28.47	26.18	86.6
4/07/2018 1:22:48 PM	3613519368	1013.00	28.07	26.17	89.9	27.94	26.17	91.0	27.40	26.17	95.7	28.37	26.17	87.4
4/07/2018 1:22:49 PM	3613519369	1013.00	28.09	26.17	89.7	27.91	26.17	91.2	27.38	26.17	95.9	28.41	26.17	87.1
4/07/2018 1:22:50 PM	3613519370	1013.00	28.10	26.17	89.6	27.95	26.17	90.9	27.34	26.17	96.2	28.38	26.17	87.3
4/07/2018 1:22:51 PM	3613519371	1013.00	28.06	26.17	90.0	27.88	26.17	91.5	27.32	26.17	96.4	28.46	26.17	86.7
4/07/2018 1:22:52 PM	3613519372	1013.00	28.09	26.17	89.7	27.88	26.17	91.5	27.31	26.17	96.5	28.42	26.17	87.0
4/07/2018 1:22:53 PM	3613519373	1013.00	28.13	26.17	89.4	27.88	26.17	91.5	27.31	26.17	96.5	28.39	26.17	87.2
4/07/2018 1:22:54 PM	3613519374	1013.00	28.12	26.18	89.4	27.87	26.18	91.5	27.32	26.18	96.4	28.42	26.18	87.0
4/07/2018 1:22:55 PM	3613519375	1013.00	28.11	26.17	89.5	27.93	26.17	91.0	27.34	26.17	96.2	28.43	26.17	86.9
4/07/2018 1:22:56 PM	3613519376	1013.00	28.09	26.18	89.7	27.87	26.18	91.5	27.33	26.18	96.3	28.42	26.18	87.0
4/07/2018 1:22:57 PM	3613519377	1013.00	28.16	26.18	89.1	27.92	26.18	91.1	27.32	26.18	96.4	28.40	26.18	87.1
4/07/2018 1:22:58 PM	3613519378	1013.00	28.12	26.18	89.4	27.87	26.18	91.5	27.31	26.18	96.5	28.41	26.18	87.1
4/07/2018 1:22:59 PM	3613519379	1013.00	28.10	26.17	89.6	27.89	26.17	91.4	27.32	26.17	96.4	28.40	26.17	87.2
4/07/2018 1:23:00 PM	3613519380	1013.00	28.14	26.18	89.3	27.96	26.18	90.8	27.37	26.18	95.9	28.36	26.18	87.5
4/07/2018 1:23:01 PM	3613519381	1013.00	28.11	26.17	89.5	27.90	26.17	91.3	27.32	26.17	96.4	28.38	26.17	87.3
4/07/2018 1:23:02 PM	3613519382	1013.00	28.12	26.17	89.5	27.90	26.17	91.3	27.32	26.17	96.4	28.38	26.17	87.3
4/07/2018 1:23:03 PM	3613519383	1013.00	28.10	26.17	89.6	27.89	26.17	91.4	27.35	26.17	96.1	28.35	26.17	87.6
4/07/2018 1:23:04 PM	3613519384	1013.00	28.08	26.17	89.8	27.94	26.17	91.0	27.34	26.17	96.2	28.44	26.17	86.8
4/07/2018 1:23:05 PM	3613519385	1013.00	28.10	26.17	89.6	27.94	26.17	91.0	27.33	26.17	96.3	28.41	26.17	87.1
4/07/2018 1:23:06 PM	3613519386	1013.00	28.11	26.17	89.5	27.88	26.17	91.5	27.32	26.17	96.4	28.42	26.17	87.0
4/07/2018 1:23:07 PM	3613519387	1013.00	28.12	26.17	89.5	27.93	26.17	91.0	27.31	26.17	96.5	28.40	26.17	87.2
4/07/2018 1:23:08 PM	3613519388	1013.00	28.10	26.17	89.6	27.88	26.17	91.5	27.33	26.17	96.3	28.36	26.17	87.5
4/07/2018 1:23:09 PM	3613519389	1013.00	28.15	26.17	89.2	27.89	26.17	91.4	27.36	26.17	96.0	28.40	26.17	87.2
4/07/2018 1:23:10 PM	3613519390	1013.00	28.14	26.17	89.3	27.88	26.17	91.5	27.30	26.17	96.6	28.36	26.17	87.5
4/07/2018 1:23:11 PM	3613519391	1013.00	28.16	26.18	89.1	27.93	26.18	91.0	27.38	26.18	95.8	28.35	26.18	87.6
4/07/2018 1:23:12 PM	3613519392	1013.00	28.18	26.18	88.9	27.94	26.18	90.9	27.35	26.18	96.1	28.43	26.18	86.9
4/07/2018 1:23:13 PM	3613519393	1013.00	28.15	26.18	89.2	27.91	26.18	91.2	27.32	26.18	96.4	28.37	26.18	87.4
4/07/2018 1:23:14 PM	3613519394	1013.00	28.11	26.18	89.5	27.93	26.18	91.0	27.36	26.18	96.0	28.41	26.18	87.1
4/07/2018 1:23:15 PM	3613519395	1013.00	28.18	26.18	88.9	27.94	26.18	90.9	27.37	26.18	95.9	28.41	26.18	87.1
4/07/2018 1:23:16 PM	3613519396	1013.00	28.17	26.18	89.0	27.91	26.18	91.2	27.35	26.18	96.1	28.40	26.18	87.1
4/07/2018 1:23:17 PM	3613519397	1013.00	28.18	26.18	88.9	27.89	26.18	91.4	27.40	26.18	95.7	28.43	26.18	86.9
4/07/2018 1:23:18 PM	3613519398	1013.00	28.17	26.18	89.0	27.91	26.18	91.2	27.32	26.18	96.4	28.37	26.18	87.4
4/07/2018 1:23:19 PM	3613519399	1013.00	28.17	26.17	89.0	27.90	26.17	91.3	27.35	26.17	96.1	28.39	26.17	87.2
4/07/2018 1:23:20 PM	3613519400	1013.00	28.18	26.17	89.0	27.93	26.17	91.0	27.35	26.17	96.1	28.40	26.17	87.2
4/07/2018 1:23:21 PM	3613519401	1013.00	28.13	26.16	89.4	27.97	26.16	90.7	27.35	26.16	96.1	28.33	26.16	87.7
4/07/2018 1:23:22 PM	3613519402	1013.00	28.12	26.16	89.5	27.92	26.16	91.1	27.41	26.16	95.6	28.39	26.16	87.3
4/07/2018 1:23:23 PM	3613519403	1013.00	28.16	26.17	89.1	27.91	26.17	91.2	27.39	26.17	95.8	28.40	26.17	87.2
4/07/2018 1:23:24 PM	3613519404	1013.00	28.19	26.17	88.9	27.91	26.17	91.2	27.36	26.17	96.0	28.40	26.17	87.2
4/07/2018 1:23:25 PM	3613519405	1013.00	28.16	26.17	89.1	27.97	26.17	90.7	27.37	26.17	96.0	28.39	26.17	87.2
4/07/2018 1:23:26 PM	3613519406	1013.00	28.19	26.18	88.9	27.92	26.18	91.1	27.38	26.18	95.8	28.35	26.18	87.6
4/07/2018 1:23:27 PM	3613519407	1013.00	28.17	26.17	89.0	27.89	26.17	91.4	27.38	26.17	95.9	28.41	26.17	87.1
4/07/2018 1:23:28 PM	3613519408	1013.00	28.21	26.17	88.7	27.95	26.17	90.9	27.32	26.17	96.4	28.44	26.17	86.8
4/07/2018 1:23:29 PM	3613519409	1013.00	28.15	26.16	89.2	27.91	26.16	91.2	27.35	26.16	96.1	28.42	26.16	87.0
4/07/2018 1:23:30 PM	3613519410	1013.00	28.18	26.16	89.0	27.93	26.16	91.1	27.38	26.16	95.9	28.37	26.16	87.4
4/07/2018 1:23:31 PM	3613519411	1013.00	28.20	26.16	88.8	27.94	26.16	91.0	27.39	26.16	95.8	28.45	26.16	86.8
4/07/2018 1:23:32 PM	3613519412	1013.00	28.20	26.17	88.8	27.96	26.17	90.8	27.38	26.17	95.9	28.41	26.17	87.1
4/07/2018 1:23:33 PM	3613519413	1013.00	28.19	26.17	88.9	27.94	26.17	91.0	27.33	26.17	96.3	28.37	26.17	87.4
4/07/2018 1:23:34 PM	3613519414	1013.00	28.19	26.16	88.9	27.96	26.16	90.8	27.33	26.16	96.3	28.41	26.16	87.1
4/07/2018 1:23:35 PM	3613519415	1013.00	28.20	26.17	88.8	27.94	26.17	91.0	27.36	26.17	96.0	28.44	26.17	86.8
4/07/2018 1:23:36 PM	3613519416	1013.00	28.16	26.17	89.1	27.92	26.17	91.1	27.38	26.17	95.9	28.39	26.17	87.2
4/07/2018 1:23:37 PM	3613519417	1013.00	28.20	26.17	88.8	27.96	26.17	90.8	27.33	26.17	96.3	28.41	26.17	87.1
4/07/2018 1:23:38 PM	3613519418	1013.00	28.18	26.17	89.0	27.94	26.17	91.0	27.40	26.17	95.7	28.42	26.17	87.0
4/07/2018 1:23:39 PM	3613519419	1013.00	28.21	26.17	88.7	27.92	26.17	91.1	27.35	26.17	96.1	28.33	26.17	87.7
4/07/2018 1:23:40 PM	3613519420	1013.00	28.27	26.17	88.2	27.95	26.17	90.9	27.40	26.17	95.7	28.45	26.17	86.8
4/07/2018 1:23:41 PM	3613519421	1013.00	28.24	26.17	88.5	27.96	26.17	90.8	27.34	26.17	96.2	28.43	26.17	86.9
4/07/2018 1:23:42 PM	3613519422	1013.00	28.22	26.17	88.6	27.95	26.17	90.9	27.38	26.17	95.9	28.33	26.17	87.7
4/07/2018 1:23:43 PM	3613519423	1013.00	28.23	26.17	88.5	27.90	26.17	91.3	27.36	26.17	96.0	28.43	26.17	86.9
4/07/2018 1:23:44 PM	3613519424	1013.00	28.23	26.17	88.5	28.00	26.17	90.5	27.40	26.17	95.7	28.42	26.17	87.0
4/07/2018 1:23:45 PM	3613519425	1013.00	28.22	26.17	88.6	27.90	26.17	91.3	27.45	26.17	95.2	28.41	26.17	87.1
4/07/2018 1:23:46 PM	3613519426	1013.00	28.26	26.16	88.3	27.91	26.16	91.2	27.38	26.16	95.9	28.45	26.16	86.8
4/07/2018 1:23:47 PM	3613519427	1013.00	28.23	26.16	88.6	27.97	26.16	90.7	27.33	26.16	96.3	28.40	26.16	87.2
4/07/2018 1:23:48 PM	3613519428	1013.00	28.26	26.16	88.3	27.96	26.16	90.8	27.38	26.16	95.9	28.47	26.16	86.6
4/07/2018 1:23:49 PM	3613519429	1013.00	28.26	26.16	88.3	27.98	26.16	90.6	27.37	26.16	96.0	28.45	26.16	86.8
4/07/2018 1:23:50 PM	3613519430	1013.00	28.26	26.16	88.3	27.96	26.16	90.8	27.35	26.16	96.1	28.46	26.16	86.7
4/07/2018 1:23:51 PM	3613519431	1013.00	28.22	26.16	88.6	27.98	26.16	90.6	27.35	26.16	96.1	28.43	26.16	86.9
4/07/2018 1:23:52 PM	3613519432	1013.00	28.24	26.16	88.5	27.92	26.16	91.1	27.38	26.16	95.9	28.44	26.16	86.9
4/07/2018 1:23:53 PM	3613519433	1013.00	28.24	26.17	88.5	28.02	26.17	90.3	27.39	26.17	95.8	28.43	26.17	86.9
4/07/2018 1:23:54 PM	3613519434	1013.00	28.28	26.17	88.1	27.98	26.17	90.6	27.41	26.17	95.6	28.44	26.17	86.8
4/07/2018 1:23:55 PM	3613519435	1013.00	28.26	26.17	88.3	27.97	26.17	90.7	27.38	26.17	95.9	28.46	26.17	86.7
4/07/2018 1:23:56 PM	3613519436	1013.00	28.27	26.17	88.2	27.93	26.17	91.0	27.38	26.17	95.9	28.41	26.17	87.1
4/07/2018 1:23:57 PM	3613519437	1013.00	28.33	26.16	87.7	27.99	26.16	90.6	27.38	26.16	95.9	28.43	26.16	86.9
4/07/2018 1:23:58 PM	3613519438	1013.00	28.29	26.16	88.1	27.96	26.16	90.8	27.38	26.16	95.9	28.42	26.16	87.0
4/07/2018 1:23:59 PM	3613519439	1013.00	28.35	26.16	87.6	28.00	26.16	90.5	27.36	26.16	96.1	28.46	26.16	86.7
4/07/2018 1:24:00 PM	3613519440	1013.00	28.35	26.16	87.6	27.98	26.16	90.6	27.43	26.16	95.4	28.46	26.16	86.7
4/07/2018 1:24:01 PM	3613519441	1013.00	28.33	26.16	87.7	27.95	26.16	90.9	27.37	26.16	96.0	28.49	26.16	86.5
4/07/2018 1:24:02 PM	3613519442	1013.00	28.37	26.16	87.4	28.00	26.16	90.5	27.35	26.16	96.1	28.46	26.16	86.7
4/07/2018 1:24:03 PM	3613519443	1013.00	28.33	26.16	87.7	27.95	26.16	90.9	27.37	26.16	96.0	28.47	26.16	86.6
4/07/2018 1:24:04 PM	3613519444	1013.00	28.31	26.16	87.9	28.03	26.16	90.2	27.38	26.16	95.9	28.48	26.16	86.5
4/07/2018 1:24:05 PM	3613519445	1013.00	28.34	26.16	87.7	27.91	26.16	91.2	27.41	26.16	95.6	28.49	26.16	86.5
4/07/2018 1:24:06 PM	3613519446	1013.00	28.36	26.16	87.5	27.99	26.16	90.6	27.41	26.16	95.6	28.47	26.16	86.6
4/07/2018 1:24:07 PM	3613519447	1013.00	28.35	26.16	87.6	27.97	26.16	90.7	27.45	26.16	95.2	28.50	26.16	86.4
4/07/2018 1:24:08 PM	3613519448	1013.00	28.32	26.16	87.8	27.99	26.16	90.6	27.35	26.16	96.1	28.51	26.16	86.3
4/07/2018 1:24:09 PM	3613519449	1013.00	28.34	26.16	87.7	27.99	26.16	90.6	27.36	26.16	96.1	28.50	26.16	86.4
4/07/2018 1:24:10 PM	3613519450	1013.00	28.35	26.16	87.6	28.02	26.16	90.3	27.43	26.16	95.4	28.45	26.16	86.8
4/07/2018 1:24:11 PM	3613519451	1013.00	28.35	26.15	87.6	28.03	26.15	90.2	27.37	26.15	96.0	28.50	26.15	86.4
4/07/2018 1:24:12 PM	3613519452	1013.00	28.35	26.15	87.6	27.98	26.15	90.7	27.40	26.15	95.7	28.46	26.15	86.7
4/07/2018 1:24:13 PM	3613519453	1013.00	28.38	26.15	87.4	27.98	26.15	90.7	27.35	26.15	96.2	28.50	26.15	86.4
4/07/2018 1:24:14 PM	3613519454	1013.00	28.35	26.16	87.6	27.95	26.16	90.9	27.38	26.16	95.9	28.51	26.16	86.3
4/07/2018 1:24:15 PM	3613519455	1013.00	28.38	26.16	87.3	27.96	26.16	90.8	27.38	26.16	95.9	28.52	26.16	86.2
4/07/2018 1:24:16 PM	3613519456	1013.00	28.38	26.16	87.3	28.01	26.16	90.4	27.41	26.16	95.6	28.53	26.16	86.1
4/07/2018 1:24:17 PM	3613519457	1013.00	28.40	26.16	87.2	28.03	26.16	90.2	27.39	26.16	95.8	28.52	26.16	86.2
4/07/2018 1:24:18 PM	3613519458	1013.00	28.39	26.16	87.3	28.03	26.16	90.2	27.38	26.16	95.9	28.53	26.16	86.1
4/07/2018 1:24:19 PM	3613519459	1013.00	28.39	26.15	87.3	28.04	26.15	90.1	27.40	26.15	95.7	28.46	26.15	86.7
4/07/2018 1:24:20 PM	3613519460	1013.00	28.39	26.15	87.3	28.02	26.15	90.3	27.41	26.15	95.6	28.54	26.15	86.1
4/07/2018 1:24:21 PM	3613519461	1013.00	28.41	26.15	87.1	27.99	26.15	90.6	27.40	26.15	95.7	28.46	26.15	86.7
4/07/2018 1:24:22 PM	3613519462	1013.00	28.37	26.15	87.4	27.96	26.15	90.8	27.39	26.15	95.8	28.48	26.15	86.6
4/07/2018 1:24:23 PM	3613519463	1013.00	28.40	26.15	87.2	27.98	26.15	90.7	27.41	26.15	95.6	28.51	26.15	86.3
4/07/2018 1:24:24 PM	3613519464	1013.00	28.38	26.15	87.4	27.98	26.15	90.7	27.42	26.15	95.5	28.53	26.15	86.2
4/07/2018 1:24:25 PM	3613519465	1013.00	28.42	26.15	87.0	28.02	26.15	90.3	27.38	26.15	95.9	28.48	26.15	86.6
4/07/2018 1:24:26 PM	3613519466	1013.00	28.42	26.15	87.0	28.03	26.15	90.2	27.39	26.15	95.8	28.57	26.15	85.8
4/07/2018 1:24:27 PM	3613519467	1013.00	28.38	26.15	87.4	27.99	26.15	90.6	27.44	26.15	95.4	28.49	26.15	86.5
4/07/2018 1:24:28 PM	3613519468	1013.00	28.39	26.15	87.3	28.01	26.15	90.4	27.39	26.15	95.8	28.55	26.15	86.0
4/07/2018 1:24:29 PM	3613519469	1013.00	28.43	26.16	86.9	28.05	26.16	90.1	27.42	26.16	95.5	28.52	26.16	86.2
4/07/2018 1:24:30 PM	3613519470	1013.00	28.44	26.16	86.9	27.99	26.16	90.6	27.38	26.16	95.9	28.55	26.16	86.0
4/07/2018 1:24:31 PM	3613519471	1013.00	28.46	26.16	86.7	28.01	26.16	90.4	27.42	26.16	95.5	28.58	26.16	85.7
4/07/2018 1:24:32 PM	3613519472	1013.00	28.40	26.16	87.2	27.97	26.16	90.7	27.42	26.16	95.5	28.54	26.16	86.1
4/07/2018 1:24:33 PM	3613519473	1013.00	28.43	26.15	87.0	28.02	26.15	90.3	27.46	26.15	95.2	28.58	26.15	85.8
4/07/2018 1:24:34 PM	3613519474	1013.00	28.41	26.14	87.1	28.03	26.14	90.2	27.42	26.14	95.5	28.55	26.14	86.0
4/07/2018 1:24:35 PM	3613519475	1013.00	28.40	26.14	87.2	28.03	26.14	90.2	27.41	26.14	95.6	28.53	26.14	86.2
4/07/2018 1:24:36 PM	3613519476	1013.00	28.44	26.14	86.9	28.05	26.14	90.1	27.39	26.14	95.8	28.54	26.14	86.1
4/07/2018 1:24:37 PM	3613519477	1013.00	28.42	26.14	87.0	28.01	26.14	90.4	27.40	26.14	95.7	28.50	26.14	86.4
4/07/2018 1:24:38 PM	3613519478	1013.00	28.45	26.14	86.8	28.05	26.14	90.1	27.41	26.14	95.6	28.56	26.14	85.9
4/07/2018 1:24:39 PM	3613519479	1013.00	28.45	26.15	86.8	27.99	26.15	90.6	27.39	26.15	95.8	28.54	26.15	86.1
4/07/2018 1:24:40 PM	3613519480	1013.00	28.41	26.15	87.1	28.02	26.15	90.3	27.37	26.15	96.0	28.54	26.15	86.1
4/07/2018 1:24:41 PM	3613519481	1013.00	28.44	26.14	86.9	28.03	26.14	90.2	27.42	26.14	95.5	28.51	26.14	86.3
4/07/2018 1:24:42 PM	3613519482	1013.00	28.49	26.14	86.5	28.00	26.14	90.5	27.43	26.14	95.5	28.58	26.14	85.8
4/07/2018 1:24:43 PM	3613519483	1013.00	28.46	26.15	86.7	28.04	26.15	90.1	27.42	26.15	95.5	28.53	26.15	86.2
4/07/2018 1:24:44 PM	3613519484	1013.00	28.45	26.15	86.8	28.02	26.15	90.3	27.46	26.15	95.2	28.52	26.15	86.2
4/07/2018 1:24:45 PM	3613519485	1013.00	28.44	26.14	86.9	27.96	26.14	90.8	27.46	26.14	95.2	28.49	26.14	86.5
4/07/2018 1:24:46 PM	3613519486	1013.00	28.43	26.15	87.0	28.04	26.15	90.1	27.45	26.15	95.3	28.55	26.15	86.0
4/07/2018 1:24:47 PM	3613519487	1013.00	28.43	26.15	87.0	28.04	26.15	90.1	27.46	26.15	95.2	28.54	26.15	86.1
4/07/2018 1:24:48 PM	3613519488	1013.00	28.49	26.15	86.5	28.07	26.15	89.9	27.43	26.15	95.4	28.57	26.15	85.8
4/07/2018 1:24:49 PM	3613519489	1013.00	28.49	26.15	86.5	27.99	26.15	90.6	27.42	26.15	95.5	28.57	26.15	85.8
4/07/2018 1:24:50 PM	3613519490	1013.00	28.46	26.15	86.7	28.03	26.15	90.2	27.43	26.15	95.4	28.57	26.15	85.8
4/07/2018 1:24:51 PM	3613519491	1013.00	28.47	26.15	86.6	28.08	26.15	89.8	27.44	26.15	95.4	28.59	26.15	85.7
4/07/2018 1:24:52 PM	3613519492	1013.00	28.49	26.16	86.5	28.06	26.16	90.0	27.41	26.16	95.6	28.56	26.16	85.9
4/07/2018 1:24:53 PM	3613519493	1013.00	28.48	26.15	86.6	28.08	26.15	89.8	27.43	26.15	95.4	28.55	26.15	86.0
4/07/2018 1:24:54 PM	3613519494	1013.00	28.45	26.15	86.8	28.00	26.15	90.5	27.44	26.15	95.4	28.52	26.15	86.2
4/07/2018 1:24:55 PM	3613519495	1013.00	28.50	26.15	86.4	28.09	26.15	89.7	27.42	26.15	95.5	28.51	26.15	86.3
4/07/2018 1:24:56 PM	3613519496	1013.00	28.49	26.15	86.5	28.04	26.15	90.1	27.50	26.15	94.8	28.53	26.15	86.2
4/07/2018 1:24:57 PM	3613519497	1013.00	28.49	26.15	86.5	28.05	26.15	90.1	27.44	26.15	95.4	28.56	26.15	85.9
4/07/2018 1:24:58 PM	3613519498	1013.00	28.51	26.15	86.3	28.05	26.15	90.1	27.44	26.15	95.4	28.57	26.15	85.8
4/07/2018 1:24:59 PM	3613519499	1013.00	28.53	26.15	86.2	28.06	26.15	90.0	27.44	26.15	95.4	28.61	26.15	85.5
4/07/2018 1:25:00 PM	3613519500	1013.00	28.50	26.15	86.4	28.05	26.15	90.1	27.42	26.15	95.5	28.56	26.15	85.9
4/07/2018 1:25:01 PM	3613519501	1013.00	28.49	26.15	86.5	28.02	26.15	90.3	27.41	26.15	95.6	28.57	26.15	85.8
4/07/2018 1:25:02 PM	3613519502	1013.00	28.51	26.15	86.3	28.07	26.15	89.9	27.42	26.15	95.5	28.54	26.15	86.1
4/07/2018 1:25:03 PM	3613519503	1013.00	28.51	26.15	86.3	28.06	26.15	90.0	27.48	26.15	95.0	28.61	26.15	85.5
4/07/2018 1:25:04 PM	3613519504	1013.00	28.49	26.15	86.5	28.05	26.15	90.1	27.44	26.15	95.4	28.60	26.15	85.6
4/07/2018 1:25:05 PM	3613519505	1013.00	28.55	26.14	86.0	28.09	26.14	89.7	27.43	26.14	95.5	28.59	26.14	85.7
4/07/2018 1:25:06 PM	3613519506	1013.00	28.52	26.14	86.3	27.99	26.14	90.6	27.47	26.14	95.1	28.56	26.14	85.9
4/07/2018 1:25:07 PM	3613519507	1013.00	28.48	26.14	86.6	28.00	26.14	90.5	27.45	26.14	95.3	28.60	26.14	85.6
4/07/2018 1:25:08 PM	3613519508	1013.00	28.55	26.14	86.0	28.10	26.14	89.7	27.48	26.14	95.0	28.60	26.14	85.6
4/07/2018 1:25:09 PM	3613519509	1013.00	28.55	26.14	86.0	28.03	26.14	90.2	27.45	26.14	95.3	28.60	26.14	85.6
4/07/2018 1:25:10 PM	3613519510	1013.00	28.57	26.14	85.9	28.04	26.14	90.2	27.51	26.14	94.7	28.63	26.14	85.4
4/07/2018 1:25:11 PM	3613519511	1013.00	28.52	26.15	86.2	28.10	26.15	89.6	27.47	26.15	95.1	28.64	26.15	85.3
4/07/2018 1:25:12 PM	3613519512	1013.00	28.55	26.15	86.0	28.11	26.15	89.6	27.49	26.15	94.9	28.64	26.15	85.3
4/07/2018 1:25:13 PM	3613519513	1013.00	28.53	26.15	86.2	28.13	26.15	89.4	27.48	26.15	95.0	28.64	26.15	85.3
4/07/2018 1:25:14 PM	3613519514	1013.00	28.54	26.15	86.1	28.07	26.15	89.9	27.48	26.15	95.0	28.66	26.15	85.1
4/07/2018 1:25:15 PM	3613519515	1013.00	28.52	26.14	86.3	28.10	26.14	89.7	27.49	26.14	94.9	28.65	26.14	85.2
4/07/2018 1:25:16 PM	3613519516	1013.00	28.54	26.15	86.1	28.03	26.15	90.2	27.48	26.15	95.0	28.68	26.15	85.0
4/07/2018 1:25:17 PM	3613519517	1013.00	28.56	26.15	85.9	28.03	26.15	90.2	27.47	26.15	95.1	28.71	26.15	84.7
4/07/2018 1:25:18 PM	3613519518	1013.00	28.54	26.14	86.1	28.09	26.14	89.7	27.45	26.14	95.3	28.67	26.14	85.1
4/07/2018 1:25:19 PM	3613519519	1013.00	28.54	26.15	86.1	28.14	26.15	89.3	27.48	26.15	95.0	28.69	26.15	84.9
4/07/2018 1:25:20 PM	3613519520	1013.00	28.58	26.15	85.8	28.08	26.15	89.8	27.53	26.15	94.5	28.75	26.15	84.4
4/07/2018 1:25:21 PM	3613519521	1013.00	28.62	26.15	85.4	28.05	26.15	90.1	27.41	26.15	95.6	28.70	26.15	84.8
4/07/2018 1:25:22 PM	3613519522	1013.00	28.57	26.15	85.8	28.08	26.15	89.8	27.44	26.15	95.4	28.72	26.15	84.7
4/07/2018 1:25:23 PM	3613519523	1013.00	28.56	26.15	85.9	28.13	26.15	89.4	27.48	26.15	95.0	28.70	26.15	84.8
4/07/2018 1:25:24 PM	3613519524	1013.00	28.57	26.15	85.8	28.08	26.15	89.8	27.50	26.15	94.8	28.67	26.15	85.1
4/07/2018 1:25:25 PM	3613519525	1013.00	28.59	26.15	85.7	28.06	26.15	90.0	27.46	26.15	95.2	28.71	26.15	84.7
4/07/2018 1:25:26 PM	3613519526	1013.00	28.59	26.15	85.7	28.11	26.15	89.6	27.47	26.15	95.1	28.69	26.15	84.9
4/07/2018 1:25:27 PM	3613519527	1013.00	28.60	26.15	85.6	28.04	26.15	90.1	27.46	26.15	95.2	28.68	26.15	85.0
4/07/2018 1:25:28 PM	3613519528	1013.00	28.61	26.16	85.5	28.14	26.16	89.3	27.48	26.16	95.0	28.71	26.16	84.7
4/07/2018 1:25:29 PM	3613519529	1013.00	28.64	26.16	85.3	28.03	26.16	90.2	27.49	26.16	94.9	28.73	26.16	84.6
4/07/2018 1:25:30 PM	3613519530	1013.00	28.61	26.15	85.5	28.09	26.15	89.7	27.48	26.15	95.0	28.73	26.15	84.6
4/07/2018 1:25:31 PM	3613519531	1013.00	28.60	26.15	85.6	28.09	26.15	89.7	27.49	26.15	94.9	28.72	26.15	84.7
4/07/2018 1:25:32 PM	3613519532	1013.00	28.64	26.14	85.3	28.10	26.14	89.7	27.46	26.14	95.2	28.73	26.14	84.6
4/07/2018 1:25:33 PM	3613519533	1013.00	28.61	26.14	85.5	28.14	26.14	89.3	27.46	26.14	95.2	28.73	26.14	84.6
4/07/2018 1:25:34 PM	3613519534	1013.00	28.62	26.14	85.5	28.14	26.14	89.3	27.53	26.14	94.6	28.70	26.14	84.8
4/07/2018 1:25:35 PM	3613519535	1013.00	28.64	26.14	85.3	28.12	26.14	89.5	27.45	26.14	95.3	28.75	26.14	84.4
4/07/2018 1:25:36 PM	3613519536	1013.00	28.62	26.14	85.5	28.05	26.14	90.1	27.51	26.14	94.7	28.77	26.14	84.3
4/07/2018 1:25:37 PM	3613519537	1013.00	28.63	26.15	85.4	28.16	26.15	89.2	27.49	26.15	94.9	28.75	26.15	84.4
4/07/2018 1:25:38 PM	3613519538	1013.00	28.63	26.14	85.4	28.13	26.14	89.4	27.47	26.14	95.1	28.74	26.14	84.5
4/07/2018 1:25:39 PM	3613519539	1013.00	28.60	26.14	85.6	28.13	26.14	89.4	27.47	26.14	95.1	28.80	26.14	84.1
4/07/2018 1:25:40 PM	3613519540	1013.00	28.62	26.14	85.5	28.06	26.14	90.0	27.46	26.14	95.2	28.78	26.14	84.2
4/07/2018 1:25:41 PM	3613519541	1013.00	28.64	26.14	85.3	28.10	26.14	89.7	27.47	26.14	95.1	28.75	26.14	84.4
4/07/2018 1:25:42 PM	3613519542	1013.00	28.65	26.14	85.2	28.05	26.14	90.1	27.51	26.14	94.7	28.77	26.14	84.3
4/07/2018 1:25:43 PM	3613519543	1013.00	28.67	26.15	85.1	28.10	26.15	89.6	27.50	26.15	94.8	28.76	26.15	84.4
4/07/2018 1:25:44 PM	3613519544	1013.00	28.63	26.14	85.4	28.13	26.14	89.4	27.49	26.14	94.9	28.83	26.14	83.8
4/07/2018 1:25:45 PM	3613519545	1013.00	28.65	26.14	85.2	28.02	26.14	90.3	27.47	26.14	95.1	28.81	26.14	84.0
4/07/2018 1:25:46 PM	3613519546	1013.00	28.67	26.14	85.1	28.12	26.14	89.5	27.53	26.14	94.6	28.75	26.14	84.4
4/07/2018 1:25:47 PM	3613519547	1013.00	28.67	26.14	85.1	28.14	26.14	89.3	27.51	26.14	94.7	28.80	26.14	84.1
4/07/2018 1:25:48 PM	3613519548	1013.00	28.69	26.14	84.9	28.05	26.14	90.1	27.48	26.14	95.0	28.78	26.14	84.2
4/07/2018 1:25:49 PM	3613519549	1013.00	28.66	26.14	85.1	28.10	26.14	89.7	27.49	26.14	94.9	28.73	26.14	84.6
4/07/2018 1:25:50 PM	3613519550	1013.00	28.70	26.14	84.8	28.19	26.14	88.9	27.51	26.14	94.7	28.78	26.14	84.2
4/07/2018 1:25:51 PM	3613519551	1013.00	28.68	26.14	85.0	28.09	26.14	89.7	27.53	26.14	94.6	28.79	26.14	84.1
4/07/2018 1:25:52 PM	3613519552	1013.00	28.68	26.14	85.0	28.07	26.14	89.9	27.47	26.14	95.1	28.80	26.14	84.1
4/07/2018 1:25:53 PM	3613519553	1013.00	28.66	26.15	85.1	28.10	26.15	89.6	27.52	26.15	94.6	28.78	26.15	84.2
4/07/2018 1:25:54 PM	3613519554	1013.00	28.72	26.15	84.7	28.15	26.15	89.2	27.47	26.15	95.1	28.80	26.15	84.0
4/07/2018 1:25:55 PM	3613519555	1013.00	28.68	26.15	85.0	28.17	26.15	89.1	27.49	26.15	94.9	28.85	26.15	83.7
4/07/2018 1:25:56 PM	3613519556	1013.00	28.65	26.15	85.2	28.13	26.15	89.4	27.49	26.15	94.9	28.81	26.15	84.0
4/07/2018 1:25:57 PM	3613519557	1013.00	28.69	26.15	84.9	28.15	26.15	89.2	27.54	26.15	94.5	28.83	26.15	83.8
4/07/2018 1:25:58 PM	3613519558	1013.00	28.70	26.15	84.8	28.10	26.15	89.6	27.52	26.15	94.6	28.88	26.15	83.4
4/07/2018 1:25:59 PM	3613519559	1013.00	28.69	26.14	84.9	28.08	26.14	89.8	27.48	26.14	95.0	28.85	26.14	83.7
4/07/2018 1:26:00 PM	3613519560	1013.00	28.68	26.15	85.0	28.14	26.15	89.3	27.51	26.15	94.7	28.90	26.15	83.3
4/07/2018 1:26:01 PM	3613519561	1013.00	28.75	26.15	84.4	28.11	26.15	89.6	27.54	26.15	94.5	28.88	26.15	83.4
4/07/2018 1:26:02 PM	3613519562	1013.00	28.76	26.15	84.4	28.09	26.15	89.7	27.50	26.15	94.8	28.93	26.15	83.1
4/07/2018 1:26:03 PM	3613519563	1013.00	28.75	26.15	84.4	28.16	26.15	89.2	27.51	26.15	94.7	28.94	26.15	83.0
4/07/2018 1:26:04 PM	3613519564	1013.00	28.75	26.15	84.4	28.16	26.15	89.2	27.47	26.15	95.1	28.91	26.15	83.2
4/07/2018 1:26:05 PM	3613519565	1013.00	28.72	26.15	84.7	28.14	26.15	89.3	27.56	26.15	94.3	28.90	26.15	83.3
4/07/2018 1:26:06 PM	3613519566	1013.00	28.74	26.14	84.5	28.13	26.14	89.4	27.57	26.14	94.2	28.91	26.14	83.2
4/07/2018 1:26:07 PM	3613519567	1013.00	28.73	26.14	84.6	28.11	26.14	89.6	27.52	26.14	94.7	28.91	26.14	83.2
4/07/2018 1:26:08 PM	3613519568	1013.00	28.74	26.14	84.5	28.18	26.14	89.0	27.49	26.14	94.9	28.92	26.14	83.1
4/07/2018 1:26:09 PM	3613519569	1013.00	28.73	26.14	84.6	28.16	26.14	89.2	27.49	26.14	94.9	28.90	26.14	83.3
4/07/2018 1:26:10 PM	3613519570	1013.00	28.75	26.14	84.4	28.11	26.14	89.6	27.52	26.14	94.7	28.89	26.14	83.4
4/07/2018 1:26:11 PM	3613519571	1013.00	28.74	26.14	84.5	28.18	26.14	89.0	27.55	26.14	94.4	28.88	26.14	83.4
4/07/2018 1:26:12 PM	3613519572	1013.00	28.80	26.14	84.1	28.19	26.14	88.9	27.53	26.14	94.6	28.94	26.14	83.0
4/07/2018 1:26:13 PM	3613519573	1013.00	28.76	26.14	84.4	28.18	26.14	89.0	27.50	26.14	94.8	28.92	26.14	83.1
4/07/2018 1:26:14 PM	3613519574	1013.00	28.77	26.14	84.3	28.10	26.14	89.7	27.53	26.14	94.6	28.94	26.14	83.0
4/07/2018 1:26:15 PM	3613519575	1013.00	28.76	26.14	84.4	28.15	26.14	89.2	27.56	26.14	94.3	28.90	26.14	83.3
4/07/2018 1:26:16 PM	3613519576	1013.00	28.76	26.14	84.4	28.10	26.14	89.7	27.53	26.14	94.6	28.93	26.14	83.1
4/07/2018 1:26:17 PM	3613519577	1013.00	28.79	26.13	84.2	28.11	26.13	89.6	27.52	26.13	94.7	28.92	26.13	83.2
4/07/2018 1:26:18 PM	3613519578	1013.00	28.78	26.14	84.2	28.16	26.14	89.2	27.53	26.14	94.6	28.98	26.14	82.7
4/07/2018 1:26:19 PM	3613519579	1013.00	28.81	26.14	84.0	28.19	26.14	88.9	27.51	26.14	94.7	28.90	26.14	83.3
4/07/2018 1:26:20 PM	3613519580	1013.00	28.81	26.14	84.0	28.17	26.14	89.1	27.55	26.14	94.4	28.99	26.14	82.6
4/07/2018 1:26:21 PM	3613519581	1013.00	28.84	26.14	83.8	28.14	26.14	89.3	27.52	26.14	94.7	29.03	26.14	82.3
4/07/2018 1:26:22 PM	3613519582	1013.00	28.84	26.15	83.7	28.18	26.15	89.0	27.53	26.15	94.5	28.95	26.15	82.9
4/07/2018 1:26:23 PM	3613519583	1013.00	28.82	26.15	83.9	28.17	26.15	89.1	27.57	26.15	94.2	28.96	26.15	82.8
4/07/2018 1:26:24 PM	3613519584	1013.00	28.84	26.14	83.8	28.14	26.14	89.3	27.54	26.14	94.5	29.02	26.14	82.4
4/07/2018 1:26:25 PM	3613519585	1013.00	28.86	26.14	83.6	28.19	26.14	88.9	27.58	26.14	94.1	28.97	26.14	82.8
4/07/2018 1:26:26 PM	3613519586	1013.00	28.82	26.14	83.9	28.19	26.14	88.9	27.57	26.14	94.2	29.04	26.14	82.2
4/07/2018 1:26:27 PM	3613519587	1013.00	28.83	26.14	83.8	28.18	26.14	89.0	27.59	26.14	94.0	28.98	26.14	82.7
4/07/2018 1:26:28 PM	3613519588	1013.00	28.84	26.14	83.8	28.18	26.14	89.0	27.54	26.14	94.5	29.04	26.14	82.2
4/07/2018 1:26:29 PM	3613519589	1013.00	28.85	26.14	83.7	28.22	26.14	88.7	27.60	26.14	93.9	29.02	26.14	82.4
4/07/2018 1:26:30 PM	3613519590	1013.00	28.82	26.14	83.9	28.16	26.14	89.2	27.52	26.14	94.7	29.01	26.14	82.5
4/07/2018 1:26:31 PM	3613519591	1013.00	28.82	26.14	83.9	28.16	26.14	89.2	27.57	26.14	94.2	28.96	26.14	82.8
4/07/2018 1:26:32 PM	3613519592	1013.00	28.84	26.14	83.8	28.16	26.14	89.2	27.54	26.14	94.5	28.98	26.14	82.7
4/07/2018 1:26:33 PM	3613519593	1013.00	28.82	26.14	83.9	28.19	26.14	88.9	27.58	26.14	94.1	28.99	26.14	82.6
4/07/2018 1:26:34 PM	3613519594	1013.00	28.85	26.14	83.7	28.20	26.14	88.8	27.57	26.14	94.2	29.06	26.14	82.1
4/07/2018 1:26:35 PM	3613519595	1013.00	28.87	26.15	83.5	28.18	26.15	89.0	27.55	26.15	94.4	29.00	26.15	82.5
4/07/2018 1:26:36 PM	3613519596	1013.00	28.83	26.15	83.8	28.09	26.15	89.7	27.58	26.15	94.1	29.01	26.15	82.5
4/07/2018 1:26:37 PM	3613519597	1013.00	28.86	26.15	83.6	28.21	26.15	88.7	27.57	26.15	94.2	29.02	26.15	82.4
4/07/2018 1:26:38 PM	3613519598	1013.00	28.85	26.15	83.7	28.16	26.15	89.2	27.59	26.15	94.0	29.01	26.15	82.5
4/07/2018 1:26:39 PM	3613519599	1013.00	28.83	26.14	83.8	28.21	26.14	88.8	27.58	26.14	94.1	29.01	26.14	82.5
4/07/2018 1:26:40 PM	3613519600	1013.00	28.90	26.14	83.3	28.18	26.14	89.0	27.56	26.14	94.3	29.04	26.14	82.2
4/07/2018 1:26:41 PM	3613519601	1013.00	28.89	26.14	83.4	28.19	26.14	88.9	27.59	26.14	94.0	29.06	26.14	82.1
4/07/2018 1:26:42 PM	3613519602	1013.00	28.87	26.14	83.5	28.19	26.14	88.9	27.60	26.14	93.9	29.06	26.14	82.1
4/07/2018 1:26:43 PM	3613519603	1013.00	28.87	26.14	83.5	28.20	26.14	88.8	27.57	26.14	94.2	29.01	26.14	82.5
4/07/2018 1:26:44 PM	3613519604	1013.00	28.85	26.14	83.7	28.17	26.14	89.1	27.57	26.14	94.2	29.04	26.14	82.2
4/07/2018 1:26:45 PM	3613519605	1013.00	28.86	26.13	83.6	28.16	26.13	89.2	27.57	26.13	94.2	29.13	26.13	81.6
4/07/2018 1:26:46 PM	3613519606	1013.00	28.86	26.13	83.6	28.19	26.13	88.9	27.61	26.13	93.9	29.06	26.13	82.1
4/07/2018 1:26:47 PM	3613519607	1013.00	28.89	26.13	83.4	28.17	26.13	89.1	27.62	26.13	93.8	29.10	26.13	81.8
4/07/2018 1:26:48 PM	3613519608	1013.00	28.88	26.14	83.4	28.23	26.14	88.6	27.59	26.14	94.0	29.12	26.14	81.6
4/07/2018 1:26:49 PM	3613519609	1013.00	28.86	26.14	83.6	28.22	26.14	88.7	27.58	26.14	94.1	29.11	26.14	81.7
4/07/2018 1:26:50 PM	3613519610	1013.00	28.90	26.14	83.3	28.24	26.14	88.5	27.60	26.14	93.9	29.08	26.14	81.9
4/07/2018 1:26:51 PM	3613519611	1013.00	28.92	26.14	83.1	28.20	26.14	88.8	27.63	26.14	93.7	29.19	26.14	81.1
4/07/2018 1:26:52 PM	3613519612	1013.00	28.87	26.14	83.5	28.18	26.14	89.0	27.61	26.14	93.9	29.16	26.14	81.3
4/07/2018 1:26:53 PM	3613519613	1013.00	28.91	26.14	83.2	28.16	26.14	89.2	27.61	26.14	93.9	29.12	26.14	81.6
4/07/2018 1:26:54 PM	3613519614	1013.00	28.92	26.14	83.1	28.12	26.14	89.5	27.58	26.14	94.1	29.14	26.14	81.5
4/07/2018 1:26:55 PM	3613519615	1013.00	28.92	26.14	83.1	28.20	26.14	88.8	27.59	26.14	94.0	29.16	26.14	81.3
4/07/2018 1:26:56 PM	3613519616	1013.00	28.88	26.14	83.4	28.20	26.14	88.8	27.59	26.14	94.0	29.18	26.14	81.2
4/07/2018 1:26:57 PM	3613519617	1013.00	28.94	26.14	83.0	28.21	26.14	88.8	27.60	26.14	93.9	29.14	26.14	81.5
4/07/2018 1:26:58 PM	3613519618	1013.00	28.90	26.14	83.3	28.19	26.14	88.9	27.63	26.14	93.7	29.17	26.14	81.3
4/07/2018 1:26:59 PM	3613519619	1013.00	28.91	26.14	83.2	28.20	26.14	88.8	27.63	26.14	93.7	29.17	26.14	81.3
4/07/2018 1:27:00 PM	3613519620	1013.00	28.93	26.14	83.1	28.19	26.14	88.9	27.64	26.14	93.6	29.22	26.14	80.9
4/07/2018 1:27:01 PM	3613519621	1013.00	28.95	26.14	82.9	28.17	26.14	89.1	27.65	26.14	93.5	29.20	26.14	81.1
4/07/2018 1:27:02 PM	3613519622	1013.00	28.91	26.13	83.2	28.22	26.13	88.7	27.60	26.13	94.0	29.20	26.13	81.1
4/07/2018 1:27:03 PM	3613519623	1013.00	28.91	26.13	83.2	28.21	26.13	88.8	27.62	26.13	93.8	29.14	26.13	81.5
4/07/2018 1:27:04 PM	3613519624	1013.00	28.94	26.13	83.0	28.19	26.13	88.9	27.61	26.13	93.9	29.20	26.13	81.1
4/07/2018 1:27:05 PM	3613519625	1013.00	28.95	26.14	82.9	28.25	26.14	88.4	27.61	26.14	93.9	29.23	26.14	80.8
4/07/2018 1:27:06 PM	3613519626	1013.00	28.92	26.13	83.2	28.20	26.13	88.9	27.61	26.13	93.9	29.26	26.13	80.6
4/07/2018 1:27:07 PM	3613519627	1013.00	28.94	26.13	83.0	28.27	26.13	88.3	27.63	26.13	93.7	29.24	26.13	80.8
4/07/2018 1:27:08 PM	3613519628	1013.00	28.96	26.13	82.9	28.19	26.13	88.9	27.63	26.13	93.7	29.26	26.13	80.6
4/07/2018 1:27:09 PM	3613519629	1013.00	28.97	26.14	82.8	28.22	26.14	88.7	27.64	26.14	93.6	29.23	26.14	80.8
4/07/2018 1:27:10 PM	3613519630	1013.00	29.00	26.13	82.6	28.25	26.13	88.4	27.61	26.13	93.9	29.23	26.13	80.8
4/07/2018 1:27:11 PM	3613519631	1013.00	29.00	26.13	82.6	28.21	26.13	88.8	27.65	26.13	93.5	29.21	26.13	81.0
4/07/2018 1:27:12 PM	3613519632	1013.00	28.98	26.13	82.7	28.24	26.13	88.5	27.59	26.13	94.1	29.24	26.13	80.8
4/07/2018 1:27:13 PM	3613519633	1013.00	29.00	26.13	82.6	28.25	26.13	88.4	27.61	26.13	93.9	29.29	26.13	80.4
4/07/2018 1:27:14 PM	3613519634	1013.00	29.02	26.13	82.4	28.22	26.13	88.7	27.66	26.13	93.4	29.33	26.13	80.1
4/07/2018 1:27:15 PM	3613519635	1013.00	29.02	26.13	82.4	28.29	26.13	88.1	27.62	26.13	93.8	29.31	26.13	80.3
4/07/2018 1:27:16 PM	3613519636	1013.00	29.02	26.14	82.4	28.21	26.14	88.8	27.62	26.14	93.8	29.27	26.14	80.5
4/07/2018 1:27:17 PM	3613519637	1013.00	29.04	26.13	82.3	28.25	26.13	88.4	27.65	26.13	93.5	29.27	26.13	80.6
4/07/2018 1:27:18 PM	3613519638	1013.00	29.00	26.13	82.6	28.28	26.13	88.2	27.61	26.13	93.9	29.30	26.13	80.3
4/07/2018 1:27:19 PM	3613519639	1013.00	29.00	26.14	82.5	28.25	26.14	88.4	27.65	26.14	93.5	29.31	26.14	80.2
4/07/2018 1:27:20 PM	3613519640	1013.00	29.05	26.14	82.2	28.17	26.14	89.1	27.62	26.14	93.8	29.31	26.14	80.2
4/07/2018 1:27:21 PM	3613519641	1013.00	29.03	26.13	82.3	28.21	26.13	88.8	27.62	26.13	93.8	29.32	26.13	80.2
4/07/2018 1:27:22 PM	3613519642	1013.00	29.03	26.14	82.3	28.25	26.14	88.4	27.69	26.14	93.2	29.35	26.14	80.0
4/07/2018 1:27:23 PM	3613519643	1013.00	29.00	26.14	82.5	28.24	26.14	88.5	27.65	26.14	93.5	29.30	26.14	80.3
4/07/2018 1:27:24 PM	3613519644	1013.00	28.98	26.14	82.7	28.28	26.14	88.2	27.61	26.14	93.9	29.35	26.14	80.0
4/07/2018 1:27:25 PM	3613519645	1013.00	29.03	26.14	82.3	28.27	26.14	88.3	27.62	26.14	93.8	29.39	26.14	79.7
4/07/2018 1:27:26 PM	3613519646	1013.00	29.03	26.13	82.3	28.26	26.13	88.4	27.66	26.13	93.4	29.29	26.13	80.4
4/07/2018 1:27:27 PM	3613519647	1013.00	29.00	26.13	82.6	28.32	26.13	87.9	27.61	26.13	93.9	29.32	26.13	80.2
4/07/2018 1:27:28 PM	3613519648	1013.00	28.97	26.13	82.8	28.27	26.13	88.3	27.66	26.13	93.4	29.35	26.13	80.0
4/07/2018 1:27:29 PM	3613519649	1013.00	29.03	26.13	82.3	28.24	26.13	88.5	27.64	26.13	93.6	29.36	26.13	79.9
4/07/2018 1:27:30 PM	3613519650	1013.00	28.98	26.13	82.7	28.29	26.13	88.1	27.71	26.13	93.0	29.32	26.13	80.2
4/07/2018 1:27:31 PM	3613519651	1013.00	28.99	26.14	82.6	28.28	26.14	88.2	27.69	26.14	93.2	29.34	26.14	80.0
4/07/2018 1:27:32 PM	3613519652	1013.00	29.06	26.14	82.1	28.24	26.14	88.5	27.62	26.14	93.8	29.33	26.14	80.1
4/07/2018 1:27:33 PM	3613519653	1013.00	29.02	26.14	82.4	28.27	26.14	88.3	27.69	26.14	93.2	29.33	26.14	80.1
4/07/2018 1:27:34 PM	3613519654	1013.00	29.02	26.14	82.4	28.23	26.14	88.6	27.65	26.14	93.5	29.38	26.14	79.7
4/07/2018 1:27:35 PM	3613519655	1013.00	29.04	26.13	82.3	28.21	26.13	88.8	27.70	26.13	93.1	29.35	26.13	80.0
4/07/2018 1:27:36 PM	3613519656	1013.00	29.01	26.14	82.5	28.31	26.14	87.9	27.68	26.14	93.2	29.42	26.14	79.5
4/07/2018 1:27:37 PM	3613519657	1013.00	29.02	26.14	82.4	28.28	26.14	88.2	27.63	26.14	93.7	29.42	26.14	79.5
4/07/2018 1:27:38 PM	3613519658	1013.00	29.07	26.14	82.0	28.31	26.14	87.9	27.68	26.14	93.2	29.44	26.14	79.3
4/07/2018 1:27:39 PM	3613519659	1013.00	29.03	26.14	82.3	28.33	26.14	87.8	27.64	26.14	93.6	29.40	26.14	79.6
4/07/2018 1:27:40 PM	3613519660	1013.00	29.04	26.14	82.2	28.26	26.14	88.3	27.66	26.14	93.4	29.41	26.14	79.5
4/07/2018 1:27:41 PM	3613519661	1013.00	29.09	26.14	81.9	28.28	26.14	88.2	27.66	26.14	93.4	29.37	26.14	79.8
4/07/2018 1:27:42 PM	3613519662	1013.00	29.03	26.14	82.3	28.25	26.14	88.4	27.69	26.14	93.2	29.47	26.14	79.1
4/07/2018 1:27:43 PM	3613519663	1013.00	29.11	26.14	81.7	28.27	26.14	88.3	27.69	26.14	93.2	29.45	26.14	79.2
4/07/2018 1:27:44 PM	3613519664	1013.00	29.04	26.14	82.2	28.29	26.14	88.1	27.68	26.14	93.2	29.43	26.14	79.4
4/07/2018 1:27:45 PM	3613519665	1013.00	29.11	26.13	81.7	28.34	26.13	87.7	27.66	26.13	93.4	29.41	26.13	79.5
4/07/2018 1:27:46 PM	3613519666	1013.00	29.13	26.13	81.6	28.31	26.13	88.0	27.65	26.13	93.5	29.48	26.13	79.0
4/07/2018 1:27:47 PM	3613519667	1013.00	29.08	26.13	82.0	28.27	26.13	88.3	27.70	26.13	93.1	29.54	26.13	78.6
4/07/2018 1:27:48 PM	3613519668	1013.00	29.14	26.13	81.5	28.34	26.13	87.7	27.72	26.13	92.9	29.48	26.13	79.0
4/07/2018 1:27:49 PM	3613519669	1013.00	29.11	26.13	81.7	28.30	26.13	88.0	27.66	26.13	93.4	29.47	26.13	79.1
4/07/2018 1:27:50 PM	3613519670	1013.00	29.11	26.13	81.7	28.26	26.13	88.4	27.73	26.13	92.8	29.56	26.13	78.5
4/07/2018 1:27:51 PM	3613519671	1013.00	29.10	26.13	81.8	28.31	26.13	88.0	27.66	26.13	93.4	29.49	26.13	79.0
4/07/2018 1:27:52 PM	3613519672	1013.00	29.15	26.14	81.4	28.35	26.14	87.6	27.70	26.14	93.1	29.51	26.14	78.8
4/07/2018 1:27:53 PM	3613519673	1013.00	29.10	26.13	81.8	28.34	26.13	87.7	27.71	26.13	93.0	29.54	26.13	78.6
4/07/2018 1:27:54 PM	3613519674	1013.00	29.09	26.13	81.9	28.29	26.13	88.1	27.67	26.13	93.3	29.49	26.13	79.0
4/07/2018 1:27:55 PM	3613519675	1013.00	29.13	26.13	81.6	28.35	26.13	87.6	27.68	26.13	93.3	29.55	26.13	78.5
4/07/2018 1:27:56 PM	3613519676	1013.00	29.14	26.13	81.5	28.35	26.13	87.6	27.72	26.13	92.9	29.54	26.13	78.6
4/07/2018 1:27:57 PM	3613519677	1013.00	29.16	26.13	81.4	28.27	26.13	88.3	27.70	26.13	93.1	29.58	26.13	78.3
4/07/2018 1:27:58 PM	3613519678	1013.00	29.15	26.13	81.4	28.33	26.13	87.8	27.72	26.13	92.9	29.54	26.13	78.6
4/07/2018 1:27:59 PM	3613519679	1013.00	29.14	26.13	81.5	28.33	26.13	87.8	27.71	26.13	93.0	29.56	26.13	78.5
4/07/2018 1:28:00 PM	3613519680	1013.00	29.17	26.13	81.3	28.31	26.13	88.0	27.69	26.13	93.2	29.57	26.13	78.4
4/07/2018 1:28:01 PM	3613519681	1013.00	29.18	26.13	81.2	28.37	26.13	87.5	27.71	26.13	93.0	29.58	26.13	78.3
4/07/2018 1:28:02 PM	3613519682	1013.00	29.19	26.13	81.1	28.45	26.13	86.8	27.72	26.13	92.9	29.66	26.13	77.8
4/07/2018 1:28:03 PM	3613519683	1013.00	29.16	26.14	81.3	28.50	26.14	86.4	27.70	26.14	93.1	29.66	26.14	77.7
4/07/2018 1:28:04 PM	3613519684	1013.00	29.22	26.14	80.9	28.56	26.14	85.9	27.75	26.14	92.6	29.70	26.14	77.5
4/07/2018 1:28:05 PM	3613519685	1013.00	29.23	26.14	80.8	28.48	26.14	86.6	27.68	26.14	93.2	29.67	26.14	77.7
4/07/2018 1:28:06 PM	3613519686	1013.00	29.26	26.14	80.6	28.54	26.14	86.1	27.72	26.14	92.9	29.67	26.14	77.7
4/07/2018 1:28:07 PM	3613519687	1013.00	29.24	26.14	80.8	28.56	26.14	85.9	27.71	26.14	93.0	29.66	26.14	77.7
4/07/2018 1:28:08 PM	3613519688	1013.00	29.21	26.14	81.0	28.57	26.14	85.9	27.70	26.14	93.1	29.66	26.14	77.7
4/07/2018 1:28:09 PM	3613519689	1013.00	29.20	26.14	81.1	28.57	26.14	85.9	27.69	26.14	93.2	29.73	26.14	77.3
4/07/2018 1:28:10 PM	3613519690	1013.00	29.25	26.14	80.7	28.59	26.14	85.7	27.76	26.14	92.5	29.74	26.14	77.2
4/07/2018 1:28:11 PM	3613519691	1013.00	29.26	26.14	80.6	28.74	26.14	84.5	27.77	26.14	92.5	29.70	26.14	77.5
4/07/2018 1:28:12 PM	3613519692	1013.00	29.24	26.14	80.8	28.63	26.14	85.4	27.74	26.14	92.7	29.71	26.14	77.4
4/07/2018 1:28:13 PM	3613519693	1013.00	29.31	26.14	80.2	28.72	26.14	84.7	27.76	26.14	92.5	29.72	26.14	77.3
4/07/2018 1:28:14 PM	3613519694	1013.00	29.27	26.14	80.5	28.78	26.14	84.2	27.71	26.14	93.0	29.76	26.14	77.1
4/07/2018 1:28:15 PM	3613519695	1013.00	29.27	26.14	80.5	28.81	26.14	84.0	27.77	26.14	92.5	29.77	26.14	77.0
4/07/2018 1:28:16 PM	3613519696	1013.00	29.30	26.14	80.3	28.84	26.14	83.8	27.76	26.14	92.5	29.75	26.14	77.1
4/07/2018 1:28:17 PM	3613519697	1013.00	29.30	26.14	80.3	28.89	26.14	83.4	27.74	26.14	92.7	29.78	26.14	76.9
4/07/2018 1:28:18 PM	3613519698	1013.00	29.31	26.14	80.2	28.90	26.14	83.3	27.77	26.14	92.5	29.75	26.14	77.1
4/07/2018 1:28:19 PM	3613519699	1013.00	29.31	26.15	80.2	28.99	26.15	82.6	27.81	26.15	92.1	29.74	26.15	77.2
4/07/2018 1:28:20 PM	3613519700	1013.00	29.37	26.14	79.8	29.04	26.14	82.2	27.72	26.14	92.9	29.71	26.14	77.4
4/07/2018 1:28:21 PM	3613519701	1013.00	29.35	26.14	80.0	29.20	26.14	81.1	27.76	26.14	92.5	29.75	26.14	77.1
4/07/2018 1:28:22 PM	3613519702	1013.00	29.32	26.14	80.2	29.23	26.14	80.8	27.75	26.14	92.6	29.78	26.14	76.9
4/07/2018 1:28:23 PM	3613519703	1013.00	29.34	26.14	80.0	29.27	26.14	80.5	27.74	26.14	92.7	29.77	26.14	77.0
4/07/2018 1:28:24 PM	3613519704	1013.00	29.34	26.13	80.0	29.28	26.13	80.5	27.78	26.13	92.4	29.74	26.13	77.2
4/07/2018 1:28:25 PM	3613519705	1013.00	29.36	26.14	79.9	29.40	26.14	79.6	27.76	26.14	92.5	29.78	26.14	76.9
4/07/2018 1:28:26 PM	3613519706	1013.00	29.37	26.13	79.8	29.47	26.13	79.1	27.79	26.13	92.3	29.83	26.13	76.6
4/07/2018 1:28:27 PM	3613519707	1013.00	29.40	26.13	79.6	29.45	26.13	79.2	27.75	26.13	92.7	29.73	26.13	77.3
4/07/2018 1:28:28 PM	3613519708	1013.00	29.41	26.13	79.5	29.51	26.13	78.8	27.75	26.13	92.7	29.79	26.13	76.9
4/07/2018 1:28:29 PM	3613519709	1013.00	29.37	26.14	79.8	29.53	26.14	78.7	27.78	26.14	92.4	29.82	26.14	76.6
4/07/2018 1:28:30 PM	3613519710	1013.00	29.41	26.14	79.5	29.60	26.14	78.2	27.79	26.14	92.3	29.85	26.14	76.4
4/07/2018 1:28:31 PM	3613519711	1013.00	29.38	26.14	79.7	29.64	26.14	77.9	27.80	26.14	92.2	29.88	26.14	76.2
4/07/2018 1:28:32 PM	3613519712	1013.00	29.40	26.14	79.6	29.72	26.14	77.3	27.77	26.14	92.5	29.79	26.14	76.8
4/07/2018 1:28:33 PM	3613519713	1013.00	29.42	26.14	79.5	29.66	26.14	77.7	27.78	26.14	92.4	29.84	26.14	76.5
4/07/2018 1:28:34 PM	3613519714	1013.00	29.42	26.14	79.5	29.74	26.14	77.2	27.78	26.14	92.4	29.80	26.14	76.8
4/07/2018 1:28:35 PM	3613519715	1013.00	29.45	26.13	79.2	29.79	26.13	76.9	27.82	26.13	92.0	29.87	26.13	76.3
4/07/2018 1:28:36 PM	3613519716	1013.00	29.42	26.13	79.5	29.77	26.13	77.0	27.79	26.13	92.3	29.83	26.13	76.6
4/07/2018 1:28:37 PM	3613519717	1013.00	29.45	26.13	79.2	29.78	26.13	76.9	27.82	26.13	92.0	29.95	26.13	75.8
4/07/2018 1:28:38 PM	3613519718	1013.00	29.41	26.13	79.5	29.90	26.13	76.1	27.77	26.13	92.5	29.88	26.13	76.2
4/07/2018 1:28:39 PM	3613519719	1013.00	29.43	26.14	79.4	29.89	26.14	76.2	27.85	26.14	91.8	29.91	26.14	76.0
4/07/2018 1:28:40 PM	3613519720	1013.00	29.44	26.14	79.3	29.95	26.14	75.7	27.79	26.14	92.3	29.87	26.14	76.3
