Date & time of file creation	4/07/2018 1:31 PM													
Data file path	C:\Users\ameli\Desktop\Diego Barneche\04_07_2018\32_C_new_witrox_19.txt													
														
														
CALIBRATION DATA														
Parameter/Channel	N moving average	LO phase [r.U.]	HI phase [r.U.]	LO oxygen [%air saturation]	HI oxygen [%air saturation]	LO temperature [°C]	HI temperature [°C]	Salinity [‰]						
SDWD0003000199      , CH 1	1	59.46	26.95	0.00	100.00	26.00	26.08	0.000						
SDWD0003000199      , CH 2	1	59.46	26.95	0.00	100.00	26.00	26.08	0.000						
SDWD0003000199      , CH 3	1	59.46	26.95	0.00	100.00	26.00	26.08	0.000						
SDWD0003000199      , CH 4	1	59.46	26.95	0.00	100.00	26.00	26.08	0.000						
														
														
Date &Time [DD-MM-YYYY HH:MM:SS]	Time stamp code	Barometric pressure [hPa]	SDWD0003000199      , CH 1 phase [r.U.]	SDWD0003000199      , CH 1 temp [°C]	SDWD0003000199      , CH 1 O2 [% air saturation]	SDWD0003000199      , CH 2 phase [r.U.]	SDWD0003000199      , CH 2 temp [°C]	SDWD0003000199      , CH 2 O2 [% air saturation]	SDWD0003000199      , CH 3 phase [r.U.]	SDWD0003000199      , CH 3 temp [°C]	SDWD0003000199      , CH 3 O2 [% air saturation]	SDWD0003000199      , CH 4 phase [r.U.]	SDWD0003000199      , CH 4 temp [°C]	SDWD0003000199      , CH 4 O2 [% air saturation]
4/07/2018 1:32:19 PM	3613519939	1013.00	25.87	31.94	100.5	25.77	31.94	101.5	25.69	31.94	102.3	25.73	31.94	101.9
4/07/2018 1:32:20 PM	3613519940	1013.00	25.88	31.95	100.4	25.79	31.95	101.3	25.71	31.95	102.1	25.77	31.95	101.5
4/07/2018 1:32:21 PM	3613519941	1013.00	25.85	31.95	100.7	25.75	31.95	101.7	25.73	31.95	101.9	25.76	31.95	101.6
4/07/2018 1:32:22 PM	3613519942	1013.00	25.87	31.95	100.5	25.77	31.95	101.5	25.71	31.95	102.1	25.75	31.95	101.7
4/07/2018 1:32:23 PM	3613519943	1013.00	25.88	31.96	100.4	25.80	31.96	101.2	25.73	31.96	101.9	25.78	31.96	101.4
4/07/2018 1:32:24 PM	3613519944	1013.00	25.87	31.95	100.5	25.76	31.95	101.6	25.71	31.95	102.1	25.75	31.95	101.7
4/07/2018 1:32:25 PM	3613519945	1013.00	25.87	31.95	100.5	25.76	31.95	101.6	25.73	31.95	101.9	25.75	31.95	101.7
4/07/2018 1:32:26 PM	3613519946	1013.00	25.87	31.95	100.5	25.78	31.95	101.4	25.73	31.95	101.9	25.76	31.95	101.6
4/07/2018 1:32:27 PM	3613519947	1013.00	25.86	31.95	100.6	25.74	31.95	101.8	25.71	31.95	102.1	25.76	31.95	101.6
4/07/2018 1:32:28 PM	3613519948	1013.00	25.86	31.95	100.6	25.81	31.95	101.1	25.74	31.95	101.8	25.73	31.95	101.9
4/07/2018 1:32:29 PM	3613519949	1013.00	25.87	31.96	100.5	25.81	31.96	101.1	25.74	31.96	101.8	25.74	31.96	101.8
4/07/2018 1:32:30 PM	3613519950	1013.00	25.87	31.96	100.5	25.76	31.96	101.6	25.74	31.96	101.8	25.73	31.96	101.9
4/07/2018 1:32:31 PM	3613519951	1013.00	25.86	31.96	100.6	25.78	31.96	101.4	25.71	31.96	102.1	25.73	31.96	101.9
4/07/2018 1:32:32 PM	3613519952	1013.00	25.87	31.96	100.5	25.69	31.96	102.3	25.76	31.96	101.6	25.75	31.96	101.7
4/07/2018 1:32:33 PM	3613519953	1013.00	25.89	31.95	100.3	25.73	31.95	101.9	25.72	31.95	102.0	25.75	31.95	101.7
4/07/2018 1:32:34 PM	3613519954	1013.00	25.85	31.95	100.7	25.76	31.95	101.6	25.76	31.95	101.6	25.77	31.95	101.5
4/07/2018 1:32:35 PM	3613519955	1013.00	25.89	31.95	100.3	25.81	31.95	101.1	25.72	31.95	102.0	25.75	31.95	101.7
4/07/2018 1:32:36 PM	3613519956	1013.00	25.86	31.94	100.6	25.70	31.94	102.2	25.73	31.94	101.9	25.75	31.94	101.7
4/07/2018 1:32:37 PM	3613519957	1013.00	25.89	31.94	100.4	25.79	31.94	101.3	25.74	31.94	101.8	25.77	31.94	101.5
4/07/2018 1:32:38 PM	3613519958	1013.00	25.87	31.95	100.5	25.77	31.95	101.5	25.70	31.95	102.2	25.76	31.95	101.6
4/07/2018 1:32:39 PM	3613519959	1013.00	25.87	31.95	100.5	25.79	31.95	101.3	25.77	31.95	101.5	25.77	31.95	101.5
4/07/2018 1:32:40 PM	3613519960	1013.00	25.87	31.95	100.5	25.75	31.95	101.7	25.72	31.95	102.0	25.77	31.95	101.5
4/07/2018 1:32:41 PM	3613519961	1013.00	25.89	31.95	100.3	25.78	31.95	101.4	25.75	31.95	101.7	25.73	31.95	101.9
4/07/2018 1:32:42 PM	3613519962	1013.00	25.90	31.95	100.2	25.74	31.95	101.8	25.72	31.95	102.0	25.75	31.95	101.7
4/07/2018 1:32:43 PM	3613519963	1013.00	25.86	31.96	100.6	25.79	31.96	101.3	25.71	31.96	102.1	25.73	31.96	101.9
4/07/2018 1:32:44 PM	3613519964	1013.00	25.87	31.95	100.5	25.75	31.95	101.7	25.73	31.95	101.9	25.76	31.95	101.6
4/07/2018 1:32:45 PM	3613519965	1013.00	25.90	31.95	100.2	25.70	31.95	102.2	25.74	31.95	101.8	25.74	31.95	101.8
4/07/2018 1:32:46 PM	3613519966	1013.00	25.88	31.95	100.4	25.73	31.95	101.9	25.78	31.95	101.4	25.78	31.95	101.4
4/07/2018 1:32:47 PM	3613519967	1013.00	25.88	31.95	100.4	25.80	31.95	101.2	25.77	31.95	101.5	25.77	31.95	101.5
4/07/2018 1:32:48 PM	3613519968	1013.00	25.90	31.95	100.2	25.75	31.95	101.7	25.71	31.95	102.1	25.77	31.95	101.5
4/07/2018 1:32:49 PM	3613519969	1013.00	25.90	31.95	100.2	25.78	31.95	101.4	25.78	31.95	101.4	25.73	31.95	101.9
4/07/2018 1:32:50 PM	3613519970	1013.00	25.90	31.95	100.2	25.70	31.95	102.2	25.71	31.95	102.1	25.74	31.95	101.8
4/07/2018 1:32:51 PM	3613519971	1013.00	25.93	31.95	99.9	25.87	31.95	100.5	25.74	31.95	101.8	25.73	31.95	101.9
4/07/2018 1:32:52 PM	3613519972	1013.00	25.89	31.95	100.3	25.73	31.95	101.9	25.75	31.95	101.7	25.76	31.95	101.6
4/07/2018 1:32:53 PM	3613519973	1013.00	25.87	31.95	100.5	25.74	31.95	101.8	25.75	31.95	101.7	25.77	31.95	101.5
4/07/2018 1:32:54 PM	3613519974	1013.00	25.90	31.95	100.2	25.74	31.95	101.8	25.72	31.95	102.0	25.74	31.95	101.8
4/07/2018 1:32:55 PM	3613519975	1013.00	25.92	31.95	100.0	25.76	31.95	101.6	25.73	31.95	101.9	25.78	31.95	101.4
4/07/2018 1:32:56 PM	3613519976	1013.00	25.89	31.94	100.4	25.80	31.94	101.2	25.73	31.94	101.9	25.77	31.94	101.5
4/07/2018 1:32:57 PM	3613519977	1013.00	25.92	31.94	100.1	25.71	31.94	102.1	25.75	31.94	101.7	25.77	31.94	101.5
4/07/2018 1:32:58 PM	3613519978	1013.00	25.94	31.93	99.9	25.76	31.93	101.7	25.76	31.93	101.7	25.73	31.93	102.0
4/07/2018 1:32:59 PM	3613519979	1013.00	25.91	31.94	100.2	25.76	31.94	101.6	25.78	31.94	101.4	25.77	31.94	101.5
4/07/2018 1:33:00 PM	3613519980	1013.00	25.96	31.94	99.7	25.73	31.94	101.9	25.78	31.94	101.4	25.75	31.94	101.7
4/07/2018 1:33:01 PM	3613519981	1013.00	25.94	31.94	99.9	25.75	31.94	101.7	25.81	31.94	101.1	25.75	31.94	101.7
4/07/2018 1:33:02 PM	3613519982	1013.00	25.95	31.94	99.8	25.78	31.94	101.4	25.76	31.94	101.6	25.76	31.94	101.6
4/07/2018 1:33:03 PM	3613519983	1013.00	25.92	31.94	100.1	25.72	31.94	102.0	25.76	31.94	101.6	25.74	31.94	101.8
4/07/2018 1:33:04 PM	3613519984	1013.00	25.92	31.93	100.1	25.76	31.93	101.7	25.75	31.93	101.8	25.74	31.93	101.9
4/07/2018 1:33:05 PM	3613519985	1013.00	25.91	31.93	100.2	25.75	31.93	101.8	25.76	31.93	101.7	25.75	31.93	101.8
4/07/2018 1:33:06 PM	3613519986	1013.00	25.98	31.93	99.5	25.80	31.93	101.3	25.79	31.93	101.4	25.75	31.93	101.8
4/07/2018 1:33:07 PM	3613519987	1013.00	25.93	31.93	100.0	25.78	31.93	101.5	25.78	31.93	101.5	25.73	31.93	102.0
4/07/2018 1:33:08 PM	3613519988	1013.00	25.96	31.93	99.7	25.78	31.93	101.5	25.79	31.93	101.4	25.74	31.93	101.9
4/07/2018 1:33:09 PM	3613519989	1013.00	25.91	31.93	100.2	25.84	31.93	100.9	25.77	31.93	101.6	25.78	31.93	101.5
4/07/2018 1:33:10 PM	3613519990	1013.00	25.98	31.93	99.5	25.76	31.93	101.7	25.72	31.93	102.1	25.77	31.93	101.6
4/07/2018 1:33:11 PM	3613519991	1013.00	25.95	31.94	99.8	25.75	31.94	101.7	25.79	31.94	101.3	25.77	31.94	101.5
4/07/2018 1:33:12 PM	3613519992	1013.00	25.95	31.94	99.8	25.83	31.94	100.9	25.77	31.94	101.5	25.76	31.94	101.6
4/07/2018 1:33:13 PM	3613519993	1013.00	25.94	31.94	99.9	25.83	31.94	100.9	25.81	31.94	101.1	25.73	31.94	101.9
4/07/2018 1:33:14 PM	3613519994	1013.00	25.95	31.94	99.8	25.75	31.94	101.7	25.78	31.94	101.4	25.78	31.94	101.4
4/07/2018 1:33:15 PM	3613519995	1013.00	25.98	31.94	99.5	25.78	31.94	101.4	25.77	31.94	101.5	25.77	31.94	101.5
4/07/2018 1:33:16 PM	3613519996	1013.00	25.98	31.94	99.5	25.72	31.94	102.0	25.81	31.94	101.1	25.74	31.94	101.8
4/07/2018 1:33:17 PM	3613519997	1013.00	25.98	31.94	99.5	25.83	31.94	100.9	25.76	31.94	101.6	25.72	31.94	102.0
4/07/2018 1:33:18 PM	3613519998	1013.00	26.00	31.95	99.3	25.74	31.95	101.8	25.80	31.95	101.2	25.78	31.95	101.4
4/07/2018 1:33:19 PM	3613519999	1013.00	25.99	31.94	99.4	25.83	31.94	100.9	25.80	31.94	101.2	25.75	31.94	101.7
4/07/2018 1:33:20 PM	3613520000	1013.00	25.97	31.94	99.6	25.73	31.94	101.9	25.80	31.94	101.2	25.75	31.94	101.7
4/07/2018 1:33:21 PM	3613520001	1013.00	25.96	31.94	99.7	25.78	31.94	101.4	25.82	31.94	101.0	25.73	31.94	101.9
4/07/2018 1:33:22 PM	3613520002	1013.00	25.98	31.93	99.5	25.72	31.93	102.1	25.79	31.93	101.4	25.77	31.93	101.6
4/07/2018 1:33:23 PM	3613520003	1013.00	26.03	31.92	99.0	25.82	31.92	101.1	25.78	31.92	101.5	25.77	31.92	101.6
4/07/2018 1:33:24 PM	3613520004	1013.00	25.97	31.92	99.6	25.88	31.92	100.5	25.79	31.92	101.4	25.76	31.92	101.7
4/07/2018 1:33:25 PM	3613520005	1013.00	25.99	31.93	99.4	25.74	31.93	101.9	25.78	31.93	101.5	25.79	31.93	101.4
4/07/2018 1:33:26 PM	3613520006	1013.00	25.96	31.93	99.7	25.80	31.93	101.3	25.77	31.93	101.6	25.75	31.93	101.8
4/07/2018 1:33:27 PM	3613520007	1013.00	26.01	31.92	99.2	25.84	31.92	100.9	25.80	31.92	101.3	25.75	31.92	101.8
4/07/2018 1:33:28 PM	3613520008	1013.00	25.99	31.92	99.4	25.77	31.92	101.6	25.78	31.92	101.5	25.74	31.92	101.9
4/07/2018 1:33:29 PM	3613520009	1013.00	26.01	31.92	99.2	25.84	31.92	100.9	25.79	31.92	101.4	25.72	31.92	102.1
4/07/2018 1:33:30 PM	3613520010	1013.00	26.02	31.91	99.1	25.80	31.91	101.3	25.82	31.91	101.1	25.78	31.91	101.5
4/07/2018 1:33:31 PM	3613520011	1013.00	26.01	31.91	99.2	25.79	31.91	101.4	25.84	31.91	100.9	25.74	31.91	101.9
4/07/2018 1:33:32 PM	3613520012	1013.00	26.02	31.92	99.1	25.80	31.92	101.3	25.80	31.92	101.3	25.75	31.92	101.8
4/07/2018 1:33:33 PM	3613520013	1013.00	26.01	31.92	99.2	25.86	31.92	100.7	25.79	31.92	101.4	25.74	31.92	101.9
4/07/2018 1:33:34 PM	3613520014	1013.00	26.03	31.92	99.0	25.84	31.92	100.9	25.85	31.92	100.8	25.78	31.92	101.5
4/07/2018 1:33:35 PM	3613520015	1013.00	26.02	31.92	99.1	25.81	31.92	101.2	25.81	31.92	101.2	25.76	31.92	101.7
4/07/2018 1:33:36 PM	3613520016	1013.00	26.01	31.92	99.2	25.75	31.92	101.8	25.81	31.92	101.2	25.75	31.92	101.8
4/07/2018 1:33:37 PM	3613520017	1013.00	26.05	31.92	98.8	25.84	31.92	100.9	25.80	31.92	101.3	25.74	31.92	101.9
4/07/2018 1:33:38 PM	3613520018	1013.00	26.00	31.92	99.3	25.81	31.92	101.2	25.77	31.92	101.6	25.76	31.92	101.7
4/07/2018 1:33:39 PM	3613520019	1013.00	26.05	31.92	98.8	25.80	31.92	101.3	25.78	31.92	101.5	25.74	31.92	101.9
4/07/2018 1:33:40 PM	3613520020	1013.00	26.06	31.91	98.8	25.86	31.91	100.7	25.83	31.91	101.0	25.75	31.91	101.8
4/07/2018 1:33:41 PM	3613520021	1013.00	26.04	31.91	98.9	25.82	31.91	101.1	25.84	31.91	100.9	25.75	31.91	101.8
4/07/2018 1:33:42 PM	3613520022	1013.00	26.05	31.91	98.8	25.84	31.91	100.9	25.81	31.91	101.2	25.77	31.91	101.6
4/07/2018 1:33:43 PM	3613520023	1013.00	26.04	31.91	98.9	25.84	31.91	100.9	25.86	31.91	100.7	25.76	31.91	101.7
4/07/2018 1:33:44 PM	3613520024	1013.00	26.02	31.91	99.1	25.85	31.91	100.8	25.84	31.91	100.9	25.77	31.91	101.6
4/07/2018 1:33:45 PM	3613520025	1013.00	26.10	31.91	98.4	25.77	31.91	101.6	25.84	31.91	100.9	25.75	31.91	101.8
4/07/2018 1:33:46 PM	3613520026	1013.00	26.04	31.90	99.0	25.84	31.90	100.9	25.82	31.90	101.1	25.74	31.90	101.9
4/07/2018 1:33:47 PM	3613520027	1013.00	26.05	31.91	98.8	25.83	31.91	101.0	25.80	31.91	101.3	25.73	31.91	102.0
4/07/2018 1:33:48 PM	3613520028	1013.00	26.07	31.91	98.7	25.84	31.91	100.9	25.84	31.91	100.9	25.77	31.91	101.6
4/07/2018 1:33:49 PM	3613520029	1013.00	26.07	31.91	98.7	25.79	31.91	101.4	25.83	31.91	101.0	25.76	31.91	101.7
4/07/2018 1:33:50 PM	3613520030	1013.00	26.07	31.91	98.7	25.80	31.91	101.3	25.82	31.91	101.1	25.73	31.91	102.0
4/07/2018 1:33:51 PM	3613520031	1013.00	26.06	31.91	98.8	25.80	31.91	101.3	25.84	31.91	100.9	25.75	31.91	101.8
4/07/2018 1:33:52 PM	3613520032	1013.00	26.09	31.91	98.5	25.82	31.91	101.1	25.84	31.91	100.9	25.73	31.91	102.0
4/07/2018 1:33:53 PM	3613520033	1013.00	26.09	31.91	98.5	25.80	31.91	101.3	25.86	31.91	100.7	25.76	31.91	101.7
4/07/2018 1:33:54 PM	3613520034	1013.00	26.06	31.91	98.8	25.84	31.91	100.9	25.83	31.91	101.0	25.75	31.91	101.8
4/07/2018 1:33:55 PM	3613520035	1013.00	26.08	31.91	98.6	25.82	31.91	101.1	25.84	31.91	100.9	25.77	31.91	101.6
4/07/2018 1:33:56 PM	3613520036	1013.00	26.08	31.91	98.6	25.83	31.91	101.0	25.85	31.91	100.8	25.75	31.91	101.8
4/07/2018 1:33:57 PM	3613520037	1013.00	26.10	31.90	98.4	25.88	31.90	100.5	25.87	31.90	100.6	25.77	31.90	101.6
4/07/2018 1:33:58 PM	3613520038	1013.00	26.12	31.90	98.2	25.85	31.90	100.8	25.85	31.90	100.8	25.75	31.90	101.8
4/07/2018 1:33:59 PM	3613520039	1013.00	26.10	31.90	98.4	25.83	31.90	101.0	25.85	31.90	100.8	25.77	31.90	101.6
4/07/2018 1:34:00 PM	3613520040	1013.00	26.13	31.90	98.1	25.84	31.90	100.9	25.86	31.90	100.7	25.76	31.90	101.7
4/07/2018 1:34:01 PM	3613520041	1013.00	26.10	31.90	98.4	25.81	31.90	101.2	25.85	31.90	100.8	25.76	31.90	101.7
4/07/2018 1:34:02 PM	3613520042	1013.00	26.13	31.90	98.1	25.81	31.90	101.2	25.83	31.90	101.0	25.76	31.90	101.7
4/07/2018 1:34:03 PM	3613520043	1013.00	26.13	31.90	98.1	25.88	31.90	100.5	25.86	31.90	100.7	25.74	31.90	101.9
4/07/2018 1:34:04 PM	3613520044	1013.00	26.17	31.90	97.7	25.91	31.90	100.2	25.89	31.90	100.4	25.77	31.90	101.6
4/07/2018 1:34:05 PM	3613520045	1013.00	26.12	31.90	98.2	25.94	31.90	99.9	25.87	31.90	100.6	25.79	31.90	101.4
4/07/2018 1:34:06 PM	3613520046	1013.00	26.16	31.90	97.8	25.87	31.90	100.6	25.86	31.90	100.7	25.75	31.90	101.8
4/07/2018 1:34:07 PM	3613520047	1013.00	26.17	31.89	97.7	25.86	31.89	100.7	25.87	31.89	100.6	25.75	31.89	101.8
4/07/2018 1:34:08 PM	3613520048	1013.00	26.13	31.89	98.1	25.85	31.89	100.8	25.85	31.89	100.8	25.79	31.89	101.4
4/07/2018 1:34:09 PM	3613520049	1013.00	26.15	31.90	97.9	25.91	31.90	100.2	25.91	31.90	100.2	25.76	31.90	101.7
4/07/2018 1:34:10 PM	3613520050	1013.00	26.14	31.89	98.0	25.95	31.89	99.8	25.86	31.89	100.7	25.76	31.89	101.7
4/07/2018 1:34:11 PM	3613520051	1013.00	26.17	31.89	97.7	25.83	31.89	101.0	25.86	31.89	100.7	25.75	31.89	101.8
4/07/2018 1:34:12 PM	3613520052	1013.00	26.20	31.89	97.5	25.87	31.89	100.6	25.84	31.89	100.9	25.74	31.89	101.9
4/07/2018 1:34:13 PM	3613520053	1013.00	26.16	31.89	97.8	25.86	31.89	100.7	25.91	31.89	100.2	25.76	31.89	101.7
4/07/2018 1:34:14 PM	3613520054	1013.00	26.19	31.88	97.6	25.89	31.88	100.5	25.89	31.88	100.5	25.74	31.88	101.9
4/07/2018 1:34:15 PM	3613520055	1013.00	26.18	31.88	97.7	25.93	31.88	100.1	25.90	31.88	100.4	25.78	31.88	101.5
4/07/2018 1:34:16 PM	3613520056	1013.00	26.18	31.89	97.6	25.93	31.89	100.0	25.84	31.89	100.9	25.77	31.89	101.6
4/07/2018 1:34:17 PM	3613520057	1013.00	26.19	31.89	97.5	25.89	31.89	100.4	25.89	31.89	100.4	25.75	31.89	101.8
4/07/2018 1:34:18 PM	3613520058	1013.00	26.21	31.88	97.4	25.89	31.88	100.5	25.85	31.88	100.8	25.72	31.88	102.1
4/07/2018 1:34:19 PM	3613520059	1013.00	26.22	31.88	97.3	25.88	31.88	100.6	25.87	31.88	100.6	25.77	31.88	101.6
4/07/2018 1:34:20 PM	3613520060	1013.00	26.20	31.88	97.5	25.95	31.88	99.9	25.87	31.88	100.6	25.76	31.88	101.7
4/07/2018 1:34:21 PM	3613520061	1013.00	26.24	31.87	97.1	25.84	31.87	101.0	25.87	31.87	100.7	25.78	31.87	101.6
4/07/2018 1:34:22 PM	3613520062	1013.00	26.22	31.88	97.3	25.93	31.88	100.1	25.88	31.88	100.6	25.75	31.88	101.8
4/07/2018 1:34:23 PM	3613520063	1013.00	26.23	31.88	97.2	25.90	31.88	100.4	25.88	31.88	100.6	25.76	31.88	101.7
4/07/2018 1:34:24 PM	3613520064	1013.00	26.21	31.88	97.4	25.92	31.88	100.2	25.89	31.88	100.5	25.74	31.88	101.9
4/07/2018 1:34:25 PM	3613520065	1013.00	26.25	31.88	97.0	25.98	31.88	99.6	25.90	31.88	100.4	25.76	31.88	101.7
4/07/2018 1:34:26 PM	3613520066	1013.00	26.25	31.88	97.0	25.93	31.88	100.1	25.90	31.88	100.4	25.77	31.88	101.6
4/07/2018 1:34:27 PM	3613520067	1013.00	26.23	31.87	97.2	25.95	31.87	99.9	25.91	31.87	100.3	25.77	31.87	101.7
4/07/2018 1:34:28 PM	3613520068	1013.00	26.28	31.87	96.7	25.94	31.87	100.0	25.88	31.87	100.6	25.77	31.87	101.7
4/07/2018 1:34:29 PM	3613520069	1013.00	26.22	31.87	97.3	25.98	31.87	99.6	25.91	31.87	100.3	25.78	31.87	101.6
4/07/2018 1:34:30 PM	3613520070	1013.00	26.27	31.87	96.8	25.96	31.87	99.8	25.91	31.87	100.3	25.76	31.87	101.8
4/07/2018 1:34:31 PM	3613520071	1013.00	26.24	31.87	97.1	25.96	31.87	99.8	25.88	31.87	100.6	25.77	31.87	101.7
4/07/2018 1:34:32 PM	3613520072	1013.00	26.26	31.86	96.9	25.98	31.86	99.6	25.91	31.86	100.3	25.77	31.86	101.7
4/07/2018 1:34:33 PM	3613520073	1013.00	26.29	31.87	96.6	25.91	31.87	100.3	25.90	31.87	100.4	25.78	31.87	101.6
4/07/2018 1:34:34 PM	3613520074	1013.00	26.26	31.86	96.9	25.93	31.86	100.1	25.89	31.86	100.5	25.76	31.86	101.8
4/07/2018 1:34:35 PM	3613520075	1013.00	26.24	31.86	97.1	25.93	31.86	100.1	25.91	31.86	100.3	25.77	31.86	101.7
4/07/2018 1:34:36 PM	3613520076	1013.00	26.29	31.86	96.7	25.98	31.86	99.6	25.87	31.86	100.7	25.75	31.86	101.9
4/07/2018 1:34:37 PM	3613520077	1013.00	26.30	31.86	96.6	26.00	31.86	99.4	25.91	31.86	100.3	25.75	31.86	101.9
4/07/2018 1:34:38 PM	3613520078	1013.00	26.29	31.85	96.7	25.96	31.85	99.8	25.92	31.85	100.2	25.78	31.85	101.6
4/07/2018 1:34:39 PM	3613520079	1013.00	26.26	31.85	96.9	25.92	31.85	100.2	25.94	31.85	100.0	25.77	31.85	101.7
4/07/2018 1:34:40 PM	3613520080	1013.00	26.31	31.85	96.5	25.91	31.85	100.3	25.92	31.85	100.2	25.75	31.85	101.9
4/07/2018 1:34:41 PM	3613520081	1013.00	26.29	31.85	96.7	25.98	31.85	99.6	25.91	31.85	100.3	25.77	31.85	101.7
4/07/2018 1:34:42 PM	3613520082	1013.00	26.32	31.85	96.4	26.01	31.85	99.3	25.92	31.85	100.2	25.77	31.85	101.7
4/07/2018 1:34:43 PM	3613520083	1013.00	26.32	31.86	96.4	25.99	31.86	99.5	25.95	31.86	99.9	25.75	31.86	101.9
4/07/2018 1:34:44 PM	3613520084	1013.00	26.30	31.86	96.6	26.00	31.86	99.4	25.95	31.86	99.9	25.77	31.86	101.7
4/07/2018 1:34:45 PM	3613520085	1013.00	26.36	31.87	96.0	25.89	31.87	100.5	25.93	31.87	100.1	25.74	31.87	102.0
4/07/2018 1:34:46 PM	3613520086	1013.00	26.35	31.87	96.1	26.02	31.87	99.2	25.97	31.87	99.7	25.78	31.87	101.6
4/07/2018 1:34:47 PM	3613520087	1013.00	26.31	31.87	96.4	25.99	31.87	99.5	25.96	31.87	99.8	25.77	31.87	101.7
4/07/2018 1:34:48 PM	3613520088	1013.00	26.38	31.88	95.8	25.97	31.88	99.7	25.95	31.88	99.9	25.78	31.88	101.5
4/07/2018 1:34:49 PM	3613520089	1013.00	26.36	31.88	96.0	25.98	31.88	99.6	25.95	31.88	99.9	25.78	31.88	101.5
4/07/2018 1:34:50 PM	3613520090	1013.00	26.35	31.88	96.1	25.98	31.88	99.6	25.96	31.88	99.8	25.76	31.88	101.7
4/07/2018 1:34:51 PM	3613520091	1013.00	26.39	31.88	95.7	26.01	31.88	99.3	25.96	31.88	99.8	25.74	31.88	101.9
4/07/2018 1:34:52 PM	3613520092	1013.00	26.38	31.88	95.8	25.97	31.88	99.7	25.96	31.88	99.8	25.75	31.88	101.8
4/07/2018 1:34:53 PM	3613520093	1013.00	26.36	31.88	96.0	26.05	31.88	98.9	25.97	31.88	99.7	25.75	31.88	101.8
4/07/2018 1:34:54 PM	3613520094	1013.00	26.39	31.88	95.7	26.02	31.88	99.2	25.99	31.88	99.5	25.75	31.88	101.8
4/07/2018 1:34:55 PM	3613520095	1013.00	26.40	31.88	95.6	26.03	31.88	99.1	25.99	31.88	99.5	25.77	31.88	101.6
4/07/2018 1:34:56 PM	3613520096	1013.00	26.43	31.88	95.3	26.09	31.88	98.5	25.99	31.88	99.5	25.77	31.88	101.6
4/07/2018 1:34:57 PM	3613520097	1013.00	26.38	31.89	95.8	26.06	31.89	98.8	26.00	31.89	99.4	25.79	31.89	101.4
4/07/2018 1:34:58 PM	3613520098	1013.00	26.45	31.89	95.1	26.03	31.89	99.1	25.96	31.89	99.8	25.75	31.89	101.8
4/07/2018 1:34:59 PM	3613520099	1013.00	26.41	31.88	95.5	26.05	31.88	98.9	25.99	31.88	99.5	25.75	31.88	101.8
4/07/2018 1:35:00 PM	3613520100	1013.00	26.42	31.88	95.4	26.08	31.88	98.6	26.00	31.88	99.4	25.75	31.88	101.8
4/07/2018 1:35:01 PM	3613520101	1013.00	26.42	31.88	95.4	26.06	31.88	98.8	26.03	31.88	99.1	25.77	31.88	101.6
4/07/2018 1:35:02 PM	3613520102	1013.00	26.39	31.89	95.7	26.06	31.89	98.8	25.98	31.89	99.6	25.78	31.89	101.5
4/07/2018 1:35:03 PM	3613520103	1013.00	26.43	31.89	95.3	26.10	31.89	98.4	25.94	31.89	99.9	25.77	31.89	101.6
4/07/2018 1:35:04 PM	3613520104	1013.00	26.46	31.89	95.0	26.06	31.89	98.8	26.02	31.89	99.2	25.75	31.89	101.8
4/07/2018 1:35:05 PM	3613520105	1013.00	26.46	31.89	95.0	26.09	31.89	98.5	26.00	31.89	99.4	25.79	31.89	101.4
4/07/2018 1:35:06 PM	3613520106	1013.00	26.45	31.89	95.1	26.09	31.89	98.5	26.03	31.89	99.1	25.77	31.89	101.6
4/07/2018 1:35:07 PM	3613520107	1013.00	26.46	31.89	95.0	26.07	31.89	98.7	25.99	31.89	99.5	25.78	31.89	101.5
4/07/2018 1:35:08 PM	3613520108	1013.00	26.46	31.89	95.0	26.07	31.89	98.7	26.02	31.89	99.2	25.76	31.89	101.7
4/07/2018 1:35:09 PM	3613520109	1013.00	26.43	31.88	95.3	26.09	31.88	98.5	26.04	31.88	99.0	25.76	31.88	101.7
4/07/2018 1:35:10 PM	3613520110	1013.00	26.48	31.88	94.9	26.12	31.88	98.2	26.03	31.88	99.1	25.76	31.88	101.7
4/07/2018 1:35:11 PM	3613520111	1013.00	26.46	31.89	95.0	26.13	31.89	98.1	26.01	31.89	99.3	25.74	31.89	101.9
4/07/2018 1:35:12 PM	3613520112	1013.00	26.46	31.89	95.0	26.06	31.89	98.8	26.06	31.89	98.8	25.75	31.89	101.8
4/07/2018 1:35:13 PM	3613520113	1013.00	26.47	31.89	94.9	26.09	31.89	98.5	26.04	31.89	99.0	25.79	31.89	101.4
4/07/2018 1:35:14 PM	3613520114	1013.00	26.49	31.89	94.8	26.15	31.89	97.9	26.06	31.89	98.8	25.77	31.89	101.6
4/07/2018 1:35:15 PM	3613520115	1013.00	26.49	31.90	94.7	26.11	31.90	98.3	26.01	31.90	99.3	25.79	31.90	101.4
4/07/2018 1:35:16 PM	3613520116	1013.00	26.48	31.90	94.8	26.17	31.90	97.7	26.05	31.90	98.9	25.79	31.90	101.4
4/07/2018 1:35:17 PM	3613520117	1013.00	26.50	31.90	94.6	26.15	31.90	97.9	26.02	31.90	99.2	25.74	31.90	101.9
4/07/2018 1:35:18 PM	3613520118	1013.00	26.49	31.91	94.7	26.18	31.91	97.6	26.06	31.91	98.8	25.76	31.91	101.7
4/07/2018 1:35:19 PM	3613520119	1013.00	26.51	31.91	94.5	26.13	31.91	98.1	26.04	31.91	98.9	25.77	31.91	101.6
4/07/2018 1:35:20 PM	3613520120	1013.00	26.47	31.91	94.9	26.11	31.91	98.3	26.04	31.91	98.9	25.77	31.91	101.6
4/07/2018 1:35:21 PM	3613520121	1013.00	26.53	31.90	94.4	26.11	31.90	98.3	26.05	31.90	98.9	25.77	31.90	101.6
4/07/2018 1:35:22 PM	3613520122	1013.00	26.55	31.90	94.2	26.18	31.90	97.6	26.06	31.90	98.8	25.75	31.90	101.8
4/07/2018 1:35:23 PM	3613520123	1013.00	26.54	31.89	94.3	26.16	31.89	97.8	26.04	31.89	99.0	25.77	31.89	101.6
4/07/2018 1:35:24 PM	3613520124	1013.00	26.53	31.90	94.4	26.08	31.90	98.6	26.07	31.90	98.7	25.77	31.90	101.6
4/07/2018 1:35:25 PM	3613520125	1013.00	26.52	31.89	94.5	26.16	31.89	97.8	26.09	31.89	98.5	25.75	31.89	101.8
4/07/2018 1:35:26 PM	3613520126	1013.00	26.53	31.89	94.4	26.19	31.89	97.5	26.06	31.89	98.8	25.78	31.89	101.5
4/07/2018 1:35:27 PM	3613520127	1013.00	26.54	31.89	94.3	26.15	31.89	97.9	26.06	31.89	98.8	25.76	31.89	101.7
4/07/2018 1:35:28 PM	3613520128	1013.00	26.55	31.89	94.2	26.18	31.89	97.6	26.07	31.89	98.7	25.74	31.89	101.9
4/07/2018 1:35:29 PM	3613520129	1013.00	26.52	31.89	94.5	26.13	31.89	98.1	26.06	31.89	98.8	25.76	31.89	101.7
4/07/2018 1:35:30 PM	3613520130	1013.00	26.53	31.89	94.4	26.16	31.89	97.8	26.09	31.89	98.5	25.77	31.89	101.6
4/07/2018 1:35:31 PM	3613520131	1013.00	26.57	31.89	94.0	26.14	31.89	98.0	26.05	31.89	98.9	25.77	31.89	101.6
4/07/2018 1:35:32 PM	3613520132	1013.00	26.56	31.89	94.1	26.21	31.89	97.4	26.05	31.89	98.9	25.74	31.89	101.9
4/07/2018 1:35:33 PM	3613520133	1013.00	26.54	31.90	94.3	26.14	31.90	98.0	26.10	31.90	98.4	25.76	31.90	101.7
4/07/2018 1:35:34 PM	3613520134	1013.00	26.54	31.90	94.3	26.13	31.90	98.1	26.09	31.90	98.5	25.78	31.90	101.5
4/07/2018 1:35:35 PM	3613520135	1013.00	26.58	31.89	93.9	26.16	31.89	97.8	26.07	31.89	98.7	25.76	31.89	101.7
4/07/2018 1:35:36 PM	3613520136	1013.00	26.56	31.89	94.1	26.20	31.89	97.5	26.12	31.89	98.2	25.76	31.89	101.7
4/07/2018 1:35:37 PM	3613520137	1013.00	26.57	31.89	94.0	26.19	31.89	97.5	26.09	31.89	98.5	25.76	31.89	101.7
4/07/2018 1:35:38 PM	3613520138	1013.00	26.60	31.89	93.8	26.17	31.89	97.7	26.16	31.89	97.8	25.77	31.89	101.6
4/07/2018 1:35:39 PM	3613520139	1013.00	26.60	31.89	93.8	26.18	31.89	97.6	26.13	31.89	98.1	25.76	31.89	101.7
4/07/2018 1:35:40 PM	3613520140	1013.00	26.59	31.89	93.8	26.15	31.89	97.9	26.09	31.89	98.5	25.79	31.89	101.4
4/07/2018 1:35:41 PM	3613520141	1013.00	26.55	31.90	94.2	26.21	31.90	97.3	26.11	31.90	98.3	25.73	31.90	102.0
4/07/2018 1:35:42 PM	3613520142	1013.00	26.62	31.89	93.6	26.23	31.89	97.2	26.13	31.89	98.1	25.78	31.89	101.5
4/07/2018 1:35:43 PM	3613520143	1013.00	26.64	31.89	93.4	26.22	31.89	97.3	26.14	31.89	98.0	25.77	31.89	101.6
4/07/2018 1:35:44 PM	3613520144	1013.00	26.63	31.88	93.5	26.27	31.88	96.8	26.14	31.88	98.0	25.81	31.88	101.2
4/07/2018 1:35:45 PM	3613520145	1013.00	26.60	31.88	93.8	26.24	31.88	97.1	26.13	31.88	98.1	25.78	31.88	101.5
4/07/2018 1:35:46 PM	3613520146	1013.00	26.57	31.88	94.0	26.26	31.88	96.9	26.14	31.88	98.0	25.75	31.88	101.8
4/07/2018 1:35:47 PM	3613520147	1013.00	26.66	31.89	93.2	26.25	31.89	97.0	26.11	31.89	98.3	25.79	31.89	101.4
4/07/2018 1:35:48 PM	3613520148	1013.00	26.64	31.89	93.4	26.27	31.89	96.8	26.12	31.89	98.2	25.77	31.89	101.6
4/07/2018 1:35:49 PM	3613520149	1013.00	26.65	31.89	93.3	26.29	31.89	96.6	26.13	31.89	98.1	25.77	31.89	101.6
4/07/2018 1:35:50 PM	3613520150	1013.00	26.64	31.90	93.4	26.27	31.90	96.8	26.13	31.90	98.1	25.78	31.90	101.5
4/07/2018 1:35:51 PM	3613520151	1013.00	26.65	31.90	93.3	26.25	31.90	97.0	26.12	31.90	98.2	25.80	31.90	101.3
4/07/2018 1:35:52 PM	3613520152	1013.00	26.62	31.90	93.6	26.32	31.90	96.3	26.14	31.90	98.0	25.75	31.90	101.8
4/07/2018 1:35:53 PM	3613520153	1013.00	26.66	31.91	93.2	26.29	31.91	96.6	26.14	31.91	98.0	25.78	31.91	101.5
4/07/2018 1:35:54 PM	3613520154	1013.00	26.67	31.91	93.1	26.31	31.91	96.4	26.14	31.91	98.0	25.72	31.91	102.1
4/07/2018 1:35:55 PM	3613520155	1013.00	26.67	31.91	93.1	26.28	31.91	96.7	26.15	31.91	97.9	25.76	31.91	101.7
4/07/2018 1:35:56 PM	3613520156	1013.00	26.68	31.91	93.0	26.33	31.91	96.2	26.17	31.91	97.7	25.77	31.91	101.6
4/07/2018 1:35:57 PM	3613520157	1013.00	26.66	31.91	93.2	26.29	31.91	96.6	26.19	31.91	97.5	25.77	31.91	101.6
4/07/2018 1:35:58 PM	3613520158	1013.00	26.67	31.91	93.1	26.27	31.91	96.8	26.16	31.91	97.8	25.79	31.91	101.4
4/07/2018 1:35:59 PM	3613520159	1013.00	26.72	31.91	92.7	26.27	31.91	96.8	26.19	31.91	97.5	25.77	31.91	101.6
4/07/2018 1:36:00 PM	3613520160	1013.00	26.67	31.91	93.1	26.27	31.91	96.8	26.19	31.91	97.5	25.78	31.91	101.5
4/07/2018 1:36:01 PM	3613520161	1013.00	26.67	31.91	93.1	26.29	31.91	96.6	26.18	31.91	97.6	25.74	31.91	101.9
4/07/2018 1:36:02 PM	3613520162	1013.00	26.71	31.90	92.8	26.33	31.90	96.2	26.18	31.90	97.6	25.75	31.90	101.8
4/07/2018 1:36:03 PM	3613520163	1013.00	26.67	31.90	93.1	26.28	31.90	96.7	26.18	31.90	97.6	25.76	31.90	101.7
4/07/2018 1:36:04 PM	3613520164	1013.00	26.68	31.90	93.0	26.40	31.90	95.6	26.21	31.90	97.3	25.78	31.90	101.5
4/07/2018 1:36:05 PM	3613520165	1013.00	26.71	31.90	92.8	26.32	31.90	96.3	26.19	31.90	97.5	25.76	31.90	101.7
4/07/2018 1:36:06 PM	3613520166	1013.00	26.72	31.90	92.7	26.35	31.90	96.0	26.19	31.90	97.5	25.77	31.90	101.6
4/07/2018 1:36:07 PM	3613520167	1013.00	26.74	31.90	92.5	26.34	31.90	96.1	26.21	31.90	97.3	25.76	31.90	101.7
4/07/2018 1:36:08 PM	3613520168	1013.00	26.74	31.91	92.5	26.26	31.91	96.9	26.21	31.91	97.3	25.78	31.91	101.5
4/07/2018 1:36:09 PM	3613520169	1013.00	26.72	31.90	92.7	26.31	31.90	96.4	26.22	31.90	97.2	25.77	31.90	101.6
4/07/2018 1:36:10 PM	3613520170	1013.00	26.72	31.90	92.7	26.30	31.90	96.5	26.25	31.90	97.0	25.77	31.90	101.6
4/07/2018 1:36:11 PM	3613520171	1013.00	26.71	31.90	92.8	26.34	31.90	96.1	26.22	31.90	97.2	25.74	31.90	101.9
4/07/2018 1:36:12 PM	3613520172	1013.00	26.75	31.91	92.4	26.34	31.91	96.1	26.25	31.91	96.9	25.77	31.91	101.6
4/07/2018 1:36:13 PM	3613520173	1013.00	26.74	31.90	92.5	26.33	31.90	96.2	26.23	31.90	97.2	25.79	31.90	101.4
4/07/2018 1:36:14 PM	3613520174	1013.00	26.73	31.90	92.6	26.39	31.90	95.7	26.31	31.90	96.4	25.77	31.90	101.6
4/07/2018 1:36:15 PM	3613520175	1013.00	26.79	31.91	92.0	26.34	31.91	96.1	26.23	31.91	97.1	25.80	31.91	101.3
4/07/2018 1:36:16 PM	3613520176	1013.00	26.74	31.91	92.5	26.34	31.91	96.1	26.26	31.91	96.9	25.77	31.91	101.6
4/07/2018 1:36:17 PM	3613520177	1013.00	26.74	31.90	92.5	26.40	31.90	95.6	26.25	31.90	97.0	25.78	31.90	101.5
4/07/2018 1:36:18 PM	3613520178	1013.00	26.76	31.90	92.3	26.47	31.90	94.9	26.25	31.90	97.0	25.79	31.90	101.4
4/07/2018 1:36:19 PM	3613520179	1013.00	26.77	31.90	92.2	26.38	31.90	95.8	26.26	31.90	96.9	25.78	31.90	101.5
4/07/2018 1:36:20 PM	3613520180	1013.00	26.78	31.89	92.2	26.39	31.89	95.7	26.30	31.89	96.5	25.78	31.89	101.5
4/07/2018 1:36:21 PM	3613520181	1013.00	26.76	31.89	92.3	26.39	31.89	95.7	26.26	31.89	96.9	25.79	31.89	101.4
4/07/2018 1:36:22 PM	3613520182	1013.00	26.79	31.88	92.1	26.41	31.88	95.5	26.26	31.88	96.9	25.78	31.88	101.5
4/07/2018 1:36:23 PM	3613520183	1013.00	26.78	31.88	92.2	26.38	31.88	95.8	26.28	31.88	96.7	25.76	31.88	101.7
4/07/2018 1:36:24 PM	3613520184	1013.00	26.80	31.88	92.0	26.38	31.88	95.8	26.31	31.88	96.4	25.77	31.88	101.6
4/07/2018 1:36:25 PM	3613520185	1013.00	26.75	31.88	92.4	26.40	31.88	95.6	26.31	31.88	96.4	25.78	31.88	101.5
4/07/2018 1:36:26 PM	3613520186	1013.00	26.78	31.89	92.2	26.41	31.89	95.5	26.31	31.89	96.4	25.77	31.89	101.6
4/07/2018 1:36:27 PM	3613520187	1013.00	26.80	31.89	92.0	26.42	31.89	95.4	26.35	31.89	96.0	25.76	31.89	101.7
4/07/2018 1:36:28 PM	3613520188	1013.00	26.80	31.89	92.0	26.40	31.89	95.6	26.32	31.89	96.3	25.77	31.89	101.6
4/07/2018 1:36:29 PM	3613520189	1013.00	26.82	31.90	91.8	26.41	31.90	95.5	26.30	31.90	96.5	25.78	31.90	101.5
4/07/2018 1:36:30 PM	3613520190	1013.00	26.82	31.90	91.8	26.53	31.90	94.4	26.31	31.90	96.4	25.78	31.90	101.5
4/07/2018 1:36:31 PM	3613520191	1013.00	26.83	31.89	91.7	26.39	31.89	95.7	26.33	31.89	96.2	25.80	31.89	101.3
4/07/2018 1:36:32 PM	3613520192	1013.00	26.84	31.89	91.6	26.40	31.89	95.6	26.35	31.89	96.0	25.78	31.89	101.5
4/07/2018 1:36:33 PM	3613520193	1013.00	26.83	31.89	91.7	26.45	31.89	95.1	26.35	31.89	96.0	25.77	31.89	101.6
4/07/2018 1:36:34 PM	3613520194	1013.00	26.84	31.88	91.6	26.44	31.88	95.2	26.37	31.88	95.9	25.78	31.88	101.5
4/07/2018 1:36:35 PM	3613520195	1013.00	26.83	31.88	91.7	26.43	31.88	95.3	26.34	31.88	96.2	25.76	31.88	101.7
4/07/2018 1:36:36 PM	3613520196	1013.00	26.88	31.88	91.3	26.41	31.88	95.5	26.36	31.88	96.0	25.75	31.88	101.8
4/07/2018 1:36:37 PM	3613520197	1013.00	26.90	31.88	91.1	26.46	31.88	95.0	26.34	31.88	96.2	25.78	31.88	101.5
4/07/2018 1:36:38 PM	3613520198	1013.00	26.89	31.88	91.2	26.43	31.88	95.3	26.30	31.88	96.5	25.77	31.88	101.6
4/07/2018 1:36:39 PM	3613520199	1013.00	26.88	31.88	91.3	26.44	31.88	95.2	26.36	31.88	96.0	25.79	31.88	101.4
4/07/2018 1:36:40 PM	3613520200	1013.00	26.87	31.87	91.4	26.41	31.87	95.5	26.37	31.87	95.9	25.77	31.87	101.7
4/07/2018 1:36:41 PM	3613520201	1013.00	26.91	31.87	91.0	26.43	31.87	95.3	26.34	31.87	96.2	25.75	31.87	101.9
4/07/2018 1:36:42 PM	3613520202	1013.00	26.88	31.87	91.3	26.49	31.87	94.8	26.36	31.87	96.0	25.77	31.87	101.7
4/07/2018 1:36:43 PM	3613520203	1013.00	26.89	31.87	91.2	26.49	31.87	94.8	26.33	31.87	96.3	25.80	31.87	101.4
4/07/2018 1:36:44 PM	3613520204	1013.00	26.89	31.87	91.2	26.47	31.87	95.0	26.39	31.87	95.7	25.78	31.87	101.6
4/07/2018 1:36:45 PM	3613520205	1013.00	26.91	31.87	91.0	26.48	31.87	94.9	26.41	31.87	95.5	25.75	31.87	101.9
4/07/2018 1:36:46 PM	3613520206	1013.00	26.90	31.87	91.1	26.46	31.87	95.1	26.37	31.87	95.9	25.76	31.87	101.8
4/07/2018 1:36:47 PM	3613520207	1013.00	26.91	31.87	91.0	26.55	31.87	94.2	26.39	31.87	95.7	25.77	31.87	101.7
4/07/2018 1:36:48 PM	3613520208	1013.00	26.93	31.87	90.9	26.46	31.87	95.1	26.39	31.87	95.7	25.78	31.87	101.6
4/07/2018 1:36:49 PM	3613520209	1013.00	26.96	31.87	90.6	26.47	31.87	95.0	26.37	31.87	95.9	25.76	31.87	101.8
4/07/2018 1:36:50 PM	3613520210	1013.00	26.95	31.86	90.7	26.43	31.86	95.4	26.40	31.86	95.6	25.77	31.86	101.7
4/07/2018 1:36:51 PM	3613520211	1013.00	26.95	31.86	90.7	26.50	31.86	94.7	26.43	31.86	95.4	25.77	31.86	101.7
4/07/2018 1:36:52 PM	3613520212	1013.00	26.96	31.86	90.6	26.44	31.86	95.3	26.40	31.86	95.6	25.75	31.86	101.9
4/07/2018 1:36:53 PM	3613520213	1013.00	26.92	31.86	91.0	26.45	31.86	95.2	26.40	31.86	95.6	25.77	31.86	101.7
4/07/2018 1:36:54 PM	3613520214	1013.00	26.97	31.85	90.6	26.47	31.85	95.0	26.42	31.85	95.5	25.79	31.85	101.5
4/07/2018 1:36:55 PM	3613520215	1013.00	26.96	31.84	90.7	26.49	31.84	94.8	26.42	31.84	95.5	25.78	31.84	101.6
4/07/2018 1:36:56 PM	3613520216	1013.00	26.99	31.84	90.4	26.53	31.84	94.5	26.43	31.84	95.4	25.77	31.84	101.7
4/07/2018 1:36:57 PM	3613520217	1013.00	26.94	31.84	90.8	26.54	31.84	94.4	26.42	31.84	95.5	25.76	31.84	101.8
4/07/2018 1:36:58 PM	3613520218	1013.00	26.99	31.85	90.4	26.46	31.85	95.1	26.40	31.85	95.6	25.78	31.85	101.6
4/07/2018 1:36:59 PM	3613520219	1013.00	26.99	31.85	90.4	26.52	31.85	94.5	26.38	31.85	95.8	25.79	31.85	101.5
4/07/2018 1:37:00 PM	3613520220	1013.00	27.03	31.86	90.0	26.49	31.86	94.8	26.39	31.86	95.7	25.74	31.86	102.0
4/07/2018 1:37:01 PM	3613520221	1013.00	27.02	31.86	90.1	26.52	31.86	94.5	26.44	31.86	95.3	25.79	31.86	101.5
4/07/2018 1:37:02 PM	3613520222	1013.00	27.02	31.87	90.1	26.57	31.87	94.1	26.40	31.87	95.6	25.79	31.87	101.5
4/07/2018 1:37:03 PM	3613520223	1013.00	27.06	31.87	89.8	26.53	31.87	94.4	26.43	31.87	95.3	25.76	31.87	101.8
4/07/2018 1:37:04 PM	3613520224	1013.00	27.03	31.87	90.0	26.58	31.87	94.0	26.45	31.87	95.2	25.79	31.87	101.5
4/07/2018 1:37:05 PM	3613520225	1013.00	27.02	31.87	90.1	26.52	31.87	94.5	26.40	31.87	95.6	25.77	31.87	101.7
4/07/2018 1:37:06 PM	3613520226	1013.00	27.08	31.87	89.6	26.49	31.87	94.8	26.42	31.87	95.4	25.76	31.87	101.8
4/07/2018 1:37:07 PM	3613520227	1013.00	27.03	31.87	90.0	26.51	31.87	94.6	26.43	31.87	95.3	25.78	31.87	101.6
4/07/2018 1:37:08 PM	3613520228	1013.00	27.05	31.87	89.8	26.52	31.87	94.5	26.45	31.87	95.2	25.76	31.87	101.8
4/07/2018 1:37:09 PM	3613520229	1013.00	27.09	31.88	89.5	26.51	31.88	94.6	26.46	31.88	95.0	25.78	31.88	101.5
4/07/2018 1:37:10 PM	3613520230	1013.00	27.07	31.88	89.7	26.54	31.88	94.3	26.48	31.88	94.9	25.77	31.88	101.6
4/07/2018 1:37:11 PM	3613520231	1013.00	27.07	31.88	89.7	26.57	31.88	94.0	26.47	31.88	95.0	25.81	31.88	101.2
4/07/2018 1:37:12 PM	3613520232	1013.00	27.07	31.88	89.7	26.56	31.88	94.1	26.47	31.88	95.0	25.79	31.88	101.4
4/07/2018 1:37:13 PM	3613520233	1013.00	27.09	31.88	89.5	26.51	31.88	94.6	26.49	31.88	94.8	25.76	31.88	101.7
4/07/2018 1:37:14 PM	3613520234	1013.00	27.10	31.88	89.4	26.60	31.88	93.8	26.49	31.88	94.8	25.80	31.88	101.3
4/07/2018 1:37:15 PM	3613520235	1013.00	27.09	31.88	89.5	26.55	31.88	94.2	26.50	31.88	94.7	25.78	31.88	101.5
4/07/2018 1:37:16 PM	3613520236	1013.00	27.11	31.88	89.3	26.51	31.88	94.6	26.48	31.88	94.9	25.78	31.88	101.5
4/07/2018 1:37:17 PM	3613520237	1013.00	27.11	31.89	89.3	26.55	31.89	94.2	26.47	31.89	94.9	25.77	31.89	101.6
4/07/2018 1:37:18 PM	3613520238	1013.00	27.11	31.89	89.3	26.59	31.89	93.8	26.50	31.89	94.7	25.77	31.89	101.6
4/07/2018 1:37:19 PM	3613520239	1013.00	27.10	31.88	89.4	26.62	31.88	93.6	26.51	31.88	94.6	25.80	31.88	101.3
4/07/2018 1:37:20 PM	3613520240	1013.00	27.12	31.89	89.2	26.58	31.89	93.9	26.46	31.89	95.0	25.75	31.89	101.8
4/07/2018 1:37:21 PM	3613520241	1013.00	27.11	31.89	89.3	26.60	31.89	93.8	26.47	31.89	94.9	25.77	31.89	101.6
4/07/2018 1:37:22 PM	3613520242	1013.00	27.15	31.90	88.9	26.64	31.90	93.4	26.53	31.90	94.4	25.77	31.90	101.6
4/07/2018 1:37:23 PM	3613520243	1013.00	27.11	31.90	89.3	26.64	31.90	93.4	26.52	31.90	94.5	25.80	31.90	101.3
4/07/2018 1:37:24 PM	3613520244	1013.00	27.16	31.91	88.9	26.59	31.91	93.8	26.48	31.91	94.8	25.78	31.91	101.5
4/07/2018 1:37:25 PM	3613520245	1013.00	27.15	31.91	88.9	26.65	31.91	93.3	26.55	31.91	94.2	25.77	31.91	101.6
4/07/2018 1:37:26 PM	3613520246	1013.00	27.15	31.92	88.9	26.65	31.92	93.3	26.53	31.92	94.3	25.78	31.92	101.5
4/07/2018 1:37:27 PM	3613520247	1013.00	27.20	31.92	88.5	26.67	31.92	93.1	26.52	31.92	94.4	25.73	31.92	102.0
4/07/2018 1:37:28 PM	3613520248	1013.00	27.22	31.91	88.3	26.62	31.91	93.5	26.55	31.91	94.2	25.77	31.91	101.6
4/07/2018 1:37:29 PM	3613520249	1013.00	27.20	31.91	88.5	26.65	31.91	93.3	26.54	31.91	94.3	25.78	31.91	101.5
4/07/2018 1:37:30 PM	3613520250	1013.00	27.18	31.91	88.7	26.63	31.91	93.5	26.52	31.91	94.5	25.76	31.91	101.7
4/07/2018 1:37:31 PM	3613520251	1013.00	27.20	31.91	88.5	26.65	31.91	93.3	26.56	31.91	94.1	25.78	31.91	101.5
4/07/2018 1:37:32 PM	3613520252	1013.00	27.22	31.90	88.4	26.64	31.90	93.4	26.55	31.90	94.2	25.76	31.90	101.7
4/07/2018 1:37:33 PM	3613520253	1013.00	27.23	31.91	88.3	26.64	31.91	93.4	26.57	31.91	94.0	25.77	31.91	101.6
4/07/2018 1:37:34 PM	3613520254	1013.00	27.19	31.91	88.6	26.64	31.91	93.4	26.61	31.91	93.6	25.76	31.91	101.7
4/07/2018 1:37:35 PM	3613520255	1013.00	27.21	31.91	88.4	26.65	31.91	93.3	26.59	31.91	93.8	25.79	31.91	101.4
4/07/2018 1:37:36 PM	3613520256	1013.00	27.24	31.91	88.2	26.72	31.91	92.7	26.59	31.91	93.8	25.77	31.91	101.6
4/07/2018 1:37:37 PM	3613520257	1013.00	27.20	31.91	88.5	26.66	31.91	93.2	26.57	31.91	94.0	25.77	31.91	101.6
4/07/2018 1:37:38 PM	3613520258	1013.00	27.21	31.91	88.4	26.65	31.91	93.3	26.57	31.91	94.0	25.81	31.91	101.2
4/07/2018 1:37:39 PM	3613520259	1013.00	27.26	31.90	88.0	26.71	31.90	92.8	26.57	31.90	94.0	25.77	31.90	101.6
4/07/2018 1:37:40 PM	3613520260	1013.00	27.21	31.90	88.4	26.70	31.90	92.8	26.59	31.90	93.8	25.78	31.90	101.5
4/07/2018 1:37:41 PM	3613520261	1013.00	27.24	31.90	88.2	26.61	31.90	93.7	26.56	31.90	94.1	25.78	31.90	101.5
4/07/2018 1:37:42 PM	3613520262	1013.00	27.27	31.90	87.9	26.64	31.90	93.4	26.58	31.90	93.9	25.76	31.90	101.7
4/07/2018 1:37:43 PM	3613520263	1013.00	27.30	31.90	87.7	26.71	31.90	92.8	26.60	31.90	93.7	25.77	31.90	101.6
4/07/2018 1:37:44 PM	3613520264	1013.00	27.27	31.90	87.9	26.71	31.90	92.8	26.60	31.90	93.7	25.78	31.90	101.5
4/07/2018 1:37:45 PM	3613520265	1013.00	27.27	31.90	87.9	26.69	31.90	92.9	26.62	31.90	93.6	25.78	31.90	101.5
4/07/2018 1:37:46 PM	3613520266	1013.00	27.23	31.89	88.3	26.75	31.89	92.4	26.62	31.89	93.6	25.78	31.89	101.5
4/07/2018 1:37:47 PM	3613520267	1013.00	27.26	31.89	88.0	26.72	31.89	92.7	26.61	31.89	93.7	25.78	31.89	101.5
4/07/2018 1:37:48 PM	3613520268	1013.00	27.26	31.89	88.0	26.67	31.89	93.1	26.61	31.89	93.7	25.77	31.89	101.6
4/07/2018 1:37:49 PM	3613520269	1013.00	27.29	31.90	87.8	26.73	31.90	92.6	26.62	31.90	93.6	25.78	31.90	101.5
4/07/2018 1:37:50 PM	3613520270	1013.00	27.27	31.90	87.9	26.66	31.90	93.2	26.62	31.90	93.6	25.77	31.90	101.6
4/07/2018 1:37:51 PM	3613520271	1013.00	27.27	31.90	87.9	26.72	31.90	92.7	26.64	31.90	93.4	25.79	31.90	101.4
4/07/2018 1:37:52 PM	3613520272	1013.00	27.26	31.91	88.0	26.72	31.91	92.7	26.64	31.91	93.4	25.77	31.91	101.6
4/07/2018 1:37:53 PM	3613520273	1013.00	27.28	31.91	87.8	26.71	31.91	92.7	26.64	31.91	93.4	25.78	31.91	101.5
4/07/2018 1:37:54 PM	3613520274	1013.00	27.30	31.90	87.7	26.73	31.90	92.6	26.58	31.90	93.9	25.77	31.90	101.6
4/07/2018 1:37:55 PM	3613520275	1013.00	27.31	31.90	87.6	26.71	31.90	92.8	26.62	31.90	93.6	25.78	31.90	101.5
4/07/2018 1:37:56 PM	3613520276	1013.00	27.30	31.90	87.7	26.76	31.90	92.3	26.64	31.90	93.4	25.78	31.90	101.5
4/07/2018 1:37:57 PM	3613520277	1013.00	27.29	31.89	87.8	26.72	31.89	92.7	26.63	31.89	93.5	25.78	31.89	101.5
4/07/2018 1:37:58 PM	3613520278	1013.00	27.30	31.90	87.7	26.71	31.90	92.8	26.65	31.90	93.3	25.76	31.90	101.7
4/07/2018 1:37:59 PM	3613520279	1013.00	27.32	31.90	87.5	26.71	31.90	92.8	26.64	31.90	93.4	25.76	31.90	101.7
4/07/2018 1:38:00 PM	3613520280	1013.00	27.32	31.90	87.5	26.71	31.90	92.8	26.66	31.90	93.2	25.78	31.90	101.5
4/07/2018 1:38:01 PM	3613520281	1013.00	27.32	31.90	87.5	26.77	31.90	92.2	26.64	31.90	93.4	25.79	31.90	101.4
4/07/2018 1:38:02 PM	3613520282	1013.00	27.30	31.90	87.7	26.72	31.90	92.7	26.62	31.90	93.6	25.79	31.90	101.4
4/07/2018 1:38:03 PM	3613520283	1013.00	27.34	31.90	87.4	26.74	31.90	92.5	26.65	31.90	93.3	25.76	31.90	101.7
4/07/2018 1:38:04 PM	3613520284	1013.00	27.35	31.90	87.3	26.71	31.90	92.8	26.67	31.90	93.1	25.77	31.90	101.6
4/07/2018 1:38:05 PM	3613520285	1013.00	27.32	31.90	87.5	26.78	31.90	92.1	26.64	31.90	93.4	25.77	31.90	101.6
4/07/2018 1:38:06 PM	3613520286	1013.00	27.32	31.89	87.5	26.75	31.89	92.4	26.68	31.89	93.0	25.79	31.89	101.4
4/07/2018 1:38:07 PM	3613520287	1013.00	27.36	31.89	87.2	26.69	31.89	93.0	26.67	31.89	93.1	25.79	31.89	101.4
4/07/2018 1:38:08 PM	3613520288	1013.00	27.33	31.89	87.5	26.74	31.89	92.5	26.68	31.89	93.0	25.78	31.89	101.5
4/07/2018 1:38:09 PM	3613520289	1013.00	27.36	31.89	87.2	26.76	31.89	92.3	26.67	31.89	93.1	25.80	31.89	101.3
4/07/2018 1:38:10 PM	3613520290	1013.00	27.42	31.89	86.7	26.78	31.89	92.2	26.66	31.89	93.2	25.79	31.89	101.4
4/07/2018 1:38:11 PM	3613520291	1013.00	27.42	31.89	86.7	26.76	31.89	92.3	26.70	31.89	92.9	25.78	31.89	101.5
4/07/2018 1:38:12 PM	3613520292	1013.00	27.42	31.89	86.7	26.71	31.89	92.8	26.70	31.89	92.9	25.79	31.89	101.4
4/07/2018 1:38:13 PM	3613520293	1013.00	27.41	31.89	86.8	26.78	31.89	92.2	26.71	31.89	92.8	25.75	31.89	101.8
4/07/2018 1:38:14 PM	3613520294	1013.00	27.47	31.89	86.3	26.78	31.89	92.2	26.68	31.89	93.0	25.79	31.89	101.4
4/07/2018 1:38:15 PM	3613520295	1013.00	27.47	31.89	86.3	26.78	31.89	92.2	26.69	31.89	93.0	25.79	31.89	101.4
4/07/2018 1:38:16 PM	3613520296	1013.00	27.49	31.88	86.2	26.75	31.88	92.4	26.70	31.88	92.9	25.77	31.88	101.6
4/07/2018 1:38:17 PM	3613520297	1013.00	27.47	31.88	86.3	26.82	31.88	91.8	26.70	31.88	92.9	25.74	31.88	101.9
4/07/2018 1:38:18 PM	3613520298	1013.00	27.49	31.88	86.2	26.78	31.88	92.2	26.70	31.88	92.9	25.78	31.88	101.5
4/07/2018 1:38:19 PM	3613520299	1013.00	27.51	31.88	86.0	26.83	31.88	91.7	26.70	31.88	92.9	25.79	31.88	101.4
4/07/2018 1:38:20 PM	3613520300	1013.00	27.51	31.88	86.0	26.80	31.88	92.0	26.73	31.88	92.6	25.79	31.88	101.4
4/07/2018 1:38:21 PM	3613520301	1013.00	27.52	31.88	85.9	26.78	31.88	92.2	26.69	31.88	93.0	25.77	31.88	101.6
4/07/2018 1:38:22 PM	3613520302	1013.00	27.55	31.88	85.7	26.78	31.88	92.2	26.74	31.88	92.5	25.75	31.88	101.8
4/07/2018 1:38:23 PM	3613520303	1013.00	27.53	31.88	85.8	26.80	31.88	92.0	26.74	31.88	92.5	25.82	31.88	101.1
4/07/2018 1:38:24 PM	3613520304	1013.00	27.53	31.88	85.8	26.74	31.88	92.5	26.76	31.88	92.3	25.77	31.88	101.6
4/07/2018 1:38:25 PM	3613520305	1013.00	27.55	31.88	85.7	26.80	31.88	92.0	26.71	31.88	92.8	25.78	31.88	101.5
4/07/2018 1:38:26 PM	3613520306	1013.00	27.55	31.87	85.7	26.84	31.87	91.7	26.74	31.87	92.5	25.79	31.87	101.5
4/07/2018 1:38:27 PM	3613520307	1013.00	27.55	31.87	85.7	26.83	31.87	91.7	26.76	31.87	92.4	25.76	31.87	101.8
4/07/2018 1:38:28 PM	3613520308	1013.00	27.54	31.87	85.8	26.84	31.87	91.7	26.75	31.87	92.5	25.78	31.87	101.6
4/07/2018 1:38:29 PM	3613520309	1013.00	27.57	31.87	85.5	26.83	31.87	91.7	26.72	31.87	92.7	25.77	31.87	101.7
4/07/2018 1:38:30 PM	3613520310	1013.00	27.57	31.87	85.5	26.86	31.87	91.5	26.77	31.87	92.3	25.79	31.87	101.5
4/07/2018 1:38:31 PM	3613520311	1013.00	27.56	31.86	85.6	26.88	31.86	91.3	26.72	31.86	92.7	25.78	31.86	101.6
4/07/2018 1:38:32 PM	3613520312	1013.00	27.63	31.86	85.1	26.90	31.86	91.2	26.76	31.86	92.4	25.80	31.86	101.4
4/07/2018 1:38:33 PM	3613520313	1013.00	27.55	31.86	85.7	26.87	31.86	91.4	26.82	31.86	91.8	25.77	31.86	101.7
4/07/2018 1:38:34 PM	3613520314	1013.00	27.60	31.87	85.3	26.83	31.87	91.7	26.78	31.87	92.2	25.79	31.87	101.5
4/07/2018 1:38:35 PM	3613520315	1013.00	27.61	31.87	85.2	26.79	31.87	92.1	26.75	31.87	92.5	25.77	31.87	101.7
4/07/2018 1:38:36 PM	3613520316	1013.00	27.63	31.88	85.0	26.89	31.88	91.2	26.76	31.88	92.3	25.80	31.88	101.3
4/07/2018 1:38:37 PM	3613520317	1013.00	27.61	31.88	85.2	26.86	31.88	91.5	26.78	31.88	92.2	25.77	31.88	101.6
4/07/2018 1:38:38 PM	3613520318	1013.00	27.62	31.89	85.1	26.89	31.89	91.2	26.78	31.89	92.2	25.78	31.89	101.5
4/07/2018 1:38:39 PM	3613520319	1013.00	27.64	31.88	85.0	26.94	31.88	90.8	26.78	31.88	92.2	25.77	31.88	101.6
4/07/2018 1:38:40 PM	3613520320	1013.00	27.62	31.89	85.1	26.86	31.89	91.5	26.82	31.89	91.8	25.77	31.89	101.6
4/07/2018 1:38:41 PM	3613520321	1013.00	27.64	31.89	84.9	26.85	31.89	91.5	26.78	31.89	92.2	25.79	31.89	101.4
4/07/2018 1:38:42 PM	3613520322	1013.00	27.64	31.88	85.0	27.02	31.88	90.1	26.84	31.88	91.6	25.77	31.88	101.6
4/07/2018 1:38:43 PM	3613520323	1013.00	27.66	31.89	84.8	26.96	31.89	90.6	26.79	31.89	92.1	25.77	31.89	101.6
4/07/2018 1:38:44 PM	3613520324	1013.00	27.67	31.89	84.7	27.00	31.89	90.2	26.84	31.89	91.6	25.80	31.89	101.3
4/07/2018 1:38:45 PM	3613520325	1013.00	27.66	31.89	84.8	27.00	31.89	90.2	26.85	31.89	91.5	25.76	31.89	101.7
4/07/2018 1:38:46 PM	3613520326	1013.00	27.67	31.89	84.7	26.97	31.89	90.5	26.81	31.89	91.9	25.75	31.89	101.8
4/07/2018 1:38:47 PM	3613520327	1013.00	27.68	31.90	84.6	26.99	31.90	90.3	26.83	31.90	91.7	25.78	31.90	101.5
4/07/2018 1:38:48 PM	3613520328	1013.00	27.69	31.90	84.5	27.01	31.90	90.1	26.81	31.90	91.9	25.81	31.90	101.2
4/07/2018 1:38:49 PM	3613520329	1013.00	27.69	31.90	84.5	26.98	31.90	90.4	26.83	31.90	91.7	25.78	31.90	101.5
4/07/2018 1:38:50 PM	3613520330	1013.00	27.69	31.91	84.5	27.01	31.91	90.1	26.83	31.91	91.7	25.78	31.91	101.5
4/07/2018 1:38:51 PM	3613520331	1013.00	27.72	31.91	84.3	26.97	31.91	90.5	26.82	31.91	91.8	25.77	31.91	101.6
4/07/2018 1:38:52 PM	3613520332	1013.00	27.71	31.90	84.4	27.03	31.90	90.0	26.85	31.90	91.5	25.76	31.90	101.7
4/07/2018 1:38:53 PM	3613520333	1013.00	27.72	31.91	84.3	27.02	31.91	90.0	26.83	31.91	91.7	25.76	31.91	101.7
4/07/2018 1:38:54 PM	3613520334	1013.00	27.76	31.91	84.0	27.02	31.91	90.0	26.87	31.91	91.3	25.78	31.91	101.5
4/07/2018 1:38:55 PM	3613520335	1013.00	27.71	31.90	84.4	27.08	31.90	89.5	26.84	31.90	91.6	25.82	31.90	101.1
4/07/2018 1:38:56 PM	3613520336	1013.00	27.76	31.91	84.0	27.06	31.91	89.7	26.83	31.91	91.7	25.77	31.91	101.6
4/07/2018 1:38:57 PM	3613520337	1013.00	27.73	31.91	84.2	27.00	31.91	90.2	26.86	31.91	91.4	25.77	31.91	101.6
4/07/2018 1:38:58 PM	3613520338	1013.00	27.75	31.91	84.0	27.03	31.91	90.0	26.87	31.91	91.3	25.76	31.91	101.7
4/07/2018 1:38:59 PM	3613520339	1013.00	27.75	31.91	84.0	27.10	31.91	89.4	26.85	31.91	91.5	25.80	31.91	101.3
4/07/2018 1:39:00 PM	3613520340	1013.00	27.75	31.91	84.0	27.08	31.91	89.5	26.84	31.91	91.6	25.80	31.91	101.3
4/07/2018 1:39:01 PM	3613520341	1013.00	27.76	31.91	84.0	27.06	31.91	89.7	26.83	31.91	91.7	25.77	31.91	101.6
4/07/2018 1:39:02 PM	3613520342	1013.00	27.79	31.91	83.7	27.08	31.91	89.5	26.87	31.91	91.3	25.78	31.91	101.5
4/07/2018 1:39:03 PM	3613520343	1013.00	27.80	31.91	83.7	27.06	31.91	89.7	26.84	31.91	91.6	25.80	31.91	101.3
4/07/2018 1:39:04 PM	3613520344	1013.00	27.76	31.92	84.0	27.09	31.92	89.4	26.89	31.92	91.1	25.78	31.92	101.5
4/07/2018 1:39:05 PM	3613520345	1013.00	27.77	31.92	83.9	27.03	31.92	89.9	26.89	31.92	91.1	25.80	31.92	101.3
4/07/2018 1:39:06 PM	3613520346	1013.00	27.81	31.92	83.6	27.05	31.92	89.8	26.90	31.92	91.1	25.79	31.92	101.4
4/07/2018 1:39:07 PM	3613520347	1013.00	27.79	31.91	83.7	27.10	31.91	89.4	26.90	31.91	91.1	25.78	31.91	101.5
4/07/2018 1:39:08 PM	3613520348	1013.00	27.81	31.91	83.6	27.05	31.91	89.8	26.91	31.91	91.0	25.77	31.91	101.6
4/07/2018 1:39:09 PM	3613520349	1013.00	27.79	31.91	83.7	27.10	31.91	89.4	26.91	31.91	91.0	25.79	31.91	101.4
4/07/2018 1:39:10 PM	3613520350	1013.00	27.83	31.90	83.4	27.09	31.90	89.5	26.93	31.90	90.8	25.77	31.90	101.6
4/07/2018 1:39:11 PM	3613520351	1013.00	27.84	31.90	83.4	27.11	31.90	89.3	26.88	31.90	91.3	25.77	31.90	101.6
4/07/2018 1:39:12 PM	3613520352	1013.00	27.79	31.90	83.7	27.06	31.90	89.7	26.91	31.90	91.0	25.79	31.90	101.4
4/07/2018 1:39:13 PM	3613520353	1013.00	27.85	31.91	83.3	27.05	31.91	89.8	26.92	31.91	90.9	25.80	31.91	101.3
4/07/2018 1:39:14 PM	3613520354	1013.00	27.87	31.90	83.1	27.13	31.90	89.1	26.91	31.90	91.0	25.80	31.90	101.3
4/07/2018 1:39:15 PM	3613520355	1013.00	27.87	31.90	83.1	27.07	31.90	89.6	26.92	31.90	90.9	25.79	31.90	101.4
4/07/2018 1:39:16 PM	3613520356	1013.00	27.88	31.90	83.0	27.11	31.90	89.3	26.91	31.90	91.0	25.78	31.90	101.5
4/07/2018 1:39:17 PM	3613520357	1013.00	27.88	31.90	83.0	27.11	31.90	89.3	26.91	31.90	91.0	25.79	31.90	101.4
4/07/2018 1:39:18 PM	3613520358	1013.00	27.88	31.90	83.0	27.08	31.90	89.5	26.97	31.90	90.5	25.79	31.90	101.4
4/07/2018 1:39:19 PM	3613520359	1013.00	27.86	31.91	83.2	27.13	31.91	89.1	26.93	31.91	90.8	25.82	31.91	101.1
4/07/2018 1:39:20 PM	3613520360	1013.00	27.90	31.90	82.9	27.13	31.90	89.1	26.90	31.90	91.1	25.79	31.90	101.4
4/07/2018 1:39:21 PM	3613520361	1013.00	27.90	31.90	82.9	27.10	31.90	89.4	26.94	31.90	90.7	25.77	31.90	101.6
4/07/2018 1:39:22 PM	3613520362	1013.00	27.91	31.90	82.8	27.14	31.90	89.0	26.93	31.90	90.8	25.80	31.90	101.3
4/07/2018 1:39:23 PM	3613520363	1013.00	27.93	31.90	82.7	27.12	31.90	89.2	26.94	31.90	90.7	25.78	31.90	101.5
4/07/2018 1:39:24 PM	3613520364	1013.00	27.90	31.90	82.9	27.12	31.90	89.2	26.95	31.90	90.7	25.80	31.90	101.3
4/07/2018 1:39:25 PM	3613520365	1013.00	27.94	31.90	82.6	27.09	31.90	89.5	26.91	31.90	91.0	25.75	31.90	101.8
4/07/2018 1:39:26 PM	3613520366	1013.00	27.93	31.90	82.7	27.11	31.90	89.3	26.94	31.90	90.7	25.81	31.90	101.2
4/07/2018 1:39:27 PM	3613520367	1013.00	27.96	31.90	82.4	27.18	31.90	88.7	26.97	31.90	90.5	25.79	31.90	101.4
4/07/2018 1:39:28 PM	3613520368	1013.00	27.93	31.90	82.7	27.15	31.90	88.9	26.95	31.90	90.7	25.77	31.90	101.6
4/07/2018 1:39:29 PM	3613520369	1013.00	27.98	31.90	82.3	27.19	31.90	88.6	26.92	31.90	90.9	25.77	31.90	101.6
4/07/2018 1:39:30 PM	3613520370	1013.00	28.03	31.90	81.9	27.25	31.90	88.1	26.96	31.90	90.6	25.78	31.90	101.5
4/07/2018 1:39:31 PM	3613520371	1013.00	27.99	31.90	82.2	27.22	31.90	88.4	26.97	31.90	90.5	25.76	31.90	101.7
4/07/2018 1:39:32 PM	3613520372	1013.00	28.00	31.90	82.1	27.22	31.90	88.4	26.99	31.90	90.3	25.79	31.90	101.4
4/07/2018 1:39:33 PM	3613520373	1013.00	27.97	31.90	82.4	27.17	31.90	88.8	27.02	31.90	90.1	25.79	31.90	101.4
4/07/2018 1:39:34 PM	3613520374	1013.00	27.98	31.90	82.3	27.16	31.90	88.9	26.96	31.90	90.6	25.78	31.90	101.5
4/07/2018 1:39:35 PM	3613520375	1013.00	27.97	31.90	82.4	27.19	31.90	88.6	26.99	31.90	90.3	25.79	31.90	101.4
4/07/2018 1:39:36 PM	3613520376	1013.00	27.99	31.90	82.2	27.20	31.90	88.5	27.01	31.90	90.1	25.77	31.90	101.6
4/07/2018 1:39:37 PM	3613520377	1013.00	28.00	31.89	82.1	27.22	31.89	88.4	27.01	31.89	90.2	25.77	31.89	101.6
4/07/2018 1:39:38 PM	3613520378	1013.00	28.03	31.89	81.9	27.12	31.89	89.2	27.04	31.89	89.9	25.80	31.89	101.3
4/07/2018 1:39:39 PM	3613520379	1013.00	28.03	31.89	81.9	27.17	31.89	88.8	27.01	31.89	90.2	25.81	31.89	101.2
4/07/2018 1:39:40 PM	3613520380	1013.00	28.06	31.88	81.7	27.17	31.88	88.8	27.04	31.88	89.9	25.78	31.88	101.5
4/07/2018 1:39:41 PM	3613520381	1013.00	28.07	31.88	81.6	27.20	31.88	88.6	27.04	31.88	89.9	25.79	31.88	101.4
4/07/2018 1:39:42 PM	3613520382	1013.00	28.10	31.88	81.4	27.28	31.88	87.9	27.03	31.88	90.0	25.79	31.88	101.4
4/07/2018 1:39:43 PM	3613520383	1013.00	28.09	31.88	81.5	27.21	31.88	88.5	27.00	31.88	90.3	25.78	31.88	101.5
4/07/2018 1:39:44 PM	3613520384	1013.00	28.07	31.88	81.6	27.27	31.88	88.0	27.05	31.88	89.8	25.78	31.88	101.5
4/07/2018 1:39:45 PM	3613520385	1013.00	28.06	31.89	81.7	27.31	31.89	87.6	27.03	31.89	90.0	25.78	31.89	101.5
4/07/2018 1:39:46 PM	3613520386	1013.00	28.09	31.89	81.4	27.22	31.89	88.4	27.02	31.89	90.1	25.79	31.89	101.4
4/07/2018 1:39:47 PM	3613520387	1013.00	28.15	31.89	81.0	27.30	31.89	87.7	27.01	31.89	90.2	25.77	31.89	101.6
4/07/2018 1:39:48 PM	3613520388	1013.00	28.12	31.90	81.2	27.26	31.90	88.0	27.05	31.90	89.8	25.75	31.90	101.8
4/07/2018 1:39:49 PM	3613520389	1013.00	28.13	31.90	81.1	27.31	31.90	87.6	27.05	31.90	89.8	25.78	31.90	101.5
4/07/2018 1:39:50 PM	3613520390	1013.00	28.11	31.89	81.3	27.33	31.89	87.5	27.06	31.89	89.7	25.79	31.89	101.4
4/07/2018 1:39:51 PM	3613520391	1013.00	28.16	31.89	80.9	27.29	31.89	87.8	27.05	31.89	89.8	25.78	31.89	101.5
4/07/2018 1:39:52 PM	3613520392	1013.00	28.15	31.89	81.0	27.31	31.89	87.6	27.03	31.89	90.0	25.77	31.89	101.6
4/07/2018 1:39:53 PM	3613520393	1013.00	28.14	31.88	81.1	27.30	31.88	87.7	27.09	31.88	89.5	25.80	31.88	101.3
4/07/2018 1:39:54 PM	3613520394	1013.00	28.17	31.88	80.9	27.27	31.88	88.0	27.09	31.88	89.5	25.79	31.88	101.4
4/07/2018 1:39:55 PM	3613520395	1013.00	28.15	31.89	81.0	27.26	31.89	88.0	27.07	31.89	89.6	25.84	31.89	100.9
4/07/2018 1:39:56 PM	3613520396	1013.00	28.17	31.89	80.8	27.34	31.89	87.4	27.09	31.89	89.5	25.77	31.89	101.6
4/07/2018 1:39:57 PM	3613520397	1013.00	28.19	31.89	80.7	27.27	31.89	88.0	27.11	31.89	89.3	25.79	31.89	101.4
4/07/2018 1:39:58 PM	3613520398	1013.00	28.19	31.90	80.7	27.30	31.90	87.7	27.08	31.90	89.5	25.79	31.90	101.4
4/07/2018 1:39:59 PM	3613520399	1013.00	28.19	31.91	80.7	27.33	31.91	87.4	27.11	31.91	89.3	25.80	31.91	101.3
4/07/2018 1:40:00 PM	3613520400	1013.00	28.18	31.90	80.8	27.35	31.90	87.3	27.12	31.90	89.2	25.78	31.90	101.5
4/07/2018 1:40:01 PM	3613520401	1013.00	28.19	31.90	80.7	27.28	31.90	87.9	27.14	31.90	89.0	25.79	31.90	101.4
4/07/2018 1:40:02 PM	3613520402	1013.00	28.26	31.89	80.2	27.34	31.89	87.4	27.11	31.89	89.3	25.78	31.89	101.5
4/07/2018 1:40:03 PM	3613520403	1013.00	28.25	31.89	80.2	27.25	31.89	88.1	27.11	31.89	89.3	25.76	31.89	101.7
4/07/2018 1:40:04 PM	3613520404	1013.00	28.20	31.88	80.6	27.30	31.88	87.7	27.09	31.88	89.5	25.79	31.88	101.4
4/07/2018 1:40:05 PM	3613520405	1013.00	28.23	31.89	80.4	27.36	31.89	87.2	27.16	31.89	88.9	25.79	31.89	101.4
4/07/2018 1:40:06 PM	3613520406	1013.00	28.25	31.89	80.2	27.34	31.89	87.4	27.13	31.89	89.1	25.79	31.89	101.4
4/07/2018 1:40:07 PM	3613520407	1013.00	28.22	31.89	80.5	27.31	31.89	87.6	27.20	31.89	88.5	25.76	31.89	101.7
4/07/2018 1:40:08 PM	3613520408	1013.00	28.23	31.89	80.4	27.34	31.89	87.4	27.13	31.89	89.1	25.81	31.89	101.2
4/07/2018 1:40:09 PM	3613520409	1013.00	28.21	31.88	80.6	27.37	31.88	87.1	27.15	31.88	89.0	25.78	31.88	101.5
4/07/2018 1:40:10 PM	3613520410	1013.00	28.25	31.88	80.3	27.39	31.88	87.0	27.14	31.88	89.1	25.79	31.88	101.4
4/07/2018 1:40:11 PM	3613520411	1013.00	28.25	31.88	80.3	27.37	31.88	87.1	27.16	31.88	88.9	25.76	31.88	101.7
4/07/2018 1:40:12 PM	3613520412	1013.00	28.26	31.88	80.2	27.40	31.88	86.9	27.13	31.88	89.1	25.79	31.88	101.4
4/07/2018 1:40:13 PM	3613520413	1013.00	28.24	31.88	80.3	27.42	31.88	86.7	27.17	31.88	88.8	25.76	31.88	101.7
4/07/2018 1:40:14 PM	3613520414	1013.00	28.24	31.88	80.3	27.41	31.88	86.8	27.16	31.88	88.9	25.77	31.88	101.6
4/07/2018 1:40:15 PM	3613520415	1013.00	28.29	31.88	80.0	27.39	31.88	87.0	27.21	31.88	88.5	25.77	31.88	101.6
4/07/2018 1:40:16 PM	3613520416	1013.00	28.28	31.87	80.1	27.47	31.87	86.3	27.18	31.87	88.7	25.79	31.87	101.5
4/07/2018 1:40:17 PM	3613520417	1013.00	28.29	31.87	80.0	27.38	31.87	87.1	27.18	31.87	88.7	25.80	31.87	101.4
4/07/2018 1:40:18 PM	3613520418	1013.00	28.33	31.87	79.7	27.46	31.87	86.4	27.16	31.87	88.9	25.77	31.87	101.7
4/07/2018 1:40:19 PM	3613520419	1013.00	28.30	31.87	79.9	27.48	31.87	86.3	27.20	31.87	88.6	25.78	31.87	101.6
4/07/2018 1:40:20 PM	3613520420	1013.00	28.27	31.87	80.1	27.33	31.87	87.5	27.21	31.87	88.5	25.79	31.87	101.5
4/07/2018 1:40:21 PM	3613520421	1013.00	28.30	31.88	79.9	27.38	31.88	87.1	27.19	31.88	88.6	25.78	31.88	101.5
4/07/2018 1:40:22 PM	3613520422	1013.00	28.26	31.88	80.2	27.42	31.88	86.7	27.19	31.88	88.6	25.80	31.88	101.3
4/07/2018 1:40:23 PM	3613520423	1013.00	28.31	31.88	79.8	27.40	31.88	86.9	27.19	31.88	88.6	25.79	31.88	101.4
4/07/2018 1:40:24 PM	3613520424	1013.00	28.31	31.88	79.8	27.42	31.88	86.7	27.23	31.88	88.3	25.78	31.88	101.5
