Date & time of file creation	27/06/2018 10:45 AM													
Data file path	C:\Users\ameli\Desktop\Diego Barneche\27_06_2018\26_C_new_witrox_16.txt													
														
														
CALIBRATION DATA														
Parameter/Channel	N moving average	LO phase [r.U.]	HI phase [r.U.]	LO oxygen [%air saturation]	HI oxygen [%air saturation]	LO temperature [°C]	HI temperature [°C]	Salinity [‰]						
SDWD0003000199      , CH 1	1	59.30	26.84	0.00	100.00	26.24	26.19	0.000						
SDWD0003000199      , CH 2	1	59.30	26.84	0.00	100.00	26.24	26.19	0.000						
SDWD0003000199      , CH 3	1	59.30	26.84	0.00	100.00	26.24	26.19	0.000						
SDWD0003000199      , CH 4	1	59.30	26.84	0.00	100.00	26.24	26.19	0.000						
														
														
Date &Time [DD-MM-YYYY HH:MM:SS]	Time stamp code	Barometric pressure [hPa]	SDWD0003000199      , CH 1 phase [r.U.]	SDWD0003000199      , CH 1 temp [°C]	SDWD0003000199      , CH 1 O2 [% air saturation]	SDWD0003000199      , CH 2 phase [r.U.]	SDWD0003000199      , CH 2 temp [°C]	SDWD0003000199      , CH 2 O2 [% air saturation]	SDWD0003000199      , CH 3 phase [r.U.]	SDWD0003000199      , CH 3 temp [°C]	SDWD0003000199      , CH 3 O2 [% air saturation]	SDWD0003000199      , CH 4 phase [r.U.]	SDWD0003000199      , CH 4 temp [°C]	SDWD0003000199      , CH 4 O2 [% air saturation]
27/06/2018 10:46:05 AM	3612905165	1013.00	26.38	26.13	104.6	26.36	26.13	104.8	26.26	26.13	105.8	26.40	26.13	104.4
27/06/2018 10:46:06 AM	3612905166	1013.00	26.38	26.13	104.6	26.38	26.13	104.6	26.31	26.13	105.3	26.39	26.13	104.5
27/06/2018 10:46:07 AM	3612905167	1013.00	26.40	26.13	104.4	26.34	26.13	105.0	26.25	26.13	105.9	26.39	26.13	104.5
27/06/2018 10:46:08 AM	3612905168	1013.00	26.37	26.12	104.7	26.36	26.12	104.8	26.27	26.12	105.8	26.39	26.12	104.5
27/06/2018 10:46:09 AM	3612905169	1013.00	26.39	26.13	104.5	26.32	26.13	105.2	26.26	26.13	105.8	26.40	26.13	104.4
27/06/2018 10:46:10 AM	3612905170	1013.00	26.38	26.13	104.6	26.36	26.13	104.8	26.27	26.13	105.7	26.39	26.13	104.5
27/06/2018 10:46:11 AM	3612905171	1013.00	26.38	26.13	104.6	26.39	26.13	104.5	26.26	26.13	105.8	26.41	26.13	104.3
27/06/2018 10:46:12 AM	3612905172	1013.00	26.40	26.12	104.4	26.39	26.12	104.5	26.27	26.12	105.8	26.39	26.12	104.5
27/06/2018 10:46:13 AM	3612905173	1013.00	26.36	26.13	104.8	26.33	26.13	105.1	26.28	26.13	105.6	26.40	26.13	104.4
27/06/2018 10:46:14 AM	3612905174	1013.00	26.40	26.13	104.4	26.30	26.13	105.4	26.27	26.13	105.7	26.41	26.13	104.3
27/06/2018 10:46:15 AM	3612905175	1013.00	26.38	26.12	104.6	26.35	26.12	104.9	26.28	26.12	105.7	26.41	26.12	104.3
27/06/2018 10:46:16 AM	3612905176	1013.00	26.35	26.13	104.9	26.37	26.13	104.7	26.25	26.13	105.9	26.39	26.13	104.5
27/06/2018 10:46:17 AM	3612905177	1013.00	26.38	26.13	104.6	26.33	26.13	105.1	26.26	26.13	105.8	26.39	26.13	104.5
27/06/2018 10:46:18 AM	3612905178	1013.00	26.38	26.13	104.6	26.34	26.13	105.0	26.26	26.13	105.8	26.40	26.13	104.4
27/06/2018 10:46:19 AM	3612905179	1013.00	26.37	26.13	104.7	26.36	26.13	104.8	26.26	26.13	105.8	26.40	26.13	104.4
27/06/2018 10:46:20 AM	3612905180	1013.00	26.39	26.13	104.5	26.38	26.13	104.6	26.28	26.13	105.6	26.40	26.13	104.4
27/06/2018 10:46:21 AM	3612905181	1013.00	26.37	26.13	104.7	26.36	26.13	104.8	26.26	26.13	105.8	26.38	26.13	104.6
27/06/2018 10:46:22 AM	3612905182	1013.00	26.38	26.13	104.6	26.35	26.13	104.9	26.26	26.13	105.8	26.41	26.13	104.3
27/06/2018 10:46:23 AM	3612905183	1013.00	26.37	26.12	104.7	26.38	26.12	104.6	26.27	26.12	105.8	26.38	26.12	104.6
27/06/2018 10:46:24 AM	3612905184	1013.00	26.37	26.13	104.7	26.36	26.13	104.8	26.28	26.13	105.6	26.40	26.13	104.4
27/06/2018 10:46:25 AM	3612905185	1013.00	26.40	26.13	104.4	26.36	26.13	104.8	26.30	26.13	105.4	26.42	26.13	104.2
27/06/2018 10:46:26 AM	3612905186	1013.00	26.38	26.13	104.6	26.36	26.13	104.8	26.26	26.13	105.8	26.41	26.13	104.3
27/06/2018 10:46:27 AM	3612905187	1013.00	26.36	26.13	104.8	26.34	26.13	105.0	26.26	26.13	105.8	26.40	26.13	104.4
27/06/2018 10:46:28 AM	3612905188	1013.00	26.39	26.13	104.5	26.37	26.13	104.7	26.29	26.13	105.5	26.38	26.13	104.6
27/06/2018 10:46:29 AM	3612905189	1013.00	26.38	26.13	104.6	26.34	26.13	105.0	26.25	26.13	105.9	26.40	26.13	104.4
27/06/2018 10:46:30 AM	3612905190	1013.00	26.35	26.13	104.9	26.38	26.13	104.6	26.27	26.13	105.7	26.41	26.13	104.3
27/06/2018 10:46:31 AM	3612905191	1013.00	26.34	26.13	105.0	26.36	26.13	104.8	26.27	26.13	105.7	26.39	26.13	104.5
27/06/2018 10:46:32 AM	3612905192	1013.00	26.37	26.13	104.7	26.34	26.13	105.0	26.27	26.13	105.7	26.40	26.13	104.4
27/06/2018 10:46:33 AM	3612905193	1013.00	26.36	26.13	104.8	26.29	26.13	105.5	26.27	26.13	105.7	26.41	26.13	104.3
27/06/2018 10:46:34 AM	3612905194	1013.00	26.39	26.13	104.5	26.36	26.13	104.8	26.27	26.13	105.7	26.40	26.13	104.4
27/06/2018 10:46:35 AM	3612905195	1013.00	26.39	26.13	104.5	26.33	26.13	105.1	26.29	26.13	105.5	26.40	26.13	104.4
27/06/2018 10:46:36 AM	3612905196	1013.00	26.38	26.12	104.6	26.37	26.12	104.7	26.27	26.12	105.8	26.39	26.12	104.5
27/06/2018 10:46:37 AM	3612905197	1013.00	26.41	26.12	104.3	26.36	26.12	104.8	26.27	26.12	105.8	26.40	26.12	104.4
27/06/2018 10:46:38 AM	3612905198	1013.00	26.40	26.12	104.4	26.36	26.12	104.8	26.28	26.12	105.7	26.38	26.12	104.6
27/06/2018 10:46:39 AM	3612905199	1013.00	26.36	26.11	104.9	26.33	26.11	105.2	26.28	26.11	105.7	26.40	26.11	104.5
27/06/2018 10:46:40 AM	3612905200	1013.00	26.39	26.11	104.6	26.35	26.11	105.0	26.25	26.11	106.0	26.40	26.11	104.5
27/06/2018 10:46:41 AM	3612905201	1013.00	26.38	26.12	104.6	26.35	26.12	104.9	26.27	26.12	105.8	26.42	26.12	104.2
27/06/2018 10:46:42 AM	3612905202	1013.00	26.41	26.12	104.3	26.32	26.12	105.2	26.28	26.12	105.7	26.39	26.12	104.5
27/06/2018 10:46:43 AM	3612905203	1013.00	26.39	26.13	104.5	26.29	26.13	105.5	26.26	26.13	105.8	26.37	26.13	104.7
27/06/2018 10:46:44 AM	3612905204	1013.00	26.35	26.13	104.9	26.32	26.13	105.2	26.27	26.13	105.7	26.39	26.13	104.5
27/06/2018 10:46:45 AM	3612905205	1013.00	26.39	26.12	104.5	26.40	26.12	104.4	26.29	26.12	105.6	26.41	26.12	104.3
27/06/2018 10:46:46 AM	3612905206	1013.00	26.38	26.12	104.6	26.33	26.12	105.1	26.27	26.12	105.8	26.41	26.12	104.3
27/06/2018 10:46:47 AM	3612905207	1013.00	26.38	26.12	104.6	26.34	26.12	105.0	26.26	26.12	105.9	26.42	26.12	104.2
27/06/2018 10:46:48 AM	3612905208	1013.00	26.37	26.12	104.7	26.33	26.12	105.1	26.27	26.12	105.8	26.39	26.12	104.5
27/06/2018 10:46:49 AM	3612905209	1013.00	26.38	26.12	104.6	26.34	26.12	105.0	26.30	26.12	105.5	26.37	26.12	104.7
27/06/2018 10:46:50 AM	3612905210	1013.00	26.39	26.12	104.5	26.38	26.12	104.6	26.27	26.12	105.8	26.39	26.12	104.5
27/06/2018 10:46:51 AM	3612905211	1013.00	26.39	26.11	104.6	26.38	26.11	104.7	26.28	26.11	105.7	26.39	26.11	104.6
27/06/2018 10:46:52 AM	3612905212	1013.00	26.37	26.11	104.8	26.33	26.11	105.2	26.29	26.11	105.6	26.39	26.11	104.6
27/06/2018 10:46:53 AM	3612905213	1013.00	26.39	26.11	104.6	26.38	26.11	104.7	26.30	26.11	105.5	26.40	26.11	104.5
27/06/2018 10:46:54 AM	3612905214	1013.00	26.40	26.11	104.5	26.39	26.11	104.6	26.25	26.11	106.0	26.41	26.11	104.4
27/06/2018 10:46:55 AM	3612905215	1013.00	26.39	26.11	104.6	26.41	26.11	104.4	26.29	26.11	105.6	26.42	26.11	104.3
27/06/2018 10:46:56 AM	3612905216	1013.00	26.40	26.12	104.4	26.37	26.12	104.7	26.29	26.12	105.6	26.40	26.12	104.4
27/06/2018 10:46:57 AM	3612905217	1013.00	26.39	26.12	104.5	26.39	26.12	104.5	26.29	26.12	105.6	26.40	26.12	104.4
27/06/2018 10:46:58 AM	3612905218	1013.00	26.38	26.12	104.6	26.39	26.12	104.5	26.27	26.12	105.8	26.40	26.12	104.4
27/06/2018 10:46:59 AM	3612905219	1013.00	26.39	26.12	104.5	26.38	26.12	104.6	26.28	26.12	105.7	26.38	26.12	104.6
27/06/2018 10:47:00 AM	3612905220	1013.00	26.37	26.12	104.7	26.40	26.12	104.4	26.30	26.12	105.5	26.40	26.12	104.4
27/06/2018 10:47:01 AM	3612905221	1013.00	26.41	26.12	104.3	26.35	26.12	104.9	26.30	26.12	105.5	26.41	26.12	104.3
27/06/2018 10:47:02 AM	3612905222	1013.00	26.40	26.12	104.4	26.35	26.12	104.9	26.30	26.12	105.5	26.39	26.12	104.5
27/06/2018 10:47:03 AM	3612905223	1013.00	26.38	26.12	104.6	26.34	26.12	105.0	26.30	26.12	105.5	26.39	26.12	104.5
27/06/2018 10:47:04 AM	3612905224	1013.00	26.38	26.13	104.6	26.36	26.13	104.8	26.30	26.13	105.4	26.42	26.13	104.2
27/06/2018 10:47:05 AM	3612905225	1013.00	26.36	26.13	104.8	26.38	26.13	104.6	26.30	26.13	105.4	26.41	26.13	104.3
27/06/2018 10:47:06 AM	3612905226	1013.00	26.36	26.12	104.8	26.40	26.12	104.4	26.27	26.12	105.8	26.41	26.12	104.3
27/06/2018 10:47:07 AM	3612905227	1013.00	26.35	26.12	104.9	26.39	26.12	104.5	26.32	26.12	105.2	26.42	26.12	104.2
27/06/2018 10:47:08 AM	3612905228	1013.00	26.37	26.12	104.7	26.40	26.12	104.4	26.30	26.12	105.5	26.43	26.12	104.1
27/06/2018 10:47:09 AM	3612905229	1013.00	26.39	26.12	104.5	26.37	26.12	104.7	26.30	26.12	105.5	26.40	26.12	104.4
27/06/2018 10:47:10 AM	3612905230	1013.00	26.39	26.12	104.5	26.39	26.12	104.5	26.30	26.12	105.5	26.40	26.12	104.4
27/06/2018 10:47:11 AM	3612905231	1013.00	26.35	26.12	104.9	26.44	26.12	104.0	26.32	26.12	105.2	26.40	26.12	104.4
27/06/2018 10:47:12 AM	3612905232	1013.00	26.39	26.13	104.5	26.44	26.13	104.0	26.29	26.13	105.5	26.40	26.13	104.4
27/06/2018 10:47:13 AM	3612905233	1013.00	26.41	26.13	104.3	26.39	26.13	104.5	26.30	26.13	105.4	26.39	26.13	104.5
27/06/2018 10:47:14 AM	3612905234	1013.00	26.38	26.13	104.6	26.42	26.13	104.2	26.28	26.13	105.6	26.40	26.13	104.4
27/06/2018 10:47:15 AM	3612905235	1013.00	26.36	26.13	104.8	26.40	26.13	104.4	26.32	26.13	105.2	26.40	26.13	104.4
27/06/2018 10:47:16 AM	3612905236	1013.00	26.37	26.13	104.7	26.44	26.13	104.0	26.30	26.13	105.4	26.39	26.13	104.5
27/06/2018 10:47:17 AM	3612905237	1013.00	26.37	26.13	104.7	26.41	26.13	104.3	26.29	26.13	105.5	26.41	26.13	104.3
27/06/2018 10:47:18 AM	3612905238	1013.00	26.39	26.13	104.5	26.42	26.13	104.2	26.31	26.13	105.3	26.40	26.13	104.4
27/06/2018 10:47:19 AM	3612905239	1013.00	26.36	26.13	104.8	26.40	26.13	104.4	26.33	26.13	105.1	26.40	26.13	104.4
27/06/2018 10:47:20 AM	3612905240	1013.00	26.40	26.13	104.4	26.38	26.13	104.6	26.29	26.13	105.5	26.41	26.13	104.3
27/06/2018 10:47:21 AM	3612905241	1013.00	26.36	26.12	104.8	26.45	26.12	103.9	26.30	26.12	105.5	26.43	26.12	104.1
27/06/2018 10:47:22 AM	3612905242	1013.00	26.38	26.12	104.6	26.44	26.12	104.0	26.31	26.12	105.3	26.44	26.12	104.0
27/06/2018 10:47:23 AM	3612905243	1013.00	26.39	26.12	104.5	26.39	26.12	104.5	26.31	26.12	105.3	26.45	26.12	103.9
27/06/2018 10:47:24 AM	3612905244	1013.00	26.43	26.13	104.1	26.40	26.13	104.4	26.31	26.13	105.3	26.39	26.13	104.5
27/06/2018 10:47:25 AM	3612905245	1013.00	26.36	26.12	104.8	26.41	26.12	104.3	26.34	26.12	105.0	26.40	26.12	104.4
27/06/2018 10:47:26 AM	3612905246	1013.00	26.38	26.12	104.6	26.41	26.12	104.3	26.31	26.12	105.3	26.40	26.12	104.4
27/06/2018 10:47:27 AM	3612905247	1013.00	26.39	26.12	104.5	26.37	26.12	104.7	26.32	26.12	105.2	26.41	26.12	104.3
27/06/2018 10:47:28 AM	3612905248	1013.00	26.41	26.13	104.3	26.42	26.13	104.2	26.28	26.13	105.6	26.43	26.13	104.1
27/06/2018 10:47:29 AM	3612905249	1013.00	26.40	26.12	104.4	26.44	26.12	104.0	26.32	26.12	105.2	26.39	26.12	104.5
27/06/2018 10:47:30 AM	3612905250	1013.00	26.38	26.12	104.6	26.43	26.12	104.1	26.32	26.12	105.2	26.40	26.12	104.4
27/06/2018 10:47:31 AM	3612905251	1013.00	26.39	26.12	104.5	26.46	26.12	103.8	26.31	26.12	105.3	26.40	26.12	104.4
27/06/2018 10:47:32 AM	3612905252	1013.00	26.40	26.12	104.4	26.45	26.12	103.9	26.32	26.12	105.2	26.40	26.12	104.4
27/06/2018 10:47:33 AM	3612905253	1013.00	26.40	26.12	104.4	26.44	26.12	104.0	26.35	26.12	104.9	26.42	26.12	104.2
27/06/2018 10:47:34 AM	3612905254	1013.00	26.41	26.12	104.3	26.39	26.12	104.5	26.31	26.12	105.3	26.41	26.12	104.3
27/06/2018 10:47:35 AM	3612905255	1013.00	26.39	26.13	104.5	26.43	26.13	104.1	26.35	26.13	104.9	26.39	26.13	104.5
27/06/2018 10:47:36 AM	3612905256	1013.00	26.40	26.13	104.4	26.46	26.13	103.8	26.34	26.13	105.0	26.42	26.13	104.2
27/06/2018 10:47:37 AM	3612905257	1013.00	26.37	26.13	104.7	26.39	26.13	104.5	26.32	26.13	105.2	26.38	26.13	104.6
27/06/2018 10:47:38 AM	3612905258	1013.00	26.38	26.13	104.6	26.48	26.13	103.6	26.36	26.13	104.8	26.43	26.13	104.1
27/06/2018 10:47:39 AM	3612905259	1013.00	26.41	26.14	104.3	26.49	26.14	103.5	26.35	26.14	104.9	26.42	26.14	104.2
27/06/2018 10:47:40 AM	3612905260	1013.00	26.40	26.13	104.4	26.44	26.13	104.0	26.35	26.13	104.9	26.40	26.13	104.4
27/06/2018 10:47:41 AM	3612905261	1013.00	26.41	26.13	104.3	26.40	26.13	104.4	26.34	26.13	105.0	26.40	26.13	104.4
27/06/2018 10:47:42 AM	3612905262	1013.00	26.41	26.13	104.3	26.47	26.13	103.7	26.35	26.13	104.9	26.42	26.13	104.2
27/06/2018 10:47:43 AM	3612905263	1013.00	26.44	26.13	104.0	26.41	26.13	104.3	26.36	26.13	104.8	26.40	26.13	104.4
27/06/2018 10:47:44 AM	3612905264	1013.00	26.40	26.12	104.4	26.44	26.12	104.0	26.40	26.12	104.4	26.41	26.12	104.3
27/06/2018 10:47:45 AM	3612905265	1013.00	26.39	26.12	104.5	26.44	26.12	104.0	26.37	26.12	104.7	26.40	26.12	104.4
27/06/2018 10:47:46 AM	3612905266	1013.00	26.40	26.13	104.4	26.44	26.13	104.0	26.35	26.13	104.9	26.43	26.13	104.1
27/06/2018 10:47:47 AM	3612905267	1013.00	26.42	26.13	104.2	26.41	26.13	104.3	26.35	26.13	104.9	26.41	26.13	104.3
27/06/2018 10:47:48 AM	3612905268	1013.00	26.39	26.13	104.5	26.45	26.13	103.9	26.32	26.13	105.2	26.39	26.13	104.5
27/06/2018 10:47:49 AM	3612905269	1013.00	26.42	26.13	104.2	26.48	26.13	103.6	26.37	26.13	104.7	26.41	26.13	104.3
27/06/2018 10:47:50 AM	3612905270	1013.00	26.39	26.13	104.5	26.46	26.13	103.8	26.38	26.13	104.6	26.42	26.13	104.2
27/06/2018 10:47:51 AM	3612905271	1013.00	26.42	26.13	104.2	26.45	26.13	103.9	26.35	26.13	104.9	26.40	26.13	104.4
27/06/2018 10:47:52 AM	3612905272	1013.00	26.41	26.13	104.3	26.48	26.13	103.6	26.37	26.13	104.7	26.41	26.13	104.3
27/06/2018 10:47:53 AM	3612905273	1013.00	26.41	26.13	104.3	26.49	26.13	103.5	26.36	26.13	104.8	26.43	26.13	104.1
27/06/2018 10:47:54 AM	3612905274	1013.00	26.42	26.13	104.2	26.48	26.13	103.6	26.36	26.13	104.8	26.43	26.13	104.1
27/06/2018 10:47:55 AM	3612905275	1013.00	26.39	26.13	104.5	26.46	26.13	103.8	26.36	26.13	104.8	26.42	26.13	104.2
27/06/2018 10:47:56 AM	3612905276	1013.00	26.43	26.13	104.1	26.51	26.13	103.3	26.35	26.13	104.9	26.43	26.13	104.1
27/06/2018 10:47:57 AM	3612905277	1013.00	26.40	26.12	104.4	26.44	26.12	104.0	26.36	26.12	104.8	26.42	26.12	104.2
27/06/2018 10:47:58 AM	3612905278	1013.00	26.43	26.13	104.1	26.49	26.13	103.5	26.39	26.13	104.5	26.41	26.13	104.3
27/06/2018 10:47:59 AM	3612905279	1013.00	26.41	26.13	104.3	26.50	26.13	103.4	26.35	26.13	104.9	26.43	26.13	104.1
27/06/2018 10:48:00 AM	3612905280	1013.00	26.42	26.12	104.2	26.48	26.12	103.6	26.37	26.12	104.7	26.45	26.12	103.9
27/06/2018 10:48:01 AM	3612905281	1013.00	26.39	26.13	104.5	26.46	26.13	103.8	26.37	26.13	104.7	26.41	26.13	104.3
27/06/2018 10:48:02 AM	3612905282	1013.00	26.43	26.13	104.1	26.50	26.13	103.4	26.38	26.13	104.6	26.41	26.13	104.3
27/06/2018 10:48:03 AM	3612905283	1013.00	26.39	26.13	104.5	26.46	26.13	103.8	26.38	26.13	104.6	26.40	26.13	104.4
27/06/2018 10:48:04 AM	3612905284	1013.00	26.41	26.13	104.3	26.48	26.13	103.6	26.38	26.13	104.6	26.42	26.13	104.2
27/06/2018 10:48:05 AM	3612905285	1013.00	26.39	26.14	104.5	26.48	26.14	103.6	26.37	26.14	104.7	26.42	26.14	104.2
27/06/2018 10:48:06 AM	3612905286	1013.00	26.43	26.14	104.1	26.45	26.14	103.9	26.36	26.14	104.8	26.39	26.14	104.5
27/06/2018 10:48:07 AM	3612905287	1013.00	26.44	26.13	104.0	26.51	26.13	103.3	26.36	26.13	104.8	26.42	26.13	104.2
27/06/2018 10:48:08 AM	3612905288	1013.00	26.42	26.14	104.2	26.47	26.14	103.7	26.39	26.14	104.5	26.39	26.14	104.5
27/06/2018 10:48:09 AM	3612905289	1013.00	26.43	26.13	104.1	26.46	26.13	103.8	26.39	26.13	104.5	26.41	26.13	104.3
27/06/2018 10:48:10 AM	3612905290	1013.00	26.43	26.13	104.1	26.48	26.13	103.6	26.38	26.13	104.6	26.41	26.13	104.3
27/06/2018 10:48:11 AM	3612905291	1013.00	26.44	26.13	104.0	26.51	26.13	103.3	26.38	26.13	104.6	26.42	26.13	104.2
27/06/2018 10:48:12 AM	3612905292	1013.00	26.41	26.13	104.3	26.49	26.13	103.5	26.42	26.13	104.2	26.41	26.13	104.3
27/06/2018 10:48:13 AM	3612905293	1013.00	26.42	26.13	104.2	26.52	26.13	103.2	26.37	26.13	104.7	26.43	26.13	104.1
27/06/2018 10:48:14 AM	3612905294	1013.00	26.43	26.13	104.1	26.53	26.13	103.1	26.39	26.13	104.5	26.42	26.13	104.2
27/06/2018 10:48:15 AM	3612905295	1013.00	26.44	26.13	104.0	26.47	26.13	103.7	26.39	26.13	104.5	26.41	26.13	104.3
27/06/2018 10:48:16 AM	3612905296	1013.00	26.44	26.13	104.0	26.52	26.13	103.2	26.42	26.13	104.2	26.42	26.13	104.2
27/06/2018 10:48:17 AM	3612905297	1013.00	26.40	26.13	104.4	26.53	26.13	103.1	26.41	26.13	104.3	26.40	26.13	104.4
27/06/2018 10:48:18 AM	3612905298	1013.00	26.42	26.13	104.2	26.50	26.13	103.4	26.42	26.13	104.2	26.39	26.13	104.5
27/06/2018 10:48:19 AM	3612905299	1013.00	26.44	26.13	104.0	26.53	26.13	103.1	26.40	26.13	104.4	26.41	26.13	104.3
27/06/2018 10:48:20 AM	3612905300	1013.00	26.44	26.13	104.0	26.48	26.13	103.6	26.42	26.13	104.2	26.42	26.13	104.2
27/06/2018 10:48:21 AM	3612905301	1013.00	26.43	26.12	104.1	26.50	26.12	103.4	26.41	26.12	104.3	26.42	26.12	104.2
27/06/2018 10:48:22 AM	3612905302	1013.00	26.45	26.13	103.9	26.52	26.13	103.2	26.39	26.13	104.5	26.42	26.13	104.2
27/06/2018 10:48:23 AM	3612905303	1013.00	26.43	26.13	104.1	26.53	26.13	103.1	26.39	26.13	104.5	26.42	26.13	104.2
27/06/2018 10:48:24 AM	3612905304	1013.00	26.44	26.13	104.0	26.49	26.13	103.5	26.40	26.13	104.4	26.41	26.13	104.3
27/06/2018 10:48:25 AM	3612905305	1013.00	26.44	26.14	104.0	26.54	26.14	103.0	26.43	26.14	104.1	26.43	26.14	104.1
27/06/2018 10:48:26 AM	3612905306	1013.00	26.44	26.14	104.0	26.58	26.14	102.6	26.41	26.14	104.3	26.42	26.14	104.2
27/06/2018 10:48:27 AM	3612905307	1013.00	26.44	26.14	104.0	26.55	26.14	102.9	26.39	26.14	104.5	26.41	26.14	104.3
27/06/2018 10:48:28 AM	3612905308	1013.00	26.44	26.14	104.0	26.51	26.14	103.3	26.44	26.14	104.0	26.44	26.14	104.0
27/06/2018 10:48:29 AM	3612905309	1013.00	26.44	26.14	104.0	26.51	26.14	103.3	26.45	26.14	103.9	26.42	26.14	104.2
27/06/2018 10:48:30 AM	3612905310	1013.00	26.45	26.13	103.9	26.57	26.13	102.7	26.42	26.13	104.2	26.42	26.13	104.2
27/06/2018 10:48:31 AM	3612905311	1013.00	26.45	26.13	103.9	26.56	26.13	102.8	26.43	26.13	104.1	26.42	26.13	104.2
27/06/2018 10:48:32 AM	3612905312	1013.00	26.46	26.13	103.8	26.57	26.13	102.7	26.43	26.13	104.1	26.42	26.13	104.2
27/06/2018 10:48:33 AM	3612905313	1013.00	26.45	26.13	103.9	26.57	26.13	102.7	26.47	26.13	103.7	26.43	26.13	104.1
27/06/2018 10:48:34 AM	3612905314	1013.00	26.46	26.13	103.8	26.51	26.13	103.3	26.45	26.13	103.9	26.42	26.13	104.2
27/06/2018 10:48:35 AM	3612905315	1013.00	26.49	26.14	103.5	26.57	26.14	102.7	26.46	26.14	103.8	26.45	26.14	103.9
27/06/2018 10:48:36 AM	3612905316	1013.00	26.46	26.14	103.8	26.49	26.14	103.5	26.46	26.14	103.8	26.45	26.14	103.9
27/06/2018 10:48:37 AM	3612905317	1013.00	26.47	26.14	103.7	26.55	26.14	102.9	26.44	26.14	104.0	26.44	26.14	104.0
27/06/2018 10:48:38 AM	3612905318	1013.00	26.43	26.14	104.1	26.54	26.14	103.0	26.47	26.14	103.7	26.43	26.14	104.1
27/06/2018 10:48:39 AM	3612905319	1013.00	26.46	26.14	103.8	26.56	26.14	102.8	26.47	26.14	103.7	26.45	26.14	103.9
27/06/2018 10:48:40 AM	3612905320	1013.00	26.44	26.14	104.0	26.55	26.14	102.9	26.44	26.14	104.0	26.44	26.14	104.0
27/06/2018 10:48:41 AM	3612905321	1013.00	26.45	26.14	103.9	26.59	26.14	102.5	26.47	26.14	103.7	26.44	26.14	104.0
27/06/2018 10:48:42 AM	3612905322	1013.00	26.45	26.14	103.9	26.59	26.14	102.5	26.46	26.14	103.8	26.44	26.14	104.0
27/06/2018 10:48:43 AM	3612905323	1013.00	26.46	26.14	103.8	26.59	26.14	102.5	26.46	26.14	103.8	26.42	26.14	104.2
27/06/2018 10:48:44 AM	3612905324	1013.00	26.47	26.14	103.7	26.61	26.14	102.3	26.51	26.14	103.3	26.46	26.14	103.8
27/06/2018 10:48:45 AM	3612905325	1013.00	26.44	26.13	104.0	26.62	26.13	102.2	26.50	26.13	103.4	26.45	26.13	103.9
27/06/2018 10:48:46 AM	3612905326	1013.00	26.45	26.14	103.9	26.60	26.14	102.4	26.46	26.14	103.8	26.45	26.14	103.9
27/06/2018 10:48:47 AM	3612905327	1013.00	26.44	26.14	104.0	26.56	26.14	102.8	26.48	26.14	103.6	26.48	26.14	103.6
27/06/2018 10:48:48 AM	3612905328	1013.00	26.47	26.14	103.7	26.61	26.14	102.3	26.49	26.14	103.5	26.46	26.14	103.8
27/06/2018 10:48:49 AM	3612905329	1013.00	26.46	26.14	103.8	26.60	26.14	102.4	26.52	26.14	103.2	26.47	26.14	103.7
27/06/2018 10:48:50 AM	3612905330	1013.00	26.47	26.14	103.7	26.65	26.14	101.9	26.48	26.14	103.6	26.47	26.14	103.7
27/06/2018 10:48:51 AM	3612905331	1013.00	26.49	26.14	103.5	26.63	26.14	102.1	26.50	26.14	103.4	26.47	26.14	103.7
27/06/2018 10:48:52 AM	3612905332	1013.00	26.47	26.14	103.7	26.58	26.14	102.6	26.50	26.14	103.4	26.47	26.14	103.7
27/06/2018 10:48:53 AM	3612905333	1013.00	26.44	26.14	104.0	26.62	26.14	102.2	26.49	26.14	103.5	26.44	26.14	104.0
27/06/2018 10:48:54 AM	3612905334	1013.00	26.46	26.14	103.8	26.59	26.14	102.5	26.51	26.14	103.3	26.47	26.14	103.7
27/06/2018 10:48:55 AM	3612905335	1013.00	26.51	26.14	103.3	26.60	26.14	102.4	26.51	26.14	103.3	26.47	26.14	103.7
27/06/2018 10:48:56 AM	3612905336	1013.00	26.50	26.14	103.4	26.62	26.14	102.2	26.53	26.14	103.1	26.47	26.14	103.7
27/06/2018 10:48:57 AM	3612905337	1013.00	26.45	26.14	103.9	26.61	26.14	102.3	26.53	26.14	103.1	26.48	26.14	103.6
27/06/2018 10:48:58 AM	3612905338	1013.00	26.50	26.14	103.4	26.64	26.14	102.0	26.51	26.14	103.3	26.47	26.14	103.7
27/06/2018 10:48:59 AM	3612905339	1013.00	26.47	26.14	103.7	26.57	26.14	102.7	26.52	26.14	103.2	26.46	26.14	103.8
27/06/2018 10:49:00 AM	3612905340	1013.00	26.49	26.14	103.5	26.65	26.14	101.9	26.55	26.14	102.9	26.47	26.14	103.7
27/06/2018 10:49:01 AM	3612905341	1013.00	26.46	26.14	103.8	26.60	26.14	102.4	26.55	26.14	102.9	26.49	26.14	103.5
27/06/2018 10:49:02 AM	3612905342	1013.00	26.46	26.15	103.8	26.62	26.15	102.2	26.53	26.15	103.1	26.48	26.15	103.6
27/06/2018 10:49:03 AM	3612905343	1013.00	26.48	26.15	103.6	26.63	26.15	102.1	26.53	26.15	103.1	26.48	26.15	103.6
27/06/2018 10:49:04 AM	3612905344	1013.00	26.47	26.15	103.7	26.63	26.15	102.1	26.57	26.15	102.7	26.50	26.15	103.4
27/06/2018 10:49:05 AM	3612905345	1013.00	26.47	26.15	103.7	26.63	26.15	102.1	26.55	26.15	102.9	26.45	26.15	103.9
27/06/2018 10:49:06 AM	3612905346	1013.00	26.50	26.15	103.4	26.61	26.15	102.3	26.56	26.15	102.8	26.46	26.15	103.8
27/06/2018 10:49:07 AM	3612905347	1013.00	26.46	26.14	103.8	26.66	26.14	101.8	26.58	26.14	102.6	26.50	26.14	103.4
27/06/2018 10:49:08 AM	3612905348	1013.00	26.50	26.14	103.4	26.64	26.14	102.0	26.54	26.14	103.0	26.47	26.14	103.7
27/06/2018 10:49:09 AM	3612905349	1013.00	26.53	26.13	103.1	26.60	26.13	102.4	26.59	26.13	102.5	26.47	26.13	103.7
27/06/2018 10:49:10 AM	3612905350	1013.00	26.47	26.13	103.7	26.67	26.13	101.7	26.55	26.13	102.9	26.49	26.13	103.5
27/06/2018 10:49:11 AM	3612905351	1013.00	26.52	26.13	103.2	26.63	26.13	102.1	26.58	26.13	102.6	26.52	26.13	103.2
27/06/2018 10:49:12 AM	3612905352	1013.00	26.50	26.13	103.4	26.70	26.13	101.5	26.56	26.13	102.8	26.49	26.13	103.5
27/06/2018 10:49:13 AM	3612905353	1013.00	26.50	26.13	103.4	26.69	26.13	101.5	26.56	26.13	102.8	26.49	26.13	103.5
27/06/2018 10:49:14 AM	3612905354	1013.00	26.50	26.13	103.4	26.66	26.13	101.8	26.58	26.13	102.6	26.50	26.13	103.4
27/06/2018 10:49:15 AM	3612905355	1013.00	26.51	26.14	103.3	26.65	26.14	101.9	26.58	26.14	102.6	26.50	26.14	103.4
27/06/2018 10:49:16 AM	3612905356	1013.00	26.48	26.14	103.6	26.63	26.14	102.1	26.58	26.14	102.6	26.50	26.14	103.4
27/06/2018 10:49:17 AM	3612905357	1013.00	26.51	26.13	103.3	26.67	26.13	101.7	26.58	26.13	102.6	26.49	26.13	103.5
27/06/2018 10:49:18 AM	3612905358	1013.00	26.50	26.14	103.4	26.68	26.14	101.6	26.57	26.14	102.7	26.51	26.14	103.3
27/06/2018 10:49:19 AM	3612905359	1013.00	26.49	26.14	103.5	26.65	26.14	101.9	26.56	26.14	102.8	26.48	26.14	103.6
27/06/2018 10:49:20 AM	3612905360	1013.00	26.48	26.14	103.6	26.71	26.14	101.3	26.58	26.14	102.6	26.51	26.14	103.3
27/06/2018 10:49:21 AM	3612905361	1013.00	26.49	26.14	103.5	26.69	26.14	101.5	26.57	26.14	102.7	26.52	26.14	103.2
27/06/2018 10:49:22 AM	3612905362	1013.00	26.53	26.14	103.1	26.71	26.14	101.3	26.55	26.14	102.9	26.52	26.14	103.2
27/06/2018 10:49:23 AM	3612905363	1013.00	26.50	26.14	103.4	26.67	26.14	101.7	26.58	26.14	102.6	26.53	26.14	103.1
27/06/2018 10:49:24 AM	3612905364	1013.00	26.51	26.14	103.3	26.69	26.14	101.5	26.58	26.14	102.6	26.52	26.14	103.2
27/06/2018 10:49:25 AM	3612905365	1013.00	26.54	26.14	103.0	26.67	26.14	101.7	26.58	26.14	102.6	26.50	26.14	103.4
27/06/2018 10:49:26 AM	3612905366	1013.00	26.54	26.14	103.0	26.73	26.14	101.1	26.60	26.14	102.4	26.53	26.14	103.1
27/06/2018 10:49:27 AM	3612905367	1013.00	26.50	26.14	103.4	26.73	26.14	101.1	26.59	26.14	102.5	26.53	26.14	103.1
27/06/2018 10:49:28 AM	3612905368	1013.00	26.51	26.14	103.3	26.69	26.14	101.5	26.60	26.14	102.4	26.53	26.14	103.1
27/06/2018 10:49:29 AM	3612905369	1013.00	26.50	26.15	103.4	26.73	26.15	101.1	26.60	26.15	102.4	26.52	26.15	103.2
27/06/2018 10:49:30 AM	3612905370	1013.00	26.54	26.14	103.0	26.72	26.14	101.2	26.60	26.14	102.4	26.53	26.14	103.1
27/06/2018 10:49:31 AM	3612905371	1013.00	26.56	26.14	102.8	26.68	26.14	101.6	26.60	26.14	102.4	26.51	26.14	103.3
27/06/2018 10:49:32 AM	3612905372	1013.00	26.54	26.14	103.0	26.71	26.14	101.3	26.59	26.14	102.5	26.52	26.14	103.2
27/06/2018 10:49:33 AM	3612905373	1013.00	26.52	26.15	103.2	26.73	26.15	101.1	26.61	26.15	102.3	26.54	26.15	103.0
27/06/2018 10:49:34 AM	3612905374	1013.00	26.55	26.15	102.9	26.70	26.15	101.4	26.59	26.15	102.5	26.52	26.15	103.2
27/06/2018 10:49:35 AM	3612905375	1013.00	26.53	26.15	103.1	26.74	26.15	101.0	26.61	26.15	102.3	26.51	26.15	103.3
27/06/2018 10:49:36 AM	3612905376	1013.00	26.53	26.15	103.1	26.69	26.15	101.5	26.59	26.15	102.5	26.54	26.15	103.0
27/06/2018 10:49:37 AM	3612905377	1013.00	26.54	26.15	103.0	26.72	26.15	101.2	26.56	26.15	102.8	26.51	26.15	103.3
27/06/2018 10:49:38 AM	3612905378	1013.00	26.52	26.14	103.2	26.69	26.14	101.5	26.62	26.14	102.2	26.52	26.14	103.2
27/06/2018 10:49:39 AM	3612905379	1013.00	26.53	26.15	103.1	26.71	26.15	101.3	26.65	26.15	101.9	26.55	26.15	102.9
27/06/2018 10:49:40 AM	3612905380	1013.00	26.51	26.15	103.3	26.73	26.15	101.1	26.62	26.15	102.2	26.51	26.15	103.3
27/06/2018 10:49:41 AM	3612905381	1013.00	26.53	26.15	103.1	26.74	26.15	101.0	26.60	26.15	102.4	26.51	26.15	103.3
27/06/2018 10:49:42 AM	3612905382	1013.00	26.54	26.15	103.0	26.74	26.15	101.0	26.64	26.15	102.0	26.50	26.15	103.4
27/06/2018 10:49:43 AM	3612905383	1013.00	26.52	26.16	103.2	26.73	26.16	101.1	26.62	26.16	102.2	26.54	26.16	103.0
27/06/2018 10:49:44 AM	3612905384	1013.00	26.54	26.15	103.0	26.73	26.15	101.1	26.63	26.15	102.1	26.52	26.15	103.2
27/06/2018 10:49:45 AM	3612905385	1013.00	26.55	26.15	102.9	26.71	26.15	101.3	26.63	26.15	102.1	26.51	26.15	103.3
27/06/2018 10:49:46 AM	3612905386	1013.00	26.55	26.15	102.9	26.75	26.15	100.9	26.60	26.15	102.4	26.55	26.15	102.9
27/06/2018 10:49:47 AM	3612905387	1013.00	26.57	26.15	102.7	26.75	26.15	100.9	26.62	26.15	102.2	26.54	26.15	103.0
27/06/2018 10:49:48 AM	3612905388	1013.00	26.52	26.14	103.2	26.72	26.14	101.2	26.65	26.14	101.9	26.52	26.14	103.2
27/06/2018 10:49:49 AM	3612905389	1013.00	26.55	26.14	102.9	26.72	26.14	101.2	26.61	26.14	102.3	26.53	26.14	103.1
27/06/2018 10:49:50 AM	3612905390	1013.00	26.55	26.15	102.9	26.77	26.15	100.7	26.64	26.15	102.0	26.55	26.15	102.9
27/06/2018 10:49:51 AM	3612905391	1013.00	26.52	26.15	103.2	26.74	26.15	101.0	26.64	26.15	102.0	26.58	26.15	102.6
27/06/2018 10:49:52 AM	3612905392	1013.00	26.56	26.15	102.8	26.74	26.15	101.0	26.64	26.15	102.0	26.55	26.15	102.9
27/06/2018 10:49:53 AM	3612905393	1013.00	26.54	26.16	103.0	26.76	26.16	100.8	26.64	26.16	102.0	26.57	26.16	102.7
27/06/2018 10:49:54 AM	3612905394	1013.00	26.53	26.16	103.1	26.72	26.16	101.2	26.61	26.16	102.3	26.54	26.16	103.0
27/06/2018 10:49:55 AM	3612905395	1013.00	26.57	26.16	102.7	26.74	26.16	101.0	26.65	26.16	101.9	26.55	26.16	102.9
27/06/2018 10:49:56 AM	3612905396	1013.00	26.56	26.16	102.8	26.79	26.16	100.5	26.63	26.16	102.1	26.57	26.16	102.7
27/06/2018 10:49:57 AM	3612905397	1013.00	26.55	26.16	102.9	26.80	26.16	100.4	26.64	26.16	102.0	26.55	26.16	102.9
27/06/2018 10:49:58 AM	3612905398	1013.00	26.57	26.15	102.7	26.78	26.15	100.6	26.66	26.15	101.8	26.55	26.15	102.9
27/06/2018 10:49:59 AM	3612905399	1013.00	26.56	26.15	102.8	26.77	26.15	100.7	26.66	26.15	101.8	26.56	26.15	102.8
27/06/2018 10:50:00 AM	3612905400	1013.00	26.55	26.16	102.9	26.76	26.16	100.8	26.64	26.16	102.0	26.55	26.16	102.9
27/06/2018 10:50:01 AM	3612905401	1013.00	26.55	26.16	102.9	26.76	26.16	100.8	26.63	26.16	102.1	26.58	26.16	102.6
27/06/2018 10:50:02 AM	3612905402	1013.00	26.58	26.16	102.6	26.77	26.16	100.7	26.65	26.16	101.9	26.53	26.16	103.1
27/06/2018 10:50:03 AM	3612905403	1013.00	26.58	26.16	102.6	26.75	26.16	100.9	26.66	26.16	101.8	26.56	26.16	102.8
27/06/2018 10:50:04 AM	3612905404	1013.00	26.55	26.16	102.9	26.77	26.16	100.7	26.67	26.16	101.7	26.55	26.16	102.9
27/06/2018 10:50:05 AM	3612905405	1013.00	26.57	26.16	102.7	26.78	26.16	100.6	26.64	26.16	102.0	26.58	26.16	102.6
27/06/2018 10:50:06 AM	3612905406	1013.00	26.57	26.16	102.7	26.80	26.16	100.4	26.67	26.16	101.7	26.58	26.16	102.6
27/06/2018 10:50:07 AM	3612905407	1013.00	26.56	26.15	102.8	26.76	26.15	100.8	26.66	26.15	101.8	26.57	26.15	102.7
27/06/2018 10:50:08 AM	3612905408	1013.00	26.53	26.16	103.1	26.78	26.16	100.6	26.69	26.16	101.5	26.56	26.16	102.8
27/06/2018 10:50:09 AM	3612905409	1013.00	26.54	26.16	103.0	26.75	26.16	100.9	26.67	26.16	101.7	26.57	26.16	102.7
27/06/2018 10:50:10 AM	3612905410	1013.00	26.60	26.16	102.4	26.76	26.16	100.8	26.67	26.16	101.7	26.57	26.16	102.7
27/06/2018 10:50:11 AM	3612905411	1013.00	26.55	26.16	102.9	26.77	26.16	100.7	26.69	26.16	101.5	26.59	26.16	102.5
27/06/2018 10:50:12 AM	3612905412	1013.00	26.57	26.16	102.7	26.77	26.16	100.7	26.66	26.16	101.8	26.59	26.16	102.5
27/06/2018 10:50:13 AM	3612905413	1013.00	26.54	26.16	103.0	26.81	26.16	100.3	26.70	26.16	101.4	26.57	26.16	102.7
27/06/2018 10:50:14 AM	3612905414	1013.00	26.59	26.16	102.5	26.77	26.16	100.7	26.69	26.16	101.5	26.58	26.16	102.6
27/06/2018 10:50:15 AM	3612905415	1013.00	26.59	26.16	102.5	26.77	26.16	100.7	26.68	26.16	101.6	26.60	26.16	102.4
27/06/2018 10:50:16 AM	3612905416	1013.00	26.57	26.16	102.7	26.76	26.16	100.8	26.70	26.16	101.4	26.57	26.16	102.7
27/06/2018 10:50:17 AM	3612905417	1013.00	26.60	26.16	102.4	26.77	26.16	100.7	26.70	26.16	101.4	26.56	26.16	102.8
27/06/2018 10:50:18 AM	3612905418	1013.00	26.59	26.16	102.5	26.77	26.16	100.7	26.71	26.16	101.3	26.58	26.16	102.6
27/06/2018 10:50:19 AM	3612905419	1013.00	26.56	26.16	102.8	26.83	26.16	100.1	26.68	26.16	101.6	26.58	26.16	102.6
27/06/2018 10:50:20 AM	3612905420	1013.00	26.56	26.17	102.8	26.82	26.17	100.2	26.71	26.17	101.3	26.54	26.17	103.0
27/06/2018 10:50:21 AM	3612905421	1013.00	26.59	26.17	102.5	26.80	26.17	100.4	26.70	26.17	101.4	26.60	26.17	102.4
27/06/2018 10:50:22 AM	3612905422	1013.00	26.60	26.17	102.4	26.83	26.17	100.1	26.73	26.17	101.1	26.59	26.17	102.5
27/06/2018 10:50:23 AM	3612905423	1013.00	26.59	26.17	102.5	26.82	26.17	100.2	26.71	26.17	101.3	26.58	26.17	102.6
27/06/2018 10:50:24 AM	3612905424	1013.00	26.56	26.17	102.8	26.83	26.17	100.1	26.73	26.17	101.1	26.59	26.17	102.5
27/06/2018 10:50:25 AM	3612905425	1013.00	26.59	26.17	102.5	26.78	26.17	100.6	26.70	26.17	101.4	26.60	26.17	102.4
27/06/2018 10:50:26 AM	3612905426	1013.00	26.58	26.16	102.6	26.84	26.16	100.1	26.72	26.16	101.2	26.58	26.16	102.6
27/06/2018 10:50:27 AM	3612905427	1013.00	26.58	26.16	102.6	26.83	26.16	100.1	26.73	26.16	101.1	26.61	26.16	102.3
27/06/2018 10:50:28 AM	3612905428	1013.00	26.57	26.16	102.7	26.79	26.16	100.5	26.71	26.16	101.3	26.62	26.16	102.2
27/06/2018 10:50:29 AM	3612905429	1013.00	26.60	26.16	102.4	26.85	26.16	100.0	26.75	26.16	100.9	26.59	26.16	102.5
27/06/2018 10:50:30 AM	3612905430	1013.00	26.57	26.16	102.7	26.83	26.16	100.1	26.77	26.16	100.7	26.58	26.16	102.6
27/06/2018 10:50:31 AM	3612905431	1013.00	26.59	26.16	102.5	26.86	26.16	99.9	26.72	26.16	101.2	26.61	26.16	102.3
27/06/2018 10:50:32 AM	3612905432	1013.00	26.59	26.16	102.5	26.86	26.16	99.9	26.73	26.16	101.1	26.57	26.16	102.7
27/06/2018 10:50:33 AM	3612905433	1013.00	26.57	26.16	102.7	26.87	26.16	99.8	26.74	26.16	101.0	26.58	26.16	102.6
27/06/2018 10:50:34 AM	3612905434	1013.00	26.53	26.16	103.1	26.84	26.16	100.1	26.71	26.16	101.3	26.60	26.16	102.4
27/06/2018 10:50:35 AM	3612905435	1013.00	26.63	26.16	102.1	26.88	26.16	99.7	26.71	26.16	101.3	26.59	26.16	102.5
27/06/2018 10:50:36 AM	3612905436	1013.00	26.58	26.16	102.6	26.86	26.16	99.9	26.73	26.16	101.1	26.61	26.16	102.3
27/06/2018 10:50:37 AM	3612905437	1013.00	26.59	26.16	102.5	26.86	26.16	99.9	26.74	26.16	101.0	26.61	26.16	102.3
27/06/2018 10:50:38 AM	3612905438	1013.00	26.61	26.16	102.3	26.87	26.16	99.8	26.73	26.16	101.1	26.61	26.16	102.3
27/06/2018 10:50:39 AM	3612905439	1013.00	26.63	26.15	102.1	26.88	26.15	99.7	26.76	26.15	100.8	26.60	26.15	102.4
27/06/2018 10:50:40 AM	3612905440	1013.00	26.62	26.16	102.2	26.89	26.16	99.6	26.76	26.16	100.8	26.61	26.16	102.3
27/06/2018 10:50:41 AM	3612905441	1013.00	26.61	26.16	102.3	26.90	26.16	99.5	26.72	26.16	101.2	26.62	26.16	102.2
27/06/2018 10:50:42 AM	3612905442	1013.00	26.58	26.16	102.6	26.88	26.16	99.7	26.77	26.16	100.7	26.62	26.16	102.2
27/06/2018 10:50:43 AM	3612905443	1013.00	26.60	26.16	102.4	26.84	26.16	100.1	26.75	26.16	100.9	26.61	26.16	102.3
27/06/2018 10:50:44 AM	3612905444	1013.00	26.61	26.16	102.3	26.84	26.16	100.1	26.74	26.16	101.0	26.62	26.16	102.2
27/06/2018 10:50:45 AM	3612905445	1013.00	26.63	26.16	102.1	26.89	26.16	99.6	26.76	26.16	100.8	26.61	26.16	102.3
27/06/2018 10:50:46 AM	3612905446	1013.00	26.60	26.16	102.4	26.89	26.16	99.6	26.74	26.16	101.0	26.64	26.16	102.0
27/06/2018 10:50:47 AM	3612905447	1013.00	26.61	26.16	102.3	26.84	26.16	100.1	26.78	26.16	100.6	26.60	26.16	102.4
27/06/2018 10:50:48 AM	3612905448	1013.00	26.61	26.16	102.3	26.95	26.16	99.0	26.76	26.16	100.8	26.63	26.16	102.1
27/06/2018 10:50:49 AM	3612905449	1013.00	26.60	26.16	102.4	26.89	26.16	99.6	26.76	26.16	100.8	26.65	26.16	101.9
27/06/2018 10:50:50 AM	3612905450	1013.00	26.61	26.17	102.3	26.89	26.17	99.6	26.76	26.17	100.8	26.61	26.17	102.3
27/06/2018 10:50:51 AM	3612905451	1013.00	26.62	26.17	102.2	26.92	26.17	99.3	26.75	26.17	100.9	26.64	26.17	102.0
27/06/2018 10:50:52 AM	3612905452	1013.00	26.62	26.18	102.1	26.89	26.18	99.5	26.77	26.18	100.7	26.62	26.18	102.1
27/06/2018 10:50:53 AM	3612905453	1013.00	26.64	26.18	101.9	26.96	26.18	98.9	26.76	26.18	100.8	26.64	26.18	101.9
27/06/2018 10:50:54 AM	3612905454	1013.00	26.63	26.17	102.1	26.90	26.17	99.5	26.75	26.17	100.9	26.64	26.17	102.0
27/06/2018 10:50:55 AM	3612905455	1013.00	26.62	26.17	102.2	26.90	26.17	99.5	26.77	26.17	100.7	26.64	26.17	102.0
27/06/2018 10:50:56 AM	3612905456	1013.00	26.62	26.17	102.2	26.89	26.17	99.6	26.77	26.17	100.7	26.63	26.17	102.1
27/06/2018 10:50:57 AM	3612905457	1013.00	26.61	26.16	102.3	26.89	26.16	99.6	26.74	26.16	101.0	26.63	26.16	102.1
27/06/2018 10:50:58 AM	3612905458	1013.00	26.64	26.16	102.0	26.87	26.16	99.8	26.77	26.16	100.7	26.64	26.16	102.0
27/06/2018 10:50:59 AM	3612905459	1013.00	26.62	26.17	102.2	26.85	26.17	99.9	26.79	26.17	100.5	26.64	26.17	102.0
27/06/2018 10:51:00 AM	3612905460	1013.00	26.62	26.16	102.2	26.90	26.16	99.5	26.78	26.16	100.6	26.66	26.16	101.8
27/06/2018 10:51:01 AM	3612905461	1013.00	26.63	26.17	102.1	26.92	26.17	99.3	26.78	26.17	100.6	26.65	26.17	101.9
27/06/2018 10:51:02 AM	3612905462	1013.00	26.63	26.17	102.1	26.91	26.17	99.4	26.77	26.17	100.7	26.65	26.17	101.9
27/06/2018 10:51:03 AM	3612905463	1013.00	26.62	26.17	102.2	26.84	26.17	100.0	26.80	26.17	100.4	26.66	26.17	101.8
27/06/2018 10:51:04 AM	3612905464	1013.00	26.62	26.17	102.2	26.95	26.17	99.0	26.77	26.17	100.7	26.68	26.17	101.6
27/06/2018 10:51:05 AM	3612905465	1013.00	26.64	26.17	102.0	26.97	26.17	98.8	26.77	26.17	100.7	26.67	26.17	101.7
27/06/2018 10:51:06 AM	3612905466	1013.00	26.63	26.17	102.1	27.01	26.17	98.4	26.77	26.17	100.7	26.66	26.17	101.8
27/06/2018 10:51:07 AM	3612905467	1013.00	26.62	26.17	102.2	26.94	26.17	99.1	26.77	26.17	100.7	26.65	26.17	101.9
27/06/2018 10:51:08 AM	3612905468	1013.00	26.66	26.17	101.8	26.96	26.17	98.9	26.78	26.17	100.6	26.67	26.17	101.7
27/06/2018 10:51:09 AM	3612905469	1013.00	26.65	26.16	101.9	26.93	26.16	99.2	26.80	26.16	100.4	26.68	26.16	101.6
27/06/2018 10:51:10 AM	3612905470	1013.00	26.62	26.17	102.2	26.93	26.17	99.2	26.82	26.17	100.2	26.67	26.17	101.7
27/06/2018 10:51:11 AM	3612905471	1013.00	26.64	26.17	102.0	26.95	26.17	99.0	26.81	26.17	100.3	26.66	26.17	101.8
27/06/2018 10:51:12 AM	3612905472	1013.00	26.66	26.17	101.8	26.99	26.17	98.6	26.78	26.17	100.6	26.68	26.17	101.6
27/06/2018 10:51:13 AM	3612905473	1013.00	26.66	26.18	101.8	26.93	26.18	99.2	26.81	26.18	100.3	26.71	26.18	101.3
27/06/2018 10:51:14 AM	3612905474	1013.00	26.64	26.18	101.9	26.96	26.18	98.9	26.80	26.18	100.4	26.66	26.18	101.8
27/06/2018 10:51:15 AM	3612905475	1013.00	26.67	26.18	101.7	26.98	26.18	98.7	26.79	26.18	100.5	26.66	26.18	101.8
27/06/2018 10:51:16 AM	3612905476	1013.00	26.65	26.17	101.9	26.92	26.17	99.3	26.81	26.17	100.3	26.67	26.17	101.7
27/06/2018 10:51:17 AM	3612905477	1013.00	26.64	26.17	102.0	26.98	26.17	98.7	26.81	26.17	100.3	26.69	26.17	101.5
27/06/2018 10:51:18 AM	3612905478	1013.00	26.65	26.17	101.9	27.02	26.17	98.3	26.81	26.17	100.3	26.68	26.17	101.6
27/06/2018 10:51:19 AM	3612905479	1013.00	26.66	26.17	101.8	26.98	26.17	98.7	26.81	26.17	100.3	26.68	26.17	101.6
27/06/2018 10:51:20 AM	3612905480	1013.00	26.64	26.17	102.0	26.97	26.17	98.8	26.83	26.17	100.1	26.69	26.17	101.5
27/06/2018 10:51:21 AM	3612905481	1013.00	26.66	26.18	101.8	27.01	26.18	98.4	26.80	26.18	100.4	26.68	26.18	101.6
27/06/2018 10:51:22 AM	3612905482	1013.00	26.64	26.18	101.9	26.98	26.18	98.7	26.82	26.18	100.2	26.68	26.18	101.6
27/06/2018 10:51:23 AM	3612905483	1013.00	26.64	26.18	101.9	27.02	26.18	98.3	26.80	26.18	100.4	26.69	26.18	101.5
27/06/2018 10:51:24 AM	3612905484	1013.00	26.67	26.18	101.7	26.96	26.18	98.9	26.85	26.18	99.9	26.66	26.18	101.8
27/06/2018 10:51:25 AM	3612905485	1013.00	26.65	26.18	101.9	27.04	26.18	98.1	26.82	26.18	100.2	26.74	26.18	101.0
27/06/2018 10:51:26 AM	3612905486	1013.00	26.66	26.18	101.8	27.01	26.18	98.4	26.84	26.18	100.0	26.71	26.18	101.3
27/06/2018 10:51:27 AM	3612905487	1013.00	26.64	26.19	101.9	27.08	26.19	97.7	26.84	26.19	100.0	26.72	26.19	101.2
27/06/2018 10:51:28 AM	3612905488	1013.00	26.66	26.19	101.7	27.03	26.19	98.2	26.84	26.19	100.0	26.70	26.19	101.3
27/06/2018 10:51:29 AM	3612905489	1013.00	26.65	26.19	101.8	27.04	26.19	98.1	26.85	26.19	99.9	26.71	26.19	101.3
27/06/2018 10:51:30 AM	3612905490	1013.00	26.66	26.18	101.8	26.94	26.18	99.1	26.85	26.18	99.9	26.70	26.18	101.4
27/06/2018 10:51:31 AM	3612905491	1013.00	26.64	26.18	101.9	27.03	26.18	98.2	26.88	26.18	99.6	26.72	26.18	101.2
27/06/2018 10:51:32 AM	3612905492	1013.00	26.65	26.18	101.9	27.06	26.18	97.9	26.85	26.18	99.9	26.68	26.18	101.6
27/06/2018 10:51:33 AM	3612905493	1013.00	26.69	26.18	101.5	27.03	26.18	98.2	26.88	26.18	99.6	26.72	26.18	101.2
27/06/2018 10:51:34 AM	3612905494	1013.00	26.69	26.18	101.5	27.08	26.18	97.8	26.86	26.18	99.8	26.73	26.18	101.1
27/06/2018 10:51:35 AM	3612905495	1013.00	26.67	26.18	101.7	26.98	26.18	98.7	26.85	26.18	99.9	26.73	26.18	101.1
27/06/2018 10:51:36 AM	3612905496	1013.00	26.66	26.18	101.8	27.01	26.18	98.4	26.85	26.18	99.9	26.72	26.18	101.2
27/06/2018 10:51:37 AM	3612905497	1013.00	26.68	26.18	101.6	27.07	26.18	97.9	26.86	26.18	99.8	26.71	26.18	101.3
27/06/2018 10:51:38 AM	3612905498	1013.00	26.65	26.18	101.9	27.05	26.18	98.0	26.88	26.18	99.6	26.71	26.18	101.3
27/06/2018 10:51:39 AM	3612905499	1013.00	26.65	26.18	101.9	27.03	26.18	98.2	26.88	26.18	99.6	26.74	26.18	101.0
27/06/2018 10:51:40 AM	3612905500	1013.00	26.65	26.19	101.8	27.06	26.19	97.9	26.87	26.19	99.7	26.72	26.19	101.2
27/06/2018 10:51:41 AM	3612905501	1013.00	26.69	26.20	101.4	27.03	26.20	98.2	26.87	26.20	99.7	26.71	26.20	101.2
27/06/2018 10:51:42 AM	3612905502	1013.00	26.68	26.20	101.5	27.07	26.20	97.8	26.88	26.20	99.6	26.73	26.20	101.0
27/06/2018 10:51:43 AM	3612905503	1013.00	26.66	26.19	101.7	27.02	26.19	98.3	26.90	26.19	99.4	26.70	26.19	101.3
27/06/2018 10:51:44 AM	3612905504	1013.00	26.68	26.20	101.5	27.09	26.20	97.6	26.90	26.20	99.4	26.73	26.20	101.0
27/06/2018 10:51:45 AM	3612905505	1013.00	26.70	26.19	101.3	27.12	26.19	97.4	26.90	26.19	99.4	26.72	26.19	101.2
27/06/2018 10:51:46 AM	3612905506	1013.00	26.66	26.19	101.7	27.06	26.19	97.9	26.92	26.19	99.2	26.73	26.19	101.1
27/06/2018 10:51:47 AM	3612905507	1013.00	26.69	26.19	101.4	27.06	26.19	97.9	26.92	26.19	99.2	26.74	26.19	101.0
27/06/2018 10:51:48 AM	3612905508	1013.00	26.70	26.19	101.3	27.09	26.19	97.6	26.90	26.19	99.4	26.72	26.19	101.2
27/06/2018 10:51:49 AM	3612905509	1013.00	26.68	26.18	101.6	27.06	26.18	97.9	26.89	26.18	99.5	26.72	26.18	101.2
27/06/2018 10:51:50 AM	3612905510	1013.00	26.68	26.19	101.5	27.04	26.19	98.1	26.87	26.19	99.7	26.73	26.19	101.1
27/06/2018 10:51:51 AM	3612905511	1013.00	26.69	26.19	101.4	27.12	26.19	97.4	26.85	26.19	99.9	26.74	26.19	101.0
27/06/2018 10:51:52 AM	3612905512	1013.00	26.72	26.19	101.2	27.11	26.19	97.5	26.87	26.19	99.7	26.74	26.19	101.0
27/06/2018 10:51:53 AM	3612905513	1013.00	26.71	26.19	101.3	27.08	26.19	97.7	26.92	26.19	99.2	26.75	26.19	100.9
27/06/2018 10:51:54 AM	3612905514	1013.00	26.71	26.19	101.3	27.07	26.19	97.8	26.94	26.19	99.1	26.75	26.19	100.9
27/06/2018 10:51:55 AM	3612905515	1013.00	26.64	26.19	101.9	27.12	26.19	97.4	26.91	26.19	99.3	26.73	26.19	101.1
27/06/2018 10:51:56 AM	3612905516	1013.00	26.67	26.19	101.6	27.12	26.19	97.4	26.91	26.19	99.3	26.72	26.19	101.2
27/06/2018 10:51:57 AM	3612905517	1013.00	26.68	26.19	101.5	27.07	26.19	97.8	26.92	26.19	99.2	26.73	26.19	101.1
27/06/2018 10:51:58 AM	3612905518	1013.00	26.68	26.19	101.5	27.14	26.19	97.2	26.90	26.19	99.4	26.74	26.19	101.0
27/06/2018 10:51:59 AM	3612905519	1013.00	26.72	26.20	101.1	27.10	26.20	97.5	26.90	26.20	99.4	26.75	26.20	100.8
27/06/2018 10:52:00 AM	3612905520	1013.00	26.72	26.20	101.1	27.10	26.20	97.5	26.91	26.20	99.3	26.75	26.20	100.8
27/06/2018 10:52:01 AM	3612905521	1013.00	26.72	26.19	101.2	27.11	26.19	97.5	26.93	26.19	99.1	26.77	26.19	100.7
27/06/2018 10:52:02 AM	3612905522	1013.00	26.69	26.19	101.4	27.11	26.19	97.5	26.90	26.19	99.4	26.75	26.19	100.9
27/06/2018 10:52:03 AM	3612905523	1013.00	26.69	26.18	101.5	27.11	26.18	97.5	26.92	26.18	99.3	26.76	26.18	100.8
27/06/2018 10:52:04 AM	3612905524	1013.00	26.68	26.19	101.5	27.13	26.19	97.3	26.91	26.19	99.3	26.75	26.19	100.9
27/06/2018 10:52:05 AM	3612905525	1013.00	26.69	26.19	101.4	27.14	26.19	97.2	26.94	26.19	99.1	26.74	26.19	101.0
27/06/2018 10:52:06 AM	3612905526	1013.00	26.74	26.20	100.9	27.14	26.20	97.2	26.92	26.20	99.2	26.77	26.20	100.7
27/06/2018 10:52:07 AM	3612905527	1013.00	26.69	26.20	101.4	27.14	26.20	97.2	26.93	26.20	99.1	26.75	26.20	100.8
27/06/2018 10:52:08 AM	3612905528	1013.00	26.73	26.20	101.0	27.15	26.20	97.1	26.93	26.20	99.1	26.76	26.20	100.7
27/06/2018 10:52:09 AM	3612905529	1013.00	26.72	26.20	101.1	27.18	26.20	96.8	26.92	26.20	99.2	26.77	26.20	100.7
27/06/2018 10:52:10 AM	3612905530	1013.00	26.67	26.20	101.6	27.12	26.20	97.4	26.92	26.20	99.2	26.73	26.20	101.0
27/06/2018 10:52:11 AM	3612905531	1013.00	26.72	26.20	101.1	27.12	26.20	97.4	26.95	26.20	98.9	26.78	26.20	100.6
27/06/2018 10:52:12 AM	3612905532	1013.00	26.70	26.20	101.3	27.15	26.20	97.1	26.94	26.20	99.0	26.76	26.20	100.7
27/06/2018 10:52:13 AM	3612905533	1013.00	26.71	26.20	101.2	27.14	26.20	97.2	26.97	26.20	98.8	26.76	26.20	100.7
27/06/2018 10:52:14 AM	3612905534	1013.00	26.68	26.20	101.5	27.13	26.20	97.3	26.97	26.20	98.8	26.77	26.20	100.7
27/06/2018 10:52:15 AM	3612905535	1013.00	26.72	26.20	101.1	27.15	26.20	97.1	26.96	26.20	98.8	26.76	26.20	100.7
27/06/2018 10:52:16 AM	3612905536	1013.00	26.71	26.20	101.2	27.14	26.20	97.2	26.96	26.20	98.8	26.77	26.20	100.7
27/06/2018 10:52:17 AM	3612905537	1013.00	26.74	26.20	100.9	27.16	26.20	97.0	26.95	26.20	98.9	26.76	26.20	100.7
27/06/2018 10:52:18 AM	3612905538	1013.00	26.71	26.20	101.2	27.17	26.20	96.9	26.96	26.20	98.8	26.76	26.20	100.7
27/06/2018 10:52:19 AM	3612905539	1013.00	26.73	26.20	101.0	27.15	26.20	97.1	26.98	26.20	98.7	26.76	26.20	100.7
27/06/2018 10:52:20 AM	3612905540	1013.00	26.73	26.20	101.0	27.14	26.20	97.2	26.98	26.20	98.7	26.78	26.20	100.6
27/06/2018 10:52:21 AM	3612905541	1013.00	26.72	26.20	101.1	27.17	26.20	96.9	26.99	26.20	98.6	26.79	26.20	100.5
27/06/2018 10:52:22 AM	3612905542	1013.00	26.72	26.20	101.1	27.21	26.20	96.5	26.98	26.20	98.7	26.78	26.20	100.6
27/06/2018 10:52:23 AM	3612905543	1013.00	26.74	26.19	101.0	27.20	26.19	96.6	26.99	26.19	98.6	26.78	26.19	100.6
27/06/2018 10:52:24 AM	3612905544	1013.00	26.71	26.19	101.3	27.19	26.19	96.7	26.99	26.19	98.6	26.79	26.19	100.5
27/06/2018 10:52:25 AM	3612905545	1013.00	26.74	26.19	101.0	27.16	26.19	97.0	26.98	26.19	98.7	26.78	26.19	100.6
27/06/2018 10:52:26 AM	3612905546	1013.00	26.73	26.19	101.1	27.16	26.19	97.0	27.03	26.19	98.2	26.76	26.19	100.8
27/06/2018 10:52:27 AM	3612905547	1013.00	26.70	26.20	101.3	27.21	26.20	96.5	27.01	26.20	98.4	26.78	26.20	100.6
27/06/2018 10:52:28 AM	3612905548	1013.00	26.74	26.20	100.9	27.17	26.20	96.9	26.99	26.20	98.6	26.79	26.20	100.5
27/06/2018 10:52:29 AM	3612905549	1013.00	26.71	26.21	101.2	27.11	26.21	97.4	26.99	26.21	98.5	26.80	26.21	100.3
27/06/2018 10:52:30 AM	3612905550	1013.00	26.71	26.21	101.2	27.15	26.21	97.1	27.02	26.21	98.3	26.78	26.21	100.5
27/06/2018 10:52:31 AM	3612905551	1013.00	26.74	26.20	100.9	27.13	26.20	97.3	27.00	26.20	98.5	26.80	26.20	100.4
27/06/2018 10:52:32 AM	3612905552	1013.00	26.75	26.20	100.8	27.18	26.20	96.8	27.03	26.20	98.2	26.78	26.20	100.6
27/06/2018 10:52:33 AM	3612905553	1013.00	26.74	26.19	101.0	27.17	26.19	96.9	27.02	26.19	98.3	26.77	26.19	100.7
27/06/2018 10:52:34 AM	3612905554	1013.00	26.74	26.19	101.0	27.15	26.19	97.1	27.00	26.19	98.5	26.77	26.19	100.7
27/06/2018 10:52:35 AM	3612905555	1013.00	26.74	26.19	101.0	27.20	26.19	96.6	27.01	26.19	98.4	26.77	26.19	100.7
27/06/2018 10:52:36 AM	3612905556	1013.00	26.72	26.19	101.2	27.17	26.19	96.9	27.04	26.19	98.1	26.75	26.19	100.9
27/06/2018 10:52:37 AM	3612905557	1013.00	26.74	26.19	101.0	27.21	26.19	96.5	27.02	26.19	98.3	26.78	26.19	100.6
27/06/2018 10:52:38 AM	3612905558	1013.00	26.78	26.20	100.6	27.17	26.20	96.9	27.05	26.20	98.0	26.76	26.20	100.7
27/06/2018 10:52:39 AM	3612905559	1013.00	26.74	26.20	100.9	27.21	26.20	96.5	27.05	26.20	98.0	26.79	26.20	100.5
27/06/2018 10:52:40 AM	3612905560	1013.00	26.77	26.21	100.6	27.18	26.21	96.8	27.04	26.21	98.1	26.77	26.21	100.6
27/06/2018 10:52:41 AM	3612905561	1013.00	26.74	26.21	100.9	27.22	26.21	96.4	27.06	26.21	97.9	26.77	26.21	100.6
27/06/2018 10:52:42 AM	3612905562	1013.00	26.74	26.21	100.9	27.24	26.21	96.2	27.07	26.21	97.8	26.80	26.21	100.3
27/06/2018 10:52:43 AM	3612905563	1013.00	26.78	26.20	100.6	27.20	26.20	96.6	27.03	26.20	98.2	26.81	26.20	100.3
27/06/2018 10:52:44 AM	3612905564	1013.00	26.69	26.20	101.4	27.24	26.20	96.3	27.03	26.20	98.2	26.77	26.20	100.7
27/06/2018 10:52:45 AM	3612905565	1013.00	26.78	26.19	100.6	27.22	26.19	96.5	27.04	26.19	98.1	26.79	26.19	100.5
27/06/2018 10:52:46 AM	3612905566	1013.00	26.75	26.19	100.9	27.21	26.19	96.5	27.07	26.19	97.8	26.78	26.19	100.6
27/06/2018 10:52:47 AM	3612905567	1013.00	26.74	26.19	101.0	27.20	26.19	96.6	27.05	26.19	98.0	26.77	26.19	100.7
27/06/2018 10:52:48 AM	3612905568	1013.00	26.77	26.20	100.7	27.23	26.20	96.3	27.04	26.20	98.1	26.81	26.20	100.3
27/06/2018 10:52:49 AM	3612905569	1013.00	26.73	26.20	101.0	27.21	26.20	96.5	27.08	26.20	97.7	26.80	26.20	100.4
27/06/2018 10:52:50 AM	3612905570	1013.00	26.77	26.20	100.7	27.23	26.20	96.3	27.05	26.20	98.0	26.80	26.20	100.4
27/06/2018 10:52:51 AM	3612905571	1013.00	26.72	26.20	101.1	27.30	26.20	95.7	27.06	26.20	97.9	26.83	26.20	100.1
27/06/2018 10:52:52 AM	3612905572	1013.00	26.77	26.20	100.7	27.24	26.20	96.3	27.03	26.20	98.2	26.82	26.20	100.2
27/06/2018 10:52:53 AM	3612905573	1013.00	26.76	26.20	100.7	27.22	26.20	96.4	27.09	26.20	97.6	26.82	26.20	100.2
27/06/2018 10:52:54 AM	3612905574	1013.00	26.73	26.21	101.0	27.24	26.21	96.2	27.06	26.21	97.9	26.83	26.21	100.1
27/06/2018 10:52:55 AM	3612905575	1013.00	26.78	26.21	100.5	27.24	26.21	96.2	27.07	26.21	97.8	26.85	26.21	99.9
27/06/2018 10:52:56 AM	3612905576	1013.00	26.77	26.21	100.6	27.27	26.21	96.0	27.06	26.21	97.9	26.82	26.21	100.2
27/06/2018 10:52:57 AM	3612905577	1013.00	26.74	26.21	100.9	27.22	26.21	96.4	27.09	26.21	97.6	26.83	26.21	100.1
27/06/2018 10:52:58 AM	3612905578	1013.00	26.78	26.21	100.5	27.28	26.21	95.9	27.07	26.21	97.8	26.83	26.21	100.1
27/06/2018 10:52:59 AM	3612905579	1013.00	26.80	26.21	100.3	27.25	26.21	96.1	27.06	26.21	97.9	26.83	26.21	100.1
27/06/2018 10:53:00 AM	3612905580	1013.00	26.77	26.21	100.6	27.26	26.21	96.1	27.08	26.21	97.7	26.82	26.21	100.2
27/06/2018 10:53:01 AM	3612905581	1013.00	26.78	26.21	100.5	27.26	26.21	96.1	27.08	26.21	97.7	26.84	26.21	100.0
27/06/2018 10:53:02 AM	3612905582	1013.00	26.76	26.21	100.7	27.25	26.21	96.1	27.07	26.21	97.8	26.83	26.21	100.1
27/06/2018 10:53:03 AM	3612905583	1013.00	26.76	26.21	100.7	27.33	26.21	95.4	27.10	26.21	97.5	26.84	26.21	100.0
27/06/2018 10:53:04 AM	3612905584	1013.00	26.78	26.21	100.5	27.25	26.21	96.1	27.07	26.21	97.8	26.84	26.21	100.0
27/06/2018 10:53:05 AM	3612905585	1013.00	26.76	26.20	100.7	27.27	26.20	96.0	27.06	26.20	97.9	26.85	26.20	99.9
27/06/2018 10:53:06 AM	3612905586	1013.00	26.78	26.20	100.6	27.28	26.20	95.9	27.09	26.20	97.6	26.84	26.20	100.0
27/06/2018 10:53:07 AM	3612905587	1013.00	26.78	26.20	100.6	27.27	26.20	96.0	27.09	26.20	97.6	26.84	26.20	100.0
27/06/2018 10:53:08 AM	3612905588	1013.00	26.76	26.20	100.7	27.25	26.20	96.2	27.10	26.20	97.5	26.87	26.20	99.7
27/06/2018 10:53:09 AM	3612905589	1013.00	26.77	26.20	100.7	27.27	26.20	96.0	27.09	26.20	97.6	26.85	26.20	99.9
27/06/2018 10:53:10 AM	3612905590	1013.00	26.76	26.20	100.7	27.32	26.20	95.5	27.09	26.20	97.6	26.84	26.20	100.0
27/06/2018 10:53:11 AM	3612905591	1013.00	26.80	26.21	100.3	27.29	26.21	95.8	27.08	26.21	97.7	26.86	26.21	99.8
27/06/2018 10:53:12 AM	3612905592	1013.00	26.78	26.21	100.5	27.33	26.21	95.4	27.08	26.21	97.7	26.85	26.21	99.9
27/06/2018 10:53:13 AM	3612905593	1013.00	26.76	26.21	100.7	27.27	26.21	96.0	27.12	26.21	97.3	26.85	26.21	99.9
27/06/2018 10:53:14 AM	3612905594	1013.00	26.82	26.21	100.2	27.30	26.21	95.7	27.13	26.21	97.2	26.84	26.21	100.0
27/06/2018 10:53:15 AM	3612905595	1013.00	26.82	26.21	100.2	27.31	26.21	95.6	27.09	26.21	97.6	26.87	26.21	99.7
27/06/2018 10:53:16 AM	3612905596	1013.00	26.77	26.20	100.7	27.29	26.20	95.8	27.11	26.20	97.4	26.86	26.20	99.8
27/06/2018 10:53:17 AM	3612905597	1013.00	26.79	26.20	100.5	27.31	26.20	95.6	27.13	26.20	97.3	26.87	26.20	99.7
27/06/2018 10:53:18 AM	3612905598	1013.00	26.75	26.21	100.8	27.26	26.21	96.1	27.13	26.21	97.2	26.87	26.21	99.7
27/06/2018 10:53:19 AM	3612905599	1013.00	26.78	26.21	100.5	27.29	26.21	95.8	27.09	26.21	97.6	26.85	26.21	99.9
27/06/2018 10:53:20 AM	3612905600	1013.00	26.78	26.20	100.6	27.33	26.20	95.4	27.10	26.20	97.5	26.85	26.20	99.9
27/06/2018 10:53:21 AM	3612905601	1013.00	26.79	26.21	100.4	27.29	26.21	95.8	27.10	26.21	97.5	26.87	26.21	99.7
27/06/2018 10:53:22 AM	3612905602	1013.00	26.81	26.20	100.3	27.28	26.20	95.9	27.14	26.20	97.2	26.86	26.20	99.8
27/06/2018 10:53:23 AM	3612905603	1013.00	26.80	26.20	100.4	27.31	26.20	95.6	27.11	26.20	97.4	26.85	26.20	99.9
27/06/2018 10:53:24 AM	3612905604	1013.00	26.80	26.20	100.4	27.27	26.20	96.0	27.12	26.20	97.4	26.86	26.20	99.8
27/06/2018 10:53:25 AM	3612905605	1013.00	26.82	26.20	100.2	27.29	26.20	95.8	27.12	26.20	97.4	26.88	26.20	99.6
27/06/2018 10:53:26 AM	3612905606	1013.00	26.81	26.20	100.3	27.26	26.20	96.1	27.10	26.20	97.5	26.86	26.20	99.8
27/06/2018 10:53:27 AM	3612905607	1013.00	26.81	26.20	100.3	27.26	26.20	96.1	27.15	26.20	97.1	26.88	26.20	99.6
27/06/2018 10:53:28 AM	3612905608	1013.00	26.80	26.20	100.4	27.29	26.20	95.8	27.12	26.20	97.4	26.89	26.20	99.5
27/06/2018 10:53:29 AM	3612905609	1013.00	26.82	26.20	100.2	27.28	26.20	95.9	27.15	26.20	97.1	26.89	26.20	99.5
27/06/2018 10:53:30 AM	3612905610	1013.00	26.77	26.20	100.7	27.30	26.20	95.7	27.10	26.20	97.5	26.86	26.20	99.8
27/06/2018 10:53:31 AM	3612905611	1013.00	26.80	26.20	100.4	27.36	26.20	95.2	27.14	26.20	97.2	26.89	26.20	99.5
27/06/2018 10:53:32 AM	3612905612	1013.00	26.82	26.20	100.2	27.29	26.20	95.8	27.13	26.20	97.3	26.88	26.20	99.6
27/06/2018 10:53:33 AM	3612905613	1013.00	26.83	26.20	100.1	27.27	26.20	96.0	27.15	26.20	97.1	26.88	26.20	99.6
27/06/2018 10:53:34 AM	3612905614	1013.00	26.82	26.21	100.2	27.29	26.21	95.8	27.15	26.21	97.1	26.88	26.21	99.6
27/06/2018 10:53:35 AM	3612905615	1013.00	26.79	26.21	100.4	27.35	26.21	95.2	27.16	26.21	97.0	26.89	26.21	99.5
27/06/2018 10:53:36 AM	3612905616	1013.00	26.80	26.21	100.3	27.36	26.21	95.2	27.17	26.21	96.9	26.87	26.21	99.7
27/06/2018 10:53:37 AM	3612905617	1013.00	26.81	26.21	100.3	27.33	26.21	95.4	27.17	26.21	96.9	26.88	26.21	99.6
27/06/2018 10:53:38 AM	3612905618	1013.00	26.82	26.21	100.2	27.34	26.21	95.3	27.19	26.21	96.7	26.89	26.21	99.5
27/06/2018 10:53:39 AM	3612905619	1013.00	26.77	26.22	100.6	27.34	26.22	95.3	27.19	26.22	96.7	26.88	26.22	99.6
27/06/2018 10:53:40 AM	3612905620	1013.00	26.83	26.21	100.1	27.32	26.21	95.5	27.17	26.21	96.9	26.91	26.21	99.3
27/06/2018 10:53:41 AM	3612905621	1013.00	26.83	26.21	100.1	27.41	26.21	94.7	27.16	26.21	97.0	26.89	26.21	99.5
27/06/2018 10:53:42 AM	3612905622	1013.00	26.83	26.21	100.1	27.39	26.21	94.9	27.16	26.21	97.0	26.91	26.21	99.3
27/06/2018 10:53:43 AM	3612905623	1013.00	26.80	26.21	100.3	27.35	26.21	95.2	27.16	26.21	97.0	26.90	26.21	99.4
27/06/2018 10:53:44 AM	3612905624	1013.00	26.79	26.20	100.5	27.34	26.20	95.3	27.16	26.20	97.0	26.88	26.20	99.6
27/06/2018 10:53:45 AM	3612905625	1013.00	26.82	26.20	100.2	27.37	26.20	95.1	27.19	26.20	96.7	26.89	26.20	99.5
27/06/2018 10:53:46 AM	3612905626	1013.00	26.84	26.20	100.0	27.39	26.20	94.9	27.20	26.20	96.6	26.93	26.20	99.1
27/06/2018 10:53:47 AM	3612905627	1013.00	26.82	26.20	100.2	27.36	26.20	95.2	27.20	26.20	96.6	26.90	26.20	99.4
27/06/2018 10:53:48 AM	3612905628	1013.00	26.82	26.20	100.2	27.35	26.20	95.3	27.17	26.20	96.9	26.90	26.20	99.4
27/06/2018 10:53:49 AM	3612905629	1013.00	26.84	26.20	100.0	27.35	26.20	95.3	27.20	26.20	96.6	26.89	26.20	99.5
27/06/2018 10:53:50 AM	3612905630	1013.00	26.84	26.21	100.0	27.37	26.21	95.1	27.21	26.21	96.5	26.90	26.21	99.4
27/06/2018 10:53:51 AM	3612905631	1013.00	26.80	26.21	100.3	27.36	26.21	95.2	27.20	26.21	96.6	26.89	26.21	99.5
27/06/2018 10:53:52 AM	3612905632	1013.00	26.83	26.20	100.1	27.39	26.20	94.9	27.22	26.20	96.4	26.92	26.20	99.2
27/06/2018 10:53:53 AM	3612905633	1013.00	26.83	26.21	100.1	27.40	26.21	94.8	27.20	26.21	96.6	26.90	26.21	99.4
27/06/2018 10:53:54 AM	3612905634	1013.00	26.81	26.21	100.3	27.40	26.21	94.8	27.21	26.21	96.5	26.91	26.21	99.3
27/06/2018 10:53:55 AM	3612905635	1013.00	26.81	26.21	100.3	27.39	26.21	94.9	27.21	26.21	96.5	26.93	26.21	99.1
27/06/2018 10:53:56 AM	3612905636	1013.00	26.79	26.20	100.5	27.43	26.20	94.5	27.18	26.20	96.8	26.95	26.20	98.9
27/06/2018 10:53:57 AM	3612905637	1013.00	26.84	26.22	99.9	27.41	26.22	94.7	27.20	26.22	96.6	26.93	26.22	99.1
27/06/2018 10:53:58 AM	3612905638	1013.00	26.84	26.21	100.0	27.41	26.21	94.7	27.22	26.21	96.4	26.94	26.21	99.0
27/06/2018 10:53:59 AM	3612905639	1013.00	26.87	26.21	99.7	27.42	26.21	94.6	27.19	26.21	96.7	26.93	26.21	99.1
27/06/2018 10:54:00 AM	3612905640	1013.00	26.84	26.21	100.0	27.44	26.21	94.4	27.22	26.21	96.4	26.96	26.21	98.8
27/06/2018 10:54:01 AM	3612905641	1013.00	26.82	26.22	100.1	27.43	26.22	94.5	27.21	26.22	96.5	26.91	26.22	99.3
27/06/2018 10:54:02 AM	3612905642	1013.00	26.83	26.21	100.1	27.46	26.21	94.3	27.22	26.21	96.4	26.95	26.21	98.9
27/06/2018 10:54:03 AM	3612905643	1013.00	26.86	26.21	99.8	27.43	26.21	94.5	27.24	26.21	96.2	26.94	26.21	99.0
27/06/2018 10:54:04 AM	3612905644	1013.00	26.87	26.21	99.7	27.47	26.21	94.2	27.23	26.21	96.3	26.94	26.21	99.0
27/06/2018 10:54:05 AM	3612905645	1013.00	26.83	26.21	100.1	27.40	26.21	94.8	27.25	26.21	96.1	26.94	26.21	99.0
27/06/2018 10:54:06 AM	3612905646	1013.00	26.87	26.21	99.7	27.50	26.21	93.9	27.24	26.21	96.2	26.95	26.21	98.9
27/06/2018 10:54:07 AM	3612905647	1013.00	26.86	26.21	99.8	27.44	26.21	94.4	27.23	26.21	96.3	26.95	26.21	98.9
27/06/2018 10:54:08 AM	3612905648	1013.00	26.88	26.21	99.6	27.46	26.21	94.3	27.26	26.21	96.1	26.98	26.21	98.6
27/06/2018 10:54:09 AM	3612905649	1013.00	26.84	26.21	100.0	27.44	26.21	94.4	27.25	26.21	96.1	26.95	26.21	98.9
27/06/2018 10:54:10 AM	3612905650	1013.00	26.88	26.21	99.6	27.46	26.21	94.3	27.23	26.21	96.3	26.98	26.21	98.6
27/06/2018 10:54:11 AM	3612905651	1013.00	26.88	26.22	99.6	27.45	26.22	94.3	27.26	26.22	96.0	26.97	26.22	98.7
27/06/2018 10:54:12 AM	3612905652	1013.00	26.88	26.22	99.6	27.46	26.22	94.2	27.28	26.22	95.9	26.98	26.22	98.6
27/06/2018 10:54:13 AM	3612905653	1013.00	26.85	26.22	99.9	27.46	26.22	94.2	27.25	26.22	96.1	26.99	26.22	98.5
27/06/2018 10:54:14 AM	3612905654	1013.00	26.87	26.21	99.7	27.46	26.21	94.3	27.23	26.21	96.3	26.99	26.21	98.5
27/06/2018 10:54:15 AM	3612905655	1013.00	26.88	26.21	99.6	27.44	26.21	94.4	27.26	26.21	96.1	26.96	26.21	98.8
27/06/2018 10:54:16 AM	3612905656	1013.00	26.86	26.20	99.8	27.46	26.20	94.3	27.26	26.20	96.1	26.97	26.20	98.8
27/06/2018 10:54:17 AM	3612905657	1013.00	26.87	26.20	99.7	27.54	26.20	93.6	27.27	26.20	96.0	26.97	26.20	98.8
27/06/2018 10:54:18 AM	3612905658	1013.00	26.87	26.19	99.7	27.49	26.19	94.0	27.29	26.19	95.8	27.00	26.19	98.5
27/06/2018 10:54:19 AM	3612905659	1013.00	26.89	26.20	99.5	27.46	26.20	94.3	27.28	26.20	95.9	26.99	26.20	98.6
27/06/2018 10:54:20 AM	3612905660	1013.00	26.87	26.20	99.7	27.49	26.20	94.0	27.30	26.20	95.7	27.01	26.20	98.4
27/06/2018 10:54:21 AM	3612905661	1013.00	26.89	26.20	99.5	27.47	26.20	94.2	27.27	26.20	96.0	26.99	26.20	98.6
27/06/2018 10:54:22 AM	3612905662	1013.00	26.88	26.21	99.6	27.50	26.21	93.9	27.25	26.21	96.1	27.03	26.21	98.2
27/06/2018 10:54:23 AM	3612905663	1013.00	26.83	26.21	100.1	27.48	26.21	94.1	27.29	26.21	95.8	27.01	26.21	98.4
27/06/2018 10:54:24 AM	3612905664	1013.00	26.87	26.21	99.7	27.52	26.21	93.7	27.27	26.21	96.0	27.00	26.21	98.5
27/06/2018 10:54:25 AM	3612905665	1013.00	26.89	26.21	99.5	27.52	26.21	93.7	27.28	26.21	95.9	26.99	26.21	98.5
27/06/2018 10:54:26 AM	3612905666	1013.00	26.89	26.21	99.5	27.50	26.21	93.9	27.26	26.21	96.1	27.01	26.21	98.4
27/06/2018 10:54:27 AM	3612905667	1013.00	26.87	26.21	99.7	27.49	26.21	94.0	27.29	26.21	95.8	27.00	26.21	98.5
27/06/2018 10:54:28 AM	3612905668	1013.00	26.89	26.21	99.5	27.50	26.21	93.9	27.28	26.21	95.9	27.04	26.21	98.1
27/06/2018 10:54:29 AM	3612905669	1013.00	26.86	26.22	99.8	27.49	26.22	94.0	27.30	26.22	95.7	27.00	26.22	98.4
27/06/2018 10:54:30 AM	3612905670	1013.00	26.91	26.21	99.3	27.49	26.21	94.0	27.28	26.21	95.9	27.01	26.21	98.4
27/06/2018 10:54:31 AM	3612905671	1013.00	26.89	26.21	99.5	27.50	26.21	93.9	27.28	26.21	95.9	27.01	26.21	98.4
27/06/2018 10:54:32 AM	3612905672	1013.00	26.88	26.22	99.6	27.48	26.22	94.1	27.30	26.22	95.7	27.04	26.22	98.1
27/06/2018 10:54:33 AM	3612905673	1013.00	26.90	26.21	99.4	27.47	26.21	94.2	27.31	26.21	95.6	27.01	26.21	98.4
27/06/2018 10:54:34 AM	3612905674	1013.00	26.91	26.21	99.3	27.52	26.21	93.7	27.30	26.21	95.7	26.99	26.21	98.5
27/06/2018 10:54:35 AM	3612905675	1013.00	26.90	26.20	99.4	27.53	26.20	93.7	27.31	26.20	95.6	27.02	26.20	98.3
27/06/2018 10:54:36 AM	3612905676	1013.00	26.89	26.20	99.5	27.54	26.20	93.6	27.30	26.20	95.7	27.01	26.20	98.4
27/06/2018 10:54:37 AM	3612905677	1013.00	26.89	26.19	99.5	27.58	26.19	93.2	27.31	26.19	95.6	27.05	26.19	98.0
27/06/2018 10:54:38 AM	3612905678	1013.00	26.91	26.20	99.3	27.51	26.20	93.8	27.33	26.20	95.4	27.02	26.20	98.3
27/06/2018 10:54:39 AM	3612905679	1013.00	26.90	26.20	99.4	27.55	26.20	93.5	27.31	26.20	95.6	27.04	26.20	98.1
27/06/2018 10:54:40 AM	3612905680	1013.00	26.90	26.21	99.4	27.51	26.21	93.8	27.32	26.21	95.5	27.03	26.21	98.2
27/06/2018 10:54:41 AM	3612905681	1013.00	26.92	26.21	99.2	27.54	26.21	93.6	27.32	26.21	95.5	27.02	26.21	98.3
27/06/2018 10:54:42 AM	3612905682	1013.00	26.90	26.20	99.4	27.52	26.20	93.7	27.32	26.20	95.5	27.03	26.20	98.2
27/06/2018 10:54:43 AM	3612905683	1013.00	26.93	26.20	99.1	27.56	26.20	93.4	27.35	26.20	95.3	27.04	26.20	98.1
27/06/2018 10:54:44 AM	3612905684	1013.00	26.89	26.20	99.5	27.52	26.20	93.7	27.32	26.20	95.5	27.05	26.20	98.0
27/06/2018 10:54:45 AM	3612905685	1013.00	26.90	26.20	99.4	27.52	26.20	93.7	27.33	26.20	95.4	27.06	26.20	97.9
27/06/2018 10:54:46 AM	3612905686	1013.00	26.90	26.20	99.4	27.54	26.20	93.6	27.34	26.20	95.3	27.05	26.20	98.0
27/06/2018 10:54:47 AM	3612905687	1013.00	26.92	26.20	99.2	27.51	26.20	93.8	27.34	26.20	95.3	27.06	26.20	97.9
27/06/2018 10:54:48 AM	3612905688	1013.00	26.92	26.20	99.2	27.57	26.20	93.3	27.34	26.20	95.3	27.06	26.20	97.9
27/06/2018 10:54:49 AM	3612905689	1013.00	26.91	26.20	99.3	27.54	26.20	93.6	27.35	26.20	95.3	27.04	26.20	98.1
27/06/2018 10:54:50 AM	3612905690	1013.00	26.93	26.20	99.1	27.51	26.20	93.8	27.33	26.20	95.4	27.04	26.20	98.1
27/06/2018 10:54:51 AM	3612905691	1013.00	26.92	26.20	99.2	27.51	26.20	93.8	27.35	26.20	95.3	27.04	26.20	98.1
27/06/2018 10:54:52 AM	3612905692	1013.00	26.92	26.20	99.2	27.55	26.20	93.5	27.35	26.20	95.3	27.06	26.20	97.9
27/06/2018 10:54:53 AM	3612905693	1013.00	26.94	26.20	99.0	27.54	26.20	93.6	27.37	26.20	95.1	27.06	26.20	97.9
27/06/2018 10:54:54 AM	3612905694	1013.00	26.92	26.20	99.2	27.52	26.20	93.7	27.36	26.20	95.2	27.08	26.20	97.7
27/06/2018 10:54:55 AM	3612905695	1013.00	26.93	26.20	99.1	27.50	26.20	93.9	27.38	26.20	95.0	27.06	26.20	97.9
27/06/2018 10:54:56 AM	3612905696	1013.00	26.94	26.21	99.0	27.51	26.21	93.8	27.34	26.21	95.3	27.07	26.21	97.8
27/06/2018 10:54:57 AM	3612905697	1013.00	26.90	26.20	99.4	27.55	26.20	93.5	27.40	26.20	94.8	27.08	26.20	97.7
27/06/2018 10:54:58 AM	3612905698	1013.00	26.91	26.21	99.3	27.56	26.21	93.4	27.38	26.21	95.0	27.06	26.21	97.9
27/06/2018 10:54:59 AM	3612905699	1013.00	26.95	26.21	98.9	27.53	26.21	93.6	27.38	26.21	95.0	27.08	26.21	97.7
27/06/2018 10:55:00 AM	3612905700	1013.00	26.94	26.21	99.0	27.56	26.21	93.4	27.39	26.21	94.9	27.12	26.21	97.3
27/06/2018 10:55:01 AM	3612905701	1013.00	26.91	26.20	99.3	27.54	26.20	93.6	27.38	26.20	95.0	27.07	26.20	97.8
27/06/2018 10:55:02 AM	3612905702	1013.00	26.96	26.21	98.8	27.56	26.21	93.4	27.40	26.21	94.8	27.08	26.21	97.7
27/06/2018 10:55:03 AM	3612905703	1013.00	26.93	26.21	99.1	27.57	26.21	93.3	27.39	26.21	94.9	27.09	26.21	97.6
27/06/2018 10:55:04 AM	3612905704	1013.00	26.96	26.20	98.8	27.58	26.20	93.2	27.38	26.20	95.0	27.10	26.20	97.5
27/06/2018 10:55:05 AM	3612905705	1013.00	26.93	26.21	99.1	27.60	26.21	93.0	27.39	26.21	94.9	27.08	26.21	97.7
27/06/2018 10:55:06 AM	3612905706	1013.00	26.93	26.21	99.1	27.55	26.21	93.5	27.42	26.21	94.6	27.08	26.21	97.7
27/06/2018 10:55:07 AM	3612905707	1013.00	26.95	26.21	98.9	27.55	26.21	93.5	27.42	26.21	94.6	27.12	26.21	97.3
27/06/2018 10:55:08 AM	3612905708	1013.00	26.93	26.21	99.1	27.57	26.21	93.3	27.40	26.21	94.8	27.11	26.21	97.4
27/06/2018 10:55:09 AM	3612905709	1013.00	26.96	26.21	98.8	27.56	26.21	93.4	27.41	26.21	94.7	27.09	26.21	97.6
27/06/2018 10:55:10 AM	3612905710	1013.00	26.94	26.21	99.0	27.53	26.21	93.6	27.41	26.21	94.7	27.12	26.21	97.3
27/06/2018 10:55:11 AM	3612905711	1013.00	26.95	26.21	98.9	27.60	26.21	93.0	27.39	26.21	94.9	27.09	26.21	97.6
27/06/2018 10:55:12 AM	3612905712	1013.00	26.92	26.21	99.2	27.56	26.21	93.4	27.39	26.21	94.9	27.11	26.21	97.4
27/06/2018 10:55:13 AM	3612905713	1013.00	26.96	26.21	98.8	27.59	26.21	93.1	27.42	26.21	94.6	27.12	26.21	97.3
27/06/2018 10:55:14 AM	3612905714	1013.00	26.93	26.21	99.1	27.60	26.21	93.0	27.40	26.21	94.8	27.11	26.21	97.4
27/06/2018 10:55:15 AM	3612905715	1013.00	26.95	26.21	98.9	27.65	26.21	92.6	27.40	26.21	94.8	27.10	26.21	97.5
27/06/2018 10:55:16 AM	3612905716	1013.00	26.99	26.21	98.5	27.57	26.21	93.3	27.39	26.21	94.9	27.11	26.21	97.4
27/06/2018 10:55:17 AM	3612905717	1013.00	26.99	26.21	98.5	27.61	26.21	92.9	27.43	26.21	94.5	27.13	26.21	97.2
27/06/2018 10:55:18 AM	3612905718	1013.00	26.96	26.20	98.8	27.59	26.20	93.1	27.42	26.20	94.6	27.11	26.20	97.4
27/06/2018 10:55:19 AM	3612905719	1013.00	26.97	26.21	98.7	27.54	26.21	93.6	27.43	26.21	94.5	27.14	26.21	97.2
27/06/2018 10:55:20 AM	3612905720	1013.00	26.96	26.20	98.8	27.64	26.20	92.7	27.45	26.20	94.4	27.13	26.20	97.3
27/06/2018 10:55:21 AM	3612905721	1013.00	26.96	26.21	98.8	27.55	26.21	93.5	27.45	26.21	94.3	27.13	26.21	97.2
27/06/2018 10:55:22 AM	3612905722	1013.00	26.98	26.21	98.6	27.63	26.21	92.8	27.46	26.21	94.3	27.13	26.21	97.2
27/06/2018 10:55:23 AM	3612905723	1013.00	26.98	26.21	98.6	27.65	26.21	92.6	27.44	26.21	94.4	27.14	26.21	97.2
27/06/2018 10:55:24 AM	3612905724	1013.00	26.99	26.21	98.5	27.62	26.21	92.9	27.44	26.21	94.4	27.12	26.21	97.3
27/06/2018 10:55:25 AM	3612905725	1013.00	27.01	26.21	98.4	27.59	26.21	93.1	27.45	26.21	94.3	27.14	26.21	97.2
27/06/2018 10:55:26 AM	3612905726	1013.00	26.99	26.21	98.5	27.61	26.21	92.9	27.44	26.21	94.4	27.14	26.21	97.2
27/06/2018 10:55:27 AM	3612905727	1013.00	26.97	26.21	98.7	27.59	26.21	93.1	27.47	26.21	94.2	27.13	26.21	97.2
27/06/2018 10:55:28 AM	3612905728	1013.00	27.00	26.21	98.5	27.61	26.21	92.9	27.47	26.21	94.2	27.12	26.21	97.3
27/06/2018 10:55:29 AM	3612905729	1013.00	26.99	26.21	98.5	27.61	26.21	92.9	27.48	26.21	94.1	27.14	26.21	97.2
27/06/2018 10:55:30 AM	3612905730	1013.00	26.99	26.21	98.5	27.62	26.21	92.9	27.46	26.21	94.3	27.12	26.21	97.3
27/06/2018 10:55:31 AM	3612905731	1013.00	26.97	26.21	98.7	27.64	26.21	92.7	27.46	26.21	94.3	27.17	26.21	96.9
27/06/2018 10:55:32 AM	3612905732	1013.00	26.99	26.22	98.5	27.62	26.22	92.8	27.48	26.22	94.1	27.16	26.22	97.0
27/06/2018 10:55:33 AM	3612905733	1013.00	26.97	26.22	98.7	27.67	26.22	92.4	27.46	26.22	94.2	27.13	26.22	97.2
27/06/2018 10:55:34 AM	3612905734	1013.00	26.98	26.21	98.6	27.65	26.21	92.6	27.48	26.21	94.1	27.16	26.21	97.0
27/06/2018 10:55:35 AM	3612905735	1013.00	27.00	26.21	98.5	27.64	26.21	92.7	27.49	26.21	94.0	27.15	26.21	97.1
27/06/2018 10:55:36 AM	3612905736	1013.00	26.99	26.21	98.5	27.67	26.21	92.4	27.48	26.21	94.1	27.15	26.21	97.1
27/06/2018 10:55:37 AM	3612905737	1013.00	27.00	26.21	98.5	27.66	26.21	92.5	27.49	26.21	94.0	27.14	26.21	97.2
27/06/2018 10:55:38 AM	3612905738	1013.00	26.98	26.21	98.6	27.67	26.21	92.4	27.50	26.21	93.9	27.13	26.21	97.2
27/06/2018 10:55:39 AM	3612905739	1013.00	26.99	26.21	98.5	27.63	26.21	92.8	27.51	26.21	93.8	27.16	26.21	97.0
27/06/2018 10:55:40 AM	3612905740	1013.00	27.03	26.21	98.2	27.68	26.21	92.3	27.50	26.21	93.9	27.16	26.21	97.0
27/06/2018 10:55:41 AM	3612905741	1013.00	27.05	26.20	98.0	27.65	26.20	92.6	27.49	26.20	94.0	27.14	26.20	97.2
27/06/2018 10:55:42 AM	3612905742	1013.00	27.01	26.21	98.4	27.67	26.21	92.4	27.48	26.21	94.1	27.16	26.21	97.0
27/06/2018 10:55:43 AM	3612905743	1013.00	26.99	26.21	98.5	27.66	26.21	92.5	27.48	26.21	94.1	27.15	26.21	97.1
27/06/2018 10:55:44 AM	3612905744	1013.00	27.04	26.21	98.1	27.67	26.21	92.4	27.49	26.21	94.0	27.16	26.21	97.0
27/06/2018 10:55:45 AM	3612905745	1013.00	27.01	26.21	98.4	27.68	26.21	92.3	27.48	26.21	94.1	27.19	26.21	96.7
27/06/2018 10:55:46 AM	3612905746	1013.00	27.00	26.21	98.5	27.67	26.21	92.4	27.48	26.21	94.1	27.18	26.21	96.8
27/06/2018 10:55:47 AM	3612905747	1013.00	27.02	26.21	98.3	27.71	26.21	92.1	27.51	26.21	93.8	27.19	26.21	96.7
27/06/2018 10:55:48 AM	3612905748	1013.00	27.01	26.20	98.4	27.68	26.20	92.3	27.50	26.20	93.9	27.17	26.20	96.9
27/06/2018 10:55:49 AM	3612905749	1013.00	26.99	26.21	98.5	27.65	26.21	92.6	27.48	26.21	94.1	27.18	26.21	96.8
27/06/2018 10:55:50 AM	3612905750	1013.00	27.03	26.21	98.2	27.67	26.21	92.4	27.51	26.21	93.8	27.18	26.21	96.8
27/06/2018 10:55:51 AM	3612905751	1013.00	27.02	26.21	98.3	27.71	26.21	92.1	27.50	26.21	93.9	27.18	26.21	96.8
27/06/2018 10:55:52 AM	3612905752	1013.00	27.02	26.21	98.3	27.69	26.21	92.2	27.52	26.21	93.7	27.20	26.21	96.6
27/06/2018 10:55:53 AM	3612905753	1013.00	27.03	26.21	98.2	27.71	26.21	92.1	27.53	26.21	93.6	27.20	26.21	96.6
27/06/2018 10:55:54 AM	3612905754	1013.00	27.02	26.21	98.3	27.73	26.21	91.9	27.49	26.21	94.0	27.20	26.21	96.6
27/06/2018 10:55:55 AM	3612905755	1013.00	27.04	26.21	98.1	27.66	26.21	92.5	27.52	26.21	93.7	27.20	26.21	96.6
27/06/2018 10:55:56 AM	3612905756	1013.00	27.01	26.21	98.4	27.72	26.21	92.0	27.52	26.21	93.7	27.21	26.21	96.5
27/06/2018 10:55:57 AM	3612905757	1013.00	27.03	26.21	98.2	27.70	26.21	92.2	27.49	26.21	94.0	27.23	26.21	96.3
27/06/2018 10:55:58 AM	3612905758	1013.00	27.00	26.21	98.5	27.68	26.21	92.3	27.52	26.21	93.7	27.20	26.21	96.6
27/06/2018 10:55:59 AM	3612905759	1013.00	27.04	26.21	98.1	27.72	26.21	92.0	27.52	26.21	93.7	27.19	26.21	96.7
27/06/2018 10:56:00 AM	3612905760	1013.00	27.02	26.20	98.3	27.72	26.20	92.0	27.50	26.20	93.9	27.21	26.20	96.5
27/06/2018 10:56:01 AM	3612905761	1013.00	27.01	26.21	98.4	27.75	26.21	91.7	27.55	26.21	93.5	27.21	26.21	96.5
27/06/2018 10:56:02 AM	3612905762	1013.00	27.03	26.21	98.2	27.64	26.21	92.7	27.55	26.21	93.5	27.23	26.21	96.3
27/06/2018 10:56:03 AM	3612905763	1013.00	27.09	26.20	97.6	27.75	26.20	91.7	27.53	26.20	93.7	27.22	26.20	96.4
27/06/2018 10:56:04 AM	3612905764	1013.00	27.03	26.20	98.2	27.74	26.20	91.8	27.55	26.20	93.5	27.24	26.20	96.3
27/06/2018 10:56:05 AM	3612905765	1013.00	27.05	26.21	98.0	27.71	26.21	92.1	27.55	26.21	93.5	27.24	26.21	96.2
27/06/2018 10:56:06 AM	3612905766	1013.00	27.02	26.21	98.3	27.73	26.21	91.9	27.53	26.21	93.6	27.22	26.21	96.4
27/06/2018 10:56:07 AM	3612905767	1013.00	27.05	26.21	98.0	27.74	26.21	91.8	27.54	26.21	93.6	27.25	26.21	96.1
27/06/2018 10:56:08 AM	3612905768	1013.00	27.06	26.21	97.9	27.73	26.21	91.9	27.55	26.21	93.5	27.26	26.21	96.1
27/06/2018 10:56:09 AM	3612905769	1013.00	27.04	26.21	98.1	27.75	26.21	91.7	27.54	26.21	93.6	27.24	26.21	96.2
27/06/2018 10:56:10 AM	3612905770	1013.00	27.04	26.21	98.1	27.76	26.21	91.6	27.55	26.21	93.5	27.25	26.21	96.1
27/06/2018 10:56:11 AM	3612905771	1013.00	27.06	26.21	97.9	27.75	26.21	91.7	27.55	26.21	93.5	27.22	26.21	96.4
27/06/2018 10:56:12 AM	3612905772	1013.00	27.06	26.21	97.9	27.73	26.21	91.9	27.56	26.21	93.4	27.23	26.21	96.3
27/06/2018 10:56:13 AM	3612905773	1013.00	27.02	26.21	98.3	27.76	26.21	91.6	27.57	26.21	93.3	27.25	26.21	96.1
27/06/2018 10:56:14 AM	3612905774	1013.00	27.06	26.21	97.9	27.74	26.21	91.8	27.56	26.21	93.4	27.25	26.21	96.1
27/06/2018 10:56:15 AM	3612905775	1013.00	27.02	26.21	98.3	27.80	26.21	91.3	27.55	26.21	93.5	27.23	26.21	96.3
27/06/2018 10:56:16 AM	3612905776	1013.00	27.07	26.20	97.8	27.76	26.20	91.7	27.58	26.20	93.2	27.24	26.20	96.3
27/06/2018 10:56:17 AM	3612905777	1013.00	27.01	26.21	98.4	27.79	26.21	91.4	27.57	26.21	93.3	27.23	26.21	96.3
27/06/2018 10:56:18 AM	3612905778	1013.00	27.05	26.20	98.0	27.75	26.20	91.7	27.54	26.20	93.6	27.26	26.20	96.1
27/06/2018 10:56:19 AM	3612905779	1013.00	27.06	26.20	97.9	27.73	26.20	91.9	27.57	26.20	93.3	27.24	26.20	96.3
27/06/2018 10:56:20 AM	3612905780	1013.00	27.06	26.21	97.9	27.76	26.21	91.6	27.55	26.21	93.5	27.23	26.21	96.3
27/06/2018 10:56:21 AM	3612905781	1013.00	27.05	26.20	98.0	27.75	26.20	91.7	27.57	26.20	93.3	27.24	26.20	96.3
27/06/2018 10:56:22 AM	3612905782	1013.00	27.04	26.20	98.1	27.76	26.20	91.7	27.58	26.20	93.2	27.25	26.20	96.2
27/06/2018 10:56:23 AM	3612905783	1013.00	27.07	26.19	97.8	27.76	26.19	91.7	27.58	26.19	93.2	27.25	26.19	96.2
27/06/2018 10:56:24 AM	3612905784	1013.00	27.08	26.19	97.7	27.75	26.19	91.8	27.56	26.19	93.4	27.24	26.19	96.3
27/06/2018 10:56:25 AM	3612905785	1013.00	27.06	26.19	97.9	27.75	26.19	91.8	27.59	26.19	93.1	27.24	26.19	96.3
27/06/2018 10:56:26 AM	3612905786	1013.00	27.07	26.20	97.8	27.73	26.20	91.9	27.57	26.20	93.3	27.26	26.20	96.1
27/06/2018 10:56:27 AM	3612905787	1013.00	27.07	26.20	97.8	27.80	26.20	91.3	27.60	26.20	93.0	27.27	26.20	96.0
27/06/2018 10:56:28 AM	3612905788	1013.00	27.09	26.20	97.6	27.79	26.20	91.4	27.58	26.20	93.2	27.29	26.20	95.8
27/06/2018 10:56:29 AM	3612905789	1013.00	27.08	26.20	97.7	27.79	26.20	91.4	27.59	26.20	93.1	27.27	26.20	96.0
27/06/2018 10:56:30 AM	3612905790	1013.00	27.07	26.20	97.8	27.76	26.20	91.7	27.60	26.20	93.0	27.29	26.20	95.8
27/06/2018 10:56:31 AM	3612905791	1013.00	27.10	26.20	97.5	27.76	26.20	91.7	27.57	26.20	93.3	27.30	26.20	95.7
27/06/2018 10:56:32 AM	3612905792	1013.00	27.08	26.20	97.7	27.76	26.20	91.7	27.61	26.20	93.0	27.28	26.20	95.9
27/06/2018 10:56:33 AM	3612905793	1013.00	27.11	26.20	97.4	27.73	26.20	91.9	27.59	26.20	93.1	27.31	26.20	95.6
27/06/2018 10:56:34 AM	3612905794	1013.00	27.07	26.20	97.8	27.80	26.20	91.3	27.58	26.20	93.2	27.28	26.20	95.9
27/06/2018 10:56:35 AM	3612905795	1013.00	27.08	26.20	97.7	27.79	26.20	91.4	27.59	26.20	93.1	27.30	26.20	95.7
27/06/2018 10:56:36 AM	3612905796	1013.00	27.12	26.20	97.4	27.79	26.20	91.4	27.56	26.20	93.4	27.29	26.20	95.8
27/06/2018 10:56:37 AM	3612905797	1013.00	27.12	26.20	97.4	27.76	26.20	91.7	27.60	26.20	93.0	27.29	26.20	95.8
27/06/2018 10:56:38 AM	3612905798	1013.00	27.15	26.21	97.1	27.78	26.21	91.5	27.59	26.21	93.1	27.31	26.21	95.6
27/06/2018 10:56:39 AM	3612905799	1013.00	27.12	26.21	97.3	27.81	26.21	91.2	27.60	26.21	93.0	27.32	26.21	95.5
27/06/2018 10:56:40 AM	3612905800	1013.00	27.10	26.20	97.5	27.79	26.20	91.4	27.58	26.20	93.2	27.33	26.20	95.4
27/06/2018 10:56:41 AM	3612905801	1013.00	27.12	26.20	97.4	27.75	26.20	91.7	27.59	26.20	93.1	27.32	26.20	95.5
27/06/2018 10:56:42 AM	3612905802	1013.00	27.11	26.20	97.4	27.83	26.20	91.1	27.58	26.20	93.2	27.33	26.20	95.4
27/06/2018 10:56:43 AM	3612905803	1013.00	27.13	26.20	97.3	27.82	26.20	91.1	27.56	26.20	93.4	27.33	26.20	95.4
27/06/2018 10:56:44 AM	3612905804	1013.00	27.12	26.20	97.4	27.79	26.20	91.4	27.61	26.20	93.0	27.33	26.20	95.4
27/06/2018 10:56:45 AM	3612905805	1013.00	27.13	26.20	97.3	27.78	26.20	91.5	27.60	26.20	93.0	27.33	26.20	95.4
27/06/2018 10:56:46 AM	3612905806	1013.00	27.15	26.20	97.1	27.81	26.20	91.2	27.60	26.20	93.0	27.34	26.20	95.3
27/06/2018 10:56:47 AM	3612905807	1013.00	27.15	26.20	97.1	27.78	26.20	91.5	27.60	26.20	93.0	27.33	26.20	95.4
27/06/2018 10:56:48 AM	3612905808	1013.00	27.08	26.21	97.7	27.80	26.21	91.3	27.59	26.21	93.1	27.35	26.21	95.2
27/06/2018 10:56:49 AM	3612905809	1013.00	27.15	26.21	97.1	27.81	26.21	91.2	27.58	26.21	93.2	27.34	26.21	95.3
27/06/2018 10:56:50 AM	3612905810	1013.00	27.14	26.21	97.2	27.76	26.21	91.6	27.61	26.21	92.9	27.33	26.21	95.4
27/06/2018 10:56:51 AM	3612905811	1013.00	27.14	26.21	97.2	27.77	26.21	91.6	27.59	26.21	93.1	27.35	26.21	95.2
27/06/2018 10:56:52 AM	3612905812	1013.00	27.13	26.21	97.2	27.76	26.21	91.6	27.61	26.21	92.9	27.31	26.21	95.6
27/06/2018 10:56:53 AM	3612905813	1013.00	27.11	26.21	97.4	27.81	26.21	91.2	27.60	26.21	93.0	27.33	26.21	95.4
27/06/2018 10:56:54 AM	3612905814	1013.00	27.15	26.21	97.1	27.81	26.21	91.2	27.61	26.21	92.9	27.36	26.21	95.2
27/06/2018 10:56:55 AM	3612905815	1013.00	27.14	26.20	97.2	27.84	26.20	91.0	27.61	26.20	93.0	27.35	26.20	95.3
27/06/2018 10:56:56 AM	3612905816	1013.00	27.14	26.20	97.2	27.84	26.20	91.0	27.62	26.20	92.9	27.35	26.20	95.3
27/06/2018 10:56:57 AM	3612905817	1013.00	27.18	26.20	96.8	27.83	26.20	91.1	27.64	26.20	92.7	27.33	26.20	95.4
27/06/2018 10:56:58 AM	3612905818	1013.00	27.16	26.20	97.0	27.82	26.20	91.1	27.64	26.20	92.7	27.37	26.20	95.1
27/06/2018 10:56:59 AM	3612905819	1013.00	27.13	26.21	97.2	27.79	26.21	91.4	27.63	26.21	92.8	27.36	26.21	95.2
27/06/2018 10:57:00 AM	3612905820	1013.00	27.13	26.21	97.2	27.86	26.21	90.8	27.64	26.21	92.7	27.34	26.21	95.3
27/06/2018 10:57:01 AM	3612905821	1013.00	27.14	26.21	97.2	27.80	26.21	91.3	27.65	26.21	92.6	27.35	26.21	95.2
27/06/2018 10:57:02 AM	3612905822	1013.00	27.14	26.21	97.2	27.83	26.21	91.0	27.65	26.21	92.6	27.35	26.21	95.2
27/06/2018 10:57:03 AM	3612905823	1013.00	27.17	26.20	96.9	27.84	26.20	91.0	27.67	26.20	92.4	27.37	26.20	95.1
27/06/2018 10:57:04 AM	3612905824	1013.00	27.13	26.20	97.3	27.91	26.20	90.4	27.66	26.20	92.5	27.34	26.20	95.3
27/06/2018 10:57:05 AM	3612905825	1013.00	27.14	26.20	97.2	27.82	26.20	91.1	27.68	26.20	92.3	27.36	26.20	95.2
27/06/2018 10:57:06 AM	3612905826	1013.00	27.15	26.20	97.1	27.83	26.20	91.1	27.66	26.20	92.5	27.36	26.20	95.2
27/06/2018 10:57:07 AM	3612905827	1013.00	27.15	26.20	97.1	27.85	26.20	90.9	27.67	26.20	92.4	27.36	26.20	95.2
27/06/2018 10:57:08 AM	3612905828	1013.00	27.16	26.21	97.0	27.87	26.21	90.7	27.68	26.21	92.3	27.36	26.21	95.2
27/06/2018 10:57:09 AM	3612905829	1013.00	27.15	26.20	97.1	27.83	26.20	91.1	27.67	26.20	92.4	27.37	26.20	95.1
27/06/2018 10:57:10 AM	3612905830	1013.00	27.14	26.20	97.2	27.80	26.20	91.3	27.67	26.20	92.4	27.36	26.20	95.2
27/06/2018 10:57:11 AM	3612905831	1013.00	27.21	26.19	96.5	27.84	26.19	91.0	27.69	26.19	92.3	27.36	26.19	95.2
27/06/2018 10:57:12 AM	3612905832	1013.00	27.17	26.19	96.9	27.82	26.19	91.2	27.67	26.19	92.5	27.38	26.19	95.0
27/06/2018 10:57:13 AM	3612905833	1013.00	27.14	26.20	97.2	27.91	26.20	90.4	27.69	26.20	92.3	27.39	26.20	94.9
27/06/2018 10:57:14 AM	3612905834	1013.00	27.21	26.20	96.5	27.87	26.20	90.7	27.68	26.20	92.3	27.38	26.20	95.0
27/06/2018 10:57:15 AM	3612905835	1013.00	27.16	26.20	97.0	27.88	26.20	90.6	27.70	26.20	92.2	27.37	26.20	95.1
27/06/2018 10:57:16 AM	3612905836	1013.00	27.17	26.21	96.9	27.87	26.21	90.7	27.69	26.21	92.2	27.42	26.21	94.6
27/06/2018 10:57:17 AM	3612905837	1013.00	27.16	26.21	97.0	27.89	26.21	90.5	27.68	26.21	92.3	27.39	26.21	94.9
27/06/2018 10:57:18 AM	3612905838	1013.00	27.18	26.20	96.8	27.86	26.20	90.8	27.72	26.20	92.0	27.39	26.20	94.9
27/06/2018 10:57:19 AM	3612905839	1013.00	27.21	26.20	96.5	27.90	26.20	90.5	27.70	26.20	92.2	27.39	26.20	94.9
27/06/2018 10:57:20 AM	3612905840	1013.00	27.19	26.20	96.7	27.86	26.20	90.8	27.71	26.20	92.1	27.39	26.20	94.9
27/06/2018 10:57:21 AM	3612905841	1013.00	27.19	26.20	96.7	27.91	26.20	90.4	27.74	26.20	91.8	27.39	26.20	94.9
27/06/2018 10:57:22 AM	3612905842	1013.00	27.18	26.20	96.8	27.88	26.20	90.6	27.73	26.20	91.9	27.40	26.20	94.8
27/06/2018 10:57:23 AM	3612905843	1013.00	27.18	26.20	96.8	27.93	26.20	90.2	27.69	26.20	92.3	27.38	26.20	95.0
27/06/2018 10:57:24 AM	3612905844	1013.00	27.20	26.20	96.6	27.90	26.20	90.5	27.72	26.20	92.0	27.41	26.20	94.7
27/06/2018 10:57:25 AM	3612905845	1013.00	27.22	26.20	96.4	27.88	26.20	90.6	27.72	26.20	92.0	27.42	26.20	94.6
27/06/2018 10:57:26 AM	3612905846	1013.00	27.21	26.20	96.5	27.89	26.20	90.6	27.71	26.20	92.1	27.39	26.20	94.9
27/06/2018 10:57:27 AM	3612905847	1013.00	27.20	26.20	96.6	27.91	26.20	90.4	27.72	26.20	92.0	27.38	26.20	95.0
27/06/2018 10:57:28 AM	3612905848	1013.00	27.20	26.20	96.6	27.85	26.20	90.9	27.71	26.20	92.1	27.39	26.20	94.9
27/06/2018 10:57:29 AM	3612905849	1013.00	27.19	26.20	96.7	27.93	26.20	90.2	27.77	26.20	91.6	27.42	26.20	94.6
27/06/2018 10:57:30 AM	3612905850	1013.00	27.19	26.19	96.7	27.87	26.19	90.7	27.72	26.19	92.0	27.42	26.19	94.6
27/06/2018 10:57:31 AM	3612905851	1013.00	27.22	26.20	96.4	27.91	26.20	90.4	27.73	26.20	91.9	27.40	26.20	94.8
27/06/2018 10:57:32 AM	3612905852	1013.00	27.24	26.20	96.3	27.90	26.20	90.5	27.73	26.20	91.9	27.43	26.20	94.5
27/06/2018 10:57:33 AM	3612905853	1013.00	27.22	26.20	96.4	27.96	26.20	90.0	27.73	26.20	91.9	27.42	26.20	94.6
27/06/2018 10:57:34 AM	3612905854	1013.00	27.19	26.20	96.7	27.92	26.20	90.3	27.71	26.20	92.1	27.41	26.20	94.7
27/06/2018 10:57:35 AM	3612905855	1013.00	27.21	26.21	96.5	27.90	26.21	90.5	27.74	26.21	91.8	27.41	26.21	94.7
27/06/2018 10:57:36 AM	3612905856	1013.00	27.23	26.21	96.3	27.98	26.21	89.8	27.74	26.21	91.8	27.43	26.21	94.5
27/06/2018 10:57:37 AM	3612905857	1013.00	27.24	26.21	96.2	27.93	26.21	90.2	27.75	26.21	91.7	27.41	26.21	94.7
27/06/2018 10:57:38 AM	3612905858	1013.00	27.26	26.21	96.1	27.97	26.21	89.9	27.76	26.21	91.6	27.44	26.21	94.4
27/06/2018 10:57:39 AM	3612905859	1013.00	27.24	26.21	96.2	27.94	26.21	90.1	27.77	26.21	91.6	27.43	26.21	94.5
27/06/2018 10:57:40 AM	3612905860	1013.00	27.22	26.21	96.4	27.92	26.21	90.3	27.72	26.21	92.0	27.41	26.21	94.7
27/06/2018 10:57:41 AM	3612905861	1013.00	27.24	26.21	96.2	27.95	26.21	90.0	27.77	26.21	91.6	27.43	26.21	94.5
27/06/2018 10:57:42 AM	3612905862	1013.00	27.24	26.21	96.2	27.97	26.21	89.9	27.76	26.21	91.6	27.44	26.21	94.4
27/06/2018 10:57:43 AM	3612905863	1013.00	27.24	26.20	96.3	27.96	26.20	90.0	27.77	26.20	91.6	27.45	26.20	94.4
27/06/2018 10:57:44 AM	3612905864	1013.00	27.21	26.20	96.5	27.94	26.20	90.1	27.75	26.20	91.7	27.43	26.20	94.5
27/06/2018 10:57:45 AM	3612905865	1013.00	27.23	26.20	96.3	27.93	26.20	90.2	27.78	26.20	91.5	27.45	26.20	94.4
27/06/2018 10:57:46 AM	3612905866	1013.00	27.26	26.19	96.1	27.96	26.19	90.0	27.77	26.19	91.6	27.43	26.19	94.6
27/06/2018 10:57:47 AM	3612905867	1013.00	27.21	26.20	96.5	27.95	26.20	90.0	27.77	26.20	91.6	27.44	26.20	94.5
27/06/2018 10:57:48 AM	3612905868	1013.00	27.26	26.20	96.1	27.98	26.20	89.8	27.77	26.20	91.6	27.46	26.20	94.3
27/06/2018 10:57:49 AM	3612905869	1013.00	27.25	26.20	96.2	27.96	26.20	90.0	27.79	26.20	91.4	27.46	26.20	94.3
27/06/2018 10:57:50 AM	3612905870	1013.00	27.25	26.20	96.2	28.00	26.20	89.6	27.79	26.20	91.4	27.43	26.20	94.5
27/06/2018 10:57:51 AM	3612905871	1013.00	27.26	26.21	96.1	28.00	26.21	89.6	27.79	26.21	91.4	27.44	26.21	94.4
27/06/2018 10:57:52 AM	3612905872	1013.00	27.24	26.20	96.3	27.96	26.20	90.0	27.79	26.20	91.4	27.45	26.20	94.4
27/06/2018 10:57:53 AM	3612905873	1013.00	27.23	26.20	96.3	27.99	26.20	89.7	27.78	26.20	91.5	27.45	26.20	94.4
27/06/2018 10:57:54 AM	3612905874	1013.00	27.22	26.20	96.4	27.95	26.20	90.0	27.81	26.20	91.2	27.47	26.20	94.2
27/06/2018 10:57:55 AM	3612905875	1013.00	27.24	26.20	96.3	28.00	26.20	89.6	27.81	26.20	91.2	27.49	26.20	94.0
27/06/2018 10:57:56 AM	3612905876	1013.00	27.29	26.20	95.8	27.99	26.20	89.7	27.81	26.20	91.2	27.47	26.20	94.2
27/06/2018 10:57:57 AM	3612905877	1013.00	27.28	26.21	95.9	28.05	26.21	89.2	27.80	26.21	91.3	27.47	26.21	94.2
27/06/2018 10:57:58 AM	3612905878	1013.00	27.28	26.20	95.9	27.98	26.20	89.8	27.85	26.20	90.9	27.48	26.20	94.1
27/06/2018 10:57:59 AM	3612905879	1013.00	27.26	26.21	96.1	28.00	26.21	89.6	27.83	26.21	91.0	27.46	26.21	94.3
27/06/2018 10:58:00 AM	3612905880	1013.00	27.24	26.20	96.3	27.97	26.20	89.9	27.82	26.20	91.1	27.48	26.20	94.1
27/06/2018 10:58:01 AM	3612905881	1013.00	27.28	26.20	95.9	27.97	26.20	89.9	27.82	26.20	91.1	27.48	26.20	94.1
27/06/2018 10:58:02 AM	3612905882	1013.00	27.28	26.20	95.9	28.10	26.20	88.8	27.82	26.20	91.1	27.49	26.20	94.0
27/06/2018 10:58:03 AM	3612905883	1013.00	27.28	26.20	95.9	27.99	26.20	89.7	27.82	26.20	91.1	27.50	26.20	93.9
27/06/2018 10:58:04 AM	3612905884	1013.00	27.29	26.20	95.8	28.01	26.20	89.5	27.80	26.20	91.3	27.47	26.20	94.2
27/06/2018 10:58:05 AM	3612905885	1013.00	27.26	26.20	96.1	28.01	26.20	89.5	27.84	26.20	91.0	27.52	26.20	93.7
27/06/2018 10:58:06 AM	3612905886	1013.00	27.28	26.20	95.9	28.07	26.20	89.0	27.86	26.20	90.8	27.49	26.20	94.0
27/06/2018 10:58:07 AM	3612905887	1013.00	27.29	26.20	95.8	28.05	26.20	89.2	27.84	26.20	91.0	27.48	26.20	94.1
27/06/2018 10:58:08 AM	3612905888	1013.00	27.29	26.20	95.8	28.05	26.20	89.2	27.84	26.20	91.0	27.52	26.20	93.7
27/06/2018 10:58:09 AM	3612905889	1013.00	27.30	26.20	95.7	28.04	26.20	89.3	27.82	26.20	91.1	27.51	26.20	93.8
27/06/2018 10:58:10 AM	3612905890	1013.00	27.27	26.20	96.0	28.03	26.20	89.4	27.82	26.20	91.1	27.50	26.20	93.9
27/06/2018 10:58:11 AM	3612905891	1013.00	27.28	26.20	95.9	28.00	26.20	89.6	27.80	26.20	91.3	27.49	26.20	94.0
27/06/2018 10:58:12 AM	3612905892	1013.00	27.29	26.20	95.8	28.03	26.20	89.4	27.83	26.20	91.1	27.51	26.20	93.8
27/06/2018 10:58:13 AM	3612905893	1013.00	27.29	26.20	95.8	28.01	26.20	89.5	27.85	26.20	90.9	27.52	26.20	93.7
27/06/2018 10:58:14 AM	3612905894	1013.00	27.29	26.21	95.8	28.06	26.21	89.1	27.85	26.21	90.9	27.51	26.21	93.8
27/06/2018 10:58:15 AM	3612905895	1013.00	27.27	26.20	96.0	28.03	26.20	89.4	27.83	26.20	91.1	27.52	26.20	93.7
27/06/2018 10:58:16 AM	3612905896	1013.00	27.30	26.20	95.7	28.07	26.20	89.0	27.85	26.20	90.9	27.52	26.20	93.7
27/06/2018 10:58:17 AM	3612905897	1013.00	27.26	26.20	96.1	28.10	26.20	88.8	27.83	26.20	91.1	27.53	26.20	93.7
27/06/2018 10:58:18 AM	3612905898	1013.00	27.28	26.20	95.9	28.03	26.20	89.4	27.85	26.20	90.9	27.52	26.20	93.7
27/06/2018 10:58:19 AM	3612905899	1013.00	27.29	26.20	95.8	28.07	26.20	89.0	27.86	26.20	90.8	27.53	26.20	93.7
27/06/2018 10:58:20 AM	3612905900	1013.00	27.30	26.20	95.7	28.08	26.20	89.0	27.84	26.20	91.0	27.51	26.20	93.8
27/06/2018 10:58:21 AM	3612905901	1013.00	27.30	26.20	95.7	28.08	26.20	89.0	27.86	26.20	90.8	27.54	26.20	93.6
27/06/2018 10:58:22 AM	3612905902	1013.00	27.28	26.20	95.9	28.07	26.20	89.0	27.87	26.20	90.7	27.55	26.20	93.5
27/06/2018 10:58:23 AM	3612905903	1013.00	27.30	26.20	95.7	28.08	26.20	89.0	27.86	26.20	90.8	27.54	26.20	93.6
27/06/2018 10:58:24 AM	3612905904	1013.00	27.28	26.20	95.9	28.00	26.20	89.6	27.89	26.20	90.6	27.54	26.20	93.6
27/06/2018 10:58:25 AM	3612905905	1013.00	27.29	26.19	95.8	28.09	26.19	88.9	27.91	26.19	90.4	27.56	26.19	93.4
27/06/2018 10:58:26 AM	3612905906	1013.00	27.29	26.20	95.8	28.04	26.20	89.3	27.88	26.20	90.6	27.54	26.20	93.6
27/06/2018 10:58:27 AM	3612905907	1013.00	27.30	26.19	95.7	28.10	26.19	88.8	27.88	26.19	90.7	27.56	26.19	93.4
27/06/2018 10:58:28 AM	3612905908	1013.00	27.28	26.19	95.9	28.02	26.19	89.5	27.90	26.19	90.5	27.58	26.19	93.2
27/06/2018 10:58:29 AM	3612905909	1013.00	27.30	26.18	95.7	28.07	26.18	89.1	27.92	26.18	90.3	27.57	26.18	93.3
27/06/2018 10:58:30 AM	3612905910	1013.00	27.26	26.19	96.1	28.09	26.19	88.9	27.91	26.19	90.4	27.57	26.19	93.3
27/06/2018 10:58:31 AM	3612905911	1013.00	27.31	26.18	95.7	28.09	26.18	88.9	27.90	26.18	90.5	27.58	26.18	93.3
27/06/2018 10:58:32 AM	3612905912	1013.00	27.32	26.18	95.6	28.09	26.18	88.9	27.91	26.18	90.4	27.56	26.18	93.4
27/06/2018 10:58:33 AM	3612905913	1013.00	27.31	26.19	95.6	28.10	26.19	88.8	27.89	26.19	90.6	27.57	26.19	93.3
27/06/2018 10:58:34 AM	3612905914	1013.00	27.31	26.19	95.6	28.04	26.19	89.3	27.90	26.19	90.5	27.59	26.19	93.1
27/06/2018 10:58:35 AM	3612905915	1013.00	27.31	26.19	95.6	28.08	26.19	89.0	27.90	26.19	90.5	27.60	26.19	93.1
27/06/2018 10:58:36 AM	3612905916	1013.00	27.32	26.19	95.5	28.04	26.19	89.3	27.90	26.19	90.5	27.59	26.19	93.1
27/06/2018 10:58:37 AM	3612905917	1013.00	27.29	26.19	95.8	28.14	26.19	88.5	27.92	26.19	90.3	27.58	26.19	93.2
27/06/2018 10:58:38 AM	3612905918	1013.00	27.34	26.19	95.4	28.07	26.19	89.1	27.90	26.19	90.5	27.58	26.19	93.2
27/06/2018 10:58:39 AM	3612905919	1013.00	27.33	26.20	95.4	28.09	26.20	88.9	27.91	26.20	90.4	27.60	26.20	93.0
27/06/2018 10:58:40 AM	3612905920	1013.00	27.31	26.19	95.6	28.11	26.19	88.7	27.89	26.19	90.6	27.62	26.19	92.9
27/06/2018 10:58:41 AM	3612905921	1013.00	27.30	26.19	95.7	28.09	26.19	88.9	27.88	26.19	90.7	27.62	26.19	92.9
27/06/2018 10:58:42 AM	3612905922	1013.00	27.30	26.20	95.7	28.08	26.20	89.0	27.89	26.20	90.6	27.60	26.20	93.0
27/06/2018 10:58:43 AM	3612905923	1013.00	27.33	26.19	95.5	28.14	26.19	88.5	27.91	26.19	90.4	27.60	26.19	93.1
27/06/2018 10:58:44 AM	3612905924	1013.00	27.33	26.20	95.4	28.09	26.20	88.9	27.90	26.20	90.5	27.61	26.20	93.0
27/06/2018 10:58:45 AM	3612905925	1013.00	27.34	26.20	95.3	28.13	26.20	88.6	27.90	26.20	90.5	27.63	26.20	92.8
27/06/2018 10:58:46 AM	3612905926	1013.00	27.33	26.20	95.4	28.05	26.20	89.2	27.89	26.20	90.6	27.61	26.20	93.0
27/06/2018 10:58:47 AM	3612905927	1013.00	27.34	26.20	95.3	28.14	26.20	88.5	27.93	26.20	90.2	27.61	26.20	93.0
27/06/2018 10:58:48 AM	3612905928	1013.00	27.34	26.20	95.3	28.13	26.20	88.6	27.94	26.20	90.1	27.61	26.20	93.0
27/06/2018 10:58:49 AM	3612905929	1013.00	27.33	26.20	95.4	28.13	26.20	88.6	27.92	26.20	90.3	27.63	26.20	92.8
27/06/2018 10:58:50 AM	3612905930	1013.00	27.35	26.20	95.3	28.11	26.20	88.7	27.94	26.20	90.1	27.61	26.20	93.0
27/06/2018 10:58:51 AM	3612905931	1013.00	27.34	26.20	95.3	28.12	26.20	88.6	27.93	26.20	90.2	27.65	26.20	92.6
27/06/2018 10:58:52 AM	3612905932	1013.00	27.36	26.20	95.2	28.10	26.20	88.8	27.92	26.20	90.3	27.64	26.20	92.7
27/06/2018 10:58:53 AM	3612905933	1013.00	27.32	26.20	95.5	28.09	26.20	88.9	27.94	26.20	90.1	27.64	26.20	92.7
27/06/2018 10:58:54 AM	3612905934	1013.00	27.35	26.20	95.3	28.11	26.20	88.7	27.96	26.20	90.0	27.62	26.20	92.9
27/06/2018 10:58:55 AM	3612905935	1013.00	27.33	26.20	95.4	28.12	26.20	88.6	27.97	26.20	89.9	27.63	26.20	92.8
27/06/2018 10:58:56 AM	3612905936	1013.00	27.36	26.19	95.2	28.14	26.19	88.5	27.96	26.19	90.0	27.63	26.19	92.8
27/06/2018 10:58:57 AM	3612905937	1013.00	27.36	26.19	95.2	28.15	26.19	88.4	27.95	26.19	90.1	27.63	26.19	92.8
27/06/2018 10:58:58 AM	3612905938	1013.00	27.35	26.19	95.3	28.11	26.19	88.7	27.96	26.19	90.0	27.63	26.19	92.8
27/06/2018 10:58:59 AM	3612905939	1013.00	27.36	26.20	95.2	28.12	26.20	88.6	27.95	26.20	90.0	27.63	26.20	92.8
27/06/2018 10:59:00 AM	3612905940	1013.00	27.32	26.20	95.5	28.11	26.20	88.7	27.94	26.20	90.1	27.65	26.20	92.6
27/06/2018 10:59:01 AM	3612905941	1013.00	27.36	26.21	95.2	28.15	26.21	88.4	27.98	26.21	89.8	27.66	26.21	92.5
27/06/2018 10:59:02 AM	3612905942	1013.00	27.36	26.21	95.2	28.13	26.21	88.5	28.01	26.21	89.5	27.68	26.21	92.3
27/06/2018 10:59:03 AM	3612905943	1013.00	27.35	26.21	95.2	28.13	26.21	88.5	27.97	26.21	89.9	27.65	26.21	92.6
27/06/2018 10:59:04 AM	3612905944	1013.00	27.38	26.20	95.0	28.13	26.20	88.6	27.97	26.20	89.9	27.66	26.20	92.5
27/06/2018 10:59:05 AM	3612905945	1013.00	27.35	26.20	95.3	28.12	26.20	88.6	28.00	26.20	89.6	27.68	26.20	92.3
27/06/2018 10:59:06 AM	3612905946	1013.00	27.39	26.20	94.9	28.11	26.20	88.7	28.00	26.20	89.6	27.66	26.20	92.5
27/06/2018 10:59:07 AM	3612905947	1013.00	27.35	26.20	95.3	28.19	26.20	88.1	27.98	26.20	89.8	27.67	26.20	92.4
27/06/2018 10:59:08 AM	3612905948	1013.00	27.37	26.20	95.1	28.14	26.20	88.5	27.98	26.20	89.8	27.67	26.20	92.4
27/06/2018 10:59:09 AM	3612905949	1013.00	27.40	26.20	94.8	28.14	26.20	88.5	27.99	26.20	89.7	27.68	26.20	92.3
27/06/2018 10:59:10 AM	3612905950	1013.00	27.37	26.20	95.1	28.10	26.20	88.8	28.01	26.20	89.5	27.70	26.20	92.2
27/06/2018 10:59:11 AM	3612905951	1013.00	27.40	26.20	94.8	28.17	26.20	88.2	27.99	26.20	89.7	27.70	26.20	92.2
27/06/2018 10:59:12 AM	3612905952	1013.00	27.39	26.19	94.9	28.13	26.19	88.6	28.02	26.19	89.5	27.69	26.19	92.3
27/06/2018 10:59:13 AM	3612905953	1013.00	27.39	26.19	94.9	28.13	26.19	88.6	27.98	26.19	89.8	27.70	26.19	92.2
27/06/2018 10:59:14 AM	3612905954	1013.00	27.40	26.19	94.8	28.21	26.19	87.9	27.98	26.19	89.8	27.72	26.19	92.0
27/06/2018 10:59:15 AM	3612905955	1013.00	27.42	26.19	94.6	28.12	26.19	88.7	28.03	26.19	89.4	27.70	26.19	92.2
27/06/2018 10:59:16 AM	3612905956	1013.00	27.42	26.20	94.6	28.19	26.20	88.1	27.99	26.20	89.7	27.72	26.20	92.0
27/06/2018 10:59:17 AM	3612905957	1013.00	27.37	26.20	95.1	28.17	26.20	88.2	28.04	26.20	89.3	27.71	26.20	92.1
27/06/2018 10:59:18 AM	3612905958	1013.00	27.40	26.20	94.8	28.13	26.20	88.6	28.01	26.20	89.5	27.71	26.20	92.1
27/06/2018 10:59:19 AM	3612905959	1013.00	27.38	26.20	95.0	28.14	26.20	88.5	28.01	26.20	89.5	27.71	26.20	92.1
27/06/2018 10:59:20 AM	3612905960	1013.00	27.40	26.20	94.8	28.11	26.20	88.7	28.02	26.20	89.5	27.71	26.20	92.1
27/06/2018 10:59:21 AM	3612905961	1013.00	27.44	26.20	94.5	28.12	26.20	88.6	28.01	26.20	89.5	27.71	26.20	92.1
27/06/2018 10:59:22 AM	3612905962	1013.00	27.42	26.20	94.6	28.16	26.20	88.3	28.04	26.20	89.3	27.71	26.20	92.1
27/06/2018 10:59:23 AM	3612905963	1013.00	27.42	26.20	94.6	28.20	26.20	88.0	28.05	26.20	89.2	27.70	26.20	92.2
27/06/2018 10:59:24 AM	3612905964	1013.00	27.43	26.20	94.5	28.19	26.20	88.1	28.02	26.20	89.5	27.72	26.20	92.0
27/06/2018 10:59:25 AM	3612905965	1013.00	27.43	26.20	94.5	28.14	26.20	88.5	28.06	26.20	89.1	27.72	26.20	92.0
27/06/2018 10:59:26 AM	3612905966	1013.00	27.46	26.20	94.3	28.15	26.20	88.4	28.05	26.20	89.2	27.73	26.20	91.9
27/06/2018 10:59:27 AM	3612905967	1013.00	27.43	26.21	94.5	28.15	26.21	88.4	28.06	26.21	89.1	27.73	26.21	91.9
27/06/2018 10:59:28 AM	3612905968	1013.00	27.42	26.21	94.6	28.14	26.21	88.5	28.05	26.21	89.2	27.71	26.21	92.1
27/06/2018 10:59:29 AM	3612905969	1013.00	27.45	26.20	94.4	28.17	26.20	88.2	28.06	26.20	89.1	27.73	26.20	91.9
27/06/2018 10:59:30 AM	3612905970	1013.00	27.45	26.20	94.4	28.20	26.20	88.0	28.05	26.20	89.2	27.72	26.20	92.0
27/06/2018 10:59:31 AM	3612905971	1013.00	27.46	26.20	94.3	28.19	26.20	88.1	28.04	26.20	89.3	27.71	26.20	92.1
27/06/2018 10:59:32 AM	3612905972	1013.00	27.45	26.20	94.4	28.19	26.20	88.1	28.05	26.20	89.2	27.75	26.20	91.7
27/06/2018 10:59:33 AM	3612905973	1013.00	27.48	26.20	94.1	28.15	26.20	88.4	28.06	26.20	89.1	27.74	26.20	91.8
27/06/2018 10:59:34 AM	3612905974	1013.00	27.45	26.20	94.4	28.19	26.20	88.1	28.06	26.20	89.1	27.73	26.20	91.9
27/06/2018 10:59:35 AM	3612905975	1013.00	27.47	26.20	94.2	28.21	26.20	87.9	28.07	26.20	89.0	27.73	26.20	91.9
27/06/2018 10:59:36 AM	3612905976	1013.00	27.43	26.21	94.5	28.21	26.21	87.9	28.11	26.21	88.7	27.74	26.21	91.8
27/06/2018 10:59:37 AM	3612905977	1013.00	27.47	26.20	94.2	28.22	26.20	87.8	28.09	26.20	88.9	27.77	26.20	91.6
27/06/2018 10:59:38 AM	3612905978	1013.00	27.44	26.20	94.5	28.17	26.20	88.2	28.09	26.20	88.9	27.74	26.20	91.8
27/06/2018 10:59:39 AM	3612905979	1013.00	27.46	26.20	94.3	28.27	26.20	87.4	28.08	26.20	89.0	27.75	26.20	91.7
27/06/2018 10:59:40 AM	3612905980	1013.00	27.46	26.20	94.3	28.24	26.20	87.7	28.09	26.20	88.9	27.74	26.20	91.8
27/06/2018 10:59:41 AM	3612905981	1013.00	27.48	26.19	94.1	28.26	26.19	87.5	28.11	26.19	88.7	27.76	26.19	91.7
27/06/2018 10:59:42 AM	3612905982	1013.00	27.48	26.20	94.1	28.27	26.20	87.4	28.11	26.20	88.7	27.72	26.20	92.0
27/06/2018 10:59:43 AM	3612905983	1013.00	27.48	26.20	94.1	28.26	26.20	87.5	28.07	26.20	89.0	27.76	26.20	91.7
27/06/2018 10:59:44 AM	3612905984	1013.00	27.45	26.20	94.4	28.25	26.20	87.6	28.07	26.20	89.0	27.78	26.20	91.5
27/06/2018 10:59:45 AM	3612905985	1013.00	27.51	26.19	93.9	28.29	26.19	87.3	28.09	26.19	88.9	27.77	26.19	91.6
27/06/2018 10:59:46 AM	3612905986	1013.00	27.49	26.19	94.0	28.27	26.19	87.4	28.09	26.19	88.9	27.79	26.19	91.4
27/06/2018 10:59:47 AM	3612905987	1013.00	27.47	26.19	94.2	28.20	26.19	88.0	28.11	26.19	88.7	27.78	26.19	91.5
27/06/2018 10:59:48 AM	3612905988	1013.00	27.46	26.19	94.3	28.27	26.19	87.4	28.12	26.19	88.7	27.76	26.19	91.7
27/06/2018 10:59:49 AM	3612905989	1013.00	27.48	26.19	94.1	28.28	26.19	87.3	28.11	26.19	88.7	27.78	26.19	91.5
27/06/2018 10:59:50 AM	3612905990	1013.00	27.49	26.19	94.0	28.24	26.19	87.7	28.11	26.19	88.7	27.79	26.19	91.4
27/06/2018 10:59:51 AM	3612905991	1013.00	27.51	26.20	93.8	28.25	26.20	87.6	28.10	26.20	88.8	27.78	26.20	91.5
27/06/2018 10:59:52 AM	3612905992	1013.00	27.48	26.20	94.1	28.30	26.20	87.2	28.11	26.20	88.7	27.81	26.20	91.2
27/06/2018 10:59:53 AM	3612905993	1013.00	27.45	26.20	94.4	28.26	26.20	87.5	28.12	26.20	88.6	27.79	26.20	91.4
27/06/2018 10:59:54 AM	3612905994	1013.00	27.52	26.20	93.7	28.31	26.20	87.1	28.12	26.20	88.6	27.81	26.20	91.2
27/06/2018 10:59:55 AM	3612905995	1013.00	27.51	26.20	93.8	28.24	26.20	87.7	28.12	26.20	88.6	27.83	26.20	91.1
27/06/2018 10:59:56 AM	3612905996	1013.00	27.54	26.20	93.6	28.25	26.20	87.6	28.13	26.20	88.6	27.79	26.20	91.4
27/06/2018 10:59:57 AM	3612905997	1013.00	27.52	26.20	93.7	28.27	26.20	87.4	28.09	26.20	88.9	27.82	26.20	91.1
27/06/2018 10:59:58 AM	3612905998	1013.00	27.52	26.20	93.7	28.25	26.20	87.6	28.12	26.20	88.6	27.81	26.20	91.2
27/06/2018 10:59:59 AM	3612905999	1013.00	27.54	26.21	93.6	28.27	26.21	87.4	28.09	26.21	88.9	27.82	26.21	91.1
27/06/2018 11:00:00 AM	3612906000	1013.00	27.52	26.20	93.7	28.30	26.20	87.2	28.13	26.20	88.6	27.81	26.20	91.2
27/06/2018 11:00:01 AM	3612906001	1013.00	27.52	26.20	93.7	28.28	26.20	87.3	28.12	26.20	88.6	27.81	26.20	91.2
27/06/2018 11:00:02 AM	3612906002	1013.00	27.52	26.21	93.7	28.28	26.21	87.3	28.13	26.21	88.5	27.82	26.21	91.1
27/06/2018 11:00:03 AM	3612906003	1013.00	27.54	26.20	93.6	28.30	26.20	87.2	28.15	26.20	88.4	27.83	26.20	91.1
27/06/2018 11:00:04 AM	3612906004	1013.00	27.51	26.21	93.8	28.27	26.21	87.4	28.12	26.21	88.6	27.81	26.21	91.2
27/06/2018 11:00:05 AM	3612906005	1013.00	27.55	26.20	93.5	28.26	26.20	87.5	28.15	26.20	88.4	27.80	26.20	91.3
27/06/2018 11:00:06 AM	3612906006	1013.00	27.55	26.20	93.5	28.30	26.20	87.2	28.14	26.20	88.5	27.82	26.20	91.1
27/06/2018 11:00:07 AM	3612906007	1013.00	27.55	26.20	93.5	28.30	26.20	87.2	28.12	26.20	88.6	27.82	26.20	91.1
27/06/2018 11:00:08 AM	3612906008	1013.00	27.57	26.21	93.3	28.30	26.21	87.2	28.15	26.21	88.4	27.85	26.21	90.9
27/06/2018 11:00:09 AM	3612906009	1013.00	27.53	26.20	93.7	28.36	26.20	86.7	28.13	26.20	88.6	27.85	26.20	90.9
27/06/2018 11:00:10 AM	3612906010	1013.00	27.55	26.21	93.5	28.31	26.21	87.1	28.13	26.21	88.5	27.87	26.21	90.7
27/06/2018 11:00:11 AM	3612906011	1013.00	27.53	26.21	93.6	28.31	26.21	87.1	28.12	26.21	88.6	27.84	26.21	91.0
27/06/2018 11:00:12 AM	3612906012	1013.00	27.55	26.20	93.5	28.34	26.20	86.8	28.17	26.20	88.2	27.83	26.20	91.1
27/06/2018 11:00:13 AM	3612906013	1013.00	27.57	26.20	93.3	28.31	26.20	87.1	28.14	26.20	88.5	27.85	26.20	90.9
27/06/2018 11:00:14 AM	3612906014	1013.00	27.54	26.21	93.6	28.30	26.21	87.2	28.15	26.21	88.4	27.85	26.21	90.9
27/06/2018 11:00:15 AM	3612906015	1013.00	27.57	26.20	93.3	28.30	26.20	87.2	28.15	26.20	88.4	27.86	26.20	90.8
27/06/2018 11:00:16 AM	3612906016	1013.00	27.54	26.20	93.6	28.30	26.20	87.2	28.18	26.20	88.1	27.86	26.20	90.8
27/06/2018 11:00:17 AM	3612906017	1013.00	27.58	26.20	93.2	28.31	26.20	87.1	28.17	26.20	88.2	27.87	26.20	90.7
27/06/2018 11:00:18 AM	3612906018	1013.00	27.58	26.20	93.2	28.38	26.20	86.5	28.16	26.20	88.3	27.85	26.20	90.9
27/06/2018 11:00:19 AM	3612906019	1013.00	27.59	26.20	93.1	28.35	26.20	86.8	28.15	26.20	88.4	27.85	26.20	90.9
27/06/2018 11:00:20 AM	3612906020	1013.00	27.56	26.20	93.4	28.33	26.20	86.9	28.17	26.20	88.2	27.85	26.20	90.9
27/06/2018 11:00:21 AM	3612906021	1013.00	27.57	26.20	93.3	28.34	26.20	86.8	28.16	26.20	88.3	27.84	26.20	91.0
27/06/2018 11:00:22 AM	3612906022	1013.00	27.59	26.20	93.1	28.35	26.20	86.8	28.21	26.20	87.9	27.87	26.20	90.7
