Date & time of file creation	27/06/2018 2:03 PM													
Data file path	C:\Users\ameli\Desktop\Diego Barneche\27_06_2018\32_C_new_witrox_16.txt													
														
														
CALIBRATION DATA														
Parameter/Channel	N moving average	LO phase [r.U.]	HI phase [r.U.]	LO oxygen [%air saturation]	HI oxygen [%air saturation]	LO temperature [°C]	HI temperature [°C]	Salinity [‰]						
SDWD0003000199      , CH 1	1	59.30	26.84	0.00	100.00	26.24	26.19	0.000						
SDWD0003000199      , CH 2	1	59.30	26.84	0.00	100.00	26.24	26.19	0.000						
SDWD0003000199      , CH 3	1	59.30	26.84	0.00	100.00	26.24	26.19	0.000						
SDWD0003000199      , CH 4	1	59.30	26.84	0.00	100.00	26.24	26.19	0.000						
														
														
Date &Time [DD-MM-YYYY HH:MM:SS]	Time stamp code	Barometric pressure [hPa]	SDWD0003000199      , CH 1 phase [r.U.]	SDWD0003000199      , CH 1 temp [°C]	SDWD0003000199      , CH 1 O2 [% air saturation]	SDWD0003000199      , CH 2 phase [r.U.]	SDWD0003000199      , CH 2 temp [°C]	SDWD0003000199      , CH 2 O2 [% air saturation]	SDWD0003000199      , CH 3 phase [r.U.]	SDWD0003000199      , CH 3 temp [°C]	SDWD0003000199      , CH 3 O2 [% air saturation]	SDWD0003000199      , CH 4 phase [r.U.]	SDWD0003000199      , CH 4 temp [°C]	SDWD0003000199      , CH 4 O2 [% air saturation]
27/06/2018 2:05:41 PM	3612917141	1013.00	25.68	31.74	101.9	25.77	31.74	101.0	25.72	31.74	101.5	25.90	31.74	99.7
27/06/2018 2:05:42 PM	3612917142	1013.00	25.71	31.74	101.6	25.72	31.74	101.5	25.69	31.74	101.8	25.92	31.74	99.5
27/06/2018 2:05:43 PM	3612917143	1013.00	25.68	31.75	101.9	25.74	31.75	101.3	25.70	31.75	101.7	25.89	31.75	99.8
27/06/2018 2:05:44 PM	3612917144	1013.00	25.68	31.75	101.9	25.74	31.75	101.3	25.71	31.75	101.6	25.90	31.75	99.7
27/06/2018 2:05:45 PM	3612917145	1013.00	25.65	31.75	102.2	25.76	31.75	101.1	25.75	31.75	101.2	25.90	31.75	99.7
27/06/2018 2:05:46 PM	3612917146	1013.00	25.66	31.75	102.1	25.75	31.75	101.2	25.71	31.75	101.6	25.93	31.75	99.4
27/06/2018 2:05:47 PM	3612917147	1013.00	25.69	31.75	101.8	25.75	31.75	101.2	25.72	31.75	101.5	25.93	31.75	99.4
27/06/2018 2:05:48 PM	3612917148	1013.00	25.70	31.75	101.7	25.69	31.75	101.8	25.75	31.75	101.2	25.93	31.75	99.4
27/06/2018 2:05:49 PM	3612917149	1013.00	25.68	31.74	101.9	25.76	31.74	101.1	25.72	31.74	101.5	25.91	31.74	99.6
27/06/2018 2:05:50 PM	3612917150	1013.00	25.67	31.74	102.0	25.73	31.74	101.4	25.69	31.74	101.8	25.92	31.74	99.5
27/06/2018 2:05:51 PM	3612917151	1013.00	25.70	31.74	101.7	25.71	31.74	101.6	25.73	31.74	101.4	25.90	31.74	99.7
27/06/2018 2:05:52 PM	3612917152	1013.00	25.67	31.75	102.0	25.77	31.75	101.0	25.71	31.75	101.6	25.92	31.75	99.5
27/06/2018 2:05:53 PM	3612917153	1013.00	25.65	31.75	102.2	25.80	31.75	100.7	25.70	31.75	101.7	25.92	31.75	99.5
27/06/2018 2:05:54 PM	3612917154	1013.00	25.64	31.75	102.3	25.73	31.75	101.4	25.75	31.75	101.2	25.95	31.75	99.2
27/06/2018 2:05:55 PM	3612917155	1013.00	25.71	31.75	101.6	25.69	31.75	101.8	25.75	31.75	101.2	25.96	31.75	99.1
27/06/2018 2:05:56 PM	3612917156	1013.00	25.68	31.74	101.9	25.75	31.74	101.2	25.72	31.74	101.5	25.92	31.74	99.5
27/06/2018 2:05:57 PM	3612917157	1013.00	25.68	31.74	101.9	25.79	31.74	100.8	25.71	31.74	101.6	25.94	31.74	99.3
27/06/2018 2:05:58 PM	3612917158	1013.00	25.67	31.75	102.0	25.80	31.75	100.7	25.74	31.75	101.3	25.95	31.75	99.2
27/06/2018 2:05:59 PM	3612917159	1013.00	25.68	31.75	101.9	25.75	31.75	101.2	25.73	31.75	101.4	25.93	31.75	99.4
27/06/2018 2:06:00 PM	3612917160	1013.00	25.71	31.75	101.6	25.74	31.75	101.3	25.74	31.75	101.3	25.94	31.75	99.3
27/06/2018 2:06:01 PM	3612917161	1013.00	25.69	31.75	101.8	25.74	31.75	101.3	25.73	31.75	101.4	25.94	31.75	99.3
27/06/2018 2:06:02 PM	3612917162	1013.00	25.69	31.74	101.8	25.80	31.74	100.7	25.74	31.74	101.3	25.96	31.74	99.1
27/06/2018 2:06:03 PM	3612917163	1013.00	25.67	31.74	102.0	25.77	31.74	101.0	25.77	31.74	101.0	25.96	31.74	99.1
27/06/2018 2:06:04 PM	3612917164	1013.00	25.69	31.75	101.8	25.75	31.75	101.2	25.76	31.75	101.1	25.93	31.75	99.4
27/06/2018 2:06:05 PM	3612917165	1013.00	25.70	31.74	101.7	25.73	31.74	101.4	25.74	31.74	101.3	25.95	31.74	99.2
27/06/2018 2:06:06 PM	3612917166	1013.00	25.69	31.75	101.8	25.79	31.75	100.8	25.74	31.75	101.3	25.98	31.75	98.9
27/06/2018 2:06:07 PM	3612917167	1013.00	25.69	31.75	101.8	25.76	31.75	101.1	25.77	31.75	101.0	25.95	31.75	99.2
27/06/2018 2:06:08 PM	3612917168	1013.00	25.68	31.75	101.9	25.79	31.75	100.8	25.73	31.75	101.4	25.96	31.75	99.1
27/06/2018 2:06:09 PM	3612917169	1013.00	25.68	31.75	101.9	25.77	31.75	101.0	25.74	31.75	101.3	25.98	31.75	98.9
27/06/2018 2:06:10 PM	3612917170	1013.00	25.67	31.76	102.0	25.80	31.76	100.7	25.75	31.76	101.2	25.97	31.76	99.0
27/06/2018 2:06:11 PM	3612917171	1013.00	25.68	31.75	101.9	25.80	31.75	100.7	25.74	31.75	101.3	25.99	31.75	98.8
27/06/2018 2:06:12 PM	3612917172	1013.00	25.72	31.75	101.5	25.80	31.75	100.7	25.75	31.75	101.2	25.97	31.75	99.0
27/06/2018 2:06:13 PM	3612917173	1013.00	25.71	31.75	101.6	25.80	31.75	100.7	25.77	31.75	101.0	25.99	31.75	98.8
27/06/2018 2:06:14 PM	3612917174	1013.00	25.72	31.75	101.5	25.81	31.75	100.6	25.74	31.75	101.3	25.93	31.75	99.4
27/06/2018 2:06:15 PM	3612917175	1013.00	25.70	31.75	101.7	25.78	31.75	100.9	25.74	31.75	101.3	25.97	31.75	99.0
27/06/2018 2:06:16 PM	3612917176	1013.00	25.66	31.75	102.1	25.80	31.75	100.7	25.76	31.75	101.1	26.01	31.75	98.6
27/06/2018 2:06:17 PM	3612917177	1013.00	25.65	31.75	102.2	25.78	31.75	100.9	25.75	31.75	101.2	25.98	31.75	98.9
27/06/2018 2:06:18 PM	3612917178	1013.00	25.71	31.75	101.6	25.83	31.75	100.4	25.76	31.75	101.1	26.00	31.75	98.7
27/06/2018 2:06:19 PM	3612917179	1013.00	25.69	31.75	101.8	25.83	31.75	100.4	25.80	31.75	100.7	26.02	31.75	98.5
27/06/2018 2:06:20 PM	3612917180	1013.00	25.72	31.75	101.5	25.84	31.75	100.3	25.79	31.75	100.8	25.98	31.75	98.9
27/06/2018 2:06:21 PM	3612917181	1013.00	25.70	31.75	101.7	25.81	31.75	100.6	25.76	31.75	101.1	25.97	31.75	99.0
27/06/2018 2:06:22 PM	3612917182	1013.00	25.71	31.76	101.6	25.79	31.76	100.8	25.79	31.76	100.8	26.02	31.76	98.5
27/06/2018 2:06:23 PM	3612917183	1013.00	25.71	31.75	101.6	25.76	31.75	101.1	25.79	31.75	100.8	26.03	31.75	98.4
27/06/2018 2:06:24 PM	3612917184	1013.00	25.68	31.75	101.9	25.81	31.75	100.6	25.77	31.75	101.0	26.02	31.75	98.5
27/06/2018 2:06:25 PM	3612917185	1013.00	25.70	31.75	101.7	25.78	31.75	100.9	25.78	31.75	100.9	26.05	31.75	98.3
27/06/2018 2:06:26 PM	3612917186	1013.00	25.69	31.75	101.8	25.84	31.75	100.3	25.78	31.75	100.9	26.06	31.75	98.2
27/06/2018 2:06:27 PM	3612917187	1013.00	25.70	31.75	101.7	25.80	31.75	100.7	25.79	31.75	100.8	26.06	31.75	98.2
27/06/2018 2:06:28 PM	3612917188	1013.00	25.69	31.75	101.8	25.79	31.75	100.8	25.80	31.75	100.7	26.05	31.75	98.3
27/06/2018 2:06:29 PM	3612917189	1013.00	25.72	31.75	101.5	25.79	31.75	100.8	25.80	31.75	100.7	26.05	31.75	98.3
27/06/2018 2:06:30 PM	3612917190	1013.00	25.67	31.76	102.0	25.90	31.76	99.7	25.83	31.76	100.4	26.06	31.76	98.1
27/06/2018 2:06:31 PM	3612917191	1013.00	25.73	31.76	101.4	25.86	31.76	100.1	25.77	31.76	101.0	26.05	31.76	98.2
27/06/2018 2:06:32 PM	3612917192	1013.00	25.70	31.76	101.7	25.82	31.76	100.5	25.81	31.76	100.6	26.07	31.76	98.0
27/06/2018 2:06:33 PM	3612917193	1013.00	25.70	31.75	101.7	25.84	31.75	100.3	25.81	31.75	100.6	26.11	31.75	97.7
27/06/2018 2:06:34 PM	3612917194	1013.00	25.69	31.76	101.8	25.82	31.76	100.5	25.82	31.76	100.5	26.08	31.76	98.0
27/06/2018 2:06:35 PM	3612917195	1013.00	25.72	31.76	101.5	25.83	31.76	100.4	25.81	31.76	100.6	26.08	31.76	98.0
27/06/2018 2:06:36 PM	3612917196	1013.00	25.70	31.76	101.7	25.81	31.76	100.6	25.81	31.76	100.6	26.09	31.76	97.9
27/06/2018 2:06:37 PM	3612917197	1013.00	25.70	31.76	101.7	25.85	31.76	100.2	25.84	31.76	100.3	26.07	31.76	98.0
27/06/2018 2:06:38 PM	3612917198	1013.00	25.69	31.77	101.7	25.86	31.77	100.1	25.82	31.77	100.5	26.08	31.77	97.9
27/06/2018 2:06:39 PM	3612917199	1013.00	25.73	31.76	101.4	25.84	31.76	100.3	25.84	31.76	100.3	26.08	31.76	98.0
27/06/2018 2:06:40 PM	3612917200	1013.00	25.73	31.76	101.4	25.85	31.76	100.2	25.83	31.76	100.4	26.08	31.76	98.0
27/06/2018 2:06:41 PM	3612917201	1013.00	25.73	31.76	101.4	25.88	31.76	99.9	25.85	31.76	100.2	26.09	31.76	97.9
27/06/2018 2:06:42 PM	3612917202	1013.00	25.72	31.76	101.5	25.87	31.76	100.0	25.85	31.76	100.2	26.12	31.76	97.6
27/06/2018 2:06:43 PM	3612917203	1013.00	25.72	31.76	101.5	25.90	31.76	99.7	25.86	31.76	100.1	26.13	31.76	97.5
27/06/2018 2:06:44 PM	3612917204	1013.00	25.70	31.76	101.7	25.83	31.76	100.4	25.84	31.76	100.3	26.11	31.76	97.7
27/06/2018 2:06:45 PM	3612917205	1013.00	25.69	31.76	101.8	25.88	31.76	99.9	25.83	31.76	100.4	26.11	31.76	97.7
27/06/2018 2:06:46 PM	3612917206	1013.00	25.74	31.76	101.3	25.86	31.76	100.1	25.86	31.76	100.1	26.13	31.76	97.5
27/06/2018 2:06:47 PM	3612917207	1013.00	25.70	31.76	101.7	25.84	31.76	100.3	25.86	31.76	100.1	26.11	31.76	97.7
27/06/2018 2:06:48 PM	3612917208	1013.00	25.68	31.76	101.9	25.84	31.76	100.3	25.87	31.76	100.0	26.10	31.76	97.8
27/06/2018 2:06:49 PM	3612917209	1013.00	25.72	31.76	101.5	25.87	31.76	100.0	25.85	31.76	100.2	26.13	31.76	97.5
27/06/2018 2:06:50 PM	3612917210	1013.00	25.76	31.76	101.1	25.87	31.76	100.0	25.87	31.76	100.0	26.14	31.76	97.4
27/06/2018 2:06:51 PM	3612917211	1013.00	25.72	31.75	101.5	25.87	31.75	100.0	25.84	31.75	100.3	26.11	31.75	97.7
27/06/2018 2:06:52 PM	3612917212	1013.00	25.71	31.75	101.6	25.86	31.75	100.1	25.89	31.75	99.8	26.14	31.75	97.4
27/06/2018 2:06:53 PM	3612917213	1013.00	25.70	31.75	101.7	25.89	31.75	99.8	25.86	31.75	100.1	26.15	31.75	97.3
27/06/2018 2:06:54 PM	3612917214	1013.00	25.74	31.75	101.3	25.86	31.75	100.1	25.84	31.75	100.3	26.16	31.75	97.2
27/06/2018 2:06:55 PM	3612917215	1013.00	25.69	31.75	101.8	25.84	31.75	100.3	25.86	31.75	100.1	26.12	31.75	97.6
27/06/2018 2:06:56 PM	3612917216	1013.00	25.73	31.75	101.4	25.89	31.75	99.8	25.91	31.75	99.6	26.13	31.75	97.5
27/06/2018 2:06:57 PM	3612917217	1013.00	25.68	31.76	101.9	25.83	31.76	100.4	25.89	31.76	99.8	26.15	31.76	97.3
27/06/2018 2:06:58 PM	3612917218	1013.00	25.71	31.76	101.6	25.87	31.76	100.0	25.87	31.76	100.0	26.14	31.76	97.4
27/06/2018 2:06:59 PM	3612917219	1013.00	25.72	31.76	101.5	25.88	31.76	99.9	25.85	31.76	100.2	26.13	31.76	97.5
27/06/2018 2:07:00 PM	3612917220	1013.00	25.75	31.76	101.2	25.92	31.76	99.5	25.87	31.76	100.0	26.14	31.76	97.4
27/06/2018 2:07:01 PM	3612917221	1013.00	25.73	31.76	101.4	25.94	31.76	99.3	25.86	31.76	100.1	26.16	31.76	97.2
27/06/2018 2:07:02 PM	3612917222	1013.00	25.73	31.76	101.4	25.91	31.76	99.6	25.84	31.76	100.3	26.20	31.76	96.8
27/06/2018 2:07:03 PM	3612917223	1013.00	25.72	31.76	101.5	25.90	31.76	99.7	25.89	31.76	99.8	26.17	31.76	97.1
27/06/2018 2:07:04 PM	3612917224	1013.00	25.74	31.76	101.3	25.93	31.76	99.4	25.88	31.76	99.9	26.17	31.76	97.1
27/06/2018 2:07:05 PM	3612917225	1013.00	25.71	31.76	101.6	25.90	31.76	99.7	25.88	31.76	99.9	26.15	31.76	97.3
27/06/2018 2:07:06 PM	3612917226	1013.00	25.71	31.76	101.6	25.88	31.76	99.9	25.90	31.76	99.7	26.16	31.76	97.2
27/06/2018 2:07:07 PM	3612917227	1013.00	25.71	31.77	101.5	25.91	31.77	99.6	25.90	31.77	99.7	26.16	31.77	97.2
27/06/2018 2:07:08 PM	3612917228	1013.00	25.71	31.77	101.5	25.88	31.77	99.9	25.88	31.77	99.9	26.21	31.77	96.7
27/06/2018 2:07:09 PM	3612917229	1013.00	25.75	31.77	101.1	25.91	31.77	99.6	25.88	31.77	99.9	26.19	31.77	96.9
27/06/2018 2:07:10 PM	3612917230	1013.00	25.75	31.77	101.1	25.86	31.77	100.1	25.89	31.77	99.8	26.20	31.77	96.8
27/06/2018 2:07:11 PM	3612917231	1013.00	25.74	31.77	101.2	25.96	31.77	99.1	25.86	31.77	100.1	26.21	31.77	96.7
27/06/2018 2:07:12 PM	3612917232	1013.00	25.75	31.77	101.1	25.93	31.77	99.4	25.93	31.77	99.4	26.19	31.77	96.9
27/06/2018 2:07:13 PM	3612917233	1013.00	25.72	31.77	101.4	25.91	31.77	99.6	25.90	31.77	99.7	26.20	31.77	96.8
27/06/2018 2:07:14 PM	3612917234	1013.00	25.70	31.78	101.6	25.92	31.78	99.5	25.94	31.78	99.3	26.24	31.78	96.4
27/06/2018 2:07:15 PM	3612917235	1013.00	25.72	31.78	101.4	25.95	31.78	99.2	25.92	31.78	99.5	26.24	31.78	96.4
27/06/2018 2:07:16 PM	3612917236	1013.00	25.74	31.77	101.2	25.91	31.77	99.6	25.93	31.77	99.4	26.20	31.77	96.8
27/06/2018 2:07:17 PM	3612917237	1013.00	25.72	31.78	101.4	25.92	31.78	99.5	25.93	31.78	99.4	26.20	31.78	96.8
27/06/2018 2:07:18 PM	3612917238	1013.00	25.72	31.77	101.4	25.96	31.77	99.1	25.93	31.77	99.4	26.24	31.77	96.4
27/06/2018 2:07:19 PM	3612917239	1013.00	25.71	31.77	101.5	25.97	31.77	99.0	25.93	31.77	99.4	26.21	31.77	96.7
27/06/2018 2:07:20 PM	3612917240	1013.00	25.74	31.77	101.2	25.96	31.77	99.1	25.91	31.77	99.6	26.22	31.77	96.6
27/06/2018 2:07:21 PM	3612917241	1013.00	25.72	31.77	101.4	25.99	31.77	98.8	25.92	31.77	99.5	26.22	31.77	96.6
27/06/2018 2:07:22 PM	3612917242	1013.00	25.74	31.77	101.2	25.98	31.77	98.9	25.95	31.77	99.2	26.24	31.77	96.4
27/06/2018 2:07:23 PM	3612917243	1013.00	25.72	31.77	101.4	25.93	31.77	99.4	25.95	31.77	99.2	26.21	31.77	96.7
27/06/2018 2:07:24 PM	3612917244	1013.00	25.74	31.76	101.3	25.97	31.76	99.0	25.98	31.76	98.9	26.24	31.76	96.4
27/06/2018 2:07:25 PM	3612917245	1013.00	25.72	31.76	101.5	25.94	31.76	99.3	25.96	31.76	99.1	26.28	31.76	96.1
27/06/2018 2:07:26 PM	3612917246	1013.00	25.73	31.76	101.4	26.01	31.76	98.6	25.98	31.76	98.9	26.27	31.76	96.2
27/06/2018 2:07:27 PM	3612917247	1013.00	25.74	31.77	101.2	25.97	31.77	99.0	25.97	31.77	99.0	26.23	31.77	96.5
27/06/2018 2:07:28 PM	3612917248	1013.00	25.75	31.76	101.2	26.00	31.76	98.7	25.99	31.76	98.8	26.27	31.76	96.2
27/06/2018 2:07:29 PM	3612917249	1013.00	25.74	31.77	101.2	25.98	31.77	98.9	25.97	31.77	99.0	26.26	31.77	96.2
27/06/2018 2:07:30 PM	3612917250	1013.00	25.74	31.77	101.2	25.95	31.77	99.2	25.98	31.77	98.9	26.28	31.77	96.1
27/06/2018 2:07:31 PM	3612917251	1013.00	25.72	31.77	101.4	25.95	31.77	99.2	26.00	31.77	98.7	26.29	31.77	96.0
27/06/2018 2:07:32 PM	3612917252	1013.00	25.73	31.77	101.3	25.97	31.77	99.0	25.97	31.77	99.0	26.26	31.77	96.2
27/06/2018 2:07:33 PM	3612917253	1013.00	25.69	31.78	101.7	26.02	31.78	98.5	26.01	31.78	98.6	26.29	31.78	95.9
27/06/2018 2:07:34 PM	3612917254	1013.00	25.73	31.78	101.3	25.97	31.78	99.0	25.95	31.78	99.2	26.27	31.78	96.1
27/06/2018 2:07:35 PM	3612917255	1013.00	25.73	31.78	101.3	26.00	31.78	98.7	26.01	31.78	98.6	26.29	31.78	95.9
27/06/2018 2:07:36 PM	3612917256	1013.00	25.74	31.77	101.2	25.96	31.77	99.1	25.99	31.77	98.8	26.30	31.77	95.9
27/06/2018 2:07:37 PM	3612917257	1013.00	25.76	31.77	101.0	25.97	31.77	99.0	25.97	31.77	99.0	26.31	31.77	95.8
27/06/2018 2:07:38 PM	3612917258	1013.00	25.76	31.77	101.0	25.98	31.77	98.9	26.00	31.77	98.7	26.30	31.77	95.9
27/06/2018 2:07:39 PM	3612917259	1013.00	25.75	31.77	101.1	25.99	31.77	98.8	26.00	31.77	98.7	26.35	31.77	95.4
27/06/2018 2:07:40 PM	3612917260	1013.00	25.71	31.77	101.5	25.98	31.77	98.9	25.99	31.77	98.8	26.30	31.77	95.9
27/06/2018 2:07:41 PM	3612917261	1013.00	25.73	31.77	101.3	25.99	31.77	98.8	26.01	31.77	98.6	26.31	31.77	95.8
27/06/2018 2:07:42 PM	3612917262	1013.00	25.77	31.76	101.0	26.01	31.76	98.6	26.03	31.76	98.4	26.34	31.76	95.5
27/06/2018 2:07:43 PM	3612917263	1013.00	25.75	31.77	101.1	25.99	31.77	98.8	26.00	31.77	98.7	26.35	31.77	95.4
27/06/2018 2:07:44 PM	3612917264	1013.00	25.79	31.77	100.7	25.97	31.77	99.0	26.01	31.77	98.6	26.34	31.77	95.5
27/06/2018 2:07:45 PM	3612917265	1013.00	25.71	31.77	101.5	26.04	31.77	98.3	26.03	31.77	98.4	26.35	31.77	95.4
27/06/2018 2:07:46 PM	3612917266	1013.00	25.72	31.76	101.5	26.02	31.76	98.5	25.99	31.76	98.8	26.35	31.76	95.4
27/06/2018 2:07:47 PM	3612917267	1013.00	25.75	31.77	101.1	25.98	31.77	98.9	26.00	31.77	98.7	26.36	31.77	95.3
27/06/2018 2:07:48 PM	3612917268	1013.00	25.75	31.77	101.1	25.97	31.77	99.0	26.02	31.77	98.5	26.36	31.77	95.3
27/06/2018 2:07:49 PM	3612917269	1013.00	25.74	31.77	101.2	26.01	31.77	98.6	26.02	31.77	98.5	26.36	31.77	95.3
27/06/2018 2:07:50 PM	3612917270	1013.00	25.78	31.77	100.8	26.04	31.77	98.3	26.01	31.77	98.6	26.38	31.77	95.1
27/06/2018 2:07:51 PM	3612917271	1013.00	25.75	31.77	101.1	26.00	31.77	98.7	26.00	31.77	98.7	26.37	31.77	95.2
27/06/2018 2:07:52 PM	3612917272	1013.00	25.77	31.77	100.9	25.98	31.77	98.9	26.04	31.77	98.3	26.37	31.77	95.2
27/06/2018 2:07:53 PM	3612917273	1013.00	25.75	31.77	101.1	26.08	31.77	97.9	26.03	31.77	98.4	26.41	31.77	94.9
27/06/2018 2:07:54 PM	3612917274	1013.00	25.76	31.77	101.0	26.07	31.77	98.0	26.01	31.77	98.6	26.39	31.77	95.0
27/06/2018 2:07:55 PM	3612917275	1013.00	25.75	31.77	101.1	26.05	31.77	98.2	26.02	31.77	98.5	26.38	31.77	95.1
27/06/2018 2:07:56 PM	3612917276	1013.00	25.74	31.76	101.3	26.05	31.76	98.2	26.02	31.76	98.5	26.41	31.76	94.9
27/06/2018 2:07:57 PM	3612917277	1013.00	25.73	31.77	101.3	26.02	31.77	98.5	26.03	31.77	98.4	26.42	31.77	94.8
27/06/2018 2:07:58 PM	3612917278	1013.00	25.76	31.77	101.0	26.02	31.77	98.5	26.03	31.77	98.4	26.43	31.77	94.7
27/06/2018 2:07:59 PM	3612917279	1013.00	25.75	31.76	101.2	26.06	31.76	98.1	26.04	31.76	98.3	26.41	31.76	94.9
27/06/2018 2:08:00 PM	3612917280	1013.00	25.76	31.77	101.0	26.05	31.77	98.2	26.04	31.77	98.3	26.40	31.77	94.9
27/06/2018 2:08:01 PM	3612917281	1013.00	25.78	31.78	100.8	26.06	31.78	98.1	26.04	31.78	98.3	26.43	31.78	94.7
27/06/2018 2:08:02 PM	3612917282	1013.00	25.75	31.78	101.1	26.05	31.78	98.2	26.04	31.78	98.3	26.42	31.78	94.7
27/06/2018 2:08:03 PM	3612917283	1013.00	25.71	31.79	101.5	26.05	31.79	98.2	26.02	31.79	98.5	26.43	31.79	94.6
27/06/2018 2:08:04 PM	3612917284	1013.00	25.74	31.78	101.2	26.08	31.78	97.9	26.06	31.78	98.1	26.46	31.78	94.4
27/06/2018 2:08:05 PM	3612917285	1013.00	25.75	31.78	101.1	26.04	31.78	98.3	26.07	31.78	98.0	26.44	31.78	94.6
27/06/2018 2:08:06 PM	3612917286	1013.00	25.74	31.78	101.2	26.05	31.78	98.2	26.06	31.78	98.1	26.43	31.78	94.7
27/06/2018 2:08:07 PM	3612917287	1013.00	25.77	31.78	100.9	26.07	31.78	98.0	26.07	31.78	98.0	26.40	31.78	94.9
27/06/2018 2:08:08 PM	3612917288	1013.00	25.72	31.77	101.4	26.06	31.77	98.1	26.07	31.77	98.0	26.46	31.77	94.4
27/06/2018 2:08:09 PM	3612917289	1013.00	25.75	31.78	101.1	26.06	31.78	98.1	26.05	31.78	98.2	26.43	31.78	94.7
27/06/2018 2:08:10 PM	3612917290	1013.00	25.74	31.78	101.2	26.06	31.78	98.1	26.05	31.78	98.2	26.42	31.78	94.7
27/06/2018 2:08:11 PM	3612917291	1013.00	25.73	31.78	101.3	26.05	31.78	98.2	26.07	31.78	98.0	26.45	31.78	94.5
27/06/2018 2:08:12 PM	3612917292	1013.00	25.79	31.78	100.7	26.08	31.78	97.9	26.05	31.78	98.2	26.44	31.78	94.6
27/06/2018 2:08:13 PM	3612917293	1013.00	25.72	31.78	101.4	26.08	31.78	97.9	26.07	31.78	98.0	26.46	31.78	94.4
27/06/2018 2:08:14 PM	3612917294	1013.00	25.77	31.77	100.9	26.06	31.77	98.1	26.05	31.77	98.2	26.45	31.77	94.5
27/06/2018 2:08:15 PM	3612917295	1013.00	25.76	31.77	101.0	26.06	31.77	98.1	26.08	31.77	97.9	26.48	31.77	94.2
27/06/2018 2:08:16 PM	3612917296	1013.00	25.77	31.77	100.9	26.06	31.77	98.1	26.06	31.77	98.1	26.48	31.77	94.2
27/06/2018 2:08:17 PM	3612917297	1013.00	25.78	31.77	100.8	26.10	31.77	97.7	26.05	31.77	98.2	26.46	31.77	94.4
27/06/2018 2:08:18 PM	3612917298	1013.00	25.74	31.78	101.2	26.11	31.78	97.6	26.06	31.78	98.1	26.46	31.78	94.4
27/06/2018 2:08:19 PM	3612917299	1013.00	25.77	31.78	100.9	26.13	31.78	97.4	26.08	31.78	97.9	26.48	31.78	94.2
27/06/2018 2:08:20 PM	3612917300	1013.00	25.74	31.78	101.2	26.11	31.78	97.6	26.09	31.78	97.8	26.47	31.78	94.3
27/06/2018 2:08:21 PM	3612917301	1013.00	25.73	31.78	101.3	26.09	31.78	97.8	26.06	31.78	98.1	26.49	31.78	94.1
27/06/2018 2:08:22 PM	3612917302	1013.00	25.74	31.78	101.2	26.12	31.78	97.5	26.09	31.78	97.8	26.50	31.78	94.0
27/06/2018 2:08:23 PM	3612917303	1013.00	25.77	31.78	100.9	26.12	31.78	97.5	26.08	31.78	97.9	26.47	31.78	94.3
27/06/2018 2:08:24 PM	3612917304	1013.00	25.77	31.78	100.9	26.08	31.78	97.9	26.07	31.78	98.0	26.52	31.78	93.8
27/06/2018 2:08:25 PM	3612917305	1013.00	25.80	31.78	100.6	26.08	31.78	97.9	26.09	31.78	97.8	26.49	31.78	94.1
27/06/2018 2:08:26 PM	3612917306	1013.00	25.73	31.78	101.3	26.03	31.78	98.4	26.07	31.78	98.0	26.45	31.78	94.5
27/06/2018 2:08:27 PM	3612917307	1013.00	25.78	31.78	100.8	26.09	31.78	97.8	26.09	31.78	97.8	26.52	31.78	93.8
27/06/2018 2:08:28 PM	3612917308	1013.00	25.77	31.78	100.9	26.12	31.78	97.5	26.10	31.78	97.7	26.51	31.78	93.9
27/06/2018 2:08:29 PM	3612917309	1013.00	25.77	31.78	100.9	26.09	31.78	97.8	26.08	31.78	97.9	26.52	31.78	93.8
27/06/2018 2:08:30 PM	3612917310	1013.00	25.73	31.78	101.3	26.10	31.78	97.7	26.11	31.78	97.6	26.50	31.78	94.0
27/06/2018 2:08:31 PM	3612917311	1013.00	25.77	31.78	100.9	26.13	31.78	97.4	26.10	31.78	97.7	26.50	31.78	94.0
27/06/2018 2:08:32 PM	3612917312	1013.00	25.77	31.78	100.9	26.07	31.78	98.0	26.12	31.78	97.5	26.50	31.78	94.0
27/06/2018 2:08:33 PM	3612917313	1013.00	25.77	31.78	100.9	26.11	31.78	97.6	26.10	31.78	97.7	26.51	31.78	93.9
27/06/2018 2:08:34 PM	3612917314	1013.00	25.77	31.78	100.9	26.07	31.78	98.0	26.14	31.78	97.3	26.53	31.78	93.7
27/06/2018 2:08:35 PM	3612917315	1013.00	25.80	31.78	100.6	26.13	31.78	97.4	26.10	31.78	97.7	26.54	31.78	93.7
27/06/2018 2:08:36 PM	3612917316	1013.00	25.78	31.78	100.8	26.12	31.78	97.5	26.09	31.78	97.8	26.53	31.78	93.7
27/06/2018 2:08:37 PM	3612917317	1013.00	25.76	31.78	101.0	26.10	31.78	97.7	26.12	31.78	97.5	26.53	31.78	93.7
27/06/2018 2:08:38 PM	3612917318	1013.00	25.80	31.78	100.6	26.11	31.78	97.6	26.13	31.78	97.4	26.53	31.78	93.7
27/06/2018 2:08:39 PM	3612917319	1013.00	25.77	31.78	100.9	26.11	31.78	97.6	26.13	31.78	97.4	26.53	31.78	93.7
27/06/2018 2:08:40 PM	3612917320	1013.00	25.75	31.78	101.1	26.17	31.78	97.1	26.14	31.78	97.3	26.54	31.78	93.7
27/06/2018 2:08:41 PM	3612917321	1013.00	25.78	31.78	100.8	26.12	31.78	97.5	26.14	31.78	97.3	26.51	31.78	93.9
27/06/2018 2:08:42 PM	3612917322	1013.00	25.75	31.78	101.1	26.15	31.78	97.3	26.08	31.78	97.9	26.54	31.78	93.7
27/06/2018 2:08:43 PM	3612917323	1013.00	25.79	31.78	100.7	26.15	31.78	97.3	26.14	31.78	97.3	26.55	31.78	93.6
27/06/2018 2:08:44 PM	3612917324	1013.00	25.78	31.77	100.8	26.16	31.77	97.2	26.12	31.77	97.6	26.56	31.77	93.5
27/06/2018 2:08:45 PM	3612917325	1013.00	25.79	31.77	100.7	26.15	31.77	97.3	26.12	31.77	97.6	26.54	31.77	93.7
27/06/2018 2:08:46 PM	3612917326	1013.00	25.77	31.78	100.9	26.14	31.78	97.3	26.11	31.78	97.6	26.56	31.78	93.5
27/06/2018 2:08:47 PM	3612917327	1013.00	25.76	31.78	101.0	26.11	31.78	97.6	26.12	31.78	97.5	26.57	31.78	93.4
27/06/2018 2:08:48 PM	3612917328	1013.00	25.77	31.78	100.9	26.13	31.78	97.4	26.11	31.78	97.6	26.56	31.78	93.5
27/06/2018 2:08:49 PM	3612917329	1013.00	25.77	31.78	100.9	26.16	31.78	97.2	26.14	31.78	97.3	26.55	31.78	93.6
27/06/2018 2:08:50 PM	3612917330	1013.00	25.80	31.78	100.6	26.15	31.78	97.3	26.13	31.78	97.4	26.58	31.78	93.3
27/06/2018 2:08:51 PM	3612917331	1013.00	25.80	31.77	100.6	26.10	31.77	97.7	26.11	31.77	97.7	26.57	31.77	93.4
27/06/2018 2:08:52 PM	3612917332	1013.00	25.79	31.78	100.7	26.12	31.78	97.5	26.12	31.78	97.5	26.56	31.78	93.5
27/06/2018 2:08:53 PM	3612917333	1013.00	25.81	31.77	100.6	26.20	31.77	96.8	26.15	31.77	97.3	26.57	31.77	93.4
27/06/2018 2:08:54 PM	3612917334	1013.00	25.81	31.78	100.5	26.15	31.78	97.3	26.10	31.78	97.7	26.57	31.78	93.4
27/06/2018 2:08:55 PM	3612917335	1013.00	25.80	31.77	100.6	26.12	31.77	97.6	26.16	31.77	97.2	26.59	31.77	93.2
27/06/2018 2:08:56 PM	3612917336	1013.00	25.79	31.77	100.7	26.12	31.77	97.6	26.12	31.77	97.6	26.54	31.77	93.7
27/06/2018 2:08:57 PM	3612917337	1013.00	25.79	31.77	100.7	26.13	31.77	97.5	26.11	31.77	97.7	26.58	31.77	93.3
27/06/2018 2:08:58 PM	3612917338	1013.00	25.79	31.78	100.7	26.18	31.78	97.0	26.13	31.78	97.4	26.61	31.78	93.0
27/06/2018 2:08:59 PM	3612917339	1013.00	25.77	31.77	100.9	26.21	31.77	96.7	26.14	31.77	97.4	26.61	31.77	93.0
27/06/2018 2:09:00 PM	3612917340	1013.00	25.78	31.78	100.8	26.16	31.78	97.2	26.14	31.78	97.3	26.57	31.78	93.4
27/06/2018 2:09:01 PM	3612917341	1013.00	25.84	31.78	100.2	26.14	31.78	97.3	26.13	31.78	97.4	26.61	31.78	93.0
27/06/2018 2:09:02 PM	3612917342	1013.00	25.81	31.78	100.5	26.18	31.78	97.0	26.12	31.78	97.5	26.57	31.78	93.4
27/06/2018 2:09:03 PM	3612917343	1013.00	25.81	31.77	100.6	26.17	31.77	97.1	26.11	31.77	97.7	26.61	31.77	93.0
27/06/2018 2:09:04 PM	3612917344	1013.00	25.80	31.77	100.6	26.16	31.77	97.2	26.14	31.77	97.4	26.65	31.77	92.7
27/06/2018 2:09:05 PM	3612917345	1013.00	25.81	31.77	100.6	26.18	31.77	97.0	26.13	31.77	97.5	26.65	31.77	92.7
27/06/2018 2:09:06 PM	3612917346	1013.00	25.85	31.77	100.2	26.20	31.77	96.8	26.14	31.77	97.4	26.62	31.77	93.0
27/06/2018 2:09:07 PM	3612917347	1013.00	25.83	31.78	100.3	26.21	31.78	96.7	26.13	31.78	97.4	26.62	31.78	92.9
27/06/2018 2:09:08 PM	3612917348	1013.00	25.80	31.78	100.6	26.25	31.78	96.3	26.15	31.78	97.3	26.66	31.78	92.6
27/06/2018 2:09:09 PM	3612917349	1013.00	25.83	31.78	100.3	26.16	31.78	97.2	26.14	31.78	97.3	26.64	31.78	92.8
27/06/2018 2:09:10 PM	3612917350	1013.00	25.81	31.78	100.5	26.18	31.78	97.0	26.14	31.78	97.3	26.66	31.78	92.6
27/06/2018 2:09:11 PM	3612917351	1013.00	25.80	31.78	100.6	26.20	31.78	96.8	26.13	31.78	97.4	26.64	31.78	92.8
27/06/2018 2:09:12 PM	3612917352	1013.00	25.81	31.78	100.5	26.22	31.78	96.6	26.13	31.78	97.4	26.65	31.78	92.7
27/06/2018 2:09:13 PM	3612917353	1013.00	25.81	31.79	100.5	26.15	31.79	97.2	26.14	31.79	97.3	26.67	31.79	92.5
27/06/2018 2:09:14 PM	3612917354	1013.00	25.86	31.78	100.0	26.21	31.78	96.7	26.16	31.78	97.2	26.65	31.78	92.7
27/06/2018 2:09:15 PM	3612917355	1013.00	25.86	31.78	100.0	26.15	31.78	97.3	26.15	31.78	97.3	26.66	31.78	92.6
27/06/2018 2:09:16 PM	3612917356	1013.00	25.79	31.78	100.7	26.21	31.78	96.7	26.16	31.78	97.2	26.67	31.78	92.5
27/06/2018 2:09:17 PM	3612917357	1013.00	25.87	31.77	100.0	26.21	31.77	96.7	26.12	31.77	97.6	26.69	31.77	92.3
27/06/2018 2:09:18 PM	3612917358	1013.00	25.84	31.77	100.3	26.20	31.77	96.8	26.16	31.77	97.2	26.73	31.77	92.0
27/06/2018 2:09:19 PM	3612917359	1013.00	25.84	31.76	100.3	26.20	31.76	96.8	26.17	31.76	97.1	26.70	31.76	92.3
27/06/2018 2:09:20 PM	3612917360	1013.00	25.84	31.77	100.3	26.21	31.77	96.7	26.15	31.77	97.3	26.68	31.77	92.4
27/06/2018 2:09:21 PM	3612917361	1013.00	25.87	31.77	100.0	26.22	31.77	96.6	26.14	31.77	97.4	26.68	31.77	92.4
27/06/2018 2:09:22 PM	3612917362	1013.00	25.85	31.77	100.2	26.29	31.77	96.0	26.18	31.77	97.0	26.71	31.77	92.2
27/06/2018 2:09:23 PM	3612917363	1013.00	25.84	31.78	100.2	26.18	31.78	97.0	26.16	31.78	97.2	26.70	31.78	92.2
27/06/2018 2:09:24 PM	3612917364	1013.00	25.83	31.78	100.3	26.26	31.78	96.2	26.16	31.78	97.2	26.70	31.78	92.2
27/06/2018 2:09:25 PM	3612917365	1013.00	25.84	31.78	100.2	26.22	31.78	96.6	26.18	31.78	97.0	26.71	31.78	92.1
27/06/2018 2:09:26 PM	3612917366	1013.00	25.82	31.79	100.4	26.27	31.79	96.1	26.17	31.79	97.1	26.71	31.79	92.1
27/06/2018 2:09:27 PM	3612917367	1013.00	25.87	31.79	99.9	26.24	31.79	96.4	26.20	31.79	96.8	26.71	31.79	92.1
27/06/2018 2:09:28 PM	3612917368	1013.00	25.88	31.78	99.8	26.25	31.78	96.3	26.18	31.78	97.0	26.71	31.78	92.1
27/06/2018 2:09:29 PM	3612917369	1013.00	25.88	31.79	99.8	26.29	31.79	95.9	26.18	31.79	97.0	26.73	31.79	91.9
27/06/2018 2:09:30 PM	3612917370	1013.00	25.88	31.78	99.8	26.23	31.78	96.5	26.21	31.78	96.7	26.73	31.78	92.0
27/06/2018 2:09:31 PM	3612917371	1013.00	25.89	31.78	99.8	26.24	31.78	96.4	26.19	31.78	96.9	26.74	31.78	91.9
27/06/2018 2:09:32 PM	3612917372	1013.00	25.86	31.78	100.0	26.21	31.78	96.7	26.20	31.78	96.8	26.76	31.78	91.7
27/06/2018 2:09:33 PM	3612917373	1013.00	25.85	31.78	100.1	26.26	31.78	96.2	26.20	31.78	96.8	26.74	31.78	91.9
27/06/2018 2:09:34 PM	3612917374	1013.00	25.94	31.78	99.3	26.24	31.78	96.4	26.18	31.78	97.0	26.74	31.78	91.9
27/06/2018 2:09:35 PM	3612917375	1013.00	25.88	31.78	99.8	26.23	31.78	96.5	26.18	31.78	97.0	26.74	31.78	91.9
27/06/2018 2:09:36 PM	3612917376	1013.00	25.87	31.78	99.9	26.22	31.78	96.6	26.21	31.78	96.7	26.74	31.78	91.9
27/06/2018 2:09:37 PM	3612917377	1013.00	25.85	31.79	100.1	26.22	31.79	96.6	26.24	31.79	96.4	26.76	31.79	91.7
27/06/2018 2:09:38 PM	3612917378	1013.00	25.88	31.79	99.8	26.27	31.79	96.1	26.22	31.79	96.6	26.78	31.79	91.5
27/06/2018 2:09:39 PM	3612917379	1013.00	25.91	31.79	99.5	26.26	31.79	96.2	26.19	31.79	96.9	26.78	31.79	91.5
27/06/2018 2:09:40 PM	3612917380	1013.00	25.87	31.79	99.9	26.25	31.79	96.3	26.25	31.79	96.3	26.78	31.79	91.5
27/06/2018 2:09:41 PM	3612917381	1013.00	25.90	31.79	99.6	26.25	31.79	96.3	26.25	31.79	96.3	26.80	31.79	91.3
27/06/2018 2:09:42 PM	3612917382	1013.00	25.92	31.78	99.5	26.27	31.78	96.1	26.25	31.78	96.3	26.79	31.78	91.4
27/06/2018 2:09:43 PM	3612917383	1013.00	25.92	31.78	99.5	26.33	31.78	95.6	26.27	31.78	96.1	26.79	31.78	91.4
27/06/2018 2:09:44 PM	3612917384	1013.00	25.91	31.78	99.6	26.31	31.78	95.8	26.27	31.78	96.1	26.82	31.78	91.2
27/06/2018 2:09:45 PM	3612917385	1013.00	25.90	31.78	99.7	26.29	31.78	95.9	26.25	31.78	96.3	26.77	31.78	91.6
27/06/2018 2:09:46 PM	3612917386	1013.00	25.89	31.78	99.8	26.34	31.78	95.5	26.24	31.78	96.4	26.79	31.78	91.4
27/06/2018 2:09:47 PM	3612917387	1013.00	25.92	31.78	99.5	26.29	31.78	95.9	26.25	31.78	96.3	26.79	31.78	91.4
27/06/2018 2:09:48 PM	3612917388	1013.00	25.89	31.79	99.7	26.28	31.79	96.0	26.27	31.79	96.1	26.81	31.79	91.2
27/06/2018 2:09:49 PM	3612917389	1013.00	25.90	31.78	99.7	26.29	31.78	95.9	26.29	31.78	95.9	26.78	31.78	91.5
27/06/2018 2:09:50 PM	3612917390	1013.00	25.87	31.78	99.9	26.26	31.78	96.2	26.28	31.78	96.0	26.78	31.78	91.5
27/06/2018 2:09:51 PM	3612917391	1013.00	25.88	31.79	99.8	26.28	31.79	96.0	26.26	31.79	96.2	26.82	31.79	91.2
27/06/2018 2:09:52 PM	3612917392	1013.00	25.93	31.79	99.3	26.31	31.79	95.7	26.29	31.79	95.9	26.81	31.79	91.2
27/06/2018 2:09:53 PM	3612917393	1013.00	25.92	31.79	99.4	26.31	31.79	95.7	26.27	31.79	96.1	26.80	31.79	91.3
27/06/2018 2:09:54 PM	3612917394	1013.00	25.91	31.80	99.5	26.30	31.80	95.8	26.28	31.80	96.0	26.84	31.80	91.0
27/06/2018 2:09:55 PM	3612917395	1013.00	25.93	31.79	99.3	26.31	31.79	95.7	26.32	31.79	95.6	26.83	31.79	91.1
27/06/2018 2:09:56 PM	3612917396	1013.00	25.94	31.79	99.2	26.28	31.79	96.0	26.33	31.79	95.6	26.83	31.79	91.1
27/06/2018 2:09:57 PM	3612917397	1013.00	25.92	31.78	99.5	26.32	31.78	95.7	26.29	31.78	95.9	26.83	31.78	91.1
27/06/2018 2:09:58 PM	3612917398	1013.00	25.94	31.78	99.3	26.28	31.78	96.0	26.31	31.78	95.8	26.85	31.78	90.9
27/06/2018 2:09:59 PM	3612917399	1013.00	25.93	31.78	99.4	26.29	31.78	95.9	26.29	31.78	95.9	26.84	31.78	91.0
27/06/2018 2:10:00 PM	3612917400	1013.00	25.91	31.78	99.6	26.29	31.78	95.9	26.33	31.78	95.6	26.85	31.78	90.9
27/06/2018 2:10:01 PM	3612917401	1013.00	25.92	31.78	99.5	26.31	31.78	95.8	26.31	31.78	95.8	26.86	31.78	90.8
27/06/2018 2:10:02 PM	3612917402	1013.00	25.90	31.78	99.7	26.33	31.78	95.6	26.33	31.78	95.6	26.86	31.78	90.8
27/06/2018 2:10:03 PM	3612917403	1013.00	25.95	31.78	99.2	26.30	31.78	95.9	26.34	31.78	95.5	26.86	31.78	90.8
27/06/2018 2:10:04 PM	3612917404	1013.00	25.96	31.77	99.1	26.28	31.77	96.1	26.33	31.77	95.6	26.87	31.77	90.8
27/06/2018 2:10:05 PM	3612917405	1013.00	25.93	31.78	99.4	26.32	31.78	95.7	26.34	31.78	95.5	26.90	31.78	90.5
27/06/2018 2:10:06 PM	3612917406	1013.00	25.93	31.78	99.4	26.36	31.78	95.3	26.35	31.78	95.4	26.90	31.78	90.5
27/06/2018 2:10:07 PM	3612917407	1013.00	25.93	31.78	99.4	26.33	31.78	95.6	26.35	31.78	95.4	26.90	31.78	90.5
27/06/2018 2:10:08 PM	3612917408	1013.00	25.97	31.79	99.0	26.39	31.79	95.0	26.33	31.79	95.6	26.91	31.79	90.4
27/06/2018 2:10:09 PM	3612917409	1013.00	25.94	31.79	99.2	26.36	31.79	95.3	26.35	31.79	95.4	26.90	31.79	90.5
27/06/2018 2:10:10 PM	3612917410	1013.00	25.93	31.78	99.4	26.36	31.78	95.3	26.37	31.78	95.2	26.93	31.78	90.2
27/06/2018 2:10:11 PM	3612917411	1013.00	25.97	31.78	99.0	26.37	31.78	95.2	26.38	31.78	95.1	26.90	31.78	90.5
27/06/2018 2:10:12 PM	3612917412	1013.00	25.97	31.78	99.0	26.39	31.78	95.0	26.38	31.78	95.1	26.90	31.78	90.5
27/06/2018 2:10:13 PM	3612917413	1013.00	25.97	31.78	99.0	26.41	31.78	94.8	26.35	31.78	95.4	26.91	31.78	90.4
27/06/2018 2:10:14 PM	3612917414	1013.00	25.94	31.79	99.2	26.38	31.79	95.1	26.38	31.79	95.1	26.93	31.79	90.2
27/06/2018 2:10:15 PM	3612917415	1013.00	25.94	31.78	99.3	26.37	31.78	95.2	26.39	31.78	95.0	26.93	31.78	90.2
27/06/2018 2:10:16 PM	3612917416	1013.00	25.93	31.78	99.4	26.39	31.78	95.0	26.38	31.78	95.1	26.95	31.78	90.1
27/06/2018 2:10:17 PM	3612917417	1013.00	25.97	31.78	99.0	26.35	31.78	95.4	26.41	31.78	94.8	26.91	31.78	90.4
27/06/2018 2:10:18 PM	3612917418	1013.00	25.96	31.78	99.1	26.37	31.78	95.2	26.37	31.78	95.2	26.93	31.78	90.2
27/06/2018 2:10:19 PM	3612917419	1013.00	25.98	31.78	98.9	26.40	31.78	94.9	26.40	31.78	94.9	26.93	31.78	90.2
27/06/2018 2:10:20 PM	3612917420	1013.00	25.98	31.79	98.9	26.36	31.79	95.3	26.42	31.79	94.7	26.95	31.79	90.0
27/06/2018 2:10:21 PM	3612917421	1013.00	25.99	31.79	98.8	26.34	31.79	95.5	26.38	31.79	95.1	26.93	31.79	90.2
27/06/2018 2:10:22 PM	3612917422	1013.00	26.00	31.79	98.7	26.37	31.79	95.2	26.42	31.79	94.7	26.95	31.79	90.0
27/06/2018 2:10:23 PM	3612917423	1013.00	26.03	31.79	98.4	26.42	31.79	94.7	26.39	31.79	95.0	26.94	31.79	90.1
27/06/2018 2:10:24 PM	3612917424	1013.00	25.97	31.79	99.0	26.41	31.79	94.8	26.41	31.79	94.8	26.95	31.79	90.0
27/06/2018 2:10:25 PM	3612917425	1013.00	25.98	31.79	98.9	26.42	31.79	94.7	26.42	31.79	94.7	26.97	31.79	89.9
27/06/2018 2:10:26 PM	3612917426	1013.00	25.97	31.79	99.0	26.43	31.79	94.6	26.39	31.79	95.0	26.95	31.79	90.0
27/06/2018 2:10:27 PM	3612917427	1013.00	26.01	31.78	98.6	26.46	31.78	94.4	26.41	31.78	94.8	26.96	31.78	90.0
27/06/2018 2:10:28 PM	3612917428	1013.00	25.98	31.79	98.9	26.41	31.79	94.8	26.41	31.79	94.8	26.97	31.79	89.9
27/06/2018 2:10:29 PM	3612917429	1013.00	26.01	31.79	98.6	26.42	31.79	94.7	26.46	31.79	94.4	26.99	31.79	89.7
27/06/2018 2:10:30 PM	3612917430	1013.00	26.01	31.78	98.6	26.39	31.78	95.0	26.43	31.78	94.7	26.98	31.78	89.8
27/06/2018 2:10:31 PM	3612917431	1013.00	25.98	31.78	98.9	26.42	31.78	94.7	26.42	31.78	94.7	27.04	31.78	89.3
27/06/2018 2:10:32 PM	3612917432	1013.00	26.04	31.79	98.3	26.42	31.79	94.7	26.41	31.79	94.8	26.98	31.79	89.8
27/06/2018 2:10:33 PM	3612917433	1013.00	26.00	31.79	98.7	26.43	31.79	94.6	26.45	31.79	94.5	27.03	31.79	89.4
27/06/2018 2:10:34 PM	3612917434	1013.00	26.03	31.78	98.4	26.41	31.78	94.8	26.43	31.78	94.7	27.01	31.78	89.5
27/06/2018 2:10:35 PM	3612917435	1013.00	25.98	31.79	98.9	26.42	31.79	94.7	26.45	31.79	94.5	26.98	31.79	89.8
27/06/2018 2:10:36 PM	3612917436	1013.00	26.05	31.79	98.2	26.41	31.79	94.8	26.43	31.79	94.6	27.00	31.79	89.6
27/06/2018 2:10:37 PM	3612917437	1013.00	26.02	31.78	98.5	26.38	31.78	95.1	26.44	31.78	94.6	27.00	31.78	89.6
27/06/2018 2:10:38 PM	3612917438	1013.00	26.04	31.78	98.3	26.43	31.78	94.7	26.46	31.78	94.4	27.00	31.78	89.6
27/06/2018 2:10:39 PM	3612917439	1013.00	26.02	31.79	98.5	26.43	31.79	94.6	26.43	31.79	94.6	27.02	31.79	89.4
27/06/2018 2:10:40 PM	3612917440	1013.00	26.05	31.79	98.2	26.42	31.79	94.7	26.43	31.79	94.6	27.02	31.79	89.4
27/06/2018 2:10:41 PM	3612917441	1013.00	26.03	31.79	98.4	26.48	31.79	94.2	26.43	31.79	94.6	27.05	31.79	89.2
27/06/2018 2:10:42 PM	3612917442	1013.00	26.04	31.79	98.3	26.42	31.79	94.7	26.46	31.79	94.4	27.02	31.79	89.4
27/06/2018 2:10:43 PM	3612917443	1013.00	26.02	31.79	98.5	26.41	31.79	94.8	26.49	31.79	94.1	27.03	31.79	89.4
27/06/2018 2:10:44 PM	3612917444	1013.00	26.05	31.79	98.2	26.48	31.79	94.2	26.43	31.79	94.6	27.05	31.79	89.2
27/06/2018 2:10:45 PM	3612917445	1013.00	26.03	31.79	98.4	26.45	31.79	94.5	26.40	31.79	94.9	27.05	31.79	89.2
27/06/2018 2:10:46 PM	3612917446	1013.00	26.06	31.79	98.1	26.44	31.79	94.5	26.45	31.79	94.5	27.04	31.79	89.3
27/06/2018 2:10:47 PM	3612917447	1013.00	26.04	31.79	98.3	26.51	31.79	93.9	26.43	31.79	94.6	27.06	31.79	89.1
27/06/2018 2:10:48 PM	3612917448	1013.00	26.07	31.79	98.0	26.45	31.79	94.5	26.45	31.79	94.5	27.08	31.79	88.9
27/06/2018 2:10:49 PM	3612917449	1013.00	26.05	31.78	98.2	26.48	31.78	94.2	26.46	31.78	94.4	27.09	31.78	88.9
27/06/2018 2:10:50 PM	3612917450	1013.00	26.06	31.78	98.1	26.48	31.78	94.2	26.47	31.78	94.3	27.09	31.78	88.9
27/06/2018 2:10:51 PM	3612917451	1013.00	26.00	31.78	98.7	26.51	31.78	93.9	26.46	31.78	94.4	27.09	31.78	88.9
27/06/2018 2:10:52 PM	3612917452	1013.00	26.07	31.78	98.0	26.44	31.78	94.6	26.45	31.78	94.5	27.10	31.78	88.8
27/06/2018 2:10:53 PM	3612917453	1013.00	26.03	31.79	98.4	26.48	31.79	94.2	26.49	31.79	94.1	27.08	31.79	88.9
27/06/2018 2:10:54 PM	3612917454	1013.00	26.08	31.79	97.9	26.51	31.79	93.9	26.47	31.79	94.3	27.12	31.79	88.6
27/06/2018 2:10:55 PM	3612917455	1013.00	26.04	31.79	98.3	26.48	31.79	94.2	26.48	31.79	94.2	27.12	31.79	88.6
27/06/2018 2:10:56 PM	3612917456	1013.00	26.09	31.79	97.8	26.52	31.79	93.8	26.50	31.79	94.0	27.11	31.79	88.7
27/06/2018 2:10:57 PM	3612917457	1013.00	26.10	31.78	97.7	26.48	31.78	94.2	26.49	31.78	94.1	27.12	31.78	88.6
27/06/2018 2:10:58 PM	3612917458	1013.00	26.12	31.78	97.5	26.48	31.78	94.2	26.49	31.78	94.1	27.10	31.78	88.8
27/06/2018 2:10:59 PM	3612917459	1013.00	26.05	31.79	98.2	26.47	31.79	94.3	26.50	31.79	94.0	27.10	31.79	88.8
27/06/2018 2:11:00 PM	3612917460	1013.00	26.06	31.79	98.1	26.54	31.79	93.6	26.48	31.79	94.2	27.10	31.79	88.8
27/06/2018 2:11:01 PM	3612917461	1013.00	26.07	31.79	98.0	26.54	31.79	93.6	26.49	31.79	94.1	27.14	31.79	88.4
27/06/2018 2:11:02 PM	3612917462	1013.00	26.09	31.79	97.8	26.52	31.79	93.8	26.51	31.79	93.9	27.12	31.79	88.6
27/06/2018 2:11:03 PM	3612917463	1013.00	26.09	31.78	97.8	26.53	31.78	93.7	26.52	31.78	93.8	27.13	31.78	88.5
27/06/2018 2:11:04 PM	3612917464	1013.00	26.11	31.79	97.6	26.53	31.79	93.7	26.50	31.79	94.0	27.12	31.79	88.6
27/06/2018 2:11:05 PM	3612917465	1013.00	26.12	31.79	97.5	26.50	31.79	94.0	26.48	31.79	94.2	27.15	31.79	88.3
27/06/2018 2:11:06 PM	3612917466	1013.00	26.10	31.79	97.7	26.53	31.79	93.7	26.51	31.79	93.9	27.14	31.79	88.4
27/06/2018 2:11:07 PM	3612917467	1013.00	26.10	31.80	97.7	26.56	31.80	93.4	26.50	31.80	94.0	27.15	31.80	88.3
27/06/2018 2:11:08 PM	3612917468	1013.00	26.08	31.80	97.9	26.56	31.80	93.4	26.52	31.80	93.8	27.14	31.80	88.4
27/06/2018 2:11:09 PM	3612917469	1013.00	26.11	31.79	97.6	26.55	31.79	93.6	26.54	31.79	93.6	27.18	31.79	88.1
27/06/2018 2:11:10 PM	3612917470	1013.00	26.13	31.80	97.4	26.50	31.80	94.0	26.54	31.80	93.6	27.18	31.80	88.1
27/06/2018 2:11:11 PM	3612917471	1013.00	26.11	31.80	97.6	26.51	31.80	93.9	26.50	31.80	94.0	27.15	31.80	88.3
27/06/2018 2:11:12 PM	3612917472	1013.00	26.13	31.80	97.4	26.54	31.80	93.6	26.54	31.80	93.6	27.19	31.80	88.0
27/06/2018 2:11:13 PM	3612917473	1013.00	26.14	31.80	97.3	26.56	31.80	93.4	26.54	31.80	93.6	27.17	31.80	88.2
27/06/2018 2:11:14 PM	3612917474	1013.00	26.17	31.79	97.1	26.55	31.79	93.6	26.53	31.79	93.7	27.20	31.79	87.9
27/06/2018 2:11:15 PM	3612917475	1013.00	26.15	31.79	97.2	26.53	31.79	93.7	26.56	31.79	93.5	27.22	31.79	87.8
27/06/2018 2:11:16 PM	3612917476	1013.00	26.14	31.79	97.3	26.57	31.79	93.4	26.57	31.79	93.4	27.19	31.79	88.0
27/06/2018 2:11:17 PM	3612917477	1013.00	26.15	31.79	97.2	26.54	31.79	93.6	26.57	31.79	93.4	27.21	31.79	87.8
27/06/2018 2:11:18 PM	3612917478	1013.00	26.15	31.79	97.2	26.52	31.79	93.8	26.58	31.79	93.3	27.23	31.79	87.7
27/06/2018 2:11:19 PM	3612917479	1013.00	26.13	31.79	97.4	26.57	31.79	93.4	26.61	31.79	93.0	27.22	31.79	87.8
27/06/2018 2:11:20 PM	3612917480	1013.00	26.14	31.79	97.3	26.51	31.79	93.9	26.61	31.79	93.0	27.22	31.79	87.8
27/06/2018 2:11:21 PM	3612917481	1013.00	26.12	31.79	97.5	26.57	31.79	93.4	26.60	31.79	93.1	27.24	31.79	87.6
27/06/2018 2:11:22 PM	3612917482	1013.00	26.15	31.79	97.2	26.52	31.79	93.8	26.61	31.79	93.0	27.27	31.79	87.3
27/06/2018 2:11:23 PM	3612917483	1013.00	26.13	31.80	97.4	26.61	31.80	93.0	26.62	31.80	92.9	27.25	31.80	87.5
27/06/2018 2:11:24 PM	3612917484	1013.00	26.15	31.80	97.2	26.58	31.80	93.3	26.61	31.80	93.0	27.26	31.80	87.4
27/06/2018 2:11:25 PM	3612917485	1013.00	26.16	31.80	97.1	26.62	31.80	92.9	26.65	31.80	92.6	27.27	31.80	87.3
27/06/2018 2:11:26 PM	3612917486	1013.00	26.19	31.80	96.8	26.58	31.80	93.3	26.64	31.80	92.7	27.28	31.80	87.2
27/06/2018 2:11:27 PM	3612917487	1013.00	26.13	31.80	97.4	26.60	31.80	93.1	26.67	31.80	92.5	27.30	31.80	87.1
27/06/2018 2:11:28 PM	3612917488	1013.00	26.13	31.80	97.4	26.61	31.80	93.0	26.66	31.80	92.6	27.25	31.80	87.5
27/06/2018 2:11:29 PM	3612917489	1013.00	26.14	31.80	97.3	26.53	31.80	93.7	26.67	31.80	92.5	27.30	31.80	87.1
27/06/2018 2:11:30 PM	3612917490	1013.00	26.15	31.79	97.2	26.58	31.79	93.3	26.67	31.79	92.5	27.30	31.79	87.1
27/06/2018 2:11:31 PM	3612917491	1013.00	26.16	31.80	97.1	26.61	31.80	93.0	26.66	31.80	92.6	27.32	31.80	86.9
27/06/2018 2:11:32 PM	3612917492	1013.00	26.16	31.79	97.1	26.59	31.79	93.2	26.65	31.79	92.7	27.30	31.79	87.1
27/06/2018 2:11:33 PM	3612917493	1013.00	26.19	31.79	96.9	26.66	31.79	92.6	26.69	31.79	92.3	27.32	31.79	86.9
27/06/2018 2:11:34 PM	3612917494	1013.00	26.18	31.80	96.9	26.62	31.80	92.9	26.68	31.80	92.4	27.32	31.80	86.9
27/06/2018 2:11:35 PM	3612917495	1013.00	26.16	31.79	97.1	26.61	31.79	93.0	26.69	31.79	92.3	27.31	31.79	87.0
27/06/2018 2:11:36 PM	3612917496	1013.00	26.16	31.79	97.1	26.64	31.79	92.7	26.72	31.79	92.0	27.33	31.79	86.8
27/06/2018 2:11:37 PM	3612917497	1013.00	26.18	31.79	97.0	26.62	31.79	92.9	26.74	31.79	91.9	27.35	31.79	86.7
27/06/2018 2:11:38 PM	3612917498	1013.00	26.21	31.79	96.7	26.64	31.79	92.7	26.73	31.79	91.9	27.32	31.79	86.9
27/06/2018 2:11:39 PM	3612917499	1013.00	26.17	31.79	97.1	26.63	31.79	92.8	26.76	31.79	91.7	27.33	31.79	86.8
27/06/2018 2:11:40 PM	3612917500	1013.00	26.19	31.79	96.9	26.63	31.79	92.8	26.74	31.79	91.9	27.33	31.79	86.8
27/06/2018 2:11:41 PM	3612917501	1013.00	26.18	31.80	96.9	26.64	31.80	92.7	26.78	31.80	91.5	27.37	31.80	86.5
27/06/2018 2:11:42 PM	3612917502	1013.00	26.20	31.80	96.8	26.64	31.80	92.7	26.78	31.80	91.5	27.40	31.80	86.3
27/06/2018 2:11:43 PM	3612917503	1013.00	26.20	31.79	96.8	26.65	31.79	92.7	26.76	31.79	91.7	27.37	31.79	86.5
27/06/2018 2:11:44 PM	3612917504	1013.00	26.19	31.79	96.9	26.66	31.79	92.6	26.75	31.79	91.8	27.35	31.79	86.7
27/06/2018 2:11:45 PM	3612917505	1013.00	26.19	31.79	96.9	26.66	31.79	92.6	26.79	31.79	91.4	27.38	31.79	86.4
27/06/2018 2:11:46 PM	3612917506	1013.00	26.18	31.79	97.0	26.67	31.79	92.5	26.78	31.79	91.5	27.39	31.79	86.4
27/06/2018 2:11:47 PM	3612917507	1013.00	26.18	31.79	97.0	26.66	31.79	92.6	26.81	31.79	91.2	27.33	31.79	86.8
27/06/2018 2:11:48 PM	3612917508	1013.00	26.23	31.80	96.5	26.66	31.80	92.6	26.79	31.80	91.4	27.34	31.80	86.7
27/06/2018 2:11:49 PM	3612917509	1013.00	26.16	31.80	97.1	26.65	31.80	92.6	26.80	31.80	91.3	27.39	31.80	86.3
27/06/2018 2:11:50 PM	3612917510	1013.00	26.22	31.80	96.6	26.73	31.80	91.9	26.81	31.80	91.2	27.41	31.80	86.2
27/06/2018 2:11:51 PM	3612917511	1013.00	26.22	31.81	96.5	26.67	31.81	92.4	26.81	31.81	91.2	27.43	31.81	86.0
27/06/2018 2:11:52 PM	3612917512	1013.00	26.20	31.80	96.8	26.70	31.80	92.2	26.81	31.80	91.2	27.40	31.80	86.3
27/06/2018 2:11:53 PM	3612917513	1013.00	26.20	31.79	96.8	26.69	31.79	92.3	26.81	31.79	91.2	27.41	31.79	86.2
27/06/2018 2:11:54 PM	3612917514	1013.00	26.21	31.79	96.7	26.61	31.79	93.0	26.82	31.79	91.2	27.43	31.79	86.0
27/06/2018 2:11:55 PM	3612917515	1013.00	26.20	31.79	96.8	26.69	31.79	92.3	26.85	31.79	90.9	27.44	31.79	85.9
27/06/2018 2:11:56 PM	3612917516	1013.00	26.24	31.79	96.4	26.69	31.79	92.3	26.82	31.79	91.2	27.44	31.79	85.9
27/06/2018 2:11:57 PM	3612917517	1013.00	26.23	31.79	96.5	26.68	31.79	92.4	26.82	31.79	91.2	27.44	31.79	85.9
27/06/2018 2:11:58 PM	3612917518	1013.00	26.24	31.79	96.4	26.64	31.79	92.7	26.84	31.79	91.0	27.43	31.79	86.0
27/06/2018 2:11:59 PM	3612917519	1013.00	26.24	31.80	96.4	26.72	31.80	92.0	26.81	31.80	91.2	27.46	31.80	85.8
27/06/2018 2:12:00 PM	3612917520	1013.00	26.21	31.80	96.7	26.69	31.80	92.3	26.84	31.80	91.0	27.45	31.80	85.9
27/06/2018 2:12:01 PM	3612917521	1013.00	26.26	31.80	96.2	26.65	31.80	92.6	26.86	31.80	90.8	27.47	31.80	85.7
27/06/2018 2:12:02 PM	3612917522	1013.00	26.24	31.80	96.4	26.71	31.80	92.1	26.83	31.80	91.1	27.50	31.80	85.5
27/06/2018 2:12:03 PM	3612917523	1013.00	26.24	31.80	96.4	26.72	31.80	92.0	26.84	31.80	91.0	27.50	31.80	85.5
27/06/2018 2:12:04 PM	3612917524	1013.00	26.23	31.80	96.5	26.72	31.80	92.0	26.84	31.80	91.0	27.47	31.80	85.7
27/06/2018 2:12:05 PM	3612917525	1013.00	26.23	31.80	96.5	26.73	31.80	91.9	26.84	31.80	91.0	27.51	31.80	85.4
27/06/2018 2:12:06 PM	3612917526	1013.00	26.26	31.80	96.2	26.70	31.80	92.2	26.84	31.80	91.0	27.52	31.80	85.3
27/06/2018 2:12:07 PM	3612917527	1013.00	26.22	31.80	96.6	26.73	31.80	91.9	26.84	31.80	91.0	27.50	31.80	85.5
27/06/2018 2:12:08 PM	3612917528	1013.00	26.25	31.79	96.3	26.71	31.79	92.1	26.86	31.79	90.8	27.51	31.79	85.4
27/06/2018 2:12:09 PM	3612917529	1013.00	26.27	31.78	96.1	26.74	31.78	91.9	26.85	31.78	90.9	27.49	31.78	85.6
27/06/2018 2:12:10 PM	3612917530	1013.00	26.23	31.78	96.5	26.75	31.78	91.8	26.83	31.78	91.1	27.55	31.78	85.1
27/06/2018 2:12:11 PM	3612917531	1013.00	26.29	31.78	95.9	26.73	31.78	92.0	26.84	31.78	91.0	27.54	31.78	85.2
27/06/2018 2:12:12 PM	3612917532	1013.00	26.28	31.78	96.0	26.71	31.78	92.1	26.84	31.78	91.0	27.54	31.78	85.2
27/06/2018 2:12:13 PM	3612917533	1013.00	26.25	31.79	96.3	26.72	31.79	92.0	26.83	31.79	91.1	27.50	31.79	85.5
27/06/2018 2:12:14 PM	3612917534	1013.00	26.30	31.79	95.8	26.72	31.79	92.0	26.84	31.79	91.0	27.56	31.79	85.0
27/06/2018 2:12:15 PM	3612917535	1013.00	26.28	31.80	96.0	26.75	31.80	91.8	26.85	31.80	90.9	27.52	31.80	85.3
27/06/2018 2:12:16 PM	3612917536	1013.00	26.27	31.80	96.1	26.74	31.80	91.8	26.85	31.80	90.9	27.53	31.80	85.2
27/06/2018 2:12:17 PM	3612917537	1013.00	26.26	31.80	96.2	26.75	31.80	91.8	26.87	31.80	90.7	27.57	31.80	84.9
27/06/2018 2:12:18 PM	3612917538	1013.00	26.31	31.80	95.7	26.74	31.80	91.8	26.85	31.80	90.9	27.58	31.80	84.8
27/06/2018 2:12:19 PM	3612917539	1013.00	26.31	31.80	95.7	26.72	31.80	92.0	26.83	31.80	91.1	27.54	31.80	85.1
27/06/2018 2:12:20 PM	3612917540	1013.00	26.26	31.79	96.2	26.73	31.79	91.9	26.85	31.79	90.9	27.57	31.79	84.9
27/06/2018 2:12:21 PM	3612917541	1013.00	26.30	31.79	95.8	26.73	31.79	91.9	26.85	31.79	90.9	27.60	31.79	84.7
27/06/2018 2:12:22 PM	3612917542	1013.00	26.23	31.80	96.5	26.79	31.80	91.4	26.86	31.80	90.8	27.58	31.80	84.8
27/06/2018 2:12:23 PM	3612917543	1013.00	26.28	31.80	96.0	26.73	31.80	91.9	26.87	31.80	90.7	27.55	31.80	85.0
27/06/2018 2:12:24 PM	3612917544	1013.00	26.29	31.79	95.9	26.72	31.79	92.0	26.84	31.79	91.0	27.58	31.79	84.8
27/06/2018 2:12:25 PM	3612917545	1013.00	26.26	31.80	96.2	26.73	31.80	91.9	26.85	31.80	90.9	27.56	31.80	85.0
27/06/2018 2:12:26 PM	3612917546	1013.00	26.28	31.79	96.0	26.74	31.79	91.9	26.87	31.79	90.7	27.56	31.79	85.0
27/06/2018 2:12:27 PM	3612917547	1013.00	26.30	31.79	95.8	26.80	31.79	91.3	26.88	31.79	90.6	27.57	31.79	84.9
27/06/2018 2:12:28 PM	3612917548	1013.00	26.29	31.79	95.9	26.82	31.79	91.2	26.88	31.79	90.6	27.60	31.79	84.7
27/06/2018 2:12:29 PM	3612917549	1013.00	26.32	31.79	95.6	26.78	31.79	91.5	26.87	31.79	90.7	27.61	31.79	84.6
27/06/2018 2:12:30 PM	3612917550	1013.00	26.32	31.80	95.6	26.80	31.80	91.3	26.88	31.80	90.6	27.61	31.80	84.6
27/06/2018 2:12:31 PM	3612917551	1013.00	26.30	31.79	95.8	26.77	31.79	91.6	26.86	31.79	90.8	27.63	31.79	84.4
27/06/2018 2:12:32 PM	3612917552	1013.00	26.26	31.79	96.2	26.78	31.79	91.5	26.89	31.79	90.6	27.58	31.79	84.8
27/06/2018 2:12:33 PM	3612917553	1013.00	26.35	31.79	95.4	26.80	31.79	91.3	26.86	31.79	90.8	27.61	31.79	84.6
27/06/2018 2:12:34 PM	3612917554	1013.00	26.30	31.79	95.8	26.80	31.79	91.3	26.89	31.79	90.6	27.63	31.79	84.4
27/06/2018 2:12:35 PM	3612917555	1013.00	26.29	31.79	95.9	26.75	31.79	91.8	26.88	31.79	90.6	27.63	31.79	84.4
27/06/2018 2:12:36 PM	3612917556	1013.00	26.32	31.79	95.6	26.82	31.79	91.2	26.89	31.79	90.6	27.64	31.79	84.3
27/06/2018 2:12:37 PM	3612917557	1013.00	26.30	31.80	95.8	26.84	31.80	91.0	26.89	31.80	90.5	27.63	31.80	84.4
27/06/2018 2:12:38 PM	3612917558	1013.00	26.32	31.80	95.6	26.82	31.80	91.1	26.90	31.80	90.5	27.65	31.80	84.3
27/06/2018 2:12:39 PM	3612917559	1013.00	26.32	31.80	95.6	26.83	31.80	91.1	26.88	31.80	90.6	27.64	31.80	84.3
27/06/2018 2:12:40 PM	3612917560	1013.00	26.31	31.81	95.7	26.82	31.81	91.1	26.87	31.81	90.7	27.62	31.81	84.5
27/06/2018 2:12:41 PM	3612917561	1013.00	26.30	31.80	95.8	26.82	31.80	91.1	26.89	31.80	90.5	27.64	31.80	84.3
27/06/2018 2:12:42 PM	3612917562	1013.00	26.34	31.80	95.4	26.83	31.80	91.1	26.89	31.80	90.5	27.67	31.80	84.1
27/06/2018 2:12:43 PM	3612917563	1013.00	26.30	31.80	95.8	26.77	31.80	91.6	26.88	31.80	90.6	27.64	31.80	84.3
27/06/2018 2:12:44 PM	3612917564	1013.00	26.31	31.80	95.7	26.78	31.80	91.5	26.87	31.80	90.7	27.66	31.80	84.2
27/06/2018 2:12:45 PM	3612917565	1013.00	26.33	31.80	95.5	26.82	31.80	91.1	26.89	31.80	90.5	27.64	31.80	84.3
27/06/2018 2:12:46 PM	3612917566	1013.00	26.30	31.80	95.8	26.82	31.80	91.1	26.91	31.80	90.4	27.66	31.80	84.2
27/06/2018 2:12:47 PM	3612917567	1013.00	26.36	31.80	95.3	26.83	31.80	91.1	26.90	31.80	90.5	27.67	31.80	84.1
27/06/2018 2:12:48 PM	3612917568	1013.00	26.30	31.79	95.8	26.81	31.79	91.2	26.88	31.79	90.6	27.69	31.79	84.0
27/06/2018 2:12:49 PM	3612917569	1013.00	26.33	31.79	95.6	26.82	31.79	91.2	26.92	31.79	90.3	27.69	31.79	84.0
27/06/2018 2:12:50 PM	3612917570	1013.00	26.34	31.79	95.5	26.80	31.79	91.3	26.91	31.79	90.4	27.72	31.79	83.7
27/06/2018 2:12:51 PM	3612917571	1013.00	26.31	31.80	95.7	26.86	31.80	90.8	26.90	31.80	90.5	27.73	31.80	83.6
27/06/2018 2:12:52 PM	3612917572	1013.00	26.33	31.80	95.5	26.79	31.80	91.4	26.90	31.80	90.5	27.68	31.80	84.0
27/06/2018 2:12:53 PM	3612917573	1013.00	26.35	31.80	95.4	26.85	31.80	90.9	26.89	31.80	90.5	27.71	31.80	83.8
27/06/2018 2:12:54 PM	3612917574	1013.00	26.35	31.79	95.4	26.81	31.79	91.2	26.91	31.79	90.4	27.71	31.79	83.8
27/06/2018 2:12:55 PM	3612917575	1013.00	26.33	31.80	95.5	26.84	31.80	91.0	26.89	31.80	90.5	27.72	31.80	83.7
27/06/2018 2:12:56 PM	3612917576	1013.00	26.35	31.80	95.4	26.84	31.80	91.0	26.88	31.80	90.6	27.74	31.80	83.5
27/06/2018 2:12:57 PM	3612917577	1013.00	26.36	31.80	95.3	26.83	31.80	91.1	26.89	31.80	90.5	27.74	31.80	83.5
27/06/2018 2:12:58 PM	3612917578	1013.00	26.40	31.80	94.9	26.86	31.80	90.8	26.90	31.80	90.5	27.72	31.80	83.7
27/06/2018 2:12:59 PM	3612917579	1013.00	26.36	31.80	95.3	26.84	31.80	91.0	26.88	31.80	90.6	27.72	31.80	83.7
27/06/2018 2:13:00 PM	3612917580	1013.00	26.42	31.80	94.7	26.87	31.80	90.7	26.92	31.80	90.3	27.75	31.80	83.5
27/06/2018 2:13:01 PM	3612917581	1013.00	26.40	31.80	94.9	26.84	31.80	91.0	26.89	31.80	90.5	27.74	31.80	83.5
27/06/2018 2:13:02 PM	3612917582	1013.00	26.36	31.80	95.3	26.85	31.80	90.9	26.90	31.80	90.5	27.76	31.80	83.4
27/06/2018 2:13:03 PM	3612917583	1013.00	26.41	31.80	94.8	26.78	31.80	91.5	26.90	31.80	90.5	27.76	31.80	83.4
27/06/2018 2:13:04 PM	3612917584	1013.00	26.36	31.79	95.3	26.82	31.79	91.2	26.90	31.79	90.5	27.75	31.79	83.5
27/06/2018 2:13:05 PM	3612917585	1013.00	26.38	31.79	95.1	26.87	31.79	90.7	26.89	31.79	90.6	27.76	31.79	83.4
27/06/2018 2:13:06 PM	3612917586	1013.00	26.38	31.79	95.1	26.84	31.79	91.0	26.92	31.79	90.3	27.78	31.79	83.2
27/06/2018 2:13:07 PM	3612917587	1013.00	26.37	31.79	95.2	26.83	31.79	91.1	26.90	31.79	90.5	27.78	31.79	83.2
27/06/2018 2:13:08 PM	3612917588	1013.00	26.38	31.79	95.1	26.87	31.79	90.7	26.92	31.79	90.3	27.78	31.79	83.2
27/06/2018 2:13:09 PM	3612917589	1013.00	26.42	31.79	94.7	26.83	31.79	91.1	26.91	31.79	90.4	27.79	31.79	83.2
27/06/2018 2:13:10 PM	3612917590	1013.00	26.40	31.80	94.9	26.87	31.80	90.7	26.92	31.80	90.3	27.82	31.80	82.9
27/06/2018 2:13:11 PM	3612917591	1013.00	26.40	31.80	94.9	26.84	31.80	91.0	26.90	31.80	90.5	27.81	31.80	83.0
27/06/2018 2:13:12 PM	3612917592	1013.00	26.37	31.80	95.2	26.87	31.80	90.7	26.93	31.80	90.2	27.83	31.80	82.8
27/06/2018 2:13:13 PM	3612917593	1013.00	26.41	31.80	94.8	26.91	31.80	90.4	26.90	31.80	90.5	27.81	31.80	83.0
27/06/2018 2:13:14 PM	3612917594	1013.00	26.41	31.80	94.8	26.83	31.80	91.1	26.93	31.80	90.2	27.83	31.80	82.8
27/06/2018 2:13:15 PM	3612917595	1013.00	26.37	31.79	95.2	26.84	31.79	91.0	26.92	31.79	90.3	27.83	31.79	82.9
27/06/2018 2:13:16 PM	3612917596	1013.00	26.41	31.80	94.8	26.83	31.80	91.1	26.92	31.80	90.3	27.83	31.80	82.8
27/06/2018 2:13:17 PM	3612917597	1013.00	26.37	31.79	95.2	26.90	31.79	90.5	26.92	31.79	90.3	27.85	31.79	82.7
27/06/2018 2:13:18 PM	3612917598	1013.00	26.44	31.79	94.5	26.88	31.79	90.6	26.94	31.79	90.1	27.83	31.79	82.9
27/06/2018 2:13:19 PM	3612917599	1013.00	26.43	31.79	94.6	26.89	31.79	90.6	26.92	31.79	90.3	27.85	31.79	82.7
27/06/2018 2:13:20 PM	3612917600	1013.00	26.45	31.79	94.5	26.87	31.79	90.7	26.93	31.79	90.2	27.84	31.79	82.8
27/06/2018 2:13:21 PM	3612917601	1013.00	26.48	31.80	94.2	26.85	31.80	90.9	26.92	31.80	90.3	27.86	31.80	82.6
27/06/2018 2:13:22 PM	3612917602	1013.00	26.43	31.81	94.6	26.90	31.81	90.4	26.89	31.81	90.5	27.87	31.81	82.5
27/06/2018 2:13:23 PM	3612917603	1013.00	26.46	31.81	94.3	26.90	31.81	90.4	26.91	31.81	90.3	27.88	31.81	82.4
27/06/2018 2:13:24 PM	3612917604	1013.00	26.43	31.81	94.6	26.90	31.81	90.4	26.93	31.81	90.2	27.89	31.81	82.4
27/06/2018 2:13:25 PM	3612917605	1013.00	26.43	31.80	94.6	26.88	31.80	90.6	26.91	31.80	90.4	27.90	31.80	82.3
27/06/2018 2:13:26 PM	3612917606	1013.00	26.45	31.79	94.5	26.91	31.79	90.4	26.93	31.79	90.2	27.93	31.79	82.1
27/06/2018 2:13:27 PM	3612917607	1013.00	26.42	31.78	94.7	26.91	31.78	90.4	26.93	31.78	90.2	27.91	31.78	82.3
27/06/2018 2:13:28 PM	3612917608	1013.00	26.44	31.78	94.6	26.89	31.78	90.6	26.93	31.78	90.2	27.91	31.78	82.3
27/06/2018 2:13:29 PM	3612917609	1013.00	26.42	31.79	94.7	26.89	31.79	90.6	26.91	31.79	90.4	27.91	31.79	82.2
27/06/2018 2:13:30 PM	3612917610	1013.00	26.44	31.79	94.5	26.93	31.79	90.2	26.93	31.79	90.2	27.92	31.79	82.2
27/06/2018 2:13:31 PM	3612917611	1013.00	26.43	31.79	94.6	26.86	31.79	90.8	26.95	31.79	90.0	27.91	31.79	82.2
27/06/2018 2:13:32 PM	3612917612	1013.00	26.46	31.79	94.4	26.93	31.79	90.2	26.93	31.79	90.2	27.94	31.79	82.0
27/06/2018 2:13:33 PM	3612917613	1013.00	26.45	31.79	94.5	26.92	31.79	90.3	26.91	31.79	90.4	27.93	31.79	82.1
27/06/2018 2:13:34 PM	3612917614	1013.00	26.42	31.79	94.7	26.86	31.79	90.8	26.92	31.79	90.3	27.92	31.79	82.2
27/06/2018 2:13:35 PM	3612917615	1013.00	26.43	31.79	94.6	26.95	31.79	90.0	26.90	31.79	90.5	27.94	31.79	82.0
27/06/2018 2:13:36 PM	3612917616	1013.00	26.46	31.80	94.3	26.92	31.80	90.3	26.90	31.80	90.5	27.94	31.80	82.0
27/06/2018 2:13:37 PM	3612917617	1013.00	26.42	31.80	94.7	26.89	31.80	90.5	26.89	31.80	90.5	27.97	31.80	81.8
27/06/2018 2:13:38 PM	3612917618	1013.00	26.46	31.80	94.3	26.90	31.80	90.5	26.91	31.80	90.4	27.97	31.80	81.8
27/06/2018 2:13:39 PM	3612917619	1013.00	26.46	31.80	94.3	26.97	31.80	89.8	26.92	31.80	90.3	27.96	31.80	81.8
27/06/2018 2:13:40 PM	3612917620	1013.00	26.45	31.80	94.4	26.90	31.80	90.5	26.90	31.80	90.5	27.97	31.80	81.8
27/06/2018 2:13:41 PM	3612917621	1013.00	26.45	31.80	94.4	26.90	31.80	90.5	26.91	31.80	90.4	27.95	31.80	81.9
27/06/2018 2:13:42 PM	3612917622	1013.00	26.48	31.80	94.2	26.94	31.80	90.1	26.93	31.80	90.2	27.97	31.80	81.8
27/06/2018 2:13:43 PM	3612917623	1013.00	26.47	31.80	94.3	26.91	31.80	90.4	26.89	31.80	90.5	27.98	31.80	81.7
27/06/2018 2:13:44 PM	3612917624	1013.00	26.47	31.79	94.3	26.93	31.79	90.2	26.90	31.79	90.5	28.01	31.79	81.5
27/06/2018 2:13:45 PM	3612917625	1013.00	26.51	31.79	93.9	26.95	31.79	90.0	26.90	31.79	90.5	28.00	31.79	81.6
27/06/2018 2:13:46 PM	3612917626	1013.00	26.52	31.79	93.8	26.88	31.79	90.6	26.89	31.79	90.6	28.01	31.79	81.5
27/06/2018 2:13:47 PM	3612917627	1013.00	26.47	31.79	94.3	26.90	31.79	90.5	26.91	31.79	90.4	28.00	31.79	81.6
27/06/2018 2:13:48 PM	3612917628	1013.00	26.48	31.79	94.2	26.93	31.79	90.2	26.92	31.79	90.3	28.03	31.79	81.3
27/06/2018 2:13:49 PM	3612917629	1013.00	26.48	31.79	94.2	26.94	31.79	90.1	26.92	31.79	90.3	28.02	31.79	81.4
27/06/2018 2:13:50 PM	3612917630	1013.00	26.47	31.79	94.3	26.91	31.79	90.4	26.95	31.79	90.0	28.03	31.79	81.3
27/06/2018 2:13:51 PM	3612917631	1013.00	26.50	31.79	94.0	26.98	31.79	89.8	26.94	31.79	90.1	28.05	31.79	81.2
27/06/2018 2:13:52 PM	3612917632	1013.00	26.50	31.79	94.0	26.87	31.79	90.7	26.93	31.79	90.2	28.06	31.79	81.1
27/06/2018 2:13:53 PM	3612917633	1013.00	26.48	31.80	94.2	26.90	31.80	90.5	26.95	31.80	90.0	28.05	31.80	81.2
27/06/2018 2:13:54 PM	3612917634	1013.00	26.46	31.80	94.3	26.95	31.80	90.0	26.96	31.80	89.9	28.07	31.80	81.0
27/06/2018 2:13:55 PM	3612917635	1013.00	26.47	31.80	94.3	26.93	31.80	90.2	26.93	31.80	90.2	28.08	31.80	80.9
27/06/2018 2:13:56 PM	3612917636	1013.00	26.47	31.80	94.3	26.93	31.80	90.2	26.97	31.80	89.8	28.05	31.80	81.2
27/06/2018 2:13:57 PM	3612917637	1013.00	26.50	31.80	94.0	26.97	31.80	89.8	26.94	31.80	90.1	28.06	31.80	81.1
27/06/2018 2:13:58 PM	3612917638	1013.00	26.53	31.80	93.7	27.00	31.80	89.6	26.94	31.80	90.1	28.07	31.80	81.0
27/06/2018 2:13:59 PM	3612917639	1013.00	26.48	31.80	94.2	26.99	31.80	89.7	26.96	31.80	89.9	28.09	31.80	80.9
27/06/2018 2:14:00 PM	3612917640	1013.00	26.52	31.80	93.8	26.90	31.80	90.5	27.01	31.80	89.5	28.06	31.80	81.1
27/06/2018 2:14:01 PM	3612917641	1013.00	26.49	31.80	94.1	26.96	31.80	89.9	27.01	31.80	89.5	28.06	31.80	81.1
27/06/2018 2:14:02 PM	3612917642	1013.00	26.50	31.80	94.0	26.98	31.80	89.8	26.98	31.80	89.8	28.12	31.80	80.6
27/06/2018 2:14:03 PM	3612917643	1013.00	26.55	31.80	93.5	26.95	31.80	90.0	27.00	31.80	89.6	28.10	31.80	80.8
27/06/2018 2:14:04 PM	3612917644	1013.00	26.51	31.80	93.9	26.95	31.80	90.0	27.01	31.80	89.5	28.11	31.80	80.7
27/06/2018 2:14:05 PM	3612917645	1013.00	26.51	31.81	93.9	26.97	31.81	89.8	27.00	31.81	89.6	28.10	31.81	80.8
27/06/2018 2:14:06 PM	3612917646	1013.00	26.50	31.81	94.0	26.96	31.81	89.9	27.02	31.81	89.4	28.08	31.81	80.9
27/06/2018 2:14:07 PM	3612917647	1013.00	26.53	31.80	93.7	27.01	31.80	89.5	27.02	31.80	89.4	28.08	31.80	80.9
27/06/2018 2:14:08 PM	3612917648	1013.00	26.53	31.80	93.7	26.95	31.80	90.0	27.04	31.80	89.3	28.10	31.80	80.8
27/06/2018 2:14:09 PM	3612917649	1013.00	26.49	31.80	94.1	26.99	31.80	89.7	27.06	31.80	89.1	28.11	31.80	80.7
27/06/2018 2:14:10 PM	3612917650	1013.00	26.54	31.80	93.6	26.98	31.80	89.8	27.05	31.80	89.2	28.11	31.80	80.7
27/06/2018 2:14:11 PM	3612917651	1013.00	26.50	31.80	94.0	26.97	31.80	89.8	27.03	31.80	89.3	28.11	31.80	80.7
27/06/2018 2:14:12 PM	3612917652	1013.00	26.54	31.80	93.6	27.03	31.80	89.3	27.04	31.80	89.3	28.14	31.80	80.5
