Date & time of file creation	11/07/2018 10:15 AM													
Data file path	C:\Users\ameli\Desktop\Diego Barneche\2018_07_11\26_C_new_witrox_23.txt													
														
														
CALIBRATION DATA														
Parameter/Channel	N moving average	LO phase [r.U.]	HI phase [r.U.]	LO oxygen [%air saturation]	HI oxygen [%air saturation]	LO temperature [°C]	HI temperature [°C]	Salinity [‰]						
SDWD0003000199      , CH 1	1	59.63	27.03	0.00	100.00	25.99	25.93	0.000						
SDWD0003000199      , CH 2	1	59.63	27.03	0.00	100.00	25.99	25.93	0.000						
SDWD0003000199      , CH 3	1	59.63	27.03	0.00	100.00	25.99	25.93	0.000						
SDWD0003000199      , CH 4	1	59.63	27.03	0.00	100.00	25.99	25.93	0.000						
														
														
Date &Time [DD-MM-YYYY HH:MM:SS]	Time stamp code	Barometric pressure [hPa]	SDWD0003000199      , CH 1 phase [r.U.]	SDWD0003000199      , CH 1 temp [°C]	SDWD0003000199      , CH 1 O2 [% air saturation]	SDWD0003000199      , CH 2 phase [r.U.]	SDWD0003000199      , CH 2 temp [°C]	SDWD0003000199      , CH 2 O2 [% air saturation]	SDWD0003000199      , CH 3 phase [r.U.]	SDWD0003000199      , CH 3 temp [°C]	SDWD0003000199      , CH 3 O2 [% air saturation]	SDWD0003000199      , CH 4 phase [r.U.]	SDWD0003000199      , CH 4 temp [°C]	SDWD0003000199      , CH 4 O2 [% air saturation]
11/07/2018 10:20:09 AM	3614113209	1013.00	27.58	26.03	94.8	27.66	26.03	94.1	27.10	26.03	99.2	27.01	26.03	100.0
11/07/2018 10:20:10 AM	3614113210	1013.00	27.60	26.03	94.6	27.67	26.03	94.0	27.08	26.03	99.4	26.99	26.03	100.2
11/07/2018 10:20:11 AM	3614113211	1013.00	27.61	26.02	94.5	27.63	26.02	94.4	27.17	26.02	98.5	26.98	26.02	100.3
11/07/2018 10:20:12 AM	3614113212	1013.00	27.57	26.03	94.9	27.66	26.03	94.1	27.13	26.03	98.9	26.93	26.03	100.8
11/07/2018 10:20:13 AM	3614113213	1013.00	27.55	26.03	95.0	27.66	26.03	94.1	27.13	26.03	98.9	26.99	26.03	100.2
11/07/2018 10:20:14 AM	3614113214	1013.00	27.62	26.03	94.4	27.65	26.03	94.2	27.08	26.03	99.4	26.93	26.03	100.8
11/07/2018 10:20:15 AM	3614113215	1013.00	27.60	26.03	94.6	27.66	26.03	94.1	27.14	26.03	98.8	26.94	26.03	100.7
11/07/2018 10:20:16 AM	3614113216	1013.00	27.63	26.04	94.3	27.72	26.04	93.5	27.11	26.04	99.1	26.93	26.04	100.8
11/07/2018 10:20:17 AM	3614113217	1013.00	27.59	26.03	94.7	27.64	26.03	94.2	27.09	26.03	99.3	26.99	26.03	100.2
11/07/2018 10:20:18 AM	3614113218	1013.00	27.62	26.03	94.4	27.66	26.03	94.1	27.14	26.03	98.8	27.02	26.03	99.9
11/07/2018 10:20:19 AM	3614113219	1013.00	27.63	26.03	94.3	27.67	26.03	94.0	27.08	26.03	99.4	27.00	26.03	100.1
11/07/2018 10:20:20 AM	3614113220	1013.00	27.58	26.04	94.8	27.66	26.04	94.1	27.10	26.04	99.2	26.98	26.04	100.3
11/07/2018 10:20:21 AM	3614113221	1013.00	27.59	26.03	94.7	27.65	26.03	94.2	27.13	26.03	98.9	27.03	26.03	99.8
11/07/2018 10:20:22 AM	3614113222	1013.00	27.59	26.04	94.7	27.67	26.04	94.0	27.15	26.04	98.7	26.95	26.04	100.6
11/07/2018 10:20:23 AM	3614113223	1013.00	27.61	26.04	94.5	27.64	26.04	94.2	27.15	26.04	98.7	26.96	26.04	100.5
11/07/2018 10:20:24 AM	3614113224	1013.00	27.56	26.04	94.9	27.64	26.04	94.2	27.11	26.04	99.1	26.98	26.04	100.3
11/07/2018 10:20:25 AM	3614113225	1013.00	27.61	26.04	94.5	27.65	26.04	94.1	27.11	26.04	99.1	26.99	26.04	100.2
11/07/2018 10:20:26 AM	3614113226	1013.00	27.64	26.04	94.2	27.67	26.04	94.0	27.13	26.04	98.9	27.00	26.04	100.1
11/07/2018 10:20:27 AM	3614113227	1013.00	27.62	26.04	94.4	27.68	26.04	93.9	27.17	26.04	98.5	26.96	26.04	100.5
11/07/2018 10:20:28 AM	3614113228	1013.00	27.63	26.04	94.3	27.68	26.04	93.9	27.13	26.04	98.9	26.98	26.04	100.3
11/07/2018 10:20:29 AM	3614113229	1013.00	27.62	26.04	94.4	27.68	26.04	93.9	27.16	26.04	98.6	27.02	26.04	99.9
11/07/2018 10:20:30 AM	3614113230	1013.00	27.59	26.04	94.7	27.64	26.04	94.2	27.13	26.04	98.9	26.95	26.04	100.6
11/07/2018 10:20:31 AM	3614113231	1013.00	27.62	26.04	94.4	27.67	26.04	94.0	27.13	26.04	98.9	26.98	26.04	100.3
11/07/2018 10:20:32 AM	3614113232	1013.00	27.62	26.04	94.4	27.62	26.04	94.4	27.13	26.04	98.9	27.04	26.04	99.7
11/07/2018 10:20:33 AM	3614113233	1013.00	27.54	26.04	95.1	27.67	26.04	94.0	27.15	26.04	98.7	26.98	26.04	100.3
11/07/2018 10:20:34 AM	3614113234	1013.00	27.60	26.04	94.6	27.69	26.04	93.8	27.15	26.04	98.7	26.99	26.04	100.2
11/07/2018 10:20:35 AM	3614113235	1013.00	27.63	26.03	94.3	27.73	26.03	93.5	27.12	26.03	99.0	26.97	26.03	100.4
11/07/2018 10:20:36 AM	3614113236	1013.00	27.59	26.02	94.7	27.72	26.02	93.6	27.17	26.02	98.5	27.02	26.02	99.9
11/07/2018 10:20:37 AM	3614113237	1013.00	27.56	26.03	95.0	27.64	26.03	94.2	27.12	26.03	99.0	27.01	26.03	100.0
11/07/2018 10:20:38 AM	3614113238	1013.00	27.59	26.02	94.7	27.69	26.02	93.8	27.14	26.02	98.8	27.01	26.02	100.0
11/07/2018 10:20:39 AM	3614113239	1013.00	27.58	26.02	94.8	27.66	26.02	94.1	27.11	26.02	99.1	26.97	26.02	100.4
11/07/2018 10:20:40 AM	3614113240	1013.00	27.57	26.03	94.9	27.70	26.03	93.7	27.15	26.03	98.7	27.01	26.03	100.0
11/07/2018 10:20:41 AM	3614113241	1013.00	27.60	26.03	94.6	27.66	26.03	94.1	27.23	26.03	98.0	26.99	26.03	100.2
11/07/2018 10:20:42 AM	3614113242	1013.00	27.60	26.02	94.6	27.67	26.02	94.0	27.12	26.02	99.0	26.98	26.02	100.3
11/07/2018 10:20:43 AM	3614113243	1013.00	27.59	26.03	94.7	27.63	26.03	94.3	27.10	26.03	99.2	26.97	26.03	100.4
11/07/2018 10:20:44 AM	3614113244	1013.00	27.57	26.03	94.9	27.62	26.03	94.4	27.10	26.03	99.2	26.97	26.03	100.4
11/07/2018 10:20:45 AM	3614113245	1013.00	27.59	26.03	94.7	27.64	26.03	94.2	27.10	26.03	99.2	26.99	26.03	100.2
11/07/2018 10:20:46 AM	3614113246	1013.00	27.60	26.02	94.6	27.67	26.02	94.0	27.16	26.02	98.6	26.91	26.02	101.0
11/07/2018 10:20:47 AM	3614113247	1013.00	27.66	26.02	94.1	27.66	26.02	94.1	27.13	26.02	98.9	27.00	26.02	100.1
11/07/2018 10:20:48 AM	3614113248	1013.00	27.59	26.02	94.7	27.65	26.02	94.2	27.07	26.02	99.5	26.92	26.02	100.9
11/07/2018 10:20:49 AM	3614113249	1013.00	27.65	26.02	94.2	27.70	26.02	93.7	27.12	26.02	99.0	26.99	26.02	100.2
11/07/2018 10:20:50 AM	3614113250	1013.00	27.60	26.02	94.6	27.66	26.02	94.1	27.15	26.02	98.7	27.06	26.02	99.6
11/07/2018 10:20:51 AM	3614113251	1013.00	27.64	26.02	94.3	27.69	26.02	93.8	27.11	26.02	99.1	26.94	26.02	100.7
11/07/2018 10:20:52 AM	3614113252	1013.00	27.59	26.03	94.7	27.67	26.03	94.0	27.10	26.03	99.2	26.95	26.03	100.6
11/07/2018 10:20:53 AM	3614113253	1013.00	27.63	26.03	94.3	27.64	26.03	94.2	27.17	26.03	98.5	26.98	26.03	100.3
11/07/2018 10:20:54 AM	3614113254	1013.00	27.62	26.03	94.4	27.67	26.03	94.0	27.15	26.03	98.7	26.97	26.03	100.4
11/07/2018 10:20:55 AM	3614113255	1013.00	27.61	26.02	94.5	27.70	26.02	93.7	27.14	26.02	98.8	26.95	26.02	100.6
11/07/2018 10:20:56 AM	3614113256	1013.00	27.63	26.02	94.4	27.69	26.02	93.8	27.12	26.02	99.0	26.96	26.02	100.5
11/07/2018 10:20:57 AM	3614113257	1013.00	27.57	26.02	94.9	27.65	26.02	94.2	27.16	26.02	98.6	26.99	26.02	100.2
11/07/2018 10:20:58 AM	3614113258	1013.00	27.64	26.02	94.3	27.66	26.02	94.1	27.15	26.02	98.7	26.93	26.02	100.8
11/07/2018 10:20:59 AM	3614113259	1013.00	27.61	26.02	94.5	27.66	26.02	94.1	27.11	26.02	99.1	26.94	26.02	100.7
11/07/2018 10:21:00 AM	3614113260	1013.00	27.61	26.02	94.5	27.69	26.02	93.8	27.09	26.02	99.3	27.00	26.02	100.1
11/07/2018 10:21:01 AM	3614113261	1013.00	27.66	26.03	94.1	27.69	26.03	93.8	27.12	26.03	99.0	27.01	26.03	100.0
11/07/2018 10:21:02 AM	3614113262	1013.00	27.64	26.03	94.2	27.68	26.03	93.9	27.11	26.03	99.1	26.94	26.03	100.7
11/07/2018 10:21:03 AM	3614113263	1013.00	27.61	26.03	94.5	27.72	26.03	93.5	27.12	26.03	99.0	27.01	26.03	100.0
11/07/2018 10:21:04 AM	3614113264	1013.00	27.64	26.03	94.2	27.67	26.03	94.0	27.13	26.03	98.9	27.03	26.03	99.8
11/07/2018 10:21:05 AM	3614113265	1013.00	27.63	26.03	94.3	27.69	26.03	93.8	27.13	26.03	98.9	26.99	26.03	100.2
11/07/2018 10:21:06 AM	3614113266	1013.00	27.57	26.03	94.9	27.67	26.03	94.0	27.19	26.03	98.3	27.04	26.03	99.7
11/07/2018 10:21:07 AM	3614113267	1013.00	27.63	26.03	94.3	27.63	26.03	94.3	27.16	26.03	98.6	27.01	26.03	100.0
11/07/2018 10:21:08 AM	3614113268	1013.00	27.63	26.03	94.3	27.67	26.03	94.0	27.15	26.03	98.7	27.00	26.03	100.1
11/07/2018 10:21:09 AM	3614113269	1013.00	27.65	26.03	94.2	27.66	26.03	94.1	27.13	26.03	98.9	26.97	26.03	100.4
11/07/2018 10:21:10 AM	3614113270	1013.00	27.62	26.03	94.4	27.69	26.03	93.8	27.20	26.03	98.2	27.02	26.03	99.9
11/07/2018 10:21:11 AM	3614113271	1013.00	27.67	26.03	94.0	27.64	26.03	94.2	27.19	26.03	98.3	27.06	26.03	99.5
11/07/2018 10:21:12 AM	3614113272	1013.00	27.61	26.03	94.5	27.65	26.03	94.2	27.13	26.03	98.9	26.98	26.03	100.3
11/07/2018 10:21:13 AM	3614113273	1013.00	27.60	26.03	94.6	27.67	26.03	94.0	27.16	26.03	98.6	27.01	26.03	100.0
11/07/2018 10:21:14 AM	3614113274	1013.00	27.64	26.02	94.3	27.68	26.02	93.9	27.14	26.02	98.8	27.06	26.02	99.6
11/07/2018 10:21:15 AM	3614113275	1013.00	27.66	26.03	94.1	27.71	26.03	93.6	27.14	26.03	98.8	26.99	26.03	100.2
11/07/2018 10:21:16 AM	3614113276	1013.00	27.62	26.03	94.4	27.66	26.03	94.1	27.13	26.03	98.9	27.02	26.03	99.9
11/07/2018 10:21:17 AM	3614113277	1013.00	27.64	26.03	94.2	27.69	26.03	93.8	27.15	26.03	98.7	27.04	26.03	99.7
11/07/2018 10:21:18 AM	3614113278	1013.00	27.66	26.03	94.1	27.72	26.03	93.5	27.11	26.03	99.1	26.98	26.03	100.3
11/07/2018 10:21:19 AM	3614113279	1013.00	27.68	26.03	93.9	27.67	26.03	94.0	27.15	26.03	98.7	27.03	26.03	99.8
11/07/2018 10:21:20 AM	3614113280	1013.00	27.67	26.02	94.0	27.72	26.02	93.6	27.13	26.02	98.9	27.00	26.02	100.1
11/07/2018 10:21:21 AM	3614113281	1013.00	27.63	26.03	94.3	27.70	26.03	93.7	27.18	26.03	98.4	27.00	26.03	100.1
11/07/2018 10:21:22 AM	3614113282	1013.00	27.67	26.03	94.0	27.70	26.03	93.7	27.10	26.03	99.2	26.99	26.03	100.2
11/07/2018 10:21:23 AM	3614113283	1013.00	27.63	26.03	94.3	27.70	26.03	93.7	27.15	26.03	98.7	27.00	26.03	100.1
11/07/2018 10:21:24 AM	3614113284	1013.00	27.65	26.02	94.2	27.75	26.02	93.3	27.18	26.02	98.4	27.04	26.02	99.8
11/07/2018 10:21:25 AM	3614113285	1013.00	27.67	26.03	94.0	27.67	26.03	94.0	27.16	26.03	98.6	27.02	26.03	99.9
11/07/2018 10:21:26 AM	3614113286	1013.00	27.64	26.03	94.2	27.71	26.03	93.6	27.12	26.03	99.0	27.02	26.03	99.9
11/07/2018 10:21:27 AM	3614113287	1013.00	27.68	26.02	93.9	27.68	26.02	93.9	27.13	26.02	98.9	27.02	26.02	99.9
11/07/2018 10:21:28 AM	3614113288	1013.00	27.67	26.02	94.0	27.72	26.02	93.6	27.14	26.02	98.8	27.02	26.02	99.9
11/07/2018 10:21:29 AM	3614113289	1013.00	27.69	26.03	93.8	27.68	26.03	93.9	27.09	26.03	99.3	27.03	26.03	99.8
11/07/2018 10:21:30 AM	3614113290	1013.00	27.69	26.03	93.8	27.72	26.03	93.5	27.11	26.03	99.1	27.03	26.03	99.8
11/07/2018 10:21:31 AM	3614113291	1013.00	27.65	26.02	94.2	27.69	26.02	93.8	27.15	26.02	98.7	27.08	26.02	99.4
11/07/2018 10:21:32 AM	3614113292	1013.00	27.66	26.02	94.1	27.71	26.02	93.6	27.17	26.02	98.5	27.05	26.02	99.7
11/07/2018 10:21:33 AM	3614113293	1013.00	27.69	26.02	93.8	27.72	26.02	93.6	27.22	26.02	98.1	27.05	26.02	99.7
11/07/2018 10:21:34 AM	3614113294	1013.00	27.67	26.02	94.0	27.73	26.02	93.5	27.15	26.02	98.7	27.13	26.02	98.9
11/07/2018 10:21:35 AM	3614113295	1013.00	27.65	26.01	94.2	27.74	26.01	93.4	27.18	26.01	98.5	27.05	26.01	99.7
11/07/2018 10:21:36 AM	3614113296	1013.00	27.66	26.01	94.1	27.74	26.01	93.4	27.15	26.01	98.7	27.03	26.01	99.9
11/07/2018 10:21:37 AM	3614113297	1013.00	27.69	26.02	93.8	27.76	26.02	93.2	27.12	26.02	99.0	27.00	26.02	100.1
11/07/2018 10:21:38 AM	3614113298	1013.00	27.68	26.02	93.9	27.70	26.02	93.7	27.15	26.02	98.7	27.08	26.02	99.4
11/07/2018 10:21:39 AM	3614113299	1013.00	27.64	26.02	94.3	27.73	26.02	93.5	27.18	26.02	98.4	27.01	26.02	100.0
11/07/2018 10:21:40 AM	3614113300	1013.00	27.72	26.02	93.6	27.75	26.02	93.3	27.18	26.02	98.4	27.04	26.02	99.8
11/07/2018 10:21:41 AM	3614113301	1013.00	27.67	26.03	94.0	27.75	26.03	93.3	27.19	26.03	98.3	27.04	26.03	99.7
11/07/2018 10:21:42 AM	3614113302	1013.00	27.71	26.02	93.6	27.73	26.02	93.5	27.16	26.02	98.6	27.03	26.02	99.8
11/07/2018 10:21:43 AM	3614113303	1013.00	27.72	26.02	93.6	27.76	26.02	93.2	27.17	26.02	98.5	27.09	26.02	99.3
11/07/2018 10:21:44 AM	3614113304	1013.00	27.65	26.02	94.2	27.70	26.02	93.7	27.13	26.02	98.9	27.04	26.02	99.8
11/07/2018 10:21:45 AM	3614113305	1013.00	27.70	26.02	93.7	27.72	26.02	93.6	27.18	26.02	98.4	27.14	26.02	98.8
11/07/2018 10:21:46 AM	3614113306	1013.00	27.70	26.02	93.7	27.73	26.02	93.5	27.17	26.02	98.5	27.05	26.02	99.7
11/07/2018 10:21:47 AM	3614113307	1013.00	27.70	26.03	93.7	27.72	26.03	93.5	27.19	26.03	98.3	27.07	26.03	99.5
11/07/2018 10:21:48 AM	3614113308	1013.00	27.67	26.03	94.0	27.81	26.03	92.8	27.21	26.03	98.1	27.07	26.03	99.5
11/07/2018 10:21:49 AM	3614113309	1013.00	27.68	26.03	93.9	27.75	26.03	93.3	27.17	26.03	98.5	27.06	26.03	99.5
11/07/2018 10:21:50 AM	3614113310	1013.00	27.71	26.03	93.6	27.78	26.03	93.0	27.17	26.03	98.5	27.04	26.03	99.7
11/07/2018 10:21:51 AM	3614113311	1013.00	27.72	26.03	93.5	27.80	26.03	92.8	27.11	26.03	99.1	27.03	26.03	99.8
11/07/2018 10:21:52 AM	3614113312	1013.00	27.72	26.03	93.5	27.82	26.03	92.7	27.18	26.03	98.4	27.02	26.03	99.9
11/07/2018 10:21:53 AM	3614113313	1013.00	27.70	26.02	93.7	27.82	26.02	92.7	27.14	26.02	98.8	27.04	26.02	99.8
11/07/2018 10:21:54 AM	3614113314	1013.00	27.74	26.02	93.4	27.77	26.02	93.1	27.18	26.02	98.4	27.03	26.02	99.8
11/07/2018 10:21:55 AM	3614113315	1013.00	27.77	26.01	93.1	27.77	26.01	93.1	27.16	26.01	98.6	27.07	26.01	99.5
11/07/2018 10:21:56 AM	3614113316	1013.00	27.76	26.00	93.2	27.83	26.00	92.6	27.10	26.00	99.2	26.98	26.00	100.4
11/07/2018 10:21:57 AM	3614113317	1013.00	27.73	26.00	93.5	27.81	26.00	92.8	27.19	26.00	98.4	27.11	26.00	99.1
11/07/2018 10:21:58 AM	3614113318	1013.00	27.74	26.00	93.4	27.78	26.00	93.1	27.14	26.00	98.8	27.04	26.00	99.8
11/07/2018 10:21:59 AM	3614113319	1013.00	27.75	26.00	93.3	27.79	26.00	93.0	27.17	26.00	98.6	27.04	26.00	99.8
11/07/2018 10:22:00 AM	3614113320	1013.00	27.76	26.01	93.2	27.79	26.01	93.0	27.19	26.01	98.4	27.10	26.01	99.2
11/07/2018 10:22:01 AM	3614113321	1013.00	27.76	26.01	93.2	27.85	26.01	92.4	27.21	26.01	98.2	27.12	26.01	99.0
11/07/2018 10:22:02 AM	3614113322	1013.00	27.78	26.01	93.1	27.83	26.01	92.6	27.17	26.01	98.5	27.04	26.01	99.8
11/07/2018 10:22:03 AM	3614113323	1013.00	27.74	26.01	93.4	27.80	26.01	92.9	27.18	26.01	98.5	27.12	26.01	99.0
11/07/2018 10:22:04 AM	3614113324	1013.00	27.76	26.01	93.2	27.78	26.01	93.1	27.14	26.01	98.8	27.02	26.01	100.0
11/07/2018 10:22:05 AM	3614113325	1013.00	27.76	26.01	93.2	27.77	26.01	93.1	27.21	26.01	98.2	27.03	26.01	99.9
11/07/2018 10:22:06 AM	3614113326	1013.00	27.77	26.01	93.1	27.84	26.01	92.5	27.13	26.01	98.9	27.08	26.01	99.4
11/07/2018 10:22:07 AM	3614113327	1013.00	27.78	26.01	93.1	27.87	26.01	92.3	27.18	26.01	98.5	27.06	26.01	99.6
11/07/2018 10:22:08 AM	3614113328	1013.00	27.72	26.02	93.6	27.83	26.02	92.6	27.21	26.02	98.2	27.08	26.02	99.4
11/07/2018 10:22:09 AM	3614113329	1013.00	27.81	26.02	92.8	27.90	26.02	92.0	27.23	26.02	98.0	27.09	26.02	99.3
11/07/2018 10:22:10 AM	3614113330	1013.00	27.75	26.02	93.3	27.89	26.02	92.1	27.18	26.02	98.4	27.07	26.02	99.5
11/07/2018 10:22:11 AM	3614113331	1013.00	27.81	26.02	92.8	27.83	26.02	92.6	27.17	26.02	98.5	27.16	26.02	98.6
11/07/2018 10:22:12 AM	3614113332	1013.00	27.80	26.02	92.9	27.87	26.02	92.3	27.13	26.02	98.9	27.05	26.02	99.7
11/07/2018 10:22:13 AM	3614113333	1013.00	27.73	26.02	93.5	27.84	26.02	92.5	27.14	26.02	98.8	27.09	26.02	99.3
11/07/2018 10:22:14 AM	3614113334	1013.00	27.77	26.02	93.1	27.85	26.02	92.4	27.21	26.02	98.2	27.06	26.02	99.6
11/07/2018 10:22:15 AM	3614113335	1013.00	27.77	26.02	93.1	27.88	26.02	92.2	27.17	26.02	98.5	27.05	26.02	99.7
11/07/2018 10:22:16 AM	3614113336	1013.00	27.85	26.01	92.4	27.84	26.01	92.5	27.18	26.01	98.5	27.14	26.01	98.8
11/07/2018 10:22:17 AM	3614113337	1013.00	27.78	26.01	93.1	27.82	26.01	92.7	27.20	26.01	98.3	27.06	26.01	99.6
11/07/2018 10:22:18 AM	3614113338	1013.00	27.78	26.00	93.1	27.86	26.00	92.4	27.16	26.00	98.7	27.09	26.00	99.3
11/07/2018 10:22:19 AM	3614113339	1013.00	27.79	26.00	93.0	27.88	26.00	92.2	27.17	26.00	98.6	27.04	26.00	99.8
11/07/2018 10:22:20 AM	3614113340	1013.00	27.80	26.00	92.9	27.87	26.00	92.3	27.18	26.00	98.5	27.08	26.00	99.4
11/07/2018 10:22:21 AM	3614113341	1013.00	27.79	26.01	93.0	27.91	26.01	91.9	27.22	26.01	98.1	27.03	26.01	99.9
11/07/2018 10:22:22 AM	3614113342	1013.00	27.78	26.01	93.1	27.89	26.01	92.1	27.22	26.01	98.1	27.06	26.01	99.6
11/07/2018 10:22:23 AM	3614113343	1013.00	27.79	26.01	93.0	27.91	26.01	91.9	27.22	26.01	98.1	27.06	26.01	99.6
11/07/2018 10:22:24 AM	3614113344	1013.00	27.82	26.01	92.7	27.93	26.01	91.8	27.17	26.01	98.5	27.05	26.01	99.7
11/07/2018 10:22:25 AM	3614113345	1013.00	27.79	26.01	93.0	27.87	26.01	92.3	27.21	26.01	98.2	27.07	26.01	99.5
11/07/2018 10:22:26 AM	3614113346	1013.00	27.74	26.01	93.4	27.89	26.01	92.1	27.20	26.01	98.3	27.11	26.01	99.1
11/07/2018 10:22:27 AM	3614113347	1013.00	27.85	26.01	92.4	27.95	26.01	91.6	27.19	26.01	98.4	27.19	26.01	98.4
11/07/2018 10:22:28 AM	3614113348	1013.00	27.80	26.01	92.9	27.93	26.01	91.8	27.17	26.01	98.5	27.12	26.01	99.0
11/07/2018 10:22:29 AM	3614113349	1013.00	27.83	26.00	92.6	27.92	26.00	91.9	27.21	26.00	98.2	27.13	26.00	98.9
11/07/2018 10:22:30 AM	3614113350	1013.00	27.78	26.00	93.1	27.92	26.00	91.9	27.18	26.00	98.5	27.05	26.00	99.7
11/07/2018 10:22:31 AM	3614113351	1013.00	27.82	26.00	92.7	27.95	26.00	91.6	27.18	26.00	98.5	27.13	26.00	98.9
11/07/2018 10:22:32 AM	3614113352	1013.00	27.78	26.00	93.1	27.91	26.00	91.9	27.18	26.00	98.5	27.08	26.00	99.4
11/07/2018 10:22:33 AM	3614113353	1013.00	27.83	26.00	92.6	27.92	26.00	91.9	27.18	26.00	98.5	27.13	26.00	98.9
11/07/2018 10:22:34 AM	3614113354	1013.00	27.79	26.01	93.0	27.93	26.01	91.8	27.16	26.01	98.6	27.12	26.01	99.0
11/07/2018 10:22:35 AM	3614113355	1013.00	27.81	26.01	92.8	27.94	26.01	91.7	27.19	26.01	98.4	27.10	26.01	99.2
11/07/2018 10:22:36 AM	3614113356	1013.00	27.83	26.01	92.6	27.95	26.01	91.6	27.17	26.01	98.5	27.10	26.01	99.2
11/07/2018 10:22:37 AM	3614113357	1013.00	27.83	26.01	92.6	27.93	26.01	91.8	27.21	26.01	98.2	27.10	26.01	99.2
11/07/2018 10:22:38 AM	3614113358	1013.00	27.84	26.01	92.5	27.89	26.01	92.1	27.20	26.01	98.3	27.13	26.01	98.9
11/07/2018 10:22:39 AM	3614113359	1013.00	27.83	26.01	92.6	27.93	26.01	91.8	27.15	26.01	98.7	27.12	26.01	99.0
11/07/2018 10:22:40 AM	3614113360	1013.00	27.76	26.01	93.2	27.94	26.01	91.7	27.19	26.01	98.4	27.09	26.01	99.3
11/07/2018 10:22:41 AM	3614113361	1013.00	27.80	26.01	92.9	27.98	26.01	91.3	27.18	26.01	98.5	27.09	26.01	99.3
11/07/2018 10:22:42 AM	3614113362	1013.00	27.88	26.01	92.2	27.95	26.01	91.6	27.20	26.01	98.3	27.09	26.01	99.3
11/07/2018 10:22:43 AM	3614113363	1013.00	27.82	26.01	92.7	27.94	26.01	91.7	27.19	26.01	98.4	27.09	26.01	99.3
11/07/2018 10:22:44 AM	3614113364	1013.00	27.85	26.01	92.4	27.96	26.01	91.5	27.23	26.01	98.0	27.15	26.01	98.7
11/07/2018 10:22:45 AM	3614113365	1013.00	27.83	26.01	92.6	28.01	26.01	91.1	27.24	26.01	97.9	27.14	26.01	98.8
11/07/2018 10:22:46 AM	3614113366	1013.00	27.79	26.01	93.0	28.00	26.01	91.2	27.20	26.01	98.3	27.20	26.01	98.3
11/07/2018 10:22:47 AM	3614113367	1013.00	27.85	26.01	92.4	28.02	26.01	91.0	27.22	26.01	98.1	27.14	26.01	98.8
11/07/2018 10:22:48 AM	3614113368	1013.00	27.82	26.01	92.7	28.05	26.01	90.7	27.18	26.01	98.5	27.11	26.01	99.1
11/07/2018 10:22:49 AM	3614113369	1013.00	27.91	26.01	91.9	27.97	26.01	91.4	27.20	26.01	98.3	27.15	26.01	98.7
11/07/2018 10:22:50 AM	3614113370	1013.00	27.92	26.01	91.8	28.00	26.01	91.2	27.20	26.01	98.3	27.12	26.01	99.0
11/07/2018 10:22:51 AM	3614113371	1013.00	27.85	26.01	92.4	27.98	26.01	91.3	27.21	26.01	98.2	27.16	26.01	98.6
11/07/2018 10:22:52 AM	3614113372	1013.00	27.89	26.01	92.1	28.04	26.01	90.8	27.25	26.01	97.8	27.15	26.01	98.7
11/07/2018 10:22:53 AM	3614113373	1013.00	27.84	26.01	92.5	28.05	26.01	90.7	27.20	26.01	98.3	27.15	26.01	98.7
11/07/2018 10:22:54 AM	3614113374	1013.00	27.87	26.01	92.3	28.04	26.01	90.8	27.22	26.01	98.1	27.18	26.01	98.5
11/07/2018 10:22:55 AM	3614113375	1013.00	27.86	26.01	92.4	28.03	26.01	90.9	27.20	26.01	98.3	27.19	26.01	98.4
11/07/2018 10:22:56 AM	3614113376	1013.00	27.87	26.01	92.3	28.03	26.01	90.9	27.25	26.01	97.8	27.19	26.01	98.4
11/07/2018 10:22:57 AM	3614113377	1013.00	27.90	26.00	92.0	28.02	26.00	91.0	27.18	26.00	98.5	27.14	26.00	98.8
11/07/2018 10:22:58 AM	3614113378	1013.00	27.84	26.00	92.5	28.08	26.00	90.5	27.22	26.00	98.1	27.15	26.00	98.8
11/07/2018 10:22:59 AM	3614113379	1013.00	27.87	26.01	92.3	28.00	26.01	91.2	27.24	26.01	97.9	27.16	26.01	98.6
11/07/2018 10:23:00 AM	3614113380	1013.00	27.88	26.01	92.2	28.06	26.01	90.7	27.26	26.01	97.7	27.21	26.01	98.2
11/07/2018 10:23:01 AM	3614113381	1013.00	27.88	26.01	92.2	28.10	26.01	90.3	27.19	26.01	98.4	27.17	26.01	98.5
11/07/2018 10:23:02 AM	3614113382	1013.00	27.87	26.01	92.3	28.07	26.01	90.6	27.22	26.01	98.1	27.20	26.01	98.3
11/07/2018 10:23:03 AM	3614113383	1013.00	27.90	26.01	92.0	28.10	26.01	90.3	27.24	26.01	97.9	27.20	26.01	98.3
11/07/2018 10:23:04 AM	3614113384	1013.00	27.88	26.01	92.2	28.04	26.01	90.8	27.22	26.01	98.1	27.20	26.01	98.3
11/07/2018 10:23:05 AM	3614113385	1013.00	27.88	26.01	92.2	28.03	26.01	90.9	27.25	26.01	97.8	27.25	26.01	97.8
11/07/2018 10:23:06 AM	3614113386	1013.00	27.92	26.01	91.8	28.06	26.01	90.7	27.24	26.01	97.9	27.20	26.01	98.3
11/07/2018 10:23:07 AM	3614113387	1013.00	27.93	26.01	91.8	28.09	26.01	90.4	27.24	26.01	97.9	27.19	26.01	98.4
11/07/2018 10:23:08 AM	3614113388	1013.00	27.91	26.01	91.9	28.11	26.01	90.2	27.19	26.01	98.4	27.22	26.01	98.1
11/07/2018 10:23:09 AM	3614113389	1013.00	27.88	26.00	92.2	28.10	26.00	90.3	27.24	26.00	97.9	27.14	26.00	98.8
11/07/2018 10:23:10 AM	3614113390	1013.00	27.94	26.00	91.7	28.10	26.00	90.3	27.23	26.00	98.0	27.17	26.00	98.6
11/07/2018 10:23:11 AM	3614113391	1013.00	27.91	26.00	91.9	28.09	26.00	90.4	27.26	26.00	97.7	27.17	26.00	98.6
11/07/2018 10:23:12 AM	3614113392	1013.00	27.92	26.00	91.9	28.12	26.00	90.2	27.22	26.00	98.1	27.25	26.00	97.8
11/07/2018 10:23:13 AM	3614113393	1013.00	27.93	26.00	91.8	28.10	26.00	90.3	27.27	26.00	97.6	27.32	26.00	97.2
11/07/2018 10:23:14 AM	3614113394	1013.00	27.99	26.00	91.3	28.15	26.00	89.9	27.23	26.00	98.0	27.21	26.00	98.2
11/07/2018 10:23:15 AM	3614113395	1013.00	27.90	26.01	92.0	28.14	26.01	90.0	27.23	26.01	98.0	27.24	26.01	97.9
11/07/2018 10:23:16 AM	3614113396	1013.00	27.92	26.01	91.8	28.17	26.01	89.7	27.25	26.01	97.8	27.23	26.01	98.0
11/07/2018 10:23:17 AM	3614113397	1013.00	27.92	26.01	91.8	28.12	26.01	90.2	27.20	26.01	98.3	27.23	26.01	98.0
11/07/2018 10:23:18 AM	3614113398	1013.00	27.89	26.02	92.1	28.16	26.02	89.8	27.24	26.02	97.9	27.24	26.02	97.9
11/07/2018 10:23:19 AM	3614113399	1013.00	27.97	26.02	91.4	28.16	26.02	89.8	27.21	26.02	98.2	27.23	26.02	98.0
11/07/2018 10:23:20 AM	3614113400	1013.00	27.97	26.02	91.4	28.18	26.02	89.6	27.17	26.02	98.5	27.32	26.02	97.1
11/07/2018 10:23:21 AM	3614113401	1013.00	27.96	26.02	91.5	28.13	26.02	90.1	27.27	26.02	97.6	27.30	26.02	97.3
11/07/2018 10:23:22 AM	3614113402	1013.00	27.93	26.02	91.7	28.19	26.02	89.6	27.21	26.02	98.2	27.22	26.02	98.1
11/07/2018 10:23:23 AM	3614113403	1013.00	27.94	26.02	91.7	28.18	26.02	89.6	27.20	26.02	98.3	27.22	26.02	98.1
11/07/2018 10:23:24 AM	3614113404	1013.00	27.94	26.01	91.7	28.18	26.01	89.7	27.24	26.01	97.9	27.26	26.01	97.7
11/07/2018 10:23:25 AM	3614113405	1013.00	27.96	26.01	91.5	28.16	26.01	89.8	27.25	26.01	97.8	27.20	26.01	98.3
11/07/2018 10:23:26 AM	3614113406	1013.00	27.95	26.01	91.6	28.24	26.01	89.2	27.23	26.01	98.0	27.30	26.01	97.3
11/07/2018 10:23:27 AM	3614113407	1013.00	27.97	26.01	91.4	28.16	26.01	89.8	27.24	26.01	97.9	27.24	26.01	97.9
11/07/2018 10:23:28 AM	3614113408	1013.00	28.02	26.01	91.0	28.17	26.01	89.7	27.22	26.01	98.1	27.26	26.01	97.7
11/07/2018 10:23:29 AM	3614113409	1013.00	27.98	26.01	91.3	28.16	26.01	89.8	27.20	26.01	98.3	27.26	26.01	97.7
11/07/2018 10:23:30 AM	3614113410	1013.00	27.99	26.01	91.2	28.24	26.01	89.2	27.21	26.01	98.2	27.27	26.01	97.6
11/07/2018 10:23:31 AM	3614113411	1013.00	27.99	26.00	91.3	28.20	26.00	89.5	27.22	26.00	98.1	27.26	26.00	97.7
11/07/2018 10:23:32 AM	3614113412	1013.00	28.00	26.00	91.2	28.23	26.00	89.3	27.24	26.00	97.9	27.29	26.00	97.5
11/07/2018 10:23:33 AM	3614113413	1013.00	28.00	26.01	91.2	28.23	26.01	89.2	27.27	26.01	97.6	27.28	26.01	97.5
11/07/2018 10:23:34 AM	3614113414	1013.00	27.99	26.00	91.3	28.23	26.00	89.3	27.26	26.00	97.7	27.23	26.00	98.0
11/07/2018 10:23:35 AM	3614113415	1013.00	28.01	26.01	91.1	28.23	26.01	89.2	27.21	26.01	98.2	27.35	26.01	96.9
11/07/2018 10:23:36 AM	3614113416	1013.00	28.04	26.01	90.8	28.22	26.01	89.3	27.22	26.01	98.1	27.29	26.01	97.4
11/07/2018 10:23:37 AM	3614113417	1013.00	28.01	26.01	91.1	28.25	26.01	89.1	27.23	26.01	98.0	27.25	26.01	97.8
11/07/2018 10:23:38 AM	3614113418	1013.00	28.04	26.01	90.8	28.22	26.01	89.3	27.26	26.01	97.7	27.27	26.01	97.6
11/07/2018 10:23:39 AM	3614113419	1013.00	28.04	26.00	90.8	28.27	26.00	88.9	27.29	26.00	97.5	27.25	26.00	97.8
11/07/2018 10:23:40 AM	3614113420	1013.00	28.03	26.00	90.9	28.25	26.00	89.1	27.27	26.00	97.6	27.23	26.00	98.0
11/07/2018 10:23:41 AM	3614113421	1013.00	28.03	26.00	90.9	28.26	26.00	89.0	27.21	26.00	98.2	27.30	26.00	97.4
11/07/2018 10:23:42 AM	3614113422	1013.00	28.04	26.00	90.8	28.25	26.00	89.1	27.25	26.00	97.8	27.32	26.00	97.2
11/07/2018 10:23:43 AM	3614113423	1013.00	28.02	26.00	91.0	28.21	26.00	89.4	27.30	26.00	97.4	27.30	26.00	97.4
11/07/2018 10:23:44 AM	3614113424	1013.00	28.05	26.01	90.7	28.25	26.01	89.1	27.33	26.01	97.1	27.30	26.01	97.3
11/07/2018 10:23:45 AM	3614113425	1013.00	28.00	26.01	91.2	28.25	26.01	89.1	27.22	26.01	98.1	27.31	26.01	97.3
11/07/2018 10:23:46 AM	3614113426	1013.00	28.07	26.00	90.6	28.26	26.00	89.0	27.28	26.00	97.5	27.34	26.00	97.0
11/07/2018 10:23:47 AM	3614113427	1013.00	28.00	26.01	91.2	28.26	26.01	89.0	27.24	26.01	97.9	27.33	26.01	97.1
11/07/2018 10:23:48 AM	3614113428	1013.00	28.04	26.01	90.8	28.25	26.01	89.1	27.28	26.01	97.5	27.30	26.01	97.3
11/07/2018 10:23:49 AM	3614113429	1013.00	28.07	26.00	90.6	28.27	26.00	88.9	27.25	26.00	97.8	27.31	26.00	97.3
11/07/2018 10:23:50 AM	3614113430	1013.00	28.05	26.00	90.8	28.29	26.00	88.8	27.33	26.00	97.1	27.28	26.00	97.5
11/07/2018 10:23:51 AM	3614113431	1013.00	28.04	26.01	90.8	28.28	26.01	88.8	27.25	26.01	97.8	27.31	26.01	97.3
11/07/2018 10:23:52 AM	3614113432	1013.00	28.03	26.01	90.9	28.27	26.01	88.9	27.23	26.01	98.0	27.32	26.01	97.2
11/07/2018 10:23:53 AM	3614113433	1013.00	28.07	26.01	90.6	28.25	26.01	89.1	27.27	26.01	97.6	27.36	26.01	96.8
11/07/2018 10:23:54 AM	3614113434	1013.00	28.03	26.01	90.9	28.31	26.01	88.6	27.29	26.01	97.4	27.37	26.01	96.7
11/07/2018 10:23:55 AM	3614113435	1013.00	28.03	26.01	90.9	28.25	26.01	89.1	27.32	26.01	97.2	27.34	26.01	97.0
11/07/2018 10:23:56 AM	3614113436	1013.00	28.10	26.01	90.3	28.28	26.01	88.8	27.25	26.01	97.8	27.27	26.01	97.6
11/07/2018 10:23:57 AM	3614113437	1013.00	28.08	26.00	90.5	28.28	26.00	88.8	27.28	26.00	97.5	27.36	26.00	96.8
11/07/2018 10:23:58 AM	3614113438	1013.00	28.05	26.01	90.7	28.31	26.01	88.6	27.25	26.01	97.8	27.37	26.01	96.7
11/07/2018 10:23:59 AM	3614113439	1013.00	28.07	26.01	90.6	28.31	26.01	88.6	27.23	26.01	98.0	27.34	26.01	97.0
11/07/2018 10:24:00 AM	3614113440	1013.00	28.05	26.01	90.7	28.32	26.01	88.5	27.27	26.01	97.6	27.39	26.01	96.5
11/07/2018 10:24:01 AM	3614113441	1013.00	28.08	26.01	90.5	28.35	26.01	88.3	27.29	26.01	97.4	27.36	26.01	96.8
11/07/2018 10:24:02 AM	3614113442	1013.00	28.06	26.01	90.7	28.37	26.01	88.1	27.27	26.01	97.6	27.37	26.01	96.7
11/07/2018 10:24:03 AM	3614113443	1013.00	28.06	26.01	90.7	28.33	26.01	88.4	27.28	26.01	97.5	27.34	26.01	97.0
11/07/2018 10:24:04 AM	3614113444	1013.00	28.04	26.01	90.8	28.30	26.01	88.7	27.28	26.01	97.5	27.39	26.01	96.5
11/07/2018 10:24:05 AM	3614113445	1013.00	28.09	26.01	90.4	28.35	26.01	88.3	27.26	26.01	97.7	27.37	26.01	96.7
11/07/2018 10:24:06 AM	3614113446	1013.00	28.06	26.00	90.7	28.35	26.00	88.3	27.25	26.00	97.8	27.36	26.00	96.8
11/07/2018 10:24:07 AM	3614113447	1013.00	28.06	26.00	90.7	28.32	26.00	88.5	27.24	26.00	97.9	27.34	26.00	97.0
11/07/2018 10:24:08 AM	3614113448	1013.00	28.03	26.00	90.9	28.39	26.00	87.9	27.30	26.00	97.4	27.35	26.00	96.9
11/07/2018 10:24:09 AM	3614113449	1013.00	28.08	25.99	90.5	28.37	25.99	88.1	27.26	25.99	97.7	27.37	25.99	96.7
11/07/2018 10:24:10 AM	3614113450	1013.00	28.08	26.00	90.5	28.45	26.00	87.5	27.32	26.00	97.2	27.40	26.00	96.4
11/07/2018 10:24:11 AM	3614113451	1013.00	28.08	26.00	90.5	28.36	26.00	88.2	27.31	26.00	97.3	27.36	26.00	96.8
11/07/2018 10:24:12 AM	3614113452	1013.00	28.07	26.01	90.6	28.40	26.01	87.9	27.27	26.01	97.6	27.34	26.01	97.0
11/07/2018 10:24:13 AM	3614113453	1013.00	28.10	26.01	90.3	28.32	26.01	88.5	27.29	26.01	97.4	27.40	26.01	96.4
11/07/2018 10:24:14 AM	3614113454	1013.00	28.06	26.01	90.7	28.38	26.01	88.0	27.34	26.01	97.0	27.39	26.01	96.5
11/07/2018 10:24:15 AM	3614113455	1013.00	28.06	26.00	90.7	28.38	26.00	88.0	27.28	26.00	97.5	27.40	26.00	96.4
11/07/2018 10:24:16 AM	3614113456	1013.00	28.08	26.00	90.5	28.41	26.00	87.8	27.27	26.00	97.6	27.38	26.00	96.6
11/07/2018 10:24:17 AM	3614113457	1013.00	28.09	26.00	90.4	28.38	26.00	88.0	27.27	26.00	97.6	27.41	26.00	96.4
11/07/2018 10:24:18 AM	3614113458	1013.00	28.09	26.00	90.4	28.36	26.00	88.2	27.27	26.00	97.6	27.36	26.00	96.8
11/07/2018 10:24:19 AM	3614113459	1013.00	28.10	26.00	90.3	28.39	26.00	87.9	27.26	26.00	97.7	27.37	26.00	96.7
11/07/2018 10:24:20 AM	3614113460	1013.00	28.09	26.01	90.4	28.43	26.01	87.6	27.30	26.01	97.3	27.35	26.01	96.9
11/07/2018 10:24:21 AM	3614113461	1013.00	28.10	26.01	90.3	28.45	26.01	87.4	27.30	26.01	97.3	27.44	26.01	96.1
11/07/2018 10:24:22 AM	3614113462	1013.00	28.09	26.01	90.4	28.44	26.01	87.5	27.31	26.01	97.3	27.41	26.01	96.3
11/07/2018 10:24:23 AM	3614113463	1013.00	28.06	26.01	90.7	28.42	26.01	87.7	27.30	26.01	97.3	27.40	26.01	96.4
11/07/2018 10:24:24 AM	3614113464	1013.00	28.08	26.01	90.5	28.46	26.01	87.4	27.31	26.01	97.3	27.45	26.01	96.0
11/07/2018 10:24:25 AM	3614113465	1013.00	28.09	26.01	90.4	28.44	26.01	87.5	27.29	26.01	97.4	27.39	26.01	96.5
11/07/2018 10:24:26 AM	3614113466	1013.00	28.12	26.01	90.2	28.43	26.01	87.6	27.30	26.01	97.3	27.42	26.01	96.2
11/07/2018 10:24:27 AM	3614113467	1013.00	28.10	26.01	90.3	28.47	26.01	87.3	27.26	26.01	97.7	27.34	26.01	97.0
11/07/2018 10:24:28 AM	3614113468	1013.00	28.14	26.01	90.0	28.42	26.01	87.7	27.26	26.01	97.7	27.41	26.01	96.3
11/07/2018 10:24:29 AM	3614113469	1013.00	28.13	26.01	90.1	28.46	26.01	87.4	27.30	26.01	97.3	27.40	26.01	96.4
11/07/2018 10:24:30 AM	3614113470	1013.00	28.10	26.00	90.3	28.48	26.00	87.2	27.30	26.00	97.4	27.49	26.00	95.6
11/07/2018 10:24:31 AM	3614113471	1013.00	28.11	26.00	90.3	28.44	26.00	87.5	27.31	26.00	97.3	27.47	26.00	95.8
11/07/2018 10:24:32 AM	3614113472	1013.00	28.09	26.00	90.4	28.44	26.00	87.5	27.31	26.00	97.3	27.39	26.00	96.5
11/07/2018 10:24:33 AM	3614113473	1013.00	28.16	26.00	89.8	28.38	26.00	88.0	27.30	26.00	97.4	27.46	26.00	95.9
11/07/2018 10:24:34 AM	3614113474	1013.00	28.13	26.01	90.1	28.45	26.01	87.4	27.31	26.01	97.3	27.45	26.01	96.0
11/07/2018 10:24:35 AM	3614113475	1013.00	28.09	26.01	90.4	28.47	26.01	87.3	27.34	26.01	97.0	27.41	26.01	96.3
11/07/2018 10:24:36 AM	3614113476	1013.00	28.14	26.01	90.0	28.45	26.01	87.4	27.30	26.01	97.3	27.46	26.01	95.9
11/07/2018 10:24:37 AM	3614113477	1013.00	28.13	26.00	90.1	28.46	26.00	87.4	27.33	26.00	97.1	27.48	26.00	95.7
11/07/2018 10:24:38 AM	3614113478	1013.00	28.10	26.01	90.3	28.45	26.01	87.4	27.28	26.01	97.5	27.47	26.01	95.8
11/07/2018 10:24:39 AM	3614113479	1013.00	28.11	26.00	90.3	28.50	26.00	87.1	27.32	26.00	97.2	27.51	26.00	95.5
11/07/2018 10:24:40 AM	3614113480	1013.00	28.10	26.00	90.3	28.46	26.00	87.4	27.27	26.00	97.6	27.52	26.00	95.4
11/07/2018 10:24:41 AM	3614113481	1013.00	28.15	26.00	89.9	28.46	26.00	87.4	27.27	26.00	97.6	27.44	26.00	96.1
11/07/2018 10:24:42 AM	3614113482	1013.00	28.16	26.00	89.8	28.51	26.00	87.0	27.32	26.00	97.2	27.50	26.00	95.5
11/07/2018 10:24:43 AM	3614113483	1013.00	28.11	26.00	90.3	28.47	26.00	87.3	27.31	26.00	97.3	27.45	26.00	96.0
11/07/2018 10:24:44 AM	3614113484	1013.00	28.16	25.99	89.9	28.46	25.99	87.4	27.28	25.99	97.6	27.43	25.99	96.2
11/07/2018 10:24:45 AM	3614113485	1013.00	28.11	25.99	90.3	28.48	25.99	87.2	27.34	25.99	97.0	27.49	25.99	95.6
11/07/2018 10:24:46 AM	3614113486	1013.00	28.12	25.99	90.2	28.51	25.99	87.0	27.29	25.99	97.5	27.45	25.99	96.0
11/07/2018 10:24:47 AM	3614113487	1013.00	28.12	25.99	90.2	28.52	25.99	86.9	27.31	25.99	97.3	27.48	25.99	95.7
11/07/2018 10:24:48 AM	3614113488	1013.00	28.16	26.00	89.8	28.51	26.00	87.0	27.28	26.00	97.5	27.42	26.00	96.3
11/07/2018 10:24:49 AM	3614113489	1013.00	28.15	26.00	89.9	28.57	26.00	86.5	27.35	26.00	96.9	27.44	26.00	96.1
11/07/2018 10:24:50 AM	3614113490	1013.00	28.19	26.00	89.6	28.52	26.00	86.9	27.36	26.00	96.8	27.46	26.00	95.9
11/07/2018 10:24:51 AM	3614113491	1013.00	28.12	26.01	90.2	28.54	26.01	86.7	27.33	26.01	97.1	27.48	26.01	95.7
11/07/2018 10:24:52 AM	3614113492	1013.00	28.16	26.00	89.8	28.52	26.00	86.9	27.33	26.00	97.1	27.50	26.00	95.5
11/07/2018 10:24:53 AM	3614113493	1013.00	28.21	26.00	89.4	28.51	26.00	87.0	27.34	26.00	97.0	27.44	26.00	96.1
11/07/2018 10:24:54 AM	3614113494	1013.00	28.14	26.00	90.0	28.54	26.00	86.7	27.39	26.00	96.5	27.48	26.00	95.7
11/07/2018 10:24:55 AM	3614113495	1013.00	28.17	26.00	89.8	28.55	26.00	86.7	27.28	26.00	97.5	27.44	26.00	96.1
11/07/2018 10:24:56 AM	3614113496	1013.00	28.16	25.99	89.9	28.56	25.99	86.6	27.30	25.99	97.4	27.56	25.99	95.0
11/07/2018 10:24:57 AM	3614113497	1013.00	28.16	25.99	89.9	28.59	25.99	86.4	27.33	25.99	97.1	27.47	25.99	95.8
11/07/2018 10:24:58 AM	3614113498	1013.00	28.15	26.00	89.9	28.62	26.00	86.1	27.30	26.00	97.4	27.59	26.00	94.7
11/07/2018 10:24:59 AM	3614113499	1013.00	28.13	26.00	90.1	28.56	26.00	86.6	27.30	26.00	97.4	27.50	26.00	95.5
11/07/2018 10:25:00 AM	3614113500	1013.00	28.20	26.00	89.5	28.64	26.00	85.9	27.31	26.00	97.3	27.47	26.00	95.8
11/07/2018 10:25:01 AM	3614113501	1013.00	28.18	26.00	89.7	28.55	26.00	86.7	27.34	26.00	97.0	27.53	26.00	95.3
11/07/2018 10:25:02 AM	3614113502	1013.00	28.19	26.00	89.6	28.58	26.00	86.4	27.35	26.00	96.9	27.55	26.00	95.1
11/07/2018 10:25:03 AM	3614113503	1013.00	28.16	26.00	89.8	28.58	26.00	86.4	27.31	26.00	97.3	27.51	26.00	95.5
11/07/2018 10:25:04 AM	3614113504	1013.00	28.17	25.99	89.8	28.59	25.99	86.4	27.38	25.99	96.6	27.52	25.99	95.4
11/07/2018 10:25:05 AM	3614113505	1013.00	28.20	26.00	89.5	28.63	26.00	86.0	27.31	26.00	97.3	27.56	26.00	95.0
11/07/2018 10:25:06 AM	3614113506	1013.00	28.18	26.00	89.7	28.63	26.00	86.0	27.37	26.00	96.7	27.53	26.00	95.3
11/07/2018 10:25:07 AM	3614113507	1013.00	28.18	26.00	89.7	28.59	26.00	86.3	27.36	26.00	96.8	27.55	26.00	95.1
11/07/2018 10:25:08 AM	3614113508	1013.00	28.17	26.00	89.8	28.63	26.00	86.0	27.32	26.00	97.2	27.56	26.00	95.0
11/07/2018 10:25:09 AM	3614113509	1013.00	28.17	26.00	89.8	28.59	26.00	86.3	27.36	26.00	96.8	27.57	26.00	94.9
11/07/2018 10:25:10 AM	3614113510	1013.00	28.22	26.00	89.3	28.65	26.00	85.9	27.41	26.00	96.4	27.55	26.00	95.1
11/07/2018 10:25:11 AM	3614113511	1013.00	28.19	25.99	89.6	28.61	25.99	86.2	27.31	25.99	97.3	27.56	25.99	95.0
11/07/2018 10:25:12 AM	3614113512	1013.00	28.17	25.99	89.8	28.64	25.99	86.0	27.36	25.99	96.8	27.48	25.99	95.7
11/07/2018 10:25:13 AM	3614113513	1013.00	28.18	25.99	89.7	28.67	25.99	85.7	27.35	25.99	96.9	27.53	25.99	95.3
11/07/2018 10:25:14 AM	3614113514	1013.00	28.22	25.99	89.4	28.60	25.99	86.3	27.37	25.99	96.7	27.50	25.99	95.6
11/07/2018 10:25:15 AM	3614113515	1013.00	28.20	25.99	89.5	28.62	25.99	86.1	27.30	25.99	97.4	27.56	25.99	95.0
11/07/2018 10:25:16 AM	3614113516	1013.00	28.19	26.00	89.6	28.66	26.00	85.8	27.32	26.00	97.2	27.51	26.00	95.5
11/07/2018 10:25:17 AM	3614113517	1013.00	28.21	25.99	89.4	28.67	25.99	85.7	27.35	25.99	96.9	27.54	25.99	95.2
11/07/2018 10:25:18 AM	3614113518	1013.00	28.24	25.99	89.2	28.66	25.99	85.8	27.36	25.99	96.8	27.52	25.99	95.4
11/07/2018 10:25:19 AM	3614113519	1013.00	28.25	26.00	89.1	28.65	26.00	85.9	27.36	26.00	96.8	27.55	26.00	95.1
11/07/2018 10:25:20 AM	3614113520	1013.00	28.21	25.99	89.4	28.70	25.99	85.5	27.34	25.99	97.0	27.59	25.99	94.8
11/07/2018 10:25:21 AM	3614113521	1013.00	28.20	25.99	89.5	28.68	25.99	85.6	27.39	25.99	96.6	27.56	25.99	95.0
11/07/2018 10:25:22 AM	3614113522	1013.00	28.19	26.00	89.6	28.67	26.00	85.7	27.41	26.00	96.4	27.54	26.00	95.2
11/07/2018 10:25:23 AM	3614113523	1013.00	28.22	26.00	89.3	28.75	26.00	85.1	27.40	26.00	96.4	27.58	26.00	94.8
11/07/2018 10:25:24 AM	3614113524	1013.00	28.22	26.00	89.3	28.65	26.00	85.9	27.40	26.00	96.4	27.53	26.00	95.3
11/07/2018 10:25:25 AM	3614113525	1013.00	28.28	26.00	88.8	28.62	26.00	86.1	27.37	26.00	96.7	27.65	26.00	94.2
11/07/2018 10:25:26 AM	3614113526	1013.00	28.19	26.00	89.6	28.65	26.00	85.9	27.38	26.00	96.6	27.57	26.00	94.9
11/07/2018 10:25:27 AM	3614113527	1013.00	28.22	25.99	89.4	28.68	25.99	85.6	27.32	25.99	97.2	27.59	25.99	94.8
11/07/2018 10:25:28 AM	3614113528	1013.00	28.27	26.00	88.9	28.73	26.00	85.2	27.36	26.00	96.8	27.56	26.00	95.0
11/07/2018 10:25:29 AM	3614113529	1013.00	28.23	25.99	89.3	28.68	25.99	85.6	27.42	25.99	96.3	27.55	25.99	95.1
11/07/2018 10:25:30 AM	3614113530	1013.00	28.23	25.99	89.3	28.74	25.99	85.2	27.40	25.99	96.5	27.55	25.99	95.1
11/07/2018 10:25:31 AM	3614113531	1013.00	28.23	26.00	89.3	28.67	26.00	85.7	27.39	26.00	96.5	27.60	26.00	94.7
11/07/2018 10:25:32 AM	3614113532	1013.00	28.21	26.00	89.4	28.71	26.00	85.4	27.35	26.00	96.9	27.54	26.00	95.2
11/07/2018 10:25:33 AM	3614113533	1013.00	28.24	26.00	89.2	28.71	26.00	85.4	27.31	26.00	97.3	27.57	26.00	94.9
11/07/2018 10:25:34 AM	3614113534	1013.00	28.26	26.00	89.0	28.70	26.00	85.5	27.38	26.00	96.6	27.60	26.00	94.7
11/07/2018 10:25:35 AM	3614113535	1013.00	28.24	26.00	89.2	28.77	26.00	84.9	27.34	26.00	97.0	27.64	26.00	94.3
11/07/2018 10:25:36 AM	3614113536	1013.00	28.21	25.99	89.4	28.72	25.99	85.3	27.40	25.99	96.5	27.64	25.99	94.3
11/07/2018 10:25:37 AM	3614113537	1013.00	28.19	25.99	89.6	28.73	25.99	85.3	27.41	25.99	96.4	27.65	25.99	94.2
11/07/2018 10:25:38 AM	3614113538	1013.00	28.26	25.99	89.0	28.76	25.99	85.0	27.39	25.99	96.6	27.60	25.99	94.7
11/07/2018 10:25:39 AM	3614113539	1013.00	28.23	25.99	89.3	28.78	25.99	84.9	27.37	25.99	96.7	27.53	25.99	95.3
11/07/2018 10:25:40 AM	3614113540	1013.00	28.25	25.99	89.1	28.76	25.99	85.0	27.35	25.99	96.9	27.63	25.99	94.4
11/07/2018 10:25:41 AM	3614113541	1013.00	28.24	25.99	89.2	28.77	25.99	84.9	27.43	25.99	96.2	27.62	25.99	94.5
11/07/2018 10:25:42 AM	3614113542	1013.00	28.25	25.99	89.1	28.77	25.99	84.9	27.36	25.99	96.8	27.62	25.99	94.5
11/07/2018 10:25:43 AM	3614113543	1013.00	28.22	25.99	89.4	28.75	25.99	85.1	27.40	25.99	96.5	27.65	25.99	94.2
11/07/2018 10:25:44 AM	3614113544	1013.00	28.21	25.99	89.4	28.76	25.99	85.0	27.39	25.99	96.6	27.60	25.99	94.7
11/07/2018 10:25:45 AM	3614113545	1013.00	28.24	25.99	89.2	28.81	25.99	84.6	27.35	25.99	96.9	27.69	25.99	93.9
11/07/2018 10:25:46 AM	3614113546	1013.00	28.23	25.99	89.3	28.79	25.99	84.8	27.38	25.99	96.6	27.62	25.99	94.5
11/07/2018 10:25:47 AM	3614113547	1013.00	28.23	26.00	89.3	28.83	26.00	84.5	27.35	26.00	96.9	27.67	26.00	94.0
11/07/2018 10:25:48 AM	3614113548	1013.00	28.25	25.99	89.1	28.80	25.99	84.7	27.45	25.99	96.0	27.63	25.99	94.4
11/07/2018 10:25:49 AM	3614113549	1013.00	28.26	26.00	89.0	28.79	26.00	84.8	27.40	26.00	96.4	27.62	26.00	94.5
11/07/2018 10:25:50 AM	3614113550	1013.00	28.28	25.99	88.9	28.82	25.99	84.6	27.39	25.99	96.6	27.67	25.99	94.0
11/07/2018 10:25:51 AM	3614113551	1013.00	28.25	25.99	89.1	28.77	25.99	84.9	27.41	25.99	96.4	27.67	25.99	94.0
11/07/2018 10:25:52 AM	3614113552	1013.00	28.25	25.99	89.1	28.84	25.99	84.4	27.34	25.99	97.0	27.68	25.99	94.0
11/07/2018 10:25:53 AM	3614113553	1013.00	28.25	25.99	89.1	28.83	25.99	84.5	27.41	25.99	96.4	27.66	25.99	94.1
11/07/2018 10:25:54 AM	3614113554	1013.00	28.21	25.99	89.4	28.82	25.99	84.6	27.40	25.99	96.5	27.69	25.99	93.9
11/07/2018 10:25:55 AM	3614113555	1013.00	28.24	26.00	89.2	28.85	26.00	84.3	27.38	26.00	96.6	27.66	26.00	94.1
11/07/2018 10:25:56 AM	3614113556	1013.00	28.29	26.00	88.8	28.80	26.00	84.7	27.38	26.00	96.6	27.67	26.00	94.0
11/07/2018 10:25:57 AM	3614113557	1013.00	28.25	25.99	89.1	28.84	25.99	84.4	27.40	25.99	96.5	27.69	25.99	93.9
11/07/2018 10:25:58 AM	3614113558	1013.00	28.22	25.99	89.4	28.80	25.99	84.7	27.42	25.99	96.3	27.65	25.99	94.2
11/07/2018 10:25:59 AM	3614113559	1013.00	28.27	25.99	88.9	28.82	25.99	84.6	27.41	25.99	96.4	27.65	25.99	94.2
11/07/2018 10:26:00 AM	3614113560	1013.00	28.26	25.98	89.0	28.82	25.98	84.6	27.38	25.98	96.7	27.62	25.98	94.5
11/07/2018 10:26:01 AM	3614113561	1013.00	28.27	25.98	89.0	28.81	25.98	84.6	27.41	25.98	96.4	27.69	25.98	93.9
11/07/2018 10:26:02 AM	3614113562	1013.00	28.23	25.99	89.3	28.87	25.99	84.2	27.37	25.99	96.7	27.70	25.99	93.8
11/07/2018 10:26:03 AM	3614113563	1013.00	28.26	25.99	89.0	28.77	25.99	84.9	27.44	25.99	96.1	27.64	25.99	94.3
11/07/2018 10:26:04 AM	3614113564	1013.00	28.26	25.99	89.0	28.86	25.99	84.2	27.43	25.99	96.2	27.66	25.99	94.1
11/07/2018 10:26:05 AM	3614113565	1013.00	28.28	25.99	88.9	28.93	25.99	83.7	27.39	25.99	96.6	27.66	25.99	94.1
11/07/2018 10:26:06 AM	3614113566	1013.00	28.26	25.99	89.0	28.81	25.99	84.6	27.42	25.99	96.3	27.69	25.99	93.9
11/07/2018 10:26:07 AM	3614113567	1013.00	28.28	25.99	88.9	28.87	25.99	84.2	27.45	25.99	96.0	27.66	25.99	94.1
11/07/2018 10:26:08 AM	3614113568	1013.00	28.23	26.00	89.3	28.87	26.00	84.2	27.41	26.00	96.4	27.74	26.00	93.4
11/07/2018 10:26:09 AM	3614113569	1013.00	28.27	26.00	88.9	28.86	26.00	84.2	27.39	26.00	96.5	27.72	26.00	93.6
11/07/2018 10:26:10 AM	3614113570	1013.00	28.30	25.99	88.7	28.82	25.99	84.6	27.42	25.99	96.3	27.66	25.99	94.1
11/07/2018 10:26:11 AM	3614113571	1013.00	28.28	25.99	88.9	28.85	25.99	84.3	27.40	25.99	96.5	27.73	25.99	93.5
11/07/2018 10:26:12 AM	3614113572	1013.00	28.31	25.99	88.6	28.84	25.99	84.4	27.45	25.99	96.0	27.74	25.99	93.4
11/07/2018 10:26:13 AM	3614113573	1013.00	28.31	25.99	88.6	28.91	25.99	83.9	27.42	25.99	96.3	27.68	25.99	94.0
11/07/2018 10:26:14 AM	3614113574	1013.00	28.33	25.99	88.5	28.90	25.99	83.9	27.41	25.99	96.4	27.71	25.99	93.7
11/07/2018 10:26:15 AM	3614113575	1013.00	28.31	26.00	88.6	28.87	26.00	84.2	27.40	26.00	96.4	27.74	26.00	93.4
11/07/2018 10:26:16 AM	3614113576	1013.00	28.28	26.00	88.8	28.97	26.00	83.4	27.38	26.00	96.6	27.66	26.00	94.1
11/07/2018 10:26:17 AM	3614113577	1013.00	28.31	26.00	88.6	28.89	26.00	84.0	27.42	26.00	96.3	27.68	26.00	93.9
11/07/2018 10:26:18 AM	3614113578	1013.00	28.33	25.99	88.5	28.92	25.99	83.8	27.43	25.99	96.2	27.73	25.99	93.5
11/07/2018 10:26:19 AM	3614113579	1013.00	28.32	25.99	88.5	28.85	25.99	84.3	27.45	25.99	96.0	27.73	25.99	93.5
11/07/2018 10:26:20 AM	3614113580	1013.00	28.34	25.99	88.4	28.87	25.99	84.2	27.40	25.99	96.5	27.76	25.99	93.3
11/07/2018 10:26:21 AM	3614113581	1013.00	28.34	25.99	88.4	28.90	25.99	83.9	27.43	25.99	96.2	27.69	25.99	93.9
11/07/2018 10:26:22 AM	3614113582	1013.00	28.33	25.99	88.5	28.91	25.99	83.9	27.42	25.99	96.3	27.75	25.99	93.3
11/07/2018 10:26:23 AM	3614113583	1013.00	28.32	25.99	88.5	28.94	25.99	83.6	27.37	25.99	96.7	27.71	25.99	93.7
11/07/2018 10:26:24 AM	3614113584	1013.00	28.32	25.99	88.5	28.99	25.99	83.3	27.39	25.99	96.6	27.80	25.99	92.9
11/07/2018 10:26:25 AM	3614113585	1013.00	28.33	25.99	88.5	28.91	25.99	83.9	27.47	25.99	95.8	27.75	25.99	93.3
11/07/2018 10:26:26 AM	3614113586	1013.00	28.37	25.99	88.1	28.93	25.99	83.7	27.42	25.99	96.3	27.75	25.99	93.3
11/07/2018 10:26:27 AM	3614113587	1013.00	28.40	25.99	87.9	28.98	25.99	83.3	27.40	25.99	96.5	27.76	25.99	93.3
11/07/2018 10:26:28 AM	3614113588	1013.00	28.36	25.99	88.2	28.94	25.99	83.6	27.47	25.99	95.8	27.74	25.99	93.4
11/07/2018 10:26:29 AM	3614113589	1013.00	28.31	25.99	88.6	28.94	25.99	83.6	27.44	25.99	96.1	27.77	25.99	93.2
11/07/2018 10:26:30 AM	3614113590	1013.00	28.37	25.99	88.1	28.98	25.99	83.3	27.43	25.99	96.2	27.78	25.99	93.1
11/07/2018 10:26:31 AM	3614113591	1013.00	28.39	25.99	88.0	28.95	25.99	83.6	27.41	25.99	96.4	27.78	25.99	93.1
11/07/2018 10:26:32 AM	3614113592	1013.00	28.37	25.99	88.1	28.98	25.99	83.3	27.45	25.99	96.0	27.74	25.99	93.4
11/07/2018 10:26:33 AM	3614113593	1013.00	28.36	26.00	88.2	28.99	26.00	83.2	27.47	26.00	95.8	27.80	26.00	92.9
11/07/2018 10:26:34 AM	3614113594	1013.00	28.35	25.99	88.3	28.95	25.99	83.6	27.40	25.99	96.5	27.82	25.99	92.7
11/07/2018 10:26:35 AM	3614113595	1013.00	28.33	25.99	88.5	28.99	25.99	83.3	27.44	25.99	96.1	27.76	25.99	93.3
11/07/2018 10:26:36 AM	3614113596	1013.00	28.36	26.00	88.2	28.99	26.00	83.2	27.43	26.00	96.2	27.79	26.00	93.0
11/07/2018 10:26:37 AM	3614113597	1013.00	28.38	25.99	88.0	28.97	25.99	83.4	27.48	25.99	95.7	27.83	25.99	92.7
11/07/2018 10:26:38 AM	3614113598	1013.00	28.38	25.99	88.0	28.98	25.99	83.3	27.48	25.99	95.7	27.80	25.99	92.9
11/07/2018 10:26:39 AM	3614113599	1013.00	28.39	25.98	88.0	28.96	25.98	83.5	27.43	25.98	96.2	27.76	25.98	93.3
11/07/2018 10:26:40 AM	3614113600	1013.00	28.39	25.99	88.0	28.96	25.99	83.5	27.49	25.99	95.6	27.77	25.99	93.2
11/07/2018 10:26:41 AM	3614113601	1013.00	28.36	25.99	88.2	28.96	25.99	83.5	27.46	25.99	95.9	27.84	25.99	92.6
11/07/2018 10:26:42 AM	3614113602	1013.00	28.40	25.99	87.9	29.02	25.99	83.0	27.38	25.99	96.6	27.78	25.99	93.1
11/07/2018 10:26:43 AM	3614113603	1013.00	28.37	25.99	88.1	29.03	25.99	83.0	27.46	25.99	95.9	27.82	25.99	92.7
11/07/2018 10:26:44 AM	3614113604	1013.00	28.37	25.98	88.1	29.04	25.98	82.9	27.43	25.98	96.2	27.86	25.98	92.4
11/07/2018 10:26:45 AM	3614113605	1013.00	28.38	25.99	88.0	29.04	25.99	82.9	27.49	25.99	95.6	27.78	25.99	93.1
11/07/2018 10:26:46 AM	3614113606	1013.00	28.40	25.99	87.9	28.98	25.99	83.3	27.48	25.99	95.7	27.81	25.99	92.8
11/07/2018 10:26:47 AM	3614113607	1013.00	28.39	25.99	88.0	29.03	25.99	83.0	27.48	25.99	95.7	27.80	25.99	92.9
11/07/2018 10:26:48 AM	3614113608	1013.00	28.44	26.00	87.5	29.00	26.00	83.2	27.41	26.00	96.4	27.91	26.00	91.9
11/07/2018 10:26:49 AM	3614113609	1013.00	28.44	26.00	87.5	28.97	26.00	83.4	27.48	26.00	95.7	27.83	26.00	92.6
11/07/2018 10:26:50 AM	3614113610	1013.00	28.41	25.99	87.8	29.06	25.99	82.7	27.47	25.99	95.8	27.78	25.99	93.1
11/07/2018 10:26:51 AM	3614113611	1013.00	28.42	25.99	87.7	29.02	25.99	83.0	27.47	25.99	95.8	27.81	25.99	92.8
11/07/2018 10:26:52 AM	3614113612	1013.00	28.41	25.99	87.8	29.02	25.99	83.0	27.45	25.99	96.0	27.90	25.99	92.0
11/07/2018 10:26:53 AM	3614113613	1013.00	28.41	25.99	87.8	29.09	25.99	82.5	27.47	25.99	95.8	27.90	25.99	92.0
11/07/2018 10:26:54 AM	3614113614	1013.00	28.43	25.99	87.6	29.05	25.99	82.8	27.46	25.99	95.9	27.83	25.99	92.7
11/07/2018 10:26:55 AM	3614113615	1013.00	28.45	25.99	87.5	29.05	25.99	82.8	27.49	25.99	95.6	27.89	25.99	92.1
11/07/2018 10:26:56 AM	3614113616	1013.00	28.44	26.00	87.5	29.05	26.00	82.8	27.48	26.00	95.7	27.84	26.00	92.5
11/07/2018 10:26:57 AM	3614113617	1013.00	28.45	26.00	87.5	29.08	26.00	82.6	27.46	26.00	95.9	27.81	26.00	92.8
11/07/2018 10:26:58 AM	3614113618	1013.00	28.47	26.00	87.3	29.11	26.00	82.3	27.43	26.00	96.2	27.81	26.00	92.8
11/07/2018 10:26:59 AM	3614113619	1013.00	28.45	26.00	87.5	29.10	26.00	82.4	27.53	26.00	95.3	27.81	26.00	92.8
11/07/2018 10:27:00 AM	3614113620	1013.00	28.47	25.99	87.3	29.10	25.99	82.4	27.48	25.99	95.7	27.83	25.99	92.7
11/07/2018 10:27:01 AM	3614113621	1013.00	28.47	25.99	87.3	29.09	25.99	82.5	27.46	25.99	95.9	27.85	25.99	92.5
11/07/2018 10:27:02 AM	3614113622	1013.00	28.50	25.98	87.1	29.06	25.98	82.7	27.48	25.98	95.8	27.80	25.98	92.9
11/07/2018 10:27:03 AM	3614113623	1013.00	28.48	25.99	87.2	29.12	25.99	82.3	27.44	25.99	96.1	27.83	25.99	92.7
11/07/2018 10:27:04 AM	3614113624	1013.00	28.50	25.99	87.1	29.10	25.99	82.4	27.46	25.99	95.9	27.82	25.99	92.7
11/07/2018 10:27:05 AM	3614113625	1013.00	28.47	25.99	87.3	29.09	25.99	82.5	27.50	25.99	95.6	27.82	25.99	92.7
11/07/2018 10:27:06 AM	3614113626	1013.00	28.49	25.99	87.2	29.12	25.99	82.3	27.50	25.99	95.6	27.88	25.99	92.2
11/07/2018 10:27:07 AM	3614113627	1013.00	28.47	25.99	87.3	29.14	25.99	82.1	27.50	25.99	95.6	27.84	25.99	92.6
11/07/2018 10:27:08 AM	3614113628	1013.00	28.50	25.99	87.1	29.12	25.99	82.3	27.50	25.99	95.6	27.85	25.99	92.5
11/07/2018 10:27:09 AM	3614113629	1013.00	28.48	25.99	87.2	29.16	25.99	82.0	27.53	25.99	95.3	27.85	25.99	92.5
11/07/2018 10:27:10 AM	3614113630	1013.00	28.51	25.99	87.0	29.11	25.99	82.3	27.49	25.99	95.6	27.81	25.99	92.8
11/07/2018 10:27:11 AM	3614113631	1013.00	28.50	25.99	87.1	29.19	25.99	81.8	27.52	25.99	95.4	27.88	25.99	92.2
11/07/2018 10:27:12 AM	3614113632	1013.00	28.48	25.99	87.2	29.15	25.99	82.1	27.46	25.99	95.9	27.87	25.99	92.3
11/07/2018 10:27:13 AM	3614113633	1013.00	28.47	25.98	87.3	29.16	25.98	82.0	27.50	25.98	95.6	27.83	25.98	92.7
11/07/2018 10:27:14 AM	3614113634	1013.00	28.51	25.98	87.0	29.18	25.98	81.8	27.48	25.98	95.8	27.80	25.98	92.9
11/07/2018 10:27:15 AM	3614113635	1013.00	28.49	25.98	87.2	29.21	25.98	81.6	27.56	25.98	95.0	27.84	25.98	92.6
11/07/2018 10:27:16 AM	3614113636	1013.00	28.51	25.98	87.0	29.17	25.98	81.9	27.48	25.98	95.8	27.87	25.98	92.3
11/07/2018 10:27:17 AM	3614113637	1013.00	28.53	25.98	86.8	29.18	25.98	81.8	27.51	25.98	95.5	27.89	25.98	92.2
11/07/2018 10:27:18 AM	3614113638	1013.00	28.50	25.99	87.1	29.20	25.99	81.7	27.50	25.99	95.6	27.85	25.99	92.5
11/07/2018 10:27:19 AM	3614113639	1013.00	28.53	25.99	86.8	29.17	25.99	81.9	27.47	25.99	95.8	27.86	25.99	92.4
11/07/2018 10:27:20 AM	3614113640	1013.00	28.56	25.99	86.6	29.16	25.99	82.0	27.50	25.99	95.6	27.89	25.99	92.1
11/07/2018 10:27:21 AM	3614113641	1013.00	28.52	25.99	86.9	29.20	25.99	81.7	27.50	25.99	95.6	27.85	25.99	92.5
11/07/2018 10:27:22 AM	3614113642	1013.00	28.53	25.99	86.8	29.24	25.99	81.4	27.53	25.99	95.3	27.90	25.99	92.0
11/07/2018 10:27:23 AM	3614113643	1013.00	28.55	25.99	86.7	29.19	25.99	81.8	27.54	25.99	95.2	27.90	25.99	92.0
11/07/2018 10:27:24 AM	3614113644	1013.00	28.52	25.99	86.9	29.22	25.99	81.5	27.52	25.99	95.4	27.86	25.99	92.4
11/07/2018 10:27:25 AM	3614113645	1013.00	28.53	25.99	86.8	29.18	25.99	81.8	27.51	25.99	95.5	27.89	25.99	92.1
11/07/2018 10:27:26 AM	3614113646	1013.00	28.53	25.99	86.8	29.26	25.99	81.2	27.56	25.99	95.0	27.92	25.99	91.9
11/07/2018 10:27:27 AM	3614113647	1013.00	28.52	25.99	86.9	29.19	25.99	81.8	27.54	25.99	95.2	27.89	25.99	92.1
11/07/2018 10:27:28 AM	3614113648	1013.00	28.52	25.99	86.9	29.23	25.99	81.5	27.56	25.99	95.0	27.89	25.99	92.1
11/07/2018 10:27:29 AM	3614113649	1013.00	28.52	25.99	86.9	29.23	25.99	81.5	27.59	25.99	94.8	27.91	25.99	92.0
11/07/2018 10:27:30 AM	3614113650	1013.00	28.54	25.98	86.8	29.25	25.98	81.3	27.52	25.98	95.4	27.87	25.98	92.3
11/07/2018 10:27:31 AM	3614113651	1013.00	28.53	25.98	86.8	29.25	25.98	81.3	27.54	25.98	95.2	27.87	25.98	92.3
11/07/2018 10:27:32 AM	3614113652	1013.00	28.57	25.98	86.5	29.26	25.98	81.2	27.49	25.98	95.7	27.80	25.98	92.9
11/07/2018 10:27:33 AM	3614113653	1013.00	28.58	25.98	86.5	29.24	25.98	81.4	27.56	25.98	95.0	27.84	25.98	92.6
11/07/2018 10:27:34 AM	3614113654	1013.00	28.54	25.98	86.8	29.24	25.98	81.4	27.54	25.98	95.2	27.92	25.98	91.9
11/07/2018 10:27:35 AM	3614113655	1013.00	28.56	25.98	86.6	29.24	25.98	81.4	27.58	25.98	94.9	27.82	25.98	92.8
11/07/2018 10:27:36 AM	3614113656	1013.00	28.53	25.99	86.8	29.26	25.99	81.2	27.53	25.99	95.3	27.83	25.99	92.7
11/07/2018 10:27:37 AM	3614113657	1013.00	28.55	25.99	86.7	29.25	25.99	81.3	27.50	25.99	95.6	27.85	25.99	92.5
11/07/2018 10:27:38 AM	3614113658	1013.00	28.55	25.98	86.7	29.20	25.98	81.7	27.55	25.98	95.1	27.80	25.98	92.9
11/07/2018 10:27:39 AM	3614113659	1013.00	28.54	25.98	86.8	29.23	25.98	81.5	27.55	25.98	95.1	27.89	25.98	92.2
11/07/2018 10:27:40 AM	3614113660	1013.00	28.53	25.98	86.8	29.27	25.98	81.2	27.55	25.98	95.1	27.84	25.98	92.6
11/07/2018 10:27:41 AM	3614113661	1013.00	28.56	25.98	86.6	29.22	25.98	81.5	27.55	25.98	95.1	27.92	25.98	91.9
11/07/2018 10:27:42 AM	3614113662	1013.00	28.55	25.98	86.7	29.28	25.98	81.1	27.54	25.98	95.2	27.86	25.98	92.4
11/07/2018 10:27:43 AM	3614113663	1013.00	28.58	25.99	86.4	29.25	25.99	81.3	27.54	25.99	95.2	27.90	25.99	92.0
11/07/2018 10:27:44 AM	3614113664	1013.00	28.56	25.98	86.6	29.25	25.98	81.3	27.59	25.98	94.8	27.91	25.98	92.0
11/07/2018 10:27:45 AM	3614113665	1013.00	28.58	25.99	86.4	29.22	25.99	81.5	27.60	25.99	94.7	27.88	25.99	92.2
11/07/2018 10:27:46 AM	3614113666	1013.00	28.57	25.99	86.5	29.23	25.99	81.5	27.57	25.99	94.9	27.92	25.99	91.9
11/07/2018 10:27:47 AM	3614113667	1013.00	28.60	25.99	86.3	29.26	25.99	81.2	27.57	25.99	94.9	27.93	25.99	91.8
11/07/2018 10:27:48 AM	3614113668	1013.00	28.55	25.99	86.7	29.29	25.99	81.0	27.52	25.99	95.4	27.85	25.99	92.5
11/07/2018 10:27:49 AM	3614113669	1013.00	28.62	25.99	86.1	29.24	25.99	81.4	27.57	25.99	94.9	27.95	25.99	91.6
11/07/2018 10:27:50 AM	3614113670	1013.00	28.52	25.99	86.9	29.26	25.99	81.2	27.56	25.99	95.0	27.91	25.99	92.0
11/07/2018 10:27:51 AM	3614113671	1013.00	28.61	25.99	86.2	29.22	25.99	81.5	27.57	25.99	94.9	27.92	25.99	91.9
11/07/2018 10:27:52 AM	3614113672	1013.00	28.64	25.98	86.0	29.32	25.98	80.8	27.57	25.98	94.9	27.88	25.98	92.2
11/07/2018 10:27:53 AM	3614113673	1013.00	28.59	25.99	86.4	29.31	25.99	80.9	27.60	25.99	94.7	27.92	25.99	91.9
11/07/2018 10:27:54 AM	3614113674	1013.00	28.60	25.99	86.3	29.31	25.99	80.9	27.59	25.99	94.8	27.88	25.99	92.2
11/07/2018 10:27:55 AM	3614113675	1013.00	28.63	25.98	86.1	29.32	25.98	80.8	27.60	25.98	94.7	27.92	25.98	91.9
11/07/2018 10:27:56 AM	3614113676	1013.00	28.67	25.98	85.7	29.26	25.98	81.2	27.57	25.98	94.9	27.91	25.98	92.0
11/07/2018 10:27:57 AM	3614113677	1013.00	28.65	25.98	85.9	29.35	25.98	80.6	27.58	25.98	94.9	27.85	25.98	92.5
11/07/2018 10:27:58 AM	3614113678	1013.00	28.64	25.98	86.0	29.35	25.98	80.6	27.59	25.98	94.8	27.97	25.98	91.5
11/07/2018 10:27:59 AM	3614113679	1013.00	28.62	25.98	86.1	29.36	25.98	80.5	27.61	25.98	94.6	27.93	25.98	91.8
11/07/2018 10:28:00 AM	3614113680	1013.00	28.69	25.97	85.6	29.31	25.97	80.9	27.62	25.97	94.5	27.94	25.97	91.7
11/07/2018 10:28:01 AM	3614113681	1013.00	28.64	25.97	86.0	29.42	25.97	80.1	27.59	25.97	94.8	27.98	25.97	91.4
11/07/2018 10:28:02 AM	3614113682	1013.00	28.68	25.97	85.7	29.32	25.97	80.8	27.63	25.97	94.4	27.93	25.97	91.8
11/07/2018 10:28:03 AM	3614113683	1013.00	28.64	25.97	86.0	29.36	25.97	80.5	27.63	25.97	94.4	27.95	25.97	91.7
11/07/2018 10:28:04 AM	3614113684	1013.00	28.67	25.97	85.8	29.35	25.97	80.6	27.59	25.97	94.8	27.94	25.97	91.7
11/07/2018 10:28:05 AM	3614113685	1013.00	28.69	25.97	85.6	29.32	25.97	80.8	27.63	25.97	94.4	27.99	25.97	91.3
11/07/2018 10:28:06 AM	3614113686	1013.00	28.69	25.97	85.6	29.35	25.97	80.6	27.59	25.97	94.8	27.90	25.97	92.1
11/07/2018 10:28:07 AM	3614113687	1013.00	28.68	25.97	85.7	29.38	25.97	80.4	27.63	25.97	94.4	27.93	25.97	91.8
11/07/2018 10:28:08 AM	3614113688	1013.00	28.67	25.97	85.8	29.38	25.97	80.4	27.64	25.97	94.3	27.96	25.97	91.6
11/07/2018 10:28:09 AM	3614113689	1013.00	28.74	25.97	85.2	29.38	25.97	80.4	27.61	25.97	94.6	27.96	25.97	91.6
11/07/2018 10:28:10 AM	3614113690	1013.00	28.68	25.97	85.7	29.40	25.97	80.2	27.60	25.97	94.7	27.93	25.97	91.8
11/07/2018 10:28:11 AM	3614113691	1013.00	28.75	25.98	85.1	29.36	25.98	80.5	27.55	25.98	95.1	27.92	25.98	91.9
11/07/2018 10:28:12 AM	3614113692	1013.00	28.72	25.98	85.3	29.39	25.98	80.3	27.62	25.98	94.5	27.96	25.98	91.6
11/07/2018 10:28:13 AM	3614113693	1013.00	28.70	25.98	85.5	29.37	25.98	80.4	27.61	25.98	94.6	27.94	25.98	91.7
11/07/2018 10:28:14 AM	3614113694	1013.00	28.72	25.98	85.3	29.37	25.98	80.4	27.64	25.98	94.3	27.95	25.98	91.6
11/07/2018 10:28:15 AM	3614113695	1013.00	28.70	25.98	85.5	29.40	25.98	80.2	27.58	25.98	94.9	28.02	25.98	91.0
11/07/2018 10:28:16 AM	3614113696	1013.00	28.78	25.98	84.9	29.41	25.98	80.2	27.61	25.98	94.6	27.95	25.98	91.6
11/07/2018 10:28:17 AM	3614113697	1013.00	28.77	25.97	85.0	29.39	25.97	80.3	27.60	25.97	94.7	27.95	25.97	91.7
11/07/2018 10:28:18 AM	3614113698	1013.00	28.74	25.98	85.2	29.41	25.98	80.2	27.63	25.98	94.4	27.99	25.98	91.3
11/07/2018 10:28:19 AM	3614113699	1013.00	28.79	25.98	84.8	29.41	25.98	80.2	27.53	25.98	95.3	27.99	25.98	91.3
11/07/2018 10:28:20 AM	3614113700	1013.00	28.80	25.98	84.7	29.42	25.98	80.1	27.60	25.98	94.7	27.99	25.98	91.3
11/07/2018 10:28:21 AM	3614113701	1013.00	28.80	25.98	84.7	29.38	25.98	80.4	27.59	25.98	94.8	27.97	25.98	91.5
11/07/2018 10:28:22 AM	3614113702	1013.00	28.78	25.97	84.9	29.41	25.97	80.2	27.64	25.97	94.3	28.02	25.97	91.1
11/07/2018 10:28:23 AM	3614113703	1013.00	28.77	25.97	85.0	29.44	25.97	79.9	27.59	25.97	94.8	28.04	25.97	90.9
11/07/2018 10:28:24 AM	3614113704	1013.00	28.83	25.97	84.5	29.46	25.97	79.8	27.60	25.97	94.7	28.05	25.97	90.8
11/07/2018 10:28:25 AM	3614113705	1013.00	28.79	25.97	84.8	29.44	25.97	79.9	27.64	25.97	94.3	28.00	25.97	91.2
11/07/2018 10:28:26 AM	3614113706	1013.00	28.78	25.98	84.9	29.44	25.98	79.9	27.56	25.98	95.0	28.06	25.98	90.7
11/07/2018 10:28:27 AM	3614113707	1013.00	28.81	25.98	84.6	29.48	25.98	79.6	27.64	25.98	94.3	28.00	25.98	91.2
11/07/2018 10:28:28 AM	3614113708	1013.00	28.75	25.98	85.1	29.46	25.98	79.8	27.65	25.98	94.2	28.00	25.98	91.2
11/07/2018 10:28:29 AM	3614113709	1013.00	28.80	25.97	84.7	29.42	25.97	80.1	27.64	25.97	94.3	28.03	25.97	91.0
11/07/2018 10:28:30 AM	3614113710	1013.00	28.89	25.98	84.0	29.46	25.98	79.8	27.65	25.98	94.2	28.02	25.98	91.0
11/07/2018 10:28:31 AM	3614113711	1013.00	28.80	25.98	84.7	29.45	25.98	79.9	27.60	25.98	94.7	28.07	25.98	90.6
11/07/2018 10:28:32 AM	3614113712	1013.00	28.89	25.98	84.0	29.46	25.98	79.8	27.61	25.98	94.6	28.09	25.98	90.5
11/07/2018 10:28:33 AM	3614113713	1013.00	28.81	25.99	84.6	29.51	25.99	79.4	27.64	25.99	94.3	28.09	25.99	90.4
11/07/2018 10:28:34 AM	3614113714	1013.00	28.87	25.99	84.2	29.48	25.99	79.6	27.68	25.99	94.0	28.01	25.99	91.1
11/07/2018 10:28:35 AM	3614113715	1013.00	28.84	25.99	84.4	29.47	25.99	79.7	27.68	25.99	94.0	28.05	25.99	90.8
11/07/2018 10:28:36 AM	3614113716	1013.00	28.83	25.98	84.5	29.51	25.98	79.4	27.68	25.98	94.0	28.11	25.98	90.3
11/07/2018 10:28:37 AM	3614113717	1013.00	28.83	25.98	84.5	29.52	25.98	79.4	27.67	25.98	94.1	28.11	25.98	90.3
11/07/2018 10:28:38 AM	3614113718	1013.00	28.86	25.98	84.3	29.50	25.98	79.5	27.67	25.98	94.1	28.07	25.98	90.6
11/07/2018 10:28:39 AM	3614113719	1013.00	28.88	25.97	84.1	29.56	25.97	79.1	27.58	25.97	94.9	28.08	25.97	90.6
11/07/2018 10:28:40 AM	3614113720	1013.00	28.85	25.97	84.4	29.54	25.97	79.2	27.66	25.97	94.2	28.08	25.97	90.6
11/07/2018 10:28:41 AM	3614113721	1013.00	28.85	25.98	84.3	29.53	25.98	79.3	27.62	25.98	94.5	28.12	25.98	90.2
11/07/2018 10:28:42 AM	3614113722	1013.00	28.86	25.98	84.3	29.53	25.98	79.3	27.67	25.98	94.1	28.06	25.98	90.7
11/07/2018 10:28:43 AM	3614113723	1013.00	28.88	25.98	84.1	29.56	25.98	79.1	27.65	25.98	94.2	28.08	25.98	90.5
11/07/2018 10:28:44 AM	3614113724	1013.00	28.87	25.98	84.2	29.51	25.98	79.4	27.65	25.98	94.2	28.07	25.98	90.6
11/07/2018 10:28:45 AM	3614113725	1013.00	28.86	25.98	84.3	29.58	25.98	78.9	27.66	25.98	94.2	28.09	25.98	90.5
11/07/2018 10:28:46 AM	3614113726	1013.00	28.89	25.98	84.0	29.55	25.98	79.1	27.65	25.98	94.2	28.12	25.98	90.2
11/07/2018 10:28:47 AM	3614113727	1013.00	28.87	25.98	84.2	29.54	25.98	79.2	27.73	25.98	93.5	28.05	25.98	90.8
11/07/2018 10:28:48 AM	3614113728	1013.00	28.85	25.98	84.3	29.57	25.98	79.0	27.62	25.98	94.5	28.11	25.98	90.3
11/07/2018 10:28:49 AM	3614113729	1013.00	28.88	25.98	84.1	29.56	25.98	79.1	27.66	25.98	94.2	28.09	25.98	90.5
11/07/2018 10:28:50 AM	3614113730	1013.00	28.88	25.98	84.1	29.55	25.98	79.1	27.68	25.98	94.0	28.11	25.98	90.3
11/07/2018 10:28:51 AM	3614113731	1013.00	28.88	25.97	84.1	29.60	25.97	78.8	27.68	25.97	94.0	28.12	25.97	90.2
11/07/2018 10:28:52 AM	3614113732	1013.00	28.85	25.97	84.4	29.53	25.97	79.3	27.71	25.97	93.7	28.18	25.97	89.7
11/07/2018 10:28:53 AM	3614113733	1013.00	28.88	25.97	84.1	29.58	25.97	78.9	27.71	25.97	93.7	28.16	25.97	89.9
11/07/2018 10:28:54 AM	3614113734	1013.00	28.89	25.97	84.0	29.60	25.97	78.8	27.65	25.97	94.3	28.13	25.97	90.1
11/07/2018 10:28:55 AM	3614113735	1013.00	28.88	25.97	84.1	29.57	25.97	79.0	27.69	25.97	93.9	28.13	25.97	90.1
11/07/2018 10:28:56 AM	3614113736	1013.00	28.92	25.98	83.8	29.61	25.98	78.7	27.62	25.98	94.5	28.12	25.98	90.2
11/07/2018 10:28:57 AM	3614113737	1013.00	28.91	25.98	83.9	29.63	25.98	78.6	27.66	25.98	94.2	28.19	25.98	89.6
11/07/2018 10:28:58 AM	3614113738	1013.00	28.89	25.98	84.0	29.61	25.98	78.7	27.71	25.98	93.7	28.11	25.98	90.3
11/07/2018 10:28:59 AM	3614113739	1013.00	28.89	25.98	84.0	29.62	25.98	78.6	27.66	25.98	94.2	28.20	25.98	89.5
11/07/2018 10:29:00 AM	3614113740	1013.00	28.93	25.98	83.7	29.63	25.98	78.6	27.66	25.98	94.2	28.15	25.98	90.0
11/07/2018 10:29:01 AM	3614113741	1013.00	28.88	25.98	84.1	29.62	25.98	78.6	27.70	25.98	93.8	28.20	25.98	89.5
11/07/2018 10:29:02 AM	3614113742	1013.00	28.92	25.97	83.8	29.66	25.97	78.4	27.69	25.97	93.9	28.18	25.97	89.7
11/07/2018 10:29:03 AM	3614113743	1013.00	28.86	25.97	84.3	29.63	25.97	78.6	27.74	25.97	93.5	28.20	25.97	89.6
11/07/2018 10:29:04 AM	3614113744	1013.00	28.93	25.97	83.7	29.62	25.97	78.7	27.70	25.97	93.8	28.13	25.97	90.1
11/07/2018 10:29:05 AM	3614113745	1013.00	28.92	25.98	83.8	29.63	25.98	78.6	27.67	25.98	94.1	28.17	25.98	89.8
11/07/2018 10:29:06 AM	3614113746	1013.00	28.93	25.98	83.7	29.64	25.98	78.5	27.71	25.98	93.7	28.23	25.98	89.3
11/07/2018 10:29:07 AM	3614113747	1013.00	28.95	25.98	83.6	29.61	25.98	78.7	27.71	25.98	93.7	28.23	25.98	89.3
11/07/2018 10:29:08 AM	3614113748	1013.00	28.93	25.98	83.7	29.70	25.98	78.1	27.71	25.98	93.7	28.28	25.98	88.9
11/07/2018 10:29:09 AM	3614113749	1013.00	28.91	25.98	83.9	29.67	25.98	78.3	27.70	25.98	93.8	28.21	25.98	89.5
11/07/2018 10:29:10 AM	3614113750	1013.00	28.89	25.98	84.0	29.66	25.98	78.4	27.69	25.98	93.9	28.19	25.98	89.6
11/07/2018 10:29:11 AM	3614113751	1013.00	28.90	25.98	84.0	29.59	25.98	78.9	27.69	25.98	93.9	28.21	25.98	89.5
11/07/2018 10:29:12 AM	3614113752	1013.00	28.92	25.98	83.8	29.62	25.98	78.6	27.67	25.98	94.1	28.17	25.98	89.8
11/07/2018 10:29:13 AM	3614113753	1013.00	28.92	25.98	83.8	29.61	25.98	78.7	27.74	25.98	93.4	28.23	25.98	89.3
11/07/2018 10:29:14 AM	3614113754	1013.00	28.96	25.98	83.5	29.63	25.98	78.6	27.70	25.98	93.8	28.18	25.98	89.7
11/07/2018 10:29:15 AM	3614113755	1013.00	28.95	25.98	83.6	29.57	25.98	79.0	27.69	25.98	93.9	28.18	25.98	89.7
11/07/2018 10:29:16 AM	3614113756	1013.00	28.96	25.98	83.5	29.69	25.98	78.2	27.77	25.98	93.2	28.15	25.98	90.0
11/07/2018 10:29:17 AM	3614113757	1013.00	28.96	25.98	83.5	29.67	25.98	78.3	27.74	25.98	93.4	28.19	25.98	89.6
11/07/2018 10:29:18 AM	3614113758	1013.00	28.96	25.98	83.5	29.70	25.98	78.1	27.71	25.98	93.7	28.22	25.98	89.4
11/07/2018 10:29:19 AM	3614113759	1013.00	28.97	25.98	83.4	29.69	25.98	78.2	27.76	25.98	93.3	28.23	25.98	89.3
11/07/2018 10:29:20 AM	3614113760	1013.00	28.98	25.98	83.3	29.67	25.98	78.3	27.74	25.98	93.4	28.18	25.98	89.7
11/07/2018 10:29:21 AM	3614113761	1013.00	28.95	25.98	83.6	29.71	25.98	78.0	27.69	25.98	93.9	28.24	25.98	89.2
11/07/2018 10:29:22 AM	3614113762	1013.00	28.94	25.97	83.7	29.68	25.97	78.2	27.66	25.97	94.2	28.26	25.97	89.1
11/07/2018 10:29:23 AM	3614113763	1013.00	28.92	25.98	83.8	29.69	25.98	78.2	27.75	25.98	93.4	28.23	25.98	89.3
11/07/2018 10:29:24 AM	3614113764	1013.00	28.98	25.98	83.3	29.74	25.98	77.8	27.73	25.98	93.5	28.24	25.98	89.2
11/07/2018 10:29:25 AM	3614113765	1013.00	28.91	25.98	83.9	29.69	25.98	78.2	27.74	25.98	93.4	28.20	25.98	89.5
11/07/2018 10:29:26 AM	3614113766	1013.00	28.99	25.98	83.3	29.75	25.98	77.7	27.70	25.98	93.8	28.24	25.98	89.2
11/07/2018 10:29:27 AM	3614113767	1013.00	28.97	25.98	83.4	29.72	25.98	77.9	27.74	25.98	93.4	28.26	25.98	89.0
11/07/2018 10:29:28 AM	3614113768	1013.00	28.99	25.98	83.3	29.73	25.98	77.9	27.75	25.98	93.4	28.21	25.98	89.5
11/07/2018 10:29:29 AM	3614113769	1013.00	28.94	25.98	83.6	29.77	25.98	77.6	27.73	25.98	93.5	28.29	25.98	88.8
11/07/2018 10:29:30 AM	3614113770	1013.00	28.99	25.98	83.3	29.74	25.98	77.8	27.77	25.98	93.2	28.24	25.98	89.2
11/07/2018 10:29:31 AM	3614113771	1013.00	28.98	25.98	83.3	29.72	25.98	77.9	27.78	25.98	93.1	28.30	25.98	88.7
11/07/2018 10:29:32 AM	3614113772	1013.00	29.02	25.98	83.0	29.75	25.98	77.7	27.79	25.98	93.0	28.28	25.98	88.9
11/07/2018 10:29:33 AM	3614113773	1013.00	29.00	25.98	83.2	29.75	25.98	77.7	27.70	25.98	93.8	28.24	25.98	89.2
11/07/2018 10:29:34 AM	3614113774	1013.00	28.97	25.98	83.4	29.75	25.98	77.7	27.73	25.98	93.5	28.28	25.98	88.9
11/07/2018 10:29:35 AM	3614113775	1013.00	28.96	25.98	83.5	29.79	25.98	77.5	27.79	25.98	93.0	28.28	25.98	88.9
11/07/2018 10:29:36 AM	3614113776	1013.00	29.01	25.99	83.1	29.79	25.99	77.4	27.73	25.99	93.5	28.27	25.99	88.9
11/07/2018 10:29:37 AM	3614113777	1013.00	29.05	25.99	82.8	29.78	25.99	77.5	27.82	25.99	92.7	28.25	25.99	89.1
11/07/2018 10:29:38 AM	3614113778	1013.00	28.98	25.98	83.3	29.75	25.98	77.7	27.78	25.98	93.1	28.35	25.98	88.3
11/07/2018 10:29:39 AM	3614113779	1013.00	29.03	25.98	83.0	29.78	25.98	77.5	27.81	25.98	92.8	28.34	25.98	88.4
11/07/2018 10:29:40 AM	3614113780	1013.00	29.05	25.98	82.8	29.77	25.98	77.6	27.78	25.98	93.1	28.33	25.98	88.5
11/07/2018 10:29:41 AM	3614113781	1013.00	29.02	25.97	83.1	29.79	25.97	77.5	27.78	25.97	93.1	28.31	25.97	88.6
11/07/2018 10:29:42 AM	3614113782	1013.00	29.00	25.97	83.2	29.78	25.97	77.5	27.76	25.97	93.3	28.36	25.97	88.2
11/07/2018 10:29:43 AM	3614113783	1013.00	29.01	25.97	83.1	29.80	25.97	77.4	27.73	25.97	93.6	28.35	25.97	88.3
11/07/2018 10:29:44 AM	3614113784	1013.00	29.00	25.98	83.2	29.74	25.98	77.8	27.79	25.98	93.0	28.37	25.98	88.1
11/07/2018 10:29:45 AM	3614113785	1013.00	29.01	25.98	83.1	29.79	25.98	77.5	27.74	25.98	93.4	28.32	25.98	88.5
11/07/2018 10:29:46 AM	3614113786	1013.00	28.99	25.98	83.3	29.77	25.98	77.6	27.79	25.98	93.0	28.36	25.98	88.2
11/07/2018 10:29:47 AM	3614113787	1013.00	28.99	25.98	83.3	29.80	25.98	77.4	27.75	25.98	93.4	28.35	25.98	88.3
11/07/2018 10:29:48 AM	3614113788	1013.00	28.98	25.98	83.3	29.80	25.98	77.4	27.77	25.98	93.2	28.42	25.98	87.7
11/07/2018 10:29:49 AM	3614113789	1013.00	28.99	25.98	83.3	29.81	25.98	77.3	27.78	25.98	93.1	28.33	25.98	88.5
11/07/2018 10:29:50 AM	3614113790	1013.00	29.00	25.98	83.2	29.84	25.98	77.1	27.73	25.98	93.5	28.36	25.98	88.2
11/07/2018 10:29:51 AM	3614113791	1013.00	28.97	25.98	83.4	29.79	25.98	77.5	27.78	25.98	93.1	28.37	25.98	88.1
11/07/2018 10:29:52 AM	3614113792	1013.00	29.02	25.98	83.0	29.80	25.98	77.4	27.80	25.98	92.9	28.35	25.98	88.3
11/07/2018 10:29:53 AM	3614113793	1013.00	28.99	25.98	83.3	29.86	25.98	77.0	27.75	25.98	93.4	28.36	25.98	88.2
11/07/2018 10:29:54 AM	3614113794	1013.00	28.99	25.98	83.3	29.86	25.98	77.0	27.80	25.98	92.9	28.44	25.98	87.6
11/07/2018 10:29:55 AM	3614113795	1013.00	29.02	25.98	83.0	29.87	25.98	76.9	27.80	25.98	92.9	28.36	25.98	88.2
11/07/2018 10:29:56 AM	3614113796	1013.00	29.01	25.98	83.1	29.87	25.98	76.9	27.81	25.98	92.8	28.39	25.98	88.0
11/07/2018 10:29:57 AM	3614113797	1013.00	29.01	25.98	83.1	29.88	25.98	76.8	27.77	25.98	93.2	28.38	25.98	88.1
11/07/2018 10:29:58 AM	3614113798	1013.00	29.03	25.98	83.0	29.82	25.98	77.2	27.82	25.98	92.8	28.35	25.98	88.3
11/07/2018 10:29:59 AM	3614113799	1013.00	29.01	25.97	83.1	29.88	25.97	76.8	27.80	25.97	92.9	28.35	25.97	88.3
11/07/2018 10:30:00 AM	3614113800	1013.00	29.03	25.97	83.0	29.93	25.97	76.5	27.76	25.97	93.3	28.37	25.97	88.2
11/07/2018 10:30:01 AM	3614113801	1013.00	28.99	25.98	83.3	29.93	25.98	76.5	27.77	25.98	93.2	28.31	25.98	88.6
11/07/2018 10:30:02 AM	3614113802	1013.00	29.00	25.98	83.2	29.91	25.98	76.6	27.81	25.98	92.8	28.33	25.98	88.5
11/07/2018 10:30:03 AM	3614113803	1013.00	29.03	25.98	83.0	29.90	25.98	76.7	27.86	25.98	92.4	28.35	25.98	88.3
11/07/2018 10:30:04 AM	3614113804	1013.00	29.01	25.99	83.1	29.92	25.99	76.5	27.82	25.99	92.7	28.40	25.99	87.9
11/07/2018 10:30:05 AM	3614113805	1013.00	29.04	25.98	82.9	29.90	25.98	76.7	27.81	25.98	92.8	28.43	25.98	87.7
11/07/2018 10:30:06 AM	3614113806	1013.00	29.00	25.98	83.2	29.89	25.98	76.8	27.82	25.98	92.8	28.28	25.98	88.9
11/07/2018 10:30:07 AM	3614113807	1013.00	29.04	25.98	82.9	29.94	25.98	76.4	27.80	25.98	92.9	28.39	25.98	88.0
11/07/2018 10:30:08 AM	3614113808	1013.00	28.95	25.98	83.6	29.93	25.98	76.5	27.80	25.98	92.9	28.39	25.98	88.0
11/07/2018 10:30:09 AM	3614113809	1013.00	29.03	25.98	83.0	29.93	25.98	76.5	27.84	25.98	92.6	28.38	25.98	88.1
11/07/2018 10:30:10 AM	3614113810	1013.00	29.03	25.98	83.0	29.93	25.98	76.5	27.81	25.98	92.8	28.37	25.98	88.1
11/07/2018 10:30:11 AM	3614113811	1013.00	29.04	25.97	82.9	29.98	25.97	76.2	27.85	25.97	92.5	28.32	25.97	88.6
11/07/2018 10:30:12 AM	3614113812	1013.00	29.00	25.98	83.2	29.94	25.98	76.4	27.82	25.98	92.8	28.39	25.98	88.0
11/07/2018 10:30:13 AM	3614113813	1013.00	29.05	25.98	82.8	29.99	25.98	76.1	27.83	25.98	92.7	28.36	25.98	88.2
11/07/2018 10:30:14 AM	3614113814	1013.00	29.02	25.98	83.0	29.96	25.98	76.3	27.84	25.98	92.6	28.39	25.98	88.0
11/07/2018 10:30:15 AM	3614113815	1013.00	29.05	25.98	82.8	29.96	25.98	76.3	27.84	25.98	92.6	28.38	25.98	88.1
11/07/2018 10:30:16 AM	3614113816	1013.00	29.01	25.98	83.1	29.97	25.98	76.2	27.83	25.98	92.7	28.36	25.98	88.2
11/07/2018 10:30:17 AM	3614113817	1013.00	29.00	25.98	83.2	29.97	25.98	76.2	27.79	25.98	93.0	28.35	25.98	88.3
11/07/2018 10:30:18 AM	3614113818	1013.00	29.04	25.97	82.9	29.98	25.97	76.2	27.79	25.97	93.0	28.40	25.97	87.9
11/07/2018 10:30:19 AM	3614113819	1013.00	29.04	25.97	82.9	29.96	25.97	76.3	27.82	25.97	92.8	28.45	25.97	87.5
11/07/2018 10:30:20 AM	3614113820	1013.00	29.09	25.97	82.5	29.98	25.97	76.2	27.82	25.97	92.8	28.39	25.97	88.0
11/07/2018 10:30:21 AM	3614113821	1013.00	29.04	25.98	82.9	30.05	25.98	75.7	27.89	25.98	92.2	28.41	25.98	87.8
11/07/2018 10:30:22 AM	3614113822	1013.00	29.05	25.97	82.8	29.98	25.97	76.2	27.83	25.97	92.7	28.39	25.97	88.0
11/07/2018 10:30:23 AM	3614113823	1013.00	29.04	25.97	82.9	30.00	25.97	76.0	27.88	25.97	92.3	28.41	25.97	87.8
11/07/2018 10:30:24 AM	3614113824	1013.00	29.06	25.98	82.7	30.03	25.98	75.8	27.85	25.98	92.5	28.34	25.98	88.4
11/07/2018 10:30:25 AM	3614113825	1013.00	29.07	25.97	82.7	29.97	25.97	76.2	27.88	25.97	92.3	28.42	25.97	87.7
11/07/2018 10:30:26 AM	3614113826	1013.00	29.07	25.97	82.7	30.02	25.97	75.9	27.86	25.97	92.4	28.37	25.97	88.2
11/07/2018 10:30:27 AM	3614113827	1013.00	29.05	25.98	82.8	30.02	25.98	75.9	27.88	25.98	92.2	28.41	25.98	87.8
11/07/2018 10:30:28 AM	3614113828	1013.00	29.05	25.98	82.8	30.08	25.98	75.5	27.89	25.98	92.2	28.34	25.98	88.4
11/07/2018 10:30:29 AM	3614113829	1013.00	29.09	25.97	82.5	30.07	25.97	75.5	27.89	25.97	92.2	28.43	25.97	87.7
11/07/2018 10:30:30 AM	3614113830	1013.00	29.05	25.97	82.8	30.04	25.97	75.8	27.84	25.97	92.6	28.45	25.97	87.5
11/07/2018 10:30:31 AM	3614113831	1013.00	29.06	25.97	82.8	30.09	25.97	75.4	27.86	25.97	92.4	28.45	25.97	87.5
11/07/2018 10:30:32 AM	3614113832	1013.00	29.09	25.97	82.5	30.08	25.97	75.5	27.85	25.97	92.5	28.44	25.97	87.6
11/07/2018 10:30:33 AM	3614113833	1013.00	29.09	25.97	82.5	30.07	25.97	75.5	27.92	25.97	91.9	28.45	25.97	87.5
11/07/2018 10:30:34 AM	3614113834	1013.00	29.09	25.98	82.5	30.04	25.98	75.7	27.88	25.98	92.2	28.45	25.98	87.5
11/07/2018 10:30:35 AM	3614113835	1013.00	29.07	25.98	82.7	30.04	25.98	75.7	27.88	25.98	92.2	28.41	25.98	87.8
11/07/2018 10:30:36 AM	3614113836	1013.00	29.13	25.98	82.2	30.05	25.98	75.7	27.84	25.98	92.6	28.40	25.98	87.9
11/07/2018 10:30:37 AM	3614113837	1013.00	29.11	25.97	82.4	30.16	25.97	74.9	27.88	25.97	92.3	28.48	25.97	87.3
11/07/2018 10:30:38 AM	3614113838	1013.00	29.11	25.97	82.4	30.11	25.97	75.3	27.89	25.97	92.2	28.48	25.97	87.3
11/07/2018 10:30:39 AM	3614113839	1013.00	29.12	25.97	82.3	30.09	25.97	75.4	27.89	25.97	92.2	28.40	25.97	87.9
11/07/2018 10:30:40 AM	3614113840	1013.00	29.13	25.98	82.2	30.13	25.98	75.1	27.88	25.98	92.2	28.44	25.98	87.6
11/07/2018 10:30:41 AM	3614113841	1013.00	29.09	25.98	82.5	30.11	25.98	75.3	27.93	25.98	91.8	28.47	25.98	87.3
11/07/2018 10:30:42 AM	3614113842	1013.00	29.13	25.98	82.2	30.10	25.98	75.3	27.87	25.98	92.3	28.47	25.98	87.3
11/07/2018 10:30:43 AM	3614113843	1013.00	29.12	25.99	82.3	30.16	25.99	74.9	27.86	25.99	92.4	28.46	25.99	87.4
11/07/2018 10:30:44 AM	3614113844	1013.00	29.15	25.99	82.1	30.14	25.99	75.1	27.84	25.99	92.6	28.45	25.99	87.5
11/07/2018 10:30:45 AM	3614113845	1013.00	29.11	25.98	82.4	30.12	25.98	75.2	27.85	25.98	92.5	28.46	25.98	87.4
11/07/2018 10:30:46 AM	3614113846	1013.00	29.12	25.99	82.3	30.17	25.99	74.9	27.89	25.99	92.1	28.49	25.99	87.2
11/07/2018 10:30:47 AM	3614113847	1013.00	29.12	25.98	82.3	30.12	25.98	75.2	27.91	25.98	92.0	28.48	25.98	87.3
11/07/2018 10:30:48 AM	3614113848	1013.00	29.15	25.98	82.1	30.21	25.98	74.6	27.90	25.98	92.1	28.46	25.98	87.4
11/07/2018 10:30:49 AM	3614113849	1013.00	29.13	25.98	82.2	30.14	25.98	75.1	27.92	25.98	91.9	28.51	25.98	87.0
11/07/2018 10:30:50 AM	3614113850	1013.00	29.16	25.97	82.0	30.17	25.97	74.9	27.90	25.97	92.1	28.47	25.97	87.3
11/07/2018 10:30:51 AM	3614113851	1013.00	29.12	25.97	82.3	30.14	25.97	75.1	27.92	25.97	91.9	28.47	25.97	87.3
11/07/2018 10:30:52 AM	3614113852	1013.00	29.13	25.98	82.2	30.15	25.98	75.0	27.87	25.98	92.3	28.55	25.98	86.7
11/07/2018 10:30:53 AM	3614113853	1013.00	29.17	25.98	81.9	30.14	25.98	75.1	27.90	25.98	92.1	28.55	25.98	86.7
11/07/2018 10:30:54 AM	3614113854	1013.00	29.12	25.98	82.3	30.17	25.98	74.9	27.89	25.98	92.2	28.55	25.98	86.7
11/07/2018 10:30:55 AM	3614113855	1013.00	29.13	25.99	82.2	30.14	25.99	75.1	27.89	25.99	92.1	28.52	25.99	86.9
11/07/2018 10:30:56 AM	3614113856	1013.00	29.14	25.98	82.1	30.17	25.98	74.9	27.89	25.98	92.2	28.54	25.98	86.8
11/07/2018 10:30:57 AM	3614113857	1013.00	29.17	25.98	81.9	30.18	25.98	74.8	27.91	25.98	92.0	28.57	25.98	86.5
11/07/2018 10:30:58 AM	3614113858	1013.00	29.15	25.98	82.1	30.19	25.98	74.7	27.92	25.98	91.9	28.50	25.98	87.1
11/07/2018 10:30:59 AM	3614113859	1013.00	29.15	25.98	82.1	30.19	25.98	74.7	27.93	25.98	91.8	28.61	25.98	86.2
11/07/2018 10:31:00 AM	3614113860	1013.00	29.14	25.98	82.1	30.16	25.98	74.9	27.97	25.98	91.5	28.51	25.98	87.0
11/07/2018 10:31:01 AM	3614113861	1013.00	29.16	25.98	82.0	30.13	25.98	75.1	27.96	25.98	91.6	28.52	25.98	86.9
11/07/2018 10:31:02 AM	3614113862	1013.00	29.15	25.98	82.1	30.16	25.98	74.9	27.89	25.98	92.2	28.51	25.98	87.0
11/07/2018 10:31:03 AM	3614113863	1013.00	29.12	25.98	82.3	30.12	25.98	75.2	27.93	25.98	91.8	28.60	25.98	86.3
11/07/2018 10:31:04 AM	3614113864	1013.00	29.17	25.98	81.9	30.14	25.98	75.1	27.92	25.98	91.9	28.63	25.98	86.1
11/07/2018 10:31:05 AM	3614113865	1013.00	29.17	25.98	81.9	30.18	25.98	74.8	27.94	25.98	91.7	28.51	25.98	87.0
11/07/2018 10:31:06 AM	3614113866	1013.00	29.20	25.97	81.7	30.18	25.97	74.8	27.93	25.97	91.8	28.61	25.97	86.2
11/07/2018 10:31:07 AM	3614113867	1013.00	29.15	25.97	82.1	30.18	25.97	74.8	27.93	25.97	91.8	28.59	25.97	86.4
11/07/2018 10:31:08 AM	3614113868	1013.00	29.17	25.96	81.9	30.22	25.96	74.6	27.94	25.96	91.8	28.57	25.96	86.6
11/07/2018 10:31:09 AM	3614113869	1013.00	29.18	25.97	81.9	30.21	25.97	74.6	27.97	25.97	91.5	28.62	25.97	86.1
11/07/2018 10:31:10 AM	3614113870	1013.00	29.19	25.97	81.8	30.23	25.97	74.5	27.98	25.97	91.4	28.55	25.97	86.7
11/07/2018 10:31:11 AM	3614113871	1013.00	29.19	25.97	81.8	30.22	25.97	74.5	27.95	25.97	91.7	28.61	25.97	86.2
11/07/2018 10:31:12 AM	3614113872	1013.00	29.19	25.97	81.8	30.26	25.97	74.3	27.91	25.97	92.0	28.64	25.97	86.0
11/07/2018 10:31:13 AM	3614113873	1013.00	29.13	25.97	82.2	30.24	25.97	74.4	27.95	25.97	91.7	28.66	25.97	85.8
11/07/2018 10:31:14 AM	3614113874	1013.00	29.19	25.98	81.8	30.21	25.98	74.6	27.92	25.98	91.9	28.56	25.98	86.6
11/07/2018 10:31:15 AM	3614113875	1013.00	29.21	25.97	81.6	30.25	25.97	74.3	27.97	25.97	91.5	28.61	25.97	86.2
11/07/2018 10:31:16 AM	3614113876	1013.00	29.20	25.97	81.7	30.24	25.97	74.4	27.95	25.97	91.7	28.65	25.97	85.9
11/07/2018 10:31:17 AM	3614113877	1013.00	29.21	25.98	81.6	30.24	25.98	74.4	27.95	25.98	91.6	28.60	25.98	86.3
11/07/2018 10:31:18 AM	3614113878	1013.00	29.18	25.98	81.8	30.28	25.98	74.1	27.97	25.98	91.5	28.58	25.98	86.5
11/07/2018 10:31:19 AM	3614113879	1013.00	29.13	25.97	82.2	30.31	25.97	73.9	27.97	25.97	91.5	28.63	25.97	86.1
11/07/2018 10:31:20 AM	3614113880	1013.00	29.18	25.97	81.9	30.29	25.97	74.1	28.00	25.97	91.2	28.58	25.97	86.5
11/07/2018 10:31:21 AM	3614113881	1013.00	29.18	25.98	81.8	30.18	25.98	74.8	27.99	25.98	91.3	28.63	25.98	86.1
11/07/2018 10:31:22 AM	3614113882	1013.00	29.17	25.98	81.9	30.29	25.98	74.1	27.93	25.98	91.8	28.58	25.98	86.5
11/07/2018 10:31:23 AM	3614113883	1013.00	29.17	25.98	81.9	30.23	25.98	74.5	27.97	25.98	91.5	28.64	25.98	86.0
11/07/2018 10:31:24 AM	3614113884	1013.00	29.22	25.98	81.5	30.24	25.98	74.4	27.99	25.98	91.3	28.61	25.98	86.2
11/07/2018 10:31:25 AM	3614113885	1013.00	29.19	25.98	81.8	30.26	25.98	74.3	27.95	25.98	91.6	28.58	25.98	86.5
11/07/2018 10:31:26 AM	3614113886	1013.00	29.20	25.98	81.7	30.27	25.98	74.2	27.95	25.98	91.6	28.57	25.98	86.5
11/07/2018 10:31:27 AM	3614113887	1013.00	29.18	25.97	81.9	30.29	25.97	74.1	28.00	25.97	91.2	28.57	25.97	86.5
11/07/2018 10:31:28 AM	3614113888	1013.00	29.20	25.97	81.7	30.31	25.97	73.9	27.94	25.97	91.7	28.55	25.97	86.7
11/07/2018 10:31:29 AM	3614113889	1013.00	29.16	25.97	82.0	30.32	25.97	73.9	27.95	25.97	91.7	28.60	25.97	86.3
11/07/2018 10:31:30 AM	3614113890	1013.00	29.20	25.97	81.7	30.25	25.97	74.3	27.90	25.97	92.1	28.59	25.97	86.4
11/07/2018 10:31:31 AM	3614113891	1013.00	29.20	25.97	81.7	30.31	25.97	73.9	27.93	25.97	91.8	28.64	25.97	86.0
11/07/2018 10:31:32 AM	3614113892	1013.00	29.17	25.97	81.9	30.37	25.97	73.6	27.96	25.97	91.6	28.60	25.97	86.3
11/07/2018 10:31:33 AM	3614113893	1013.00	29.20	25.97	81.7	30.33	25.97	73.8	27.93	25.97	91.8	28.61	25.97	86.2
11/07/2018 10:31:34 AM	3614113894	1013.00	29.23	25.97	81.5	30.32	25.97	73.9	27.99	25.97	91.3	28.67	25.97	85.8
11/07/2018 10:31:35 AM	3614113895	1013.00	29.18	25.97	81.9	30.36	25.97	73.6	27.98	25.97	91.4	28.69	25.97	85.6
11/07/2018 10:31:36 AM	3614113896	1013.00	29.21	25.97	81.6	30.33	25.97	73.8	28.03	25.97	91.0	28.65	25.97	85.9
11/07/2018 10:31:37 AM	3614113897	1013.00	29.22	25.97	81.6	30.35	25.97	73.7	27.95	25.97	91.7	28.58	25.97	86.5
11/07/2018 10:31:38 AM	3614113898	1013.00	29.18	25.97	81.9	30.34	25.97	73.7	28.02	25.97	91.1	28.60	25.97	86.3
11/07/2018 10:31:39 AM	3614113899	1013.00	29.22	25.97	81.6	30.37	25.97	73.6	27.93	25.97	91.8	28.66	25.97	85.8
11/07/2018 10:31:40 AM	3614113900	1013.00	29.18	25.97	81.9	30.36	25.97	73.6	27.95	25.97	91.7	28.66	25.97	85.8
11/07/2018 10:31:41 AM	3614113901	1013.00	29.22	25.97	81.6	30.41	25.97	73.3	27.93	25.97	91.8	28.61	25.97	86.2
11/07/2018 10:31:42 AM	3614113902	1013.00	29.22	25.97	81.6	30.40	25.97	73.4	28.00	25.97	91.2	28.70	25.97	85.5
11/07/2018 10:31:43 AM	3614113903	1013.00	29.23	25.98	81.5	30.39	25.98	73.4	28.02	25.98	91.0	28.69	25.98	85.6
11/07/2018 10:31:44 AM	3614113904	1013.00	29.26	25.97	81.3	30.39	25.97	73.4	27.98	25.97	91.4	28.63	25.97	86.1
11/07/2018 10:31:45 AM	3614113905	1013.00	29.25	25.97	81.3	30.37	25.97	73.6	27.91	25.97	92.0	28.72	25.97	85.4
11/07/2018 10:31:46 AM	3614113906	1013.00	29.23	25.97	81.5	30.40	25.97	73.4	27.94	25.97	91.7	28.64	25.97	86.0
11/07/2018 10:31:47 AM	3614113907	1013.00	29.21	25.98	81.6	30.39	25.98	73.4	28.00	25.98	91.2	28.70	25.98	85.5
11/07/2018 10:31:48 AM	3614113908	1013.00	29.24	25.97	81.4	30.38	25.97	73.5	27.95	25.97	91.7	28.67	25.97	85.8
11/07/2018 10:31:49 AM	3614113909	1013.00	29.26	25.98	81.2	30.43	25.98	73.1	28.03	25.98	91.0	28.64	25.98	86.0
11/07/2018 10:31:50 AM	3614113910	1013.00	29.29	25.98	81.0	30.41	25.98	73.3	27.97	25.98	91.5	28.72	25.98	85.3
11/07/2018 10:31:51 AM	3614113911	1013.00	29.29	25.98	81.0	30.39	25.98	73.4	27.99	25.98	91.3	28.67	25.98	85.7
11/07/2018 10:31:52 AM	3614113912	1013.00	29.32	25.97	80.8	30.42	25.97	73.2	27.96	25.97	91.6	28.69	25.97	85.6
11/07/2018 10:31:53 AM	3614113913	1013.00	29.31	25.98	80.9	30.41	25.98	73.3	28.01	25.98	91.1	28.76	25.98	85.0
11/07/2018 10:31:54 AM	3614113914	1013.00	29.35	25.97	80.6	30.43	25.97	73.2	27.99	25.97	91.3	28.71	25.97	85.4
11/07/2018 10:31:55 AM	3614113915	1013.00	29.34	25.97	80.7	30.47	25.97	72.9	27.98	25.97	91.4	28.70	25.97	85.5
11/07/2018 10:31:56 AM	3614113916	1013.00	29.34	25.97	80.7	30.46	25.97	73.0	27.99	25.97	91.3	28.73	25.97	85.3
11/07/2018 10:31:57 AM	3614113917	1013.00	29.34	25.97	80.7	30.42	25.97	73.2	27.95	25.97	91.7	28.71	25.97	85.4
11/07/2018 10:31:58 AM	3614113918	1013.00	29.37	25.98	80.4	30.45	25.98	73.0	28.02	25.98	91.0	28.78	25.98	84.9
11/07/2018 10:31:59 AM	3614113919	1013.00	29.39	25.98	80.3	30.45	25.98	73.0	27.96	25.98	91.6	28.71	25.98	85.4
11/07/2018 10:32:00 AM	3614113920	1013.00	29.36	25.98	80.5	30.52	25.98	72.6	27.99	25.98	91.3	28.76	25.98	85.0
11/07/2018 10:32:01 AM	3614113921	1013.00	29.38	25.98	80.4	30.47	25.98	72.9	28.01	25.98	91.1	28.76	25.98	85.0
11/07/2018 10:32:02 AM	3614113922	1013.00	29.40	25.97	80.2	30.51	25.97	72.6	28.02	25.97	91.1	28.75	25.97	85.1
11/07/2018 10:32:03 AM	3614113923	1013.00	29.39	25.97	80.3	30.45	25.97	73.0	28.06	25.97	90.7	28.80	25.97	84.7
11/07/2018 10:32:04 AM	3614113924	1013.00	29.44	25.97	79.9	30.48	25.97	72.8	27.99	25.97	91.3	28.78	25.97	84.9
11/07/2018 10:32:05 AM	3614113925	1013.00	29.41	25.97	80.2	30.49	25.97	72.8	28.04	25.97	90.9	28.74	25.97	85.2
11/07/2018 10:32:06 AM	3614113926	1013.00	29.41	25.97	80.2	30.45	25.97	73.0	28.06	25.97	90.7	28.77	25.97	85.0
11/07/2018 10:32:07 AM	3614113927	1013.00	29.41	25.98	80.2	30.50	25.98	72.7	27.98	25.98	91.4	28.81	25.98	84.6
11/07/2018 10:32:08 AM	3614113928	1013.00	29.39	25.98	80.3	30.50	25.98	72.7	28.07	25.98	90.6	28.76	25.98	85.0
11/07/2018 10:32:09 AM	3614113929	1013.00	29.36	25.98	80.5	30.43	25.98	73.1	28.01	25.98	91.1	28.85	25.98	84.3
11/07/2018 10:32:10 AM	3614113930	1013.00	29.41	25.98	80.2	30.47	25.98	72.9	28.04	25.98	90.9	28.84	25.98	84.4
11/07/2018 10:32:11 AM	3614113931	1013.00	29.37	25.98	80.4	30.47	25.98	72.9	27.97	25.98	91.5	28.84	25.98	84.4
11/07/2018 10:32:12 AM	3614113932	1013.00	29.40	25.98	80.2	30.51	25.98	72.6	28.02	25.98	91.0	28.84	25.98	84.4
11/07/2018 10:32:13 AM	3614113933	1013.00	29.42	25.97	80.1	30.49	25.97	72.8	28.01	25.97	91.1	28.76	25.97	85.1
11/07/2018 10:32:14 AM	3614113934	1013.00	29.39	25.97	80.3	30.47	25.97	72.9	28.05	25.97	90.8	28.85	25.97	84.4
11/07/2018 10:32:15 AM	3614113935	1013.00	29.40	25.97	80.2	30.54	25.97	72.5	28.07	25.97	90.6	28.86	25.97	84.3
11/07/2018 10:32:16 AM	3614113936	1013.00	29.47	25.97	79.7	30.54	25.97	72.5	28.02	25.97	91.1	28.83	25.97	84.5
11/07/2018 10:32:17 AM	3614113937	1013.00	29.43	25.97	80.0	30.50	25.97	72.7	28.02	25.97	91.1	28.82	25.97	84.6
11/07/2018 10:32:18 AM	3614113938	1013.00	29.43	25.97	80.0	30.51	25.97	72.6	28.07	25.97	90.6	28.80	25.97	84.7
11/07/2018 10:32:19 AM	3614113939	1013.00	29.44	25.97	79.9	30.55	25.97	72.4	28.02	25.97	91.1	28.83	25.97	84.5
11/07/2018 10:32:20 AM	3614113940	1013.00	29.45	25.97	79.9	30.53	25.97	72.5	28.01	25.97	91.1	28.85	25.97	84.4
11/07/2018 10:32:21 AM	3614113941	1013.00	29.49	25.97	79.6	30.56	25.97	72.3	28.06	25.97	90.7	28.85	25.97	84.4
11/07/2018 10:32:22 AM	3614113942	1013.00	29.45	25.97	79.9	30.56	25.97	72.3	28.05	25.97	90.8	28.88	25.97	84.1
11/07/2018 10:32:23 AM	3614113943	1013.00	29.45	25.97	79.9	30.56	25.97	72.3	28.04	25.97	90.9	28.82	25.97	84.6
11/07/2018 10:32:24 AM	3614113944	1013.00	29.46	25.97	79.8	30.56	25.97	72.3	28.10	25.97	90.4	28.92	25.97	83.8
11/07/2018 10:32:25 AM	3614113945	1013.00	29.45	25.98	79.9	30.56	25.98	72.3	28.03	25.98	91.0	28.90	25.98	84.0
11/07/2018 10:32:26 AM	3614113946	1013.00	29.46	25.97	79.8	30.55	25.97	72.4	28.06	25.97	90.7	28.86	25.97	84.3
11/07/2018 10:32:27 AM	3614113947	1013.00	29.42	25.97	80.1	30.57	25.97	72.3	28.04	25.97	90.9	28.90	25.97	84.0
11/07/2018 10:32:28 AM	3614113948	1013.00	29.49	25.97	79.6	30.62	25.97	71.9	28.07	25.97	90.6	28.94	25.97	83.7
11/07/2018 10:32:29 AM	3614113949	1013.00	29.47	25.97	79.7	30.65	25.97	71.7	28.11	25.97	90.3	28.85	25.97	84.4
11/07/2018 10:32:30 AM	3614113950	1013.00	29.47	25.97	79.7	30.61	25.97	72.0	28.08	25.97	90.6	28.84	25.97	84.4
11/07/2018 10:32:31 AM	3614113951	1013.00	29.48	25.97	79.7	30.59	25.97	72.1	28.04	25.97	90.9	28.84	25.97	84.4
11/07/2018 10:32:32 AM	3614113952	1013.00	29.44	25.97	79.9	30.59	25.97	72.1	28.07	25.97	90.6	28.87	25.97	84.2
11/07/2018 10:32:33 AM	3614113953	1013.00	29.48	25.97	79.7	30.65	25.97	71.7	28.08	25.97	90.6	28.83	25.97	84.5
11/07/2018 10:32:34 AM	3614113954	1013.00	29.46	25.97	79.8	30.65	25.97	71.7	28.08	25.97	90.6	28.85	25.97	84.4
11/07/2018 10:32:35 AM	3614113955	1013.00	29.49	25.97	79.6	30.69	25.97	71.5	28.15	25.97	90.0	28.89	25.97	84.0
11/07/2018 10:32:36 AM	3614113956	1013.00	29.47	25.98	79.7	30.63	25.98	71.9	28.09	25.98	90.5	28.87	25.98	84.2
11/07/2018 10:32:37 AM	3614113957	1013.00	29.46	25.98	79.8	30.64	25.98	71.8	28.08	25.98	90.5	28.82	25.98	84.6
11/07/2018 10:32:38 AM	3614113958	1013.00	29.50	25.98	79.5	30.62	25.98	71.9	28.09	25.98	90.5	28.85	25.98	84.3
11/07/2018 10:32:39 AM	3614113959	1013.00	29.50	25.98	79.5	30.64	25.98	71.8	28.09	25.98	90.5	28.82	25.98	84.6
11/07/2018 10:32:40 AM	3614113960	1013.00	29.51	25.98	79.4	30.63	25.98	71.9	28.11	25.98	90.3	28.92	25.98	83.8
11/07/2018 10:32:41 AM	3614113961	1013.00	29.54	25.98	79.2	30.70	25.98	71.4	28.08	25.98	90.5	28.84	25.98	84.4
11/07/2018 10:32:42 AM	3614113962	1013.00	29.54	25.98	79.2	30.68	25.98	71.5	28.09	25.98	90.5	28.87	25.98	84.2
11/07/2018 10:32:43 AM	3614113963	1013.00	29.55	25.98	79.1	30.68	25.98	71.5	28.08	25.98	90.5	28.87	25.98	84.2
11/07/2018 10:32:44 AM	3614113964	1013.00	29.51	25.98	79.4	30.74	25.98	71.2	28.05	25.98	90.8	28.84	25.98	84.4
11/07/2018 10:32:45 AM	3614113965	1013.00	29.52	25.98	79.4	30.73	25.98	71.2	28.10	25.98	90.4	28.85	25.98	84.3
11/07/2018 10:32:46 AM	3614113966	1013.00	29.55	25.98	79.1	30.75	25.98	71.1	28.08	25.98	90.5	28.89	25.98	84.0
11/07/2018 10:32:47 AM	3614113967	1013.00	29.57	25.98	79.0	30.72	25.98	71.3	28.12	25.98	90.2	28.86	25.98	84.3
11/07/2018 10:32:48 AM	3614113968	1013.00	29.52	25.97	79.4	30.79	25.97	70.9	28.11	25.97	90.3	28.90	25.97	84.0
11/07/2018 10:32:49 AM	3614113969	1013.00	29.54	25.97	79.2	30.79	25.97	70.9	28.08	25.97	90.6	28.86	25.97	84.3
11/07/2018 10:32:50 AM	3614113970	1013.00	29.61	25.97	78.7	30.78	25.97	70.9	28.12	25.97	90.2	28.87	25.97	84.2
11/07/2018 10:32:51 AM	3614113971	1013.00	29.53	25.97	79.3	30.79	25.97	70.9	28.14	25.97	90.0	28.86	25.97	84.3
11/07/2018 10:32:52 AM	3614113972	1013.00	29.53	25.97	79.3	30.79	25.97	70.9	28.07	25.97	90.6	28.89	25.97	84.0
11/07/2018 10:32:53 AM	3614113973	1013.00	29.58	25.97	78.9	30.79	25.97	70.9	28.14	25.97	90.0	28.84	25.97	84.4
