Date & time of file creation	11/07/2018 1:19 PM													
Data file path	C:\Users\ameli\Desktop\Diego Barneche\2018_07_11\26_C_new_witrox_24.txt													
														
														
CALIBRATION DATA														
Parameter/Channel	N moving average	LO phase [r.U.]	HI phase [r.U.]	LO oxygen [%air saturation]	HI oxygen [%air saturation]	LO temperature [°C]	HI temperature [°C]	Salinity [‰]						
SDWD0003000199      , CH 1	1	59.63	27.03	0.00	100.00	25.99	25.93	0.000						
SDWD0003000199      , CH 2	1	59.63	27.03	0.00	100.00	25.99	25.93	0.000						
SDWD0003000199      , CH 3	1	59.63	27.03	0.00	100.00	25.99	25.93	0.000						
SDWD0003000199      , CH 4	1	59.63	27.03	0.00	100.00	25.99	25.93	0.000						
														
														
Date &Time [DD-MM-YYYY HH:MM:SS]	Time stamp code	Barometric pressure [hPa]	SDWD0003000199      , CH 1 phase [r.U.]	SDWD0003000199      , CH 1 temp [°C]	SDWD0003000199      , CH 1 O2 [% air saturation]	SDWD0003000199      , CH 2 phase [r.U.]	SDWD0003000199      , CH 2 temp [°C]	SDWD0003000199      , CH 2 O2 [% air saturation]	SDWD0003000199      , CH 3 phase [r.U.]	SDWD0003000199      , CH 3 temp [°C]	SDWD0003000199      , CH 3 O2 [% air saturation]	SDWD0003000199      , CH 4 phase [r.U.]	SDWD0003000199      , CH 4 temp [°C]	SDWD0003000199      , CH 4 O2 [% air saturation]
11/07/2018 1:20:37 PM	3614124037	1013.00	27.59	26.35	94.2	27.48	26.35	95.2	27.09	26.35	98.7	26.81	26.35	101.4
11/07/2018 1:20:38 PM	3614124038	1013.00	27.61	26.34	94.0	27.46	26.34	95.3	27.13	26.34	98.4	26.87	26.34	100.8
11/07/2018 1:20:39 PM	3614124039	1013.00	27.58	26.34	94.3	27.50	26.34	95.0	27.10	26.34	98.6	26.93	26.34	100.3
11/07/2018 1:20:40 PM	3614124040	1013.00	27.61	26.34	94.0	27.49	26.34	95.1	27.16	26.34	98.1	26.85	26.34	101.0
11/07/2018 1:20:41 PM	3614124041	1013.00	27.61	26.35	94.0	27.41	26.35	95.8	27.14	26.35	98.3	26.81	26.35	101.4
11/07/2018 1:20:42 PM	3614124042	1013.00	27.58	26.35	94.3	27.46	26.35	95.3	27.10	26.35	98.6	26.81	26.35	101.4
11/07/2018 1:20:43 PM	3614124043	1013.00	27.60	26.36	94.1	27.47	26.36	95.2	27.12	26.36	98.4	26.85	26.36	101.0
11/07/2018 1:20:44 PM	3614124044	1013.00	27.63	26.36	93.8	27.45	26.36	95.4	27.09	26.36	98.7	26.97	26.36	99.8
11/07/2018 1:20:45 PM	3614124045	1013.00	27.58	26.36	94.2	27.49	26.36	95.0	27.10	26.36	98.6	26.85	26.36	101.0
11/07/2018 1:20:46 PM	3614124046	1013.00	27.63	26.36	93.8	27.44	26.36	95.5	27.14	26.36	98.2	26.88	26.36	100.7
11/07/2018 1:20:47 PM	3614124047	1013.00	27.59	26.35	94.2	27.49	26.35	95.1	27.08	26.35	98.8	26.90	26.35	100.5
11/07/2018 1:20:48 PM	3614124048	1013.00	27.61	26.35	94.0	27.44	26.35	95.5	27.13	26.35	98.3	26.85	26.35	101.0
11/07/2018 1:20:49 PM	3614124049	1013.00	27.59	26.35	94.2	27.44	26.35	95.5	27.15	26.35	98.2	26.88	26.35	100.7
11/07/2018 1:20:50 PM	3614124050	1013.00	27.58	26.35	94.3	27.49	26.35	95.1	27.08	26.35	98.8	26.84	26.35	101.1
11/07/2018 1:20:51 PM	3614124051	1013.00	27.62	26.35	93.9	27.49	26.35	95.1	27.13	26.35	98.3	26.88	26.35	100.7
11/07/2018 1:20:52 PM	3614124052	1013.00	27.60	26.35	94.1	27.43	26.35	95.6	27.10	26.35	98.6	26.85	26.35	101.0
11/07/2018 1:20:53 PM	3614124053	1013.00	27.60	26.35	94.1	27.44	26.35	95.5	27.15	26.35	98.2	26.94	26.35	100.1
11/07/2018 1:20:54 PM	3614124054	1013.00	27.60	26.35	94.1	27.49	26.35	95.1	27.10	26.35	98.6	26.95	26.35	100.0
11/07/2018 1:20:55 PM	3614124055	1013.00	27.53	26.35	94.7	27.49	26.35	95.1	27.11	26.35	98.5	26.94	26.35	100.1
11/07/2018 1:20:56 PM	3614124056	1013.00	27.66	26.36	93.5	27.43	26.36	95.6	27.14	26.36	98.2	26.87	26.36	100.8
11/07/2018 1:20:57 PM	3614124057	1013.00	27.59	26.35	94.2	27.46	26.35	95.3	27.08	26.35	98.8	26.89	26.35	100.6
11/07/2018 1:20:58 PM	3614124058	1013.00	27.63	26.35	93.8	27.49	26.35	95.1	27.18	26.35	97.9	26.88	26.35	100.7
11/07/2018 1:20:59 PM	3614124059	1013.00	27.60	26.35	94.1	27.46	26.35	95.3	27.19	26.35	97.8	26.92	26.35	100.3
11/07/2018 1:21:00 PM	3614124060	1013.00	27.61	26.35	94.0	27.55	26.35	94.5	27.14	26.35	98.3	26.89	26.35	100.6
11/07/2018 1:21:01 PM	3614124061	1013.00	27.59	26.34	94.2	27.48	26.34	95.2	27.18	26.34	97.9	26.88	26.34	100.7
11/07/2018 1:21:02 PM	3614124062	1013.00	27.65	26.35	93.6	27.43	26.35	95.6	27.15	26.35	98.2	26.89	26.35	100.6
11/07/2018 1:21:03 PM	3614124063	1013.00	27.62	26.35	93.9	27.51	26.35	94.9	27.14	26.35	98.3	26.88	26.35	100.7
11/07/2018 1:21:04 PM	3614124064	1013.00	27.65	26.36	93.6	27.44	26.36	95.5	27.12	26.36	98.4	26.92	26.36	100.3
11/07/2018 1:21:05 PM	3614124065	1013.00	27.62	26.36	93.9	27.47	26.36	95.2	27.14	26.36	98.2	26.90	26.36	100.5
11/07/2018 1:21:06 PM	3614124066	1013.00	27.61	26.35	94.0	27.46	26.35	95.3	27.12	26.35	98.4	26.84	26.35	101.1
11/07/2018 1:21:07 PM	3614124067	1013.00	27.60	26.36	94.1	27.47	26.36	95.2	27.07	26.36	98.9	26.87	26.36	100.8
11/07/2018 1:21:08 PM	3614124068	1013.00	27.61	26.36	94.0	27.47	26.36	95.2	27.18	26.36	97.9	26.90	26.36	100.5
11/07/2018 1:21:09 PM	3614124069	1013.00	27.62	26.36	93.9	27.49	26.36	95.0	27.12	26.36	98.4	26.92	26.36	100.3
11/07/2018 1:21:10 PM	3614124070	1013.00	27.62	26.36	93.9	27.48	26.36	95.1	27.14	26.36	98.2	26.88	26.36	100.7
11/07/2018 1:21:11 PM	3614124071	1013.00	27.59	26.36	94.2	27.44	26.36	95.5	27.14	26.36	98.2	26.87	26.36	100.8
11/07/2018 1:21:12 PM	3614124072	1013.00	27.64	26.35	93.7	27.49	26.35	95.1	27.16	26.35	98.1	26.85	26.35	101.0
11/07/2018 1:21:13 PM	3614124073	1013.00	27.59	26.35	94.2	27.44	26.35	95.5	27.10	26.35	98.6	26.92	26.35	100.3
11/07/2018 1:21:14 PM	3614124074	1013.00	27.66	26.35	93.6	27.43	26.35	95.6	27.12	26.35	98.4	26.87	26.35	100.8
11/07/2018 1:21:15 PM	3614124075	1013.00	27.65	26.35	93.6	27.46	26.35	95.3	27.08	26.35	98.8	26.93	26.35	100.2
11/07/2018 1:21:16 PM	3614124076	1013.00	27.63	26.35	93.8	27.49	26.35	95.1	27.10	26.35	98.6	26.93	26.35	100.2
11/07/2018 1:21:17 PM	3614124077	1013.00	27.62	26.35	93.9	27.42	26.35	95.7	27.15	26.35	98.2	26.81	26.35	101.4
11/07/2018 1:21:18 PM	3614124078	1013.00	27.61	26.35	94.0	27.47	26.35	95.2	27.15	26.35	98.2	26.90	26.35	100.5
11/07/2018 1:21:19 PM	3614124079	1013.00	27.66	26.35	93.6	27.51	26.35	94.9	27.17	26.35	98.0	26.95	26.35	100.0
11/07/2018 1:21:20 PM	3614124080	1013.00	27.62	26.35	93.9	27.48	26.35	95.2	27.09	26.35	98.7	26.88	26.35	100.7
11/07/2018 1:21:21 PM	3614124081	1013.00	27.64	26.35	93.7	27.44	26.35	95.5	27.08	26.35	98.8	26.86	26.35	100.9
11/07/2018 1:21:22 PM	3614124082	1013.00	27.64	26.35	93.7	27.43	26.35	95.6	27.12	26.35	98.4	26.95	26.35	100.0
11/07/2018 1:21:23 PM	3614124083	1013.00	27.66	26.34	93.6	27.55	26.34	94.5	27.12	26.34	98.5	26.88	26.34	100.7
11/07/2018 1:21:24 PM	3614124084	1013.00	27.62	26.34	93.9	27.48	26.34	95.2	27.15	26.34	98.2	26.91	26.34	100.4
11/07/2018 1:21:25 PM	3614124085	1013.00	27.66	26.34	93.6	27.46	26.34	95.3	27.14	26.34	98.3	26.91	26.34	100.4
11/07/2018 1:21:26 PM	3614124086	1013.00	27.62	26.35	93.9	27.44	26.35	95.5	27.10	26.35	98.6	26.97	26.35	99.9
11/07/2018 1:21:27 PM	3614124087	1013.00	27.65	26.35	93.6	27.50	26.35	95.0	27.16	26.35	98.1	26.97	26.35	99.9
11/07/2018 1:21:28 PM	3614124088	1013.00	27.63	26.35	93.8	27.50	26.35	95.0	27.13	26.35	98.3	26.89	26.35	100.6
11/07/2018 1:21:29 PM	3614124089	1013.00	27.64	26.35	93.7	27.50	26.35	95.0	27.11	26.35	98.5	27.03	26.35	99.3
11/07/2018 1:21:30 PM	3614124090	1013.00	27.62	26.35	93.9	27.50	26.35	95.0	27.12	26.35	98.4	26.89	26.35	100.6
11/07/2018 1:21:31 PM	3614124091	1013.00	27.60	26.35	94.1	27.49	26.35	95.1	27.11	26.35	98.5	26.90	26.35	100.5
11/07/2018 1:21:32 PM	3614124092	1013.00	27.68	26.35	93.4	27.52	26.35	94.8	27.14	26.35	98.3	26.85	26.35	101.0
11/07/2018 1:21:33 PM	3614124093	1013.00	27.66	26.35	93.6	27.51	26.35	94.9	27.15	26.35	98.2	26.83	26.35	101.2
11/07/2018 1:21:34 PM	3614124094	1013.00	27.63	26.34	93.8	27.51	26.34	94.9	27.13	26.34	98.4	26.89	26.34	100.6
11/07/2018 1:21:35 PM	3614124095	1013.00	27.69	26.34	93.3	27.53	26.34	94.7	27.19	26.34	97.8	26.90	26.34	100.5
11/07/2018 1:21:36 PM	3614124096	1013.00	27.65	26.34	93.7	27.51	26.34	94.9	27.12	26.34	98.5	26.95	26.34	100.1
11/07/2018 1:21:37 PM	3614124097	1013.00	27.67	26.34	93.5	27.54	26.34	94.6	27.12	26.34	98.5	26.88	26.34	100.7
11/07/2018 1:21:38 PM	3614124098	1013.00	27.70	26.34	93.2	27.46	26.34	95.3	27.10	26.34	98.6	26.97	26.34	99.9
11/07/2018 1:21:39 PM	3614124099	1013.00	27.69	26.34	93.3	27.55	26.34	94.5	27.15	26.34	98.2	26.87	26.34	100.8
11/07/2018 1:21:40 PM	3614124100	1013.00	27.66	26.34	93.6	27.48	26.34	95.2	27.13	26.34	98.4	26.97	26.34	99.9
11/07/2018 1:21:41 PM	3614124101	1013.00	27.68	26.35	93.4	27.51	26.35	94.9	27.09	26.35	98.7	26.90	26.35	100.5
11/07/2018 1:21:42 PM	3614124102	1013.00	27.66	26.35	93.6	27.48	26.35	95.2	27.09	26.35	98.7	26.90	26.35	100.5
11/07/2018 1:21:43 PM	3614124103	1013.00	27.70	26.36	93.2	27.56	26.36	94.4	27.11	26.36	98.5	26.92	26.36	100.3
11/07/2018 1:21:44 PM	3614124104	1013.00	27.70	26.36	93.2	27.49	26.36	95.0	27.09	26.36	98.7	27.00	26.36	99.6
11/07/2018 1:21:45 PM	3614124105	1013.00	27.73	26.36	92.9	27.50	26.36	95.0	27.12	26.36	98.4	26.95	26.36	100.0
11/07/2018 1:21:46 PM	3614124106	1013.00	27.71	26.36	93.1	27.47	26.36	95.2	27.09	26.36	98.7	26.89	26.36	100.6
11/07/2018 1:21:47 PM	3614124107	1013.00	27.67	26.35	93.5	27.49	26.35	95.1	27.10	26.35	98.6	26.95	26.35	100.0
11/07/2018 1:21:48 PM	3614124108	1013.00	27.68	26.35	93.4	27.52	26.35	94.8	27.12	26.35	98.4	26.99	26.35	99.7
11/07/2018 1:21:49 PM	3614124109	1013.00	27.68	26.36	93.4	27.45	26.36	95.4	27.14	26.36	98.2	26.96	26.36	99.9
11/07/2018 1:21:50 PM	3614124110	1013.00	27.66	26.36	93.5	27.51	26.36	94.9	27.10	26.36	98.6	26.93	26.36	100.2
11/07/2018 1:21:51 PM	3614124111	1013.00	27.73	26.35	92.9	27.51	26.35	94.9	27.12	26.35	98.4	26.94	26.35	100.1
11/07/2018 1:21:52 PM	3614124112	1013.00	27.68	26.35	93.4	27.52	26.35	94.8	27.08	26.35	98.8	26.95	26.35	100.0
11/07/2018 1:21:53 PM	3614124113	1013.00	27.68	26.34	93.4	27.51	26.34	94.9	27.13	26.34	98.4	26.97	26.34	99.9
11/07/2018 1:21:54 PM	3614124114	1013.00	27.73	26.34	93.0	27.50	26.34	95.0	27.15	26.34	98.2	26.94	26.34	100.2
11/07/2018 1:21:55 PM	3614124115	1013.00	27.72	26.33	93.1	27.55	26.33	94.6	27.14	26.33	98.3	26.95	26.33	100.1
11/07/2018 1:21:56 PM	3614124116	1013.00	27.71	26.34	93.1	27.53	26.34	94.7	27.16	26.34	98.1	26.91	26.34	100.4
11/07/2018 1:21:57 PM	3614124117	1013.00	27.69	26.34	93.3	27.49	26.34	95.1	27.17	26.34	98.0	26.98	26.34	99.8
11/07/2018 1:21:58 PM	3614124118	1013.00	27.71	26.34	93.1	27.51	26.34	94.9	27.17	26.34	98.0	27.01	26.34	99.5
11/07/2018 1:21:59 PM	3614124119	1013.00	27.68	26.34	93.4	27.53	26.34	94.7	27.13	26.34	98.4	27.03	26.34	99.3
11/07/2018 1:22:00 PM	3614124120	1013.00	27.70	26.34	93.2	27.48	26.34	95.2	27.12	26.34	98.5	26.98	26.34	99.8
11/07/2018 1:22:01 PM	3614124121	1013.00	27.68	26.34	93.4	27.55	26.34	94.5	27.13	26.34	98.4	27.06	26.34	99.0
11/07/2018 1:22:02 PM	3614124122	1013.00	27.69	26.35	93.3	27.53	26.35	94.7	27.14	26.35	98.3	26.95	26.35	100.0
11/07/2018 1:22:03 PM	3614124123	1013.00	27.72	26.34	93.1	27.55	26.34	94.5	27.10	26.34	98.6	26.94	26.34	100.2
11/07/2018 1:22:04 PM	3614124124	1013.00	27.71	26.34	93.1	27.53	26.34	94.7	27.11	26.34	98.6	26.92	26.34	100.3
11/07/2018 1:22:05 PM	3614124125	1013.00	27.68	26.35	93.4	27.48	26.35	95.2	27.18	26.35	97.9	26.97	26.35	99.9
11/07/2018 1:22:06 PM	3614124126	1013.00	27.76	26.34	92.7	27.57	26.34	94.4	27.16	26.34	98.1	27.00	26.34	99.6
11/07/2018 1:22:07 PM	3614124127	1013.00	27.73	26.34	93.0	27.50	26.34	95.0	27.12	26.34	98.5	27.02	26.34	99.4
11/07/2018 1:22:08 PM	3614124128	1013.00	27.74	26.34	92.9	27.53	26.34	94.7	27.16	26.34	98.1	27.04	26.34	99.2
11/07/2018 1:22:09 PM	3614124129	1013.00	27.74	26.34	92.9	27.54	26.34	94.6	27.13	26.34	98.4	27.00	26.34	99.6
11/07/2018 1:22:10 PM	3614124130	1013.00	27.70	26.34	93.2	27.52	26.34	94.8	27.11	26.34	98.6	27.02	26.34	99.4
11/07/2018 1:22:11 PM	3614124131	1013.00	27.73	26.34	93.0	27.53	26.34	94.7	27.13	26.34	98.4	27.10	26.34	98.6
11/07/2018 1:22:12 PM	3614124132	1013.00	27.78	26.34	92.5	27.57	26.34	94.4	27.14	26.34	98.3	27.01	26.34	99.5
11/07/2018 1:22:13 PM	3614124133	1013.00	27.79	26.35	92.4	27.53	26.35	94.7	27.10	26.35	98.6	27.06	26.35	99.0
11/07/2018 1:22:14 PM	3614124134	1013.00	27.76	26.35	92.7	27.52	26.35	94.8	27.17	26.35	98.0	26.97	26.35	99.9
11/07/2018 1:22:15 PM	3614124135	1013.00	27.75	26.35	92.8	27.59	26.35	94.2	27.11	26.35	98.5	27.00	26.35	99.6
11/07/2018 1:22:16 PM	3614124136	1013.00	27.78	26.35	92.5	27.55	26.35	94.5	27.13	26.35	98.3	27.00	26.35	99.6
11/07/2018 1:22:17 PM	3614124137	1013.00	27.77	26.34	92.6	27.56	26.34	94.5	27.10	26.34	98.6	27.04	26.34	99.2
11/07/2018 1:22:18 PM	3614124138	1013.00	27.80	26.34	92.4	27.54	26.34	94.6	27.08	26.34	98.8	27.08	26.34	98.8
11/07/2018 1:22:19 PM	3614124139	1013.00	27.78	26.34	92.5	27.58	26.34	94.3	27.15	26.34	98.2	27.01	26.34	99.5
11/07/2018 1:22:20 PM	3614124140	1013.00	27.77	26.34	92.6	27.52	26.34	94.8	27.07	26.34	98.9	27.03	26.34	99.3
11/07/2018 1:22:21 PM	3614124141	1013.00	27.80	26.33	92.4	27.56	26.33	94.5	27.16	26.33	98.1	27.04	26.33	99.2
11/07/2018 1:22:22 PM	3614124142	1013.00	27.78	26.33	92.5	27.55	26.33	94.6	27.14	26.33	98.3	27.02	26.33	99.4
11/07/2018 1:22:23 PM	3614124143	1013.00	27.79	26.34	92.4	27.56	26.34	94.5	27.14	26.34	98.3	27.08	26.34	98.8
11/07/2018 1:22:24 PM	3614124144	1013.00	27.82	26.34	92.2	27.52	26.34	94.8	27.17	26.34	98.0	27.05	26.34	99.1
11/07/2018 1:22:25 PM	3614124145	1013.00	27.82	26.34	92.2	27.56	26.34	94.5	27.14	26.34	98.3	27.03	26.34	99.3
11/07/2018 1:22:26 PM	3614124146	1013.00	27.79	26.35	92.4	27.56	26.35	94.4	27.13	26.35	98.3	27.02	26.35	99.4
11/07/2018 1:22:27 PM	3614124147	1013.00	27.82	26.35	92.2	27.53	26.35	94.7	27.18	26.35	97.9	27.00	26.35	99.6
11/07/2018 1:22:28 PM	3614124148	1013.00	27.83	26.34	92.1	27.56	26.34	94.5	27.11	26.34	98.6	27.10	26.34	98.6
11/07/2018 1:22:29 PM	3614124149	1013.00	27.85	26.34	91.9	27.57	26.34	94.4	27.19	26.34	97.8	27.05	26.34	99.1
11/07/2018 1:22:30 PM	3614124150	1013.00	27.88	26.34	91.7	27.58	26.34	94.3	27.14	26.34	98.3	27.12	26.34	98.5
11/07/2018 1:22:31 PM	3614124151	1013.00	27.82	26.34	92.2	27.56	26.34	94.5	27.10	26.34	98.6	27.01	26.34	99.5
11/07/2018 1:22:32 PM	3614124152	1013.00	27.85	26.35	91.9	27.59	26.35	94.2	27.16	26.35	98.1	27.11	26.35	98.5
11/07/2018 1:22:33 PM	3614124153	1013.00	27.83	26.35	92.1	27.57	26.35	94.4	27.15	26.35	98.2	27.11	26.35	98.5
11/07/2018 1:22:34 PM	3614124154	1013.00	27.82	26.35	92.2	27.57	26.35	94.4	27.12	26.35	98.4	27.19	26.35	97.8
11/07/2018 1:22:35 PM	3614124155	1013.00	27.84	26.35	92.0	27.59	26.35	94.2	27.15	26.35	98.2	27.04	26.35	99.2
11/07/2018 1:22:36 PM	3614124156	1013.00	27.85	26.35	91.9	27.56	26.35	94.4	27.12	26.35	98.4	27.08	26.35	98.8
11/07/2018 1:22:37 PM	3614124157	1013.00	27.80	26.35	92.3	27.59	26.35	94.2	27.18	26.35	97.9	27.10	26.35	98.6
11/07/2018 1:22:38 PM	3614124158	1013.00	27.82	26.34	92.2	27.60	26.34	94.1	27.14	26.34	98.3	27.11	26.34	98.6
11/07/2018 1:22:39 PM	3614124159	1013.00	27.84	26.34	92.0	27.60	26.34	94.1	27.17	26.34	98.0	27.01	26.34	99.5
11/07/2018 1:22:40 PM	3614124160	1013.00	27.86	26.35	91.8	27.57	26.35	94.4	27.18	26.35	97.9	27.10	26.35	98.6
11/07/2018 1:22:41 PM	3614124161	1013.00	27.85	26.34	91.9	27.61	26.34	94.0	27.16	26.34	98.1	27.12	26.34	98.5
11/07/2018 1:22:42 PM	3614124162	1013.00	27.88	26.35	91.7	27.65	26.35	93.6	27.15	26.35	98.2	27.07	26.35	98.9
11/07/2018 1:22:43 PM	3614124163	1013.00	27.88	26.34	91.7	27.64	26.34	93.7	27.13	26.34	98.4	27.11	26.34	98.6
11/07/2018 1:22:44 PM	3614124164	1013.00	27.86	26.34	91.8	27.64	26.34	93.7	27.16	26.34	98.1	27.08	26.34	98.8
11/07/2018 1:22:45 PM	3614124165	1013.00	27.88	26.34	91.7	27.54	26.34	94.6	27.14	26.34	98.3	27.14	26.34	98.3
11/07/2018 1:22:46 PM	3614124166	1013.00	27.90	26.34	91.5	27.62	26.34	93.9	27.13	26.34	98.4	27.09	26.34	98.7
11/07/2018 1:22:47 PM	3614124167	1013.00	27.91	26.33	91.4	27.62	26.33	93.9	27.14	26.33	98.3	27.10	26.33	98.7
11/07/2018 1:22:48 PM	3614124168	1013.00	27.88	26.33	91.7	27.62	26.33	93.9	27.17	26.33	98.0	27.13	26.33	98.4
11/07/2018 1:22:49 PM	3614124169	1013.00	27.91	26.33	91.4	27.63	26.33	93.9	27.18	26.33	97.9	27.18	26.33	97.9
11/07/2018 1:22:50 PM	3614124170	1013.00	27.92	26.33	91.3	27.59	26.33	94.2	27.15	26.33	98.2	27.11	26.33	98.6
11/07/2018 1:22:51 PM	3614124171	1013.00	27.88	26.33	91.7	27.63	26.33	93.9	27.14	26.33	98.3	27.18	26.33	97.9
11/07/2018 1:22:52 PM	3614124172	1013.00	27.89	26.33	91.6	27.64	26.33	93.8	27.17	26.33	98.0	27.14	26.33	98.3
11/07/2018 1:22:53 PM	3614124173	1013.00	27.89	26.33	91.6	27.64	26.33	93.8	27.14	26.33	98.3	27.14	26.33	98.3
11/07/2018 1:22:54 PM	3614124174	1013.00	27.91	26.33	91.4	27.63	26.33	93.9	27.16	26.33	98.1	27.12	26.33	98.5
11/07/2018 1:22:55 PM	3614124175	1013.00	27.91	26.33	91.4	27.64	26.33	93.8	27.13	26.33	98.4	27.17	26.33	98.0
11/07/2018 1:22:56 PM	3614124176	1013.00	27.93	26.33	91.3	27.65	26.33	93.7	27.16	26.33	98.1	27.09	26.33	98.8
11/07/2018 1:22:57 PM	3614124177	1013.00	27.90	26.33	91.5	27.64	26.33	93.8	27.17	26.33	98.0	27.17	26.33	98.0
11/07/2018 1:22:58 PM	3614124178	1013.00	27.87	26.33	91.8	27.66	26.33	93.6	27.12	26.33	98.5	27.11	26.33	98.6
11/07/2018 1:22:59 PM	3614124179	1013.00	27.91	26.33	91.4	27.71	26.33	93.2	27.19	26.33	97.8	27.17	26.33	98.0
11/07/2018 1:23:00 PM	3614124180	1013.00	27.94	26.33	91.2	27.65	26.33	93.7	27.17	26.33	98.0	27.14	26.33	98.3
11/07/2018 1:23:01 PM	3614124181	1013.00	27.91	26.32	91.4	27.63	26.32	93.9	27.09	26.32	98.8	27.14	26.32	98.3
11/07/2018 1:23:02 PM	3614124182	1013.00	27.90	26.32	91.5	27.61	26.32	94.0	27.19	26.32	97.8	27.23	26.32	97.5
11/07/2018 1:23:03 PM	3614124183	1013.00	27.90	26.32	91.5	27.68	26.32	93.4	27.16	26.32	98.1	27.13	26.32	98.4
11/07/2018 1:23:04 PM	3614124184	1013.00	27.91	26.32	91.4	27.73	26.32	93.0	27.17	26.32	98.0	27.12	26.32	98.5
11/07/2018 1:23:05 PM	3614124185	1013.00	27.91	26.33	91.4	27.69	26.33	93.3	27.17	26.33	98.0	27.18	26.33	97.9
11/07/2018 1:23:06 PM	3614124186	1013.00	27.93	26.32	91.3	27.70	26.32	93.3	27.13	26.32	98.4	27.17	26.32	98.0
11/07/2018 1:23:07 PM	3614124187	1013.00	27.92	26.32	91.4	27.67	26.32	93.5	27.14	26.32	98.3	27.22	26.32	97.6
11/07/2018 1:23:08 PM	3614124188	1013.00	27.98	26.33	90.8	27.62	26.33	93.9	27.13	26.33	98.4	27.20	26.33	97.7
11/07/2018 1:23:09 PM	3614124189	1013.00	27.93	26.32	91.3	27.68	26.32	93.4	27.11	26.32	98.6	27.20	26.32	97.7
11/07/2018 1:23:10 PM	3614124190	1013.00	27.92	26.32	91.4	27.66	26.32	93.6	27.15	26.32	98.2	27.18	26.32	97.9
11/07/2018 1:23:11 PM	3614124191	1013.00	27.96	26.32	91.0	27.66	26.32	93.6	27.20	26.32	97.7	27.16	26.32	98.1
11/07/2018 1:23:12 PM	3614124192	1013.00	27.96	26.33	91.0	27.68	26.33	93.4	27.19	26.33	97.8	27.21	26.33	97.6
11/07/2018 1:23:13 PM	3614124193	1013.00	27.97	26.32	90.9	27.71	26.32	93.2	27.17	26.32	98.0	27.15	26.32	98.2
11/07/2018 1:23:14 PM	3614124194	1013.00	28.00	26.32	90.7	27.71	26.32	93.2	27.13	26.32	98.4	27.15	26.32	98.2
11/07/2018 1:23:15 PM	3614124195	1013.00	28.00	26.32	90.7	27.69	26.32	93.3	27.15	26.32	98.2	27.20	26.32	97.7
11/07/2018 1:23:16 PM	3614124196	1013.00	27.99	26.33	90.8	27.71	26.33	93.2	27.16	26.33	98.1	27.19	26.33	97.8
11/07/2018 1:23:17 PM	3614124197	1013.00	27.97	26.33	90.9	27.70	26.33	93.2	27.19	26.33	97.8	27.25	26.33	97.3
11/07/2018 1:23:18 PM	3614124198	1013.00	28.00	26.33	90.7	27.72	26.33	93.1	27.16	26.33	98.1	27.14	26.33	98.3
11/07/2018 1:23:19 PM	3614124199	1013.00	27.98	26.33	90.8	27.70	26.33	93.2	27.17	26.33	98.0	27.20	26.33	97.7
11/07/2018 1:23:20 PM	3614124200	1013.00	28.06	26.33	90.2	27.72	26.33	93.1	27.21	26.33	97.6	27.14	26.33	98.3
11/07/2018 1:23:21 PM	3614124201	1013.00	28.04	26.33	90.3	27.72	26.33	93.1	27.15	26.33	98.2	27.19	26.33	97.8
11/07/2018 1:23:22 PM	3614124202	1013.00	28.01	26.33	90.6	27.76	26.33	92.7	27.19	26.33	97.8	27.22	26.33	97.5
11/07/2018 1:23:23 PM	3614124203	1013.00	28.05	26.33	90.2	27.76	26.33	92.7	27.19	26.33	97.8	27.21	26.33	97.6
11/07/2018 1:23:24 PM	3614124204	1013.00	28.07	26.33	90.1	27.75	26.33	92.8	27.17	26.33	98.0	27.15	26.33	98.2
11/07/2018 1:23:25 PM	3614124205	1013.00	28.06	26.33	90.2	27.69	26.33	93.3	27.14	26.33	98.3	27.24	26.33	97.4
11/07/2018 1:23:26 PM	3614124206	1013.00	28.05	26.33	90.2	27.72	26.33	93.1	27.18	26.33	97.9	27.22	26.33	97.5
11/07/2018 1:23:27 PM	3614124207	1013.00	28.08	26.33	90.0	27.69	26.33	93.3	27.19	26.33	97.8	27.18	26.33	97.9
11/07/2018 1:23:28 PM	3614124208	1013.00	28.05	26.33	90.2	27.71	26.33	93.2	27.13	26.33	98.4	27.19	26.33	97.8
11/07/2018 1:23:29 PM	3614124209	1013.00	28.06	26.33	90.2	27.70	26.33	93.2	27.18	26.33	97.9	27.23	26.33	97.5
11/07/2018 1:23:30 PM	3614124210	1013.00	28.06	26.33	90.2	27.75	26.33	92.8	27.11	26.33	98.6	27.15	26.33	98.2
11/07/2018 1:23:31 PM	3614124211	1013.00	28.04	26.32	90.3	27.69	26.32	93.3	27.23	26.32	97.5	27.30	26.32	96.8
11/07/2018 1:23:32 PM	3614124212	1013.00	28.08	26.32	90.0	27.72	26.32	93.1	27.20	26.32	97.7	27.23	26.32	97.5
11/07/2018 1:23:33 PM	3614124213	1013.00	28.08	26.32	90.0	27.74	26.32	92.9	27.19	26.32	97.8	27.18	26.32	97.9
11/07/2018 1:23:34 PM	3614124214	1013.00	28.08	26.33	90.0	27.72	26.33	93.1	27.20	26.33	97.7	27.18	26.33	97.9
11/07/2018 1:23:35 PM	3614124215	1013.00	28.07	26.32	90.1	27.77	26.32	92.6	27.25	26.32	97.3	27.19	26.32	97.8
11/07/2018 1:23:36 PM	3614124216	1013.00	28.04	26.33	90.3	27.72	26.33	93.1	27.14	26.33	98.3	27.22	26.33	97.5
11/07/2018 1:23:37 PM	3614124217	1013.00	28.04	26.33	90.3	27.70	26.33	93.2	27.13	26.33	98.4	27.19	26.33	97.8
11/07/2018 1:23:38 PM	3614124218	1013.00	28.07	26.32	90.1	27.67	26.32	93.5	27.18	26.32	97.9	27.23	26.32	97.5
11/07/2018 1:23:39 PM	3614124219	1013.00	28.09	26.32	89.9	27.73	26.32	93.0	27.24	26.32	97.4	27.18	26.32	97.9
11/07/2018 1:23:40 PM	3614124220	1013.00	28.10	26.32	89.8	27.80	26.32	92.4	27.13	26.32	98.4	27.28	26.32	97.0
11/07/2018 1:23:41 PM	3614124221	1013.00	28.05	26.32	90.3	27.71	26.32	93.2	27.19	26.32	97.8	27.25	26.32	97.3
11/07/2018 1:23:42 PM	3614124222	1013.00	28.09	26.32	89.9	27.77	26.32	92.6	27.12	26.32	98.5	27.25	26.32	97.3
11/07/2018 1:23:43 PM	3614124223	1013.00	28.08	26.31	90.0	27.76	26.31	92.8	27.11	26.31	98.6	27.25	26.31	97.3
11/07/2018 1:23:44 PM	3614124224	1013.00	28.07	26.31	90.1	27.73	26.31	93.0	27.15	26.31	98.2	27.23	26.31	97.5
11/07/2018 1:23:45 PM	3614124225	1013.00	28.04	26.31	90.4	27.75	26.31	92.8	27.14	26.31	98.3	27.20	26.31	97.8
11/07/2018 1:23:46 PM	3614124226	1013.00	28.09	26.31	89.9	27.75	26.31	92.8	27.17	26.31	98.0	27.24	26.31	97.4
11/07/2018 1:23:47 PM	3614124227	1013.00	28.06	26.31	90.2	27.72	26.31	93.1	27.18	26.31	98.0	27.24	26.31	97.4
11/07/2018 1:23:48 PM	3614124228	1013.00	28.10	26.31	89.9	27.75	26.31	92.8	27.21	26.31	97.7	27.29	26.31	96.9
11/07/2018 1:23:49 PM	3614124229	1013.00	28.05	26.32	90.3	27.73	26.32	93.0	27.22	26.32	97.6	27.27	26.32	97.1
11/07/2018 1:23:50 PM	3614124230	1013.00	28.07	26.32	90.1	27.72	26.32	93.1	27.22	26.32	97.6	27.23	26.32	97.5
11/07/2018 1:23:51 PM	3614124231	1013.00	28.13	26.33	89.6	27.75	26.33	92.8	27.14	26.33	98.3	27.22	26.33	97.5
11/07/2018 1:23:52 PM	3614124232	1013.00	28.11	26.32	89.8	27.73	26.32	93.0	27.20	26.32	97.7	27.21	26.32	97.7
11/07/2018 1:23:53 PM	3614124233	1013.00	28.12	26.32	89.7	27.83	26.32	92.1	27.17	26.32	98.0	27.28	26.32	97.0
11/07/2018 1:23:54 PM	3614124234	1013.00	28.13	26.32	89.6	27.85	26.32	92.0	27.17	26.32	98.0	27.24	26.32	97.4
11/07/2018 1:23:55 PM	3614124235	1013.00	28.13	26.32	89.6	27.78	26.32	92.6	27.20	26.32	97.7	27.24	26.32	97.4
11/07/2018 1:23:56 PM	3614124236	1013.00	28.12	26.31	89.7	27.80	26.31	92.4	27.21	26.31	97.7	27.25	26.31	97.3
11/07/2018 1:23:57 PM	3614124237	1013.00	28.15	26.32	89.4	27.85	26.32	92.0	27.15	26.32	98.2	27.26	26.32	97.2
11/07/2018 1:23:58 PM	3614124238	1013.00	28.15	26.31	89.4	27.80	26.31	92.4	27.17	26.31	98.0	27.26	26.31	97.2
11/07/2018 1:23:59 PM	3614124239	1013.00	28.15	26.31	89.4	27.79	26.31	92.5	27.20	26.31	97.8	27.30	26.31	96.8
11/07/2018 1:24:00 PM	3614124240	1013.00	28.15	26.31	89.4	27.79	26.31	92.5	27.17	26.31	98.0	27.32	26.31	96.7
11/07/2018 1:24:01 PM	3614124241	1013.00	28.15	26.31	89.4	27.82	26.31	92.2	27.16	26.31	98.1	27.29	26.31	96.9
11/07/2018 1:24:02 PM	3614124242	1013.00	28.17	26.31	89.3	27.78	26.31	92.6	27.16	26.31	98.1	27.27	26.31	97.1
11/07/2018 1:24:03 PM	3614124243	1013.00	28.17	26.31	89.3	27.83	26.31	92.1	27.18	26.31	98.0	27.28	26.31	97.0
11/07/2018 1:24:04 PM	3614124244	1013.00	28.12	26.31	89.7	27.80	26.31	92.4	27.16	26.31	98.1	27.26	26.31	97.2
11/07/2018 1:24:05 PM	3614124245	1013.00	28.18	26.31	89.2	27.83	26.31	92.1	27.13	26.31	98.4	27.35	26.31	96.4
11/07/2018 1:24:06 PM	3614124246	1013.00	28.16	26.31	89.4	27.84	26.31	92.1	27.19	26.31	97.9	27.22	26.31	97.6
11/07/2018 1:24:07 PM	3614124247	1013.00	28.15	26.31	89.4	27.78	26.31	92.6	27.20	26.31	97.8	27.31	26.31	96.8
11/07/2018 1:24:08 PM	3614124248	1013.00	28.19	26.31	89.1	27.85	26.31	92.0	27.21	26.31	97.7	27.27	26.31	97.1
11/07/2018 1:24:09 PM	3614124249	1013.00	28.13	26.31	89.6	27.83	26.31	92.1	27.13	26.31	98.4	27.37	26.31	96.2
11/07/2018 1:24:10 PM	3614124250	1013.00	28.16	26.31	89.4	27.85	26.31	92.0	27.16	26.31	98.1	27.34	26.31	96.5
11/07/2018 1:24:11 PM	3614124251	1013.00	28.16	26.31	89.4	27.83	26.31	92.1	27.20	26.31	97.8	27.31	26.31	96.8
11/07/2018 1:24:12 PM	3614124252	1013.00	28.20	26.31	89.0	27.82	26.31	92.2	27.18	26.31	98.0	27.27	26.31	97.1
11/07/2018 1:24:13 PM	3614124253	1013.00	28.18	26.31	89.2	27.80	26.31	92.4	27.17	26.31	98.0	27.28	26.31	97.0
11/07/2018 1:24:14 PM	3614124254	1013.00	28.19	26.30	89.1	27.83	26.30	92.2	27.21	26.30	97.7	27.29	26.30	97.0
11/07/2018 1:24:15 PM	3614124255	1013.00	28.19	26.30	89.1	27.84	26.30	92.1	27.20	26.30	97.8	27.29	26.30	97.0
11/07/2018 1:24:16 PM	3614124256	1013.00	28.19	26.30	89.1	27.86	26.30	91.9	27.16	26.30	98.2	27.36	26.30	96.3
11/07/2018 1:24:17 PM	3614124257	1013.00	28.19	26.30	89.1	27.84	26.30	92.1	27.18	26.30	98.0	27.35	26.30	96.4
11/07/2018 1:24:18 PM	3614124258	1013.00	28.25	26.30	88.6	27.88	26.30	91.7	27.17	26.30	98.1	27.40	26.30	96.0
11/07/2018 1:24:19 PM	3614124259	1013.00	28.18	26.30	89.2	27.86	26.30	91.9	27.23	26.30	97.5	27.37	26.30	96.2
11/07/2018 1:24:20 PM	3614124260	1013.00	28.24	26.30	88.7	27.88	26.30	91.7	27.19	26.30	97.9	27.33	26.30	96.6
11/07/2018 1:24:21 PM	3614124261	1013.00	28.26	26.30	88.6	27.78	26.30	92.6	27.25	26.30	97.3	27.38	26.30	96.1
11/07/2018 1:24:22 PM	3614124262	1013.00	28.22	26.30	88.9	27.85	26.30	92.0	27.18	26.30	98.0	27.38	26.30	96.1
11/07/2018 1:24:23 PM	3614124263	1013.00	28.24	26.31	88.7	27.87	26.31	91.8	27.20	26.31	97.8	27.46	26.31	95.4
11/07/2018 1:24:24 PM	3614124264	1013.00	28.29	26.30	88.3	27.82	26.30	92.2	27.20	26.30	97.8	27.39	26.30	96.0
11/07/2018 1:24:25 PM	3614124265	1013.00	28.25	26.31	88.6	27.89	26.31	91.6	27.23	26.31	97.5	27.35	26.31	96.4
11/07/2018 1:24:26 PM	3614124266	1013.00	28.28	26.30	88.4	27.89	26.30	91.6	27.25	26.30	97.3	27.31	26.30	96.8
11/07/2018 1:24:27 PM	3614124267	1013.00	28.21	26.30	89.0	27.87	26.30	91.8	27.20	26.30	97.8	27.43	26.30	95.7
11/07/2018 1:24:28 PM	3614124268	1013.00	28.27	26.30	88.5	27.96	26.30	91.1	27.12	26.30	98.5	27.41	26.30	95.9
11/07/2018 1:24:29 PM	3614124269	1013.00	28.29	26.30	88.3	27.90	26.30	91.6	27.20	26.30	97.8	27.39	26.30	96.0
11/07/2018 1:24:30 PM	3614124270	1013.00	28.28	26.31	88.4	27.95	26.31	91.1	27.20	26.31	97.8	27.40	26.31	95.9
11/07/2018 1:24:31 PM	3614124271	1013.00	28.30	26.31	88.2	27.88	26.31	91.7	27.15	26.31	98.2	27.43	26.31	95.7
11/07/2018 1:24:32 PM	3614124272	1013.00	28.32	26.32	88.0	27.95	26.32	91.1	27.17	26.32	98.0	27.38	26.32	96.1
11/07/2018 1:24:33 PM	3614124273	1013.00	28.32	26.32	88.0	27.97	26.32	90.9	27.20	26.32	97.7	27.46	26.32	95.4
11/07/2018 1:24:34 PM	3614124274	1013.00	28.30	26.33	88.2	27.86	26.33	91.9	27.18	26.33	97.9	27.42	26.33	95.7
11/07/2018 1:24:35 PM	3614124275	1013.00	28.36	26.32	87.7	27.92	26.32	91.4	27.18	26.32	97.9	27.44	26.32	95.6
11/07/2018 1:24:36 PM	3614124276	1013.00	28.32	26.33	88.0	27.90	26.33	91.5	27.20	26.33	97.7	27.48	26.33	95.2
11/07/2018 1:24:37 PM	3614124277	1013.00	28.35	26.32	87.8	27.95	26.32	91.1	27.18	26.32	97.9	27.40	26.32	95.9
11/07/2018 1:24:38 PM	3614124278	1013.00	28.30	26.31	88.2	27.94	26.31	91.2	27.21	26.31	97.7	27.52	26.31	94.9
11/07/2018 1:24:39 PM	3614124279	1013.00	28.33	26.31	88.0	27.94	26.31	91.2	27.25	26.31	97.3	27.44	26.31	95.6
11/07/2018 1:24:40 PM	3614124280	1013.00	28.33	26.31	88.0	28.00	26.31	90.7	27.22	26.31	97.6	27.49	26.31	95.1
11/07/2018 1:24:41 PM	3614124281	1013.00	28.36	26.30	87.7	27.94	26.30	91.2	27.18	26.30	98.0	27.52	26.30	94.9
11/07/2018 1:24:42 PM	3614124282	1013.00	28.37	26.31	87.6	27.95	26.31	91.1	27.20	26.31	97.8	27.45	26.31	95.5
11/07/2018 1:24:43 PM	3614124283	1013.00	28.31	26.31	88.1	28.00	26.31	90.7	27.18	26.31	98.0	27.47	26.31	95.3
11/07/2018 1:24:44 PM	3614124284	1013.00	28.33	26.31	88.0	28.01	26.31	90.6	27.20	26.31	97.8	27.46	26.31	95.4
11/07/2018 1:24:45 PM	3614124285	1013.00	28.36	26.31	87.7	27.96	26.31	91.0	27.22	26.31	97.6	27.46	26.31	95.4
11/07/2018 1:24:46 PM	3614124286	1013.00	28.39	26.31	87.5	28.02	26.31	90.5	27.23	26.31	97.5	27.43	26.31	95.7
11/07/2018 1:24:47 PM	3614124287	1013.00	28.41	26.31	87.3	27.96	26.31	91.0	27.12	26.31	98.5	27.52	26.31	94.9
11/07/2018 1:24:48 PM	3614124288	1013.00	28.36	26.31	87.7	28.04	26.31	90.4	27.20	26.31	97.8	27.47	26.31	95.3
11/07/2018 1:24:49 PM	3614124289	1013.00	28.39	26.31	87.5	27.99	26.31	90.8	27.21	26.31	97.7	27.48	26.31	95.2
11/07/2018 1:24:50 PM	3614124290	1013.00	28.34	26.32	87.9	28.02	26.32	90.5	27.26	26.32	97.2	27.51	26.32	94.9
11/07/2018 1:24:51 PM	3614124291	1013.00	28.37	26.32	87.6	27.99	26.32	90.8	27.20	26.32	97.7	27.54	26.32	94.7
11/07/2018 1:24:52 PM	3614124292	1013.00	28.36	26.32	87.7	27.99	26.32	90.8	27.20	26.32	97.7	27.57	26.32	94.4
11/07/2018 1:24:53 PM	3614124293	1013.00	28.36	26.32	87.7	28.02	26.32	90.5	27.24	26.32	97.4	27.46	26.32	95.4
11/07/2018 1:24:54 PM	3614124294	1013.00	28.35	26.31	87.8	28.04	26.31	90.4	27.19	26.31	97.9	27.46	26.31	95.4
11/07/2018 1:24:55 PM	3614124295	1013.00	28.33	26.31	88.0	28.07	26.31	90.1	27.23	26.31	97.5	27.50	26.31	95.0
11/07/2018 1:24:56 PM	3614124296	1013.00	28.40	26.31	87.4	28.12	26.31	89.7	27.17	26.31	98.0	27.56	26.31	94.5
11/07/2018 1:24:57 PM	3614124297	1013.00	28.41	26.31	87.3	28.09	26.31	89.9	27.16	26.31	98.1	27.56	26.31	94.5
11/07/2018 1:24:58 PM	3614124298	1013.00	28.39	26.31	87.5	28.02	26.31	90.5	27.20	26.31	97.8	27.55	26.31	94.6
11/07/2018 1:24:59 PM	3614124299	1013.00	28.42	26.31	87.2	28.04	26.31	90.4	27.17	26.31	98.0	27.57	26.31	94.4
11/07/2018 1:25:00 PM	3614124300	1013.00	28.43	26.31	87.2	28.00	26.31	90.7	27.28	26.31	97.0	27.54	26.31	94.7
11/07/2018 1:25:01 PM	3614124301	1013.00	28.38	26.31	87.6	28.04	26.31	90.4	27.17	26.31	98.0	27.55	26.31	94.6
11/07/2018 1:25:02 PM	3614124302	1013.00	28.42	26.31	87.2	28.10	26.31	89.9	27.20	26.31	97.8	27.53	26.31	94.8
11/07/2018 1:25:03 PM	3614124303	1013.00	28.41	26.31	87.3	28.08	26.31	90.0	27.21	26.31	97.7	27.57	26.31	94.4
11/07/2018 1:25:04 PM	3614124304	1013.00	28.44	26.30	87.1	28.05	26.30	90.3	27.19	26.30	97.9	27.53	26.30	94.8
11/07/2018 1:25:05 PM	3614124305	1013.00	28.44	26.30	87.1	28.04	26.30	90.4	27.19	26.30	97.9	27.59	26.30	94.3
11/07/2018 1:25:06 PM	3614124306	1013.00	28.43	26.30	87.2	28.10	26.30	89.9	27.22	26.30	97.6	27.58	26.30	94.3
11/07/2018 1:25:07 PM	3614124307	1013.00	28.41	26.30	87.3	28.09	26.30	90.0	27.18	26.30	98.0	27.60	26.30	94.2
11/07/2018 1:25:08 PM	3614124308	1013.00	28.43	26.31	87.2	28.12	26.31	89.7	27.24	26.31	97.4	27.59	26.31	94.2
11/07/2018 1:25:09 PM	3614124309	1013.00	28.43	26.31	87.2	28.08	26.31	90.0	27.32	26.31	96.7	27.63	26.31	93.9
11/07/2018 1:25:10 PM	3614124310	1013.00	28.42	26.31	87.2	28.06	26.31	90.2	27.23	26.31	97.5	27.65	26.31	93.7
11/07/2018 1:25:11 PM	3614124311	1013.00	28.45	26.31	87.0	28.13	26.31	89.6	27.21	26.31	97.7	27.65	26.31	93.7
11/07/2018 1:25:12 PM	3614124312	1013.00	28.42	26.31	87.2	28.10	26.31	89.9	27.24	26.31	97.4	27.66	26.31	93.6
11/07/2018 1:25:13 PM	3614124313	1013.00	28.42	26.32	87.2	28.14	26.32	89.5	27.22	26.32	97.6	27.56	26.32	94.5
11/07/2018 1:25:14 PM	3614124314	1013.00	28.48	26.32	86.7	28.08	26.32	90.0	27.25	26.32	97.3	27.51	26.32	94.9
11/07/2018 1:25:15 PM	3614124315	1013.00	28.45	26.32	87.0	28.13	26.32	89.6	27.28	26.32	97.0	27.62	26.32	94.0
11/07/2018 1:25:16 PM	3614124316	1013.00	28.45	26.32	87.0	28.10	26.32	89.8	27.25	26.32	97.3	27.68	26.32	93.4
11/07/2018 1:25:17 PM	3614124317	1013.00	28.47	26.31	86.8	28.09	26.31	89.9	27.19	26.31	97.9	27.65	26.31	93.7
11/07/2018 1:25:18 PM	3614124318	1013.00	28.42	26.31	87.2	28.11	26.31	89.8	27.18	26.31	98.0	27.60	26.31	94.2
11/07/2018 1:25:19 PM	3614124319	1013.00	28.43	26.30	87.2	28.07	26.30	90.1	27.26	26.30	97.2	27.57	26.30	94.4
11/07/2018 1:25:20 PM	3614124320	1013.00	28.45	26.30	87.0	28.15	26.30	89.5	27.22	26.30	97.6	27.73	26.30	93.0
11/07/2018 1:25:21 PM	3614124321	1013.00	28.44	26.31	87.1	28.12	26.31	89.7	27.22	26.31	97.6	27.65	26.31	93.7
11/07/2018 1:25:22 PM	3614124322	1013.00	28.45	26.31	87.0	28.09	26.31	89.9	27.22	26.31	97.6	27.67	26.31	93.5
11/07/2018 1:25:23 PM	3614124323	1013.00	28.45	26.31	87.0	28.09	26.31	89.9	27.22	26.31	97.6	27.59	26.31	94.2
11/07/2018 1:25:24 PM	3614124324	1013.00	28.46	26.31	86.9	28.12	26.31	89.7	27.26	26.31	97.2	27.61	26.31	94.1
11/07/2018 1:25:25 PM	3614124325	1013.00	28.46	26.31	86.9	28.16	26.31	89.4	27.23	26.31	97.5	27.67	26.31	93.5
11/07/2018 1:25:26 PM	3614124326	1013.00	28.46	26.31	86.9	28.13	26.31	89.6	27.22	26.31	97.6	27.67	26.31	93.5
11/07/2018 1:25:27 PM	3614124327	1013.00	28.50	26.31	86.6	28.15	26.31	89.4	27.25	26.31	97.3	27.62	26.31	94.0
11/07/2018 1:25:28 PM	3614124328	1013.00	28.50	26.31	86.6	28.15	26.31	89.4	27.20	26.31	97.8	27.62	26.31	94.0
11/07/2018 1:25:29 PM	3614124329	1013.00	28.45	26.32	87.0	28.15	26.32	89.4	27.30	26.32	96.8	27.60	26.32	94.1
11/07/2018 1:25:30 PM	3614124330	1013.00	28.48	26.31	86.8	28.15	26.31	89.4	27.25	26.31	97.3	27.61	26.31	94.1
11/07/2018 1:25:31 PM	3614124331	1013.00	28.51	26.32	86.5	28.18	26.32	89.2	27.23	26.32	97.5	27.63	26.32	93.9
11/07/2018 1:25:32 PM	3614124332	1013.00	28.49	26.32	86.7	28.17	26.32	89.3	27.30	26.32	96.8	27.63	26.32	93.9
11/07/2018 1:25:33 PM	3614124333	1013.00	28.52	26.32	86.4	28.20	26.32	89.0	27.25	26.32	97.3	27.73	26.32	93.0
11/07/2018 1:25:34 PM	3614124334	1013.00	28.54	26.32	86.3	28.19	26.32	89.1	27.23	26.32	97.5	27.69	26.32	93.3
11/07/2018 1:25:35 PM	3614124335	1013.00	28.55	26.32	86.2	28.14	26.32	89.5	27.24	26.32	97.4	27.65	26.32	93.7
11/07/2018 1:25:36 PM	3614124336	1013.00	28.55	26.32	86.2	28.10	26.32	89.8	27.27	26.32	97.1	27.69	26.32	93.3
11/07/2018 1:25:37 PM	3614124337	1013.00	28.48	26.32	86.7	28.16	26.32	89.3	27.26	26.32	97.2	27.69	26.32	93.3
11/07/2018 1:25:38 PM	3614124338	1013.00	28.49	26.32	86.7	28.20	26.32	89.0	27.27	26.32	97.1	27.72	26.32	93.1
11/07/2018 1:25:39 PM	3614124339	1013.00	28.51	26.31	86.5	28.17	26.31	89.3	27.29	26.31	96.9	27.71	26.31	93.2
11/07/2018 1:25:40 PM	3614124340	1013.00	28.44	26.32	87.1	28.16	26.32	89.3	27.26	26.32	97.2	27.71	26.32	93.2
11/07/2018 1:25:41 PM	3614124341	1013.00	28.49	26.32	86.7	28.10	26.32	89.8	27.27	26.32	97.1	27.65	26.32	93.7
11/07/2018 1:25:42 PM	3614124342	1013.00	28.49	26.32	86.7	28.15	26.32	89.4	27.24	26.32	97.4	27.67	26.32	93.5
11/07/2018 1:25:43 PM	3614124343	1013.00	28.49	26.31	86.7	28.20	26.31	89.0	27.27	26.31	97.1	27.66	26.31	93.6
11/07/2018 1:25:44 PM	3614124344	1013.00	28.49	26.31	86.7	28.15	26.31	89.4	27.22	26.31	97.6	27.65	26.31	93.7
11/07/2018 1:25:45 PM	3614124345	1013.00	28.56	26.31	86.1	28.17	26.31	89.3	27.29	26.31	96.9	27.72	26.31	93.1
11/07/2018 1:25:46 PM	3614124346	1013.00	28.48	26.31	86.8	28.19	26.31	89.1	27.22	26.31	97.6	27.65	26.31	93.7
11/07/2018 1:25:47 PM	3614124347	1013.00	28.55	26.31	86.2	28.20	26.31	89.0	27.26	26.31	97.2	27.73	26.31	93.0
11/07/2018 1:25:48 PM	3614124348	1013.00	28.53	26.31	86.4	28.19	26.31	89.1	27.24	26.31	97.4	27.75	26.31	92.8
11/07/2018 1:25:49 PM	3614124349	1013.00	28.52	26.31	86.4	28.21	26.31	88.9	27.27	26.31	97.1	27.66	26.31	93.6
11/07/2018 1:25:50 PM	3614124350	1013.00	28.53	26.30	86.4	28.18	26.30	89.2	27.27	26.30	97.1	27.68	26.30	93.5
11/07/2018 1:25:51 PM	3614124351	1013.00	28.52	26.31	86.4	28.23	26.31	88.8	27.28	26.31	97.0	27.67	26.31	93.5
11/07/2018 1:25:52 PM	3614124352	1013.00	28.51	26.31	86.5	28.22	26.31	88.9	27.28	26.31	97.0	27.77	26.31	92.7
11/07/2018 1:25:53 PM	3614124353	1013.00	28.49	26.31	86.7	28.21	26.31	88.9	27.29	26.31	96.9	27.64	26.31	93.8
11/07/2018 1:25:54 PM	3614124354	1013.00	28.58	26.32	86.0	28.25	26.32	88.6	27.31	26.32	96.7	27.72	26.32	93.1
11/07/2018 1:25:55 PM	3614124355	1013.00	28.55	26.32	86.2	28.20	26.32	89.0	27.27	26.32	97.1	27.78	26.32	92.6
11/07/2018 1:25:56 PM	3614124356	1013.00	28.53	26.31	86.4	28.21	26.31	88.9	27.28	26.31	97.0	27.68	26.31	93.4
11/07/2018 1:25:57 PM	3614124357	1013.00	28.55	26.31	86.2	28.21	26.31	88.9	27.25	26.31	97.3	27.71	26.31	93.2
11/07/2018 1:25:58 PM	3614124358	1013.00	28.55	26.32	86.2	28.24	26.32	88.7	27.27	26.32	97.1	27.70	26.32	93.3
11/07/2018 1:25:59 PM	3614124359	1013.00	28.58	26.31	86.0	28.22	26.31	88.9	27.24	26.31	97.4	27.77	26.31	92.7
11/07/2018 1:26:00 PM	3614124360	1013.00	28.57	26.31	86.0	28.21	26.31	88.9	27.28	26.31	97.0	27.76	26.31	92.8
11/07/2018 1:26:01 PM	3614124361	1013.00	28.56	26.32	86.1	28.23	26.32	88.8	27.27	26.32	97.1	27.72	26.32	93.1
11/07/2018 1:26:02 PM	3614124362	1013.00	28.58	26.32	86.0	28.22	26.32	88.9	27.30	26.32	96.8	27.70	26.32	93.3
11/07/2018 1:26:03 PM	3614124363	1013.00	28.55	26.31	86.2	28.25	26.31	88.6	27.29	26.31	96.9	27.71	26.31	93.2
11/07/2018 1:26:04 PM	3614124364	1013.00	28.58	26.31	86.0	28.28	26.31	88.4	27.32	26.31	96.7	27.73	26.31	93.0
11/07/2018 1:26:05 PM	3614124365	1013.00	28.58	26.32	86.0	28.28	26.32	88.4	27.28	26.32	97.0	27.70	26.32	93.3
11/07/2018 1:26:06 PM	3614124366	1013.00	28.56	26.31	86.1	28.24	26.31	88.7	27.27	26.31	97.1	27.85	26.31	92.0
11/07/2018 1:26:07 PM	3614124367	1013.00	28.55	26.31	86.2	28.31	26.31	88.1	27.27	26.31	97.1	27.74	26.31	92.9
11/07/2018 1:26:08 PM	3614124368	1013.00	28.61	26.31	85.7	28.31	26.31	88.1	27.31	26.31	96.8	27.77	26.31	92.7
11/07/2018 1:26:09 PM	3614124369	1013.00	28.56	26.31	86.1	28.22	26.31	88.9	27.32	26.31	96.7	27.71	26.31	93.2
11/07/2018 1:26:10 PM	3614124370	1013.00	28.63	26.31	85.6	28.30	26.31	88.2	27.31	26.31	96.8	27.90	26.31	91.5
11/07/2018 1:26:11 PM	3614124371	1013.00	28.62	26.31	85.6	28.29	26.31	88.3	27.25	26.31	97.3	27.73	26.31	93.0
11/07/2018 1:26:12 PM	3614124372	1013.00	28.64	26.31	85.5	28.24	26.31	88.7	27.28	26.31	97.0	27.86	26.31	91.9
11/07/2018 1:26:13 PM	3614124373	1013.00	28.63	26.31	85.6	28.21	26.31	88.9	27.27	26.31	97.1	27.72	26.31	93.1
11/07/2018 1:26:14 PM	3614124374	1013.00	28.64	26.31	85.5	28.23	26.31	88.8	27.30	26.31	96.8	27.71	26.31	93.2
11/07/2018 1:26:15 PM	3614124375	1013.00	28.59	26.30	85.9	28.26	26.30	88.6	27.27	26.30	97.1	27.73	26.30	93.0
11/07/2018 1:26:16 PM	3614124376	1013.00	28.64	26.30	85.5	28.22	26.30	88.9	27.27	26.30	97.1	27.75	26.30	92.9
11/07/2018 1:26:17 PM	3614124377	1013.00	28.59	26.31	85.9	28.22	26.31	88.9	27.31	26.31	96.8	27.76	26.31	92.8
11/07/2018 1:26:18 PM	3614124378	1013.00	28.65	26.31	85.4	28.29	26.31	88.3	27.25	26.31	97.3	27.83	26.31	92.1
11/07/2018 1:26:19 PM	3614124379	1013.00	28.62	26.31	85.6	28.28	26.31	88.4	27.30	26.31	96.8	27.78	26.31	92.6
11/07/2018 1:26:20 PM	3614124380	1013.00	28.64	26.31	85.5	28.28	26.31	88.4	27.28	26.31	97.0	27.80	26.31	92.4
11/07/2018 1:26:21 PM	3614124381	1013.00	28.67	26.31	85.3	28.24	26.31	88.7	27.28	26.31	97.0	27.77	26.31	92.7
11/07/2018 1:26:22 PM	3614124382	1013.00	28.60	26.31	85.8	28.27	26.31	88.5	27.32	26.31	96.7	27.77	26.31	92.7
11/07/2018 1:26:23 PM	3614124383	1013.00	28.68	26.31	85.2	28.26	26.31	88.5	27.28	26.31	97.0	27.82	26.31	92.2
11/07/2018 1:26:24 PM	3614124384	1013.00	28.63	26.31	85.6	28.25	26.31	88.6	27.32	26.31	96.7	27.86	26.31	91.9
11/07/2018 1:26:25 PM	3614124385	1013.00	28.65	26.31	85.4	28.31	26.31	88.1	27.30	26.31	96.8	27.76	26.31	92.8
11/07/2018 1:26:26 PM	3614124386	1013.00	28.65	26.31	85.4	28.28	26.31	88.4	27.30	26.31	96.8	27.75	26.31	92.8
11/07/2018 1:26:27 PM	3614124387	1013.00	28.66	26.31	85.3	28.32	26.31	88.0	27.30	26.31	96.8	27.73	26.31	93.0
11/07/2018 1:26:28 PM	3614124388	1013.00	28.66	26.31	85.3	28.26	26.31	88.5	27.38	26.31	96.1	27.87	26.31	91.8
11/07/2018 1:26:29 PM	3614124389	1013.00	28.64	26.31	85.5	28.25	26.31	88.6	27.31	26.31	96.8	27.83	26.31	92.1
11/07/2018 1:26:30 PM	3614124390	1013.00	28.68	26.31	85.2	28.34	26.31	87.9	27.33	26.31	96.6	27.85	26.31	92.0
11/07/2018 1:26:31 PM	3614124391	1013.00	28.69	26.31	85.1	28.30	26.31	88.2	27.33	26.31	96.6	27.80	26.31	92.4
11/07/2018 1:26:32 PM	3614124392	1013.00	28.69	26.31	85.1	28.30	26.31	88.2	27.32	26.31	96.7	27.85	26.31	92.0
11/07/2018 1:26:33 PM	3614124393	1013.00	28.63	26.30	85.6	28.31	26.30	88.1	27.29	26.30	97.0	27.84	26.30	92.1
11/07/2018 1:26:34 PM	3614124394	1013.00	28.67	26.30	85.3	28.37	26.30	87.7	27.35	26.30	96.4	27.90	26.30	91.6
11/07/2018 1:26:35 PM	3614124395	1013.00	28.65	26.31	85.4	28.30	26.31	88.2	27.29	26.31	96.9	27.79	26.31	92.5
11/07/2018 1:26:36 PM	3614124396	1013.00	28.65	26.31	85.4	28.28	26.31	88.4	27.35	26.31	96.4	27.78	26.31	92.6
11/07/2018 1:26:37 PM	3614124397	1013.00	28.70	26.31	85.0	28.32	26.31	88.0	27.38	26.31	96.1	27.78	26.31	92.6
11/07/2018 1:26:38 PM	3614124398	1013.00	28.67	26.31	85.3	28.33	26.31	88.0	27.30	26.31	96.8	27.87	26.31	91.8
11/07/2018 1:26:39 PM	3614124399	1013.00	28.67	26.32	85.2	28.34	26.32	87.9	27.31	26.32	96.7	27.87	26.32	91.8
11/07/2018 1:26:40 PM	3614124400	1013.00	28.66	26.31	85.3	28.33	26.31	88.0	27.33	26.31	96.6	27.83	26.31	92.1
11/07/2018 1:26:41 PM	3614124401	1013.00	28.73	26.31	84.8	28.30	26.31	88.2	27.34	26.31	96.5	27.88	26.31	91.7
11/07/2018 1:26:42 PM	3614124402	1013.00	28.67	26.31	85.3	28.32	26.31	88.0	27.29	26.31	96.9	27.87	26.31	91.8
11/07/2018 1:26:43 PM	3614124403	1013.00	28.61	26.31	85.7	28.33	26.31	88.0	27.31	26.31	96.8	27.77	26.31	92.7
11/07/2018 1:26:44 PM	3614124404	1013.00	28.65	26.31	85.4	28.32	26.31	88.0	27.31	26.31	96.8	27.87	26.31	91.8
11/07/2018 1:26:45 PM	3614124405	1013.00	28.68	26.31	85.2	28.33	26.31	88.0	27.30	26.31	96.8	27.80	26.31	92.4
11/07/2018 1:26:46 PM	3614124406	1013.00	28.68	26.31	85.2	28.36	26.31	87.7	27.29	26.31	96.9	27.90	26.31	91.5
11/07/2018 1:26:47 PM	3614124407	1013.00	28.69	26.31	85.1	28.35	26.31	87.8	27.40	26.31	95.9	27.80	26.31	92.4
11/07/2018 1:26:48 PM	3614124408	1013.00	28.73	26.31	84.8	28.37	26.31	87.6	27.34	26.31	96.5	27.81	26.31	92.3
11/07/2018 1:26:49 PM	3614124409	1013.00	28.66	26.31	85.3	28.35	26.31	87.8	27.32	26.31	96.7	27.86	26.31	91.9
11/07/2018 1:26:50 PM	3614124410	1013.00	28.67	26.31	85.3	28.37	26.31	87.6	27.31	26.31	96.8	27.88	26.31	91.7
11/07/2018 1:26:51 PM	3614124411	1013.00	28.67	26.31	85.3	28.36	26.31	87.7	27.31	26.31	96.8	27.83	26.31	92.1
11/07/2018 1:26:52 PM	3614124412	1013.00	28.69	26.31	85.1	28.40	26.31	87.4	27.28	26.31	97.0	27.77	26.31	92.7
11/07/2018 1:26:53 PM	3614124413	1013.00	28.67	26.31	85.3	28.36	26.31	87.7	27.32	26.31	96.7	27.88	26.31	91.7
11/07/2018 1:26:54 PM	3614124414	1013.00	28.69	26.31	85.1	28.39	26.31	87.5	27.29	26.31	96.9	27.83	26.31	92.1
11/07/2018 1:26:55 PM	3614124415	1013.00	28.71	26.31	84.9	28.41	26.31	87.3	27.34	26.31	96.5	27.87	26.31	91.8
11/07/2018 1:26:56 PM	3614124416	1013.00	28.76	26.31	84.6	28.36	26.31	87.7	27.33	26.31	96.6	27.93	26.31	91.3
11/07/2018 1:26:57 PM	3614124417	1013.00	28.71	26.31	84.9	28.38	26.31	87.6	27.33	26.31	96.6	27.85	26.31	92.0
11/07/2018 1:26:58 PM	3614124418	1013.00	28.66	26.30	85.4	28.42	26.30	87.3	27.34	26.30	96.5	27.90	26.30	91.6
11/07/2018 1:26:59 PM	3614124419	1013.00	28.75	26.30	84.6	28.38	26.30	87.6	27.42	26.30	95.8	27.87	26.30	91.8
11/07/2018 1:27:00 PM	3614124420	1013.00	28.72	26.30	84.9	28.32	26.30	88.1	27.30	26.30	96.9	27.85	26.30	92.0
11/07/2018 1:27:01 PM	3614124421	1013.00	28.74	26.30	84.7	28.45	26.30	87.0	27.33	26.30	96.6	27.91	26.30	91.5
11/07/2018 1:27:02 PM	3614124422	1013.00	28.72	26.29	84.9	28.42	26.29	87.3	27.35	26.29	96.4	27.93	26.29	91.3
11/07/2018 1:27:03 PM	3614124423	1013.00	28.72	26.29	84.9	28.41	26.29	87.4	27.30	26.29	96.9	27.89	26.29	91.7
11/07/2018 1:27:04 PM	3614124424	1013.00	28.76	26.30	84.6	28.41	26.30	87.3	27.33	26.30	96.6	27.92	26.30	91.4
11/07/2018 1:27:05 PM	3614124425	1013.00	28.77	26.30	84.5	28.40	26.30	87.4	27.35	26.30	96.4	27.94	26.30	91.2
11/07/2018 1:27:06 PM	3614124426	1013.00	28.75	26.30	84.6	28.40	26.30	87.4	27.35	26.30	96.4	27.91	26.30	91.5
11/07/2018 1:27:07 PM	3614124427	1013.00	28.71	26.30	85.0	28.46	26.30	86.9	27.38	26.30	96.1	27.94	26.30	91.2
11/07/2018 1:27:08 PM	3614124428	1013.00	28.75	26.30	84.6	28.40	26.30	87.4	27.35	26.30	96.4	27.96	26.30	91.1
11/07/2018 1:27:09 PM	3614124429	1013.00	28.75	26.30	84.6	28.43	26.30	87.2	27.34	26.30	96.5	27.95	26.30	91.1
11/07/2018 1:27:10 PM	3614124430	1013.00	28.76	26.30	84.6	28.48	26.30	86.8	27.39	26.30	96.0	27.90	26.30	91.6
11/07/2018 1:27:11 PM	3614124431	1013.00	28.77	26.30	84.5	28.44	26.30	87.1	27.36	26.30	96.3	27.97	26.30	91.0
11/07/2018 1:27:12 PM	3614124432	1013.00	28.72	26.30	84.9	28.43	26.30	87.2	27.38	26.30	96.1	28.00	26.30	90.7
11/07/2018 1:27:13 PM	3614124433	1013.00	28.76	26.31	84.6	28.39	26.31	87.5	27.38	26.31	96.1	27.89	26.31	91.6
11/07/2018 1:27:14 PM	3614124434	1013.00	28.82	26.30	84.1	28.43	26.30	87.2	27.42	26.30	95.8	27.97	26.30	91.0
11/07/2018 1:27:15 PM	3614124435	1013.00	28.79	26.30	84.3	28.39	26.30	87.5	27.33	26.30	96.6	27.90	26.30	91.6
11/07/2018 1:27:16 PM	3614124436	1013.00	28.80	26.30	84.3	28.47	26.30	86.9	27.33	26.30	96.6	27.95	26.30	91.1
11/07/2018 1:27:17 PM	3614124437	1013.00	28.83	26.30	84.0	28.45	26.30	87.0	27.31	26.30	96.8	28.00	26.30	90.7
11/07/2018 1:27:18 PM	3614124438	1013.00	28.78	26.30	84.4	28.43	26.30	87.2	27.35	26.30	96.4	28.01	26.30	90.6
11/07/2018 1:27:19 PM	3614124439	1013.00	28.81	26.31	84.2	28.43	26.31	87.2	27.31	26.31	96.8	27.94	26.31	91.2
11/07/2018 1:27:20 PM	3614124440	1013.00	28.87	26.31	83.7	28.40	26.31	87.4	27.37	26.31	96.2	28.04	26.31	90.4
11/07/2018 1:27:21 PM	3614124441	1013.00	28.80	26.30	84.3	28.46	26.30	86.9	27.36	26.30	96.3	27.97	26.30	91.0
11/07/2018 1:27:22 PM	3614124442	1013.00	28.84	26.30	84.0	28.44	26.30	87.1	27.35	26.30	96.4	28.02	26.30	90.5
11/07/2018 1:27:23 PM	3614124443	1013.00	28.84	26.30	84.0	28.44	26.30	87.1	27.38	26.30	96.1	27.98	26.30	90.9
11/07/2018 1:27:24 PM	3614124444	1013.00	28.84	26.29	84.0	28.42	26.29	87.3	27.34	26.29	96.5	27.99	26.29	90.8
11/07/2018 1:27:25 PM	3614124445	1013.00	28.86	26.29	83.8	28.45	26.29	87.0	27.37	26.29	96.2	28.02	26.29	90.6
11/07/2018 1:27:26 PM	3614124446	1013.00	28.87	26.29	83.7	28.49	26.29	86.7	27.37	26.29	96.2	27.98	26.29	90.9
11/07/2018 1:27:27 PM	3614124447	1013.00	28.80	26.30	84.3	28.44	26.30	87.1	27.37	26.30	96.2	27.95	26.30	91.1
11/07/2018 1:27:28 PM	3614124448	1013.00	28.84	26.30	84.0	28.49	26.30	86.7	27.36	26.30	96.3	28.08	26.30	90.0
11/07/2018 1:27:29 PM	3614124449	1013.00	28.85	26.30	83.9	28.43	26.30	87.2	27.34	26.30	96.5	27.98	26.30	90.9
11/07/2018 1:27:30 PM	3614124450	1013.00	28.84	26.30	84.0	28.50	26.30	86.6	27.40	26.30	96.0	27.98	26.30	90.9
11/07/2018 1:27:31 PM	3614124451	1013.00	28.85	26.30	83.9	28.49	26.30	86.7	27.38	26.30	96.1	27.91	26.30	91.5
11/07/2018 1:27:32 PM	3614124452	1013.00	28.84	26.30	84.0	28.48	26.30	86.8	27.38	26.30	96.1	28.03	26.30	90.5
11/07/2018 1:27:33 PM	3614124453	1013.00	28.82	26.30	84.1	28.49	26.30	86.7	27.41	26.30	95.9	27.92	26.30	91.4
11/07/2018 1:27:34 PM	3614124454	1013.00	28.88	26.30	83.6	28.49	26.30	86.7	27.37	26.30	96.2	27.96	26.30	91.1
11/07/2018 1:27:35 PM	3614124455	1013.00	28.82	26.30	84.1	28.48	26.30	86.8	27.38	26.30	96.1	28.01	26.30	90.6
11/07/2018 1:27:36 PM	3614124456	1013.00	28.84	26.29	84.0	28.46	26.29	86.9	27.41	26.29	95.9	28.08	26.29	90.1
11/07/2018 1:27:37 PM	3614124457	1013.00	28.84	26.28	84.0	28.44	26.28	87.1	27.37	26.28	96.3	28.03	26.28	90.5
11/07/2018 1:27:38 PM	3614124458	1013.00	28.87	26.28	83.8	28.52	26.28	86.5	27.39	26.28	96.1	28.01	26.28	90.7
11/07/2018 1:27:39 PM	3614124459	1013.00	28.88	26.28	83.7	28.50	26.28	86.6	27.38	26.28	96.2	28.01	26.28	90.7
11/07/2018 1:27:40 PM	3614124460	1013.00	28.91	26.28	83.4	28.48	26.28	86.8	27.35	26.28	96.4	27.97	26.28	91.0
11/07/2018 1:27:41 PM	3614124461	1013.00	28.91	26.29	83.4	28.55	26.29	86.2	27.35	26.29	96.4	28.06	26.29	90.2
11/07/2018 1:27:42 PM	3614124462	1013.00	28.85	26.29	83.9	28.51	26.29	86.5	27.41	26.29	95.9	28.11	26.29	89.8
11/07/2018 1:27:43 PM	3614124463	1013.00	28.89	26.30	83.6	28.49	26.30	86.7	27.39	26.30	96.0	28.03	26.30	90.5
11/07/2018 1:27:44 PM	3614124464	1013.00	28.92	26.30	83.3	28.47	26.30	86.9	27.38	26.30	96.1	28.08	26.30	90.0
11/07/2018 1:27:45 PM	3614124465	1013.00	28.93	26.30	83.3	28.54	26.30	86.3	27.39	26.30	96.0	27.98	26.30	90.9
11/07/2018 1:27:46 PM	3614124466	1013.00	28.91	26.30	83.4	28.57	26.30	86.1	27.40	26.30	96.0	28.01	26.30	90.6
11/07/2018 1:27:47 PM	3614124467	1013.00	28.93	26.31	83.3	28.49	26.31	86.7	27.34	26.31	96.5	28.09	26.31	89.9
11/07/2018 1:27:48 PM	3614124468	1013.00	28.84	26.30	84.0	28.55	26.30	86.2	27.47	26.30	95.3	28.05	26.30	90.3
11/07/2018 1:27:49 PM	3614124469	1013.00	28.95	26.30	83.1	28.49	26.30	86.7	27.38	26.30	96.1	28.03	26.30	90.5
11/07/2018 1:27:50 PM	3614124470	1013.00	28.94	26.30	83.2	28.55	26.30	86.2	27.39	26.30	96.0	28.06	26.30	90.2
11/07/2018 1:27:51 PM	3614124471	1013.00	28.91	26.30	83.4	28.53	26.30	86.4	27.36	26.30	96.3	27.98	26.30	90.9
11/07/2018 1:27:52 PM	3614124472	1013.00	28.94	26.30	83.2	28.53	26.30	86.4	27.37	26.30	96.2	28.06	26.30	90.2
11/07/2018 1:27:53 PM	3614124473	1013.00	28.91	26.30	83.4	28.51	26.30	86.5	27.35	26.30	96.4	28.12	26.30	89.7
11/07/2018 1:27:54 PM	3614124474	1013.00	28.97	26.30	83.0	28.47	26.30	86.9	27.38	26.30	96.1	28.05	26.30	90.3
11/07/2018 1:27:55 PM	3614124475	1013.00	28.94	26.31	83.2	28.55	26.31	86.2	27.43	26.31	95.7	28.13	26.31	89.6
11/07/2018 1:27:56 PM	3614124476	1013.00	28.93	26.31	83.3	28.52	26.31	86.4	27.42	26.31	95.8	28.11	26.31	89.8
11/07/2018 1:27:57 PM	3614124477	1013.00	28.93	26.30	83.3	28.49	26.30	86.7	27.39	26.30	96.0	28.06	26.30	90.2
11/07/2018 1:27:58 PM	3614124478	1013.00	28.95	26.30	83.1	28.55	26.30	86.2	27.41	26.30	95.9	28.08	26.30	90.0
11/07/2018 1:27:59 PM	3614124479	1013.00	28.97	26.30	83.0	28.51	26.30	86.5	27.40	26.30	96.0	28.11	26.30	89.8
11/07/2018 1:28:00 PM	3614124480	1013.00	28.93	26.30	83.3	28.51	26.30	86.5	27.46	26.30	95.4	28.09	26.30	90.0
11/07/2018 1:28:01 PM	3614124481	1013.00	28.93	26.30	83.3	28.52	26.30	86.5	27.42	26.30	95.8	28.02	26.30	90.5
11/07/2018 1:28:02 PM	3614124482	1013.00	28.95	26.30	83.1	28.56	26.30	86.1	27.37	26.30	96.2	28.14	26.30	89.5
11/07/2018 1:28:03 PM	3614124483	1013.00	28.96	26.29	83.1	28.57	26.29	86.1	27.42	26.29	95.8	27.99	26.29	90.8
11/07/2018 1:28:04 PM	3614124484	1013.00	29.00	26.30	82.7	28.54	26.30	86.3	27.43	26.30	95.7	28.17	26.30	89.3
11/07/2018 1:28:05 PM	3614124485	1013.00	28.97	26.29	83.0	28.56	26.29	86.2	27.42	26.29	95.8	28.11	26.29	89.8
11/07/2018 1:28:06 PM	3614124486	1013.00	29.00	26.29	82.8	28.52	26.29	86.5	27.43	26.29	95.7	28.12	26.29	89.7
11/07/2018 1:28:07 PM	3614124487	1013.00	29.00	26.29	82.8	28.60	26.29	85.8	27.39	26.29	96.1	28.27	26.29	88.5
11/07/2018 1:28:08 PM	3614124488	1013.00	28.96	26.30	83.0	28.53	26.30	86.4	27.48	26.30	95.2	28.20	26.30	89.0
11/07/2018 1:28:09 PM	3614124489	1013.00	29.00	26.30	82.7	28.58	26.30	86.0	27.44	26.30	95.6	28.12	26.30	89.7
11/07/2018 1:28:10 PM	3614124490	1013.00	29.05	26.30	82.4	28.55	26.30	86.2	27.43	26.30	95.7	28.20	26.30	89.0
11/07/2018 1:28:11 PM	3614124491	1013.00	28.98	26.30	82.9	28.61	26.30	85.7	27.43	26.30	95.7	28.14	26.30	89.5
11/07/2018 1:28:12 PM	3614124492	1013.00	29.04	26.30	82.4	28.59	26.30	85.9	27.43	26.30	95.7	28.14	26.30	89.5
11/07/2018 1:28:13 PM	3614124493	1013.00	29.01	26.30	82.7	28.57	26.30	86.1	27.41	26.30	95.9	28.19	26.30	89.1
11/07/2018 1:28:14 PM	3614124494	1013.00	29.06	26.30	82.3	28.56	26.30	86.1	27.46	26.30	95.4	28.15	26.30	89.5
11/07/2018 1:28:15 PM	3614124495	1013.00	29.06	26.30	82.3	28.56	26.30	86.1	27.41	26.30	95.9	28.17	26.30	89.3
11/07/2018 1:28:16 PM	3614124496	1013.00	29.03	26.30	82.5	28.63	26.30	85.6	27.48	26.30	95.2	28.15	26.30	89.5
11/07/2018 1:28:17 PM	3614124497	1013.00	29.06	26.30	82.3	28.56	26.30	86.1	27.44	26.30	95.6	28.24	26.30	88.7
11/07/2018 1:28:18 PM	3614124498	1013.00	29.08	26.30	82.1	28.57	26.30	86.1	27.43	26.30	95.7	28.22	26.30	88.9
11/07/2018 1:28:19 PM	3614124499	1013.00	29.05	26.29	82.4	28.57	26.29	86.1	27.45	26.29	95.5	28.14	26.29	89.6
11/07/2018 1:28:20 PM	3614124500	1013.00	29.06	26.30	82.3	28.62	26.30	85.7	27.43	26.30	95.7	28.25	26.30	88.6
11/07/2018 1:28:21 PM	3614124501	1013.00	29.07	26.30	82.2	28.54	26.30	86.3	27.47	26.30	95.3	28.25	26.30	88.6
11/07/2018 1:28:22 PM	3614124502	1013.00	29.09	26.30	82.1	28.60	26.30	85.8	27.45	26.30	95.5	28.28	26.30	88.4
11/07/2018 1:28:23 PM	3614124503	1013.00	29.11	26.30	81.9	28.56	26.30	86.1	27.43	26.30	95.7	28.30	26.30	88.2
11/07/2018 1:28:24 PM	3614124504	1013.00	29.12	26.30	81.8	28.63	26.30	85.6	27.40	26.30	96.0	28.32	26.30	88.1
11/07/2018 1:28:25 PM	3614124505	1013.00	29.10	26.30	82.0	28.61	26.30	85.7	27.44	26.30	95.6	28.24	26.30	88.7
11/07/2018 1:28:26 PM	3614124506	1013.00	29.12	26.30	81.8	28.55	26.30	86.2	27.50	26.30	95.1	28.20	26.30	89.0
11/07/2018 1:28:27 PM	3614124507	1013.00	29.08	26.30	82.1	28.60	26.30	85.8	27.47	26.30	95.3	28.26	26.30	88.6
11/07/2018 1:28:28 PM	3614124508	1013.00	29.08	26.30	82.1	28.64	26.30	85.5	27.46	26.30	95.4	28.27	26.30	88.5
11/07/2018 1:28:29 PM	3614124509	1013.00	29.14	26.30	81.7	28.59	26.30	85.9	27.39	26.30	96.0	28.25	26.30	88.6
11/07/2018 1:28:30 PM	3614124510	1013.00	29.09	26.30	82.1	28.63	26.30	85.6	27.49	26.30	95.1	28.27	26.30	88.5
11/07/2018 1:28:31 PM	3614124511	1013.00	29.13	26.30	81.8	28.59	26.30	85.9	27.46	26.30	95.4	28.31	26.30	88.1
11/07/2018 1:28:32 PM	3614124512	1013.00	29.11	26.30	81.9	28.63	26.30	85.6	27.48	26.30	95.2	28.38	26.30	87.6
11/07/2018 1:28:33 PM	3614124513	1013.00	29.10	26.29	82.0	28.64	26.29	85.5	27.44	26.29	95.6	28.24	26.29	88.7
11/07/2018 1:28:34 PM	3614124514	1013.00	29.14	26.29	81.7	28.60	26.29	85.8	27.45	26.29	95.5	28.30	26.29	88.2
11/07/2018 1:28:35 PM	3614124515	1013.00	29.17	26.29	81.5	28.64	26.29	85.5	27.45	26.29	95.5	28.33	26.29	88.0
11/07/2018 1:28:36 PM	3614124516	1013.00	29.14	26.29	81.7	28.64	26.29	85.5	27.49	26.29	95.2	28.29	26.29	88.3
11/07/2018 1:28:37 PM	3614124517	1013.00	29.10	26.29	82.0	28.62	26.29	85.7	27.48	26.29	95.2	28.34	26.29	87.9
11/07/2018 1:28:38 PM	3614124518	1013.00	29.12	26.29	81.9	28.69	26.29	85.1	27.49	26.29	95.2	28.22	26.29	88.9
11/07/2018 1:28:39 PM	3614124519	1013.00	29.18	26.30	81.4	28.58	26.30	86.0	27.46	26.30	95.4	28.28	26.30	88.4
11/07/2018 1:28:40 PM	3614124520	1013.00	29.14	26.30	81.7	28.59	26.30	85.9	27.49	26.30	95.1	28.22	26.30	88.9
11/07/2018 1:28:41 PM	3614124521	1013.00	29.19	26.30	81.3	28.64	26.30	85.5	27.51	26.30	95.0	28.27	26.30	88.5
11/07/2018 1:28:42 PM	3614124522	1013.00	29.19	26.30	81.3	28.67	26.30	85.3	27.51	26.30	95.0	28.28	26.30	88.4
11/07/2018 1:28:43 PM	3614124523	1013.00	29.15	26.30	81.6	28.59	26.30	85.9	27.48	26.30	95.2	28.28	26.30	88.4
11/07/2018 1:28:44 PM	3614124524	1013.00	29.17	26.30	81.5	28.62	26.30	85.7	27.48	26.30	95.2	28.27	26.30	88.5
11/07/2018 1:28:45 PM	3614124525	1013.00	29.15	26.30	81.6	28.67	26.30	85.3	27.45	26.30	95.5	28.37	26.30	87.7
11/07/2018 1:28:46 PM	3614124526	1013.00	29.16	26.30	81.5	28.63	26.30	85.6	27.50	26.30	95.1	28.33	26.30	88.0
11/07/2018 1:28:47 PM	3614124527	1013.00	29.17	26.30	81.5	28.60	26.30	85.8	27.57	26.30	94.4	28.31	26.30	88.1
11/07/2018 1:28:48 PM	3614124528	1013.00	29.19	26.30	81.3	28.65	26.30	85.4	27.51	26.30	95.0	28.27	26.30	88.5
11/07/2018 1:28:49 PM	3614124529	1013.00	29.14	26.30	81.7	28.70	26.30	85.0	27.51	26.30	95.0	28.35	26.30	87.8
11/07/2018 1:28:50 PM	3614124530	1013.00	29.19	26.30	81.3	28.67	26.30	85.3	27.50	26.30	95.1	28.30	26.30	88.2
11/07/2018 1:28:51 PM	3614124531	1013.00	29.17	26.30	81.5	28.69	26.30	85.1	27.54	26.30	94.7	28.31	26.30	88.1
11/07/2018 1:28:52 PM	3614124532	1013.00	29.13	26.30	81.8	28.66	26.30	85.4	27.54	26.30	94.7	28.34	26.30	87.9
11/07/2018 1:28:53 PM	3614124533	1013.00	29.19	26.30	81.3	28.67	26.30	85.3	27.52	26.30	94.9	28.33	26.30	88.0
11/07/2018 1:28:54 PM	3614124534	1013.00	29.16	26.29	81.6	28.62	26.29	85.7	27.56	26.29	94.5	28.30	26.29	88.2
11/07/2018 1:28:55 PM	3614124535	1013.00	29.16	26.30	81.5	28.70	26.30	85.0	27.49	26.30	95.1	28.33	26.30	88.0
11/07/2018 1:28:56 PM	3614124536	1013.00	29.17	26.30	81.5	28.65	26.30	85.4	27.55	26.30	94.6	28.36	26.30	87.7
11/07/2018 1:28:57 PM	3614124537	1013.00	29.22	26.30	81.1	28.67	26.30	85.3	27.60	26.30	94.2	28.30	26.30	88.2
11/07/2018 1:28:58 PM	3614124538	1013.00	29.17	26.31	81.5	28.70	26.31	85.0	27.52	26.31	94.9	28.29	26.31	88.3
11/07/2018 1:28:59 PM	3614124539	1013.00	29.16	26.30	81.5	28.70	26.30	85.0	27.55	26.30	94.6	28.31	26.30	88.1
11/07/2018 1:29:00 PM	3614124540	1013.00	29.23	26.30	81.0	28.73	26.30	84.8	27.48	26.30	95.2	28.34	26.30	87.9
11/07/2018 1:29:01 PM	3614124541	1013.00	29.19	26.30	81.3	28.69	26.30	85.1	27.57	26.30	94.4	28.40	26.30	87.4
11/07/2018 1:29:02 PM	3614124542	1013.00	29.20	26.30	81.2	28.68	26.30	85.2	27.59	26.30	94.3	28.33	26.30	88.0
11/07/2018 1:29:03 PM	3614124543	1013.00	29.17	26.30	81.5	28.67	26.30	85.3	27.54	26.30	94.7	28.40	26.30	87.4
11/07/2018 1:29:04 PM	3614124544	1013.00	29.17	26.30	81.5	28.75	26.30	84.6	27.57	26.30	94.4	28.44	26.30	87.1
11/07/2018 1:29:05 PM	3614124545	1013.00	29.21	26.30	81.2	28.69	26.30	85.1	27.55	26.30	94.6	28.26	26.30	88.6
11/07/2018 1:29:06 PM	3614124546	1013.00	29.21	26.30	81.2	28.70	26.30	85.0	27.58	26.30	94.3	28.33	26.30	88.0
11/07/2018 1:29:07 PM	3614124547	1013.00	29.19	26.30	81.3	28.70	26.30	85.0	27.55	26.30	94.6	28.35	26.30	87.8
11/07/2018 1:29:08 PM	3614124548	1013.00	29.19	26.30	81.3	28.72	26.30	84.9	27.56	26.30	94.5	28.38	26.30	87.6
11/07/2018 1:29:09 PM	3614124549	1013.00	29.23	26.30	81.0	28.71	26.30	85.0	27.54	26.30	94.7	28.42	26.30	87.3
11/07/2018 1:29:10 PM	3614124550	1013.00	29.21	26.30	81.2	28.69	26.30	85.1	27.55	26.30	94.6	28.39	26.30	87.5
11/07/2018 1:29:11 PM	3614124551	1013.00	29.21	26.30	81.2	28.72	26.30	84.9	27.65	26.30	93.7	28.42	26.30	87.3
11/07/2018 1:29:12 PM	3614124552	1013.00	29.23	26.30	81.0	28.71	26.30	85.0	27.57	26.30	94.4	28.44	26.30	87.1
11/07/2018 1:29:13 PM	3614124553	1013.00	29.26	26.30	80.8	28.75	26.30	84.6	27.54	26.30	94.7	28.41	26.30	87.3
11/07/2018 1:29:14 PM	3614124554	1013.00	29.23	26.30	81.0	28.71	26.30	85.0	27.55	26.30	94.6	28.55	26.30	86.2
11/07/2018 1:29:15 PM	3614124555	1013.00	29.25	26.29	80.9	28.69	26.29	85.1	27.54	26.29	94.7	28.50	26.29	86.6
11/07/2018 1:29:16 PM	3614124556	1013.00	29.21	26.30	81.2	28.71	26.30	85.0	27.61	26.30	94.1	28.49	26.30	86.7
11/07/2018 1:29:17 PM	3614124557	1013.00	29.22	26.30	81.1	28.74	26.30	84.7	27.59	26.30	94.3	28.44	26.30	87.1
11/07/2018 1:29:18 PM	3614124558	1013.00	29.20	26.30	81.2	28.73	26.30	84.8	27.61	26.30	94.1	28.43	26.30	87.2
11/07/2018 1:29:19 PM	3614124559	1013.00	29.25	26.29	80.9	28.72	26.29	84.9	27.61	26.29	94.1	28.51	26.29	86.5
11/07/2018 1:29:20 PM	3614124560	1013.00	29.26	26.30	80.8	28.78	26.30	84.4	27.65	26.30	93.7	28.42	26.30	87.3
11/07/2018 1:29:21 PM	3614124561	1013.00	29.22	26.30	81.1	28.75	26.30	84.6	27.63	26.30	93.9	28.45	26.30	87.0
11/07/2018 1:29:22 PM	3614124562	1013.00	29.19	26.30	81.3	28.79	26.30	84.3	27.58	26.30	94.3	28.51	26.30	86.5
11/07/2018 1:29:23 PM	3614124563	1013.00	29.22	26.30	81.1	28.82	26.30	84.1	27.57	26.30	94.4	28.49	26.30	86.7
11/07/2018 1:29:24 PM	3614124564	1013.00	29.24	26.31	80.9	28.77	26.31	84.5	27.64	26.31	93.8	28.47	26.31	86.8
11/07/2018 1:29:25 PM	3614124565	1013.00	29.23	26.30	81.0	28.79	26.30	84.3	27.66	26.30	93.6	28.52	26.30	86.5
11/07/2018 1:29:26 PM	3614124566	1013.00	29.26	26.30	80.8	28.82	26.30	84.1	27.58	26.30	94.3	28.47	26.30	86.9
11/07/2018 1:29:27 PM	3614124567	1013.00	29.25	26.30	80.9	28.78	26.30	84.4	27.63	26.30	93.9	28.47	26.30	86.9
11/07/2018 1:29:28 PM	3614124568	1013.00	29.23	26.30	81.0	28.77	26.30	84.5	27.59	26.30	94.3	28.50	26.30	86.6
11/07/2018 1:29:29 PM	3614124569	1013.00	29.22	26.30	81.1	28.77	26.30	84.5	27.62	26.30	94.0	28.52	26.30	86.5
11/07/2018 1:29:30 PM	3614124570	1013.00	29.23	26.30	81.0	28.76	26.30	84.6	27.67	26.30	93.6	28.50	26.30	86.6
11/07/2018 1:29:31 PM	3614124571	1013.00	29.24	26.30	81.0	28.80	26.30	84.3	27.66	26.30	93.6	28.54	26.30	86.3
11/07/2018 1:29:32 PM	3614124572	1013.00	29.23	26.30	81.0	28.78	26.30	84.4	27.62	26.30	94.0	28.57	26.30	86.1
11/07/2018 1:29:33 PM	3614124573	1013.00	29.26	26.30	80.8	28.82	26.30	84.1	27.63	26.30	93.9	28.55	26.30	86.2
11/07/2018 1:29:34 PM	3614124574	1013.00	29.22	26.30	81.1	28.79	26.30	84.3	27.66	26.30	93.6	28.52	26.30	86.5
11/07/2018 1:29:35 PM	3614124575	1013.00	29.25	26.29	80.9	28.81	26.29	84.2	27.68	26.29	93.5	28.58	26.29	86.0
11/07/2018 1:29:36 PM	3614124576	1013.00	29.23	26.30	81.0	28.79	26.30	84.3	27.65	26.30	93.7	28.55	26.30	86.2
11/07/2018 1:29:37 PM	3614124577	1013.00	29.26	26.30	80.8	28.77	26.30	84.5	27.65	26.30	93.7	28.59	26.30	85.9
11/07/2018 1:29:38 PM	3614124578	1013.00	29.25	26.30	80.9	28.81	26.30	84.2	27.67	26.30	93.6	28.54	26.30	86.3
11/07/2018 1:29:39 PM	3614124579	1013.00	29.26	26.30	80.8	28.79	26.30	84.3	27.70	26.30	93.3	28.62	26.30	85.7
11/07/2018 1:29:40 PM	3614124580	1013.00	29.27	26.30	80.7	28.79	26.30	84.3	27.63	26.30	93.9	28.54	26.30	86.3
11/07/2018 1:29:41 PM	3614124581	1013.00	29.27	26.30	80.7	28.78	26.30	84.4	27.65	26.30	93.7	28.51	26.30	86.5
11/07/2018 1:29:42 PM	3614124582	1013.00	29.28	26.29	80.7	28.79	26.29	84.4	27.62	26.29	94.0	28.60	26.29	85.8
11/07/2018 1:29:43 PM	3614124583	1013.00	29.31	26.29	80.5	28.83	26.29	84.0	27.60	26.29	94.2	28.58	26.29	86.0
11/07/2018 1:29:44 PM	3614124584	1013.00	29.26	26.29	80.8	28.80	26.29	84.3	27.70	26.29	93.3	28.57	26.29	86.1
11/07/2018 1:29:45 PM	3614124585	1013.00	29.28	26.29	80.7	28.81	26.29	84.2	27.63	26.29	93.9	28.57	26.29	86.1
11/07/2018 1:29:46 PM	3614124586	1013.00	29.27	26.28	80.8	28.80	26.28	84.3	27.64	26.28	93.8	28.56	26.28	86.2
11/07/2018 1:29:47 PM	3614124587	1013.00	29.30	26.28	80.5	28.78	26.28	84.4	27.67	26.28	93.6	28.58	26.28	86.0
11/07/2018 1:29:48 PM	3614124588	1013.00	29.32	26.28	80.4	28.80	26.28	84.3	27.64	26.28	93.8	28.56	26.28	86.2
11/07/2018 1:29:49 PM	3614124589	1013.00	29.29	26.28	80.6	28.77	26.28	84.5	27.70	26.28	93.3	28.57	26.28	86.1
11/07/2018 1:29:50 PM	3614124590	1013.00	29.30	26.28	80.5	28.78	26.28	84.4	27.66	26.28	93.7	28.56	26.28	86.2
11/07/2018 1:29:51 PM	3614124591	1013.00	29.32	26.29	80.4	28.81	26.29	84.2	27.66	26.29	93.7	28.49	26.29	86.7
11/07/2018 1:29:52 PM	3614124592	1013.00	29.33	26.29	80.3	28.84	26.29	84.0	27.72	26.29	93.1	28.55	26.29	86.2
11/07/2018 1:29:53 PM	3614124593	1013.00	29.34	26.29	80.2	28.82	26.29	84.1	27.71	26.29	93.2	28.61	26.29	85.8
11/07/2018 1:29:54 PM	3614124594	1013.00	29.31	26.29	80.5	28.85	26.29	83.9	27.71	26.29	93.2	28.61	26.29	85.8
11/07/2018 1:29:55 PM	3614124595	1013.00	29.30	26.28	80.5	28.82	26.28	84.1	27.72	26.28	93.1	28.63	26.28	85.6
11/07/2018 1:29:56 PM	3614124596	1013.00	29.29	26.28	80.6	28.80	26.28	84.3	27.72	26.28	93.1	28.62	26.28	85.7
11/07/2018 1:29:57 PM	3614124597	1013.00	29.34	26.29	80.2	28.79	26.29	84.4	27.73	26.29	93.0	28.56	26.29	86.2
11/07/2018 1:29:58 PM	3614124598	1013.00	29.36	26.29	80.1	28.86	26.29	83.8	27.76	26.29	92.8	28.56	26.29	86.2
11/07/2018 1:29:59 PM	3614124599	1013.00	29.34	26.29	80.2	28.83	26.29	84.0	27.71	26.29	93.2	28.59	26.29	85.9
11/07/2018 1:30:00 PM	3614124600	1013.00	29.36	26.29	80.1	28.82	26.29	84.1	27.74	26.29	93.0	28.61	26.29	85.8
11/07/2018 1:30:01 PM	3614124601	1013.00	29.33	26.29	80.3	28.81	26.29	84.2	27.76	26.29	92.8	28.64	26.29	85.5
11/07/2018 1:30:02 PM	3614124602	1013.00	29.38	26.29	79.9	28.82	26.29	84.1	27.74	26.29	93.0	28.53	26.29	86.4
11/07/2018 1:30:03 PM	3614124603	1013.00	29.34	26.30	80.2	28.87	26.30	83.7	27.72	26.30	93.1	28.59	26.30	85.9
11/07/2018 1:30:04 PM	3614124604	1013.00	29.36	26.30	80.1	28.84	26.30	84.0	27.75	26.30	92.9	28.55	26.30	86.2
11/07/2018 1:30:05 PM	3614124605	1013.00	29.37	26.29	80.0	28.85	26.29	83.9	27.73	26.29	93.0	28.60	26.29	85.8
11/07/2018 1:30:06 PM	3614124606	1013.00	29.34	26.29	80.2	28.87	26.29	83.7	27.71	26.29	93.2	28.66	26.29	85.4
11/07/2018 1:30:07 PM	3614124607	1013.00	29.38	26.28	80.0	28.86	26.28	83.8	27.76	26.28	92.8	28.51	26.28	86.6
11/07/2018 1:30:08 PM	3614124608	1013.00	29.32	26.28	80.4	28.88	26.28	83.7	27.68	26.28	93.5	28.60	26.28	85.9
11/07/2018 1:30:09 PM	3614124609	1013.00	29.31	26.28	80.5	28.88	26.28	83.7	27.73	26.28	93.1	28.55	26.28	86.2
11/07/2018 1:30:10 PM	3614124610	1013.00	29.34	26.28	80.2	28.86	26.28	83.8	27.77	26.28	92.7	28.65	26.28	85.5
11/07/2018 1:30:11 PM	3614124611	1013.00	29.40	26.29	79.8	28.79	26.29	84.4	27.72	26.29	93.1	28.59	26.29	85.9
11/07/2018 1:30:12 PM	3614124612	1013.00	29.36	26.29	80.1	28.85	26.29	83.9	27.76	26.29	92.8	28.56	26.29	86.2
11/07/2018 1:30:13 PM	3614124613	1013.00	29.35	26.29	80.2	28.88	26.29	83.7	27.73	26.29	93.0	28.54	26.29	86.3
11/07/2018 1:30:14 PM	3614124614	1013.00	29.38	26.29	79.9	28.85	26.29	83.9	27.76	26.29	92.8	28.61	26.29	85.8
11/07/2018 1:30:15 PM	3614124615	1013.00	29.37	26.29	80.0	28.89	26.29	83.6	27.79	26.29	92.5	28.56	26.29	86.2
11/07/2018 1:30:16 PM	3614124616	1013.00	29.40	26.29	79.8	28.89	26.29	83.6	27.74	26.29	93.0	28.67	26.29	85.3
11/07/2018 1:30:17 PM	3614124617	1013.00	29.38	26.29	79.9	28.90	26.29	83.5	27.75	26.29	92.9	28.58	26.29	86.0
11/07/2018 1:30:18 PM	3614124618	1013.00	29.36	26.29	80.1	28.88	26.29	83.7	27.79	26.29	92.5	28.67	26.29	85.3
11/07/2018 1:30:19 PM	3614124619	1013.00	29.40	26.29	79.8	28.89	26.29	83.6	27.77	26.29	92.7	28.61	26.29	85.8
11/07/2018 1:30:20 PM	3614124620	1013.00	29.38	26.29	79.9	28.83	26.29	84.0	27.81	26.29	92.4	28.56	26.29	86.2
11/07/2018 1:30:21 PM	3614124621	1013.00	29.41	26.29	79.7	28.81	26.29	84.2	27.78	26.29	92.6	28.69	26.29	85.1
11/07/2018 1:30:22 PM	3614124622	1013.00	29.41	26.29	79.7	28.88	26.29	83.7	27.78	26.29	92.6	28.65	26.29	85.4
11/07/2018 1:30:23 PM	3614124623	1013.00	29.37	26.29	80.0	28.87	26.29	83.7	27.77	26.29	92.7	28.65	26.29	85.4
11/07/2018 1:30:24 PM	3614124624	1013.00	29.39	26.29	79.9	28.87	26.29	83.7	27.81	26.29	92.4	28.69	26.29	85.1
11/07/2018 1:30:25 PM	3614124625	1013.00	29.42	26.28	79.7	28.84	26.28	84.0	27.80	26.28	92.5	28.69	26.28	85.1
11/07/2018 1:30:26 PM	3614124626	1013.00	29.38	26.28	80.0	28.82	26.28	84.1	27.79	26.28	92.5	28.67	26.28	85.3
11/07/2018 1:30:27 PM	3614124627	1013.00	29.38	26.28	80.0	28.86	26.28	83.8	27.81	26.28	92.4	28.66	26.28	85.4
11/07/2018 1:30:28 PM	3614124628	1013.00	29.42	26.29	79.7	28.89	26.29	83.6	27.84	26.29	92.1	28.63	26.29	85.6
11/07/2018 1:30:29 PM	3614124629	1013.00	29.40	26.28	79.8	28.96	26.28	83.1	27.81	26.28	92.4	28.60	26.28	85.9
11/07/2018 1:30:30 PM	3614124630	1013.00	29.42	26.28	79.7	28.90	26.28	83.5	27.81	26.28	92.4	28.66	26.28	85.4
11/07/2018 1:30:31 PM	3614124631	1013.00	29.44	26.29	79.5	28.89	26.29	83.6	27.76	26.29	92.8	28.58	26.29	86.0
11/07/2018 1:30:32 PM	3614124632	1013.00	29.42	26.29	79.7	28.90	26.29	83.5	27.79	26.29	92.5	28.66	26.29	85.4
11/07/2018 1:30:33 PM	3614124633	1013.00	29.45	26.28	79.5	28.89	26.28	83.6	27.85	26.28	92.0	28.64	26.28	85.5
11/07/2018 1:30:34 PM	3614124634	1013.00	29.48	26.28	79.2	28.91	26.28	83.4	27.80	26.28	92.5	28.63	26.28	85.6
11/07/2018 1:30:35 PM	3614124635	1013.00	29.47	26.28	79.3	28.97	26.28	83.0	27.75	26.28	92.9	28.67	26.28	85.3
11/07/2018 1:30:36 PM	3614124636	1013.00	29.49	26.28	79.2	28.90	26.28	83.5	27.84	26.28	92.1	28.60	26.28	85.9
11/07/2018 1:30:37 PM	3614124637	1013.00	29.45	26.28	79.5	28.93	26.28	83.3	27.82	26.28	92.3	28.66	26.28	85.4
11/07/2018 1:30:38 PM	3614124638	1013.00	29.45	26.28	79.5	28.91	26.28	83.4	27.79	26.28	92.5	28.76	26.28	84.6
11/07/2018 1:30:39 PM	3614124639	1013.00	29.50	26.29	79.1	28.90	26.29	83.5	27.79	26.29	92.5	28.67	26.29	85.3
11/07/2018 1:30:40 PM	3614124640	1013.00	29.49	26.29	79.2	28.93	26.29	83.3	27.81	26.29	92.4	28.71	26.29	85.0
11/07/2018 1:30:41 PM	3614124641	1013.00	29.50	26.28	79.1	28.91	26.28	83.4	27.81	26.28	92.4	28.69	26.28	85.1
11/07/2018 1:30:42 PM	3614124642	1013.00	29.49	26.28	79.2	28.95	26.28	83.1	27.83	26.28	92.2	28.69	26.28	85.1
11/07/2018 1:30:43 PM	3614124643	1013.00	29.49	26.28	79.2	28.93	26.28	83.3	27.82	26.28	92.3	28.73	26.28	84.8
11/07/2018 1:30:44 PM	3614124644	1013.00	29.52	26.27	79.0	28.96	26.27	83.1	27.81	26.27	92.4	28.69	26.27	85.2
11/07/2018 1:30:45 PM	3614124645	1013.00	29.53	26.27	78.9	28.95	26.27	83.2	27.80	26.27	92.5	28.57	26.27	86.1
11/07/2018 1:30:46 PM	3614124646	1013.00	29.54	26.27	78.8	28.93	26.27	83.3	27.83	26.27	92.2	28.65	26.27	85.5
11/07/2018 1:30:47 PM	3614124647	1013.00	29.52	26.27	79.0	28.95	26.27	83.2	27.82	26.27	92.3	28.60	26.27	85.9
11/07/2018 1:30:48 PM	3614124648	1013.00	29.55	26.28	78.7	28.92	26.28	83.4	27.85	26.28	92.0	28.75	26.28	84.7
11/07/2018 1:30:49 PM	3614124649	1013.00	29.51	26.28	79.0	28.92	26.28	83.4	27.86	26.28	91.9	28.69	26.28	85.1
11/07/2018 1:30:50 PM	3614124650	1013.00	29.53	26.28	78.9	28.92	26.28	83.4	27.84	26.28	92.1	28.71	26.28	85.0
11/07/2018 1:30:51 PM	3614124651	1013.00	29.53	26.28	78.9	28.93	26.28	83.3	27.88	26.28	91.8	28.68	26.28	85.2
11/07/2018 1:30:52 PM	3614124652	1013.00	29.53	26.28	78.9	28.93	26.28	83.3	27.86	26.28	91.9	28.70	26.28	85.1
11/07/2018 1:30:53 PM	3614124653	1013.00	29.57	26.28	78.6	28.94	26.28	83.2	27.87	26.28	91.9	28.70	26.28	85.1
11/07/2018 1:30:54 PM	3614124654	1013.00	29.51	26.28	79.0	28.95	26.28	83.1	27.83	26.28	92.2	28.68	26.28	85.2
11/07/2018 1:30:55 PM	3614124655	1013.00	29.54	26.28	78.8	28.96	26.28	83.1	27.86	26.28	91.9	28.68	26.28	85.2
11/07/2018 1:30:56 PM	3614124656	1013.00	29.59	26.28	78.5	28.94	26.28	83.2	27.92	26.28	91.4	28.64	26.28	85.5
11/07/2018 1:30:57 PM	3614124657	1013.00	29.53	26.28	78.9	28.93	26.28	83.3	27.87	26.28	91.9	28.71	26.28	85.0
11/07/2018 1:30:58 PM	3614124658	1013.00	29.54	26.28	78.8	28.89	26.28	83.6	27.86	26.28	91.9	28.73	26.28	84.8
11/07/2018 1:30:59 PM	3614124659	1013.00	29.58	26.28	78.5	29.04	26.28	82.5	27.87	26.28	91.9	28.73	26.28	84.8
11/07/2018 1:31:00 PM	3614124660	1013.00	29.57	26.28	78.6	28.94	26.28	83.2	27.87	26.28	91.9	28.69	26.28	85.1
11/07/2018 1:31:01 PM	3614124661	1013.00	29.57	26.28	78.6	28.98	26.28	82.9	27.89	26.28	91.7	28.67	26.28	85.3
11/07/2018 1:31:02 PM	3614124662	1013.00	29.56	26.28	78.7	28.97	26.28	83.0	27.82	26.28	92.3	28.76	26.28	84.6
11/07/2018 1:31:03 PM	3614124663	1013.00	29.58	26.28	78.5	29.00	26.28	82.8	27.87	26.28	91.9	28.74	26.28	84.8
11/07/2018 1:31:04 PM	3614124664	1013.00	29.61	26.28	78.3	28.99	26.28	82.8	27.87	26.28	91.9	28.77	26.28	84.5
11/07/2018 1:31:05 PM	3614124665	1013.00	29.56	26.28	78.7	28.97	26.28	83.0	27.82	26.28	92.3	28.75	26.28	84.7
11/07/2018 1:31:06 PM	3614124666	1013.00	29.56	26.28	78.7	29.00	26.28	82.8	27.86	26.28	91.9	28.80	26.28	84.3
11/07/2018 1:31:07 PM	3614124667	1013.00	29.54	26.28	78.8	29.00	26.28	82.8	27.89	26.28	91.7	28.74	26.28	84.8
11/07/2018 1:31:08 PM	3614124668	1013.00	29.56	26.28	78.7	28.96	26.28	83.1	27.88	26.28	91.8	28.74	26.28	84.8
11/07/2018 1:31:09 PM	3614124669	1013.00	29.60	26.28	78.4	28.97	26.28	83.0	27.92	26.28	91.4	28.65	26.28	85.5
11/07/2018 1:31:10 PM	3614124670	1013.00	29.58	26.28	78.5	29.01	26.28	82.7	27.87	26.28	91.9	28.71	26.28	85.0
11/07/2018 1:31:11 PM	3614124671	1013.00	29.61	26.28	78.3	29.02	26.28	82.6	27.88	26.28	91.8	28.80	26.28	84.3
11/07/2018 1:31:12 PM	3614124672	1013.00	29.60	26.27	78.4	28.95	26.27	83.2	27.93	26.27	91.4	28.81	26.27	84.2
11/07/2018 1:31:13 PM	3614124673	1013.00	29.60	26.27	78.4	28.98	26.27	82.9	27.87	26.27	91.9	28.78	26.27	84.5
11/07/2018 1:31:14 PM	3614124674	1013.00	29.61	26.26	78.3	29.00	26.26	82.8	27.89	26.26	91.7	28.75	26.26	84.7
11/07/2018 1:31:15 PM	3614124675	1013.00	29.59	26.26	78.5	29.02	26.26	82.6	27.88	26.26	91.8	28.83	26.26	84.1
11/07/2018 1:31:16 PM	3614124676	1013.00	29.65	26.26	78.1	29.04	26.26	82.5	27.86	26.26	92.0	28.84	26.26	84.0
11/07/2018 1:31:17 PM	3614124677	1013.00	29.64	26.27	78.1	29.04	26.27	82.5	27.89	26.27	91.7	28.89	26.27	83.6
11/07/2018 1:31:18 PM	3614124678	1013.00	29.61	26.27	78.3	29.05	26.27	82.4	27.91	26.27	91.5	28.83	26.27	84.1
11/07/2018 1:31:19 PM	3614124679	1013.00	29.63	26.28	78.2	29.00	26.28	82.8	27.89	26.28	91.7	28.93	26.28	83.3
11/07/2018 1:31:20 PM	3614124680	1013.00	29.63	26.28	78.2	29.04	26.28	82.5	27.87	26.28	91.9	28.78	26.28	84.4
11/07/2018 1:31:21 PM	3614124681	1013.00	29.65	26.27	78.0	29.06	26.27	82.3	27.96	26.27	91.1	28.83	26.27	84.1
11/07/2018 1:31:22 PM	3614124682	1013.00	29.66	26.27	78.0	29.00	26.27	82.8	27.93	26.27	91.4	28.81	26.27	84.2
11/07/2018 1:31:23 PM	3614124683	1013.00	29.63	26.27	78.2	29.06	26.27	82.3	27.94	26.27	91.3	28.86	26.27	83.8
11/07/2018 1:31:24 PM	3614124684	1013.00	29.69	26.27	77.8	29.06	26.27	82.3	27.88	26.27	91.8	28.86	26.27	83.8
11/07/2018 1:31:25 PM	3614124685	1013.00	29.66	26.27	78.0	29.05	26.27	82.4	27.90	26.27	91.6	28.84	26.27	84.0
11/07/2018 1:31:26 PM	3614124686	1013.00	29.71	26.27	77.6	29.08	26.27	82.2	27.90	26.27	91.6	28.90	26.27	83.5
11/07/2018 1:31:27 PM	3614124687	1013.00	29.73	26.27	77.5	29.05	26.27	82.4	27.95	26.27	91.2	28.88	26.27	83.7
11/07/2018 1:31:28 PM	3614124688	1013.00	29.68	26.27	77.8	29.08	26.27	82.2	27.93	26.27	91.4	28.87	26.27	83.8
11/07/2018 1:31:29 PM	3614124689	1013.00	29.66	26.27	78.0	29.08	26.27	82.2	27.93	26.27	91.4	28.85	26.27	83.9
11/07/2018 1:31:30 PM	3614124690	1013.00	29.69	26.27	77.8	29.06	26.27	82.3	27.92	26.27	91.4	28.94	26.27	83.2
11/07/2018 1:31:31 PM	3614124691	1013.00	29.69	26.27	77.8	29.11	26.27	82.0	27.94	26.27	91.3	28.98	26.27	82.9
11/07/2018 1:31:32 PM	3614124692	1013.00	29.74	26.27	77.4	29.10	26.27	82.0	27.92	26.27	91.4	28.86	26.27	83.8
11/07/2018 1:31:33 PM	3614124693	1013.00	29.74	26.27	77.4	29.06	26.27	82.3	27.96	26.27	91.1	28.86	26.27	83.8
11/07/2018 1:31:34 PM	3614124694	1013.00	29.71	26.27	77.6	29.09	26.27	82.1	27.93	26.27	91.4	28.94	26.27	83.2
11/07/2018 1:31:35 PM	3614124695	1013.00	29.70	26.27	77.7	29.10	26.27	82.0	27.92	26.27	91.4	28.92	26.27	83.4
11/07/2018 1:31:36 PM	3614124696	1013.00	29.68	26.26	77.8	29.14	26.26	81.7	27.94	26.26	91.3	28.83	26.26	84.1
11/07/2018 1:31:37 PM	3614124697	1013.00	29.70	26.26	77.7	29.15	26.26	81.7	27.89	26.26	91.7	28.93	26.26	83.3
11/07/2018 1:31:38 PM	3614124698	1013.00	29.72	26.25	77.6	29.13	26.25	81.8	27.93	26.25	91.4	28.91	26.25	83.5
11/07/2018 1:31:39 PM	3614124699	1013.00	29.72	26.25	77.6	29.14	26.25	81.8	27.92	26.25	91.5	29.00	26.25	82.8
11/07/2018 1:31:40 PM	3614124700	1013.00	29.74	26.25	77.4	29.10	26.25	82.1	27.94	26.25	91.3	28.95	26.25	83.2
11/07/2018 1:31:41 PM	3614124701	1013.00	29.74	26.25	77.4	29.18	26.25	81.5	27.98	26.25	91.0	29.00	26.25	82.8
11/07/2018 1:31:42 PM	3614124702	1013.00	29.69	26.26	77.8	29.17	26.26	81.5	27.97	26.26	91.0	29.00	26.26	82.8
11/07/2018 1:31:43 PM	3614124703	1013.00	29.73	26.26	77.5	29.14	26.26	81.7	27.96	26.26	91.1	28.97	26.26	83.0
11/07/2018 1:31:44 PM	3614124704	1013.00	29.68	26.26	77.8	29.17	26.26	81.5	27.95	26.26	91.2	29.04	26.26	82.5
11/07/2018 1:31:45 PM	3614124705	1013.00	29.74	26.26	77.4	29.21	26.26	81.2	27.95	26.26	91.2	29.04	26.26	82.5
11/07/2018 1:31:46 PM	3614124706	1013.00	29.74	26.26	77.4	29.18	26.26	81.4	27.98	26.26	90.9	28.98	26.26	82.9
11/07/2018 1:31:47 PM	3614124707	1013.00	29.76	26.26	77.3	29.19	26.26	81.4	27.99	26.26	90.9	29.03	26.26	82.6
11/07/2018 1:31:48 PM	3614124708	1013.00	29.76	26.25	77.3	29.16	26.25	81.6	27.97	26.25	91.0	29.05	26.25	82.4
11/07/2018 1:31:49 PM	3614124709	1013.00	29.76	26.26	77.3	29.13	26.26	81.8	27.98	26.26	90.9	28.96	26.26	83.1
11/07/2018 1:31:50 PM	3614124710	1013.00	29.77	26.26	77.2	29.17	26.26	81.5	27.99	26.26	90.9	29.03	26.26	82.6
11/07/2018 1:31:51 PM	3614124711	1013.00	29.77	26.26	77.2	29.19	26.26	81.4	27.97	26.26	91.0	29.05	26.26	82.4
11/07/2018 1:31:52 PM	3614124712	1013.00	29.77	26.25	77.2	29.20	26.25	81.3	27.96	26.25	91.1	29.02	26.25	82.7
11/07/2018 1:31:53 PM	3614124713	1013.00	29.77	26.26	77.2	29.19	26.26	81.4	28.01	26.26	90.7	29.01	26.26	82.7
11/07/2018 1:31:54 PM	3614124714	1013.00	29.78	26.25	77.2	29.20	26.25	81.3	28.03	26.25	90.5	29.02	26.25	82.7
11/07/2018 1:31:55 PM	3614124715	1013.00	29.76	26.25	77.3	29.21	26.25	81.2	27.96	26.25	91.1	29.08	26.25	82.2
11/07/2018 1:31:56 PM	3614124716	1013.00	29.77	26.26	77.2	29.27	26.26	80.8	27.97	26.26	91.0	29.02	26.26	82.6
11/07/2018 1:31:57 PM	3614124717	1013.00	29.80	26.26	77.0	29.15	26.26	81.7	27.99	26.26	90.9	29.02	26.26	82.6
11/07/2018 1:31:58 PM	3614124718	1013.00	29.80	26.25	77.0	29.21	26.25	81.2	27.98	26.25	91.0	29.08	26.25	82.2
11/07/2018 1:31:59 PM	3614124719	1013.00	29.80	26.26	77.0	29.22	26.26	81.2	28.05	26.26	90.4	29.02	26.26	82.6
11/07/2018 1:32:00 PM	3614124720	1013.00	29.81	26.26	76.9	29.25	26.26	80.9	28.00	26.26	90.8	29.03	26.26	82.6
11/07/2018 1:32:01 PM	3614124721	1013.00	29.82	26.25	76.9	29.14	26.25	81.8	28.00	26.25	90.8	29.07	26.25	82.3
11/07/2018 1:32:02 PM	3614124722	1013.00	29.78	26.25	77.2	29.25	26.25	80.9	28.01	26.25	90.7	29.11	26.25	82.0
11/07/2018 1:32:03 PM	3614124723	1013.00	29.81	26.25	77.0	29.24	26.25	81.0	28.04	26.25	90.5	29.09	26.25	82.1
11/07/2018 1:32:04 PM	3614124724	1013.00	29.80	26.25	77.0	29.24	26.25	81.0	28.04	26.25	90.5	29.08	26.25	82.2
11/07/2018 1:32:05 PM	3614124725	1013.00	29.84	26.25	76.8	29.24	26.25	81.0	28.05	26.25	90.4	29.08	26.25	82.2
11/07/2018 1:32:06 PM	3614124726	1013.00	29.85	26.25	76.7	29.28	26.25	80.7	27.98	26.25	91.0	29.10	26.25	82.1
11/07/2018 1:32:07 PM	3614124727	1013.00	29.84	26.25	76.8	29.26	26.25	80.9	28.01	26.25	90.7	29.16	26.25	81.6
11/07/2018 1:32:08 PM	3614124728	1013.00	29.81	26.25	77.0	29.27	26.25	80.8	28.05	26.25	90.4	29.11	26.25	82.0
11/07/2018 1:32:09 PM	3614124729	1013.00	29.86	26.25	76.6	29.29	26.25	80.7	28.06	26.25	90.3	29.15	26.25	81.7
11/07/2018 1:32:10 PM	3614124730	1013.00	29.82	26.25	76.9	29.25	26.25	80.9	27.99	26.25	90.9	29.03	26.25	82.6
11/07/2018 1:32:11 PM	3614124731	1013.00	29.86	26.24	76.6	29.28	26.24	80.7	28.02	26.24	90.6	29.13	26.24	81.8
11/07/2018 1:32:12 PM	3614124732	1013.00	29.84	26.24	76.8	29.29	26.24	80.7	28.06	26.24	90.3	29.12	26.24	81.9
11/07/2018 1:32:13 PM	3614124733	1013.00	29.83	26.24	76.8	29.28	26.24	80.7	28.06	26.24	90.3	29.13	26.24	81.8
11/07/2018 1:32:14 PM	3614124734	1013.00	29.87	26.24	76.6	29.28	26.24	80.7	28.06	26.24	90.3	29.12	26.24	81.9
11/07/2018 1:32:15 PM	3614124735	1013.00	29.83	26.24	76.8	29.29	26.24	80.7	28.06	26.24	90.3	29.12	26.24	81.9
11/07/2018 1:32:16 PM	3614124736	1013.00	29.85	26.25	76.7	29.31	26.25	80.5	28.04	26.25	90.5	29.10	26.25	82.1
11/07/2018 1:32:17 PM	3614124737	1013.00	29.83	26.25	76.8	29.32	26.25	80.4	28.05	26.25	90.4	29.12	26.25	81.9
11/07/2018 1:32:18 PM	3614124738	1013.00	29.87	26.25	76.5	29.31	26.25	80.5	28.08	26.25	90.1	29.15	26.25	81.7
11/07/2018 1:32:19 PM	3614124739	1013.00	29.89	26.25	76.4	29.34	26.25	80.3	28.01	26.25	90.7	29.16	26.25	81.6
11/07/2018 1:32:20 PM	3614124740	1013.00	29.90	26.25	76.3	29.32	26.25	80.4	28.05	26.25	90.4	29.08	26.25	82.2
11/07/2018 1:32:21 PM	3614124741	1013.00	29.86	26.25	76.6	29.32	26.25	80.4	28.11	26.25	89.9	29.21	26.25	81.2
11/07/2018 1:32:22 PM	3614124742	1013.00	29.90	26.24	76.4	29.33	26.24	80.4	28.04	26.24	90.5	29.18	26.24	81.5
11/07/2018 1:32:23 PM	3614124743	1013.00	29.85	26.24	76.7	29.33	26.24	80.4	28.10	26.24	90.0	29.15	26.24	81.7
11/07/2018 1:32:24 PM	3614124744	1013.00	29.91	26.24	76.3	29.38	26.24	80.0	28.06	26.24	90.3	29.16	26.24	81.6
11/07/2018 1:32:25 PM	3614124745	1013.00	29.85	26.24	76.7	29.35	26.24	80.2	28.06	26.24	90.3	29.13	26.24	81.8
11/07/2018 1:32:26 PM	3614124746	1013.00	29.81	26.24	77.0	29.31	26.24	80.5	28.05	26.24	90.4	29.14	26.24	81.8
11/07/2018 1:32:27 PM	3614124747	1013.00	29.86	26.25	76.6	29.31	26.25	80.5	28.11	26.25	89.9	29.15	26.25	81.7
11/07/2018 1:32:28 PM	3614124748	1013.00	29.88	26.25	76.5	29.31	26.25	80.5	28.04	26.25	90.5	29.21	26.25	81.2
11/07/2018 1:32:29 PM	3614124749	1013.00	29.89	26.25	76.4	29.35	26.25	80.2	28.05	26.25	90.4	29.15	26.25	81.7
11/07/2018 1:32:30 PM	3614124750	1013.00	29.87	26.24	76.6	29.32	26.24	80.4	28.09	26.24	90.1	29.15	26.24	81.7
11/07/2018 1:32:31 PM	3614124751	1013.00	29.90	26.24	76.4	29.30	26.24	80.6	28.09	26.24	90.1	29.19	26.24	81.4
11/07/2018 1:32:32 PM	3614124752	1013.00	29.87	26.24	76.6	29.33	26.24	80.4	28.09	26.24	90.1	29.10	26.24	82.1
11/07/2018 1:32:33 PM	3614124753	1013.00	29.91	26.24	76.3	29.34	26.24	80.3	28.04	26.24	90.5	29.22	26.24	81.2
11/07/2018 1:32:34 PM	3614124754	1013.00	29.87	26.24	76.6	29.33	26.24	80.4	28.04	26.24	90.5	29.16	26.24	81.6
11/07/2018 1:32:35 PM	3614124755	1013.00	29.90	26.25	76.3	29.36	26.25	80.1	28.08	26.25	90.1	29.23	26.25	81.1
11/07/2018 1:32:36 PM	3614124756	1013.00	29.93	26.25	76.1	29.30	26.25	80.6	28.08	26.25	90.1	29.15	26.25	81.7
11/07/2018 1:32:37 PM	3614124757	1013.00	29.88	26.25	76.5	29.31	26.25	80.5	28.09	26.25	90.0	29.21	26.25	81.2
11/07/2018 1:32:38 PM	3614124758	1013.00	29.91	26.25	76.3	29.40	26.25	79.9	28.13	26.25	89.7	29.30	26.25	80.6
11/07/2018 1:32:39 PM	3614124759	1013.00	29.95	26.25	76.0	29.34	26.25	80.3	28.04	26.25	90.5	29.26	26.25	80.9
11/07/2018 1:32:40 PM	3614124760	1013.00	29.93	26.25	76.1	29.32	26.25	80.4	28.08	26.25	90.1	29.23	26.25	81.1
11/07/2018 1:32:41 PM	3614124761	1013.00	29.93	26.25	76.1	29.33	26.25	80.4	28.12	26.25	89.8	29.25	26.25	80.9
11/07/2018 1:32:42 PM	3614124762	1013.00	29.93	26.25	76.1	29.34	26.25	80.3	28.10	26.25	90.0	29.30	26.25	80.6
11/07/2018 1:32:43 PM	3614124763	1013.00	29.93	26.25	76.1	29.34	26.25	80.3	28.10	26.25	90.0	29.22	26.25	81.2
11/07/2018 1:32:44 PM	3614124764	1013.00	29.96	26.25	75.9	29.32	26.25	80.4	28.11	26.25	89.9	29.20	26.25	81.3
11/07/2018 1:32:45 PM	3614124765	1013.00	29.94	26.25	76.1	29.33	26.25	80.4	28.10	26.25	90.0	29.41	26.25	79.8
11/07/2018 1:32:46 PM	3614124766	1013.00	29.95	26.24	76.0	29.35	26.24	80.2	28.08	26.24	90.1	29.28	26.24	80.7
11/07/2018 1:32:47 PM	3614124767	1013.00	29.97	26.25	75.9	29.35	26.25	80.2	28.17	26.25	89.4	29.22	26.25	81.2
11/07/2018 1:32:48 PM	3614124768	1013.00	29.91	26.25	76.3	29.34	26.25	80.3	28.13	26.25	89.7	29.29	26.25	80.7
11/07/2018 1:32:49 PM	3614124769	1013.00	29.98	26.25	75.8	29.33	26.25	80.4	28.12	26.25	89.8	29.31	26.25	80.5
11/07/2018 1:32:50 PM	3614124770	1013.00	29.97	26.24	75.9	29.33	26.24	80.4	28.11	26.24	89.9	29.26	26.24	80.9
11/07/2018 1:32:51 PM	3614124771	1013.00	29.94	26.25	76.1	29.35	26.25	80.2	28.15	26.25	89.5	29.33	26.25	80.4
11/07/2018 1:32:52 PM	3614124772	1013.00	29.98	26.24	75.8	29.35	26.24	80.2	28.14	26.24	89.6	29.29	26.24	80.7
11/07/2018 1:32:53 PM	3614124773	1013.00	29.97	26.24	75.9	29.38	26.24	80.0	28.15	26.24	89.6	29.44	26.24	79.6
11/07/2018 1:32:54 PM	3614124774	1013.00	29.92	26.23	76.2	29.35	26.23	80.2	28.19	26.23	89.2	29.35	26.23	80.2
11/07/2018 1:32:55 PM	3614124775	1013.00	30.01	26.24	75.6	29.37	26.24	80.1	28.13	26.24	89.7	29.33	26.24	80.4
11/07/2018 1:32:56 PM	3614124776	1013.00	29.95	26.24	76.0	29.34	26.24	80.3	28.15	26.24	89.6	29.40	26.24	79.9
11/07/2018 1:32:57 PM	3614124777	1013.00	29.94	26.23	76.1	29.40	26.23	79.9	28.10	26.23	90.0	29.33	26.23	80.4
11/07/2018 1:32:58 PM	3614124778	1013.00	29.99	26.24	75.7	29.33	26.24	80.4	28.15	26.24	89.6	29.40	26.24	79.9
11/07/2018 1:32:59 PM	3614124779	1013.00	29.96	26.25	75.9	29.36	26.25	80.1	28.17	26.25	89.4	29.43	26.25	79.6
11/07/2018 1:33:00 PM	3614124780	1013.00	30.05	26.25	75.3	29.34	26.25	80.3	28.14	26.25	89.6	29.38	26.25	80.0
11/07/2018 1:33:01 PM	3614124781	1013.00	30.00	26.25	75.7	29.37	26.25	80.1	28.18	26.25	89.3	29.46	26.25	79.4
11/07/2018 1:33:02 PM	3614124782	1013.00	29.98	26.25	75.8	29.38	26.25	80.0	28.16	26.25	89.5	29.40	26.25	79.9
11/07/2018 1:33:03 PM	3614124783	1013.00	30.00	26.25	75.7	29.33	26.25	80.4	28.15	26.25	89.5	29.41	26.25	79.8
11/07/2018 1:33:04 PM	3614124784	1013.00	30.01	26.24	75.6	29.38	26.24	80.0	28.15	26.24	89.6	29.41	26.24	79.8
