Date & time of file creation	11/07/2018 10:35 AM													
Data file path	C:\Users\ameli\Desktop\Diego Barneche\2018_07_11\26_C_new_witrox_22.txt													
														
														
CALIBRATION DATA														
Parameter/Channel	N moving average	LO phase [r.U.]	HI phase [r.U.]	LO oxygen [%air saturation]	HI oxygen [%air saturation]	LO temperature [°C]	HI temperature [°C]	Salinity [‰]						
SDWD0003000199      , CH 1	1	59.63	27.03	0.00	100.00	25.99	25.93	0.000						
SDWD0003000199      , CH 2	1	59.63	27.03	0.00	100.00	25.99	25.93	0.000						
SDWD0003000199      , CH 3	1	59.63	27.03	0.00	100.00	25.99	25.93	0.000						
SDWD0003000199      , CH 4	1	59.63	27.03	0.00	100.00	25.99	25.93	0.000						
														
														
Date &Time [DD-MM-YYYY HH:MM:SS]	Time stamp code	Barometric pressure [hPa]	SDWD0003000199      , CH 1 phase [r.U.]	SDWD0003000199      , CH 1 temp [°C]	SDWD0003000199      , CH 1 O2 [% air saturation]	SDWD0003000199      , CH 2 phase [r.U.]	SDWD0003000199      , CH 2 temp [°C]	SDWD0003000199      , CH 2 O2 [% air saturation]	SDWD0003000199      , CH 3 phase [r.U.]	SDWD0003000199      , CH 3 temp [°C]	SDWD0003000199      , CH 3 O2 [% air saturation]	SDWD0003000199      , CH 4 phase [r.U.]	SDWD0003000199      , CH 4 temp [°C]	SDWD0003000199      , CH 4 O2 [% air saturation]
11/07/2018 10:35:56 AM	3614114156	1013.00	26.48	25.99	105.3	26.46	25.99	105.5	26.35	25.99	106.6	26.48	25.99	105.3
11/07/2018 10:35:57 AM	3614114157	1013.00	26.48	25.99	105.3	26.50	25.99	105.1	26.38	25.99	106.3	26.48	25.99	105.3
11/07/2018 10:35:58 AM	3614114158	1013.00	26.47	25.99	105.4	26.50	25.99	105.1	26.39	25.99	106.2	26.48	25.99	105.3
11/07/2018 10:35:59 AM	3614114159	1013.00	26.48	25.99	105.3	26.47	25.99	105.4	26.37	25.99	106.4	26.50	25.99	105.1
11/07/2018 10:36:00 AM	3614114160	1013.00	26.42	25.99	105.9	26.51	25.99	105.0	26.37	25.99	106.4	26.47	25.99	105.4
11/07/2018 10:36:01 AM	3614114161	1013.00	26.47	25.99	105.4	26.48	25.99	105.3	26.41	25.99	106.0	26.51	25.99	105.0
11/07/2018 10:36:02 AM	3614114162	1013.00	26.48	25.99	105.3	26.47	25.99	105.4	26.40	25.99	106.1	26.48	25.99	105.3
11/07/2018 10:36:03 AM	3614114163	1013.00	26.49	26.00	105.2	26.51	26.00	105.0	26.37	26.00	106.4	26.47	26.00	105.4
11/07/2018 10:36:04 AM	3614114164	1013.00	26.46	26.00	105.5	26.52	26.00	104.9	26.39	26.00	106.2	26.45	26.00	105.6
11/07/2018 10:36:05 AM	3614114165	1013.00	26.49	25.99	105.2	26.45	25.99	105.6	26.36	25.99	106.5	26.49	25.99	105.2
11/07/2018 10:36:06 AM	3614114166	1013.00	26.50	25.98	105.1	26.46	25.98	105.5	26.36	25.98	106.5	26.47	25.98	105.4
11/07/2018 10:36:07 AM	3614114167	1013.00	26.49	25.99	105.2	26.48	25.99	105.3	26.40	25.99	106.1	26.48	25.99	105.3
11/07/2018 10:36:08 AM	3614114168	1013.00	26.43	25.98	105.8	26.47	25.98	105.4	26.38	25.98	106.3	26.50	25.98	105.1
11/07/2018 10:36:09 AM	3614114169	1013.00	26.48	25.98	105.3	26.52	25.98	104.9	26.39	25.98	106.2	26.47	25.98	105.4
11/07/2018 10:36:10 AM	3614114170	1013.00	26.46	25.98	105.5	26.47	25.98	105.4	26.39	25.98	106.2	26.50	25.98	105.1
11/07/2018 10:36:11 AM	3614114171	1013.00	26.50	25.99	105.1	26.50	25.99	105.1	26.41	25.99	106.0	26.47	25.99	105.4
11/07/2018 10:36:12 AM	3614114172	1013.00	26.49	25.99	105.2	26.49	25.99	105.2	26.40	25.99	106.1	26.46	25.99	105.5
11/07/2018 10:36:13 AM	3614114173	1013.00	26.50	25.98	105.1	26.52	25.98	104.9	26.39	25.98	106.2	26.50	25.98	105.1
11/07/2018 10:36:14 AM	3614114174	1013.00	26.45	25.98	105.6	26.48	25.98	105.3	26.40	25.98	106.1	26.48	25.98	105.3
11/07/2018 10:36:15 AM	3614114175	1013.00	26.48	25.98	105.3	26.53	25.98	104.8	26.38	25.98	106.3	26.48	25.98	105.3
11/07/2018 10:36:16 AM	3614114176	1013.00	26.45	25.98	105.6	26.51	25.98	105.0	26.38	25.98	106.3	26.48	25.98	105.3
11/07/2018 10:36:17 AM	3614114177	1013.00	26.44	25.99	105.7	26.52	25.99	104.9	26.41	25.99	106.0	26.49	25.99	105.2
11/07/2018 10:36:18 AM	3614114178	1013.00	26.46	25.99	105.5	26.46	25.99	105.5	26.36	25.99	106.5	26.51	25.99	105.0
11/07/2018 10:36:19 AM	3614114179	1013.00	26.51	25.98	105.0	26.52	25.98	104.9	26.40	25.98	106.1	26.49	25.98	105.2
11/07/2018 10:36:20 AM	3614114180	1013.00	26.47	25.98	105.4	26.54	25.98	104.7	26.41	25.98	106.0	26.48	25.98	105.3
11/07/2018 10:36:21 AM	3614114181	1013.00	26.48	25.98	105.3	26.51	25.98	105.0	26.40	25.98	106.1	26.46	25.98	105.5
11/07/2018 10:36:22 AM	3614114182	1013.00	26.43	25.98	105.8	26.51	25.98	105.0	26.41	25.98	106.0	26.48	25.98	105.3
11/07/2018 10:36:23 AM	3614114183	1013.00	26.45	25.97	105.6	26.48	25.97	105.3	26.38	25.97	106.3	26.49	25.97	105.2
11/07/2018 10:36:24 AM	3614114184	1013.00	26.49	25.98	105.2	26.50	25.98	105.1	26.40	25.98	106.1	26.48	25.98	105.3
11/07/2018 10:36:25 AM	3614114185	1013.00	26.48	25.97	105.3	26.52	25.97	104.9	26.40	25.97	106.1	26.49	25.97	105.2
11/07/2018 10:36:26 AM	3614114186	1013.00	26.48	25.97	105.3	26.53	25.97	104.8	26.39	25.97	106.2	26.49	25.97	105.2
11/07/2018 10:36:27 AM	3614114187	1013.00	26.47	25.97	105.4	26.50	25.97	105.1	26.39	25.97	106.2	26.47	25.97	105.4
11/07/2018 10:36:28 AM	3614114188	1013.00	26.46	25.98	105.5	26.57	25.98	104.4	26.38	25.98	106.3	26.47	25.98	105.4
11/07/2018 10:36:29 AM	3614114189	1013.00	26.45	25.98	105.6	26.54	25.98	104.7	26.38	25.98	106.3	26.49	25.98	105.2
11/07/2018 10:36:30 AM	3614114190	1013.00	26.48	25.99	105.3	26.56	25.99	104.5	26.39	25.99	106.2	26.48	25.99	105.3
11/07/2018 10:36:31 AM	3614114191	1013.00	26.45	25.98	105.6	26.54	25.98	104.7	26.41	25.98	106.0	26.48	25.98	105.3
11/07/2018 10:36:32 AM	3614114192	1013.00	26.49	25.98	105.2	26.53	25.98	104.8	26.44	25.98	105.7	26.46	25.98	105.5
11/07/2018 10:36:33 AM	3614114193	1013.00	26.45	25.98	105.6	26.53	25.98	104.8	26.39	25.98	106.2	26.50	25.98	105.1
11/07/2018 10:36:34 AM	3614114194	1013.00	26.47	25.97	105.4	26.53	25.97	104.8	26.42	25.97	105.9	26.44	25.97	105.7
11/07/2018 10:36:35 AM	3614114195	1013.00	26.46	25.97	105.5	26.54	25.97	104.7	26.40	25.97	106.1	26.47	25.97	105.4
11/07/2018 10:36:36 AM	3614114196	1013.00	26.48	25.98	105.3	26.49	25.98	105.2	26.39	25.98	106.2	26.46	25.98	105.5
11/07/2018 10:36:37 AM	3614114197	1013.00	26.45	25.98	105.6	26.53	25.98	104.8	26.41	25.98	106.0	26.47	25.98	105.4
11/07/2018 10:36:38 AM	3614114198	1013.00	26.46	25.98	105.5	26.55	25.98	104.6	26.42	25.98	105.9	26.48	25.98	105.3
11/07/2018 10:36:39 AM	3614114199	1013.00	26.47	25.98	105.4	26.55	25.98	104.6	26.39	25.98	106.2	26.50	25.98	105.1
11/07/2018 10:36:40 AM	3614114200	1013.00	26.43	25.97	105.8	26.58	25.97	104.3	26.42	25.97	105.9	26.50	25.97	105.1
11/07/2018 10:36:41 AM	3614114201	1013.00	26.45	25.98	105.6	26.54	25.98	104.7	26.41	25.98	106.0	26.50	25.98	105.1
11/07/2018 10:36:42 AM	3614114202	1013.00	26.46	25.98	105.5	26.56	25.98	104.5	26.42	25.98	105.9	26.48	25.98	105.3
11/07/2018 10:36:43 AM	3614114203	1013.00	26.50	25.97	105.1	26.55	25.97	104.6	26.41	25.97	106.0	26.49	25.97	105.2
11/07/2018 10:36:44 AM	3614114204	1013.00	26.46	25.98	105.5	26.55	25.98	104.6	26.41	25.98	106.0	26.52	25.98	104.9
11/07/2018 10:36:45 AM	3614114205	1013.00	26.43	25.98	105.8	26.53	25.98	104.8	26.40	25.98	106.1	26.48	25.98	105.3
11/07/2018 10:36:46 AM	3614114206	1013.00	26.53	25.97	104.8	26.57	25.97	104.4	26.37	25.97	106.4	26.51	25.97	105.0
11/07/2018 10:36:47 AM	3614114207	1013.00	26.48	25.97	105.3	26.57	25.97	104.4	26.41	25.97	106.0	26.51	25.97	105.0
11/07/2018 10:36:48 AM	3614114208	1013.00	26.45	25.98	105.6	26.54	25.98	104.7	26.40	25.98	106.1	26.51	25.98	105.0
11/07/2018 10:36:49 AM	3614114209	1013.00	26.48	25.97	105.3	26.58	25.97	104.3	26.42	25.97	105.9	26.52	25.97	104.9
11/07/2018 10:36:50 AM	3614114210	1013.00	26.46	25.97	105.5	26.57	25.97	104.4	26.40	25.97	106.1	26.49	25.97	105.2
11/07/2018 10:36:51 AM	3614114211	1013.00	26.47	25.98	105.4	26.60	25.98	104.1	26.41	25.98	106.0	26.47	25.98	105.4
11/07/2018 10:36:52 AM	3614114212	1013.00	26.42	25.98	105.9	26.56	25.98	104.5	26.43	25.98	105.8	26.53	25.98	104.8
11/07/2018 10:36:53 AM	3614114213	1013.00	26.45	25.97	105.6	26.58	25.97	104.3	26.40	25.97	106.1	26.50	25.97	105.1
11/07/2018 10:36:54 AM	3614114214	1013.00	26.46	25.98	105.5	26.60	25.98	104.1	26.42	25.98	105.9	26.48	25.98	105.3
11/07/2018 10:36:55 AM	3614114215	1013.00	26.47	25.98	105.4	26.60	25.98	104.1	26.38	25.98	106.3	26.50	25.98	105.1
11/07/2018 10:36:56 AM	3614114216	1013.00	26.43	25.98	105.8	26.57	25.98	104.4	26.42	25.98	105.9	26.52	25.98	104.9
11/07/2018 10:36:57 AM	3614114217	1013.00	26.49	25.98	105.2	26.61	25.98	104.0	26.41	25.98	106.0	26.53	25.98	104.8
11/07/2018 10:36:58 AM	3614114218	1013.00	26.49	25.99	105.2	26.64	25.99	103.7	26.42	25.99	105.9	26.52	25.99	104.9
11/07/2018 10:36:59 AM	3614114219	1013.00	26.44	25.98	105.7	26.57	25.98	104.4	26.43	25.98	105.8	26.55	25.98	104.6
11/07/2018 10:37:00 AM	3614114220	1013.00	26.49	25.98	105.2	26.58	25.98	104.3	26.40	25.98	106.1	26.51	25.98	105.0
11/07/2018 10:37:01 AM	3614114221	1013.00	26.47	25.97	105.4	26.62	25.97	103.9	26.38	25.97	106.3	26.49	25.97	105.2
11/07/2018 10:37:02 AM	3614114222	1013.00	26.45	25.98	105.6	26.62	25.98	103.9	26.43	25.98	105.8	26.51	25.98	105.0
11/07/2018 10:37:03 AM	3614114223	1013.00	26.45	25.98	105.6	26.60	25.98	104.1	26.41	25.98	106.0	26.52	25.98	104.9
11/07/2018 10:37:04 AM	3614114224	1013.00	26.47	25.98	105.4	26.65	25.98	103.6	26.41	25.98	106.0	26.54	25.98	104.7
11/07/2018 10:37:05 AM	3614114225	1013.00	26.50	25.99	105.1	26.61	25.99	104.0	26.42	25.99	105.9	26.53	25.99	104.8
11/07/2018 10:37:06 AM	3614114226	1013.00	26.50	25.99	105.1	26.63	25.99	103.8	26.41	25.99	106.0	26.53	25.99	104.8
11/07/2018 10:37:07 AM	3614114227	1013.00	26.51	25.98	105.0	26.60	25.98	104.1	26.41	25.98	106.0	26.52	25.98	104.9
11/07/2018 10:37:08 AM	3614114228	1013.00	26.46	25.98	105.5	26.64	25.98	103.7	26.45	25.98	105.6	26.54	25.98	104.7
11/07/2018 10:37:09 AM	3614114229	1013.00	26.46	25.98	105.5	26.59	25.98	104.2	26.43	25.98	105.8	26.51	25.98	105.0
11/07/2018 10:37:10 AM	3614114230	1013.00	26.50	25.98	105.1	26.65	25.98	103.6	26.43	25.98	105.8	26.52	25.98	104.9
11/07/2018 10:37:11 AM	3614114231	1013.00	26.50	25.97	105.1	26.70	25.97	103.1	26.42	25.97	105.9	26.54	25.97	104.7
11/07/2018 10:37:12 AM	3614114232	1013.00	26.48	25.98	105.3	26.63	25.98	103.8	26.44	25.98	105.7	26.52	25.98	104.9
11/07/2018 10:37:13 AM	3614114233	1013.00	26.47	25.98	105.4	26.66	25.98	103.5	26.41	25.98	106.0	26.53	25.98	104.8
11/07/2018 10:37:14 AM	3614114234	1013.00	26.50	25.97	105.1	26.60	25.97	104.1	26.44	25.97	105.7	26.49	25.97	105.2
11/07/2018 10:37:15 AM	3614114235	1013.00	26.44	25.98	105.7	26.68	25.98	103.3	26.45	25.98	105.6	26.52	25.98	104.9
11/07/2018 10:37:16 AM	3614114236	1013.00	26.51	25.98	105.0	26.64	25.98	103.7	26.46	25.98	105.5	26.52	25.98	104.9
11/07/2018 10:37:17 AM	3614114237	1013.00	26.44	25.98	105.7	26.67	25.98	103.4	26.43	25.98	105.8	26.58	25.98	104.3
11/07/2018 10:37:18 AM	3614114238	1013.00	26.48	25.98	105.3	26.65	25.98	103.6	26.43	25.98	105.8	26.53	25.98	104.8
11/07/2018 10:37:19 AM	3614114239	1013.00	26.45	25.99	105.6	26.66	25.99	103.5	26.43	25.99	105.8	26.52	25.99	104.9
11/07/2018 10:37:20 AM	3614114240	1013.00	26.48	25.99	105.3	26.65	25.99	103.6	26.45	25.99	105.6	26.54	25.99	104.7
11/07/2018 10:37:21 AM	3614114241	1013.00	26.47	25.99	105.4	26.63	25.99	103.8	26.47	25.99	105.4	26.54	25.99	104.7
11/07/2018 10:37:22 AM	3614114242	1013.00	26.43	25.99	105.8	26.72	25.99	102.9	26.44	25.99	105.7	26.55	25.99	104.6
11/07/2018 10:37:23 AM	3614114243	1013.00	26.48	25.98	105.3	26.69	25.98	103.2	26.48	25.98	105.3	26.52	25.98	104.9
11/07/2018 10:37:24 AM	3614114244	1013.00	26.49	25.98	105.2	26.71	25.98	103.0	26.44	25.98	105.7	26.55	25.98	104.6
11/07/2018 10:37:25 AM	3614114245	1013.00	26.49	25.98	105.2	26.67	25.98	103.4	26.45	25.98	105.6	26.57	25.98	104.4
11/07/2018 10:37:26 AM	3614114246	1013.00	26.48	25.98	105.3	26.65	25.98	103.6	26.44	25.98	105.7	26.57	25.98	104.4
11/07/2018 10:37:27 AM	3614114247	1013.00	26.49	25.99	105.2	26.67	25.99	103.4	26.44	25.99	105.7	26.55	25.99	104.6
11/07/2018 10:37:28 AM	3614114248	1013.00	26.50	25.99	105.1	26.68	25.99	103.3	26.48	25.99	105.3	26.57	25.99	104.4
11/07/2018 10:37:29 AM	3614114249	1013.00	26.48	25.98	105.3	26.67	25.98	103.4	26.44	25.98	105.7	26.55	25.98	104.6
11/07/2018 10:37:30 AM	3614114250	1013.00	26.49	25.99	105.2	26.69	25.99	103.2	26.45	25.99	105.6	26.55	25.99	104.6
11/07/2018 10:37:31 AM	3614114251	1013.00	26.47	25.99	105.4	26.70	25.99	103.1	26.45	25.99	105.6	26.56	25.99	104.5
11/07/2018 10:37:32 AM	3614114252	1013.00	26.48	25.98	105.3	26.68	25.98	103.3	26.47	25.98	105.4	26.56	25.98	104.5
11/07/2018 10:37:33 AM	3614114253	1013.00	26.50	25.99	105.1	26.68	25.99	103.3	26.49	25.99	105.2	26.55	25.99	104.6
11/07/2018 10:37:34 AM	3614114254	1013.00	26.48	26.00	105.3	26.67	26.00	103.4	26.46	26.00	105.5	26.58	26.00	104.3
11/07/2018 10:37:35 AM	3614114255	1013.00	26.51	26.00	105.0	26.69	26.00	103.2	26.46	26.00	105.5	26.57	26.00	104.4
11/07/2018 10:37:36 AM	3614114256	1013.00	26.49	25.99	105.2	26.66	25.99	103.5	26.48	25.99	105.3	26.56	25.99	104.5
11/07/2018 10:37:37 AM	3614114257	1013.00	26.43	25.99	105.8	26.67	25.99	103.4	26.48	25.99	105.3	26.60	25.99	104.1
11/07/2018 10:37:38 AM	3614114258	1013.00	26.46	25.99	105.5	26.67	25.99	103.4	26.48	25.99	105.3	26.58	25.99	104.3
11/07/2018 10:37:39 AM	3614114259	1013.00	26.48	25.98	105.3	26.70	25.98	103.1	26.47	25.98	105.4	26.58	25.98	104.3
11/07/2018 10:37:40 AM	3614114260	1013.00	26.45	25.98	105.6	26.75	25.98	102.6	26.47	25.98	105.4	26.59	25.98	104.2
11/07/2018 10:37:41 AM	3614114261	1013.00	26.48	25.99	105.3	26.80	25.99	102.1	26.44	25.99	105.7	26.60	25.99	104.1
11/07/2018 10:37:42 AM	3614114262	1013.00	26.48	25.99	105.3	26.76	25.99	102.5	26.47	25.99	105.4	26.58	25.99	104.3
11/07/2018 10:37:43 AM	3614114263	1013.00	26.52	25.99	104.9	26.74	25.99	102.7	26.47	25.99	105.4	26.59	25.99	104.2
11/07/2018 10:37:44 AM	3614114264	1013.00	26.50	25.99	105.1	26.69	25.99	103.2	26.49	25.99	105.2	26.59	25.99	104.2
11/07/2018 10:37:45 AM	3614114265	1013.00	26.49	25.99	105.2	26.74	25.99	102.7	26.48	25.99	105.3	26.60	25.99	104.1
11/07/2018 10:37:46 AM	3614114266	1013.00	26.47	25.99	105.4	26.72	25.99	102.9	26.48	25.99	105.3	26.60	25.99	104.1
11/07/2018 10:37:47 AM	3614114267	1013.00	26.53	25.99	104.8	26.77	25.99	102.4	26.48	25.99	105.3	26.62	25.99	103.9
11/07/2018 10:37:48 AM	3614114268	1013.00	26.51	25.99	105.0	26.78	25.99	102.3	26.50	25.99	105.1	26.58	25.99	104.3
11/07/2018 10:37:49 AM	3614114269	1013.00	26.48	25.99	105.3	26.70	25.99	103.1	26.50	25.99	105.1	26.59	25.99	104.2
11/07/2018 10:37:50 AM	3614114270	1013.00	26.49	25.99	105.2	26.80	25.99	102.1	26.51	25.99	105.0	26.58	25.99	104.3
11/07/2018 10:37:51 AM	3614114271	1013.00	26.52	25.98	104.9	26.77	25.98	102.4	26.48	25.98	105.3	26.60	25.98	104.1
11/07/2018 10:37:52 AM	3614114272	1013.00	26.50	25.99	105.1	26.76	25.99	102.5	26.50	25.99	105.1	26.60	25.99	104.1
11/07/2018 10:37:53 AM	3614114273	1013.00	26.49	25.99	105.2	26.75	25.99	102.6	26.52	25.99	104.9	26.61	25.99	104.0
11/07/2018 10:37:54 AM	3614114274	1013.00	26.44	25.99	105.7	26.74	25.99	102.7	26.52	25.99	104.9	26.59	25.99	104.2
11/07/2018 10:37:55 AM	3614114275	1013.00	26.51	25.99	105.0	26.74	25.99	102.7	26.46	25.99	105.5	26.60	25.99	104.1
11/07/2018 10:37:56 AM	3614114276	1013.00	26.47	26.00	105.4	26.78	26.00	102.3	26.51	26.00	105.0	26.60	26.00	104.1
11/07/2018 10:37:57 AM	3614114277	1013.00	26.49	26.00	105.2	26.77	26.00	102.4	26.48	26.00	105.3	26.60	26.00	104.1
11/07/2018 10:37:58 AM	3614114278	1013.00	26.47	26.00	105.4	26.79	26.00	102.2	26.50	26.00	105.1	26.63	26.00	103.8
11/07/2018 10:37:59 AM	3614114279	1013.00	26.51	26.00	105.0	26.78	26.00	102.3	26.51	26.00	105.0	26.59	26.00	104.2
11/07/2018 10:38:00 AM	3614114280	1013.00	26.51	26.00	105.0	26.78	26.00	102.3	26.50	26.00	105.1	26.63	26.00	103.8
11/07/2018 10:38:01 AM	3614114281	1013.00	26.48	25.99	105.3	26.79	25.99	102.2	26.51	25.99	105.0	26.59	25.99	104.2
11/07/2018 10:38:02 AM	3614114282	1013.00	26.49	26.00	105.2	26.79	26.00	102.2	26.52	26.00	104.9	26.60	26.00	104.1
11/07/2018 10:38:03 AM	3614114283	1013.00	26.50	25.99	105.1	26.86	25.99	101.5	26.52	25.99	104.9	26.62	25.99	103.9
11/07/2018 10:38:04 AM	3614114284	1013.00	26.49	26.00	105.2	26.79	26.00	102.2	26.52	26.00	104.9	26.61	26.00	104.0
11/07/2018 10:38:05 AM	3614114285	1013.00	26.52	26.00	104.9	26.88	26.00	101.3	26.53	26.00	104.8	26.61	26.00	104.0
11/07/2018 10:38:06 AM	3614114286	1013.00	26.48	26.00	105.3	26.81	26.00	102.0	26.53	26.00	104.8	26.62	26.00	103.9
11/07/2018 10:38:07 AM	3614114287	1013.00	26.55	26.00	104.6	26.83	26.00	101.8	26.53	26.00	104.8	26.63	26.00	103.8
11/07/2018 10:38:08 AM	3614114288	1013.00	26.47	26.01	105.4	26.84	26.01	101.7	26.53	26.01	104.7	26.60	26.01	104.0
11/07/2018 10:38:09 AM	3614114289	1013.00	26.50	26.00	105.1	26.82	26.00	101.9	26.52	26.00	104.9	26.64	26.00	103.7
11/07/2018 10:38:10 AM	3614114290	1013.00	26.49	26.00	105.2	26.78	26.00	102.3	26.54	26.00	104.7	26.62	26.00	103.9
11/07/2018 10:38:11 AM	3614114291	1013.00	26.49	26.00	105.2	26.87	26.00	101.4	26.58	26.00	104.3	26.63	26.00	103.8
11/07/2018 10:38:12 AM	3614114292	1013.00	26.49	26.00	105.2	26.89	26.00	101.2	26.54	26.00	104.7	26.64	26.00	103.7
11/07/2018 10:38:13 AM	3614114293	1013.00	26.48	26.00	105.3	26.84	26.00	101.7	26.53	26.00	104.8	26.63	26.00	103.8
11/07/2018 10:38:14 AM	3614114294	1013.00	26.51	26.00	105.0	26.85	26.00	101.6	26.57	26.00	104.4	26.59	26.00	104.2
11/07/2018 10:38:15 AM	3614114295	1013.00	26.49	26.00	105.2	26.84	26.00	101.7	26.53	26.00	104.8	26.63	26.00	103.8
11/07/2018 10:38:16 AM	3614114296	1013.00	26.48	26.00	105.3	26.84	26.00	101.7	26.54	26.00	104.7	26.63	26.00	103.8
11/07/2018 10:38:17 AM	3614114297	1013.00	26.46	26.00	105.5	26.85	26.00	101.6	26.57	26.00	104.4	26.62	26.00	103.9
11/07/2018 10:38:18 AM	3614114298	1013.00	26.47	26.01	105.4	26.87	26.01	101.4	26.53	26.01	104.7	26.64	26.01	103.6
11/07/2018 10:38:19 AM	3614114299	1013.00	26.50	26.01	105.1	26.89	26.01	101.2	26.55	26.01	104.5	26.67	26.01	103.4
11/07/2018 10:38:20 AM	3614114300	1013.00	26.51	26.01	104.9	26.87	26.01	101.4	26.53	26.01	104.7	26.65	26.01	103.5
11/07/2018 10:38:21 AM	3614114301	1013.00	26.51	26.01	104.9	26.91	26.01	101.0	26.54	26.01	104.6	26.67	26.01	103.4
11/07/2018 10:38:22 AM	3614114302	1013.00	26.49	26.00	105.2	26.88	26.00	101.3	26.59	26.00	104.2	26.64	26.00	103.7
11/07/2018 10:38:23 AM	3614114303	1013.00	26.50	26.00	105.1	26.88	26.00	101.3	26.56	26.00	104.5	26.67	26.00	103.4
11/07/2018 10:38:24 AM	3614114304	1013.00	26.51	26.00	105.0	26.86	26.00	101.5	26.54	26.00	104.7	26.63	26.00	103.8
11/07/2018 10:38:25 AM	3614114305	1013.00	26.53	26.00	104.8	26.89	26.00	101.2	26.56	26.00	104.5	26.64	26.00	103.7
11/07/2018 10:38:26 AM	3614114306	1013.00	26.49	26.00	105.2	26.90	26.00	101.1	26.55	26.00	104.6	26.66	26.00	103.5
11/07/2018 10:38:27 AM	3614114307	1013.00	26.49	26.01	105.2	26.93	26.01	100.8	26.56	26.01	104.4	26.67	26.01	103.4
11/07/2018 10:38:28 AM	3614114308	1013.00	26.48	26.01	105.3	26.91	26.01	101.0	26.56	26.01	104.4	26.69	26.01	103.2
11/07/2018 10:38:29 AM	3614114309	1013.00	26.50	26.01	105.1	26.87	26.01	101.4	26.55	26.01	104.5	26.66	26.01	103.5
11/07/2018 10:38:30 AM	3614114310	1013.00	26.53	26.01	104.7	26.91	26.01	101.0	26.55	26.01	104.5	26.65	26.01	103.5
11/07/2018 10:38:31 AM	3614114311	1013.00	26.51	26.01	104.9	26.90	26.01	101.1	26.57	26.01	104.3	26.66	26.01	103.5
11/07/2018 10:38:32 AM	3614114312	1013.00	26.51	26.01	104.9	26.97	26.01	100.4	26.58	26.01	104.2	26.69	26.01	103.2
11/07/2018 10:38:33 AM	3614114313	1013.00	26.49	26.01	105.2	26.94	26.01	100.7	26.55	26.01	104.5	26.68	26.01	103.3
11/07/2018 10:38:34 AM	3614114314	1013.00	26.53	26.01	104.7	26.95	26.01	100.6	26.58	26.01	104.2	26.66	26.01	103.5
11/07/2018 10:38:35 AM	3614114315	1013.00	26.49	26.02	105.1	26.96	26.02	100.5	26.60	26.02	104.0	26.68	26.02	103.2
11/07/2018 10:38:36 AM	3614114316	1013.00	26.52	26.02	104.8	26.95	26.02	100.6	26.56	26.02	104.4	26.67	26.02	103.3
11/07/2018 10:38:37 AM	3614114317	1013.00	26.51	26.02	104.9	26.92	26.02	100.9	26.56	26.02	104.4	26.70	26.02	103.0
11/07/2018 10:38:38 AM	3614114318	1013.00	26.50	26.02	105.0	26.93	26.02	100.8	26.58	26.02	104.2	26.70	26.02	103.0
11/07/2018 10:38:39 AM	3614114319	1013.00	26.55	26.02	104.5	26.97	26.02	100.4	26.57	26.02	104.3	26.70	26.02	103.0
11/07/2018 10:38:40 AM	3614114320	1013.00	26.57	26.01	104.3	26.97	26.01	100.4	26.60	26.01	104.0	26.68	26.01	103.3
11/07/2018 10:38:41 AM	3614114321	1013.00	26.54	26.01	104.6	26.97	26.01	100.4	26.57	26.01	104.3	26.66	26.01	103.5
11/07/2018 10:38:42 AM	3614114322	1013.00	26.52	26.00	104.9	26.94	26.00	100.7	26.59	26.00	104.2	26.68	26.00	103.3
11/07/2018 10:38:43 AM	3614114323	1013.00	26.49	26.00	105.2	26.92	26.00	100.9	26.59	26.00	104.2	26.67	26.00	103.4
11/07/2018 10:38:44 AM	3614114324	1013.00	26.51	26.01	104.9	26.97	26.01	100.4	26.60	26.01	104.0	26.71	26.01	103.0
11/07/2018 10:38:45 AM	3614114325	1013.00	26.54	26.01	104.6	26.96	26.01	100.5	26.60	26.01	104.0	26.68	26.01	103.3
11/07/2018 10:38:46 AM	3614114326	1013.00	26.50	26.01	105.1	27.00	26.01	100.1	26.60	26.01	104.0	26.70	26.01	103.1
11/07/2018 10:38:47 AM	3614114327	1013.00	26.52	26.01	104.8	27.00	26.01	100.1	26.57	26.01	104.3	26.72	26.01	102.9
11/07/2018 10:38:48 AM	3614114328	1013.00	26.52	26.01	104.8	26.98	26.01	100.3	26.59	26.01	104.1	26.71	26.01	103.0
11/07/2018 10:38:49 AM	3614114329	1013.00	26.55	26.01	104.5	26.95	26.01	100.6	26.60	26.01	104.0	26.70	26.01	103.1
11/07/2018 10:38:50 AM	3614114330	1013.00	26.50	26.01	105.1	26.98	26.01	100.3	26.61	26.01	103.9	26.69	26.01	103.2
11/07/2018 10:38:51 AM	3614114331	1013.00	26.50	26.01	105.1	27.00	26.01	100.1	26.62	26.01	103.8	26.72	26.01	102.9
11/07/2018 10:38:52 AM	3614114332	1013.00	26.55	26.01	104.5	26.96	26.01	100.5	26.61	26.01	103.9	26.72	26.01	102.9
11/07/2018 10:38:53 AM	3614114333	1013.00	26.51	26.01	104.9	27.00	26.01	100.1	26.60	26.01	104.0	26.73	26.01	102.8
11/07/2018 10:38:54 AM	3614114334	1013.00	26.55	26.01	104.5	26.99	26.01	100.2	26.61	26.01	103.9	26.71	26.01	103.0
11/07/2018 10:38:55 AM	3614114335	1013.00	26.49	26.01	105.2	26.99	26.01	100.2	26.64	26.01	103.6	26.71	26.01	103.0
11/07/2018 10:38:56 AM	3614114336	1013.00	26.50	26.01	105.1	27.02	26.01	100.0	26.63	26.01	103.7	26.73	26.01	102.8
11/07/2018 10:38:57 AM	3614114337	1013.00	26.52	26.01	104.8	27.01	26.01	100.1	26.61	26.01	103.9	26.71	26.01	103.0
11/07/2018 10:38:58 AM	3614114338	1013.00	26.53	26.01	104.7	27.04	26.01	99.8	26.64	26.01	103.6	26.74	26.01	102.7
11/07/2018 10:38:59 AM	3614114339	1013.00	26.51	26.01	104.9	27.04	26.01	99.8	26.67	26.01	103.4	26.72	26.01	102.9
11/07/2018 10:39:00 AM	3614114340	1013.00	26.52	26.01	104.8	27.05	26.01	99.7	26.63	26.01	103.7	26.73	26.01	102.8
11/07/2018 10:39:01 AM	3614114341	1013.00	26.47	26.01	105.4	27.01	26.01	100.1	26.63	26.01	103.7	26.73	26.01	102.8
11/07/2018 10:39:02 AM	3614114342	1013.00	26.51	26.01	104.9	27.06	26.01	99.6	26.62	26.01	103.8	26.73	26.01	102.8
11/07/2018 10:39:03 AM	3614114343	1013.00	26.50	26.01	105.1	27.03	26.01	99.9	26.64	26.01	103.6	26.72	26.01	102.9
11/07/2018 10:39:04 AM	3614114344	1013.00	26.55	26.02	104.5	27.02	26.02	99.9	26.64	26.02	103.6	26.72	26.02	102.8
11/07/2018 10:39:05 AM	3614114345	1013.00	26.54	26.01	104.6	27.09	26.01	99.3	26.64	26.01	103.6	26.76	26.01	102.5
11/07/2018 10:39:06 AM	3614114346	1013.00	26.51	26.02	104.9	27.06	26.02	99.6	26.64	26.02	103.6	26.75	26.02	102.5
11/07/2018 10:39:07 AM	3614114347	1013.00	26.52	26.02	104.8	27.02	26.02	99.9	26.65	26.02	103.5	26.73	26.02	102.7
11/07/2018 10:39:08 AM	3614114348	1013.00	26.54	26.02	104.6	27.07	26.02	99.5	26.65	26.02	103.5	26.73	26.02	102.7
11/07/2018 10:39:09 AM	3614114349	1013.00	26.50	26.01	105.1	27.02	26.01	100.0	26.64	26.01	103.6	26.74	26.01	102.7
11/07/2018 10:39:10 AM	3614114350	1013.00	26.56	26.02	104.4	27.06	26.02	99.6	26.64	26.02	103.6	26.75	26.02	102.5
11/07/2018 10:39:11 AM	3614114351	1013.00	26.54	26.01	104.6	27.08	26.01	99.4	26.67	26.01	103.4	26.74	26.01	102.7
11/07/2018 10:39:12 AM	3614114352	1013.00	26.53	26.01	104.7	27.09	26.01	99.3	26.65	26.01	103.5	26.72	26.01	102.9
11/07/2018 10:39:13 AM	3614114353	1013.00	26.53	26.01	104.7	27.11	26.01	99.1	26.67	26.01	103.4	26.77	26.01	102.4
11/07/2018 10:39:14 AM	3614114354	1013.00	26.54	26.01	104.6	27.13	26.01	98.9	26.63	26.01	103.7	26.76	26.01	102.5
11/07/2018 10:39:15 AM	3614114355	1013.00	26.51	26.01	104.9	27.12	26.01	99.0	26.68	26.01	103.3	26.75	26.01	102.6
11/07/2018 10:39:16 AM	3614114356	1013.00	26.57	26.01	104.3	27.08	26.01	99.4	26.69	26.01	103.2	26.74	26.01	102.7
11/07/2018 10:39:17 AM	3614114357	1013.00	26.51	26.01	104.9	27.15	26.01	98.7	26.67	26.01	103.4	26.74	26.01	102.7
11/07/2018 10:39:18 AM	3614114358	1013.00	26.55	26.01	104.5	27.10	26.01	99.2	26.68	26.01	103.3	26.75	26.01	102.6
11/07/2018 10:39:19 AM	3614114359	1013.00	26.55	26.01	104.5	27.12	26.01	99.0	26.69	26.01	103.2	26.75	26.01	102.6
11/07/2018 10:39:20 AM	3614114360	1013.00	26.56	26.01	104.4	27.17	26.01	98.5	26.69	26.01	103.2	26.74	26.01	102.7
11/07/2018 10:39:21 AM	3614114361	1013.00	26.57	26.00	104.4	27.14	26.00	98.8	26.68	26.00	103.3	26.75	26.00	102.6
11/07/2018 10:39:22 AM	3614114362	1013.00	26.52	26.01	104.8	27.13	26.01	98.9	26.67	26.01	103.4	26.74	26.01	102.7
11/07/2018 10:39:23 AM	3614114363	1013.00	26.57	26.01	104.3	27.17	26.01	98.5	26.69	26.01	103.2	26.76	26.01	102.5
11/07/2018 10:39:24 AM	3614114364	1013.00	26.53	26.01	104.7	27.21	26.01	98.2	26.69	26.01	103.2	26.75	26.01	102.6
11/07/2018 10:39:25 AM	3614114365	1013.00	26.54	26.02	104.6	27.13	26.02	98.9	26.70	26.02	103.0	26.80	26.02	102.1
11/07/2018 10:39:26 AM	3614114366	1013.00	26.57	26.02	104.3	27.17	26.02	98.5	26.67	26.02	103.3	26.78	26.02	102.3
11/07/2018 10:39:27 AM	3614114367	1013.00	26.55	26.02	104.5	27.22	26.02	98.1	26.71	26.02	102.9	26.75	26.02	102.5
11/07/2018 10:39:28 AM	3614114368	1013.00	26.58	26.02	104.2	27.18	26.02	98.4	26.70	26.02	103.0	26.76	26.02	102.4
11/07/2018 10:39:29 AM	3614114369	1013.00	26.59	26.02	104.1	27.15	26.02	98.7	26.71	26.02	102.9	26.78	26.02	102.3
11/07/2018 10:39:30 AM	3614114370	1013.00	26.54	26.01	104.6	27.23	26.01	98.0	26.71	26.01	103.0	26.78	26.01	102.3
11/07/2018 10:39:31 AM	3614114371	1013.00	26.58	26.02	104.2	27.21	26.02	98.2	26.72	26.02	102.8	26.77	26.02	102.3
11/07/2018 10:39:32 AM	3614114372	1013.00	26.55	26.02	104.5	27.20	26.02	98.3	26.72	26.02	102.8	26.77	26.02	102.3
11/07/2018 10:39:33 AM	3614114373	1013.00	26.53	26.01	104.7	27.22	26.01	98.1	26.72	26.01	102.9	26.77	26.01	102.4
11/07/2018 10:39:34 AM	3614114374	1013.00	26.58	26.02	104.2	27.25	26.02	97.8	26.73	26.02	102.7	26.76	26.02	102.4
11/07/2018 10:39:35 AM	3614114375	1013.00	26.55	26.01	104.5	27.23	26.01	98.0	26.70	26.01	103.1	26.75	26.01	102.6
11/07/2018 10:39:36 AM	3614114376	1013.00	26.55	26.01	104.5	27.22	26.01	98.1	26.73	26.01	102.8	26.80	26.01	102.1
11/07/2018 10:39:37 AM	3614114377	1013.00	26.56	26.01	104.4	27.20	26.01	98.3	26.73	26.01	102.8	26.76	26.01	102.5
11/07/2018 10:39:38 AM	3614114378	1013.00	26.55	26.01	104.5	27.21	26.01	98.2	26.74	26.01	102.7	26.76	26.01	102.5
11/07/2018 10:39:39 AM	3614114379	1013.00	26.60	26.00	104.1	27.23	26.00	98.0	26.72	26.00	102.9	26.77	26.00	102.4
11/07/2018 10:39:40 AM	3614114380	1013.00	26.54	26.00	104.7	27.25	26.00	97.8	26.73	26.00	102.8	26.80	26.00	102.1
11/07/2018 10:39:41 AM	3614114381	1013.00	26.57	26.01	104.3	27.24	26.01	97.9	26.73	26.01	102.8	26.78	26.01	102.3
11/07/2018 10:39:42 AM	3614114382	1013.00	26.55	26.01	104.5	27.24	26.01	97.9	26.76	26.01	102.5	26.79	26.01	102.2
11/07/2018 10:39:43 AM	3614114383	1013.00	26.55	26.01	104.5	27.27	26.01	97.6	26.73	26.01	102.8	26.80	26.01	102.1
11/07/2018 10:39:44 AM	3614114384	1013.00	26.58	26.02	104.2	27.27	26.02	97.6	26.74	26.02	102.6	26.77	26.02	102.3
11/07/2018 10:39:45 AM	3614114385	1013.00	26.56	26.02	104.4	27.26	26.02	97.7	26.74	26.02	102.6	26.78	26.02	102.3
11/07/2018 10:39:46 AM	3614114386	1013.00	26.60	26.02	104.0	27.23	26.02	98.0	26.74	26.02	102.6	26.78	26.02	102.3
11/07/2018 10:39:47 AM	3614114387	1013.00	26.56	26.02	104.4	27.25	26.02	97.8	26.78	26.02	102.3	26.79	26.02	102.2
11/07/2018 10:39:48 AM	3614114388	1013.00	26.57	26.02	104.3	27.25	26.02	97.8	26.73	26.02	102.7	26.81	26.02	102.0
11/07/2018 10:39:49 AM	3614114389	1013.00	26.58	26.02	104.2	27.31	26.02	97.2	26.72	26.02	102.8	26.80	26.02	102.1
11/07/2018 10:39:50 AM	3614114390	1013.00	26.56	26.02	104.4	27.28	26.02	97.5	26.77	26.02	102.3	26.78	26.02	102.3
11/07/2018 10:39:51 AM	3614114391	1013.00	26.57	26.02	104.3	27.28	26.02	97.5	26.74	26.02	102.6	26.80	26.02	102.1
11/07/2018 10:39:52 AM	3614114392	1013.00	26.58	26.01	104.2	27.25	26.01	97.8	26.77	26.01	102.4	26.81	26.01	102.0
11/07/2018 10:39:53 AM	3614114393	1013.00	26.57	26.01	104.3	27.32	26.01	97.2	26.75	26.01	102.6	26.85	26.01	101.6
11/07/2018 10:39:54 AM	3614114394	1013.00	26.58	26.01	104.2	27.28	26.01	97.5	26.77	26.01	102.4	26.83	26.01	101.8
11/07/2018 10:39:55 AM	3614114395	1013.00	26.61	26.01	103.9	27.27	26.01	97.6	26.78	26.01	102.3	26.80	26.01	102.1
11/07/2018 10:39:56 AM	3614114396	1013.00	26.58	26.01	104.2	27.33	26.01	97.1	26.76	26.01	102.5	26.80	26.01	102.1
11/07/2018 10:39:57 AM	3614114397	1013.00	26.57	26.01	104.3	27.36	26.01	96.8	26.79	26.01	102.2	26.82	26.01	101.9
11/07/2018 10:39:58 AM	3614114398	1013.00	26.54	26.00	104.7	27.37	26.00	96.7	26.79	26.00	102.2	26.84	26.00	101.7
11/07/2018 10:39:59 AM	3614114399	1013.00	26.57	26.00	104.4	27.32	26.00	97.2	26.76	26.00	102.5	26.82	26.00	101.9
11/07/2018 10:40:00 AM	3614114400	1013.00	26.61	26.01	103.9	27.34	26.01	97.0	26.78	26.01	102.3	26.83	26.01	101.8
11/07/2018 10:40:01 AM	3614114401	1013.00	26.63	26.01	103.7	27.34	26.01	97.0	26.76	26.01	102.5	26.84	26.01	101.7
11/07/2018 10:40:02 AM	3614114402	1013.00	26.58	26.01	104.2	27.36	26.01	96.8	26.78	26.01	102.3	26.84	26.01	101.7
11/07/2018 10:40:03 AM	3614114403	1013.00	26.57	26.01	104.3	27.36	26.01	96.8	26.79	26.01	102.2	26.83	26.01	101.8
11/07/2018 10:40:04 AM	3614114404	1013.00	26.63	26.01	103.7	27.41	26.01	96.3	26.79	26.01	102.2	26.84	26.01	101.7
11/07/2018 10:40:05 AM	3614114405	1013.00	26.62	26.01	103.8	27.34	26.01	97.0	26.80	26.01	102.1	26.84	26.01	101.7
11/07/2018 10:40:06 AM	3614114406	1013.00	26.58	26.01	104.2	27.35	26.01	96.9	26.81	26.01	102.0	26.84	26.01	101.7
11/07/2018 10:40:07 AM	3614114407	1013.00	26.56	26.01	104.4	27.30	26.01	97.3	26.80	26.01	102.1	26.85	26.01	101.6
11/07/2018 10:40:08 AM	3614114408	1013.00	26.59	26.01	104.1	27.39	26.01	96.5	26.77	26.01	102.4	26.87	26.01	101.4
11/07/2018 10:40:09 AM	3614114409	1013.00	26.61	26.02	103.9	27.32	26.02	97.1	26.79	26.02	102.2	26.86	26.02	101.5
11/07/2018 10:40:10 AM	3614114410	1013.00	26.61	26.02	103.9	27.39	26.02	96.5	26.80	26.02	102.1	26.85	26.02	101.6
11/07/2018 10:40:11 AM	3614114411	1013.00	26.60	26.01	104.0	27.37	26.01	96.7	26.81	26.01	102.0	26.82	26.01	101.9
11/07/2018 10:40:12 AM	3614114412	1013.00	26.59	26.01	104.1	27.42	26.01	96.2	26.83	26.01	101.8	26.85	26.01	101.6
11/07/2018 10:40:13 AM	3614114413	1013.00	26.64	26.01	103.6	27.42	26.01	96.2	26.81	26.01	102.0	26.86	26.01	101.5
11/07/2018 10:40:14 AM	3614114414	1013.00	26.59	26.01	104.1	27.43	26.01	96.2	26.79	26.01	102.2	26.87	26.01	101.4
11/07/2018 10:40:15 AM	3614114415	1013.00	26.62	26.01	103.8	27.40	26.01	96.4	26.79	26.01	102.2	26.87	26.01	101.4
11/07/2018 10:40:16 AM	3614114416	1013.00	26.63	26.01	103.7	27.40	26.01	96.4	26.81	26.01	102.0	26.89	26.01	101.2
11/07/2018 10:40:17 AM	3614114417	1013.00	26.60	26.01	104.0	27.42	26.01	96.2	26.82	26.01	101.9	26.86	26.01	101.5
11/07/2018 10:40:18 AM	3614114418	1013.00	26.62	26.01	103.8	27.45	26.01	96.0	26.84	26.01	101.7	26.87	26.01	101.4
11/07/2018 10:40:19 AM	3614114419	1013.00	26.63	26.01	103.7	27.40	26.01	96.4	26.84	26.01	101.7	26.86	26.01	101.5
11/07/2018 10:40:20 AM	3614114420	1013.00	26.66	26.01	103.5	27.36	26.01	96.8	26.83	26.01	101.8	26.84	26.01	101.7
11/07/2018 10:40:21 AM	3614114421	1013.00	26.64	26.01	103.6	27.43	26.01	96.2	26.85	26.01	101.6	26.87	26.01	101.4
11/07/2018 10:40:22 AM	3614114422	1013.00	26.59	26.01	104.1	27.38	26.01	96.6	26.84	26.01	101.7	26.87	26.01	101.4
11/07/2018 10:40:23 AM	3614114423	1013.00	26.59	26.01	104.1	27.41	26.01	96.3	26.82	26.01	101.9	26.88	26.01	101.3
11/07/2018 10:40:24 AM	3614114424	1013.00	26.58	26.01	104.2	27.40	26.01	96.4	26.85	26.01	101.6	26.88	26.01	101.3
11/07/2018 10:40:25 AM	3614114425	1013.00	26.65	26.01	103.5	27.47	26.01	95.8	26.84	26.01	101.7	26.85	26.01	101.6
11/07/2018 10:40:26 AM	3614114426	1013.00	26.65	26.01	103.5	27.44	26.01	96.1	26.85	26.01	101.6	26.89	26.01	101.2
11/07/2018 10:40:27 AM	3614114427	1013.00	26.64	26.01	103.6	27.46	26.01	95.9	26.84	26.01	101.7	26.86	26.01	101.5
11/07/2018 10:40:28 AM	3614114428	1013.00	26.62	26.01	103.8	27.47	26.01	95.8	26.87	26.01	101.4	26.87	26.01	101.4
11/07/2018 10:40:29 AM	3614114429	1013.00	26.66	26.01	103.5	27.45	26.01	96.0	26.88	26.01	101.3	26.89	26.01	101.2
11/07/2018 10:40:30 AM	3614114430	1013.00	26.65	26.00	103.6	27.48	26.00	95.7	26.83	26.00	101.8	26.87	26.00	101.4
11/07/2018 10:40:31 AM	3614114431	1013.00	26.63	26.01	103.7	27.50	26.01	95.5	26.86	26.01	101.5	26.89	26.01	101.2
11/07/2018 10:40:32 AM	3614114432	1013.00	26.63	26.01	103.7	27.50	26.01	95.5	26.87	26.01	101.4	26.91	26.01	101.0
11/07/2018 10:40:33 AM	3614114433	1013.00	26.64	26.00	103.7	27.48	26.00	95.7	26.87	26.00	101.4	26.89	26.00	101.2
11/07/2018 10:40:34 AM	3614114434	1013.00	26.67	26.00	103.4	27.51	26.00	95.5	26.85	26.00	101.6	26.90	26.00	101.1
11/07/2018 10:40:35 AM	3614114435	1013.00	26.64	26.01	103.6	27.51	26.01	95.4	26.86	26.01	101.5	26.88	26.01	101.3
11/07/2018 10:40:36 AM	3614114436	1013.00	26.59	26.01	104.1	27.49	26.01	95.6	26.87	26.01	101.4	26.90	26.01	101.1
11/07/2018 10:40:37 AM	3614114437	1013.00	26.65	26.01	103.5	27.52	26.01	95.3	26.86	26.01	101.5	26.90	26.01	101.1
11/07/2018 10:40:38 AM	3614114438	1013.00	26.61	26.02	103.9	27.55	26.02	95.1	26.87	26.02	101.4	26.91	26.02	101.0
11/07/2018 10:40:39 AM	3614114439	1013.00	26.64	26.02	103.6	27.54	26.02	95.2	26.86	26.02	101.5	26.89	26.02	101.2
11/07/2018 10:40:40 AM	3614114440	1013.00	26.65	26.02	103.5	27.50	26.02	95.5	26.85	26.02	101.6	26.93	26.02	100.8
11/07/2018 10:40:41 AM	3614114441	1013.00	26.62	26.02	103.8	27.54	26.02	95.2	26.83	26.02	101.8	26.93	26.02	100.8
11/07/2018 10:40:42 AM	3614114442	1013.00	26.65	26.02	103.5	27.52	26.02	95.3	26.88	26.02	101.3	26.92	26.02	100.9
11/07/2018 10:40:43 AM	3614114443	1013.00	26.63	26.01	103.7	27.53	26.01	95.3	26.88	26.01	101.3	26.91	26.01	101.0
11/07/2018 10:40:44 AM	3614114444	1013.00	26.64	26.02	103.6	27.53	26.02	95.2	26.86	26.02	101.5	26.94	26.02	100.7
11/07/2018 10:40:45 AM	3614114445	1013.00	26.64	26.02	103.6	27.49	26.02	95.6	26.89	26.02	101.2	26.95	26.02	100.6
11/07/2018 10:40:46 AM	3614114446	1013.00	26.68	26.02	103.2	27.57	26.02	94.9	26.89	26.02	101.2	26.94	26.02	100.7
11/07/2018 10:40:47 AM	3614114447	1013.00	26.66	26.02	103.4	27.47	26.02	95.8	26.88	26.02	101.3	26.95	26.02	100.6
11/07/2018 10:40:48 AM	3614114448	1013.00	26.65	26.02	103.5	27.54	26.02	95.2	26.88	26.02	101.3	26.95	26.02	100.6
11/07/2018 10:40:49 AM	3614114449	1013.00	26.67	26.02	103.3	27.56	26.02	95.0	26.90	26.02	101.1	26.95	26.02	100.6
11/07/2018 10:40:50 AM	3614114450	1013.00	26.61	26.01	103.9	27.60	26.01	94.6	26.87	26.01	101.4	26.94	26.01	100.7
11/07/2018 10:40:51 AM	3614114451	1013.00	26.62	26.01	103.8	27.52	26.01	95.3	26.89	26.01	101.2	26.95	26.01	100.6
11/07/2018 10:40:52 AM	3614114452	1013.00	26.69	26.01	103.2	27.57	26.01	94.9	26.91	26.01	101.0	26.92	26.01	100.9
11/07/2018 10:40:53 AM	3614114453	1013.00	26.63	26.01	103.7	27.54	26.01	95.2	26.91	26.01	101.0	26.94	26.01	100.7
11/07/2018 10:40:54 AM	3614114454	1013.00	26.65	26.01	103.5	27.56	26.01	95.0	26.91	26.01	101.0	26.94	26.01	100.7
11/07/2018 10:40:55 AM	3614114455	1013.00	26.64	26.01	103.6	27.56	26.01	95.0	26.92	26.01	100.9	26.94	26.01	100.7
11/07/2018 10:40:56 AM	3614114456	1013.00	26.70	26.01	103.1	27.51	26.01	95.4	26.93	26.01	100.8	26.95	26.01	100.6
11/07/2018 10:40:57 AM	3614114457	1013.00	26.61	26.01	103.9	27.61	26.01	94.5	26.92	26.01	100.9	26.94	26.01	100.7
11/07/2018 10:40:58 AM	3614114458	1013.00	26.63	26.01	103.7	27.56	26.01	95.0	26.95	26.01	100.6	26.95	26.01	100.6
11/07/2018 10:40:59 AM	3614114459	1013.00	26.68	26.02	103.2	27.62	26.02	94.4	26.92	26.02	100.9	26.96	26.02	100.5
11/07/2018 10:41:00 AM	3614114460	1013.00	26.62	26.02	103.8	27.55	26.02	95.1	26.92	26.02	100.9	26.94	26.02	100.7
11/07/2018 10:41:01 AM	3614114461	1013.00	26.66	26.02	103.4	27.55	26.02	95.1	26.93	26.02	100.8	26.95	26.02	100.6
11/07/2018 10:41:02 AM	3614114462	1013.00	26.66	26.02	103.4	27.61	26.02	94.5	26.93	26.02	100.8	26.99	26.02	100.2
11/07/2018 10:41:03 AM	3614114463	1013.00	26.68	26.02	103.2	27.55	26.02	95.1	26.95	26.02	100.6	26.96	26.02	100.5
11/07/2018 10:41:04 AM	3614114464	1013.00	26.70	26.01	103.1	27.63	26.01	94.4	26.96	26.01	100.5	26.97	26.01	100.4
11/07/2018 10:41:05 AM	3614114465	1013.00	26.72	26.01	102.9	27.61	26.01	94.5	26.99	26.01	100.2	26.96	26.01	100.5
11/07/2018 10:41:06 AM	3614114466	1013.00	26.64	26.01	103.6	27.60	26.01	94.6	26.97	26.01	100.4	26.96	26.01	100.5
11/07/2018 10:41:07 AM	3614114467	1013.00	26.66	26.02	103.4	27.62	26.02	94.4	26.95	26.02	100.6	26.97	26.02	100.4
11/07/2018 10:41:08 AM	3614114468	1013.00	26.66	26.02	103.4	27.65	26.02	94.2	26.96	26.02	100.5	26.99	26.02	100.2
11/07/2018 10:41:09 AM	3614114469	1013.00	26.72	26.01	102.9	27.63	26.01	94.4	26.94	26.01	100.7	26.93	26.01	100.8
11/07/2018 10:41:10 AM	3614114470	1013.00	26.69	26.02	103.1	27.63	26.02	94.4	26.94	26.02	100.7	26.99	26.02	100.2
11/07/2018 10:41:11 AM	3614114471	1013.00	26.66	26.01	103.5	27.62	26.01	94.5	26.95	26.01	100.6	26.96	26.01	100.5
11/07/2018 10:41:12 AM	3614114472	1013.00	26.67	26.01	103.4	27.66	26.01	94.1	26.95	26.01	100.6	26.97	26.01	100.4
11/07/2018 10:41:13 AM	3614114473	1013.00	26.65	26.01	103.5	27.67	26.01	94.0	26.96	26.01	100.5	26.98	26.01	100.3
11/07/2018 10:41:14 AM	3614114474	1013.00	26.67	26.00	103.4	27.63	26.00	94.4	26.93	26.00	100.8	26.98	26.00	100.4
11/07/2018 10:41:15 AM	3614114475	1013.00	26.71	26.01	103.0	27.62	26.01	94.5	26.96	26.01	100.5	27.00	26.01	100.1
11/07/2018 10:41:16 AM	3614114476	1013.00	26.71	26.01	103.0	27.63	26.01	94.4	26.96	26.01	100.5	27.02	26.01	100.0
11/07/2018 10:41:17 AM	3614114477	1013.00	26.68	26.01	103.3	27.58	26.01	94.8	26.96	26.01	100.5	27.00	26.01	100.1
11/07/2018 10:41:18 AM	3614114478	1013.00	26.67	26.01	103.4	27.63	26.01	94.4	26.94	26.01	100.7	26.99	26.01	100.2
11/07/2018 10:41:19 AM	3614114479	1013.00	26.68	26.01	103.3	27.63	26.01	94.4	26.97	26.01	100.4	27.00	26.01	100.1
11/07/2018 10:41:20 AM	3614114480	1013.00	26.69	26.01	103.2	27.68	26.01	93.9	26.95	26.01	100.6	27.00	26.01	100.1
11/07/2018 10:41:21 AM	3614114481	1013.00	26.66	26.01	103.5	27.63	26.01	94.4	26.97	26.01	100.4	26.98	26.01	100.3
11/07/2018 10:41:22 AM	3614114482	1013.00	26.65	26.01	103.5	27.66	26.01	94.1	26.96	26.01	100.5	27.01	26.01	100.1
11/07/2018 10:41:23 AM	3614114483	1013.00	26.71	26.01	103.0	27.66	26.01	94.1	26.97	26.01	100.4	27.01	26.01	100.1
11/07/2018 10:41:24 AM	3614114484	1013.00	26.70	26.01	103.1	27.65	26.01	94.2	26.96	26.01	100.5	26.99	26.01	100.2
11/07/2018 10:41:25 AM	3614114485	1013.00	26.68	26.01	103.3	27.65	26.01	94.2	26.98	26.01	100.3	27.01	26.01	100.1
11/07/2018 10:41:26 AM	3614114486	1013.00	26.68	26.02	103.2	27.62	26.02	94.4	26.95	26.02	100.6	27.02	26.02	99.9
11/07/2018 10:41:27 AM	3614114487	1013.00	26.70	26.01	103.1	27.65	26.01	94.2	26.94	26.01	100.7	26.99	26.01	100.2
11/07/2018 10:41:28 AM	3614114488	1013.00	26.73	26.01	102.8	27.63	26.01	94.4	26.97	26.01	100.4	27.02	26.01	100.0
11/07/2018 10:41:29 AM	3614114489	1013.00	26.68	26.01	103.3	27.63	26.01	94.4	26.94	26.01	100.7	27.02	26.01	100.0
11/07/2018 10:41:30 AM	3614114490	1013.00	26.68	26.01	103.3	27.62	26.01	94.5	26.99	26.01	100.2	27.00	26.01	100.1
11/07/2018 10:41:31 AM	3614114491	1013.00	26.68	26.01	103.3	27.66	26.01	94.1	27.02	26.01	100.0	27.02	26.01	100.0
11/07/2018 10:41:32 AM	3614114492	1013.00	26.70	26.01	103.1	27.65	26.01	94.2	27.01	26.01	100.1	27.01	26.01	100.1
11/07/2018 10:41:33 AM	3614114493	1013.00	26.69	26.02	103.1	27.63	26.02	94.4	27.01	26.02	100.0	27.02	26.02	99.9
11/07/2018 10:41:34 AM	3614114494	1013.00	26.66	26.02	103.4	27.64	26.02	94.3	26.99	26.02	100.2	27.05	26.02	99.7
11/07/2018 10:41:35 AM	3614114495	1013.00	26.74	26.02	102.6	27.66	26.02	94.1	26.97	26.02	100.4	27.04	26.02	99.8
11/07/2018 10:41:36 AM	3614114496	1013.00	26.69	26.01	103.2	27.71	26.01	93.7	27.02	26.01	100.0	27.04	26.01	99.8
11/07/2018 10:41:37 AM	3614114497	1013.00	26.70	26.02	103.0	27.69	26.02	93.8	27.01	26.02	100.0	27.03	26.02	99.8
11/07/2018 10:41:38 AM	3614114498	1013.00	26.74	26.01	102.7	27.66	26.01	94.1	27.03	26.01	99.9	27.08	26.01	99.4
11/07/2018 10:41:39 AM	3614114499	1013.00	26.70	26.01	103.1	27.68	26.01	93.9	26.99	26.01	100.2	27.05	26.01	99.7
11/07/2018 10:41:40 AM	3614114500	1013.00	26.72	26.02	102.8	27.68	26.02	93.9	27.03	26.02	99.8	27.04	26.02	99.8
11/07/2018 10:41:41 AM	3614114501	1013.00	26.68	26.02	103.2	27.70	26.02	93.7	27.00	26.02	100.1	27.07	26.02	99.5
11/07/2018 10:41:42 AM	3614114502	1013.00	26.75	26.02	102.5	27.65	26.02	94.2	27.04	26.02	99.8	27.04	26.02	99.8
11/07/2018 10:41:43 AM	3614114503	1013.00	26.70	26.02	103.0	27.68	26.02	93.9	27.02	26.02	99.9	27.07	26.02	99.5
11/07/2018 10:41:44 AM	3614114504	1013.00	26.73	26.02	102.7	27.74	26.02	93.4	27.03	26.02	99.8	27.07	26.02	99.5
11/07/2018 10:41:45 AM	3614114505	1013.00	26.75	26.01	102.6	27.72	26.01	93.6	27.03	26.01	99.9	27.07	26.01	99.5
11/07/2018 10:41:46 AM	3614114506	1013.00	26.76	26.02	102.4	27.73	26.02	93.5	27.04	26.02	99.8	27.10	26.02	99.2
11/07/2018 10:41:47 AM	3614114507	1013.00	26.74	26.02	102.6	27.72	26.02	93.6	27.03	26.02	99.8	27.04	26.02	99.8
11/07/2018 10:41:48 AM	3614114508	1013.00	26.73	26.02	102.7	27.75	26.02	93.3	27.08	26.02	99.4	27.08	26.02	99.4
11/07/2018 10:41:49 AM	3614114509	1013.00	26.71	26.02	102.9	27.76	26.02	93.2	27.05	26.02	99.7	27.08	26.02	99.4
11/07/2018 10:41:50 AM	3614114510	1013.00	26.70	26.02	103.0	27.74	26.02	93.4	27.03	26.02	99.8	27.09	26.02	99.3
11/07/2018 10:41:51 AM	3614114511	1013.00	26.74	26.02	102.6	27.74	26.02	93.4	27.05	26.02	99.7	27.10	26.02	99.2
11/07/2018 10:41:52 AM	3614114512	1013.00	26.74	26.01	102.7	27.69	26.01	93.8	27.05	26.01	99.7	27.08	26.01	99.4
11/07/2018 10:41:53 AM	3614114513	1013.00	26.71	26.02	102.9	27.76	26.02	93.2	27.03	26.02	99.8	27.11	26.02	99.1
11/07/2018 10:41:54 AM	3614114514	1013.00	26.75	26.02	102.5	27.75	26.02	93.3	27.07	26.02	99.5	27.11	26.02	99.1
11/07/2018 10:41:55 AM	3614114515	1013.00	26.70	26.01	103.1	27.74	26.01	93.4	27.05	26.01	99.7	27.11	26.01	99.1
11/07/2018 10:41:56 AM	3614114516	1013.00	26.75	26.01	102.6	27.76	26.01	93.2	27.07	26.01	99.5	27.11	26.01	99.1
11/07/2018 10:41:57 AM	3614114517	1013.00	26.81	26.02	102.0	27.77	26.02	93.1	27.10	26.02	99.2	27.15	26.02	98.7
11/07/2018 10:41:58 AM	3614114518	1013.00	26.75	26.02	102.5	27.77	26.02	93.1	27.07	26.02	99.5	27.10	26.02	99.2
11/07/2018 10:41:59 AM	3614114519	1013.00	26.71	26.02	102.9	27.82	26.02	92.7	27.10	26.02	99.2	27.12	26.02	99.0
11/07/2018 10:42:00 AM	3614114520	1013.00	26.78	26.03	102.2	27.78	26.03	93.0	27.06	26.03	99.5	27.11	26.03	99.1
11/07/2018 10:42:01 AM	3614114521	1013.00	26.73	26.03	102.7	27.77	26.03	93.1	27.07	26.03	99.5	27.11	26.03	99.1
11/07/2018 10:42:02 AM	3614114522	1013.00	26.74	26.03	102.6	27.81	26.03	92.8	27.08	26.03	99.4	27.14	26.03	98.8
11/07/2018 10:42:03 AM	3614114523	1013.00	26.73	26.02	102.7	27.80	26.02	92.9	27.08	26.02	99.4	27.11	26.02	99.1
11/07/2018 10:42:04 AM	3614114524	1013.00	26.79	26.02	102.2	27.81	26.02	92.8	27.10	26.02	99.2	27.12	26.02	99.0
11/07/2018 10:42:05 AM	3614114525	1013.00	26.78	26.02	102.3	27.79	26.02	93.0	27.09	26.02	99.3	27.12	26.02	99.0
11/07/2018 10:42:06 AM	3614114526	1013.00	26.78	26.02	102.3	27.82	26.02	92.7	27.08	26.02	99.4	27.13	26.02	98.9
11/07/2018 10:42:07 AM	3614114527	1013.00	26.75	26.01	102.6	27.77	26.01	93.1	27.09	26.01	99.3	27.13	26.01	98.9
11/07/2018 10:42:08 AM	3614114528	1013.00	26.77	26.02	102.3	27.80	26.02	92.9	27.08	26.02	99.4	27.13	26.02	98.9
11/07/2018 10:42:09 AM	3614114529	1013.00	26.76	26.02	102.4	27.83	26.02	92.6	27.08	26.02	99.4	27.15	26.02	98.7
11/07/2018 10:42:10 AM	3614114530	1013.00	26.76	26.02	102.4	27.80	26.02	92.9	27.06	26.02	99.6	27.15	26.02	98.7
11/07/2018 10:42:11 AM	3614114531	1013.00	26.77	26.02	102.3	27.83	26.02	92.6	27.10	26.02	99.2	27.16	26.02	98.6
11/07/2018 10:42:12 AM	3614114532	1013.00	26.78	26.01	102.3	27.81	26.01	92.8	27.08	26.01	99.4	27.15	26.01	98.7
11/07/2018 10:42:13 AM	3614114533	1013.00	26.75	26.01	102.6	27.81	26.01	92.8	27.12	26.01	99.0	27.16	26.01	98.6
11/07/2018 10:42:14 AM	3614114534	1013.00	26.77	26.01	102.4	27.80	26.01	92.9	27.10	26.01	99.2	27.15	26.01	98.7
11/07/2018 10:42:15 AM	3614114535	1013.00	26.77	26.01	102.4	27.84	26.01	92.5	27.10	26.01	99.2	27.15	26.01	98.7
11/07/2018 10:42:16 AM	3614114536	1013.00	26.76	26.02	102.4	27.79	26.02	93.0	27.11	26.02	99.1	27.18	26.02	98.4
11/07/2018 10:42:17 AM	3614114537	1013.00	26.76	26.02	102.4	27.88	26.02	92.2	27.12	26.02	99.0	27.17	26.02	98.5
11/07/2018 10:42:18 AM	3614114538	1013.00	26.78	26.02	102.3	27.82	26.02	92.7	27.11	26.02	99.1	27.18	26.02	98.4
11/07/2018 10:42:19 AM	3614114539	1013.00	26.76	26.02	102.4	27.82	26.02	92.7	27.13	26.02	98.9	27.19	26.02	98.3
11/07/2018 10:42:20 AM	3614114540	1013.00	26.77	26.02	102.3	27.85	26.02	92.4	27.12	26.02	99.0	27.20	26.02	98.3
11/07/2018 10:42:21 AM	3614114541	1013.00	26.78	26.02	102.3	27.83	26.02	92.6	27.12	26.02	99.0	27.19	26.02	98.3
11/07/2018 10:42:22 AM	3614114542	1013.00	26.79	26.02	102.2	27.89	26.02	92.1	27.12	26.02	99.0	27.22	26.02	98.1
11/07/2018 10:42:23 AM	3614114543	1013.00	26.78	26.02	102.3	27.80	26.02	92.9	27.13	26.02	98.9	27.23	26.02	98.0
11/07/2018 10:42:24 AM	3614114544	1013.00	26.80	26.02	102.1	27.83	26.02	92.6	27.14	26.02	98.8	27.22	26.02	98.1
11/07/2018 10:42:25 AM	3614114545	1013.00	26.77	26.02	102.3	27.87	26.02	92.3	27.12	26.02	99.0	27.23	26.02	98.0
11/07/2018 10:42:26 AM	3614114546	1013.00	26.80	26.02	102.1	27.89	26.02	92.1	27.13	26.02	98.9	27.24	26.02	97.9
11/07/2018 10:42:27 AM	3614114547	1013.00	26.77	26.02	102.3	27.86	26.02	92.3	27.12	26.02	99.0	27.20	26.02	98.3
11/07/2018 10:42:28 AM	3614114548	1013.00	26.80	26.02	102.1	27.89	26.02	92.1	27.15	26.02	98.7	27.23	26.02	98.0
11/07/2018 10:42:29 AM	3614114549	1013.00	26.79	26.02	102.2	27.85	26.02	92.4	27.13	26.02	98.9	27.21	26.02	98.2
11/07/2018 10:42:30 AM	3614114550	1013.00	26.82	26.03	101.8	27.91	26.03	91.9	27.14	26.03	98.8	27.23	26.03	98.0
11/07/2018 10:42:31 AM	3614114551	1013.00	26.81	26.03	101.9	27.88	26.03	92.2	27.11	26.03	99.1	27.23	26.03	98.0
11/07/2018 10:42:32 AM	3614114552	1013.00	26.76	26.03	102.4	27.87	26.03	92.2	27.16	26.03	98.6	27.24	26.03	97.9
11/07/2018 10:42:33 AM	3614114553	1013.00	26.81	26.02	102.0	27.95	26.02	91.6	27.14	26.02	98.8	27.25	26.02	97.8
11/07/2018 10:42:34 AM	3614114554	1013.00	26.78	26.02	102.3	27.92	26.02	91.8	27.16	26.02	98.6	27.25	26.02	97.8
11/07/2018 10:42:35 AM	3614114555	1013.00	26.80	26.02	102.1	27.88	26.02	92.2	27.16	26.02	98.6	27.25	26.02	97.8
11/07/2018 10:42:36 AM	3614114556	1013.00	26.83	26.02	101.8	27.94	26.02	91.7	27.16	26.02	98.6	27.28	26.02	97.5
11/07/2018 10:42:37 AM	3614114557	1013.00	26.82	26.02	101.9	27.91	26.02	91.9	27.10	26.02	99.2	27.26	26.02	97.7
11/07/2018 10:42:38 AM	3614114558	1013.00	26.80	26.02	102.1	27.93	26.02	91.7	27.13	26.02	98.9	27.29	26.02	97.4
11/07/2018 10:42:39 AM	3614114559	1013.00	26.82	26.02	101.9	27.96	26.02	91.5	27.17	26.02	98.5	27.27	26.02	97.6
11/07/2018 10:42:40 AM	3614114560	1013.00	26.78	26.02	102.3	27.93	26.02	91.7	27.14	26.02	98.8	27.27	26.02	97.6
11/07/2018 10:42:41 AM	3614114561	1013.00	26.78	26.02	102.3	27.91	26.02	91.9	27.13	26.02	98.9	27.25	26.02	97.8
11/07/2018 10:42:42 AM	3614114562	1013.00	26.82	26.02	101.9	27.87	26.02	92.3	27.17	26.02	98.5	27.27	26.02	97.6
11/07/2018 10:42:43 AM	3614114563	1013.00	26.83	26.02	101.8	27.89	26.02	92.1	27.16	26.02	98.6	27.28	26.02	97.5
11/07/2018 10:42:44 AM	3614114564	1013.00	26.77	26.02	102.3	27.97	26.02	91.4	27.18	26.02	98.4	27.28	26.02	97.5
11/07/2018 10:42:45 AM	3614114565	1013.00	26.80	26.02	102.1	27.97	26.02	91.4	27.19	26.02	98.3	27.27	26.02	97.6
11/07/2018 10:42:46 AM	3614114566	1013.00	26.83	26.02	101.8	27.96	26.02	91.5	27.17	26.02	98.5	27.29	26.02	97.4
11/07/2018 10:42:47 AM	3614114567	1013.00	26.80	26.03	102.0	27.96	26.03	91.5	27.18	26.03	98.4	27.29	26.03	97.4
11/07/2018 10:42:48 AM	3614114568	1013.00	26.84	26.02	101.7	27.98	26.02	91.3	27.17	26.02	98.5	27.30	26.02	97.3
11/07/2018 10:42:49 AM	3614114569	1013.00	26.86	26.02	101.5	27.94	26.02	91.7	27.19	26.02	98.3	27.28	26.02	97.5
11/07/2018 10:42:50 AM	3614114570	1013.00	26.78	26.02	102.3	27.96	26.02	91.5	27.20	26.02	98.3	27.29	26.02	97.4
11/07/2018 10:42:51 AM	3614114571	1013.00	26.80	26.02	102.1	28.00	26.02	91.1	27.19	26.02	98.3	27.30	26.02	97.3
11/07/2018 10:42:52 AM	3614114572	1013.00	26.83	26.02	101.8	27.96	26.02	91.5	27.19	26.02	98.3	27.32	26.02	97.1
11/07/2018 10:42:53 AM	3614114573	1013.00	26.79	26.02	102.2	28.01	26.02	91.1	27.18	26.02	98.4	27.28	26.02	97.5
11/07/2018 10:42:54 AM	3614114574	1013.00	26.80	26.03	102.0	28.01	26.03	91.0	27.19	26.03	98.3	27.29	26.03	97.4
11/07/2018 10:42:55 AM	3614114575	1013.00	26.86	26.03	101.5	28.00	26.03	91.1	27.20	26.03	98.2	27.29	26.03	97.4
11/07/2018 10:42:56 AM	3614114576	1013.00	26.78	26.02	102.3	27.93	26.02	91.7	27.18	26.02	98.4	27.30	26.02	97.3
11/07/2018 10:42:57 AM	3614114577	1013.00	26.81	26.02	102.0	28.00	26.02	91.1	27.20	26.02	98.3	27.30	26.02	97.3
11/07/2018 10:42:58 AM	3614114578	1013.00	26.82	26.02	101.9	27.97	26.02	91.4	27.21	26.02	98.2	27.30	26.02	97.3
11/07/2018 10:42:59 AM	3614114579	1013.00	26.82	26.03	101.8	27.98	26.03	91.3	27.20	26.03	98.2	27.28	26.03	97.5
11/07/2018 10:43:00 AM	3614114580	1013.00	26.79	26.03	102.1	28.03	26.03	90.9	27.20	26.03	98.2	27.29	26.03	97.4
11/07/2018 10:43:01 AM	3614114581	1013.00	26.86	26.03	101.5	28.04	26.03	90.8	27.23	26.03	98.0	27.31	26.03	97.2
11/07/2018 10:43:02 AM	3614114582	1013.00	26.85	26.03	101.6	28.07	26.03	90.5	27.20	26.03	98.2	27.32	26.03	97.1
11/07/2018 10:43:03 AM	3614114583	1013.00	26.87	26.03	101.4	28.04	26.03	90.8	27.22	26.03	98.0	27.30	26.03	97.3
11/07/2018 10:43:04 AM	3614114584	1013.00	26.83	26.03	101.7	28.02	26.03	91.0	27.21	26.03	98.1	27.31	26.03	97.2
11/07/2018 10:43:05 AM	3614114585	1013.00	26.84	26.03	101.7	27.99	26.03	91.2	27.22	26.03	98.0	27.32	26.03	97.1
11/07/2018 10:43:06 AM	3614114586	1013.00	26.84	26.03	101.7	28.10	26.03	90.3	27.23	26.03	98.0	27.35	26.03	96.9
11/07/2018 10:43:07 AM	3614114587	1013.00	26.81	26.03	101.9	28.06	26.03	90.6	27.25	26.03	97.8	27.35	26.03	96.9
11/07/2018 10:43:08 AM	3614114588	1013.00	26.85	26.03	101.6	28.09	26.03	90.4	27.25	26.03	97.8	27.37	26.03	96.7
11/07/2018 10:43:09 AM	3614114589	1013.00	26.84	26.02	101.7	28.05	26.02	90.7	27.26	26.02	97.7	27.34	26.02	97.0
11/07/2018 10:43:10 AM	3614114590	1013.00	26.87	26.03	101.4	28.07	26.03	90.5	27.26	26.03	97.7	27.34	26.03	96.9
11/07/2018 10:43:11 AM	3614114591	1013.00	26.87	26.02	101.4	28.06	26.02	90.6	27.29	26.02	97.4	27.36	26.02	96.8
11/07/2018 10:43:12 AM	3614114592	1013.00	26.87	26.03	101.4	28.06	26.03	90.6	27.25	26.03	97.8	27.36	26.03	96.8
11/07/2018 10:43:13 AM	3614114593	1013.00	26.85	26.03	101.6	28.12	26.03	90.1	27.27	26.03	97.6	27.37	26.03	96.7
11/07/2018 10:43:14 AM	3614114594	1013.00	26.86	26.03	101.5	28.09	26.03	90.4	27.29	26.03	97.4	27.37	26.03	96.7
11/07/2018 10:43:15 AM	3614114595	1013.00	26.82	26.03	101.8	28.09	26.03	90.4	27.26	26.03	97.7	27.35	26.03	96.9
11/07/2018 10:43:16 AM	3614114596	1013.00	26.89	26.04	101.2	28.10	26.04	90.3	27.27	26.04	97.6	27.39	26.04	96.5
11/07/2018 10:43:17 AM	3614114597	1013.00	26.89	26.03	101.2	28.09	26.03	90.4	27.31	26.03	97.2	27.38	26.03	96.6
11/07/2018 10:43:18 AM	3614114598	1013.00	26.87	26.03	101.4	28.12	26.03	90.1	27.30	26.03	97.3	27.37	26.03	96.7
11/07/2018 10:43:19 AM	3614114599	1013.00	26.89	26.04	101.2	28.08	26.04	90.4	27.26	26.04	97.7	27.39	26.04	96.5
11/07/2018 10:43:20 AM	3614114600	1013.00	26.86	26.03	101.5	28.08	26.03	90.5	27.26	26.03	97.7	27.39	26.03	96.5
11/07/2018 10:43:21 AM	3614114601	1013.00	26.84	26.03	101.7	28.08	26.03	90.5	27.31	26.03	97.2	27.39	26.03	96.5
11/07/2018 10:43:22 AM	3614114602	1013.00	26.86	26.03	101.5	28.09	26.03	90.4	27.30	26.03	97.3	27.39	26.03	96.5
11/07/2018 10:43:23 AM	3614114603	1013.00	26.89	26.04	101.2	28.07	26.04	90.5	27.29	26.04	97.4	27.40	26.04	96.4
11/07/2018 10:43:24 AM	3614114604	1013.00	26.82	26.03	101.8	28.11	26.03	90.2	27.29	26.03	97.4	27.44	26.03	96.0
11/07/2018 10:43:25 AM	3614114605	1013.00	26.86	26.03	101.5	28.15	26.03	89.9	27.28	26.03	97.5	27.42	26.03	96.2
11/07/2018 10:43:26 AM	3614114606	1013.00	26.86	26.03	101.5	28.10	26.03	90.3	27.30	26.03	97.3	27.41	26.03	96.3
11/07/2018 10:43:27 AM	3614114607	1013.00	26.87	26.03	101.4	28.13	26.03	90.0	27.31	26.03	97.2	27.41	26.03	96.3
11/07/2018 10:43:28 AM	3614114608	1013.00	26.86	26.02	101.5	28.11	26.02	90.2	27.30	26.02	97.3	27.42	26.02	96.2
11/07/2018 10:43:29 AM	3614114609	1013.00	26.84	26.02	101.7	28.16	26.02	89.8	27.27	26.02	97.6	27.44	26.02	96.1
11/07/2018 10:43:30 AM	3614114610	1013.00	26.85	26.03	101.6	28.15	26.03	89.9	27.33	26.03	97.0	27.43	26.03	96.1
11/07/2018 10:43:31 AM	3614114611	1013.00	26.89	26.02	101.2	28.13	26.02	90.1	27.33	26.02	97.1	27.40	26.02	96.4
11/07/2018 10:43:32 AM	3614114612	1013.00	26.87	26.02	101.4	28.13	26.02	90.1	27.32	26.02	97.1	27.43	26.02	96.1
11/07/2018 10:43:33 AM	3614114613	1013.00	26.88	26.02	101.3	28.17	26.02	89.7	27.30	26.02	97.3	27.45	26.02	96.0
11/07/2018 10:43:34 AM	3614114614	1013.00	26.89	26.02	101.2	28.16	26.02	89.8	27.32	26.02	97.1	27.42	26.02	96.2
11/07/2018 10:43:35 AM	3614114615	1013.00	26.90	26.02	101.1	28.16	26.02	89.8	27.33	26.02	97.1	27.44	26.02	96.1
11/07/2018 10:43:36 AM	3614114616	1013.00	26.88	26.02	101.3	28.17	26.02	89.7	27.33	26.02	97.1	27.45	26.02	96.0
11/07/2018 10:43:37 AM	3614114617	1013.00	26.89	26.02	101.2	28.17	26.02	89.7	27.36	26.02	96.8	27.43	26.02	96.1
11/07/2018 10:43:38 AM	3614114618	1013.00	26.87	26.03	101.4	28.17	26.03	89.7	27.33	26.03	97.0	27.44	26.03	96.0
11/07/2018 10:43:39 AM	3614114619	1013.00	26.89	26.03	101.2	28.16	26.03	89.8	27.32	26.03	97.1	27.44	26.03	96.0
11/07/2018 10:43:40 AM	3614114620	1013.00	26.88	26.04	101.2	28.08	26.04	90.4	27.35	26.04	96.8	27.45	26.04	95.9
11/07/2018 10:43:41 AM	3614114621	1013.00	26.90	26.04	101.1	28.20	26.04	89.4	27.34	26.04	96.9	27.46	26.04	95.8
11/07/2018 10:43:42 AM	3614114622	1013.00	26.86	26.03	101.5	28.19	26.03	89.5	27.35	26.03	96.9	27.47	26.03	95.8
11/07/2018 10:43:43 AM	3614114623	1013.00	26.86	26.03	101.5	28.15	26.03	89.9	27.35	26.03	96.9	27.47	26.03	95.8
11/07/2018 10:43:44 AM	3614114624	1013.00	26.87	26.03	101.4	28.18	26.03	89.6	27.34	26.03	96.9	27.47	26.03	95.8
11/07/2018 10:43:45 AM	3614114625	1013.00	26.93	26.03	100.8	28.17	26.03	89.7	27.34	26.03	96.9	27.51	26.03	95.4
11/07/2018 10:43:46 AM	3614114626	1013.00	26.87	26.03	101.4	28.22	26.03	89.3	27.34	26.03	96.9	27.47	26.03	95.8
11/07/2018 10:43:47 AM	3614114627	1013.00	26.87	26.03	101.4	28.19	26.03	89.5	27.38	26.03	96.6	27.50	26.03	95.5
11/07/2018 10:43:48 AM	3614114628	1013.00	26.88	26.03	101.3	28.19	26.03	89.5	27.35	26.03	96.9	27.51	26.03	95.4
11/07/2018 10:43:49 AM	3614114629	1013.00	26.91	26.03	101.0	28.20	26.03	89.5	27.39	26.03	96.5	27.51	26.03	95.4
11/07/2018 10:43:50 AM	3614114630	1013.00	26.92	26.03	100.9	28.26	26.03	89.0	27.38	26.03	96.6	27.50	26.03	95.5
11/07/2018 10:43:51 AM	3614114631	1013.00	26.91	26.03	101.0	28.18	26.03	89.6	27.36	26.03	96.8	27.49	26.03	95.6
11/07/2018 10:43:52 AM	3614114632	1013.00	26.91	26.03	101.0	28.21	26.03	89.4	27.35	26.03	96.9	27.50	26.03	95.5
11/07/2018 10:43:53 AM	3614114633	1013.00	26.92	26.03	100.9	28.22	26.03	89.3	27.40	26.03	96.4	27.50	26.03	95.5
11/07/2018 10:43:54 AM	3614114634	1013.00	26.92	26.03	100.9	28.22	26.03	89.3	27.37	26.03	96.7	27.53	26.03	95.2
11/07/2018 10:43:55 AM	3614114635	1013.00	26.91	26.03	101.0	28.20	26.03	89.5	27.37	26.03	96.7	27.52	26.03	95.3
11/07/2018 10:43:56 AM	3614114636	1013.00	26.95	26.03	100.6	28.23	26.03	89.2	27.38	26.03	96.6	27.54	26.03	95.1
11/07/2018 10:43:57 AM	3614114637	1013.00	26.93	26.03	100.8	28.21	26.03	89.4	27.39	26.03	96.5	27.52	26.03	95.3
11/07/2018 10:43:58 AM	3614114638	1013.00	26.89	26.03	101.2	28.23	26.03	89.2	27.36	26.03	96.8	27.53	26.03	95.2
11/07/2018 10:43:59 AM	3614114639	1013.00	26.92	26.03	100.9	28.24	26.03	89.1	27.39	26.03	96.5	27.52	26.03	95.3
11/07/2018 10:44:00 AM	3614114640	1013.00	26.94	26.02	100.7	28.27	26.02	88.9	27.37	26.02	96.7	27.53	26.02	95.2
11/07/2018 10:44:01 AM	3614114641	1013.00	26.88	26.02	101.3	28.26	26.02	89.0	27.40	26.02	96.4	27.53	26.02	95.2
11/07/2018 10:44:02 AM	3614114642	1013.00	26.99	26.02	100.2	28.30	26.02	88.7	27.35	26.02	96.9	27.54	26.02	95.2
11/07/2018 10:44:03 AM	3614114643	1013.00	26.92	26.03	100.9	28.27	26.03	88.9	27.38	26.03	96.6	27.53	26.03	95.2
11/07/2018 10:44:04 AM	3614114644	1013.00	26.96	26.02	100.5	28.27	26.02	88.9	27.37	26.02	96.7	27.56	26.02	95.0
11/07/2018 10:44:05 AM	3614114645	1013.00	26.93	26.03	100.8	28.28	26.03	88.8	27.40	26.03	96.4	27.55	26.03	95.0
11/07/2018 10:44:06 AM	3614114646	1013.00	26.95	26.03	100.6	28.32	26.03	88.5	27.41	26.03	96.3	27.57	26.03	94.9
11/07/2018 10:44:07 AM	3614114647	1013.00	26.95	26.03	100.6	28.27	26.03	88.9	27.39	26.03	96.5	27.57	26.03	94.9
11/07/2018 10:44:08 AM	3614114648	1013.00	26.91	26.02	101.0	28.31	26.02	88.6	27.39	26.02	96.5	27.60	26.02	94.6
11/07/2018 10:44:09 AM	3614114649	1013.00	26.92	26.02	100.9	28.30	26.02	88.7	27.36	26.02	96.8	27.57	26.02	94.9
11/07/2018 10:44:10 AM	3614114650	1013.00	26.94	26.03	100.7	28.32	26.03	88.5	27.41	26.03	96.3	27.57	26.03	94.9
11/07/2018 10:44:11 AM	3614114651	1013.00	26.91	26.03	101.0	28.33	26.03	88.4	27.40	26.03	96.4	27.59	26.03	94.7
11/07/2018 10:44:12 AM	3614114652	1013.00	26.92	26.04	100.9	28.27	26.04	88.9	27.41	26.04	96.3	27.60	26.04	94.6
11/07/2018 10:44:13 AM	3614114653	1013.00	26.91	26.04	101.0	28.27	26.04	88.9	27.41	26.04	96.3	27.59	26.04	94.7
11/07/2018 10:44:14 AM	3614114654	1013.00	26.92	26.04	100.9	28.34	26.04	88.3	27.39	26.04	96.5	27.61	26.04	94.5
11/07/2018 10:44:15 AM	3614114655	1013.00	26.93	26.03	100.8	28.35	26.03	88.2	27.39	26.03	96.5	27.59	26.03	94.7
11/07/2018 10:44:16 AM	3614114656	1013.00	26.92	26.03	100.9	28.33	26.03	88.4	27.42	26.03	96.2	27.60	26.03	94.6
11/07/2018 10:44:17 AM	3614114657	1013.00	26.94	26.03	100.7	28.33	26.03	88.4	27.40	26.03	96.4	27.62	26.03	94.4
11/07/2018 10:44:18 AM	3614114658	1013.00	26.96	26.03	100.5	28.38	26.03	88.0	27.41	26.03	96.3	27.61	26.03	94.5
11/07/2018 10:44:19 AM	3614114659	1013.00	26.92	26.03	100.9	28.37	26.03	88.1	27.40	26.03	96.4	27.63	26.03	94.3
11/07/2018 10:44:20 AM	3614114660	1013.00	26.95	26.04	100.6	28.36	26.04	88.1	27.42	26.04	96.2	27.64	26.04	94.2
11/07/2018 10:44:21 AM	3614114661	1013.00	26.94	26.04	100.7	28.41	26.04	87.7	27.39	26.04	96.5	27.64	26.04	94.2
11/07/2018 10:44:22 AM	3614114662	1013.00	26.94	26.04	100.7	28.40	26.04	87.8	27.41	26.04	96.3	27.60	26.04	94.6
11/07/2018 10:44:23 AM	3614114663	1013.00	26.97	26.04	100.4	28.33	26.04	88.4	27.42	26.04	96.2	27.65	26.04	94.1
11/07/2018 10:44:24 AM	3614114664	1013.00	26.95	26.03	100.6	28.31	26.03	88.6	27.43	26.03	96.1	27.64	26.03	94.2
11/07/2018 10:44:25 AM	3614114665	1013.00	26.96	26.03	100.5	28.41	26.03	87.7	27.40	26.03	96.4	27.63	26.03	94.3
11/07/2018 10:44:26 AM	3614114666	1013.00	26.98	26.03	100.3	28.42	26.03	87.7	27.44	26.03	96.0	27.65	26.03	94.2
11/07/2018 10:44:27 AM	3614114667	1013.00	27.01	26.04	100.0	28.40	26.04	87.8	27.43	26.04	96.1	27.63	26.04	94.3
11/07/2018 10:44:28 AM	3614114668	1013.00	26.96	26.04	100.5	28.42	26.04	87.6	27.41	26.04	96.3	27.63	26.04	94.3
11/07/2018 10:44:29 AM	3614114669	1013.00	26.94	26.04	100.7	28.39	26.04	87.9	27.41	26.04	96.3	27.62	26.04	94.4
11/07/2018 10:44:30 AM	3614114670	1013.00	26.96	26.03	100.5	28.43	26.03	87.6	27.42	26.03	96.2	27.64	26.03	94.2
11/07/2018 10:44:31 AM	3614114671	1013.00	26.93	26.03	100.8	28.41	26.03	87.7	27.44	26.03	96.0	27.64	26.03	94.2
11/07/2018 10:44:32 AM	3614114672	1013.00	26.96	26.03	100.5	28.46	26.03	87.3	27.44	26.03	96.0	27.63	26.03	94.3
11/07/2018 10:44:33 AM	3614114673	1013.00	27.00	26.03	100.1	28.42	26.03	87.7	27.42	26.03	96.2	27.67	26.03	94.0
11/07/2018 10:44:34 AM	3614114674	1013.00	26.91	26.04	101.0	28.44	26.04	87.5	27.43	26.04	96.1	27.65	26.04	94.1
11/07/2018 10:44:35 AM	3614114675	1013.00	26.99	26.04	100.2	28.45	26.04	87.4	27.44	26.04	96.0	27.70	26.04	93.7
11/07/2018 10:44:36 AM	3614114676	1013.00	26.99	26.04	100.2	28.43	26.04	87.6	27.43	26.04	96.1	27.67	26.04	94.0
11/07/2018 10:44:37 AM	3614114677	1013.00	26.97	26.04	100.4	28.47	26.04	87.2	27.46	26.04	95.8	27.70	26.04	93.7
11/07/2018 10:44:38 AM	3614114678	1013.00	27.00	26.04	100.1	28.47	26.04	87.2	27.45	26.04	95.9	27.68	26.04	93.9
11/07/2018 10:44:39 AM	3614114679	1013.00	27.02	26.03	99.9	28.50	26.03	87.0	27.43	26.03	96.1	27.71	26.03	93.6
11/07/2018 10:44:40 AM	3614114680	1013.00	26.97	26.03	100.4	28.47	26.03	87.3	27.48	26.03	95.7	27.67	26.03	94.0
11/07/2018 10:44:41 AM	3614114681	1013.00	26.98	26.03	100.3	28.49	26.03	87.1	27.43	26.03	96.1	27.70	26.03	93.7
11/07/2018 10:44:42 AM	3614114682	1013.00	26.97	26.03	100.4	28.46	26.03	87.3	27.46	26.03	95.9	27.69	26.03	93.8
11/07/2018 10:44:43 AM	3614114683	1013.00	26.96	26.03	100.5	28.48	26.03	87.2	27.44	26.03	96.0	27.69	26.03	93.8
11/07/2018 10:44:44 AM	3614114684	1013.00	26.97	26.03	100.4	28.51	26.03	86.9	27.47	26.03	95.8	27.71	26.03	93.6
11/07/2018 10:44:45 AM	3614114685	1013.00	26.99	26.03	100.2	28.49	26.03	87.1	27.46	26.03	95.9	27.75	26.03	93.3
11/07/2018 10:44:46 AM	3614114686	1013.00	27.00	26.03	100.1	28.48	26.03	87.2	27.45	26.03	95.9	27.72	26.03	93.5
11/07/2018 10:44:47 AM	3614114687	1013.00	26.99	26.03	100.2	28.50	26.03	87.0	27.47	26.03	95.8	27.73	26.03	93.5
11/07/2018 10:44:48 AM	3614114688	1013.00	26.96	26.03	100.5	28.51	26.03	86.9	27.46	26.03	95.9	27.71	26.03	93.6
11/07/2018 10:44:49 AM	3614114689	1013.00	26.96	26.03	100.5	28.55	26.03	86.6	27.49	26.03	95.6	27.73	26.03	93.5
11/07/2018 10:44:50 AM	3614114690	1013.00	27.01	26.03	100.0	28.56	26.03	86.5	27.48	26.03	95.7	27.73	26.03	93.5
11/07/2018 10:44:51 AM	3614114691	1013.00	27.00	26.03	100.1	28.46	26.03	87.3	27.48	26.03	95.7	27.72	26.03	93.5
11/07/2018 10:44:52 AM	3614114692	1013.00	26.99	26.03	100.2	28.52	26.03	86.9	27.47	26.03	95.8	27.75	26.03	93.3
11/07/2018 10:44:53 AM	3614114693	1013.00	27.00	26.03	100.1	28.56	26.03	86.5	27.49	26.03	95.6	27.73	26.03	93.5
11/07/2018 10:44:54 AM	3614114694	1013.00	26.99	26.03	100.2	28.53	26.03	86.8	27.49	26.03	95.6	27.75	26.03	93.3
11/07/2018 10:44:55 AM	3614114695	1013.00	26.99	26.03	100.2	28.52	26.03	86.9	27.48	26.03	95.7	27.73	26.03	93.5
11/07/2018 10:44:56 AM	3614114696	1013.00	26.99	26.03	100.2	28.47	26.03	87.3	27.48	26.03	95.7	27.74	26.03	93.4
11/07/2018 10:44:57 AM	3614114697	1013.00	27.00	26.03	100.1	28.54	26.03	86.7	27.45	26.03	95.9	27.73	26.03	93.5
11/07/2018 10:44:58 AM	3614114698	1013.00	27.00	26.04	100.1	28.56	26.04	86.5	27.48	26.04	95.7	27.72	26.04	93.5
11/07/2018 10:44:59 AM	3614114699	1013.00	27.01	26.03	100.0	28.56	26.03	86.5	27.47	26.03	95.8	27.77	26.03	93.1
11/07/2018 10:45:00 AM	3614114700	1013.00	27.02	26.04	99.9	28.54	26.04	86.7	27.47	26.04	95.7	27.76	26.04	93.2
11/07/2018 10:45:01 AM	3614114701	1013.00	27.01	26.04	100.0	28.61	26.04	86.1	27.45	26.04	95.9	27.76	26.04	93.2
11/07/2018 10:45:02 AM	3614114702	1013.00	26.96	26.04	100.5	28.60	26.04	86.2	27.45	26.04	95.9	27.76	26.04	93.2
11/07/2018 10:45:03 AM	3614114703	1013.00	26.97	26.03	100.4	28.57	26.03	86.5	27.45	26.03	95.9	27.75	26.03	93.3
11/07/2018 10:45:04 AM	3614114704	1013.00	26.97	26.04	100.4	28.58	26.04	86.4	27.46	26.04	95.8	27.77	26.04	93.1
11/07/2018 10:45:05 AM	3614114705	1013.00	27.00	26.04	100.1	28.56	26.04	86.5	27.47	26.04	95.7	27.76	26.04	93.2
11/07/2018 10:45:06 AM	3614114706	1013.00	27.03	26.04	99.8	28.59	26.04	86.3	27.48	26.04	95.7	27.74	26.04	93.4
11/07/2018 10:45:07 AM	3614114707	1013.00	26.99	26.04	100.2	28.62	26.04	86.0	27.48	26.04	95.7	27.78	26.04	93.0
11/07/2018 10:45:08 AM	3614114708	1013.00	27.02	26.04	99.9	28.58	26.04	86.4	27.45	26.04	95.9	27.76	26.04	93.2
11/07/2018 10:45:09 AM	3614114709	1013.00	26.97	26.04	100.4	28.59	26.04	86.3	27.47	26.04	95.7	27.76	26.04	93.2
11/07/2018 10:45:10 AM	3614114710	1013.00	27.03	26.04	99.8	28.60	26.04	86.2	27.50	26.04	95.5	27.77	26.04	93.1
11/07/2018 10:45:11 AM	3614114711	1013.00	27.05	26.03	99.6	28.62	26.03	86.1	27.47	26.03	95.8	27.76	26.03	93.2
11/07/2018 10:45:12 AM	3614114712	1013.00	27.05	26.04	99.6	28.60	26.04	86.2	27.47	26.04	95.7	27.78	26.04	93.0
11/07/2018 10:45:13 AM	3614114713	1013.00	27.04	26.04	99.7	28.57	26.04	86.4	27.46	26.04	95.8	27.79	26.04	92.9
11/07/2018 10:45:14 AM	3614114714	1013.00	27.04	26.04	99.7	28.58	26.04	86.4	27.47	26.04	95.7	27.80	26.04	92.8
11/07/2018 10:45:15 AM	3614114715	1013.00	27.04	26.04	99.7	28.66	26.04	85.7	27.48	26.04	95.7	27.82	26.04	92.7
