Date & time of file creation	4/07/2018 1:18 PM													
Data file path	C:\Users\ameli\Desktop\Diego Barneche\04_07_2018\26_C_old_witrox_21.txt													
														
														
CALIBRATION DATA														
Parameter/Channel	N moving average	LO phase [r.U.]	HI phase [r.U.]	LO oxygen [%air saturation]	HI oxygen [%air saturation]	LO temperature [°C]	HI temperature [°C]	Salinity [‰]						
S WOT 0041 000001   , CH 1	1	59.66	27.52	0.00	100.00	26.19	26.30	0.000						
S WOT 0041 000001   , CH 2	1	59.66	27.52	0.00	100.00	26.19	26.30	0.000						
S WOT 0041 000001   , CH 3	1	59.66	27.52	0.00	100.00	26.19	26.30	0.000						
S WOT 0041 000001   , CH 4	1	59.66	27.52	0.00	100.00	26.19	26.30	0.000						
														
														
Date &Time [DD-MM-YYYY HH:MM:SS]	Time stamp code	Barometric pressure [hPa]	S WOT 0041 000001   , CH 1 phase [r.U.]	S WOT 0041 000001   , CH 1 temp [°C]	S WOT 0041 000001   , CH 1 O2 [% air saturation]	S WOT 0041 000001   , CH 2 phase [r.U.]	S WOT 0041 000001   , CH 2 temp [°C]	S WOT 0041 000001   , CH 2 O2 [% air saturation]	S WOT 0041 000001   , CH 3 phase [r.U.]	S WOT 0041 000001   , CH 3 temp [°C]	S WOT 0041 000001   , CH 3 O2 [% air saturation]	S WOT 0041 000001   , CH 4 phase [r.U.]	S WOT 0041 000001   , CH 4 temp [°C]	S WOT 0041 000001   , CH 4 O2 [% air saturation]
4/07/2018 1:19:33 PM	3613519173	1013.00	27.19	26.36	103.1	27.06	26.36	104.3	26.86	26.36	106.3	NaN	26.36	NaN
4/07/2018 1:19:34 PM	3613519174	1013.00	27.21	26.36	102.9	27.05	26.36	104.4	26.91	26.36	105.8	NaN	26.36	NaN
4/07/2018 1:19:35 PM	3613519175	1013.00	27.19	26.36	103.1	27.06	26.36	104.3	26.86	26.36	106.3	NaN	26.36	NaN
4/07/2018 1:19:36 PM	3613519176	1013.00	27.18	26.37	103.1	27.04	26.37	104.5	26.86	26.37	106.3	NaN	26.37	NaN
4/07/2018 1:19:37 PM	3613519177	1013.00	27.19	26.36	103.1	27.04	26.36	104.5	26.88	26.36	106.1	NaN	26.36	NaN
4/07/2018 1:19:38 PM	3613519178	1013.00	27.18	26.36	103.1	27.09	26.36	104.0	26.87	26.36	106.2	NaN	26.36	NaN
4/07/2018 1:19:39 PM	3613519179	1013.00	27.20	26.36	103.0	27.02	26.36	104.7	26.88	26.36	106.1	NaN	26.36	NaN
4/07/2018 1:19:40 PM	3613519180	1013.00	27.18	26.36	103.1	27.07	26.36	104.2	26.88	26.36	106.1	NaN	26.36	NaN
4/07/2018 1:19:41 PM	3613519181	1013.00	27.19	26.36	103.1	27.07	26.36	104.2	26.86	26.36	106.3	NaN	26.36	NaN
4/07/2018 1:19:42 PM	3613519182	1013.00	27.19	26.37	103.0	27.03	26.37	104.6	26.86	26.37	106.3	NaN	26.37	NaN
4/07/2018 1:19:43 PM	3613519183	1013.00	27.16	26.37	103.3	27.10	26.37	103.9	26.90	26.37	105.9	NaN	26.37	NaN
4/07/2018 1:19:44 PM	3613519184	1013.00	27.17	26.37	103.2	27.02	26.37	104.7	26.88	26.37	106.1	NaN	26.37	NaN
4/07/2018 1:19:45 PM	3613519185	1013.00	27.18	26.37	103.1	27.03	26.37	104.6	26.89	26.37	106.0	NaN	26.37	NaN
4/07/2018 1:19:46 PM	3613519186	1013.00	27.20	26.37	102.9	27.07	26.37	104.2	26.86	26.37	106.3	NaN	26.37	NaN
4/07/2018 1:19:47 PM	3613519187	1013.00	27.18	26.36	103.1	27.05	26.36	104.4	26.88	26.36	106.1	NaN	26.36	NaN
4/07/2018 1:19:48 PM	3613519188	1013.00	27.18	26.36	103.1	27.05	26.36	104.4	26.86	26.36	106.3	NaN	26.36	NaN
4/07/2018 1:19:49 PM	3613519189	1013.00	27.20	26.36	103.0	27.03	26.36	104.6	26.92	26.36	105.7	NaN	26.36	NaN
4/07/2018 1:19:50 PM	3613519190	1013.00	27.18	26.37	103.1	27.06	26.37	104.3	26.91	26.37	105.8	NaN	26.37	NaN
4/07/2018 1:19:51 PM	3613519191	1013.00	27.17	26.36	103.2	27.02	26.36	104.7	26.86	26.36	106.3	NaN	26.36	NaN
4/07/2018 1:19:52 PM	3613519192	1013.00	27.19	26.37	103.0	27.04	26.37	104.5	26.88	26.37	106.1	NaN	26.37	NaN
4/07/2018 1:19:53 PM	3613519193	1013.00	27.17	26.37	103.2	27.04	26.37	104.5	26.89	26.37	106.0	NaN	26.37	NaN
4/07/2018 1:19:54 PM	3613519194	1013.00	27.20	26.37	102.9	27.05	26.37	104.4	26.84	26.37	106.5	NaN	26.37	NaN
4/07/2018 1:19:55 PM	3613519195	1013.00	27.18	26.37	103.1	27.04	26.37	104.5	26.85	26.37	106.4	NaN	26.37	NaN
4/07/2018 1:19:56 PM	3613519196	1013.00	27.19	26.37	103.0	27.06	26.37	104.3	26.86	26.37	106.3	NaN	26.37	NaN
4/07/2018 1:19:57 PM	3613519197	1013.00	27.21	26.37	102.8	27.08	26.37	104.1	26.93	26.37	105.6	NaN	26.37	NaN
4/07/2018 1:19:58 PM	3613519198	1013.00	27.20	26.37	102.9	27.06	26.37	104.3	26.85	26.37	106.4	NaN	26.37	NaN
4/07/2018 1:19:59 PM	3613519199	1013.00	27.17	26.37	103.2	27.03	26.37	104.6	26.89	26.37	106.0	NaN	26.37	NaN
4/07/2018 1:20:00 PM	3613519200	1013.00	27.19	26.36	103.1	27.09	26.36	104.0	26.87	26.36	106.2	NaN	26.36	NaN
4/07/2018 1:20:01 PM	3613519201	1013.00	27.21	26.37	102.8	27.03	26.37	104.6	26.93	26.37	105.6	NaN	26.37	NaN
4/07/2018 1:20:02 PM	3613519202	1013.00	27.18	26.37	103.1	27.05	26.37	104.4	26.91	26.37	105.8	NaN	26.37	NaN
4/07/2018 1:20:03 PM	3613519203	1013.00	27.18	26.37	103.1	27.06	26.37	104.3	26.88	26.37	106.1	NaN	26.37	NaN
4/07/2018 1:20:04 PM	3613519204	1013.00	27.17	26.38	103.2	27.02	26.38	104.7	26.84	26.38	106.5	NaN	26.38	NaN
4/07/2018 1:20:05 PM	3613519205	1013.00	27.17	26.38	103.2	27.04	26.38	104.5	26.87	26.38	106.2	NaN	26.38	NaN
4/07/2018 1:20:06 PM	3613519206	1013.00	27.18	26.38	103.1	27.03	26.38	104.6	26.89	26.38	106.0	NaN	26.38	NaN
4/07/2018 1:20:07 PM	3613519207	1013.00	27.19	26.38	103.0	27.06	26.38	104.3	26.87	26.38	106.2	NaN	26.38	NaN
4/07/2018 1:20:08 PM	3613519208	1013.00	27.18	26.38	103.1	27.08	26.38	104.1	26.92	26.38	105.7	NaN	26.38	NaN
4/07/2018 1:20:09 PM	3613519209	1013.00	27.18	26.38	103.1	27.06	26.38	104.3	26.84	26.38	106.5	NaN	26.38	NaN
4/07/2018 1:20:10 PM	3613519210	1013.00	27.19	26.38	103.0	27.07	26.38	104.2	26.86	26.38	106.3	NaN	26.38	NaN
4/07/2018 1:20:11 PM	3613519211	1013.00	27.18	26.38	103.1	27.07	26.38	104.2	26.92	26.38	105.7	NaN	26.38	NaN
4/07/2018 1:20:12 PM	3613519212	1013.00	27.18	26.39	103.1	27.05	26.39	104.4	26.83	26.39	106.6	NaN	26.39	NaN
4/07/2018 1:20:13 PM	3613519213	1013.00	27.17	26.39	103.2	27.05	26.39	104.4	26.88	26.39	106.1	NaN	26.39	NaN
4/07/2018 1:20:14 PM	3613519214	1013.00	27.19	26.39	103.0	27.07	26.39	104.2	26.87	26.39	106.2	NaN	26.39	NaN
4/07/2018 1:20:15 PM	3613519215	1013.00	27.20	26.40	102.9	27.06	26.40	104.3	26.85	26.40	106.4	NaN	26.40	NaN
4/07/2018 1:20:16 PM	3613519216	1013.00	27.18	26.40	103.1	27.07	26.40	104.2	26.91	26.40	105.8	NaN	26.40	NaN
4/07/2018 1:20:17 PM	3613519217	1013.00	27.20	26.39	102.9	27.05	26.39	104.4	26.86	26.39	106.3	NaN	26.39	NaN
4/07/2018 1:20:18 PM	3613519218	1013.00	27.21	26.39	102.8	27.04	26.39	104.5	26.87	26.39	106.2	NaN	26.39	NaN
4/07/2018 1:20:19 PM	3613519219	1013.00	27.18	26.37	103.1	27.07	26.37	104.2	26.88	26.37	106.1	NaN	26.37	NaN
4/07/2018 1:20:20 PM	3613519220	1013.00	27.18	26.38	103.1	27.05	26.38	104.4	26.90	26.38	105.9	NaN	26.38	NaN
4/07/2018 1:20:21 PM	3613519221	1013.00	27.20	26.38	102.9	27.04	26.38	104.5	26.88	26.38	106.1	NaN	26.38	NaN
4/07/2018 1:20:22 PM	3613519222	1013.00	27.21	26.38	102.8	27.03	26.38	104.6	26.91	26.38	105.8	NaN	26.38	NaN
4/07/2018 1:20:23 PM	3613519223	1013.00	27.21	26.38	102.8	27.08	26.38	104.1	26.87	26.38	106.2	NaN	26.38	NaN
4/07/2018 1:20:24 PM	3613519224	1013.00	27.22	26.39	102.7	27.05	26.39	104.4	26.86	26.39	106.3	NaN	26.39	NaN
4/07/2018 1:20:25 PM	3613519225	1013.00	27.20	26.39	102.9	27.07	26.39	104.2	26.89	26.39	106.0	NaN	26.39	NaN
4/07/2018 1:20:26 PM	3613519226	1013.00	27.17	26.39	103.2	27.07	26.39	104.2	26.91	26.39	105.8	NaN	26.39	NaN
4/07/2018 1:20:27 PM	3613519227	1013.00	27.21	26.38	102.8	27.05	26.38	104.4	26.88	26.38	106.1	NaN	26.38	NaN
4/07/2018 1:20:28 PM	3613519228	1013.00	27.16	26.38	103.3	27.06	26.38	104.3	26.90	26.38	105.9	NaN	26.38	NaN
4/07/2018 1:20:29 PM	3613519229	1013.00	27.20	26.38	102.9	27.06	26.38	104.3	26.89	26.38	106.0	NaN	26.38	NaN
4/07/2018 1:20:30 PM	3613519230	1013.00	27.21	26.38	102.8	27.10	26.38	103.9	26.91	26.38	105.8	NaN	26.38	NaN
4/07/2018 1:20:31 PM	3613519231	1013.00	27.17	26.39	103.2	27.03	26.39	104.6	26.90	26.39	105.9	NaN	26.39	NaN
4/07/2018 1:20:32 PM	3613519232	1013.00	27.18	26.40	103.1	27.07	26.40	104.2	26.92	26.40	105.7	NaN	26.40	NaN
4/07/2018 1:20:33 PM	3613519233	1013.00	27.20	26.40	102.9	27.06	26.40	104.3	26.85	26.40	106.4	NaN	26.40	NaN
4/07/2018 1:20:34 PM	3613519234	1013.00	27.20	26.40	102.9	27.04	26.40	104.5	26.91	26.40	105.8	NaN	26.40	NaN
4/07/2018 1:20:35 PM	3613519235	1013.00	27.20	26.40	102.9	27.09	26.40	104.0	26.92	26.40	105.7	NaN	26.40	NaN
4/07/2018 1:20:36 PM	3613519236	1013.00	27.17	26.38	103.2	27.06	26.38	104.3	26.85	26.38	106.4	NaN	26.38	NaN
4/07/2018 1:20:37 PM	3613519237	1013.00	27.22	26.39	102.7	27.08	26.39	104.1	26.90	26.39	105.9	NaN	26.39	NaN
4/07/2018 1:20:38 PM	3613519238	1013.00	27.19	26.39	103.0	27.04	26.39	104.5	26.89	26.39	106.0	NaN	26.39	NaN
4/07/2018 1:20:39 PM	3613519239	1013.00	27.21	26.39	102.8	27.06	26.39	104.3	26.91	26.39	105.8	NaN	26.39	NaN
4/07/2018 1:20:40 PM	3613519240	1013.00	27.19	26.38	103.0	27.06	26.38	104.3	26.92	26.38	105.7	NaN	26.38	NaN
4/07/2018 1:20:41 PM	3613519241	1013.00	27.20	26.39	102.9	27.08	26.39	104.1	26.88	26.39	106.1	NaN	26.39	NaN
4/07/2018 1:20:42 PM	3613519242	1013.00	27.19	26.40	103.0	27.08	26.40	104.1	26.90	26.40	105.9	NaN	26.40	NaN
4/07/2018 1:20:43 PM	3613519243	1013.00	27.19	26.40	103.0	27.08	26.40	104.1	26.91	26.40	105.8	NaN	26.40	NaN
4/07/2018 1:20:44 PM	3613519244	1013.00	27.23	26.40	102.6	27.07	26.40	104.2	26.92	26.40	105.7	NaN	26.40	NaN
4/07/2018 1:20:45 PM	3613519245	1013.00	27.19	26.41	103.0	27.07	26.41	104.1	26.90	26.41	105.8	NaN	26.41	NaN
4/07/2018 1:20:46 PM	3613519246	1013.00	27.21	26.40	102.8	27.07	26.40	104.2	26.92	26.40	105.7	NaN	26.40	NaN
4/07/2018 1:20:47 PM	3613519247	1013.00	27.18	26.41	103.1	27.08	26.41	104.0	26.92	26.41	105.6	NaN	26.41	NaN
4/07/2018 1:20:48 PM	3613519248	1013.00	27.21	26.41	102.8	27.06	26.41	104.2	26.85	26.41	106.3	NaN	26.41	NaN
4/07/2018 1:20:49 PM	3613519249	1013.00	27.20	26.41	102.9	27.10	26.41	103.8	26.93	26.41	105.5	NaN	26.41	NaN
4/07/2018 1:20:50 PM	3613519250	1013.00	27.21	26.42	102.7	27.09	26.42	103.9	26.91	26.42	105.7	NaN	26.42	NaN
4/07/2018 1:20:51 PM	3613519251	1013.00	27.20	26.42	102.8	27.06	26.42	104.2	26.92	26.42	105.6	NaN	26.42	NaN
4/07/2018 1:20:52 PM	3613519252	1013.00	27.21	26.42	102.7	27.05	26.42	104.3	26.88	26.42	106.0	NaN	26.42	NaN
4/07/2018 1:20:53 PM	3613519253	1013.00	27.20	26.42	102.8	27.07	26.42	104.1	26.91	26.42	105.7	NaN	26.42	NaN
4/07/2018 1:20:54 PM	3613519254	1013.00	27.18	26.41	103.1	27.04	26.41	104.4	26.89	26.41	105.9	NaN	26.41	NaN
4/07/2018 1:20:55 PM	3613519255	1013.00	27.20	26.41	102.9	27.09	26.41	103.9	26.89	26.41	105.9	NaN	26.41	NaN
4/07/2018 1:20:56 PM	3613519256	1013.00	27.21	26.41	102.8	27.08	26.41	104.0	26.91	26.41	105.7	NaN	26.41	NaN
4/07/2018 1:20:57 PM	3613519257	1013.00	27.20	26.40	102.9	27.06	26.40	104.3	26.89	26.40	106.0	NaN	26.40	NaN
4/07/2018 1:20:58 PM	3613519258	1013.00	27.20	26.40	102.9	27.03	26.40	104.6	26.84	26.40	106.5	NaN	26.40	NaN
4/07/2018 1:20:59 PM	3613519259	1013.00	27.18	26.41	103.1	27.09	26.41	103.9	26.88	26.41	106.0	NaN	26.41	NaN
4/07/2018 1:21:00 PM	3613519260	1013.00	27.21	26.40	102.8	27.09	26.40	104.0	26.92	26.40	105.7	NaN	26.40	NaN
4/07/2018 1:21:01 PM	3613519261	1013.00	27.17	26.39	103.2	27.05	26.39	104.4	26.94	26.39	105.5	NaN	26.39	NaN
4/07/2018 1:21:02 PM	3613519262	1013.00	27.18	26.40	103.1	27.09	26.40	104.0	26.90	26.40	105.9	NaN	26.40	NaN
4/07/2018 1:21:03 PM	3613519263	1013.00	27.23	26.40	102.6	27.11	26.40	103.8	26.92	26.40	105.7	NaN	26.40	NaN
4/07/2018 1:21:04 PM	3613519264	1013.00	27.20	26.41	102.9	27.09	26.41	103.9	26.91	26.41	105.7	NaN	26.41	NaN
4/07/2018 1:21:05 PM	3613519265	1013.00	27.18	26.41	103.1	27.06	26.41	104.2	26.86	26.41	106.2	NaN	26.41	NaN
4/07/2018 1:21:06 PM	3613519266	1013.00	27.23	26.42	102.6	27.11	26.42	103.7	26.97	26.42	105.1	NaN	26.42	NaN
4/07/2018 1:21:07 PM	3613519267	1013.00	27.22	26.42	102.7	27.11	26.42	103.7	26.92	26.42	105.6	NaN	26.42	NaN
4/07/2018 1:21:08 PM	3613519268	1013.00	27.18	26.41	103.1	27.10	26.41	103.8	26.93	26.41	105.5	NaN	26.41	NaN
4/07/2018 1:21:09 PM	3613519269	1013.00	27.20	26.41	102.9	27.07	26.41	104.1	26.89	26.41	105.9	NaN	26.41	NaN
4/07/2018 1:21:10 PM	3613519270	1013.00	27.20	26.41	102.9	27.06	26.41	104.2	26.91	26.41	105.7	NaN	26.41	NaN
4/07/2018 1:21:11 PM	3613519271	1013.00	27.22	26.41	102.7	27.04	26.41	104.4	26.91	26.41	105.7	NaN	26.41	NaN
4/07/2018 1:21:12 PM	3613519272	1013.00	27.19	26.40	103.0	27.08	26.40	104.1	26.95	26.40	105.4	NaN	26.40	NaN
4/07/2018 1:21:13 PM	3613519273	1013.00	27.23	26.40	102.6	27.09	26.40	104.0	26.90	26.40	105.9	NaN	26.40	NaN
4/07/2018 1:21:14 PM	3613519274	1013.00	27.21	26.40	102.8	27.08	26.40	104.1	26.92	26.40	105.7	NaN	26.40	NaN
4/07/2018 1:21:15 PM	3613519275	1013.00	27.21	26.41	102.8	27.08	26.41	104.0	26.93	26.41	105.5	NaN	26.41	NaN
4/07/2018 1:21:16 PM	3613519276	1013.00	27.23	26.41	102.6	27.08	26.41	104.0	26.91	26.41	105.7	NaN	26.41	NaN
4/07/2018 1:21:17 PM	3613519277	1013.00	27.21	26.42	102.7	27.08	26.42	104.0	26.88	26.42	106.0	NaN	26.42	NaN
4/07/2018 1:21:18 PM	3613519278	1013.00	27.22	26.42	102.7	27.08	26.42	104.0	26.85	26.42	106.3	NaN	26.42	NaN
4/07/2018 1:21:19 PM	3613519279	1013.00	27.22	26.42	102.7	27.09	26.42	103.9	26.88	26.42	106.0	NaN	26.42	NaN
4/07/2018 1:21:20 PM	3613519280	1013.00	27.25	26.42	102.4	27.09	26.42	103.9	26.87	26.42	106.1	NaN	26.42	NaN
4/07/2018 1:21:21 PM	3613519281	1013.00	27.21	26.42	102.7	27.08	26.42	104.0	26.89	26.42	105.9	NaN	26.42	NaN
4/07/2018 1:21:22 PM	3613519282	1013.00	27.21	26.42	102.7	27.09	26.42	103.9	26.92	26.42	105.6	NaN	26.42	NaN
4/07/2018 1:21:23 PM	3613519283	1013.00	27.21	26.42	102.7	27.07	26.42	104.1	26.89	26.42	105.9	NaN	26.42	NaN
4/07/2018 1:21:24 PM	3613519284	1013.00	27.21	26.42	102.7	27.07	26.42	104.1	26.93	26.42	105.5	NaN	26.42	NaN
4/07/2018 1:21:25 PM	3613519285	1013.00	27.19	26.41	103.0	27.07	26.41	104.1	26.90	26.41	105.8	NaN	26.41	NaN
4/07/2018 1:21:26 PM	3613519286	1013.00	27.23	26.41	102.6	27.05	26.41	104.3	26.91	26.41	105.7	NaN	26.41	NaN
4/07/2018 1:21:27 PM	3613519287	1013.00	27.21	26.41	102.8	27.10	26.41	103.8	26.86	26.41	106.2	NaN	26.41	NaN
4/07/2018 1:21:28 PM	3613519288	1013.00	27.21	26.42	102.7	27.07	26.42	104.1	26.90	26.42	105.8	NaN	26.42	NaN
4/07/2018 1:21:29 PM	3613519289	1013.00	27.22	26.42	102.7	27.11	26.42	103.7	26.94	26.42	105.4	NaN	26.42	NaN
4/07/2018 1:21:30 PM	3613519290	1013.00	27.24	26.43	102.4	27.09	26.43	103.9	26.94	26.43	105.4	NaN	26.43	NaN
4/07/2018 1:21:31 PM	3613519291	1013.00	27.24	26.43	102.4	27.10	26.43	103.8	26.90	26.43	105.8	NaN	26.43	NaN
4/07/2018 1:21:32 PM	3613519292	1013.00	27.21	26.43	102.7	27.09	26.43	103.9	26.88	26.43	106.0	NaN	26.43	NaN
4/07/2018 1:21:33 PM	3613519293	1013.00	27.21	26.42	102.7	27.13	26.42	103.5	26.94	26.42	105.4	NaN	26.42	NaN
4/07/2018 1:21:34 PM	3613519294	1013.00	27.23	26.41	102.6	27.10	26.41	103.8	26.91	26.41	105.7	NaN	26.41	NaN
4/07/2018 1:21:35 PM	3613519295	1013.00	27.23	26.41	102.6	27.10	26.41	103.8	26.89	26.41	105.9	NaN	26.41	NaN
4/07/2018 1:21:36 PM	3613519296	1013.00	27.22	26.41	102.7	27.13	26.41	103.5	26.93	26.41	105.5	NaN	26.41	NaN
4/07/2018 1:21:37 PM	3613519297	1013.00	27.22	26.41	102.7	27.11	26.41	103.7	26.94	26.41	105.4	NaN	26.41	NaN
4/07/2018 1:21:38 PM	3613519298	1013.00	27.22	26.41	102.7	27.11	26.41	103.7	26.90	26.41	105.8	NaN	26.41	NaN
4/07/2018 1:21:39 PM	3613519299	1013.00	27.25	26.41	102.4	27.10	26.41	103.8	26.87	26.41	106.1	NaN	26.41	NaN
4/07/2018 1:21:40 PM	3613519300	1013.00	27.22	26.41	102.7	27.10	26.41	103.8	26.87	26.41	106.1	NaN	26.41	NaN
4/07/2018 1:21:41 PM	3613519301	1013.00	27.22	26.42	102.7	27.11	26.42	103.7	26.92	26.42	105.6	NaN	26.42	NaN
4/07/2018 1:21:42 PM	3613519302	1013.00	27.23	26.42	102.6	27.09	26.42	103.9	26.94	26.42	105.4	NaN	26.42	NaN
4/07/2018 1:21:43 PM	3613519303	1013.00	27.26	26.42	102.3	27.12	26.42	103.6	26.92	26.42	105.6	NaN	26.42	NaN
4/07/2018 1:21:44 PM	3613519304	1013.00	27.19	26.42	102.9	27.10	26.42	103.8	26.90	26.42	105.8	NaN	26.42	NaN
4/07/2018 1:21:45 PM	3613519305	1013.00	27.24	26.43	102.4	27.12	26.43	103.6	26.90	26.43	105.8	NaN	26.43	NaN
4/07/2018 1:21:46 PM	3613519306	1013.00	27.24	26.43	102.4	27.07	26.43	104.1	26.92	26.43	105.6	NaN	26.43	NaN
4/07/2018 1:21:47 PM	3613519307	1013.00	27.24	26.43	102.4	27.10	26.43	103.8	26.92	26.43	105.6	NaN	26.43	NaN
4/07/2018 1:21:48 PM	3613519308	1013.00	27.25	26.42	102.4	27.13	26.42	103.5	26.91	26.42	105.7	NaN	26.42	NaN
4/07/2018 1:21:49 PM	3613519309	1013.00	27.25	26.42	102.4	27.10	26.42	103.8	26.97	26.42	105.1	NaN	26.42	NaN
4/07/2018 1:21:50 PM	3613519310	1013.00	27.24	26.41	102.5	27.10	26.41	103.8	26.88	26.41	106.0	NaN	26.41	NaN
4/07/2018 1:21:51 PM	3613519311	1013.00	27.25	26.41	102.4	27.13	26.41	103.5	26.90	26.41	105.8	NaN	26.41	NaN
4/07/2018 1:21:52 PM	3613519312	1013.00	27.25	26.41	102.4	27.11	26.41	103.7	26.90	26.41	105.8	NaN	26.41	NaN
4/07/2018 1:21:53 PM	3613519313	1013.00	27.25	26.42	102.4	27.06	26.42	104.2	26.96	26.42	105.2	NaN	26.42	NaN
4/07/2018 1:21:54 PM	3613519314	1013.00	27.27	26.42	102.2	27.10	26.42	103.8	26.94	26.42	105.4	NaN	26.42	NaN
4/07/2018 1:21:55 PM	3613519315	1013.00	27.26	26.42	102.3	27.10	26.42	103.8	26.91	26.42	105.7	NaN	26.42	NaN
4/07/2018 1:21:56 PM	3613519316	1013.00	27.27	26.42	102.2	27.12	26.42	103.6	26.90	26.42	105.8	NaN	26.42	NaN
4/07/2018 1:21:57 PM	3613519317	1013.00	27.24	26.43	102.4	27.14	26.43	103.4	26.92	26.43	105.6	NaN	26.43	NaN
4/07/2018 1:21:58 PM	3613519318	1013.00	27.25	26.42	102.4	27.11	26.42	103.7	26.92	26.42	105.6	NaN	26.42	NaN
4/07/2018 1:21:59 PM	3613519319	1013.00	27.25	26.43	102.3	27.12	26.43	103.6	26.93	26.43	105.5	NaN	26.43	NaN
4/07/2018 1:22:00 PM	3613519320	1013.00	27.29	26.43	102.0	27.11	26.43	103.7	26.87	26.43	106.1	NaN	26.43	NaN
4/07/2018 1:22:01 PM	3613519321	1013.00	27.29	26.42	102.0	27.10	26.42	103.8	26.95	26.42	105.3	NaN	26.42	NaN
4/07/2018 1:22:02 PM	3613519322	1013.00	27.26	26.42	102.3	27.08	26.42	104.0	26.90	26.42	105.8	NaN	26.42	NaN
4/07/2018 1:22:03 PM	3613519323	1013.00	27.25	26.42	102.4	27.15	26.42	103.3	26.89	26.42	105.9	NaN	26.42	NaN
4/07/2018 1:22:04 PM	3613519324	1013.00	27.26	26.42	102.3	27.11	26.42	103.7	26.90	26.42	105.8	NaN	26.42	NaN
4/07/2018 1:22:05 PM	3613519325	1013.00	27.28	26.42	102.1	27.11	26.42	103.7	26.90	26.42	105.8	NaN	26.42	NaN
4/07/2018 1:22:06 PM	3613519326	1013.00	27.26	26.42	102.3	27.09	26.42	103.9	26.94	26.42	105.4	NaN	26.42	NaN
4/07/2018 1:22:07 PM	3613519327	1013.00	27.26	26.42	102.3	27.10	26.42	103.8	26.90	26.42	105.8	NaN	26.42	NaN
4/07/2018 1:22:08 PM	3613519328	1013.00	27.28	26.42	102.1	27.12	26.42	103.6	26.88	26.42	106.0	NaN	26.42	NaN
4/07/2018 1:22:09 PM	3613519329	1013.00	27.25	26.41	102.4	27.11	26.41	103.7	26.92	26.41	105.6	NaN	26.41	NaN
4/07/2018 1:22:10 PM	3613519330	1013.00	27.25	26.42	102.4	27.11	26.42	103.7	26.93	26.42	105.5	NaN	26.42	NaN
4/07/2018 1:22:11 PM	3613519331	1013.00	27.27	26.42	102.2	27.14	26.42	103.4	26.93	26.42	105.5	NaN	26.42	NaN
4/07/2018 1:22:12 PM	3613519332	1013.00	27.25	26.42	102.4	27.11	26.42	103.7	26.98	26.42	105.0	NaN	26.42	NaN
4/07/2018 1:22:13 PM	3613519333	1013.00	27.26	26.42	102.3	27.13	26.42	103.5	26.90	26.42	105.8	NaN	26.42	NaN
4/07/2018 1:22:14 PM	3613519334	1013.00	27.28	26.42	102.1	27.12	26.42	103.6	26.93	26.42	105.5	NaN	26.42	NaN
4/07/2018 1:22:15 PM	3613519335	1013.00	27.28	26.41	102.1	27.09	26.41	103.9	26.91	26.41	105.7	NaN	26.41	NaN
4/07/2018 1:22:16 PM	3613519336	1013.00	27.28	26.41	102.1	27.12	26.41	103.6	26.93	26.41	105.5	NaN	26.41	NaN
4/07/2018 1:22:17 PM	3613519337	1013.00	27.27	26.41	102.2	27.15	26.41	103.4	26.86	26.41	106.2	NaN	26.41	NaN
4/07/2018 1:22:18 PM	3613519338	1013.00	27.30	26.41	101.9	27.15	26.41	103.4	26.92	26.41	105.6	NaN	26.41	NaN
4/07/2018 1:22:19 PM	3613519339	1013.00	27.28	26.42	102.1	27.14	26.42	103.4	26.93	26.42	105.5	NaN	26.42	NaN
4/07/2018 1:22:20 PM	3613519340	1013.00	27.28	26.42	102.1	27.12	26.42	103.6	26.88	26.42	106.0	NaN	26.42	NaN
4/07/2018 1:22:21 PM	3613519341	1013.00	27.26	26.41	102.3	27.12	26.41	103.6	26.94	26.41	105.4	NaN	26.41	NaN
4/07/2018 1:22:22 PM	3613519342	1013.00	27.27	26.42	102.2	27.15	26.42	103.3	26.91	26.42	105.7	NaN	26.42	NaN
4/07/2018 1:22:23 PM	3613519343	1013.00	27.26	26.42	102.3	27.14	26.42	103.4	26.93	26.42	105.5	NaN	26.42	NaN
4/07/2018 1:22:24 PM	3613519344	1013.00	27.28	26.41	102.1	27.11	26.41	103.7	26.90	26.41	105.8	NaN	26.41	NaN
4/07/2018 1:22:25 PM	3613519345	1013.00	27.27	26.41	102.2	27.15	26.41	103.4	26.92	26.41	105.6	NaN	26.41	NaN
4/07/2018 1:22:26 PM	3613519346	1013.00	27.28	26.42	102.1	27.13	26.42	103.5	26.93	26.42	105.5	NaN	26.42	NaN
4/07/2018 1:22:27 PM	3613519347	1013.00	27.30	26.43	101.9	27.14	26.43	103.4	26.93	26.43	105.5	NaN	26.43	NaN
4/07/2018 1:22:28 PM	3613519348	1013.00	27.31	26.42	101.8	27.16	26.42	103.2	26.94	26.42	105.4	NaN	26.42	NaN
4/07/2018 1:22:29 PM	3613519349	1013.00	27.27	26.42	102.2	27.14	26.42	103.4	26.93	26.42	105.5	NaN	26.42	NaN
4/07/2018 1:22:30 PM	3613519350	1013.00	27.30	26.42	101.9	27.14	26.42	103.4	26.93	26.42	105.5	NaN	26.42	NaN
4/07/2018 1:22:31 PM	3613519351	1013.00	27.28	26.40	102.1	27.12	26.40	103.7	26.91	26.40	105.8	NaN	26.40	NaN
4/07/2018 1:22:32 PM	3613519352	1013.00	27.30	26.40	101.9	27.16	26.40	103.3	26.89	26.40	106.0	NaN	26.40	NaN
4/07/2018 1:22:33 PM	3613519353	1013.00	27.30	26.41	101.9	27.17	26.41	103.2	26.93	26.41	105.5	NaN	26.41	NaN
4/07/2018 1:22:34 PM	3613519354	1013.00	27.31	26.41	101.8	27.17	26.41	103.2	26.90	26.41	105.8	NaN	26.41	NaN
4/07/2018 1:22:35 PM	3613519355	1013.00	27.28	26.41	102.1	27.15	26.41	103.4	26.89	26.41	105.9	NaN	26.41	NaN
4/07/2018 1:22:36 PM	3613519356	1013.00	27.28	26.40	102.1	27.17	26.40	103.2	26.91	26.40	105.8	NaN	26.40	NaN
4/07/2018 1:22:37 PM	3613519357	1013.00	27.29	26.40	102.0	27.13	26.40	103.6	26.90	26.40	105.9	NaN	26.40	NaN
4/07/2018 1:22:38 PM	3613519358	1013.00	27.29	26.40	102.0	27.16	26.40	103.3	26.92	26.40	105.7	NaN	26.40	NaN
4/07/2018 1:22:39 PM	3613519359	1013.00	27.28	26.40	102.1	27.16	26.40	103.3	26.93	26.40	105.6	NaN	26.40	NaN
4/07/2018 1:22:40 PM	3613519360	1013.00	27.27	26.40	102.2	27.15	26.40	103.4	26.93	26.40	105.6	NaN	26.40	NaN
4/07/2018 1:22:41 PM	3613519361	1013.00	27.28	26.41	102.1	27.16	26.41	103.3	26.90	26.41	105.8	NaN	26.41	NaN
4/07/2018 1:22:42 PM	3613519362	1013.00	27.31	26.40	101.8	27.13	26.40	103.6	26.92	26.40	105.7	NaN	26.40	NaN
4/07/2018 1:22:43 PM	3613519363	1013.00	27.30	26.40	101.9	27.13	26.40	103.6	26.91	26.40	105.8	NaN	26.40	NaN
4/07/2018 1:22:44 PM	3613519364	1013.00	27.33	26.41	101.6	27.17	26.41	103.2	26.90	26.41	105.8	NaN	26.41	NaN
4/07/2018 1:22:45 PM	3613519365	1013.00	27.31	26.41	101.8	27.15	26.41	103.4	26.91	26.41	105.7	NaN	26.41	NaN
4/07/2018 1:22:46 PM	3613519366	1013.00	27.30	26.40	101.9	27.18	26.40	103.1	26.89	26.40	106.0	NaN	26.40	NaN
4/07/2018 1:22:47 PM	3613519367	1013.00	27.33	26.40	101.6	27.16	26.40	103.3	26.94	26.40	105.5	NaN	26.40	NaN
4/07/2018 1:22:48 PM	3613519368	1013.00	27.29	26.40	102.0	27.20	26.40	102.9	26.90	26.40	105.9	NaN	26.40	NaN
4/07/2018 1:22:49 PM	3613519369	1013.00	27.30	26.39	101.9	27.19	26.39	103.0	26.88	26.39	106.1	NaN	26.39	NaN
4/07/2018 1:22:50 PM	3613519370	1013.00	27.34	26.39	101.5	27.15	26.39	103.4	26.94	26.39	105.5	NaN	26.39	NaN
4/07/2018 1:22:51 PM	3613519371	1013.00	27.31	26.39	101.8	27.15	26.39	103.4	26.93	26.39	105.6	NaN	26.39	NaN
4/07/2018 1:22:52 PM	3613519372	1013.00	27.28	26.39	102.1	27.18	26.39	103.1	26.92	26.39	105.7	NaN	26.39	NaN
4/07/2018 1:22:53 PM	3613519373	1013.00	27.32	26.38	101.8	27.17	26.38	103.2	26.90	26.38	105.9	NaN	26.38	NaN
4/07/2018 1:22:54 PM	3613519374	1013.00	27.31	26.38	101.9	27.18	26.38	103.1	26.94	26.38	105.5	NaN	26.38	NaN
4/07/2018 1:22:55 PM	3613519375	1013.00	27.31	26.38	101.9	27.21	26.38	102.8	26.92	26.38	105.7	NaN	26.38	NaN
4/07/2018 1:22:56 PM	3613519376	1013.00	27.31	26.38	101.9	27.19	26.38	103.0	26.97	26.38	105.2	NaN	26.38	NaN
4/07/2018 1:22:57 PM	3613519377	1013.00	27.31	26.38	101.9	27.16	26.38	103.3	26.95	26.38	105.4	NaN	26.38	NaN
4/07/2018 1:22:58 PM	3613519378	1013.00	27.33	26.38	101.7	27.19	26.38	103.0	26.92	26.38	105.7	NaN	26.38	NaN
4/07/2018 1:22:59 PM	3613519379	1013.00	27.31	26.39	101.8	27.20	26.39	102.9	26.94	26.39	105.5	NaN	26.39	NaN
4/07/2018 1:23:00 PM	3613519380	1013.00	27.35	26.39	101.5	27.18	26.39	103.1	26.99	26.39	105.0	NaN	26.39	NaN
4/07/2018 1:23:01 PM	3613519381	1013.00	27.35	26.39	101.5	27.19	26.39	103.0	26.92	26.39	105.7	NaN	26.39	NaN
4/07/2018 1:23:02 PM	3613519382	1013.00	27.29	26.39	102.0	27.18	26.39	103.1	26.95	26.39	105.4	NaN	26.39	NaN
4/07/2018 1:23:03 PM	3613519383	1013.00	27.33	26.39	101.6	27.19	26.39	103.0	26.91	26.39	105.8	NaN	26.39	NaN
4/07/2018 1:23:04 PM	3613519384	1013.00	27.32	26.39	101.7	27.18	26.39	103.1	26.92	26.39	105.7	NaN	26.39	NaN
4/07/2018 1:23:05 PM	3613519385	1013.00	27.36	26.40	101.3	27.19	26.40	103.0	26.88	26.40	106.1	NaN	26.40	NaN
4/07/2018 1:23:06 PM	3613519386	1013.00	27.32	26.40	101.7	27.18	26.40	103.1	26.90	26.40	105.9	NaN	26.40	NaN
4/07/2018 1:23:07 PM	3613519387	1013.00	27.35	26.39	101.5	27.19	26.39	103.0	26.90	26.39	105.9	NaN	26.39	NaN
4/07/2018 1:23:08 PM	3613519388	1013.00	27.32	26.40	101.7	27.19	26.40	103.0	26.92	26.40	105.7	NaN	26.40	NaN
4/07/2018 1:23:09 PM	3613519389	1013.00	27.34	26.40	101.5	27.19	26.40	103.0	26.94	26.40	105.5	NaN	26.40	NaN
4/07/2018 1:23:10 PM	3613519390	1013.00	27.32	26.39	101.7	27.18	26.39	103.1	26.92	26.39	105.7	NaN	26.39	NaN
4/07/2018 1:23:11 PM	3613519391	1013.00	27.36	26.39	101.4	27.20	26.39	102.9	26.91	26.39	105.8	NaN	26.39	NaN
4/07/2018 1:23:12 PM	3613519392	1013.00	27.38	26.39	101.2	27.22	26.39	102.7	26.95	26.39	105.4	NaN	26.39	NaN
4/07/2018 1:23:13 PM	3613519393	1013.00	27.35	26.39	101.5	27.21	26.39	102.8	26.93	26.39	105.6	NaN	26.39	NaN
4/07/2018 1:23:14 PM	3613519394	1013.00	27.35	26.38	101.5	27.22	26.38	102.7	26.90	26.38	105.9	NaN	26.38	NaN
4/07/2018 1:23:15 PM	3613519395	1013.00	27.34	26.38	101.6	27.19	26.38	103.0	26.92	26.38	105.7	NaN	26.38	NaN
4/07/2018 1:23:16 PM	3613519396	1013.00	27.38	26.37	101.2	27.17	26.37	103.2	26.92	26.37	105.7	NaN	26.37	NaN
4/07/2018 1:23:17 PM	3613519397	1013.00	27.37	26.37	101.3	27.23	26.37	102.6	26.91	26.37	105.8	NaN	26.37	NaN
4/07/2018 1:23:18 PM	3613519398	1013.00	27.37	26.37	101.3	27.23	26.37	102.6	26.96	26.37	105.3	NaN	26.37	NaN
4/07/2018 1:23:19 PM	3613519399	1013.00	27.35	26.38	101.5	27.20	26.38	102.9	26.86	26.38	106.3	NaN	26.38	NaN
4/07/2018 1:23:20 PM	3613519400	1013.00	27.34	26.38	101.6	27.21	26.38	102.8	26.91	26.38	105.8	NaN	26.38	NaN
4/07/2018 1:23:21 PM	3613519401	1013.00	27.34	26.39	101.5	27.21	26.39	102.8	26.89	26.39	106.0	NaN	26.39	NaN
4/07/2018 1:23:22 PM	3613519402	1013.00	27.36	26.39	101.4	27.21	26.39	102.8	26.98	26.39	105.1	NaN	26.39	NaN
4/07/2018 1:23:23 PM	3613519403	1013.00	27.36	26.39	101.4	27.20	26.39	102.9	26.94	26.39	105.5	NaN	26.39	NaN
4/07/2018 1:23:24 PM	3613519404	1013.00	27.37	26.39	101.3	27.23	26.39	102.6	26.91	26.39	105.8	NaN	26.39	NaN
4/07/2018 1:23:25 PM	3613519405	1013.00	27.37	26.39	101.3	27.20	26.39	102.9	26.97	26.39	105.2	NaN	26.39	NaN
4/07/2018 1:23:26 PM	3613519406	1013.00	27.39	26.38	101.1	27.18	26.38	103.1	26.94	26.38	105.5	NaN	26.38	NaN
4/07/2018 1:23:27 PM	3613519407	1013.00	27.37	26.36	101.3	27.20	26.36	103.0	26.99	26.36	105.0	NaN	26.36	NaN
4/07/2018 1:23:28 PM	3613519408	1013.00	27.38	26.37	101.2	27.23	26.37	102.6	26.97	26.37	105.2	NaN	26.37	NaN
4/07/2018 1:23:29 PM	3613519409	1013.00	27.35	26.36	101.5	27.22	26.36	102.8	26.93	26.36	105.6	NaN	26.36	NaN
4/07/2018 1:23:30 PM	3613519410	1013.00	27.39	26.37	101.1	27.18	26.37	103.1	26.92	26.37	105.7	NaN	26.37	NaN
4/07/2018 1:23:31 PM	3613519411	1013.00	27.39	26.38	101.1	27.24	26.38	102.5	26.95	26.38	105.4	NaN	26.38	NaN
4/07/2018 1:23:32 PM	3613519412	1013.00	27.38	26.39	101.2	27.22	26.39	102.7	26.96	26.39	105.3	NaN	26.39	NaN
4/07/2018 1:23:33 PM	3613519413	1013.00	27.39	26.39	101.1	27.20	26.39	102.9	26.92	26.39	105.7	NaN	26.39	NaN
4/07/2018 1:23:34 PM	3613519414	1013.00	27.37	26.39	101.3	27.22	26.39	102.7	26.90	26.39	105.9	NaN	26.39	NaN
4/07/2018 1:23:35 PM	3613519415	1013.00	27.40	26.39	101.0	27.21	26.39	102.8	26.95	26.39	105.4	NaN	26.39	NaN
4/07/2018 1:23:36 PM	3613519416	1013.00	27.41	26.38	100.9	27.21	26.38	102.8	26.92	26.38	105.7	NaN	26.38	NaN
4/07/2018 1:23:37 PM	3613519417	1013.00	27.42	26.39	100.8	27.21	26.39	102.8	26.90	26.39	105.9	NaN	26.39	NaN
4/07/2018 1:23:38 PM	3613519418	1013.00	27.39	26.39	101.1	27.25	26.39	102.4	26.93	26.39	105.6	NaN	26.39	NaN
4/07/2018 1:23:39 PM	3613519419	1013.00	27.41	26.38	100.9	27.24	26.38	102.5	26.91	26.38	105.8	NaN	26.38	NaN
4/07/2018 1:23:40 PM	3613519420	1013.00	27.38	26.37	101.2	27.24	26.37	102.5	26.91	26.37	105.8	NaN	26.37	NaN
4/07/2018 1:23:41 PM	3613519421	1013.00	27.41	26.37	100.9	27.22	26.37	102.7	26.93	26.37	105.6	NaN	26.37	NaN
4/07/2018 1:23:42 PM	3613519422	1013.00	27.42	26.37	100.8	27.22	26.37	102.7	26.95	26.37	105.4	NaN	26.37	NaN
4/07/2018 1:23:43 PM	3613519423	1013.00	27.41	26.37	100.9	27.24	26.37	102.5	26.94	26.37	105.5	NaN	26.37	NaN
4/07/2018 1:23:44 PM	3613519424	1013.00	27.41	26.38	100.9	27.25	26.38	102.4	26.93	26.38	105.6	NaN	26.38	NaN
4/07/2018 1:23:45 PM	3613519425	1013.00	27.40	26.39	101.0	27.25	26.39	102.4	26.97	26.39	105.2	NaN	26.39	NaN
4/07/2018 1:23:46 PM	3613519426	1013.00	27.42	26.39	100.8	27.24	26.39	102.5	26.90	26.39	105.9	NaN	26.39	NaN
4/07/2018 1:23:47 PM	3613519427	1013.00	27.42	26.39	100.8	27.21	26.39	102.8	26.98	26.39	105.1	NaN	26.39	NaN
4/07/2018 1:23:48 PM	3613519428	1013.00	27.43	26.39	100.7	27.24	26.39	102.5	26.95	26.39	105.4	NaN	26.39	NaN
4/07/2018 1:23:49 PM	3613519429	1013.00	27.42	26.39	100.8	27.25	26.39	102.4	26.96	26.39	105.3	NaN	26.39	NaN
4/07/2018 1:23:50 PM	3613519430	1013.00	27.43	26.39	100.7	27.23	26.39	102.6	26.95	26.39	105.4	NaN	26.39	NaN
4/07/2018 1:23:51 PM	3613519431	1013.00	27.43	26.38	100.7	27.28	26.38	102.1	26.97	26.38	105.2	NaN	26.38	NaN
4/07/2018 1:23:52 PM	3613519432	1013.00	27.43	26.38	100.7	27.25	26.38	102.4	26.97	26.38	105.2	NaN	26.38	NaN
4/07/2018 1:23:53 PM	3613519433	1013.00	27.45	26.38	100.5	27.24	26.38	102.5	26.97	26.38	105.2	NaN	26.38	NaN
4/07/2018 1:23:54 PM	3613519434	1013.00	27.44	26.38	100.6	27.23	26.38	102.6	26.94	26.38	105.5	NaN	26.38	NaN
4/07/2018 1:23:55 PM	3613519435	1013.00	27.41	26.37	100.9	27.25	26.37	102.5	26.91	26.37	105.8	NaN	26.37	NaN
4/07/2018 1:23:56 PM	3613519436	1013.00	27.47	26.37	100.3	27.25	26.37	102.5	26.91	26.37	105.8	NaN	26.37	NaN
4/07/2018 1:23:57 PM	3613519437	1013.00	27.44	26.38	100.6	27.26	26.38	102.3	26.93	26.38	105.6	NaN	26.38	NaN
4/07/2018 1:23:58 PM	3613519438	1013.00	27.43	26.38	100.7	27.25	26.38	102.4	26.99	26.38	105.0	NaN	26.38	NaN
4/07/2018 1:23:59 PM	3613519439	1013.00	27.45	26.37	100.5	27.28	26.37	102.2	26.97	26.37	105.2	NaN	26.37	NaN
4/07/2018 1:24:00 PM	3613519440	1013.00	27.44	26.38	100.6	27.23	26.38	102.6	26.91	26.38	105.8	NaN	26.38	NaN
4/07/2018 1:24:01 PM	3613519441	1013.00	27.48	26.38	100.2	27.25	26.38	102.4	26.94	26.38	105.5	NaN	26.38	NaN
4/07/2018 1:24:02 PM	3613519442	1013.00	27.44	26.37	100.6	27.24	26.37	102.5	26.95	26.37	105.4	NaN	26.37	NaN
4/07/2018 1:24:03 PM	3613519443	1013.00	27.48	26.38	100.2	27.24	26.38	102.5	26.92	26.38	105.7	NaN	26.38	NaN
4/07/2018 1:24:04 PM	3613519444	1013.00	27.45	26.39	100.5	27.28	26.39	102.1	26.94	26.39	105.5	NaN	26.39	NaN
4/07/2018 1:24:05 PM	3613519445	1013.00	27.47	26.39	100.3	27.25	26.39	102.4	26.94	26.39	105.5	NaN	26.39	NaN
4/07/2018 1:24:06 PM	3613519446	1013.00	27.47	26.39	100.3	27.25	26.39	102.4	26.93	26.39	105.6	NaN	26.39	NaN
4/07/2018 1:24:07 PM	3613519447	1013.00	27.46	26.39	100.4	27.24	26.39	102.5	26.93	26.39	105.6	NaN	26.39	NaN
4/07/2018 1:24:08 PM	3613519448	1013.00	27.46	26.39	100.4	27.26	26.39	102.3	26.93	26.39	105.6	NaN	26.39	NaN
4/07/2018 1:24:09 PM	3613519449	1013.00	27.45	26.38	100.5	27.27	26.38	102.2	26.96	26.38	105.3	NaN	26.38	NaN
4/07/2018 1:24:10 PM	3613519450	1013.00	27.48	26.37	100.3	27.25	26.37	102.5	26.96	26.37	105.3	NaN	26.37	NaN
4/07/2018 1:24:11 PM	3613519451	1013.00	27.45	26.36	100.6	27.27	26.36	102.3	26.95	26.36	105.4	NaN	26.36	NaN
4/07/2018 1:24:12 PM	3613519452	1013.00	27.50	26.36	100.1	27.27	26.36	102.3	26.95	26.36	105.4	NaN	26.36	NaN
4/07/2018 1:24:13 PM	3613519453	1013.00	27.46	26.36	100.5	27.26	26.36	102.4	26.96	26.36	105.3	NaN	26.36	NaN
4/07/2018 1:24:14 PM	3613519454	1013.00	27.48	26.37	100.3	27.31	26.37	101.9	26.95	26.37	105.4	NaN	26.37	NaN
4/07/2018 1:24:15 PM	3613519455	1013.00	27.49	26.37	100.2	27.25	26.37	102.5	26.95	26.37	105.4	NaN	26.37	NaN
4/07/2018 1:24:16 PM	3613519456	1013.00	27.50	26.38	100.0	27.29	26.38	102.0	26.94	26.38	105.5	NaN	26.38	NaN
4/07/2018 1:24:17 PM	3613519457	1013.00	27.44	26.39	100.6	27.28	26.39	102.1	26.94	26.39	105.5	NaN	26.39	NaN
4/07/2018 1:24:18 PM	3613519458	1013.00	27.47	26.39	100.3	27.29	26.39	102.0	26.96	26.39	105.3	NaN	26.39	NaN
4/07/2018 1:24:19 PM	3613519459	1013.00	27.48	26.39	100.2	27.28	26.39	102.1	26.92	26.39	105.7	NaN	26.39	NaN
4/07/2018 1:24:20 PM	3613519460	1013.00	27.47	26.39	100.3	27.31	26.39	101.8	26.93	26.39	105.6	NaN	26.39	NaN
4/07/2018 1:24:21 PM	3613519461	1013.00	27.49	26.38	100.1	27.29	26.38	102.0	26.89	26.38	106.0	NaN	26.38	NaN
4/07/2018 1:24:22 PM	3613519462	1013.00	27.48	26.37	100.3	27.25	26.37	102.5	26.97	26.37	105.2	NaN	26.37	NaN
4/07/2018 1:24:23 PM	3613519463	1013.00	27.49	26.37	100.2	27.27	26.37	102.3	26.97	26.37	105.2	NaN	26.37	NaN
4/07/2018 1:24:24 PM	3613519464	1013.00	27.48	26.37	100.3	27.25	26.37	102.5	26.92	26.37	105.7	NaN	26.37	NaN
4/07/2018 1:24:25 PM	3613519465	1013.00	27.52	26.37	99.9	27.28	26.37	102.2	26.94	26.37	105.5	NaN	26.37	NaN
4/07/2018 1:24:26 PM	3613519466	1013.00	27.50	26.37	100.1	27.29	26.37	102.1	26.90	26.37	105.9	NaN	26.37	NaN
4/07/2018 1:24:27 PM	3613519467	1013.00	27.48	26.37	100.3	27.33	26.37	101.7	26.95	26.37	105.4	NaN	26.37	NaN
4/07/2018 1:24:28 PM	3613519468	1013.00	27.50	26.38	100.0	27.31	26.38	101.9	26.90	26.38	105.9	NaN	26.38	NaN
4/07/2018 1:24:29 PM	3613519469	1013.00	27.49	26.38	100.1	27.30	26.38	101.9	26.93	26.38	105.6	NaN	26.38	NaN
4/07/2018 1:24:30 PM	3613519470	1013.00	27.50	26.38	100.0	27.26	26.38	102.3	26.98	26.38	105.1	NaN	26.38	NaN
4/07/2018 1:24:31 PM	3613519471	1013.00	27.51	26.39	99.9	27.27	26.39	102.2	26.95	26.39	105.4	NaN	26.39	NaN
4/07/2018 1:24:32 PM	3613519472	1013.00	27.52	26.38	99.9	27.33	26.38	101.7	26.97	26.38	105.2	NaN	26.38	NaN
4/07/2018 1:24:33 PM	3613519473	1013.00	27.49	26.38	100.1	27.28	26.38	102.1	26.94	26.38	105.5	NaN	26.38	NaN
4/07/2018 1:24:34 PM	3613519474	1013.00	27.52	26.38	99.9	27.30	26.38	101.9	26.94	26.38	105.5	NaN	26.38	NaN
4/07/2018 1:24:35 PM	3613519475	1013.00	27.53	26.37	99.8	27.30	26.37	102.0	26.98	26.37	105.1	NaN	26.37	NaN
4/07/2018 1:24:36 PM	3613519476	1013.00	27.52	26.36	99.9	27.31	26.36	101.9	26.94	26.36	105.5	NaN	26.36	NaN
4/07/2018 1:24:37 PM	3613519477	1013.00	27.54	26.36	99.7	27.31	26.36	101.9	26.94	26.36	105.5	NaN	26.36	NaN
4/07/2018 1:24:38 PM	3613519478	1013.00	27.53	26.36	99.8	27.34	26.36	101.6	26.97	26.36	105.2	NaN	26.36	NaN
4/07/2018 1:24:39 PM	3613519479	1013.00	27.53	26.36	99.8	27.31	26.36	101.9	26.93	26.36	105.6	NaN	26.36	NaN
4/07/2018 1:24:40 PM	3613519480	1013.00	27.55	26.36	99.6	27.29	26.36	102.1	26.94	26.36	105.5	NaN	26.36	NaN
4/07/2018 1:24:41 PM	3613519481	1013.00	27.52	26.37	99.9	27.34	26.37	101.6	26.95	26.37	105.4	NaN	26.37	NaN
4/07/2018 1:24:42 PM	3613519482	1013.00	27.55	26.37	99.6	27.32	26.37	101.8	26.96	26.37	105.3	NaN	26.37	NaN
4/07/2018 1:24:43 PM	3613519483	1013.00	27.52	26.37	99.9	27.31	26.37	101.9	26.95	26.37	105.4	NaN	26.37	NaN
4/07/2018 1:24:44 PM	3613519484	1013.00	27.53	26.37	99.8	27.33	26.37	101.7	26.93	26.37	105.6	NaN	26.37	NaN
4/07/2018 1:24:45 PM	3613519485	1013.00	27.58	26.37	99.3	27.34	26.37	101.6	26.94	26.37	105.5	NaN	26.37	NaN
4/07/2018 1:24:46 PM	3613519486	1013.00	27.56	26.37	99.5	27.33	26.37	101.7	26.95	26.37	105.4	NaN	26.37	NaN
4/07/2018 1:24:47 PM	3613519487	1013.00	27.54	26.38	99.7	27.36	26.38	101.4	26.94	26.38	105.5	NaN	26.38	NaN
4/07/2018 1:24:48 PM	3613519488	1013.00	27.57	26.38	99.4	27.29	26.38	102.0	26.92	26.38	105.7	NaN	26.38	NaN
4/07/2018 1:24:49 PM	3613519489	1013.00	27.58	26.38	99.3	27.32	26.38	101.8	26.93	26.38	105.6	NaN	26.38	NaN
4/07/2018 1:24:50 PM	3613519490	1013.00	27.54	26.38	99.7	27.31	26.38	101.9	26.92	26.38	105.7	NaN	26.38	NaN
4/07/2018 1:24:51 PM	3613519491	1013.00	27.56	26.38	99.5	27.31	26.38	101.9	26.98	26.38	105.1	NaN	26.38	NaN
4/07/2018 1:24:52 PM	3613519492	1013.00	27.53	26.37	99.8	27.32	26.37	101.8	26.99	26.37	105.0	NaN	26.37	NaN
4/07/2018 1:24:53 PM	3613519493	1013.00	27.58	26.37	99.3	27.34	26.37	101.6	26.96	26.37	105.3	NaN	26.37	NaN
4/07/2018 1:24:54 PM	3613519494	1013.00	27.57	26.38	99.4	27.33	26.38	101.7	26.93	26.38	105.6	NaN	26.38	NaN
4/07/2018 1:24:55 PM	3613519495	1013.00	27.62	26.38	98.9	27.34	26.38	101.6	26.95	26.38	105.4	NaN	26.38	NaN
4/07/2018 1:24:56 PM	3613519496	1013.00	27.59	26.37	99.2	27.35	26.37	101.5	26.94	26.37	105.5	NaN	26.37	NaN
4/07/2018 1:24:57 PM	3613519497	1013.00	27.57	26.36	99.4	27.34	26.36	101.6	26.93	26.36	105.6	NaN	26.36	NaN
4/07/2018 1:24:58 PM	3613519498	1013.00	27.58	26.36	99.3	27.33	26.36	101.7	26.94	26.36	105.5	NaN	26.36	NaN
4/07/2018 1:24:59 PM	3613519499	1013.00	27.57	26.36	99.4	27.36	26.36	101.4	26.93	26.36	105.6	NaN	26.36	NaN
4/07/2018 1:25:00 PM	3613519500	1013.00	27.58	26.36	99.3	27.33	26.36	101.7	26.99	26.36	105.0	NaN	26.36	NaN
4/07/2018 1:25:01 PM	3613519501	1013.00	27.60	26.36	99.1	27.34	26.36	101.6	26.96	26.36	105.3	NaN	26.36	NaN
4/07/2018 1:25:02 PM	3613519502	1013.00	27.58	26.37	99.3	27.34	26.37	101.6	26.99	26.37	105.0	NaN	26.37	NaN
4/07/2018 1:25:03 PM	3613519503	1013.00	27.58	26.37	99.3	27.33	26.37	101.7	26.98	26.37	105.1	NaN	26.37	NaN
4/07/2018 1:25:04 PM	3613519504	1013.00	27.58	26.36	99.3	27.38	26.36	101.2	26.96	26.36	105.3	NaN	26.36	NaN
4/07/2018 1:25:05 PM	3613519505	1013.00	27.57	26.35	99.4	27.36	26.35	101.4	26.95	26.35	105.4	NaN	26.35	NaN
4/07/2018 1:25:06 PM	3613519506	1013.00	27.60	26.36	99.1	27.36	26.36	101.4	26.98	26.36	105.1	NaN	26.36	NaN
4/07/2018 1:25:07 PM	3613519507	1013.00	27.58	26.36	99.3	27.34	26.36	101.6	26.93	26.36	105.6	NaN	26.36	NaN
4/07/2018 1:25:08 PM	3613519508	1013.00	27.58	26.35	99.4	27.35	26.35	101.5	26.97	26.35	105.2	NaN	26.35	NaN
4/07/2018 1:25:09 PM	3613519509	1013.00	27.60	26.36	99.1	27.34	26.36	101.6	26.99	26.36	105.0	NaN	26.36	NaN
4/07/2018 1:25:10 PM	3613519510	1013.00	27.57	26.37	99.4	27.33	26.37	101.7	26.97	26.37	105.2	NaN	26.37	NaN
4/07/2018 1:25:11 PM	3613519511	1013.00	27.61	26.37	99.0	27.37	26.37	101.3	26.99	26.37	105.0	NaN	26.37	NaN
4/07/2018 1:25:12 PM	3613519512	1013.00	27.60	26.37	99.1	27.33	26.37	101.7	26.99	26.37	105.0	NaN	26.37	NaN
4/07/2018 1:25:13 PM	3613519513	1013.00	27.59	26.38	99.2	27.33	26.38	101.7	26.97	26.38	105.2	NaN	26.38	NaN
4/07/2018 1:25:14 PM	3613519514	1013.00	27.61	26.37	99.0	27.42	26.37	100.8	26.98	26.37	105.1	NaN	26.37	NaN
4/07/2018 1:25:15 PM	3613519515	1013.00	27.63	26.37	98.9	27.38	26.37	101.2	26.95	26.37	105.4	NaN	26.37	NaN
4/07/2018 1:25:16 PM	3613519516	1013.00	27.62	26.36	99.0	27.37	26.36	101.3	26.93	26.36	105.6	NaN	26.36	NaN
4/07/2018 1:25:17 PM	3613519517	1013.00	27.60	26.36	99.1	27.35	26.36	101.5	26.97	26.36	105.2	NaN	26.36	NaN
4/07/2018 1:25:18 PM	3613519518	1013.00	27.61	26.36	99.1	27.38	26.36	101.2	26.93	26.36	105.6	NaN	26.36	NaN
4/07/2018 1:25:19 PM	3613519519	1013.00	27.62	26.36	99.0	27.36	26.36	101.4	26.97	26.36	105.2	NaN	26.36	NaN
4/07/2018 1:25:20 PM	3613519520	1013.00	27.60	26.36	99.1	27.37	26.36	101.3	26.94	26.36	105.5	NaN	26.36	NaN
4/07/2018 1:25:21 PM	3613519521	1013.00	27.61	26.36	99.1	27.36	26.36	101.4	26.98	26.36	105.1	NaN	26.36	NaN
4/07/2018 1:25:22 PM	3613519522	1013.00	27.62	26.36	99.0	27.37	26.36	101.3	27.00	26.36	104.9	NaN	26.36	NaN
4/07/2018 1:25:23 PM	3613519523	1013.00	27.61	26.37	99.0	27.38	26.37	101.2	26.94	26.37	105.5	NaN	26.37	NaN
4/07/2018 1:25:24 PM	3613519524	1013.00	27.63	26.36	98.9	27.38	26.36	101.2	26.90	26.36	105.9	NaN	26.36	NaN
4/07/2018 1:25:25 PM	3613519525	1013.00	27.63	26.36	98.9	27.37	26.36	101.3	26.91	26.36	105.8	NaN	26.36	NaN
4/07/2018 1:25:26 PM	3613519526	1013.00	27.63	26.37	98.9	27.36	26.37	101.4	26.96	26.37	105.3	NaN	26.37	NaN
4/07/2018 1:25:27 PM	3613519527	1013.00	27.65	26.37	98.7	27.37	26.37	101.3	26.97	26.37	105.2	NaN	26.37	NaN
4/07/2018 1:25:28 PM	3613519528	1013.00	27.65	26.37	98.7	27.38	26.37	101.2	26.93	26.37	105.6	NaN	26.37	NaN
4/07/2018 1:25:29 PM	3613519529	1013.00	27.64	26.38	98.7	27.38	26.38	101.2	26.95	26.38	105.4	NaN	26.38	NaN
4/07/2018 1:25:30 PM	3613519530	1013.00	27.66	26.38	98.6	27.39	26.38	101.1	27.00	26.38	104.9	NaN	26.38	NaN
4/07/2018 1:25:31 PM	3613519531	1013.00	27.66	26.38	98.6	27.42	26.38	100.8	26.94	26.38	105.5	NaN	26.38	NaN
4/07/2018 1:25:32 PM	3613519532	1013.00	27.65	26.38	98.6	27.40	26.38	101.0	26.96	26.38	105.3	NaN	26.38	NaN
4/07/2018 1:25:33 PM	3613519533	1013.00	27.66	26.38	98.6	27.37	26.38	101.3	27.00	26.38	104.9	NaN	26.38	NaN
4/07/2018 1:25:34 PM	3613519534	1013.00	27.63	26.37	98.9	27.41	26.37	100.9	26.95	26.37	105.4	NaN	26.37	NaN
4/07/2018 1:25:35 PM	3613519535	1013.00	27.65	26.37	98.7	27.38	26.37	101.2	26.99	26.37	105.0	NaN	26.37	NaN
4/07/2018 1:25:36 PM	3613519536	1013.00	27.66	26.37	98.6	27.40	26.37	101.0	26.98	26.37	105.1	NaN	26.37	NaN
4/07/2018 1:25:37 PM	3613519537	1013.00	27.66	26.37	98.6	27.43	26.37	100.7	26.93	26.37	105.6	NaN	26.37	NaN
4/07/2018 1:25:38 PM	3613519538	1013.00	27.65	26.37	98.7	27.39	26.37	101.1	26.93	26.37	105.6	NaN	26.37	NaN
4/07/2018 1:25:39 PM	3613519539	1013.00	27.67	26.37	98.5	27.39	26.37	101.1	26.95	26.37	105.4	NaN	26.37	NaN
4/07/2018 1:25:40 PM	3613519540	1013.00	27.68	26.37	98.4	27.40	26.37	101.0	26.95	26.37	105.4	NaN	26.37	NaN
4/07/2018 1:25:41 PM	3613519541	1013.00	27.67	26.37	98.5	27.43	26.37	100.7	26.96	26.37	105.3	NaN	26.37	NaN
4/07/2018 1:25:42 PM	3613519542	1013.00	27.64	26.37	98.8	27.39	26.37	101.1	26.95	26.37	105.4	NaN	26.37	NaN
4/07/2018 1:25:43 PM	3613519543	1013.00	27.67	26.37	98.5	27.39	26.37	101.1	26.97	26.37	105.2	NaN	26.37	NaN
4/07/2018 1:25:44 PM	3613519544	1013.00	27.68	26.37	98.4	27.41	26.37	100.9	27.00	26.37	104.9	NaN	26.37	NaN
4/07/2018 1:25:45 PM	3613519545	1013.00	27.69	26.36	98.3	27.42	26.36	100.8	26.96	26.36	105.3	NaN	26.36	NaN
4/07/2018 1:25:46 PM	3613519546	1013.00	27.67	26.36	98.5	27.38	26.36	101.2	26.95	26.36	105.4	NaN	26.36	NaN
4/07/2018 1:25:47 PM	3613519547	1013.00	27.68	26.35	98.4	27.42	26.35	100.9	26.94	26.35	105.5	NaN	26.35	NaN
4/07/2018 1:25:48 PM	3613519548	1013.00	27.68	26.36	98.4	27.43	26.36	100.7	26.96	26.36	105.3	NaN	26.36	NaN
4/07/2018 1:25:49 PM	3613519549	1013.00	27.68	26.36	98.4	27.43	26.36	100.7	26.98	26.36	105.1	NaN	26.36	NaN
4/07/2018 1:25:50 PM	3613519550	1013.00	27.63	26.36	98.9	27.40	26.36	101.0	26.95	26.36	105.4	NaN	26.36	NaN
4/07/2018 1:25:51 PM	3613519551	1013.00	27.67	26.37	98.5	27.41	26.37	100.9	26.98	26.37	105.1	NaN	26.37	NaN
4/07/2018 1:25:52 PM	3613519552	1013.00	27.69	26.37	98.3	27.41	26.37	100.9	26.95	26.37	105.4	NaN	26.37	NaN
4/07/2018 1:25:53 PM	3613519553	1013.00	27.70	26.35	98.2	27.42	26.35	100.9	26.96	26.35	105.3	NaN	26.35	NaN
4/07/2018 1:25:54 PM	3613519554	1013.00	27.69	26.36	98.3	27.43	26.36	100.7	26.98	26.36	105.1	NaN	26.36	NaN
4/07/2018 1:25:55 PM	3613519555	1013.00	27.68	26.37	98.4	27.43	26.37	100.7	26.99	26.37	105.0	NaN	26.37	NaN
4/07/2018 1:25:56 PM	3613519556	1013.00	27.69	26.37	98.3	27.42	26.37	100.8	26.96	26.37	105.3	NaN	26.37	NaN
4/07/2018 1:25:57 PM	3613519557	1013.00	27.70	26.37	98.2	27.43	26.37	100.7	26.99	26.37	105.0	NaN	26.37	NaN
4/07/2018 1:25:58 PM	3613519558	1013.00	27.71	26.38	98.1	27.44	26.38	100.6	26.97	26.38	105.2	NaN	26.38	NaN
4/07/2018 1:25:59 PM	3613519559	1013.00	27.73	26.38	97.9	27.41	26.38	100.9	26.98	26.38	105.1	NaN	26.38	NaN
4/07/2018 1:26:00 PM	3613519560	1013.00	27.73	26.37	97.9	27.44	26.37	100.6	26.95	26.37	105.4	NaN	26.37	NaN
4/07/2018 1:26:01 PM	3613519561	1013.00	27.70	26.37	98.2	27.44	26.37	100.6	26.99	26.37	105.0	NaN	26.37	NaN
4/07/2018 1:26:02 PM	3613519562	1013.00	27.68	26.37	98.4	27.41	26.37	100.9	26.97	26.37	105.2	NaN	26.37	NaN
4/07/2018 1:26:03 PM	3613519563	1013.00	27.70	26.36	98.2	27.41	26.36	100.9	26.97	26.36	105.2	NaN	26.36	NaN
4/07/2018 1:26:04 PM	3613519564	1013.00	27.70	26.36	98.2	27.44	26.36	100.6	26.99	26.36	105.0	NaN	26.36	NaN
4/07/2018 1:26:05 PM	3613519565	1013.00	27.71	26.37	98.1	27.42	26.37	100.8	26.98	26.37	105.1	NaN	26.37	NaN
4/07/2018 1:26:06 PM	3613519566	1013.00	27.71	26.36	98.1	27.38	26.36	101.2	27.00	26.36	104.9	NaN	26.36	NaN
4/07/2018 1:26:07 PM	3613519567	1013.00	27.69	26.36	98.3	27.43	26.36	100.7	26.96	26.36	105.3	NaN	26.36	NaN
4/07/2018 1:26:08 PM	3613519568	1013.00	27.72	26.37	98.0	27.43	26.37	100.7	27.01	26.37	104.8	NaN	26.37	NaN
4/07/2018 1:26:09 PM	3613519569	1013.00	27.71	26.38	98.1	27.43	26.38	100.7	26.95	26.38	105.4	NaN	26.38	NaN
4/07/2018 1:26:10 PM	3613519570	1013.00	27.70	26.38	98.2	27.42	26.38	100.8	26.96	26.38	105.3	NaN	26.38	NaN
4/07/2018 1:26:11 PM	3613519571	1013.00	27.74	26.38	97.8	27.43	26.38	100.7	26.95	26.38	105.4	NaN	26.38	NaN
4/07/2018 1:26:12 PM	3613519572	1013.00	27.71	26.38	98.1	27.43	26.38	100.7	26.94	26.38	105.5	NaN	26.38	NaN
4/07/2018 1:26:13 PM	3613519573	1013.00	27.70	26.37	98.2	27.45	26.37	100.5	26.93	26.37	105.6	NaN	26.37	NaN
4/07/2018 1:26:14 PM	3613519574	1013.00	27.71	26.37	98.1	27.44	26.37	100.6	26.96	26.37	105.3	NaN	26.37	NaN
4/07/2018 1:26:15 PM	3613519575	1013.00	27.72	26.36	98.0	27.45	26.36	100.6	26.94	26.36	105.5	NaN	26.36	NaN
4/07/2018 1:26:16 PM	3613519576	1013.00	27.73	26.36	97.9	27.45	26.36	100.6	26.94	26.36	105.5	NaN	26.36	NaN
4/07/2018 1:26:17 PM	3613519577	1013.00	27.75	26.36	97.8	27.46	26.36	100.5	26.95	26.36	105.4	NaN	26.36	NaN
4/07/2018 1:26:18 PM	3613519578	1013.00	27.76	26.36	97.7	27.47	26.36	100.4	26.93	26.36	105.6	NaN	26.36	NaN
4/07/2018 1:26:19 PM	3613519579	1013.00	27.73	26.37	97.9	27.47	26.37	100.3	26.95	26.37	105.4	NaN	26.37	NaN
4/07/2018 1:26:20 PM	3613519580	1013.00	27.74	26.37	97.8	27.47	26.37	100.3	26.97	26.37	105.2	NaN	26.37	NaN
4/07/2018 1:26:21 PM	3613519581	1013.00	27.73	26.37	97.9	27.45	26.37	100.5	27.04	26.37	104.5	NaN	26.37	NaN
4/07/2018 1:26:22 PM	3613519582	1013.00	27.75	26.37	97.7	27.48	26.37	100.3	26.96	26.37	105.3	NaN	26.37	NaN
4/07/2018 1:26:23 PM	3613519583	1013.00	27.76	26.36	97.7	27.44	26.36	100.6	26.97	26.36	105.2	NaN	26.36	NaN
4/07/2018 1:26:24 PM	3613519584	1013.00	27.73	26.35	98.0	27.44	26.35	100.7	26.97	26.35	105.2	NaN	26.35	NaN
4/07/2018 1:26:25 PM	3613519585	1013.00	27.76	26.35	97.7	27.48	26.35	100.3	26.98	26.35	105.1	NaN	26.35	NaN
4/07/2018 1:26:26 PM	3613519586	1013.00	27.73	26.36	97.9	27.44	26.36	100.6	26.99	26.36	105.0	NaN	26.36	NaN
4/07/2018 1:26:27 PM	3613519587	1013.00	27.74	26.35	97.9	27.45	26.35	100.6	26.96	26.35	105.3	NaN	26.35	NaN
4/07/2018 1:26:28 PM	3613519588	1013.00	27.75	26.35	97.8	27.49	26.35	100.2	26.97	26.35	105.2	NaN	26.35	NaN
4/07/2018 1:26:29 PM	3613519589	1013.00	27.75	26.36	97.8	27.47	26.36	100.4	26.94	26.36	105.5	NaN	26.36	NaN
4/07/2018 1:26:30 PM	3613519590	1013.00	27.76	26.36	97.7	27.44	26.36	100.6	26.97	26.36	105.2	NaN	26.36	NaN
4/07/2018 1:26:31 PM	3613519591	1013.00	27.76	26.36	97.7	27.45	26.36	100.6	26.96	26.36	105.3	NaN	26.36	NaN
4/07/2018 1:26:32 PM	3613519592	1013.00	27.74	26.36	97.9	27.46	26.36	100.5	27.02	26.36	104.7	NaN	26.36	NaN
4/07/2018 1:26:33 PM	3613519593	1013.00	27.77	26.37	97.6	27.44	26.37	100.6	27.01	26.37	104.8	NaN	26.37	NaN
4/07/2018 1:26:34 PM	3613519594	1013.00	27.77	26.37	97.6	27.44	26.37	100.6	26.96	26.37	105.3	NaN	26.37	NaN
4/07/2018 1:26:35 PM	3613519595	1013.00	27.75	26.36	97.8	27.49	26.36	100.2	26.97	26.36	105.2	NaN	26.36	NaN
4/07/2018 1:26:36 PM	3613519596	1013.00	27.77	26.37	97.6	27.46	26.37	100.4	26.96	26.37	105.3	NaN	26.37	NaN
4/07/2018 1:26:37 PM	3613519597	1013.00	27.76	26.37	97.7	27.48	26.37	100.3	26.92	26.37	105.7	NaN	26.37	NaN
4/07/2018 1:26:38 PM	3613519598	1013.00	27.79	26.38	97.4	27.45	26.38	100.5	26.98	26.38	105.1	NaN	26.38	NaN
4/07/2018 1:26:39 PM	3613519599	1013.00	27.77	26.37	97.6	27.46	26.37	100.4	26.96	26.37	105.3	NaN	26.37	NaN
4/07/2018 1:26:40 PM	3613519600	1013.00	27.75	26.37	97.7	27.46	26.37	100.4	26.96	26.37	105.3	NaN	26.37	NaN
4/07/2018 1:26:41 PM	3613519601	1013.00	27.77	26.37	97.6	27.48	26.37	100.3	26.97	26.37	105.2	NaN	26.37	NaN
4/07/2018 1:26:42 PM	3613519602	1013.00	27.79	26.37	97.4	27.46	26.37	100.4	26.97	26.37	105.2	NaN	26.37	NaN
4/07/2018 1:26:43 PM	3613519603	1013.00	27.79	26.36	97.4	27.52	26.36	99.9	26.94	26.36	105.5	NaN	26.36	NaN
4/07/2018 1:26:44 PM	3613519604	1013.00	27.78	26.36	97.5	27.47	26.36	100.4	26.96	26.36	105.3	NaN	26.36	NaN
4/07/2018 1:26:45 PM	3613519605	1013.00	27.78	26.37	97.5	27.50	26.37	100.1	26.97	26.37	105.2	NaN	26.37	NaN
4/07/2018 1:26:46 PM	3613519606	1013.00	27.79	26.37	97.4	27.49	26.37	100.2	26.93	26.37	105.6	NaN	26.37	NaN
4/07/2018 1:26:47 PM	3613519607	1013.00	27.79	26.36	97.4	27.49	26.36	100.2	26.97	26.36	105.2	NaN	26.36	NaN
4/07/2018 1:26:48 PM	3613519608	1013.00	27.78	26.37	97.5	27.48	26.37	100.3	26.97	26.37	105.2	NaN	26.37	NaN
4/07/2018 1:26:49 PM	3613519609	1013.00	27.81	26.37	97.2	27.51	26.37	100.0	27.00	26.37	104.9	NaN	26.37	NaN
4/07/2018 1:26:50 PM	3613519610	1013.00	27.79	26.36	97.4	27.51	26.36	100.0	26.91	26.36	105.8	NaN	26.36	NaN
4/07/2018 1:26:51 PM	3613519611	1013.00	27.78	26.36	97.5	27.52	26.36	99.9	26.93	26.36	105.6	NaN	26.36	NaN
4/07/2018 1:26:52 PM	3613519612	1013.00	27.78	26.37	97.5	27.52	26.37	99.9	26.96	26.37	105.3	NaN	26.37	NaN
4/07/2018 1:26:53 PM	3613519613	1013.00	27.77	26.35	97.6	27.51	26.35	100.0	27.00	26.35	104.9	NaN	26.35	NaN
4/07/2018 1:26:54 PM	3613519614	1013.00	27.81	26.35	97.2	27.51	26.35	100.0	26.93	26.35	105.6	NaN	26.35	NaN
4/07/2018 1:26:55 PM	3613519615	1013.00	27.79	26.35	97.4	27.49	26.35	100.2	26.99	26.35	105.0	NaN	26.35	NaN
4/07/2018 1:26:56 PM	3613519616	1013.00	27.79	26.35	97.4	27.50	26.35	100.1	26.96	26.35	105.3	NaN	26.35	NaN
4/07/2018 1:26:57 PM	3613519617	1013.00	27.81	26.36	97.2	27.51	26.36	100.0	26.99	26.36	105.0	NaN	26.36	NaN
4/07/2018 1:26:58 PM	3613519618	1013.00	27.80	26.36	97.3	27.54	26.36	99.7	27.00	26.36	104.9	NaN	26.36	NaN
4/07/2018 1:26:59 PM	3613519619	1013.00	27.82	26.36	97.1	27.51	26.36	100.0	26.98	26.36	105.1	NaN	26.36	NaN
4/07/2018 1:27:00 PM	3613519620	1013.00	27.81	26.37	97.2	27.48	26.37	100.3	26.98	26.37	105.1	NaN	26.37	NaN
4/07/2018 1:27:01 PM	3613519621	1013.00	27.83	26.36	97.0	27.51	26.36	100.0	26.95	26.36	105.4	NaN	26.36	NaN
4/07/2018 1:27:02 PM	3613519622	1013.00	27.79	26.35	97.4	27.50	26.35	100.1	27.00	26.35	104.9	NaN	26.35	NaN
4/07/2018 1:27:03 PM	3613519623	1013.00	27.85	26.35	96.9	27.51	26.35	100.0	27.00	26.35	104.9	NaN	26.35	NaN
4/07/2018 1:27:04 PM	3613519624	1013.00	27.82	26.35	97.1	27.52	26.35	99.9	26.94	26.35	105.5	NaN	26.35	NaN
4/07/2018 1:27:05 PM	3613519625	1013.00	27.82	26.34	97.2	27.51	26.34	100.0	26.96	26.34	105.4	NaN	26.34	NaN
4/07/2018 1:27:06 PM	3613519626	1013.00	27.84	26.35	97.0	27.53	26.35	99.8	26.97	26.35	105.2	NaN	26.35	NaN
4/07/2018 1:27:07 PM	3613519627	1013.00	27.82	26.35	97.1	27.52	26.35	99.9	26.93	26.35	105.6	NaN	26.35	NaN
4/07/2018 1:27:08 PM	3613519628	1013.00	27.82	26.35	97.1	27.56	26.35	99.5	26.94	26.35	105.5	NaN	26.35	NaN
4/07/2018 1:27:09 PM	3613519629	1013.00	27.82	26.35	97.1	27.54	26.35	99.7	26.96	26.35	105.3	NaN	26.35	NaN
4/07/2018 1:27:10 PM	3613519630	1013.00	27.83	26.35	97.1	27.54	26.35	99.7	26.95	26.35	105.4	NaN	26.35	NaN
4/07/2018 1:27:11 PM	3613519631	1013.00	27.81	26.34	97.3	27.53	26.34	99.8	26.91	26.34	105.9	NaN	26.34	NaN
4/07/2018 1:27:12 PM	3613519632	1013.00	27.84	26.34	97.0	27.53	26.34	99.8	26.94	26.34	105.6	NaN	26.34	NaN
4/07/2018 1:27:13 PM	3613519633	1013.00	27.84	26.33	97.0	27.54	26.33	99.8	26.97	26.33	105.3	NaN	26.33	NaN
4/07/2018 1:27:14 PM	3613519634	1013.00	27.85	26.34	96.9	27.54	26.34	99.7	26.99	26.34	105.1	NaN	26.34	NaN
4/07/2018 1:27:15 PM	3613519635	1013.00	27.84	26.34	97.0	27.52	26.34	99.9	27.02	26.34	104.8	NaN	26.34	NaN
4/07/2018 1:27:16 PM	3613519636	1013.00	27.84	26.34	97.0	27.51	26.34	100.0	26.95	26.34	105.5	NaN	26.34	NaN
4/07/2018 1:27:17 PM	3613519637	1013.00	27.89	26.35	96.5	27.53	26.35	99.8	26.99	26.35	105.0	NaN	26.35	NaN
4/07/2018 1:27:18 PM	3613519638	1013.00	27.83	26.36	97.0	27.54	26.36	99.7	26.98	26.36	105.1	NaN	26.36	NaN
4/07/2018 1:27:19 PM	3613519639	1013.00	27.85	26.36	96.9	27.56	26.36	99.5	26.96	26.36	105.3	NaN	26.36	NaN
4/07/2018 1:27:20 PM	3613519640	1013.00	27.85	26.35	96.9	27.57	26.35	99.4	26.96	26.35	105.3	NaN	26.35	NaN
4/07/2018 1:27:21 PM	3613519641	1013.00	27.88	26.35	96.6	27.58	26.35	99.4	26.95	26.35	105.4	NaN	26.35	NaN
4/07/2018 1:27:22 PM	3613519642	1013.00	27.88	26.36	96.6	27.55	26.36	99.6	26.96	26.36	105.3	NaN	26.36	NaN
4/07/2018 1:27:23 PM	3613519643	1013.00	27.87	26.36	96.7	27.55	26.36	99.6	26.99	26.36	105.0	NaN	26.36	NaN
4/07/2018 1:27:24 PM	3613519644	1013.00	27.86	26.35	96.8	27.54	26.35	99.7	26.99	26.35	105.0	NaN	26.35	NaN
4/07/2018 1:27:25 PM	3613519645	1013.00	27.87	26.36	96.7	27.55	26.36	99.6	26.93	26.36	105.6	NaN	26.36	NaN
4/07/2018 1:27:26 PM	3613519646	1013.00	27.90	26.36	96.4	27.51	26.36	100.0	27.00	26.36	104.9	NaN	26.36	NaN
4/07/2018 1:27:27 PM	3613519647	1013.00	27.88	26.35	96.6	27.54	26.35	99.7	26.98	26.35	105.1	NaN	26.35	NaN
4/07/2018 1:27:28 PM	3613519648	1013.00	27.88	26.36	96.6	27.56	26.36	99.5	26.97	26.36	105.2	NaN	26.36	NaN
4/07/2018 1:27:29 PM	3613519649	1013.00	27.87	26.36	96.7	27.53	26.36	99.8	26.97	26.36	105.2	NaN	26.36	NaN
4/07/2018 1:27:30 PM	3613519650	1013.00	27.90	26.36	96.4	27.53	26.36	99.8	26.98	26.36	105.1	NaN	26.36	NaN
4/07/2018 1:27:31 PM	3613519651	1013.00	27.89	26.36	96.5	27.55	26.36	99.6	26.97	26.36	105.2	NaN	26.36	NaN
4/07/2018 1:27:32 PM	3613519652	1013.00	27.88	26.36	96.6	27.54	26.36	99.7	26.99	26.36	105.0	NaN	26.36	NaN
4/07/2018 1:27:33 PM	3613519653	1013.00	27.88	26.35	96.6	27.55	26.35	99.6	26.96	26.35	105.3	NaN	26.35	NaN
4/07/2018 1:27:34 PM	3613519654	1013.00	27.88	26.34	96.6	27.54	26.34	99.7	27.01	26.34	104.9	NaN	26.34	NaN
4/07/2018 1:27:35 PM	3613519655	1013.00	27.89	26.35	96.5	27.58	26.35	99.4	26.97	26.35	105.2	NaN	26.35	NaN
4/07/2018 1:27:36 PM	3613519656	1013.00	27.90	26.36	96.4	27.55	26.36	99.6	26.99	26.36	105.0	NaN	26.36	NaN
4/07/2018 1:27:37 PM	3613519657	1013.00	27.94	26.35	96.1	27.58	26.35	99.4	26.98	26.35	105.1	NaN	26.35	NaN
4/07/2018 1:27:38 PM	3613519658	1013.00	27.92	26.35	96.2	27.57	26.35	99.4	26.97	26.35	105.2	NaN	26.35	NaN
4/07/2018 1:27:39 PM	3613519659	1013.00	27.91	26.35	96.3	27.57	26.35	99.4	26.97	26.35	105.2	NaN	26.35	NaN
4/07/2018 1:27:40 PM	3613519660	1013.00	27.90	26.34	96.4	27.58	26.34	99.4	26.94	26.34	105.6	NaN	26.34	NaN
4/07/2018 1:27:41 PM	3613519661	1013.00	27.93	26.34	96.2	27.57	26.34	99.5	26.97	26.34	105.3	NaN	26.34	NaN
4/07/2018 1:27:42 PM	3613519662	1013.00	27.93	26.35	96.2	27.56	26.35	99.5	26.96	26.35	105.3	NaN	26.35	NaN
4/07/2018 1:27:43 PM	3613519663	1013.00	27.94	26.34	96.1	27.57	26.34	99.5	26.95	26.34	105.5	NaN	26.34	NaN
4/07/2018 1:27:44 PM	3613519664	1013.00	27.93	26.35	96.2	27.59	26.35	99.3	26.97	26.35	105.2	NaN	26.35	NaN
4/07/2018 1:27:45 PM	3613519665	1013.00	27.92	26.35	96.2	27.59	26.35	99.3	26.93	26.35	105.6	NaN	26.35	NaN
4/07/2018 1:27:46 PM	3613519666	1013.00	27.94	26.35	96.1	27.58	26.35	99.4	26.97	26.35	105.2	NaN	26.35	NaN
4/07/2018 1:27:47 PM	3613519667	1013.00	27.95	26.35	96.0	27.61	26.35	99.1	27.03	26.35	104.6	NaN	26.35	NaN
4/07/2018 1:27:48 PM	3613519668	1013.00	27.92	26.35	96.2	27.58	26.35	99.4	26.98	26.35	105.1	NaN	26.35	NaN
4/07/2018 1:27:49 PM	3613519669	1013.00	27.94	26.34	96.1	27.61	26.34	99.1	27.00	26.34	105.0	NaN	26.34	NaN
4/07/2018 1:27:50 PM	3613519670	1013.00	27.95	26.35	96.0	28.17	26.35	94.0	26.95	26.35	105.4	NaN	26.35	NaN
4/07/2018 1:27:51 PM	3613519671	1013.00	27.93	26.35	96.2	27.62	26.35	99.0	26.94	26.35	105.5	NaN	26.35	NaN
4/07/2018 1:27:52 PM	3613519672	1013.00	27.95	26.34	96.0	27.59	26.34	99.3	26.98	26.34	105.2	NaN	26.34	NaN
4/07/2018 1:27:53 PM	3613519673	1013.00	27.95	26.35	96.0	27.60	26.35	99.2	26.98	26.35	105.1	NaN	26.35	NaN
4/07/2018 1:27:54 PM	3613519674	1013.00	27.97	26.35	95.8	27.58	26.35	99.4	26.99	26.35	105.0	NaN	26.35	NaN
4/07/2018 1:27:55 PM	3613519675	1013.00	27.97	26.35	95.8	27.61	26.35	99.1	26.99	26.35	105.0	NaN	26.35	NaN
4/07/2018 1:27:56 PM	3613519676	1013.00	27.94	26.35	96.1	27.62	26.35	99.0	26.98	26.35	105.1	NaN	26.35	NaN
4/07/2018 1:27:57 PM	3613519677	1013.00	27.95	26.35	96.0	27.62	26.35	99.0	26.96	26.35	105.3	NaN	26.35	NaN
4/07/2018 1:27:58 PM	3613519678	1013.00	27.97	26.34	95.8	27.65	26.34	98.7	27.03	26.34	104.7	NaN	26.34	NaN
4/07/2018 1:27:59 PM	3613519679	1013.00	27.98	26.34	95.7	27.63	26.34	98.9	26.99	26.34	105.1	NaN	26.34	NaN
4/07/2018 1:28:00 PM	3613519680	1013.00	27.96	26.34	95.9	27.62	26.34	99.0	26.98	26.34	105.2	NaN	26.34	NaN
4/07/2018 1:28:01 PM	3613519681	1013.00	27.98	26.34	95.7	27.64	26.34	98.8	26.93	26.34	105.7	NaN	26.34	NaN
4/07/2018 1:28:02 PM	3613519682	1013.00	27.98	26.34	95.7	27.64	26.34	98.8	26.98	26.34	105.2	NaN	26.34	NaN
4/07/2018 1:28:03 PM	3613519683	1013.00	28.00	26.33	95.6	27.62	26.33	99.0	26.97	26.33	105.3	NaN	26.33	NaN
4/07/2018 1:28:04 PM	3613519684	1013.00	28.00	26.33	95.6	27.61	26.33	99.1	26.96	26.33	105.4	NaN	26.33	NaN
4/07/2018 1:28:05 PM	3613519685	1013.00	28.01	26.32	95.5	27.61	26.32	99.1	26.96	26.32	105.4	NaN	26.32	NaN
4/07/2018 1:28:06 PM	3613519686	1013.00	28.04	26.33	95.2	27.66	26.33	98.6	26.98	26.33	105.2	NaN	26.33	NaN
4/07/2018 1:28:07 PM	3613519687	1013.00	28.02	26.33	95.4	27.63	26.33	98.9	26.98	26.33	105.2	NaN	26.33	NaN
4/07/2018 1:28:08 PM	3613519688	1013.00	28.03	26.33	95.3	27.62	26.33	99.0	26.93	26.33	105.7	NaN	26.33	NaN
4/07/2018 1:28:09 PM	3613519689	1013.00	28.02	26.33	95.4	27.65	26.33	98.7	27.00	26.33	105.0	NaN	26.33	NaN
4/07/2018 1:28:10 PM	3613519690	1013.00	28.03	26.33	95.3	27.65	26.33	98.7	27.00	26.33	105.0	NaN	26.33	NaN
4/07/2018 1:28:11 PM	3613519691	1013.00	28.06	26.33	95.0	27.61	26.33	99.1	27.00	26.33	105.0	NaN	26.33	NaN
4/07/2018 1:28:12 PM	3613519692	1013.00	28.06	26.33	95.0	27.64	26.33	98.8	26.97	26.33	105.3	NaN	26.33	NaN
4/07/2018 1:28:13 PM	3613519693	1013.00	28.07	26.33	94.9	27.62	26.33	99.0	26.98	26.33	105.2	NaN	26.33	NaN
4/07/2018 1:28:14 PM	3613519694	1013.00	28.06	26.34	95.0	27.61	26.34	99.1	26.99	26.34	105.1	NaN	26.34	NaN
4/07/2018 1:28:15 PM	3613519695	1013.00	28.02	26.34	95.4	27.64	26.34	98.8	27.01	26.34	104.9	NaN	26.34	NaN
4/07/2018 1:28:16 PM	3613519696	1013.00	28.08	26.34	94.8	27.63	26.34	98.9	27.02	26.34	104.8	NaN	26.34	NaN
4/07/2018 1:28:17 PM	3613519697	1013.00	28.09	26.34	94.8	27.64	26.34	98.8	26.99	26.34	105.1	NaN	26.34	NaN
4/07/2018 1:28:18 PM	3613519698	1013.00	28.07	26.35	94.9	27.63	26.35	98.9	26.97	26.35	105.2	NaN	26.35	NaN
4/07/2018 1:28:19 PM	3613519699	1013.00	28.07	26.34	94.9	27.66	26.34	98.6	26.98	26.34	105.2	NaN	26.34	NaN
4/07/2018 1:28:20 PM	3613519700	1013.00	28.06	26.34	95.0	27.65	26.34	98.7	26.98	26.34	105.2	NaN	26.34	NaN
4/07/2018 1:28:21 PM	3613519701	1013.00	28.09	26.33	94.8	27.63	26.33	98.9	26.96	26.33	105.4	NaN	26.33	NaN
4/07/2018 1:28:22 PM	3613519702	1013.00	28.10	26.34	94.7	27.67	26.34	98.5	26.98	26.34	105.2	NaN	26.34	NaN
4/07/2018 1:28:23 PM	3613519703	1013.00	28.09	26.34	94.8	27.65	26.34	98.7	27.00	26.34	105.0	NaN	26.34	NaN
4/07/2018 1:28:24 PM	3613519704	1013.00	28.10	26.34	94.7	27.62	26.34	99.0	27.01	26.34	104.9	NaN	26.34	NaN
4/07/2018 1:28:25 PM	3613519705	1013.00	28.11	26.34	94.6	27.66	26.34	98.6	26.96	26.34	105.4	NaN	26.34	NaN
4/07/2018 1:28:26 PM	3613519706	1013.00	28.10	26.35	94.6	27.69	26.35	98.3	26.96	26.35	105.3	NaN	26.35	NaN
4/07/2018 1:28:27 PM	3613519707	1013.00	28.13	26.34	94.4	27.67	26.34	98.5	26.97	26.34	105.3	NaN	26.34	NaN
4/07/2018 1:28:28 PM	3613519708	1013.00	28.13	26.34	94.4	27.66	26.34	98.6	26.99	26.34	105.1	NaN	26.34	NaN
4/07/2018 1:28:29 PM	3613519709	1013.00	28.16	26.34	94.1	27.65	26.34	98.7	26.98	26.34	105.2	NaN	26.34	NaN
4/07/2018 1:28:30 PM	3613519710	1013.00	28.10	26.35	94.6	28.21	26.35	93.7	26.98	26.35	105.1	NaN	26.35	NaN
4/07/2018 1:28:31 PM	3613519711	1013.00	28.15	26.36	94.2	27.67	26.36	98.5	26.99	26.36	105.0	NaN	26.36	NaN
4/07/2018 1:28:32 PM	3613519712	1013.00	28.11	26.36	94.5	27.63	26.36	98.9	26.98	26.36	105.1	NaN	26.36	NaN
4/07/2018 1:28:33 PM	3613519713	1013.00	28.14	26.36	94.3	27.69	26.36	98.3	26.96	26.36	105.3	NaN	26.36	NaN
4/07/2018 1:28:34 PM	3613519714	1013.00	28.16	26.36	94.1	27.64	26.36	98.8	27.01	26.36	104.8	NaN	26.36	NaN
4/07/2018 1:28:35 PM	3613519715	1013.00	28.15	26.35	94.2	27.65	26.35	98.7	27.00	26.35	104.9	NaN	26.35	NaN
4/07/2018 1:28:36 PM	3613519716	1013.00	28.17	26.34	94.1	27.67	26.34	98.5	27.01	26.34	104.9	NaN	26.34	NaN
4/07/2018 1:28:37 PM	3613519717	1013.00	28.13	26.34	94.4	27.66	26.34	98.6	26.97	26.34	105.3	NaN	26.34	NaN
4/07/2018 1:28:38 PM	3613519718	1013.00	28.18	26.34	94.0	27.64	26.34	98.8	26.97	26.34	105.3	NaN	26.34	NaN
