Date & time of file creation	4/07/2018 10:20 AM													
Data file path	C:\Users\ameli\Desktop\Diego Barneche\04_07_2018\26_C_old_witrox_20.txt													
														
														
CALIBRATION DATA														
Parameter/Channel	N moving average	LO phase [r.U.]	HI phase [r.U.]	LO oxygen [%air saturation]	HI oxygen [%air saturation]	LO temperature [°C]	HI temperature [°C]	Salinity [‰]						
S WOT 0041 000001   , CH 1	1	59.66	27.52	0.00	100.00	26.19	26.30	0.000						
S WOT 0041 000001   , CH 2	1	59.66	27.52	0.00	100.00	26.19	26.30	0.000						
S WOT 0041 000001   , CH 3	1	59.66	27.52	0.00	100.00	26.19	26.30	0.000						
S WOT 0041 000001   , CH 4	1	59.66	27.52	0.00	100.00	26.19	26.30	0.000						
														
														
Date &Time [DD-MM-YYYY HH:MM:SS]	Time stamp code	Barometric pressure [hPa]	S WOT 0041 000001   , CH 1 phase [r.U.]	S WOT 0041 000001   , CH 1 temp [°C]	S WOT 0041 000001   , CH 1 O2 [% air saturation]	S WOT 0041 000001   , CH 2 phase [r.U.]	S WOT 0041 000001   , CH 2 temp [°C]	S WOT 0041 000001   , CH 2 O2 [% air saturation]	S WOT 0041 000001   , CH 3 phase [r.U.]	S WOT 0041 000001   , CH 3 temp [°C]	S WOT 0041 000001   , CH 3 O2 [% air saturation]	S WOT 0041 000001   , CH 4 phase [r.U.]	S WOT 0041 000001   , CH 4 temp [°C]	S WOT 0041 000001   , CH 4 O2 [% air saturation]
4/07/2018 10:22:35 AM	3613508555	1013.00	27.13	26.23	103.9	27.06	26.23	104.6	26.89	26.23	106.3	NaN	26.23	NaN
4/07/2018 10:22:36 AM	3613508556	1013.00	27.12	26.23	104.0	27.05	26.23	104.7	26.86	26.23	106.6	NaN	26.23	NaN
4/07/2018 10:22:37 AM	3613508557	1013.00	27.13	26.23	103.9	27.10	26.23	104.2	26.86	26.23	106.6	NaN	26.23	NaN
4/07/2018 10:22:38 AM	3613508558	1013.00	27.11	26.23	104.1	27.09	26.23	104.3	26.92	26.23	106.0	NaN	26.23	NaN
4/07/2018 10:22:39 AM	3613508559	1013.00	27.14	26.22	103.8	27.04	26.22	104.8	26.91	26.22	106.1	NaN	26.22	NaN
4/07/2018 10:22:40 AM	3613508560	1013.00	27.14	26.22	103.8	27.10	26.22	104.2	26.89	26.22	106.3	NaN	26.22	NaN
4/07/2018 10:22:41 AM	3613508561	1013.00	27.12	26.22	104.0	27.07	26.22	104.5	26.88	26.22	106.4	NaN	26.22	NaN
4/07/2018 10:22:42 AM	3613508562	1013.00	27.14	26.21	103.8	27.10	26.21	104.2	26.94	26.21	105.8	NaN	26.21	NaN
4/07/2018 10:22:43 AM	3613508563	1013.00	27.14	26.21	103.8	27.13	26.21	103.9	26.92	26.21	106.0	NaN	26.21	NaN
4/07/2018 10:22:44 AM	3613508564	1013.00	27.13	26.22	103.9	27.07	26.22	104.5	26.91	26.22	106.1	NaN	26.22	NaN
4/07/2018 10:22:45 AM	3613508565	1013.00	27.12	26.22	104.0	27.12	26.22	104.0	26.88	26.22	106.4	NaN	26.22	NaN
4/07/2018 10:22:46 AM	3613508566	1013.00	27.15	26.22	103.7	27.09	26.22	104.3	26.91	26.22	106.1	NaN	26.22	NaN
4/07/2018 10:22:47 AM	3613508567	1013.00	27.13	26.23	103.9	27.08	26.23	104.4	26.89	26.23	106.3	NaN	26.23	NaN
4/07/2018 10:22:48 AM	3613508568	1013.00	27.13	26.24	103.9	27.04	26.24	104.7	26.89	26.24	106.3	NaN	26.24	NaN
4/07/2018 10:22:49 AM	3613508569	1013.00	27.12	26.24	104.0	27.06	26.24	104.5	26.94	26.24	105.7	NaN	26.24	NaN
4/07/2018 10:22:50 AM	3613508570	1013.00	27.10	26.23	104.2	27.10	26.23	104.2	26.87	26.23	106.5	NaN	26.23	NaN
4/07/2018 10:22:51 AM	3613508571	1013.00	27.14	26.23	103.8	27.05	26.23	104.7	26.90	26.23	106.2	NaN	26.23	NaN
4/07/2018 10:22:52 AM	3613508572	1013.00	27.12	26.22	104.0	27.09	26.22	104.3	26.87	26.22	106.5	NaN	26.22	NaN
4/07/2018 10:22:53 AM	3613508573	1013.00	27.15	26.21	103.7	27.06	26.21	104.6	26.87	26.21	106.5	NaN	26.21	NaN
4/07/2018 10:22:54 AM	3613508574	1013.00	27.14	26.22	103.8	27.07	26.22	104.5	26.91	26.22	106.1	NaN	26.22	NaN
4/07/2018 10:22:55 AM	3613508575	1013.00	27.13	26.23	103.9	27.05	26.23	104.7	26.90	26.23	106.2	NaN	26.23	NaN
4/07/2018 10:22:56 AM	3613508576	1013.00	27.12	26.22	104.0	27.06	26.22	104.6	26.94	26.22	105.8	NaN	26.22	NaN
4/07/2018 10:22:57 AM	3613508577	1013.00	27.12	26.23	104.0	27.09	26.23	104.3	26.94	26.23	105.8	NaN	26.23	NaN
4/07/2018 10:22:58 AM	3613508578	1013.00	27.13	26.24	103.9	27.05	26.24	104.6	26.91	26.24	106.0	NaN	26.24	NaN
4/07/2018 10:22:59 AM	3613508579	1013.00	27.12	26.23	104.0	27.09	26.23	104.3	26.90	26.23	106.2	NaN	26.23	NaN
4/07/2018 10:23:00 AM	3613508580	1013.00	27.14	26.22	103.8	27.05	26.22	104.7	26.89	26.22	106.3	NaN	26.22	NaN
4/07/2018 10:23:01 AM	3613508581	1013.00	27.12	26.23	104.0	27.11	26.23	104.1	26.93	26.23	105.9	NaN	26.23	NaN
4/07/2018 10:23:02 AM	3613508582	1013.00	27.11	26.22	104.1	27.10	26.22	104.2	26.92	26.22	106.0	NaN	26.22	NaN
4/07/2018 10:23:03 AM	3613508583	1013.00	27.13	26.22	103.9	27.11	26.22	104.1	26.93	26.22	105.9	NaN	26.22	NaN
4/07/2018 10:23:04 AM	3613508584	1013.00	27.12	26.21	104.0	27.10	26.21	104.2	26.90	26.21	106.2	NaN	26.21	NaN
4/07/2018 10:23:05 AM	3613508585	1013.00	27.12	26.22	104.0	27.08	26.22	104.4	26.96	26.22	105.6	NaN	26.22	NaN
4/07/2018 10:23:06 AM	3613508586	1013.00	27.12	26.22	104.0	27.11	26.22	104.1	26.95	26.22	105.7	NaN	26.22	NaN
4/07/2018 10:23:07 AM	3613508587	1013.00	27.13	26.22	103.9	27.10	26.22	104.2	26.87	26.22	106.5	NaN	26.22	NaN
4/07/2018 10:23:08 AM	3613508588	1013.00	27.15	26.22	103.7	27.10	26.22	104.2	26.91	26.22	106.1	NaN	26.22	NaN
4/07/2018 10:23:09 AM	3613508589	1013.00	27.13	26.23	103.9	27.04	26.23	104.8	26.89	26.23	106.3	NaN	26.23	NaN
4/07/2018 10:23:10 AM	3613508590	1013.00	27.13	26.22	103.9	27.09	26.22	104.3	26.90	26.22	106.2	NaN	26.22	NaN
4/07/2018 10:23:11 AM	3613508591	1013.00	27.11	26.22	104.1	27.10	26.22	104.2	26.88	26.22	106.4	NaN	26.22	NaN
4/07/2018 10:23:12 AM	3613508592	1013.00	27.15	26.22	103.7	27.08	26.22	104.4	26.92	26.22	106.0	NaN	26.22	NaN
4/07/2018 10:23:13 AM	3613508593	1013.00	27.14	26.22	103.8	27.05	26.22	104.7	26.95	26.22	105.7	NaN	26.22	NaN
4/07/2018 10:23:14 AM	3613508594	1013.00	27.13	26.23	103.9	27.05	26.23	104.7	26.91	26.23	106.1	NaN	26.23	NaN
4/07/2018 10:23:15 AM	3613508595	1013.00	27.13	26.22	103.9	27.12	26.22	104.0	26.93	26.22	105.9	NaN	26.22	NaN
4/07/2018 10:23:16 AM	3613508596	1013.00	27.14	26.22	103.8	27.05	26.22	104.7	26.95	26.22	105.7	NaN	26.22	NaN
4/07/2018 10:23:17 AM	3613508597	1013.00	27.12	26.23	104.0	27.08	26.23	104.4	26.88	26.23	106.4	NaN	26.23	NaN
4/07/2018 10:23:18 AM	3613508598	1013.00	27.13	26.23	103.9	27.08	26.23	104.4	26.94	26.23	105.8	NaN	26.23	NaN
4/07/2018 10:23:19 AM	3613508599	1013.00	27.14	26.23	103.8	27.10	26.23	104.2	26.94	26.23	105.8	NaN	26.23	NaN
4/07/2018 10:23:20 AM	3613508600	1013.00	27.15	26.23	103.7	27.11	26.23	104.1	26.94	26.23	105.8	NaN	26.23	NaN
4/07/2018 10:23:21 AM	3613508601	1013.00	27.16	26.23	103.6	27.08	26.23	104.4	26.91	26.23	106.1	NaN	26.23	NaN
4/07/2018 10:23:22 AM	3613508602	1013.00	27.11	26.23	104.1	27.13	26.23	103.9	26.90	26.23	106.2	NaN	26.23	NaN
4/07/2018 10:23:23 AM	3613508603	1013.00	27.12	26.23	104.0	27.09	26.23	104.3	26.97	26.23	105.5	NaN	26.23	NaN
4/07/2018 10:23:24 AM	3613508604	1013.00	27.13	26.23	103.9	27.08	26.23	104.4	26.98	26.23	105.4	NaN	26.23	NaN
4/07/2018 10:23:25 AM	3613508605	1013.00	27.12	26.23	104.0	27.13	26.23	103.9	26.98	26.23	105.4	NaN	26.23	NaN
4/07/2018 10:23:26 AM	3613508606	1013.00	27.15	26.23	103.7	27.14	26.23	103.8	26.96	26.23	105.6	NaN	26.23	NaN
4/07/2018 10:23:27 AM	3613508607	1013.00	27.13	26.23	103.9	27.11	26.23	104.1	26.92	26.23	106.0	NaN	26.23	NaN
4/07/2018 10:23:28 AM	3613508608	1013.00	27.13	26.24	103.9	27.08	26.24	104.4	26.93	26.24	105.8	NaN	26.24	NaN
4/07/2018 10:23:29 AM	3613508609	1013.00	27.12	26.23	104.0	27.08	26.23	104.4	26.89	26.23	106.3	NaN	26.23	NaN
4/07/2018 10:23:30 AM	3613508610	1013.00	27.11	26.23	104.1	27.09	26.23	104.3	26.93	26.23	105.9	NaN	26.23	NaN
4/07/2018 10:23:31 AM	3613508611	1013.00	27.13	26.24	103.9	27.08	26.24	104.4	26.96	26.24	105.5	NaN	26.24	NaN
4/07/2018 10:23:32 AM	3613508612	1013.00	27.11	26.24	104.1	27.07	26.24	104.4	26.91	26.24	106.0	NaN	26.24	NaN
4/07/2018 10:23:33 AM	3613508613	1013.00	27.12	26.24	104.0	27.08	26.24	104.4	26.98	26.24	105.3	NaN	26.24	NaN
4/07/2018 10:23:34 AM	3613508614	1013.00	27.13	26.23	103.9	27.12	26.23	104.0	26.92	26.23	106.0	NaN	26.23	NaN
4/07/2018 10:23:35 AM	3613508615	1013.00	27.13	26.23	103.9	27.09	26.23	104.3	26.95	26.23	105.7	NaN	26.23	NaN
4/07/2018 10:23:36 AM	3613508616	1013.00	27.12	26.23	104.0	27.08	26.23	104.4	26.96	26.23	105.6	NaN	26.23	NaN
4/07/2018 10:23:37 AM	3613508617	1013.00	27.13	26.22	103.9	27.09	26.22	104.3	27.00	26.22	105.2	NaN	26.22	NaN
4/07/2018 10:23:38 AM	3613508618	1013.00	27.13	26.23	103.9	27.12	26.23	104.0	26.98	26.23	105.4	NaN	26.23	NaN
4/07/2018 10:23:39 AM	3613508619	1013.00	27.15	26.23	103.7	27.12	26.23	104.0	26.98	26.23	105.4	NaN	26.23	NaN
4/07/2018 10:23:40 AM	3613508620	1013.00	27.13	26.23	103.9	27.11	26.23	104.1	26.91	26.23	106.1	NaN	26.23	NaN
4/07/2018 10:23:41 AM	3613508621	1013.00	27.13	26.23	103.9	27.09	26.23	104.3	26.94	26.23	105.8	NaN	26.23	NaN
4/07/2018 10:23:42 AM	3613508622	1013.00	27.12	26.23	104.0	27.10	26.23	104.2	26.99	26.23	105.3	NaN	26.23	NaN
4/07/2018 10:23:43 AM	3613508623	1013.00	27.16	26.22	103.6	27.13	26.22	103.9	26.95	26.22	105.7	NaN	26.22	NaN
4/07/2018 10:23:44 AM	3613508624	1013.00	27.14	26.22	103.8	27.09	26.22	104.3	26.94	26.22	105.8	NaN	26.22	NaN
4/07/2018 10:23:45 AM	3613508625	1013.00	27.13	26.22	103.9	27.11	26.22	104.1	26.95	26.22	105.7	NaN	26.22	NaN
4/07/2018 10:23:46 AM	3613508626	1013.00	27.14	26.23	103.8	27.11	26.23	104.1	27.01	26.23	105.1	NaN	26.23	NaN
4/07/2018 10:23:47 AM	3613508627	1013.00	27.12	26.22	104.0	27.10	26.22	104.2	26.91	26.22	106.1	NaN	26.22	NaN
4/07/2018 10:23:48 AM	3613508628	1013.00	27.12	26.22	104.0	27.09	26.22	104.3	27.01	26.22	105.1	NaN	26.22	NaN
4/07/2018 10:23:49 AM	3613508629	1013.00	27.14	26.22	103.8	27.11	26.22	104.1	26.94	26.22	105.8	NaN	26.22	NaN
4/07/2018 10:23:50 AM	3613508630	1013.00	27.10	26.22	104.2	27.10	26.22	104.2	26.98	26.22	105.4	NaN	26.22	NaN
4/07/2018 10:23:51 AM	3613508631	1013.00	27.13	26.21	103.9	27.10	26.21	104.2	26.99	26.21	105.3	NaN	26.21	NaN
4/07/2018 10:23:52 AM	3613508632	1013.00	27.14	26.22	103.8	27.12	26.22	104.0	26.95	26.22	105.7	NaN	26.22	NaN
4/07/2018 10:23:53 AM	3613508633	1013.00	27.15	26.23	103.7	27.10	26.23	104.2	27.03	26.23	104.9	NaN	26.23	NaN
4/07/2018 10:23:54 AM	3613508634	1013.00	27.13	26.23	103.9	27.12	26.23	104.0	27.00	26.23	105.2	NaN	26.23	NaN
4/07/2018 10:23:55 AM	3613508635	1013.00	27.12	26.23	104.0	27.09	26.23	104.3	27.03	26.23	104.9	NaN	26.23	NaN
4/07/2018 10:23:56 AM	3613508636	1013.00	27.13	26.24	103.9	27.13	26.24	103.9	26.94	26.24	105.7	NaN	26.24	NaN
4/07/2018 10:23:57 AM	3613508637	1013.00	27.14	26.24	103.8	27.10	26.24	104.2	26.98	26.24	105.3	NaN	26.24	NaN
4/07/2018 10:23:58 AM	3613508638	1013.00	27.14	26.23	103.8	27.13	26.23	103.9	26.95	26.23	105.7	NaN	26.23	NaN
4/07/2018 10:23:59 AM	3613508639	1013.00	27.14	26.23	103.8	27.11	26.23	104.1	27.01	26.23	105.1	NaN	26.23	NaN
4/07/2018 10:24:00 AM	3613508640	1013.00	27.12	26.22	104.0	27.10	26.22	104.2	26.98	26.22	105.4	NaN	26.22	NaN
4/07/2018 10:24:01 AM	3613508641	1013.00	27.14	26.22	103.8	27.12	26.22	104.0	26.98	26.22	105.4	NaN	26.22	NaN
4/07/2018 10:24:02 AM	3613508642	1013.00	27.14	26.21	103.8	27.12	26.21	104.0	26.97	26.21	105.5	NaN	26.21	NaN
4/07/2018 10:24:03 AM	3613508643	1013.00	27.14	26.21	103.8	27.10	26.21	104.2	26.94	26.21	105.8	NaN	26.21	NaN
4/07/2018 10:24:04 AM	3613508644	1013.00	27.14	26.21	103.8	27.09	26.21	104.3	26.98	26.21	105.4	NaN	26.21	NaN
4/07/2018 10:24:05 AM	3613508645	1013.00	27.13	26.21	103.9	27.08	26.21	104.4	27.01	26.21	105.1	NaN	26.21	NaN
4/07/2018 10:24:06 AM	3613508646	1013.00	27.15	26.21	103.7	27.12	26.21	104.0	26.99	26.21	105.3	NaN	26.21	NaN
4/07/2018 10:24:07 AM	3613508647	1013.00	27.13	26.22	103.9	27.11	26.22	104.1	26.98	26.22	105.4	NaN	26.22	NaN
4/07/2018 10:24:08 AM	3613508648	1013.00	27.14	26.22	103.8	27.10	26.22	104.2	26.98	26.22	105.4	NaN	26.22	NaN
4/07/2018 10:24:09 AM	3613508649	1013.00	27.16	26.22	103.6	27.12	26.22	104.0	27.02	26.22	105.0	NaN	26.22	NaN
4/07/2018 10:24:10 AM	3613508650	1013.00	27.12	26.23	104.0	27.08	26.23	104.4	26.98	26.23	105.4	NaN	26.23	NaN
4/07/2018 10:24:11 AM	3613508651	1013.00	27.14	26.23	103.8	27.11	26.23	104.1	27.00	26.23	105.2	NaN	26.23	NaN
4/07/2018 10:24:12 AM	3613508652	1013.00	27.12	26.24	104.0	27.11	26.24	104.1	26.97	26.24	105.4	NaN	26.24	NaN
4/07/2018 10:24:13 AM	3613508653	1013.00	27.14	26.23	103.8	27.10	26.23	104.2	27.02	26.23	105.0	NaN	26.23	NaN
4/07/2018 10:24:14 AM	3613508654	1013.00	27.13	26.23	103.9	27.14	26.23	103.8	26.96	26.23	105.6	NaN	26.23	NaN
4/07/2018 10:24:15 AM	3613508655	1013.00	27.17	26.24	103.5	27.10	26.24	104.2	26.94	26.24	105.7	NaN	26.24	NaN
4/07/2018 10:24:16 AM	3613508656	1013.00	27.14	26.23	103.8	27.11	26.23	104.1	27.02	26.23	105.0	NaN	26.23	NaN
4/07/2018 10:24:17 AM	3613508657	1013.00	27.11	26.23	104.1	27.11	26.23	104.1	26.99	26.23	105.3	NaN	26.23	NaN
4/07/2018 10:24:18 AM	3613508658	1013.00	27.15	26.24	103.7	27.12	26.24	104.0	27.03	26.24	104.8	NaN	26.24	NaN
4/07/2018 10:24:19 AM	3613508659	1013.00	27.14	26.24	103.8	27.15	26.24	103.7	26.92	26.24	105.9	NaN	26.24	NaN
4/07/2018 10:24:20 AM	3613508660	1013.00	27.13	26.24	103.9	27.12	26.24	104.0	27.00	26.24	105.1	NaN	26.24	NaN
4/07/2018 10:24:21 AM	3613508661	1013.00	27.14	26.24	103.8	27.11	26.24	104.1	26.97	26.24	105.4	NaN	26.24	NaN
4/07/2018 10:24:22 AM	3613508662	1013.00	27.13	26.24	103.9	27.14	26.24	103.8	27.04	26.24	104.7	NaN	26.24	NaN
4/07/2018 10:24:23 AM	3613508663	1013.00	27.14	26.23	103.8	27.17	26.23	103.5	27.00	26.23	105.2	NaN	26.23	NaN
4/07/2018 10:24:24 AM	3613508664	1013.00	27.14	26.22	103.8	27.13	26.22	103.9	27.04	26.22	104.8	NaN	26.22	NaN
4/07/2018 10:24:25 AM	3613508665	1013.00	27.14	26.21	103.8	27.13	26.21	103.9	27.00	26.21	105.2	NaN	26.21	NaN
4/07/2018 10:24:26 AM	3613508666	1013.00	27.13	26.22	103.9	27.13	26.22	103.9	27.02	26.22	105.0	NaN	26.22	NaN
4/07/2018 10:24:27 AM	3613508667	1013.00	27.14	26.22	103.8	27.10	26.22	104.2	27.01	26.22	105.1	NaN	26.22	NaN
4/07/2018 10:24:28 AM	3613508668	1013.00	27.12	26.22	104.0	27.12	26.22	104.0	27.02	26.22	105.0	NaN	26.22	NaN
4/07/2018 10:24:29 AM	3613508669	1013.00	27.13	26.22	103.9	27.13	26.22	103.9	27.02	26.22	105.0	NaN	26.22	NaN
4/07/2018 10:24:30 AM	3613508670	1013.00	27.14	26.23	103.8	27.17	26.23	103.5	27.06	26.23	104.6	NaN	26.23	NaN
4/07/2018 10:24:31 AM	3613508671	1013.00	27.14	26.22	103.8	27.11	26.22	104.1	27.01	26.22	105.1	NaN	26.22	NaN
4/07/2018 10:24:32 AM	3613508672	1013.00	27.14	26.22	103.8	27.16	26.22	103.6	27.00	26.22	105.2	NaN	26.22	NaN
4/07/2018 10:24:33 AM	3613508673	1013.00	27.17	26.21	103.5	27.12	26.21	104.0	27.01	26.21	105.1	NaN	26.21	NaN
4/07/2018 10:24:34 AM	3613508674	1013.00	27.17	26.22	103.5	27.11	26.22	104.1	27.08	26.22	104.4	NaN	26.22	NaN
4/07/2018 10:24:35 AM	3613508675	1013.00	27.16	26.22	103.6	27.12	26.22	104.0	27.04	26.22	104.8	NaN	26.22	NaN
4/07/2018 10:24:36 AM	3613508676	1013.00	27.14	26.21	103.8	27.14	26.21	103.8	27.00	26.21	105.2	NaN	26.21	NaN
4/07/2018 10:24:37 AM	3613508677	1013.00	27.15	26.22	103.7	27.16	26.22	103.6	27.09	26.22	104.3	NaN	26.22	NaN
4/07/2018 10:24:38 AM	3613508678	1013.00	27.15	26.22	103.7	27.17	26.22	103.5	27.07	26.22	104.5	NaN	26.22	NaN
4/07/2018 10:24:39 AM	3613508679	1013.00	27.12	26.21	104.0	27.14	26.21	103.8	27.00	26.21	105.2	NaN	26.21	NaN
4/07/2018 10:24:40 AM	3613508680	1013.00	27.17	26.21	103.5	27.14	26.21	103.8	27.04	26.21	104.8	NaN	26.21	NaN
4/07/2018 10:24:41 AM	3613508681	1013.00	27.14	26.21	103.8	27.15	26.21	103.7	27.03	26.21	104.9	NaN	26.21	NaN
4/07/2018 10:24:42 AM	3613508682	1013.00	27.16	26.21	103.6	27.11	26.21	104.1	27.04	26.21	104.8	NaN	26.21	NaN
4/07/2018 10:24:43 AM	3613508683	1013.00	27.14	26.21	103.8	27.14	26.21	103.8	27.09	26.21	104.3	NaN	26.21	NaN
4/07/2018 10:24:44 AM	3613508684	1013.00	27.16	26.21	103.6	27.17	26.21	103.5	27.06	26.21	104.6	NaN	26.21	NaN
4/07/2018 10:24:45 AM	3613508685	1013.00	27.18	26.22	103.4	27.19	26.22	103.3	27.09	26.22	104.3	NaN	26.22	NaN
4/07/2018 10:24:46 AM	3613508686	1013.00	27.15	26.21	103.7	27.16	26.21	103.6	27.08	26.21	104.4	NaN	26.21	NaN
4/07/2018 10:24:47 AM	3613508687	1013.00	27.15	26.21	103.7	27.14	26.21	103.8	27.09	26.21	104.3	NaN	26.21	NaN
4/07/2018 10:24:48 AM	3613508688	1013.00	27.14	26.22	103.8	27.13	26.22	103.9	27.03	26.22	104.9	NaN	26.22	NaN
4/07/2018 10:24:49 AM	3613508689	1013.00	27.13	26.21	103.9	27.15	26.21	103.7	27.10	26.21	104.2	NaN	26.21	NaN
4/07/2018 10:24:50 AM	3613508690	1013.00	27.16	26.21	103.6	27.22	26.21	103.0	27.09	26.21	104.3	NaN	26.21	NaN
4/07/2018 10:24:51 AM	3613508691	1013.00	27.16	26.22	103.6	27.17	26.22	103.5	27.05	26.22	104.7	NaN	26.22	NaN
4/07/2018 10:24:52 AM	3613508692	1013.00	27.17	26.22	103.5	27.18	26.22	103.4	27.06	26.22	104.6	NaN	26.22	NaN
4/07/2018 10:24:53 AM	3613508693	1013.00	27.13	26.22	103.9	27.16	26.22	103.6	27.06	26.22	104.6	NaN	26.22	NaN
4/07/2018 10:24:54 AM	3613508694	1013.00	27.16	26.22	103.6	27.18	26.22	103.4	27.05	26.22	104.7	NaN	26.22	NaN
4/07/2018 10:24:55 AM	3613508695	1013.00	27.16	26.23	103.6	27.17	26.23	103.5	27.09	26.23	104.3	NaN	26.23	NaN
4/07/2018 10:24:56 AM	3613508696	1013.00	27.15	26.22	103.7	27.18	26.22	103.4	27.06	26.22	104.6	NaN	26.22	NaN
4/07/2018 10:24:57 AM	3613508697	1013.00	27.16	26.21	103.6	27.15	26.21	103.7	27.09	26.21	104.3	NaN	26.21	NaN
4/07/2018 10:24:58 AM	3613508698	1013.00	27.15	26.21	103.7	27.17	26.21	103.5	27.07	26.21	104.5	NaN	26.21	NaN
4/07/2018 10:24:59 AM	3613508699	1013.00	27.16	26.21	103.6	27.16	26.21	103.6	27.08	26.21	104.4	NaN	26.21	NaN
4/07/2018 10:25:00 AM	3613508700	1013.00	27.18	26.20	103.4	27.21	26.20	103.1	27.09	26.20	104.3	NaN	26.20	NaN
4/07/2018 10:25:01 AM	3613508701	1013.00	27.17	26.21	103.5	27.17	26.21	103.5	27.11	26.21	104.1	NaN	26.21	NaN
4/07/2018 10:25:02 AM	3613508702	1013.00	27.14	26.21	103.8	27.18	26.21	103.4	27.09	26.21	104.3	NaN	26.21	NaN
4/07/2018 10:25:03 AM	3613508703	1013.00	27.18	26.21	103.4	27.19	26.21	103.3	27.14	26.21	103.8	NaN	26.21	NaN
4/07/2018 10:25:04 AM	3613508704	1013.00	27.18	26.22	103.4	27.17	26.22	103.5	27.07	26.22	104.5	NaN	26.22	NaN
4/07/2018 10:25:05 AM	3613508705	1013.00	27.18	26.22	103.4	27.17	26.22	103.5	27.08	26.22	104.4	NaN	26.22	NaN
4/07/2018 10:25:06 AM	3613508706	1013.00	27.16	26.22	103.6	27.21	26.22	103.1	27.07	26.22	104.5	NaN	26.22	NaN
4/07/2018 10:25:07 AM	3613508707	1013.00	27.17	26.22	103.5	27.13	26.22	103.9	27.16	26.22	103.6	NaN	26.22	NaN
4/07/2018 10:25:08 AM	3613508708	1013.00	27.16	26.21	103.6	27.19	26.21	103.3	27.16	26.21	103.6	NaN	26.21	NaN
4/07/2018 10:25:09 AM	3613508709	1013.00	27.18	26.21	103.4	27.19	26.21	103.3	27.09	26.21	104.3	NaN	26.21	NaN
4/07/2018 10:25:10 AM	3613508710	1013.00	27.15	26.22	103.7	27.26	26.22	102.6	27.12	26.22	104.0	NaN	26.22	NaN
4/07/2018 10:25:11 AM	3613508711	1013.00	27.19	26.22	103.3	27.22	26.22	103.0	27.12	26.22	104.0	NaN	26.22	NaN
4/07/2018 10:25:12 AM	3613508712	1013.00	27.18	26.22	103.4	27.19	26.22	103.3	27.13	26.22	103.9	NaN	26.22	NaN
4/07/2018 10:25:13 AM	3613508713	1013.00	27.17	26.23	103.5	27.18	26.23	103.4	27.19	26.23	103.3	NaN	26.23	NaN
4/07/2018 10:25:14 AM	3613508714	1013.00	27.19	26.22	103.3	27.16	26.22	103.6	27.16	26.22	103.6	NaN	26.22	NaN
4/07/2018 10:25:15 AM	3613508715	1013.00	27.16	26.22	103.6	27.21	26.22	103.1	27.12	26.22	104.0	NaN	26.22	NaN
4/07/2018 10:25:16 AM	3613508716	1013.00	27.21	26.22	103.1	27.20	26.22	103.2	27.15	26.22	103.7	NaN	26.22	NaN
4/07/2018 10:25:17 AM	3613508717	1013.00	27.18	26.22	103.4	27.21	26.22	103.1	27.15	26.22	103.7	NaN	26.22	NaN
4/07/2018 10:25:18 AM	3613508718	1013.00	27.19	26.21	103.3	27.22	26.21	103.0	27.13	26.21	103.9	NaN	26.21	NaN
4/07/2018 10:25:19 AM	3613508719	1013.00	27.19	26.21	103.3	27.22	26.21	103.0	27.15	26.21	103.7	NaN	26.21	NaN
4/07/2018 10:25:20 AM	3613508720	1013.00	27.18	26.21	103.4	27.21	26.21	103.1	27.10	26.21	104.2	NaN	26.21	NaN
4/07/2018 10:25:21 AM	3613508721	1013.00	27.18	26.21	103.4	27.20	26.21	103.2	27.07	26.21	104.5	NaN	26.21	NaN
4/07/2018 10:25:22 AM	3613508722	1013.00	27.18	26.21	103.4	27.21	26.21	103.1	27.19	26.21	103.3	NaN	26.21	NaN
4/07/2018 10:25:23 AM	3613508723	1013.00	27.17	26.21	103.5	27.19	26.21	103.3	27.14	26.21	103.8	NaN	26.21	NaN
4/07/2018 10:25:24 AM	3613508724	1013.00	27.20	26.22	103.2	27.21	26.22	103.1	27.15	26.22	103.7	NaN	26.22	NaN
4/07/2018 10:25:25 AM	3613508725	1013.00	27.20	26.22	103.2	27.24	26.22	102.8	27.15	26.22	103.7	NaN	26.22	NaN
4/07/2018 10:25:26 AM	3613508726	1013.00	27.20	26.22	103.2	27.22	26.22	103.0	27.15	26.22	103.7	NaN	26.22	NaN
4/07/2018 10:25:27 AM	3613508727	1013.00	27.20	26.22	103.2	27.21	26.22	103.1	27.18	26.22	103.4	NaN	26.22	NaN
4/07/2018 10:25:28 AM	3613508728	1013.00	27.22	26.22	103.0	27.19	26.22	103.3	27.15	26.22	103.7	NaN	26.22	NaN
4/07/2018 10:25:29 AM	3613508729	1013.00	27.21	26.21	103.1	27.20	26.21	103.2	27.17	26.21	103.5	NaN	26.21	NaN
4/07/2018 10:25:30 AM	3613508730	1013.00	27.21	26.22	103.1	27.22	26.22	103.0	27.16	26.22	103.6	NaN	26.22	NaN
4/07/2018 10:25:31 AM	3613508731	1013.00	27.20	26.22	103.2	27.22	26.22	103.0	27.16	26.22	103.6	NaN	26.22	NaN
4/07/2018 10:25:32 AM	3613508732	1013.00	27.19	26.22	103.3	27.21	26.22	103.1	27.14	26.22	103.8	NaN	26.22	NaN
4/07/2018 10:25:33 AM	3613508733	1013.00	27.21	26.21	103.1	27.26	26.21	102.6	27.15	26.21	103.7	NaN	26.21	NaN
4/07/2018 10:25:34 AM	3613508734	1013.00	27.22	26.22	103.0	27.27	26.22	102.5	27.12	26.22	104.0	NaN	26.22	NaN
4/07/2018 10:25:35 AM	3613508735	1013.00	27.20	26.22	103.2	27.25	26.22	102.7	27.17	26.22	103.5	NaN	26.22	NaN
4/07/2018 10:25:36 AM	3613508736	1013.00	27.20	26.22	103.2	27.23	26.22	102.9	27.18	26.22	103.4	NaN	26.22	NaN
4/07/2018 10:25:37 AM	3613508737	1013.00	27.20	26.22	103.2	27.23	26.22	102.9	27.15	26.22	103.7	NaN	26.22	NaN
4/07/2018 10:25:38 AM	3613508738	1013.00	27.20	26.22	103.2	27.22	26.22	103.0	27.16	26.22	103.6	NaN	26.22	NaN
4/07/2018 10:25:39 AM	3613508739	1013.00	27.22	26.22	103.0	27.27	26.22	102.5	27.16	26.22	103.6	NaN	26.22	NaN
4/07/2018 10:25:40 AM	3613508740	1013.00	27.20	26.22	103.2	27.21	26.22	103.1	27.15	26.22	103.7	NaN	26.22	NaN
4/07/2018 10:25:41 AM	3613508741	1013.00	27.20	26.21	103.2	27.23	26.21	102.9	27.18	26.21	103.4	NaN	26.21	NaN
4/07/2018 10:25:42 AM	3613508742	1013.00	27.22	26.21	103.0	27.23	26.21	102.9	27.16	26.21	103.6	NaN	26.21	NaN
4/07/2018 10:25:43 AM	3613508743	1013.00	27.20	26.21	103.2	27.21	26.21	103.1	27.14	26.21	103.8	NaN	26.21	NaN
4/07/2018 10:25:44 AM	3613508744	1013.00	27.20	26.20	103.2	27.26	26.20	102.7	27.14	26.20	103.8	NaN	26.20	NaN
4/07/2018 10:25:45 AM	3613508745	1013.00	27.23	26.21	102.9	27.26	26.21	102.6	27.22	26.21	103.0	NaN	26.21	NaN
4/07/2018 10:25:46 AM	3613508746	1013.00	27.22	26.21	103.0	27.30	26.21	102.3	27.17	26.21	103.5	NaN	26.21	NaN
4/07/2018 10:25:47 AM	3613508747	1013.00	27.21	26.21	103.1	27.30	26.21	102.3	27.17	26.21	103.5	NaN	26.21	NaN
4/07/2018 10:25:48 AM	3613508748	1013.00	27.22	26.21	103.0	27.26	26.21	102.6	27.18	26.21	103.4	NaN	26.21	NaN
4/07/2018 10:25:49 AM	3613508749	1013.00	27.21	26.21	103.1	27.25	26.21	102.7	27.21	26.21	103.1	NaN	26.21	NaN
4/07/2018 10:25:50 AM	3613508750	1013.00	27.23	26.22	102.9	27.27	26.22	102.5	27.17	26.22	103.5	NaN	26.22	NaN
4/07/2018 10:25:51 AM	3613508751	1013.00	27.21	26.22	103.1	27.28	26.22	102.4	27.24	26.22	102.8	NaN	26.22	NaN
4/07/2018 10:25:52 AM	3613508752	1013.00	27.18	26.21	103.4	27.27	26.21	102.5	27.23	26.21	102.9	NaN	26.21	NaN
4/07/2018 10:25:53 AM	3613508753	1013.00	27.23	26.22	102.9	27.27	26.22	102.5	27.20	26.22	103.2	NaN	26.22	NaN
4/07/2018 10:25:54 AM	3613508754	1013.00	27.22	26.22	103.0	27.25	26.22	102.7	27.19	26.22	103.3	NaN	26.22	NaN
4/07/2018 10:25:55 AM	3613508755	1013.00	27.22	26.21	103.0	27.27	26.21	102.5	27.21	26.21	103.1	NaN	26.21	NaN
4/07/2018 10:25:56 AM	3613508756	1013.00	27.21	26.22	103.1	27.27	26.22	102.5	27.14	26.22	103.8	NaN	26.22	NaN
4/07/2018 10:25:57 AM	3613508757	1013.00	27.21	26.22	103.1	27.25	26.22	102.7	27.21	26.22	103.1	NaN	26.22	NaN
4/07/2018 10:25:58 AM	3613508758	1013.00	27.22	26.21	103.0	27.31	26.21	102.2	27.22	26.21	103.0	NaN	26.21	NaN
4/07/2018 10:25:59 AM	3613508759	1013.00	27.20	26.21	103.2	27.27	26.21	102.5	27.25	26.21	102.7	NaN	26.21	NaN
4/07/2018 10:26:00 AM	3613508760	1013.00	27.23	26.22	102.9	27.29	26.22	102.3	27.27	26.22	102.5	NaN	26.22	NaN
4/07/2018 10:26:01 AM	3613508761	1013.00	27.23	26.22	102.9	27.26	26.22	102.6	27.23	26.22	102.9	NaN	26.22	NaN
4/07/2018 10:26:02 AM	3613508762	1013.00	27.23	26.23	102.9	27.29	26.23	102.3	27.23	26.23	102.9	NaN	26.23	NaN
4/07/2018 10:26:03 AM	3613508763	1013.00	27.23	26.23	102.9	27.33	26.23	101.9	27.25	26.23	102.7	NaN	26.23	NaN
4/07/2018 10:26:04 AM	3613508764	1013.00	27.23	26.23	102.9	27.28	26.23	102.4	27.21	26.23	103.1	NaN	26.23	NaN
4/07/2018 10:26:05 AM	3613508765	1013.00	27.24	26.23	102.8	27.32	26.23	102.0	27.28	26.23	102.4	NaN	26.23	NaN
4/07/2018 10:26:06 AM	3613508766	1013.00	27.25	26.22	102.7	27.29	26.22	102.3	27.23	26.22	102.9	NaN	26.22	NaN
4/07/2018 10:26:07 AM	3613508767	1013.00	27.23	26.22	102.9	27.28	26.22	102.4	27.22	26.22	103.0	NaN	26.22	NaN
4/07/2018 10:26:08 AM	3613508768	1013.00	27.22	26.22	103.0	27.29	26.22	102.3	27.25	26.22	102.7	NaN	26.22	NaN
4/07/2018 10:26:09 AM	3613508769	1013.00	27.24	26.22	102.8	27.31	26.22	102.1	27.30	26.22	102.2	NaN	26.22	NaN
4/07/2018 10:26:10 AM	3613508770	1013.00	27.26	26.22	102.6	27.30	26.22	102.2	27.32	26.22	102.0	NaN	26.22	NaN
4/07/2018 10:26:11 AM	3613508771	1013.00	27.25	26.22	102.7	27.30	26.22	102.2	27.28	26.22	102.4	NaN	26.22	NaN
4/07/2018 10:26:12 AM	3613508772	1013.00	27.24	26.21	102.8	27.32	26.21	102.1	27.29	26.21	102.4	NaN	26.21	NaN
4/07/2018 10:26:13 AM	3613508773	1013.00	27.26	26.22	102.6	27.28	26.22	102.4	27.30	26.22	102.2	NaN	26.22	NaN
4/07/2018 10:26:14 AM	3613508774	1013.00	27.25	26.22	102.7	27.34	26.22	101.9	27.26	26.22	102.6	NaN	26.22	NaN
4/07/2018 10:26:15 AM	3613508775	1013.00	27.27	26.22	102.5	27.32	26.22	102.0	27.22	26.22	103.0	NaN	26.22	NaN
4/07/2018 10:26:16 AM	3613508776	1013.00	27.24	26.23	102.8	27.33	26.23	101.9	27.30	26.23	102.2	NaN	26.23	NaN
4/07/2018 10:26:17 AM	3613508777	1013.00	27.27	26.23	102.5	27.33	26.23	101.9	27.30	26.23	102.2	NaN	26.23	NaN
4/07/2018 10:26:18 AM	3613508778	1013.00	27.26	26.22	102.6	27.31	26.22	102.1	27.27	26.22	102.5	NaN	26.22	NaN
4/07/2018 10:26:19 AM	3613508779	1013.00	27.26	26.22	102.6	27.34	26.22	101.9	27.28	26.22	102.4	NaN	26.22	NaN
4/07/2018 10:26:20 AM	3613508780	1013.00	27.27	26.22	102.5	27.36	26.22	101.7	27.30	26.22	102.2	NaN	26.22	NaN
4/07/2018 10:26:21 AM	3613508781	1013.00	27.24	26.21	102.8	27.31	26.21	102.2	27.24	26.21	102.8	NaN	26.21	NaN
4/07/2018 10:26:22 AM	3613508782	1013.00	27.28	26.22	102.4	27.33	26.22	101.9	27.27	26.22	102.5	NaN	26.22	NaN
4/07/2018 10:26:23 AM	3613508783	1013.00	27.23	26.21	102.9	27.31	26.21	102.2	27.28	26.21	102.4	NaN	26.21	NaN
4/07/2018 10:26:24 AM	3613508784	1013.00	27.25	26.22	102.7	27.36	26.22	101.7	27.34	26.22	101.9	NaN	26.22	NaN
4/07/2018 10:26:25 AM	3613508785	1013.00	27.28	26.21	102.4	27.34	26.21	101.9	27.30	26.21	102.3	NaN	26.21	NaN
4/07/2018 10:26:26 AM	3613508786	1013.00	27.27	26.21	102.5	27.31	26.21	102.2	27.31	26.21	102.2	NaN	26.21	NaN
4/07/2018 10:26:27 AM	3613508787	1013.00	27.27	26.21	102.5	27.35	26.21	101.8	27.33	26.21	102.0	NaN	26.21	NaN
4/07/2018 10:26:28 AM	3613508788	1013.00	27.27	26.21	102.5	27.36	26.21	101.7	27.31	26.21	102.2	NaN	26.21	NaN
4/07/2018 10:26:29 AM	3613508789	1013.00	27.28	26.20	102.5	27.35	26.20	101.8	27.28	26.20	102.5	NaN	26.20	NaN
4/07/2018 10:26:30 AM	3613508790	1013.00	27.28	26.21	102.4	27.32	26.21	102.1	27.26	26.21	102.6	NaN	26.21	NaN
4/07/2018 10:26:31 AM	3613508791	1013.00	27.29	26.21	102.4	27.34	26.21	101.9	27.33	26.21	102.0	NaN	26.21	NaN
4/07/2018 10:26:32 AM	3613508792	1013.00	27.26	26.20	102.7	27.34	26.20	101.9	27.31	26.20	102.2	NaN	26.20	NaN
4/07/2018 10:26:33 AM	3613508793	1013.00	27.28	26.21	102.4	27.34	26.21	101.9	27.33	26.21	102.0	NaN	26.21	NaN
4/07/2018 10:26:34 AM	3613508794	1013.00	27.28	26.22	102.4	27.37	26.22	101.6	27.31	26.22	102.1	NaN	26.22	NaN
4/07/2018 10:26:35 AM	3613508795	1013.00	27.25	26.22	102.7	27.37	26.22	101.6	27.35	26.22	101.8	NaN	26.22	NaN
4/07/2018 10:26:36 AM	3613508796	1013.00	27.28	26.22	102.4	27.40	26.22	101.3	27.31	26.22	102.1	NaN	26.22	NaN
4/07/2018 10:26:37 AM	3613508797	1013.00	27.28	26.22	102.4	27.37	26.22	101.6	27.33	26.22	101.9	NaN	26.22	NaN
4/07/2018 10:26:38 AM	3613508798	1013.00	27.29	26.22	102.3	27.40	26.22	101.3	27.33	26.22	101.9	NaN	26.22	NaN
4/07/2018 10:26:39 AM	3613508799	1013.00	27.31	26.21	102.2	27.35	26.21	101.8	27.35	26.21	101.8	NaN	26.21	NaN
4/07/2018 10:26:40 AM	3613508800	1013.00	27.25	26.21	102.7	27.37	26.21	101.6	27.33	26.21	102.0	NaN	26.21	NaN
4/07/2018 10:26:41 AM	3613508801	1013.00	27.29	26.21	102.4	27.38	26.21	101.5	27.33	26.21	102.0	NaN	26.21	NaN
4/07/2018 10:26:42 AM	3613508802	1013.00	27.29	26.21	102.4	27.39	26.21	101.4	27.35	26.21	101.8	NaN	26.21	NaN
4/07/2018 10:26:43 AM	3613508803	1013.00	27.28	26.21	102.4	27.38	26.21	101.5	27.33	26.21	102.0	NaN	26.21	NaN
4/07/2018 10:26:44 AM	3613508804	1013.00	27.30	26.22	102.2	27.38	26.22	101.5	27.33	26.22	101.9	NaN	26.22	NaN
4/07/2018 10:26:45 AM	3613508805	1013.00	27.29	26.22	102.3	27.40	26.22	101.3	27.32	26.22	102.0	NaN	26.22	NaN
4/07/2018 10:26:46 AM	3613508806	1013.00	27.29	26.22	102.3	27.44	26.22	100.9	27.37	26.22	101.6	NaN	26.22	NaN
4/07/2018 10:26:47 AM	3613508807	1013.00	27.29	26.22	102.3	27.42	26.22	101.1	27.35	26.22	101.8	NaN	26.22	NaN
4/07/2018 10:26:48 AM	3613508808	1013.00	27.31	26.24	102.1	27.39	26.24	101.3	27.36	26.24	101.6	NaN	26.24	NaN
4/07/2018 10:26:49 AM	3613508809	1013.00	27.30	26.23	102.2	27.39	26.23	101.4	27.34	26.23	101.8	NaN	26.23	NaN
4/07/2018 10:26:50 AM	3613508810	1013.00	27.33	26.23	101.9	27.47	26.23	100.6	27.34	26.23	101.8	NaN	26.23	NaN
4/07/2018 10:26:51 AM	3613508811	1013.00	27.30	26.24	102.2	27.42	26.24	101.1	27.37	26.24	101.5	NaN	26.24	NaN
4/07/2018 10:26:52 AM	3613508812	1013.00	27.32	26.24	102.0	27.44	26.24	100.9	27.38	26.24	101.4	NaN	26.24	NaN
4/07/2018 10:26:53 AM	3613508813	1013.00	27.30	26.22	102.2	27.41	26.22	101.2	27.40	26.22	101.3	NaN	26.22	NaN
4/07/2018 10:26:54 AM	3613508814	1013.00	27.28	26.22	102.4	27.45	26.22	100.8	27.38	26.22	101.5	NaN	26.22	NaN
4/07/2018 10:26:55 AM	3613508815	1013.00	27.30	26.23	102.2	27.46	26.23	100.7	27.38	26.23	101.5	NaN	26.23	NaN
4/07/2018 10:26:56 AM	3613508816	1013.00	27.30	26.23	102.2	27.44	26.23	100.9	27.42	26.23	101.1	NaN	26.23	NaN
4/07/2018 10:26:57 AM	3613508817	1013.00	27.29	26.22	102.3	27.43	26.22	101.0	27.36	26.22	101.7	NaN	26.22	NaN
4/07/2018 10:26:58 AM	3613508818	1013.00	27.31	26.23	102.1	27.47	26.23	100.6	27.36	26.23	101.6	NaN	26.23	NaN
4/07/2018 10:26:59 AM	3613508819	1013.00	27.30	26.23	102.2	27.46	26.23	100.7	27.37	26.23	101.5	NaN	26.23	NaN
4/07/2018 10:27:00 AM	3613508820	1013.00	27.30	26.22	102.2	27.43	26.22	101.0	27.39	26.22	101.4	NaN	26.22	NaN
4/07/2018 10:27:01 AM	3613508821	1013.00	27.32	26.22	102.0	27.48	26.22	100.5	27.39	26.22	101.4	NaN	26.22	NaN
4/07/2018 10:27:02 AM	3613508822	1013.00	27.29	26.22	102.3	27.47	26.22	100.6	27.38	26.22	101.5	NaN	26.22	NaN
4/07/2018 10:27:03 AM	3613508823	1013.00	27.31	26.22	102.1	27.46	26.22	100.7	27.34	26.22	101.9	NaN	26.22	NaN
4/07/2018 10:27:04 AM	3613508824	1013.00	27.31	26.22	102.1	27.46	26.22	100.7	27.43	26.22	101.0	NaN	26.22	NaN
4/07/2018 10:27:05 AM	3613508825	1013.00	27.30	26.22	102.2	27.47	26.22	100.6	27.38	26.22	101.5	NaN	26.22	NaN
4/07/2018 10:27:06 AM	3613508826	1013.00	27.32	26.22	102.0	27.50	26.22	100.3	27.36	26.22	101.7	NaN	26.22	NaN
4/07/2018 10:27:07 AM	3613508827	1013.00	27.32	26.22	102.0	27.50	26.22	100.3	27.38	26.22	101.5	NaN	26.22	NaN
4/07/2018 10:27:08 AM	3613508828	1013.00	27.31	26.22	102.1	27.50	26.22	100.3	27.39	26.22	101.4	NaN	26.22	NaN
4/07/2018 10:27:09 AM	3613508829	1013.00	27.32	26.22	102.0	27.49	26.22	100.4	27.37	26.22	101.6	NaN	26.22	NaN
4/07/2018 10:27:10 AM	3613508830	1013.00	27.32	26.22	102.0	27.50	26.22	100.3	27.37	26.22	101.6	NaN	26.22	NaN
4/07/2018 10:27:11 AM	3613508831	1013.00	27.33	26.22	101.9	27.49	26.22	100.4	27.39	26.22	101.4	NaN	26.22	NaN
4/07/2018 10:27:12 AM	3613508832	1013.00	27.32	26.22	102.0	27.49	26.22	100.4	27.39	26.22	101.4	NaN	26.22	NaN
4/07/2018 10:27:13 AM	3613508833	1013.00	27.32	26.22	102.0	27.51	26.22	100.2	27.35	26.22	101.8	NaN	26.22	NaN
4/07/2018 10:27:14 AM	3613508834	1013.00	27.35	26.22	101.8	27.53	26.22	100.0	27.38	26.22	101.5	NaN	26.22	NaN
4/07/2018 10:27:15 AM	3613508835	1013.00	27.34	26.22	101.9	27.53	26.22	100.0	27.38	26.22	101.5	NaN	26.22	NaN
4/07/2018 10:27:16 AM	3613508836	1013.00	27.32	26.21	102.1	27.50	26.21	100.3	27.43	26.21	101.0	NaN	26.21	NaN
4/07/2018 10:27:17 AM	3613508837	1013.00	27.33	26.23	101.9	27.51	26.23	100.2	27.44	26.23	100.9	NaN	26.23	NaN
4/07/2018 10:27:18 AM	3613508838	1013.00	27.34	26.22	101.9	27.55	26.22	99.9	27.40	26.22	101.3	NaN	26.22	NaN
4/07/2018 10:27:19 AM	3613508839	1013.00	27.31	26.22	102.1	27.54	26.22	100.0	27.43	26.22	101.0	NaN	26.22	NaN
4/07/2018 10:27:20 AM	3613508840	1013.00	27.34	26.22	101.9	27.51	26.22	100.2	27.42	26.22	101.1	NaN	26.22	NaN
4/07/2018 10:27:21 AM	3613508841	1013.00	27.32	26.22	102.0	27.52	26.22	100.1	27.46	26.22	100.7	NaN	26.22	NaN
4/07/2018 10:27:22 AM	3613508842	1013.00	27.32	26.21	102.1	27.55	26.21	99.9	27.45	26.21	100.8	NaN	26.21	NaN
4/07/2018 10:27:23 AM	3613508843	1013.00	27.33	26.21	102.0	27.53	26.21	100.1	27.47	26.21	100.6	NaN	26.21	NaN
4/07/2018 10:27:24 AM	3613508844	1013.00	27.34	26.21	101.9	27.58	26.21	99.6	27.45	26.21	100.8	NaN	26.21	NaN
4/07/2018 10:27:25 AM	3613508845	1013.00	27.34	26.21	101.9	27.54	26.21	100.0	27.44	26.21	100.9	NaN	26.21	NaN
4/07/2018 10:27:26 AM	3613508846	1013.00	27.36	26.22	101.7	27.60	26.22	99.4	27.45	26.22	100.8	NaN	26.22	NaN
4/07/2018 10:27:27 AM	3613508847	1013.00	27.35	26.22	101.8	27.55	26.22	99.9	27.44	26.22	100.9	NaN	26.22	NaN
4/07/2018 10:27:28 AM	3613508848	1013.00	27.34	26.23	101.8	27.60	26.23	99.4	27.50	26.23	100.3	NaN	26.23	NaN
4/07/2018 10:27:29 AM	3613508849	1013.00	27.35	26.22	101.8	27.59	26.22	99.5	27.47	26.22	100.6	NaN	26.22	NaN
4/07/2018 10:27:30 AM	3613508850	1013.00	27.34	26.21	101.9	27.58	26.21	99.6	27.48	26.21	100.5	NaN	26.21	NaN
4/07/2018 10:27:31 AM	3613508851	1013.00	27.34	26.21	101.9	27.58	26.21	99.6	27.43	26.21	101.0	NaN	26.21	NaN
4/07/2018 10:27:32 AM	3613508852	1013.00	27.36	26.21	101.7	27.59	26.21	99.5	27.43	26.21	101.0	NaN	26.21	NaN
4/07/2018 10:27:33 AM	3613508853	1013.00	27.34	26.20	101.9	27.57	26.20	99.7	27.47	26.20	100.6	NaN	26.20	NaN
4/07/2018 10:27:34 AM	3613508854	1013.00	27.38	26.21	101.5	27.62	26.21	99.2	27.47	26.21	100.6	NaN	26.21	NaN
4/07/2018 10:27:35 AM	3613508855	1013.00	27.37	26.21	101.6	27.62	26.21	99.2	27.49	26.21	100.4	NaN	26.21	NaN
4/07/2018 10:27:36 AM	3613508856	1013.00	27.38	26.21	101.5	27.60	26.21	99.4	27.42	26.21	101.1	NaN	26.21	NaN
4/07/2018 10:27:37 AM	3613508857	1013.00	27.37	26.21	101.6	27.63	26.21	99.1	27.46	26.21	100.7	NaN	26.21	NaN
4/07/2018 10:27:38 AM	3613508858	1013.00	27.37	26.21	101.6	27.63	26.21	99.1	27.49	26.21	100.4	NaN	26.21	NaN
4/07/2018 10:27:39 AM	3613508859	1013.00	27.35	26.21	101.8	27.64	26.21	99.0	27.48	26.21	100.5	NaN	26.21	NaN
4/07/2018 10:27:40 AM	3613508860	1013.00	27.37	26.21	101.6	27.61	26.21	99.3	27.52	26.21	100.2	NaN	26.21	NaN
4/07/2018 10:27:41 AM	3613508861	1013.00	27.38	26.22	101.5	27.61	26.22	99.3	27.43	26.22	101.0	NaN	26.22	NaN
4/07/2018 10:27:42 AM	3613508862	1013.00	27.38	26.21	101.5	27.67	26.21	98.8	27.46	26.21	100.7	NaN	26.21	NaN
4/07/2018 10:27:43 AM	3613508863	1013.00	27.42	26.22	101.1	27.63	26.22	99.1	27.47	26.22	100.6	NaN	26.22	NaN
4/07/2018 10:27:44 AM	3613508864	1013.00	27.39	26.21	101.4	27.63	26.21	99.1	27.50	26.21	100.3	NaN	26.21	NaN
4/07/2018 10:27:45 AM	3613508865	1013.00	27.38	26.21	101.5	27.62	26.21	99.2	27.46	26.21	100.7	NaN	26.21	NaN
4/07/2018 10:27:46 AM	3613508866	1013.00	27.38	26.21	101.5	27.64	26.21	99.0	27.50	26.21	100.3	NaN	26.21	NaN
4/07/2018 10:27:47 AM	3613508867	1013.00	27.38	26.21	101.5	27.66	26.21	98.9	27.47	26.21	100.6	NaN	26.21	NaN
4/07/2018 10:27:48 AM	3613508868	1013.00	27.38	26.20	101.5	27.66	26.20	98.9	27.50	26.20	100.4	NaN	26.20	NaN
4/07/2018 10:27:49 AM	3613508869	1013.00	27.38	26.21	101.5	27.63	26.21	99.1	27.50	26.21	100.3	NaN	26.21	NaN
4/07/2018 10:27:50 AM	3613508870	1013.00	27.38	26.21	101.5	27.68	26.21	98.7	27.52	26.21	100.2	NaN	26.21	NaN
4/07/2018 10:27:51 AM	3613508871	1013.00	27.40	26.21	101.3	27.67	26.21	98.8	27.51	26.21	100.3	NaN	26.21	NaN
4/07/2018 10:27:52 AM	3613508872	1013.00	27.39	26.20	101.4	27.64	26.20	99.1	27.49	26.20	100.5	NaN	26.20	NaN
4/07/2018 10:27:53 AM	3613508873	1013.00	27.40	26.21	101.3	27.67	26.21	98.8	27.55	26.21	99.9	NaN	26.21	NaN
4/07/2018 10:27:54 AM	3613508874	1013.00	27.41	26.21	101.2	27.69	26.21	98.6	27.55	26.21	99.9	NaN	26.21	NaN
4/07/2018 10:27:55 AM	3613508875	1013.00	27.41	26.21	101.2	27.71	26.21	98.4	27.51	26.21	100.3	NaN	26.21	NaN
4/07/2018 10:27:56 AM	3613508876	1013.00	27.40	26.22	101.3	27.72	26.22	98.3	27.53	26.22	100.0	NaN	26.22	NaN
4/07/2018 10:27:57 AM	3613508877	1013.00	27.42	26.22	101.1	27.70	26.22	98.5	27.51	26.22	100.2	NaN	26.22	NaN
4/07/2018 10:27:58 AM	3613508878	1013.00	27.41	26.22	101.2	27.73	26.22	98.2	27.54	26.22	100.0	NaN	26.22	NaN
4/07/2018 10:27:59 AM	3613508879	1013.00	27.43	26.22	101.0	27.70	26.22	98.5	27.51	26.22	100.2	NaN	26.22	NaN
4/07/2018 10:28:00 AM	3613508880	1013.00	27.40	26.21	101.3	27.74	26.21	98.1	27.57	26.21	99.7	NaN	26.21	NaN
4/07/2018 10:28:01 AM	3613508881	1013.00	27.40	26.22	101.3	27.71	26.22	98.4	27.57	26.22	99.7	NaN	26.22	NaN
4/07/2018 10:28:02 AM	3613508882	1013.00	27.43	26.21	101.0	27.74	26.21	98.1	27.56	26.21	99.8	NaN	26.21	NaN
4/07/2018 10:28:03 AM	3613508883	1013.00	27.41	26.22	101.2	27.71	26.22	98.4	27.53	26.22	100.0	NaN	26.22	NaN
4/07/2018 10:28:04 AM	3613508884	1013.00	27.43	26.22	101.0	27.74	26.22	98.1	27.53	26.22	100.0	NaN	26.22	NaN
4/07/2018 10:28:05 AM	3613508885	1013.00	27.43	26.23	101.0	27.75	26.23	98.0	27.52	26.23	100.1	NaN	26.23	NaN
4/07/2018 10:28:06 AM	3613508886	1013.00	27.43	26.23	101.0	27.76	26.23	97.9	27.60	26.23	99.4	NaN	26.23	NaN
4/07/2018 10:28:07 AM	3613508887	1013.00	27.45	26.23	100.8	27.73	26.23	98.2	27.56	26.23	99.7	NaN	26.23	NaN
4/07/2018 10:28:08 AM	3613508888	1013.00	27.42	26.22	101.1	27.75	26.22	98.0	27.56	26.22	99.8	NaN	26.22	NaN
4/07/2018 10:28:09 AM	3613508889	1013.00	27.42	26.23	101.1	27.79	26.23	97.6	27.59	26.23	99.5	NaN	26.23	NaN
4/07/2018 10:28:10 AM	3613508890	1013.00	27.43	26.22	101.0	27.75	26.22	98.0	27.59	26.22	99.5	NaN	26.22	NaN
4/07/2018 10:28:11 AM	3613508891	1013.00	27.45	26.22	100.8	27.73	26.22	98.2	27.61	26.22	99.3	NaN	26.22	NaN
4/07/2018 10:28:12 AM	3613508892	1013.00	27.43	26.23	101.0	27.77	26.23	97.8	27.57	26.23	99.7	NaN	26.23	NaN
4/07/2018 10:28:13 AM	3613508893	1013.00	27.44	26.22	100.9	27.78	26.22	97.7	27.58	26.22	99.6	NaN	26.22	NaN
4/07/2018 10:28:14 AM	3613508894	1013.00	27.43	26.22	101.0	27.73	26.22	98.2	27.63	26.22	99.1	NaN	26.22	NaN
4/07/2018 10:28:15 AM	3613508895	1013.00	27.43	26.23	101.0	27.77	26.23	97.8	27.58	26.23	99.6	NaN	26.23	NaN
4/07/2018 10:28:16 AM	3613508896	1013.00	27.44	26.23	100.9	27.77	26.23	97.8	27.57	26.23	99.7	NaN	26.23	NaN
4/07/2018 10:28:17 AM	3613508897	1013.00	27.43	26.23	101.0	27.80	26.23	97.5	27.58	26.23	99.6	NaN	26.23	NaN
4/07/2018 10:28:18 AM	3613508898	1013.00	27.46	26.23	100.7	27.74	26.23	98.1	27.63	26.23	99.1	NaN	26.23	NaN
4/07/2018 10:28:19 AM	3613508899	1013.00	27.45	26.23	100.8	27.79	26.23	97.6	27.63	26.23	99.1	NaN	26.23	NaN
4/07/2018 10:28:20 AM	3613508900	1013.00	27.47	26.23	100.6	27.76	26.23	97.9	27.62	26.23	99.2	NaN	26.23	NaN
4/07/2018 10:28:21 AM	3613508901	1013.00	27.44	26.23	100.9	27.78	26.23	97.7	27.62	26.23	99.2	NaN	26.23	NaN
4/07/2018 10:28:22 AM	3613508902	1013.00	27.45	26.22	100.8	27.81	26.22	97.5	27.64	26.22	99.0	NaN	26.22	NaN
4/07/2018 10:28:23 AM	3613508903	1013.00	27.47	26.22	100.6	27.77	26.22	97.8	27.62	26.22	99.2	NaN	26.22	NaN
4/07/2018 10:28:24 AM	3613508904	1013.00	27.47	26.21	100.6	27.76	26.21	97.9	27.59	26.21	99.5	NaN	26.21	NaN
4/07/2018 10:28:25 AM	3613508905	1013.00	27.49	26.21	100.4	27.80	26.21	97.6	27.60	26.21	99.4	NaN	26.21	NaN
4/07/2018 10:28:26 AM	3613508906	1013.00	27.46	26.22	100.7	27.82	26.22	97.4	27.59	26.22	99.5	NaN	26.22	NaN
4/07/2018 10:28:27 AM	3613508907	1013.00	27.47	26.22	100.6	27.83	26.22	97.3	27.61	26.22	99.3	NaN	26.22	NaN
4/07/2018 10:28:28 AM	3613508908	1013.00	27.45	26.22	100.8	27.80	26.22	97.5	27.66	26.22	98.8	NaN	26.22	NaN
4/07/2018 10:28:29 AM	3613508909	1013.00	27.50	26.22	100.3	27.83	26.22	97.3	27.62	26.22	99.2	NaN	26.22	NaN
4/07/2018 10:28:30 AM	3613508910	1013.00	27.48	26.22	100.5	27.85	26.22	97.1	27.65	26.22	98.9	NaN	26.22	NaN
4/07/2018 10:28:31 AM	3613508911	1013.00	27.47	26.22	100.6	27.82	26.22	97.4	27.64	26.22	99.0	NaN	26.22	NaN
4/07/2018 10:28:32 AM	3613508912	1013.00	27.50	26.21	100.3	27.79	26.21	97.7	27.61	26.21	99.3	NaN	26.21	NaN
4/07/2018 10:28:33 AM	3613508913	1013.00	27.48	26.22	100.5	27.83	26.22	97.3	27.66	26.22	98.8	NaN	26.22	NaN
4/07/2018 10:28:34 AM	3613508914	1013.00	27.50	26.23	100.3	27.84	26.23	97.2	27.67	26.23	98.7	NaN	26.23	NaN
4/07/2018 10:28:35 AM	3613508915	1013.00	27.49	26.23	100.4	27.83	26.23	97.3	27.66	26.23	98.8	NaN	26.23	NaN
4/07/2018 10:28:36 AM	3613508916	1013.00	27.50	26.23	100.3	27.84	26.23	97.2	27.65	26.23	98.9	NaN	26.23	NaN
4/07/2018 10:28:37 AM	3613508917	1013.00	27.48	26.24	100.5	27.84	26.24	97.2	27.66	26.24	98.8	NaN	26.24	NaN
4/07/2018 10:28:38 AM	3613508918	1013.00	27.51	26.23	100.2	27.84	26.23	97.2	27.67	26.23	98.7	NaN	26.23	NaN
4/07/2018 10:28:39 AM	3613508919	1013.00	27.49	26.23	100.4	27.84	26.23	97.2	27.74	26.23	98.1	NaN	26.23	NaN
4/07/2018 10:28:40 AM	3613508920	1013.00	27.52	26.22	100.1	27.87	26.22	96.9	27.66	26.22	98.8	NaN	26.22	NaN
4/07/2018 10:28:41 AM	3613508921	1013.00	27.52	26.22	100.1	27.81	26.22	97.5	27.71	26.22	98.4	NaN	26.22	NaN
4/07/2018 10:28:42 AM	3613508922	1013.00	27.51	26.22	100.2	27.89	26.22	96.7	27.66	26.22	98.8	NaN	26.22	NaN
4/07/2018 10:28:43 AM	3613508923	1013.00	27.52	26.22	100.1	27.85	26.22	97.1	27.68	26.22	98.6	NaN	26.22	NaN
4/07/2018 10:28:44 AM	3613508924	1013.00	27.50	26.22	100.3	27.85	26.22	97.1	27.73	26.22	98.2	NaN	26.22	NaN
4/07/2018 10:28:45 AM	3613508925	1013.00	27.52	26.23	100.1	27.86	26.23	97.0	27.71	26.23	98.4	NaN	26.23	NaN
4/07/2018 10:28:46 AM	3613508926	1013.00	27.53	26.22	100.0	27.85	26.22	97.1	27.71	26.22	98.4	NaN	26.22	NaN
4/07/2018 10:28:47 AM	3613508927	1013.00	27.52	26.22	100.1	27.85	26.22	97.1	27.71	26.22	98.4	NaN	26.22	NaN
4/07/2018 10:28:48 AM	3613508928	1013.00	27.53	26.22	100.0	27.87	26.22	96.9	27.71	26.22	98.4	NaN	26.22	NaN
4/07/2018 10:28:49 AM	3613508929	1013.00	27.50	26.22	100.3	27.87	26.22	96.9	27.74	26.22	98.1	NaN	26.22	NaN
4/07/2018 10:28:50 AM	3613508930	1013.00	27.53	26.22	100.0	27.84	26.22	97.2	27.71	26.22	98.4	NaN	26.22	NaN
4/07/2018 10:28:51 AM	3613508931	1013.00	27.53	26.23	100.0	27.90	26.23	96.6	27.71	26.23	98.4	NaN	26.23	NaN
4/07/2018 10:28:52 AM	3613508932	1013.00	27.53	26.23	100.0	27.89	26.23	96.7	27.70	26.23	98.4	NaN	26.23	NaN
4/07/2018 10:28:53 AM	3613508933	1013.00	27.52	26.23	100.1	27.89	26.23	96.7	27.74	26.23	98.1	NaN	26.23	NaN
4/07/2018 10:28:54 AM	3613508934	1013.00	27.54	26.23	99.9	27.89	26.23	96.7	27.72	26.23	98.3	NaN	26.23	NaN
4/07/2018 10:28:55 AM	3613508935	1013.00	27.54	26.22	100.0	27.89	26.22	96.7	27.72	26.22	98.3	NaN	26.22	NaN
4/07/2018 10:28:56 AM	3613508936	1013.00	27.51	26.22	100.2	27.86	26.22	97.0	27.76	26.22	97.9	NaN	26.22	NaN
4/07/2018 10:28:57 AM	3613508937	1013.00	27.55	26.21	99.9	27.90	26.21	96.7	27.74	26.21	98.1	NaN	26.21	NaN
4/07/2018 10:28:58 AM	3613508938	1013.00	27.53	26.21	100.1	27.89	26.21	96.8	27.74	26.21	98.1	NaN	26.21	NaN
4/07/2018 10:28:59 AM	3613508939	1013.00	27.51	26.22	100.2	27.92	26.22	96.5	27.76	26.22	97.9	NaN	26.22	NaN
4/07/2018 10:29:00 AM	3613508940	1013.00	27.56	26.22	99.8	27.89	26.22	96.7	27.72	26.22	98.3	NaN	26.22	NaN
4/07/2018 10:29:01 AM	3613508941	1013.00	27.56	26.22	99.8	27.90	26.22	96.6	27.76	26.22	97.9	NaN	26.22	NaN
4/07/2018 10:29:02 AM	3613508942	1013.00	27.58	26.22	99.6	27.89	26.22	96.7	27.74	26.22	98.1	NaN	26.22	NaN
4/07/2018 10:29:03 AM	3613508943	1013.00	27.57	26.22	99.7	27.96	26.22	96.1	27.74	26.22	98.1	NaN	26.22	NaN
4/07/2018 10:29:04 AM	3613508944	1013.00	27.56	26.22	99.8	27.94	26.22	96.3	27.75	26.22	98.0	NaN	26.22	NaN
4/07/2018 10:29:05 AM	3613508945	1013.00	27.55	26.21	99.9	27.93	26.21	96.4	27.72	26.21	98.3	NaN	26.21	NaN
4/07/2018 10:29:06 AM	3613508946	1013.00	27.58	26.21	99.6	27.92	26.21	96.5	27.76	26.21	97.9	NaN	26.21	NaN
4/07/2018 10:29:07 AM	3613508947	1013.00	27.59	26.23	99.5	27.97	26.23	96.0	27.75	26.23	98.0	NaN	26.23	NaN
4/07/2018 10:29:08 AM	3613508948	1013.00	27.56	26.22	99.8	27.96	26.22	96.1	27.78	26.22	97.7	NaN	26.22	NaN
4/07/2018 10:29:09 AM	3613508949	1013.00	27.56	26.22	99.8	27.92	26.22	96.5	27.78	26.22	97.7	NaN	26.22	NaN
4/07/2018 10:29:10 AM	3613508950	1013.00	27.56	26.22	99.8	27.96	26.22	96.1	27.75	26.22	98.0	NaN	26.22	NaN
4/07/2018 10:29:11 AM	3613508951	1013.00	27.59	26.22	99.5	27.96	26.22	96.1	27.80	26.22	97.5	NaN	26.22	NaN
4/07/2018 10:29:12 AM	3613508952	1013.00	27.59	26.22	99.5	27.95	26.22	96.2	27.77	26.22	97.8	NaN	26.22	NaN
4/07/2018 10:29:13 AM	3613508953	1013.00	27.59	26.22	99.5	27.98	26.22	95.9	27.76	26.22	97.9	NaN	26.22	NaN
4/07/2018 10:29:14 AM	3613508954	1013.00	27.58	26.22	99.6	27.97	26.22	96.0	27.77	26.22	97.8	NaN	26.22	NaN
4/07/2018 10:29:15 AM	3613508955	1013.00	27.58	26.22	99.6	27.99	26.22	95.8	27.80	26.22	97.5	NaN	26.22	NaN
4/07/2018 10:29:16 AM	3613508956	1013.00	27.58	26.22	99.6	27.98	26.22	95.9	27.80	26.22	97.5	NaN	26.22	NaN
4/07/2018 10:29:17 AM	3613508957	1013.00	27.59	26.21	99.5	28.02	26.21	95.6	27.74	26.21	98.1	NaN	26.21	NaN
4/07/2018 10:29:18 AM	3613508958	1013.00	27.60	26.22	99.4	27.92	26.22	96.5	27.78	26.22	97.7	NaN	26.22	NaN
4/07/2018 10:29:19 AM	3613508959	1013.00	27.59	26.22	99.5	27.99	26.22	95.8	27.79	26.22	97.6	NaN	26.22	NaN
4/07/2018 10:29:20 AM	3613508960	1013.00	27.61	26.22	99.3	28.00	26.22	95.7	27.78	26.22	97.7	NaN	26.22	NaN
4/07/2018 10:29:21 AM	3613508961	1013.00	27.59	26.23	99.5	27.99	26.23	95.8	27.75	26.23	98.0	NaN	26.23	NaN
4/07/2018 10:29:22 AM	3613508962	1013.00	27.58	26.23	99.6	28.02	26.23	95.6	27.85	26.23	97.1	NaN	26.23	NaN
4/07/2018 10:29:23 AM	3613508963	1013.00	27.61	26.23	99.3	28.02	26.23	95.6	27.80	26.23	97.5	NaN	26.23	NaN
4/07/2018 10:29:24 AM	3613508964	1013.00	27.61	26.22	99.3	28.02	26.22	95.6	27.81	26.22	97.5	NaN	26.22	NaN
4/07/2018 10:29:25 AM	3613508965	1013.00	27.62	26.21	99.2	28.04	26.21	95.4	27.79	26.21	97.7	NaN	26.21	NaN
4/07/2018 10:29:26 AM	3613508966	1013.00	27.56	26.22	99.8	28.03	26.22	95.5	27.81	26.22	97.5	NaN	26.22	NaN
4/07/2018 10:29:27 AM	3613508967	1013.00	27.60	26.21	99.4	28.02	26.21	95.6	27.80	26.21	97.6	NaN	26.21	NaN
4/07/2018 10:29:28 AM	3613508968	1013.00	27.62	26.22	99.2	28.02	26.22	95.6	27.78	26.22	97.7	NaN	26.22	NaN
4/07/2018 10:29:29 AM	3613508969	1013.00	27.63	26.22	99.1	28.01	26.22	95.7	27.80	26.22	97.5	NaN	26.22	NaN
4/07/2018 10:29:30 AM	3613508970	1013.00	27.65	26.23	98.9	28.03	26.23	95.5	27.87	26.23	96.9	NaN	26.23	NaN
4/07/2018 10:29:31 AM	3613508971	1013.00	27.59	26.23	99.5	28.02	26.23	95.6	27.78	26.23	97.7	NaN	26.23	NaN
4/07/2018 10:29:32 AM	3613508972	1013.00	27.61	26.23	99.3	28.05	26.23	95.3	27.82	26.23	97.4	NaN	26.23	NaN
4/07/2018 10:29:33 AM	3613508973	1013.00	27.62	26.22	99.2	28.03	26.22	95.5	27.85	26.22	97.1	NaN	26.22	NaN
4/07/2018 10:29:34 AM	3613508974	1013.00	27.60	26.23	99.4	28.08	26.23	95.0	27.86	26.23	97.0	NaN	26.23	NaN
4/07/2018 10:29:35 AM	3613508975	1013.00	27.63	26.22	99.1	28.05	26.22	95.3	27.80	26.22	97.5	NaN	26.22	NaN
4/07/2018 10:29:36 AM	3613508976	1013.00	27.63	26.22	99.1	28.05	26.22	95.3	27.86	26.22	97.0	NaN	26.22	NaN
4/07/2018 10:29:37 AM	3613508977	1013.00	27.64	26.22	99.0	28.05	26.22	95.3	27.85	26.22	97.1	NaN	26.22	NaN
4/07/2018 10:29:38 AM	3613508978	1013.00	27.63	26.22	99.1	28.06	26.22	95.2	27.80	26.22	97.5	NaN	26.22	NaN
4/07/2018 10:29:39 AM	3613508979	1013.00	27.63	26.21	99.1	28.06	26.21	95.2	27.83	26.21	97.3	NaN	26.21	NaN
4/07/2018 10:29:40 AM	3613508980	1013.00	27.64	26.22	99.0	28.07	26.22	95.1	27.79	26.22	97.6	NaN	26.22	NaN
4/07/2018 10:29:41 AM	3613508981	1013.00	27.64	26.22	99.0	28.09	26.22	95.0	27.85	26.22	97.1	NaN	26.22	NaN
4/07/2018 10:29:42 AM	3613508982	1013.00	27.66	26.22	98.8	28.08	26.22	95.0	27.85	26.22	97.1	NaN	26.22	NaN
4/07/2018 10:29:43 AM	3613508983	1013.00	27.67	26.23	98.7	28.08	26.23	95.0	27.80	26.23	97.5	NaN	26.23	NaN
4/07/2018 10:29:44 AM	3613508984	1013.00	27.65	26.23	98.9	28.10	26.23	94.8	27.85	26.23	97.1	NaN	26.23	NaN
4/07/2018 10:29:45 AM	3613508985	1013.00	27.64	26.22	99.0	28.12	26.22	94.7	27.82	26.22	97.4	NaN	26.22	NaN
4/07/2018 10:29:46 AM	3613508986	1013.00	27.65	26.22	98.9	28.12	26.22	94.7	27.88	26.22	96.8	NaN	26.22	NaN
4/07/2018 10:29:47 AM	3613508987	1013.00	27.64	26.23	99.0	28.09	26.23	94.9	27.87	26.23	96.9	NaN	26.23	NaN
4/07/2018 10:29:48 AM	3613508988	1013.00	27.66	26.23	98.8	28.10	26.23	94.8	27.86	26.23	97.0	NaN	26.23	NaN
4/07/2018 10:29:49 AM	3613508989	1013.00	27.65	26.23	98.9	28.05	26.23	95.3	27.85	26.23	97.1	NaN	26.23	NaN
4/07/2018 10:29:50 AM	3613508990	1013.00	27.63	26.22	99.1	28.10	26.22	94.9	27.89	26.22	96.7	NaN	26.22	NaN
4/07/2018 10:29:51 AM	3613508991	1013.00	27.66	26.22	98.8	28.11	26.22	94.8	27.88	26.22	96.8	NaN	26.22	NaN
4/07/2018 10:29:52 AM	3613508992	1013.00	27.64	26.21	99.0	28.11	26.21	94.8	27.88	26.21	96.8	NaN	26.21	NaN
4/07/2018 10:29:53 AM	3613508993	1013.00	27.65	26.22	98.9	28.13	26.22	94.6	27.84	26.22	97.2	NaN	26.22	NaN
4/07/2018 10:29:54 AM	3613508994	1013.00	27.67	26.22	98.7	28.09	26.22	95.0	27.87	26.22	96.9	NaN	26.22	NaN
4/07/2018 10:29:55 AM	3613508995	1013.00	27.69	26.22	98.6	28.11	26.22	94.8	27.88	26.22	96.8	NaN	26.22	NaN
4/07/2018 10:29:56 AM	3613508996	1013.00	27.69	26.23	98.5	28.12	26.23	94.7	27.86	26.23	97.0	NaN	26.23	NaN
4/07/2018 10:29:57 AM	3613508997	1013.00	27.67	26.22	98.7	28.13	26.22	94.6	27.90	26.22	96.6	NaN	26.22	NaN
4/07/2018 10:29:58 AM	3613508998	1013.00	27.67	26.23	98.7	28.13	26.23	94.6	27.87	26.23	96.9	NaN	26.23	NaN
4/07/2018 10:29:59 AM	3613508999	1013.00	27.67	26.23	98.7	28.11	26.23	94.8	27.89	26.23	96.7	NaN	26.23	NaN
4/07/2018 10:30:00 AM	3613509000	1013.00	27.66	26.24	98.8	28.14	26.24	94.5	27.92	26.24	96.4	NaN	26.24	NaN
4/07/2018 10:30:01 AM	3613509001	1013.00	27.67	26.23	98.7	28.12	26.23	94.7	27.90	26.23	96.6	NaN	26.23	NaN
4/07/2018 10:30:02 AM	3613509002	1013.00	27.68	26.23	98.6	28.17	26.23	94.2	27.90	26.23	96.6	NaN	26.23	NaN
4/07/2018 10:30:03 AM	3613509003	1013.00	27.69	26.23	98.5	28.16	26.23	94.3	27.86	26.23	97.0	NaN	26.23	NaN
4/07/2018 10:30:04 AM	3613509004	1013.00	27.66	26.23	98.8	28.13	26.23	94.6	27.93	26.23	96.4	NaN	26.23	NaN
4/07/2018 10:30:05 AM	3613509005	1013.00	27.70	26.23	98.4	28.14	26.23	94.5	27.89	26.23	96.7	NaN	26.23	NaN
4/07/2018 10:30:06 AM	3613509006	1013.00	27.69	26.23	98.5	28.19	26.23	94.1	27.90	26.23	96.6	NaN	26.23	NaN
4/07/2018 10:30:07 AM	3613509007	1013.00	27.69	26.23	98.5	28.20	26.23	94.0	27.87	26.23	96.9	NaN	26.23	NaN
4/07/2018 10:30:08 AM	3613509008	1013.00	27.68	26.23	98.6	28.19	26.23	94.1	27.90	26.23	96.6	NaN	26.23	NaN
4/07/2018 10:30:09 AM	3613509009	1013.00	27.71	26.24	98.3	28.18	26.24	94.1	27.95	26.24	96.2	NaN	26.24	NaN
4/07/2018 10:30:10 AM	3613509010	1013.00	27.70	26.24	98.4	28.19	26.24	94.0	27.92	26.24	96.4	NaN	26.24	NaN
4/07/2018 10:30:11 AM	3613509011	1013.00	27.69	26.24	98.5	28.19	26.24	94.0	27.93	26.24	96.3	NaN	26.24	NaN
4/07/2018 10:30:12 AM	3613509012	1013.00	27.69	26.23	98.5	28.21	26.23	93.9	27.94	26.23	96.3	NaN	26.23	NaN
4/07/2018 10:30:13 AM	3613509013	1013.00	27.68	26.24	98.6	28.18	26.24	94.1	27.91	26.24	96.5	NaN	26.24	NaN
4/07/2018 10:30:14 AM	3613509014	1013.00	27.69	26.23	98.5	28.18	26.23	94.1	27.96	26.23	96.1	NaN	26.23	NaN
4/07/2018 10:30:15 AM	3613509015	1013.00	27.71	26.22	98.4	28.19	26.22	94.1	27.95	26.22	96.2	NaN	26.22	NaN
4/07/2018 10:30:16 AM	3613509016	1013.00	27.70	26.23	98.4	28.18	26.23	94.1	27.90	26.23	96.6	NaN	26.23	NaN
4/07/2018 10:30:17 AM	3613509017	1013.00	27.70	26.23	98.4	28.22	26.23	93.8	27.91	26.23	96.5	NaN	26.23	NaN
4/07/2018 10:30:18 AM	3613509018	1013.00	27.73	26.24	98.2	28.19	26.24	94.0	27.97	26.24	96.0	NaN	26.24	NaN
4/07/2018 10:30:19 AM	3613509019	1013.00	27.71	26.24	98.3	28.20	26.24	94.0	27.95	26.24	96.2	NaN	26.24	NaN
4/07/2018 10:30:20 AM	3613509020	1013.00	27.71	26.25	98.3	28.21	26.25	93.9	27.93	26.25	96.3	NaN	26.25	NaN
4/07/2018 10:30:21 AM	3613509021	1013.00	27.72	26.25	98.2	28.22	26.25	93.8	27.99	26.25	95.8	NaN	26.25	NaN
4/07/2018 10:30:22 AM	3613509022	1013.00	27.71	26.25	98.3	28.24	26.25	93.6	27.94	26.25	96.2	NaN	26.25	NaN
4/07/2018 10:30:23 AM	3613509023	1013.00	27.71	26.25	98.3	28.24	26.25	93.6	27.95	26.25	96.1	NaN	26.25	NaN
4/07/2018 10:30:24 AM	3613509024	1013.00	27.73	26.25	98.1	28.24	26.25	93.6	27.97	26.25	96.0	NaN	26.25	NaN
4/07/2018 10:30:25 AM	3613509025	1013.00	27.73	26.24	98.2	28.25	26.24	93.5	27.94	26.24	96.3	NaN	26.24	NaN
4/07/2018 10:30:26 AM	3613509026	1013.00	27.73	26.24	98.2	28.24	26.24	93.6	27.96	26.24	96.1	NaN	26.24	NaN
4/07/2018 10:30:27 AM	3613509027	1013.00	27.75	26.25	98.0	28.26	26.25	93.4	27.94	26.25	96.2	NaN	26.25	NaN
4/07/2018 10:30:28 AM	3613509028	1013.00	27.75	26.24	98.0	28.20	26.24	94.0	27.98	26.24	95.9	NaN	26.24	NaN
4/07/2018 10:30:29 AM	3613509029	1013.00	27.75	26.23	98.0	28.25	26.23	93.5	27.92	26.23	96.4	NaN	26.23	NaN
4/07/2018 10:30:30 AM	3613509030	1013.00	27.73	26.24	98.2	28.28	26.24	93.3	27.95	26.24	96.2	NaN	26.24	NaN
4/07/2018 10:30:31 AM	3613509031	1013.00	27.74	26.23	98.1	28.27	26.23	93.4	27.90	26.23	96.6	NaN	26.23	NaN
4/07/2018 10:30:32 AM	3613509032	1013.00	27.72	26.23	98.3	28.27	26.23	93.4	27.94	26.23	96.3	NaN	26.23	NaN
4/07/2018 10:30:33 AM	3613509033	1013.00	27.74	26.24	98.1	28.25	26.24	93.5	27.95	26.24	96.2	NaN	26.24	NaN
4/07/2018 10:30:34 AM	3613509034	1013.00	27.75	26.23	98.0	28.27	26.23	93.4	27.92	26.23	96.4	NaN	26.23	NaN
4/07/2018 10:30:35 AM	3613509035	1013.00	27.76	26.23	97.9	28.27	26.23	93.4	27.96	26.23	96.1	NaN	26.23	NaN
4/07/2018 10:30:36 AM	3613509036	1013.00	27.77	26.23	97.8	28.28	26.23	93.3	27.95	26.23	96.2	NaN	26.23	NaN
4/07/2018 10:30:37 AM	3613509037	1013.00	27.76	26.23	97.9	28.26	26.23	93.5	27.98	26.23	95.9	NaN	26.23	NaN
4/07/2018 10:30:38 AM	3613509038	1013.00	27.77	26.22	97.8	28.30	26.22	93.1	27.95	26.22	96.2	NaN	26.22	NaN
4/07/2018 10:30:39 AM	3613509039	1013.00	27.77	26.22	97.8	28.26	26.22	93.5	27.95	26.22	96.2	NaN	26.22	NaN
4/07/2018 10:30:40 AM	3613509040	1013.00	27.76	26.23	97.9	28.27	26.23	93.4	27.93	26.23	96.4	NaN	26.23	NaN
4/07/2018 10:30:41 AM	3613509041	1013.00	27.77	26.23	97.8	28.26	26.23	93.5	27.97	26.23	96.0	NaN	26.23	NaN
4/07/2018 10:30:42 AM	3613509042	1013.00	27.77	26.23	97.8	28.29	26.23	93.2	27.95	26.23	96.2	NaN	26.23	NaN
4/07/2018 10:30:43 AM	3613509043	1013.00	27.76	26.24	97.9	28.28	26.24	93.3	27.95	26.24	96.2	NaN	26.24	NaN
4/07/2018 10:30:44 AM	3613509044	1013.00	27.77	26.23	97.8	28.31	26.23	93.0	27.98	26.23	95.9	NaN	26.23	NaN
4/07/2018 10:30:45 AM	3613509045	1013.00	27.79	26.24	97.6	28.32	26.24	92.9	27.92	26.24	96.4	NaN	26.24	NaN
4/07/2018 10:30:46 AM	3613509046	1013.00	27.79	26.24	97.6	28.31	26.24	93.0	28.02	26.24	95.5	NaN	26.24	NaN
4/07/2018 10:30:47 AM	3613509047	1013.00	27.78	26.23	97.7	28.30	26.23	93.1	27.97	26.23	96.0	NaN	26.23	NaN
4/07/2018 10:30:48 AM	3613509048	1013.00	27.80	26.22	97.5	28.29	26.22	93.2	27.98	26.22	95.9	NaN	26.22	NaN
4/07/2018 10:30:49 AM	3613509049	1013.00	27.79	26.23	97.6	28.29	26.23	93.2	27.98	26.23	95.9	NaN	26.23	NaN
4/07/2018 10:30:50 AM	3613509050	1013.00	27.80	26.22	97.5	28.32	26.22	93.0	27.98	26.22	95.9	NaN	26.22	NaN
4/07/2018 10:30:51 AM	3613509051	1013.00	27.79	26.22	97.6	28.29	26.22	93.2	27.99	26.22	95.8	NaN	26.22	NaN
4/07/2018 10:30:52 AM	3613509052	1013.00	27.81	26.23	97.4	28.30	26.23	93.1	27.97	26.23	96.0	NaN	26.23	NaN
4/07/2018 10:30:53 AM	3613509053	1013.00	27.80	26.23	97.5	28.35	26.23	92.7	27.97	26.23	96.0	NaN	26.23	NaN
4/07/2018 10:30:54 AM	3613509054	1013.00	27.83	26.23	97.3	28.35	26.23	92.7	28.05	26.23	95.3	NaN	26.23	NaN
4/07/2018 10:30:55 AM	3613509055	1013.00	27.79	26.22	97.6	28.33	26.22	92.9	27.97	26.22	96.0	NaN	26.22	NaN
4/07/2018 10:30:56 AM	3613509056	1013.00	27.82	26.23	97.4	28.33	26.23	92.8	28.01	26.23	95.6	NaN	26.23	NaN
4/07/2018 10:30:57 AM	3613509057	1013.00	27.83	26.23	97.3	28.34	26.23	92.8	28.02	26.23	95.6	NaN	26.23	NaN
4/07/2018 10:30:58 AM	3613509058	1013.00	27.81	26.22	97.5	28.36	26.22	92.6	27.95	26.22	96.2	NaN	26.22	NaN
4/07/2018 10:30:59 AM	3613509059	1013.00	27.80	26.22	97.5	28.32	26.22	93.0	28.02	26.22	95.6	NaN	26.22	NaN
4/07/2018 10:31:00 AM	3613509060	1013.00	27.83	26.23	97.3	28.35	26.23	92.7	28.01	26.23	95.6	NaN	26.23	NaN
4/07/2018 10:31:01 AM	3613509061	1013.00	27.83	26.22	97.3	28.34	26.22	92.8	27.98	26.22	95.9	NaN	26.22	NaN
4/07/2018 10:31:02 AM	3613509062	1013.00	27.82	26.21	97.4	28.36	26.21	92.6	28.05	26.21	95.3	NaN	26.21	NaN
4/07/2018 10:31:03 AM	3613509063	1013.00	27.83	26.22	97.3	28.36	26.22	92.6	27.98	26.22	95.9	NaN	26.22	NaN
4/07/2018 10:31:04 AM	3613509064	1013.00	27.82	26.22	97.4	28.34	26.22	92.8	28.02	26.22	95.6	NaN	26.22	NaN
4/07/2018 10:31:05 AM	3613509065	1013.00	27.84	26.21	97.2	28.38	26.21	92.5	27.98	26.21	95.9	NaN	26.21	NaN
4/07/2018 10:31:06 AM	3613509066	1013.00	27.85	26.22	97.1	28.38	26.22	92.4	27.98	26.22	95.9	NaN	26.22	NaN
4/07/2018 10:31:07 AM	3613509067	1013.00	27.83	26.22	97.3	28.36	26.22	92.6	28.09	26.22	95.0	NaN	26.22	NaN
4/07/2018 10:31:08 AM	3613509068	1013.00	27.86	26.22	97.0	28.39	26.22	92.4	28.02	26.22	95.6	NaN	26.22	NaN
4/07/2018 10:31:09 AM	3613509069	1013.00	27.83	26.22	97.3	28.37	26.22	92.5	28.07	26.22	95.1	NaN	26.22	NaN
4/07/2018 10:31:10 AM	3613509070	1013.00	27.85	26.23	97.1	28.42	26.23	92.1	28.07	26.23	95.1	NaN	26.23	NaN
4/07/2018 10:31:11 AM	3613509071	1013.00	27.84	26.23	97.2	28.40	26.23	92.3	28.08	26.23	95.0	NaN	26.23	NaN
4/07/2018 10:31:12 AM	3613509072	1013.00	27.85	26.23	97.1	28.40	26.23	92.3	28.03	26.23	95.5	NaN	26.23	NaN
4/07/2018 10:31:13 AM	3613509073	1013.00	27.86	26.24	97.0	28.38	26.24	92.4	28.04	26.24	95.4	NaN	26.24	NaN
4/07/2018 10:31:14 AM	3613509074	1013.00	27.87	26.24	96.9	28.36	26.24	92.6	28.06	26.24	95.2	NaN	26.24	NaN
4/07/2018 10:31:15 AM	3613509075	1013.00	27.84	26.24	97.2	28.40	26.24	92.2	28.06	26.24	95.2	NaN	26.24	NaN
4/07/2018 10:31:16 AM	3613509076	1013.00	27.87	26.24	96.9	28.37	26.24	92.5	28.03	26.24	95.4	NaN	26.24	NaN
4/07/2018 10:31:17 AM	3613509077	1013.00	27.86	26.24	97.0	28.40	26.24	92.2	28.05	26.24	95.3	NaN	26.24	NaN
4/07/2018 10:31:18 AM	3613509078	1013.00	27.85	26.24	97.1	28.39	26.24	92.3	28.09	26.24	94.9	NaN	26.24	NaN
4/07/2018 10:31:19 AM	3613509079	1013.00	27.86	26.24	97.0	28.40	26.24	92.2	28.06	26.24	95.2	NaN	26.24	NaN
4/07/2018 10:31:20 AM	3613509080	1013.00	27.87	26.24	96.9	28.43	26.24	92.0	28.09	26.24	94.9	NaN	26.24	NaN
4/07/2018 10:31:21 AM	3613509081	1013.00	27.89	26.23	96.7	28.40	26.23	92.3	28.11	26.23	94.8	NaN	26.23	NaN
4/07/2018 10:31:22 AM	3613509082	1013.00	27.86	26.24	97.0	28.40	26.24	92.2	28.07	26.24	95.1	NaN	26.24	NaN
4/07/2018 10:31:23 AM	3613509083	1013.00	27.88	26.24	96.8	28.44	26.24	91.9	28.06	26.24	95.2	NaN	26.24	NaN
4/07/2018 10:31:24 AM	3613509084	1013.00	27.86	26.24	97.0	28.41	26.24	92.2	28.08	26.24	95.0	NaN	26.24	NaN
4/07/2018 10:31:25 AM	3613509085	1013.00	27.89	26.24	96.7	28.41	26.24	92.2	28.08	26.24	95.0	NaN	26.24	NaN
4/07/2018 10:31:26 AM	3613509086	1013.00	27.87	26.24	96.9	28.43	26.24	92.0	28.10	26.24	94.8	NaN	26.24	NaN
4/07/2018 10:31:27 AM	3613509087	1013.00	27.90	26.23	96.6	28.41	26.23	92.2	28.10	26.23	94.8	NaN	26.23	NaN
4/07/2018 10:31:28 AM	3613509088	1013.00	27.88	26.23	96.8	28.41	26.23	92.2	28.11	26.23	94.8	NaN	26.23	NaN
4/07/2018 10:31:29 AM	3613509089	1013.00	27.87	26.23	96.9	28.43	26.23	92.0	28.12	26.23	94.7	NaN	26.23	NaN
4/07/2018 10:31:30 AM	3613509090	1013.00	27.89	26.24	96.7	28.45	26.24	91.8	28.13	26.24	94.6	NaN	26.24	NaN
4/07/2018 10:31:31 AM	3613509091	1013.00	27.88	26.23	96.8	28.42	26.23	92.1	28.07	26.23	95.1	NaN	26.23	NaN
4/07/2018 10:31:32 AM	3613509092	1013.00	27.90	26.24	96.6	28.45	26.24	91.8	28.14	26.24	94.5	NaN	26.24	NaN
4/07/2018 10:31:33 AM	3613509093	1013.00	27.93	26.25	96.3	28.45	26.25	91.8	28.10	26.25	94.8	NaN	26.25	NaN
4/07/2018 10:31:34 AM	3613509094	1013.00	27.91	26.24	96.5	28.45	26.24	91.8	28.11	26.24	94.7	NaN	26.24	NaN
4/07/2018 10:31:35 AM	3613509095	1013.00	27.90	26.23	96.6	28.41	26.23	92.2	28.16	26.23	94.3	NaN	26.23	NaN
4/07/2018 10:31:36 AM	3613509096	1013.00	27.92	26.24	96.4	28.43	26.24	92.0	28.14	26.24	94.5	NaN	26.24	NaN
4/07/2018 10:31:37 AM	3613509097	1013.00	27.92	26.23	96.4	28.45	26.23	91.8	28.13	26.23	94.6	NaN	26.23	NaN
4/07/2018 10:31:38 AM	3613509098	1013.00	27.92	26.23	96.4	28.47	26.23	91.7	28.10	26.23	94.8	NaN	26.23	NaN
4/07/2018 10:31:39 AM	3613509099	1013.00	27.92	26.23	96.4	28.48	26.23	91.6	28.13	26.23	94.6	NaN	26.23	NaN
4/07/2018 10:31:40 AM	3613509100	1013.00	27.90	26.23	96.6	28.42	26.23	92.1	28.15	26.23	94.4	NaN	26.23	NaN
4/07/2018 10:31:41 AM	3613509101	1013.00	27.94	26.23	96.3	28.46	26.23	91.7	28.12	26.23	94.7	NaN	26.23	NaN
4/07/2018 10:31:42 AM	3613509102	1013.00	27.93	26.24	96.3	28.49	26.24	91.5	28.17	26.24	94.2	NaN	26.24	NaN
4/07/2018 10:31:43 AM	3613509103	1013.00	27.93	26.24	96.3	28.48	26.24	91.6	28.14	26.24	94.5	NaN	26.24	NaN
4/07/2018 10:31:44 AM	3613509104	1013.00	27.93	26.25	96.3	28.45	26.25	91.8	28.18	26.25	94.1	NaN	26.25	NaN
4/07/2018 10:31:45 AM	3613509105	1013.00	27.95	26.25	96.1	28.45	26.25	91.8	28.20	26.25	93.9	NaN	26.25	NaN
4/07/2018 10:31:46 AM	3613509106	1013.00	27.93	26.25	96.3	28.46	26.25	91.7	28.18	26.25	94.1	NaN	26.25	NaN
4/07/2018 10:31:47 AM	3613509107	1013.00	27.95	26.25	96.1	28.46	26.25	91.7	28.17	26.25	94.2	NaN	26.25	NaN
4/07/2018 10:31:48 AM	3613509108	1013.00	27.93	26.25	96.3	28.51	26.25	91.3	28.15	26.25	94.4	NaN	26.25	NaN
4/07/2018 10:31:49 AM	3613509109	1013.00	27.96	26.25	96.1	28.48	26.25	91.5	28.18	26.25	94.1	NaN	26.25	NaN
4/07/2018 10:31:50 AM	3613509110	1013.00	27.96	26.24	96.1	28.49	26.24	91.5	28.18	26.24	94.1	NaN	26.24	NaN
4/07/2018 10:31:51 AM	3613509111	1013.00	27.94	26.24	96.3	28.48	26.24	91.6	28.25	26.24	93.5	NaN	26.24	NaN
4/07/2018 10:31:52 AM	3613509112	1013.00	27.97	26.25	96.0	28.49	26.25	91.5	28.18	26.25	94.1	NaN	26.25	NaN
4/07/2018 10:31:53 AM	3613509113	1013.00	27.95	26.25	96.1	28.50	26.25	91.4	28.17	26.25	94.2	NaN	26.25	NaN
4/07/2018 10:31:54 AM	3613509114	1013.00	27.94	26.25	96.2	28.51	26.25	91.3	28.22	26.25	93.8	NaN	26.25	NaN
4/07/2018 10:31:55 AM	3613509115	1013.00	27.96	26.26	96.0	28.52	26.26	91.2	28.19	26.26	94.0	NaN	26.26	NaN
4/07/2018 10:31:56 AM	3613509116	1013.00	27.97	26.26	95.9	28.49	26.26	91.4	28.18	26.26	94.1	NaN	26.26	NaN
4/07/2018 10:31:57 AM	3613509117	1013.00	27.97	26.25	96.0	28.52	26.25	91.2	28.20	26.25	93.9	NaN	26.25	NaN
4/07/2018 10:31:58 AM	3613509118	1013.00	27.99	26.25	95.8	28.51	26.25	91.3	28.23	26.25	93.7	NaN	26.25	NaN
4/07/2018 10:31:59 AM	3613509119	1013.00	27.97	26.24	96.0	28.49	26.24	91.5	28.22	26.24	93.8	NaN	26.24	NaN
4/07/2018 10:32:00 AM	3613509120	1013.00	28.00	26.25	95.7	28.50	26.25	91.4	28.24	26.25	93.6	NaN	26.25	NaN
4/07/2018 10:32:01 AM	3613509121	1013.00	27.97	26.25	96.0	28.49	26.25	91.5	28.23	26.25	93.7	NaN	26.25	NaN
4/07/2018 10:32:02 AM	3613509122	1013.00	27.96	26.25	96.1	28.55	26.25	91.0	28.25	26.25	93.5	NaN	26.25	NaN
4/07/2018 10:32:03 AM	3613509123	1013.00	27.97	26.24	96.0	28.53	26.24	91.1	28.25	26.24	93.5	NaN	26.24	NaN
4/07/2018 10:32:04 AM	3613509124	1013.00	28.00	26.24	95.7	28.54	26.24	91.1	28.24	26.24	93.6	NaN	26.24	NaN
4/07/2018 10:32:05 AM	3613509125	1013.00	28.01	26.25	95.6	28.54	26.25	91.0	28.25	26.25	93.5	NaN	26.25	NaN
4/07/2018 10:32:06 AM	3613509126	1013.00	28.01	26.24	95.6	28.53	26.24	91.1	28.23	26.24	93.7	NaN	26.24	NaN
4/07/2018 10:32:07 AM	3613509127	1013.00	27.98	26.24	95.9	28.52	26.24	91.2	28.26	26.24	93.4	NaN	26.24	NaN
4/07/2018 10:32:08 AM	3613509128	1013.00	28.01	26.25	95.6	28.55	26.25	91.0	28.23	26.25	93.7	NaN	26.25	NaN
4/07/2018 10:32:09 AM	3613509129	1013.00	28.01	26.25	95.6	28.53	26.25	91.1	28.27	26.25	93.3	NaN	26.25	NaN
4/07/2018 10:32:10 AM	3613509130	1013.00	28.01	26.24	95.6	28.56	26.24	90.9	28.25	26.24	93.5	NaN	26.24	NaN
4/07/2018 10:32:11 AM	3613509131	1013.00	28.00	26.23	95.7	28.56	26.23	90.9	28.29	26.23	93.2	NaN	26.23	NaN
4/07/2018 10:32:12 AM	3613509132	1013.00	28.04	26.23	95.4	28.54	26.23	91.1	28.27	26.23	93.4	NaN	26.23	NaN
4/07/2018 10:32:13 AM	3613509133	1013.00	28.01	26.23	95.6	28.53	26.23	91.2	28.24	26.23	93.6	NaN	26.23	NaN
4/07/2018 10:32:14 AM	3613509134	1013.00	28.02	26.23	95.6	28.56	26.23	90.9	28.36	26.23	92.6	NaN	26.23	NaN
4/07/2018 10:32:15 AM	3613509135	1013.00	28.02	26.23	95.6	28.53	26.23	91.2	28.32	26.23	92.9	NaN	26.23	NaN
4/07/2018 10:32:16 AM	3613509136	1013.00	28.02	26.24	95.5	28.54	26.24	91.1	28.29	26.24	93.2	NaN	26.24	NaN
4/07/2018 10:32:17 AM	3613509137	1013.00	28.01	26.24	95.6	28.55	26.24	91.0	28.30	26.24	93.1	NaN	26.24	NaN
4/07/2018 10:32:18 AM	3613509138	1013.00	28.02	26.24	95.5	28.57	26.24	90.8	28.29	26.24	93.2	NaN	26.24	NaN
4/07/2018 10:32:19 AM	3613509139	1013.00	28.03	26.24	95.4	28.54	26.24	91.1	28.29	26.24	93.2	NaN	26.24	NaN
4/07/2018 10:32:20 AM	3613509140	1013.00	28.03	26.25	95.4	28.54	26.25	91.0	28.32	26.25	92.9	NaN	26.25	NaN
4/07/2018 10:32:21 AM	3613509141	1013.00	28.05	26.24	95.3	28.56	26.24	90.9	28.33	26.24	92.8	NaN	26.24	NaN
4/07/2018 10:32:22 AM	3613509142	1013.00	28.02	26.24	95.5	28.60	26.24	90.6	28.28	26.24	93.3	NaN	26.24	NaN
4/07/2018 10:32:23 AM	3613509143	1013.00	28.03	26.24	95.4	28.61	26.24	90.5	28.33	26.24	92.8	NaN	26.24	NaN
4/07/2018 10:32:24 AM	3613509144	1013.00	28.04	26.24	95.4	28.60	26.24	90.6	28.38	26.24	92.4	NaN	26.24	NaN
4/07/2018 10:32:25 AM	3613509145	1013.00	28.04	26.25	95.3	28.61	26.25	90.5	28.30	26.25	93.1	NaN	26.25	NaN
4/07/2018 10:32:26 AM	3613509146	1013.00	28.07	26.25	95.1	28.58	26.25	90.7	28.33	26.25	92.8	NaN	26.25	NaN
4/07/2018 10:32:27 AM	3613509147	1013.00	28.05	26.25	95.3	28.57	26.25	90.8	28.34	26.25	92.7	NaN	26.25	NaN
4/07/2018 10:32:28 AM	3613509148	1013.00	28.05	26.25	95.3	28.58	26.25	90.7	28.39	26.25	92.3	NaN	26.25	NaN
4/07/2018 10:32:29 AM	3613509149	1013.00	28.06	26.25	95.2	28.59	26.25	90.6	28.32	26.25	92.9	NaN	26.25	NaN
4/07/2018 10:32:30 AM	3613509150	1013.00	28.05	26.24	95.3	28.59	26.24	90.6	28.32	26.24	92.9	NaN	26.24	NaN
4/07/2018 10:32:31 AM	3613509151	1013.00	28.05	26.24	95.3	28.60	26.24	90.6	28.33	26.24	92.8	NaN	26.24	NaN
4/07/2018 10:32:32 AM	3613509152	1013.00	28.06	26.23	95.2	28.61	26.23	90.5	28.33	26.23	92.8	NaN	26.23	NaN
4/07/2018 10:32:33 AM	3613509153	1013.00	28.06	26.23	95.2	28.63	26.23	90.3	28.31	26.23	93.0	NaN	26.23	NaN
4/07/2018 10:32:34 AM	3613509154	1013.00	28.05	26.23	95.3	29.15	26.23	86.1	28.33	26.23	92.8	NaN	26.23	NaN
4/07/2018 10:32:35 AM	3613509155	1013.00	28.08	26.23	95.0	28.61	26.23	90.5	28.33	26.23	92.8	NaN	26.23	NaN
4/07/2018 10:32:36 AM	3613509156	1013.00	28.09	26.24	94.9	28.64	26.24	90.2	28.35	26.24	92.7	NaN	26.24	NaN
4/07/2018 10:32:37 AM	3613509157	1013.00	28.09	26.24	94.9	28.61	26.24	90.5	28.32	26.24	92.9	NaN	26.24	NaN
4/07/2018 10:32:38 AM	3613509158	1013.00	28.12	26.24	94.7	28.64	26.24	90.2	28.33	26.24	92.8	NaN	26.24	NaN
4/07/2018 10:32:39 AM	3613509159	1013.00	28.09	26.24	94.9	28.62	26.24	90.4	28.40	26.24	92.2	NaN	26.24	NaN
4/07/2018 10:32:40 AM	3613509160	1013.00	28.09	26.24	94.9	28.64	26.24	90.2	28.32	26.24	92.9	NaN	26.24	NaN
4/07/2018 10:32:41 AM	3613509161	1013.00	28.10	26.23	94.8	28.63	26.23	90.3	28.35	26.23	92.7	NaN	26.23	NaN
4/07/2018 10:32:42 AM	3613509162	1013.00	28.09	26.23	94.9	28.63	26.23	90.3	28.32	26.23	92.9	NaN	26.23	NaN
4/07/2018 10:32:43 AM	3613509163	1013.00	28.09	26.24	94.9	28.65	26.24	90.1	28.35	26.24	92.7	NaN	26.24	NaN
4/07/2018 10:32:44 AM	3613509164	1013.00	28.09	26.23	94.9	28.66	26.23	90.1	28.33	26.23	92.8	NaN	26.23	NaN
4/07/2018 10:32:45 AM	3613509165	1013.00	28.11	26.24	94.7	28.64	26.24	90.2	28.40	26.24	92.2	NaN	26.24	NaN
4/07/2018 10:32:46 AM	3613509166	1013.00	28.13	26.24	94.6	28.67	26.24	90.0	28.36	26.24	92.6	NaN	26.24	NaN
4/07/2018 10:32:47 AM	3613509167	1013.00	28.10	26.24	94.8	28.67	26.24	90.0	28.35	26.24	92.7	NaN	26.24	NaN
4/07/2018 10:32:48 AM	3613509168	1013.00	28.11	26.23	94.8	28.63	26.23	90.3	28.36	26.23	92.6	NaN	26.23	NaN
4/07/2018 10:32:49 AM	3613509169	1013.00	28.13	26.24	94.6	28.64	26.24	90.2	28.38	26.24	92.4	NaN	26.24	NaN
4/07/2018 10:32:50 AM	3613509170	1013.00	28.11	26.23	94.8	28.65	26.23	90.2	28.35	26.23	92.7	NaN	26.23	NaN
4/07/2018 10:32:51 AM	3613509171	1013.00	28.12	26.23	94.7	28.67	26.23	90.0	28.34	26.23	92.8	NaN	26.23	NaN
4/07/2018 10:32:52 AM	3613509172	1013.00	28.12	26.24	94.7	28.67	26.24	90.0	28.38	26.24	92.4	NaN	26.24	NaN
4/07/2018 10:32:53 AM	3613509173	1013.00	28.14	26.24	94.5	28.66	26.24	90.1	28.39	26.24	92.3	NaN	26.24	NaN
4/07/2018 10:32:54 AM	3613509174	1013.00	28.15	26.23	94.4	28.69	26.23	89.8	28.42	26.23	92.1	NaN	26.23	NaN
4/07/2018 10:32:55 AM	3613509175	1013.00	28.13	26.24	94.6	28.66	26.24	90.1	28.40	26.24	92.2	NaN	26.24	NaN
4/07/2018 10:32:56 AM	3613509176	1013.00	28.13	26.25	94.5	28.69	26.25	89.8	28.40	26.25	92.2	NaN	26.25	NaN
4/07/2018 10:32:57 AM	3613509177	1013.00	28.13	26.24	94.6	28.68	26.24	89.9	28.41	26.24	92.2	NaN	26.24	NaN
4/07/2018 10:32:58 AM	3613509178	1013.00	28.14	26.24	94.5	28.69	26.24	89.8	28.41	26.24	92.2	NaN	26.24	NaN
4/07/2018 10:32:59 AM	3613509179	1013.00	28.15	26.24	94.4	28.70	26.24	89.7	28.38	26.24	92.4	NaN	26.24	NaN
4/07/2018 10:33:00 AM	3613509180	1013.00	28.17	26.24	94.2	28.72	26.24	89.6	28.40	26.24	92.2	NaN	26.24	NaN
4/07/2018 10:33:01 AM	3613509181	1013.00	28.17	26.24	94.2	28.70	26.24	89.7	28.38	26.24	92.4	NaN	26.24	NaN
4/07/2018 10:33:02 AM	3613509182	1013.00	28.16	26.24	94.3	28.71	26.24	89.6	28.39	26.24	92.3	NaN	26.24	NaN
4/07/2018 10:33:03 AM	3613509183	1013.00	28.15	26.24	94.4	28.69	26.24	89.8	28.39	26.24	92.3	NaN	26.24	NaN
4/07/2018 10:33:04 AM	3613509184	1013.00	28.16	26.23	94.3	28.70	26.23	89.7	28.41	26.23	92.2	NaN	26.23	NaN
4/07/2018 10:33:05 AM	3613509185	1013.00	28.19	26.22	94.1	28.72	26.22	89.6	28.47	26.22	91.7	NaN	26.22	NaN
4/07/2018 10:33:06 AM	3613509186	1013.00	28.17	26.22	94.2	28.72	26.22	89.6	28.43	26.22	92.0	NaN	26.22	NaN
4/07/2018 10:33:07 AM	3613509187	1013.00	28.20	26.23	94.0	28.69	26.23	89.8	28.40	26.23	92.3	NaN	26.23	NaN
4/07/2018 10:33:08 AM	3613509188	1013.00	28.19	26.22	94.1	28.73	26.22	89.5	28.40	26.22	92.3	NaN	26.22	NaN
4/07/2018 10:33:09 AM	3613509189	1013.00	28.20	26.22	94.0	28.71	26.22	89.7	28.42	26.22	92.1	NaN	26.22	NaN
4/07/2018 10:33:10 AM	3613509190	1013.00	28.18	26.22	94.2	28.74	26.22	89.4	28.44	26.22	91.9	NaN	26.22	NaN
4/07/2018 10:33:11 AM	3613509191	1013.00	28.20	26.22	94.0	28.76	26.22	89.3	28.45	26.22	91.8	NaN	26.22	NaN
4/07/2018 10:33:12 AM	3613509192	1013.00	28.19	26.22	94.1	28.74	26.22	89.4	28.46	26.22	91.8	NaN	26.22	NaN
4/07/2018 10:33:13 AM	3613509193	1013.00	28.20	26.22	94.0	28.73	26.22	89.5	28.45	26.22	91.8	NaN	26.22	NaN
4/07/2018 10:33:14 AM	3613509194	1013.00	28.18	26.22	94.2	28.74	26.22	89.4	28.43	26.22	92.0	NaN	26.22	NaN
4/07/2018 10:33:15 AM	3613509195	1013.00	28.19	26.22	94.1	28.73	26.22	89.5	28.45	26.22	91.8	NaN	26.22	NaN
4/07/2018 10:33:16 AM	3613509196	1013.00	28.22	26.22	93.8	28.72	26.22	89.6	28.41	26.22	92.2	NaN	26.22	NaN
4/07/2018 10:33:17 AM	3613509197	1013.00	28.22	26.21	93.8	28.75	26.21	89.4	28.42	26.21	92.1	NaN	26.21	NaN
4/07/2018 10:33:18 AM	3613509198	1013.00	28.22	26.22	93.8	28.76	26.22	89.3	28.49	26.22	91.5	NaN	26.22	NaN
4/07/2018 10:33:19 AM	3613509199	1013.00	28.21	26.21	93.9	28.81	26.21	88.9	28.46	26.21	91.8	NaN	26.21	NaN
4/07/2018 10:33:20 AM	3613509200	1013.00	28.23	26.21	93.7	28.79	26.21	89.0	28.47	26.21	91.7	NaN	26.21	NaN
4/07/2018 10:33:21 AM	3613509201	1013.00	28.23	26.21	93.7	28.78	26.21	89.1	28.47	26.21	91.7	NaN	26.21	NaN
4/07/2018 10:33:22 AM	3613509202	1013.00	28.24	26.22	93.6	28.76	26.22	89.3	28.45	26.22	91.8	NaN	26.22	NaN
4/07/2018 10:33:23 AM	3613509203	1013.00	28.24	26.21	93.7	28.78	26.21	89.1	28.40	26.21	92.3	NaN	26.21	NaN
4/07/2018 10:33:24 AM	3613509204	1013.00	28.26	26.22	93.5	28.77	26.22	89.2	28.45	26.22	91.8	NaN	26.22	NaN
4/07/2018 10:33:25 AM	3613509205	1013.00	28.25	26.22	93.6	28.77	26.22	89.2	28.46	26.22	91.8	NaN	26.22	NaN
4/07/2018 10:33:26 AM	3613509206	1013.00	28.24	26.23	93.6	28.77	26.23	89.2	28.44	26.23	91.9	NaN	26.23	NaN
4/07/2018 10:33:27 AM	3613509207	1013.00	28.25	26.22	93.6	28.78	26.22	89.1	28.48	26.22	91.6	NaN	26.22	NaN
4/07/2018 10:33:28 AM	3613509208	1013.00	28.25	26.22	93.6	28.79	26.22	89.0	28.45	26.22	91.8	NaN	26.22	NaN
4/07/2018 10:33:29 AM	3613509209	1013.00	28.24	26.22	93.6	28.78	26.22	89.1	28.46	26.22	91.8	NaN	26.22	NaN
4/07/2018 10:33:30 AM	3613509210	1013.00	28.27	26.21	93.4	28.73	26.21	89.5	28.50	26.21	91.4	NaN	26.21	NaN
4/07/2018 10:33:31 AM	3613509211	1013.00	28.26	26.21	93.5	28.77	26.21	89.2	28.49	26.21	91.5	NaN	26.21	NaN
4/07/2018 10:33:32 AM	3613509212	1013.00	28.24	26.22	93.6	28.76	26.22	89.3	28.53	26.22	91.2	NaN	26.22	NaN
4/07/2018 10:33:33 AM	3613509213	1013.00	28.27	26.22	93.4	28.76	26.22	89.3	28.45	26.22	91.8	NaN	26.22	NaN
4/07/2018 10:33:34 AM	3613509214	1013.00	28.28	26.22	93.3	28.78	26.22	89.1	28.50	26.22	91.4	NaN	26.22	NaN
4/07/2018 10:33:35 AM	3613509215	1013.00	28.29	26.23	93.2	28.82	26.23	88.8	28.49	26.23	91.5	NaN	26.23	NaN
4/07/2018 10:33:36 AM	3613509216	1013.00	28.26	26.23	93.5	28.82	26.23	88.8	28.54	26.23	91.1	NaN	26.23	NaN
4/07/2018 10:33:37 AM	3613509217	1013.00	28.27	26.23	93.4	28.80	26.23	88.9	28.49	26.23	91.5	NaN	26.23	NaN
4/07/2018 10:33:38 AM	3613509218	1013.00	28.29	26.24	93.2	28.79	26.24	89.0	28.50	26.24	91.4	NaN	26.24	NaN
4/07/2018 10:33:39 AM	3613509219	1013.00	28.29	26.24	93.2	28.78	26.24	89.1	28.50	26.24	91.4	NaN	26.24	NaN
4/07/2018 10:33:40 AM	3613509220	1013.00	28.31	26.24	93.0	28.83	26.24	88.7	28.54	26.24	91.1	NaN	26.24	NaN
4/07/2018 10:33:41 AM	3613509221	1013.00	28.29	26.24	93.2	28.79	26.24	89.0	28.52	26.24	91.2	NaN	26.24	NaN
4/07/2018 10:33:42 AM	3613509222	1013.00	28.31	26.23	93.0	28.82	26.23	88.8	28.54	26.23	91.1	NaN	26.23	NaN
4/07/2018 10:33:43 AM	3613509223	1013.00	28.30	26.22	93.1	28.81	26.22	88.9	28.51	26.22	91.3	NaN	26.22	NaN
4/07/2018 10:33:44 AM	3613509224	1013.00	28.30	26.22	93.1	28.85	26.22	88.5	28.49	26.22	91.5	NaN	26.22	NaN
4/07/2018 10:33:45 AM	3613509225	1013.00	28.30	26.23	93.1	28.79	26.23	89.0	28.52	26.23	91.2	NaN	26.23	NaN
4/07/2018 10:33:46 AM	3613509226	1013.00	28.33	26.23	92.8	28.80	26.23	88.9	28.51	26.23	91.3	NaN	26.23	NaN
4/07/2018 10:33:47 AM	3613509227	1013.00	28.32	26.22	93.0	28.80	26.22	88.9	28.51	26.22	91.3	NaN	26.22	NaN
4/07/2018 10:33:48 AM	3613509228	1013.00	28.31	26.23	93.0	28.83	26.23	88.7	28.56	26.23	90.9	NaN	26.23	NaN
4/07/2018 10:33:49 AM	3613509229	1013.00	28.32	26.23	92.9	28.82	26.23	88.8	28.56	26.23	90.9	NaN	26.23	NaN
4/07/2018 10:33:50 AM	3613509230	1013.00	28.34	26.22	92.8	28.82	26.22	88.8	28.51	26.22	91.3	NaN	26.22	NaN
4/07/2018 10:33:51 AM	3613509231	1013.00	28.35	26.23	92.7	28.84	26.23	88.6	28.54	26.23	91.1	NaN	26.23	NaN
4/07/2018 10:33:52 AM	3613509232	1013.00	28.34	26.23	92.8	28.83	26.23	88.7	28.54	26.23	91.1	NaN	26.23	NaN
4/07/2018 10:33:53 AM	3613509233	1013.00	28.34	26.23	92.8	28.85	26.23	88.5	28.52	26.23	91.2	NaN	26.23	NaN
4/07/2018 10:33:54 AM	3613509234	1013.00	28.33	26.23	92.8	28.82	26.23	88.8	28.56	26.23	90.9	NaN	26.23	NaN
4/07/2018 10:33:55 AM	3613509235	1013.00	28.35	26.23	92.7	28.82	26.23	88.8	28.55	26.23	91.0	NaN	26.23	NaN
4/07/2018 10:33:56 AM	3613509236	1013.00	28.36	26.23	92.6	28.85	26.23	88.5	28.57	26.23	90.8	NaN	26.23	NaN
4/07/2018 10:33:57 AM	3613509237	1013.00	28.37	26.24	92.5	28.86	26.24	88.4	28.54	26.24	91.1	NaN	26.24	NaN
4/07/2018 10:33:58 AM	3613509238	1013.00	28.36	26.24	92.6	28.89	26.24	88.2	28.55	26.24	91.0	NaN	26.24	NaN
4/07/2018 10:33:59 AM	3613509239	1013.00	28.37	26.25	92.5	28.88	26.25	88.2	28.53	26.25	91.1	NaN	26.25	NaN
4/07/2018 10:34:00 AM	3613509240	1013.00	28.37	26.25	92.5	28.86	26.25	88.4	28.54	26.25	91.0	NaN	26.25	NaN
4/07/2018 10:34:01 AM	3613509241	1013.00	28.36	26.25	92.6	28.87	26.25	88.3	28.57	26.25	90.8	NaN	26.25	NaN
4/07/2018 10:34:02 AM	3613509242	1013.00	28.38	26.25	92.4	28.92	26.25	87.9	28.55	26.25	91.0	NaN	26.25	NaN
4/07/2018 10:34:03 AM	3613509243	1013.00	28.40	26.25	92.2	28.88	26.25	88.2	28.55	26.25	91.0	NaN	26.25	NaN
4/07/2018 10:34:04 AM	3613509244	1013.00	28.36	26.24	92.6	28.90	26.24	88.1	28.54	26.24	91.1	NaN	26.24	NaN
4/07/2018 10:34:05 AM	3613509245	1013.00	28.39	26.25	92.3	28.89	26.25	88.2	28.56	26.25	90.9	NaN	26.25	NaN
4/07/2018 10:34:06 AM	3613509246	1013.00	28.41	26.25	92.1	28.85	26.25	88.5	28.60	26.25	90.5	NaN	26.25	NaN
4/07/2018 10:34:07 AM	3613509247	1013.00	28.40	26.24	92.2	28.91	26.24	88.0	28.55	26.24	91.0	NaN	26.24	NaN
4/07/2018 10:34:08 AM	3613509248	1013.00	28.40	26.23	92.3	28.92	26.23	88.0	28.55	26.23	91.0	NaN	26.23	NaN
4/07/2018 10:34:09 AM	3613509249	1013.00	28.42	26.24	92.1	28.92	26.24	87.9	28.57	26.24	90.8	NaN	26.24	NaN
4/07/2018 10:34:10 AM	3613509250	1013.00	28.39	26.24	92.3	28.91	26.24	88.0	28.56	26.24	90.9	NaN	26.24	NaN
4/07/2018 10:34:11 AM	3613509251	1013.00	28.38	26.24	92.4	28.91	26.24	88.0	28.53	26.24	91.1	NaN	26.24	NaN
4/07/2018 10:34:12 AM	3613509252	1013.00	28.42	26.24	92.1	28.93	26.24	87.9	28.54	26.24	91.1	NaN	26.24	NaN
4/07/2018 10:34:13 AM	3613509253	1013.00	28.41	26.26	92.1	28.88	26.26	88.2	28.57	26.26	90.8	NaN	26.26	NaN
4/07/2018 10:34:14 AM	3613509254	1013.00	28.42	26.25	92.0	28.97	26.25	87.5	28.56	26.25	90.9	NaN	26.25	NaN
4/07/2018 10:34:15 AM	3613509255	1013.00	28.42	26.25	92.0	28.92	26.25	87.9	28.57	26.25	90.8	NaN	26.25	NaN
4/07/2018 10:34:16 AM	3613509256	1013.00	28.42	26.26	92.0	28.90	26.26	88.1	28.58	26.26	90.7	NaN	26.26	NaN
4/07/2018 10:34:17 AM	3613509257	1013.00	28.44	26.25	91.9	28.91	26.25	88.0	28.56	26.25	90.9	NaN	26.25	NaN
4/07/2018 10:34:18 AM	3613509258	1013.00	28.43	26.25	92.0	28.92	26.25	87.9	28.61	26.25	90.5	NaN	26.25	NaN
4/07/2018 10:34:19 AM	3613509259	1013.00	28.41	26.26	92.1	28.93	26.26	87.8	28.60	26.26	90.5	NaN	26.26	NaN
4/07/2018 10:34:20 AM	3613509260	1013.00	28.43	26.26	91.9	28.92	26.26	87.9	28.63	26.26	90.3	NaN	26.26	NaN
4/07/2018 10:34:21 AM	3613509261	1013.00	28.43	26.27	91.9	28.95	26.27	87.7	28.61	26.27	90.4	NaN	26.27	NaN
4/07/2018 10:34:22 AM	3613509262	1013.00	28.43	26.27	91.9	28.97	26.27	87.5	28.59	26.27	90.6	NaN	26.27	NaN
4/07/2018 10:34:23 AM	3613509263	1013.00	28.44	26.27	91.8	28.94	26.27	87.7	28.64	26.27	90.2	NaN	26.27	NaN
4/07/2018 10:34:24 AM	3613509264	1013.00	28.43	26.27	91.9	28.96	26.27	87.6	28.56	26.27	90.8	NaN	26.27	NaN
4/07/2018 10:34:25 AM	3613509265	1013.00	28.44	26.27	91.8	28.94	26.27	87.7	28.59	26.27	90.6	NaN	26.27	NaN
4/07/2018 10:34:26 AM	3613509266	1013.00	28.47	26.27	91.6	28.94	26.27	87.7	28.57	26.27	90.8	NaN	26.27	NaN
4/07/2018 10:34:27 AM	3613509267	1013.00	28.46	26.27	91.7	28.97	26.27	87.5	28.63	26.27	90.3	NaN	26.27	NaN
4/07/2018 10:34:28 AM	3613509268	1013.00	28.45	26.26	91.8	28.95	26.26	87.7	28.68	26.26	89.9	NaN	26.26	NaN
4/07/2018 10:34:29 AM	3613509269	1013.00	28.48	26.27	91.5	28.96	26.27	87.6	28.63	26.27	90.3	NaN	26.27	NaN
4/07/2018 10:34:30 AM	3613509270	1013.00	28.47	26.27	91.6	28.96	26.27	87.6	28.62	26.27	90.3	NaN	26.27	NaN
4/07/2018 10:34:31 AM	3613509271	1013.00	28.44	26.27	91.8	28.97	26.27	87.5	28.64	26.27	90.2	NaN	26.27	NaN
4/07/2018 10:34:32 AM	3613509272	1013.00	28.47	26.26	91.6	28.96	26.26	87.6	28.61	26.26	90.4	NaN	26.26	NaN
4/07/2018 10:34:33 AM	3613509273	1013.00	28.47	26.26	91.6	28.99	26.26	87.3	28.62	26.26	90.4	NaN	26.26	NaN
4/07/2018 10:34:34 AM	3613509274	1013.00	28.47	26.26	91.6	28.99	26.26	87.3	28.62	26.26	90.4	NaN	26.26	NaN
4/07/2018 10:34:35 AM	3613509275	1013.00	28.49	26.26	91.4	29.00	26.26	87.3	28.62	26.26	90.4	NaN	26.26	NaN
4/07/2018 10:34:36 AM	3613509276	1013.00	28.48	26.26	91.5	29.01	26.26	87.2	28.63	26.26	90.3	NaN	26.26	NaN
4/07/2018 10:34:37 AM	3613509277	1013.00	28.49	26.25	91.5	28.99	26.25	87.4	28.65	26.25	90.1	NaN	26.25	NaN
4/07/2018 10:34:38 AM	3613509278	1013.00	28.49	26.25	91.5	29.01	26.25	87.2	28.64	26.25	90.2	NaN	26.25	NaN
4/07/2018 10:34:39 AM	3613509279	1013.00	28.46	26.25	91.7	29.01	26.25	87.2	28.69	26.25	89.8	NaN	26.25	NaN
4/07/2018 10:34:40 AM	3613509280	1013.00	28.50	26.25	91.4	29.04	26.25	87.0	28.68	26.25	89.9	NaN	26.25	NaN
4/07/2018 10:34:41 AM	3613509281	1013.00	28.48	26.24	91.6	29.02	26.24	87.1	28.68	26.24	89.9	NaN	26.24	NaN
4/07/2018 10:34:42 AM	3613509282	1013.00	28.48	26.24	91.6	28.99	26.24	87.4	28.68	26.24	89.9	NaN	26.24	NaN
4/07/2018 10:34:43 AM	3613509283	1013.00	28.49	26.25	91.5	29.03	26.25	87.0	28.64	26.25	90.2	NaN	26.25	NaN
4/07/2018 10:34:44 AM	3613509284	1013.00	28.51	26.25	91.3	29.03	26.25	87.0	28.61	26.25	90.5	NaN	26.25	NaN
4/07/2018 10:34:45 AM	3613509285	1013.00	28.49	26.25	91.5	29.02	26.25	87.1	28.67	26.25	90.0	NaN	26.25	NaN
4/07/2018 10:34:46 AM	3613509286	1013.00	28.52	26.26	91.2	29.07	26.26	86.7	28.66	26.26	90.0	NaN	26.26	NaN
4/07/2018 10:34:47 AM	3613509287	1013.00	28.51	26.26	91.3	29.07	26.26	86.7	28.64	26.26	90.2	NaN	26.26	NaN
4/07/2018 10:34:48 AM	3613509288	1013.00	28.52	26.26	91.2	29.03	26.26	87.0	28.65	26.26	90.1	NaN	26.26	NaN
4/07/2018 10:34:49 AM	3613509289	1013.00	28.54	26.26	91.0	29.06	26.26	86.8	28.61	26.26	90.4	NaN	26.26	NaN
4/07/2018 10:34:50 AM	3613509290	1013.00	28.53	26.27	91.1	29.11	26.27	86.4	28.68	26.27	89.8	NaN	26.27	NaN
4/07/2018 10:34:51 AM	3613509291	1013.00	28.53	26.27	91.1	29.03	26.27	87.0	28.70	26.27	89.7	NaN	26.27	NaN
4/07/2018 10:34:52 AM	3613509292	1013.00	28.55	26.28	90.9	29.08	26.28	86.6	28.66	26.28	90.0	NaN	26.28	NaN
4/07/2018 10:34:53 AM	3613509293	1013.00	28.56	26.28	90.8	29.06	26.28	86.8	28.66	26.28	90.0	NaN	26.28	NaN
4/07/2018 10:34:54 AM	3613509294	1013.00	28.55	26.28	90.9	29.09	26.28	86.5	28.68	26.28	89.8	NaN	26.28	NaN
4/07/2018 10:34:55 AM	3613509295	1013.00	28.56	26.27	90.8	29.06	26.27	86.8	28.67	26.27	89.9	NaN	26.27	NaN
4/07/2018 10:34:56 AM	3613509296	1013.00	28.53	26.26	91.1	29.08	26.26	86.6	28.68	26.26	89.9	NaN	26.26	NaN
4/07/2018 10:34:57 AM	3613509297	1013.00	28.55	26.26	90.9	29.09	26.26	86.6	28.66	26.26	90.0	NaN	26.26	NaN
4/07/2018 10:34:58 AM	3613509298	1013.00	28.56	26.24	90.9	29.09	26.24	86.6	28.72	26.24	89.6	NaN	26.24	NaN
4/07/2018 10:34:59 AM	3613509299	1013.00	28.58	26.25	90.7	29.05	26.25	86.9	28.72	26.25	89.5	NaN	26.25	NaN
4/07/2018 10:35:00 AM	3613509300	1013.00	28.58	26.26	90.7	29.09	26.26	86.6	28.70	26.26	89.7	NaN	26.26	NaN
4/07/2018 10:35:01 AM	3613509301	1013.00	28.58	26.26	90.7	29.05	26.26	86.9	28.69	26.26	89.8	NaN	26.26	NaN
4/07/2018 10:35:02 AM	3613509302	1013.00	28.59	26.26	90.6	29.11	26.26	86.4	28.72	26.26	89.5	NaN	26.26	NaN
4/07/2018 10:35:03 AM	3613509303	1013.00	28.58	26.27	90.7	29.08	26.27	86.6	28.69	26.27	89.8	NaN	26.27	NaN
4/07/2018 10:35:04 AM	3613509304	1013.00	28.59	26.27	90.6	29.10	26.27	86.5	28.70	26.27	89.7	NaN	26.27	NaN
4/07/2018 10:35:05 AM	3613509305	1013.00	28.61	26.26	90.4	29.08	26.26	86.6	28.67	26.26	89.9	NaN	26.26	NaN
4/07/2018 10:35:06 AM	3613509306	1013.00	28.60	26.26	90.5	29.10	26.26	86.5	28.70	26.26	89.7	NaN	26.26	NaN
4/07/2018 10:35:07 AM	3613509307	1013.00	28.59	26.26	90.6	29.10	26.26	86.5	28.72	26.26	89.5	NaN	26.26	NaN
4/07/2018 10:35:08 AM	3613509308	1013.00	28.63	26.26	90.3	29.13	26.26	86.2	28.72	26.26	89.5	NaN	26.26	NaN
4/07/2018 10:35:09 AM	3613509309	1013.00	28.61	26.25	90.5	29.09	26.25	86.6	28.69	26.25	89.8	NaN	26.25	NaN
4/07/2018 10:35:10 AM	3613509310	1013.00	28.65	26.25	90.1	29.12	26.25	86.3	28.71	26.25	89.6	NaN	26.25	NaN
4/07/2018 10:35:11 AM	3613509311	1013.00	28.63	26.25	90.3	29.12	26.25	86.3	28.70	26.25	89.7	NaN	26.25	NaN
4/07/2018 10:35:12 AM	3613509312	1013.00	28.64	26.25	90.2	29.13	26.25	86.3	28.75	26.25	89.3	NaN	26.25	NaN
4/07/2018 10:35:13 AM	3613509313	1013.00	28.65	26.24	90.1	29.07	26.24	86.7	28.72	26.24	89.6	NaN	26.24	NaN
4/07/2018 10:35:14 AM	3613509314	1013.00	28.65	26.24	90.1	29.16	26.24	86.0	28.77	26.24	89.2	NaN	26.24	NaN
4/07/2018 10:35:15 AM	3613509315	1013.00	28.65	26.24	90.1	29.13	26.24	86.3	28.75	26.24	89.3	NaN	26.24	NaN
4/07/2018 10:35:16 AM	3613509316	1013.00	28.66	26.25	90.0	29.14	26.25	86.2	28.75	26.25	89.3	NaN	26.25	NaN
4/07/2018 10:35:17 AM	3613509317	1013.00	28.67	26.25	90.0	29.18	26.25	85.9	28.75	26.25	89.3	NaN	26.25	NaN
4/07/2018 10:35:18 AM	3613509318	1013.00	28.68	26.26	89.9	29.11	26.26	86.4	28.75	26.26	89.3	NaN	26.26	NaN
4/07/2018 10:35:19 AM	3613509319	1013.00	28.68	26.26	89.9	29.16	26.26	86.0	28.77	26.26	89.1	NaN	26.26	NaN
4/07/2018 10:35:20 AM	3613509320	1013.00	28.67	26.26	89.9	29.13	26.26	86.2	28.76	26.26	89.2	NaN	26.26	NaN
4/07/2018 10:35:21 AM	3613509321	1013.00	28.70	26.25	89.7	29.15	26.25	86.1	28.75	26.25	89.3	NaN	26.25	NaN
4/07/2018 10:35:22 AM	3613509322	1013.00	28.68	26.26	89.9	29.17	26.26	85.9	28.80	26.26	88.9	NaN	26.26	NaN
4/07/2018 10:35:23 AM	3613509323	1013.00	28.70	26.25	89.7	29.18	26.25	85.9	28.80	26.25	88.9	NaN	26.25	NaN
4/07/2018 10:35:24 AM	3613509324	1013.00	28.70	26.25	89.7	29.16	26.25	86.0	28.78	26.25	89.1	NaN	26.25	NaN
4/07/2018 10:35:25 AM	3613509325	1013.00	28.70	26.26	89.7	29.17	26.26	85.9	28.80	26.26	88.9	NaN	26.26	NaN
4/07/2018 10:35:26 AM	3613509326	1013.00	28.70	26.27	89.7	29.19	26.27	85.8	28.75	26.27	89.3	NaN	26.27	NaN
4/07/2018 10:35:27 AM	3613509327	1013.00	28.73	26.27	89.4	29.16	26.27	86.0	28.76	26.27	89.2	NaN	26.27	NaN
4/07/2018 10:35:28 AM	3613509328	1013.00	28.68	26.27	89.8	29.14	26.27	86.1	28.78	26.27	89.0	NaN	26.27	NaN
4/07/2018 10:35:29 AM	3613509329	1013.00	28.71	26.27	89.6	29.17	26.27	85.9	28.80	26.27	88.9	NaN	26.27	NaN
4/07/2018 10:35:30 AM	3613509330	1013.00	28.72	26.26	89.5	29.18	26.26	85.9	28.79	26.26	89.0	NaN	26.26	NaN
4/07/2018 10:35:31 AM	3613509331	1013.00	28.72	26.26	89.5	29.18	26.26	85.9	28.81	26.26	88.8	NaN	26.26	NaN
4/07/2018 10:35:32 AM	3613509332	1013.00	28.72	26.25	89.5	29.17	26.25	85.9	28.79	26.25	89.0	NaN	26.25	NaN
4/07/2018 10:35:33 AM	3613509333	1013.00	28.72	26.26	89.5	29.20	26.26	85.7	28.86	26.26	88.4	NaN	26.26	NaN
4/07/2018 10:35:34 AM	3613509334	1013.00	28.75	26.25	89.3	29.22	26.25	85.6	28.82	26.25	88.7	NaN	26.25	NaN
4/07/2018 10:35:35 AM	3613509335	1013.00	28.73	26.25	89.5	29.20	26.25	85.7	28.80	26.25	88.9	NaN	26.25	NaN
4/07/2018 10:35:36 AM	3613509336	1013.00	28.74	26.26	89.4	29.22	26.26	85.5	28.85	26.26	88.5	NaN	26.26	NaN
4/07/2018 10:35:37 AM	3613509337	1013.00	28.74	26.26	89.4	29.20	26.26	85.7	28.85	26.26	88.5	NaN	26.26	NaN
4/07/2018 10:35:38 AM	3613509338	1013.00	28.73	26.25	89.5	29.74	26.25	81.6	28.83	26.25	88.6	NaN	26.25	NaN
4/07/2018 10:35:39 AM	3613509339	1013.00	28.75	26.26	89.3	29.24	26.26	85.4	28.83	26.26	88.6	NaN	26.26	NaN
4/07/2018 10:35:40 AM	3613509340	1013.00	28.74	26.25	89.4	29.20	26.25	85.7	28.84	26.25	88.6	NaN	26.25	NaN
4/07/2018 10:35:41 AM	3613509341	1013.00	28.75	26.25	89.3	29.21	26.25	85.6	28.83	26.25	88.6	NaN	26.25	NaN
4/07/2018 10:35:42 AM	3613509342	1013.00	28.75	26.25	89.3	29.22	26.25	85.6	28.87	26.25	88.3	NaN	26.25	NaN
4/07/2018 10:35:43 AM	3613509343	1013.00	28.73	26.26	89.4	29.21	26.26	85.6	28.81	26.26	88.8	NaN	26.26	NaN
4/07/2018 10:35:44 AM	3613509344	1013.00	28.75	26.26	89.3	29.21	26.26	85.6	28.85	26.26	88.5	NaN	26.26	NaN
4/07/2018 10:35:45 AM	3613509345	1013.00	28.75	26.26	89.3	29.21	26.26	85.6	28.86	26.26	88.4	NaN	26.26	NaN
4/07/2018 10:35:46 AM	3613509346	1013.00	28.77	26.27	89.1	29.25	26.27	85.3	28.87	26.27	88.3	NaN	26.27	NaN
4/07/2018 10:35:47 AM	3613509347	1013.00	28.76	26.29	89.2	29.20	26.29	85.7	28.89	26.29	88.1	NaN	26.29	NaN
4/07/2018 10:35:48 AM	3613509348	1013.00	28.77	26.28	89.1	29.23	26.28	85.4	28.87	26.28	88.3	NaN	26.28	NaN
4/07/2018 10:35:49 AM	3613509349	1013.00	28.78	26.29	89.0	29.23	26.29	85.4	28.86	26.29	88.3	NaN	26.29	NaN
4/07/2018 10:35:50 AM	3613509350	1013.00	28.75	26.29	89.2	29.26	26.29	85.2	28.87	26.29	88.3	NaN	26.29	NaN
4/07/2018 10:35:51 AM	3613509351	1013.00	28.75	26.29	89.2	29.20	26.29	85.7	28.88	26.29	88.2	NaN	26.29	NaN
