Date & time of file creation	4/07/2018 10:37 AM													
Data file path	C:\Users\ameli\Desktop\Diego Barneche\04_07_2018\26_C_old_witrox_19.txt													
														
														
CALIBRATION DATA														
Parameter/Channel	N moving average	LO phase [r.U.]	HI phase [r.U.]	LO oxygen [%air saturation]	HI oxygen [%air saturation]	LO temperature [°C]	HI temperature [°C]	Salinity [‰]						
S WOT 0041 000001   , CH 1	1	59.66	27.52	0.00	100.00	26.19	26.30	0.000						
S WOT 0041 000001   , CH 2	1	59.66	27.52	0.00	100.00	26.19	26.30	0.000						
S WOT 0041 000001   , CH 3	1	59.66	27.52	0.00	100.00	26.19	26.30	0.000						
S WOT 0041 000001   , CH 4	1	59.66	27.52	0.00	100.00	26.19	26.30	0.000						
														
														
Date &Time [DD-MM-YYYY HH:MM:SS]	Time stamp code	Barometric pressure [hPa]	S WOT 0041 000001   , CH 1 phase [r.U.]	S WOT 0041 000001   , CH 1 temp [°C]	S WOT 0041 000001   , CH 1 O2 [% air saturation]	S WOT 0041 000001   , CH 2 phase [r.U.]	S WOT 0041 000001   , CH 2 temp [°C]	S WOT 0041 000001   , CH 2 O2 [% air saturation]	S WOT 0041 000001   , CH 3 phase [r.U.]	S WOT 0041 000001   , CH 3 temp [°C]	S WOT 0041 000001   , CH 3 O2 [% air saturation]	S WOT 0041 000001   , CH 4 phase [r.U.]	S WOT 0041 000001   , CH 4 temp [°C]	S WOT 0041 000001   , CH 4 O2 [% air saturation]
4/07/2018 10:37:55 AM	3613509475	1013.00	27.17	26.79	102.5	27.00	26.79	104.1	26.88	26.79	105.3	26.90	26.79	105.1
4/07/2018 10:37:56 AM	3613509476	1013.00	27.18	26.79	102.4	27.00	26.79	104.1	26.90	26.79	105.1	26.87	26.79	105.4
4/07/2018 10:37:57 AM	3613509477	1013.00	27.16	26.78	102.6	27.00	26.78	104.2	26.91	26.78	105.1	26.93	26.78	104.9
4/07/2018 10:37:58 AM	3613509478	1013.00	27.15	26.29	103.6	26.96	26.29	105.5	26.94	26.29	105.7	26.91	26.29	106.0
4/07/2018 10:37:59 AM	3613509479	1013.00	27.17	26.29	103.4	27.02	26.29	104.9	26.92	26.29	105.9	26.90	26.29	106.1
4/07/2018 10:38:00 AM	3613509480	1013.00	27.15	26.29	103.6	27.01	26.29	105.0	26.92	26.29	105.9	26.92	26.29	105.9
4/07/2018 10:38:01 AM	3613509481	1013.00	27.12	26.29	103.9	27.00	26.29	105.1	26.91	26.29	106.0	26.92	26.29	105.9
4/07/2018 10:38:02 AM	3613509482	1013.00	27.15	26.29	103.6	27.02	26.29	104.9	26.94	26.29	105.7	26.92	26.29	105.9
4/07/2018 10:38:03 AM	3613509483	1013.00	27.14	26.29	103.7	26.97	26.29	105.4	26.92	26.29	105.9	26.91	26.29	106.0
4/07/2018 10:38:04 AM	3613509484	1013.00	27.16	26.29	103.5	26.98	26.29	105.3	26.92	26.29	105.9	26.93	26.29	105.8
4/07/2018 10:38:05 AM	3613509485	1013.00	27.15	26.28	103.6	27.03	26.28	104.8	26.89	26.28	106.2	26.92	26.28	105.9
4/07/2018 10:38:06 AM	3613509486	1013.00	27.14	26.27	103.7	27.00	26.27	105.1	26.92	26.27	105.9	26.88	26.27	106.3
4/07/2018 10:38:07 AM	3613509487	1013.00	27.16	26.27	103.5	27.00	26.27	105.1	26.91	26.27	106.0	26.91	26.27	106.0
4/07/2018 10:38:08 AM	3613509488	1013.00	27.15	26.28	103.6	27.03	26.28	104.8	26.92	26.28	105.9	26.91	26.28	106.0
4/07/2018 10:38:09 AM	3613509489	1013.00	27.14	26.28	103.7	26.99	26.28	105.2	26.92	26.28	105.9	26.91	26.28	106.0
4/07/2018 10:38:10 AM	3613509490	1013.00	27.15	26.29	103.6	26.99	26.29	105.2	26.92	26.29	105.9	26.94	26.29	105.7
4/07/2018 10:38:11 AM	3613509491	1013.00	27.14	26.29	103.7	27.03	26.29	104.8	26.97	26.29	105.4	26.90	26.29	106.1
4/07/2018 10:38:12 AM	3613509492	1013.00	27.14	26.29	103.7	27.00	26.29	105.1	26.92	26.29	105.9	26.91	26.29	106.0
4/07/2018 10:38:13 AM	3613509493	1013.00	27.15	26.29	103.6	27.00	26.29	105.1	26.90	26.29	106.1	26.90	26.29	106.1
4/07/2018 10:38:14 AM	3613509494	1013.00	27.14	26.27	103.7	26.98	26.27	105.3	26.93	26.27	105.8	26.93	26.27	105.8
4/07/2018 10:38:15 AM	3613509495	1013.00	27.17	26.27	103.4	27.04	26.27	104.7	26.89	26.27	106.2	26.91	26.27	106.0
4/07/2018 10:38:16 AM	3613509496	1013.00	27.14	26.27	103.7	27.05	26.27	104.6	26.92	26.27	105.9	26.91	26.27	106.0
4/07/2018 10:38:17 AM	3613509497	1013.00	27.17	26.27	103.4	27.02	26.27	104.9	26.94	26.27	105.7	26.92	26.27	105.9
4/07/2018 10:38:18 AM	3613509498	1013.00	27.15	26.27	103.6	26.97	26.27	105.4	26.94	26.27	105.7	26.91	26.27	106.0
4/07/2018 10:38:19 AM	3613509499	1013.00	27.15	26.28	103.6	27.07	26.28	104.4	26.96	26.28	105.5	26.91	26.28	106.0
4/07/2018 10:38:20 AM	3613509500	1013.00	27.15	26.28	103.6	27.00	26.28	105.1	26.91	26.28	106.0	26.91	26.28	106.0
4/07/2018 10:38:21 AM	3613509501	1013.00	27.17	26.28	103.4	27.03	26.28	104.8	26.94	26.28	105.7	26.91	26.28	106.0
4/07/2018 10:38:22 AM	3613509502	1013.00	27.17	26.28	103.4	26.95	26.28	105.6	26.91	26.28	106.0	26.94	26.28	105.7
4/07/2018 10:38:23 AM	3613509503	1013.00	27.14	26.28	103.7	26.98	26.28	105.3	27.00	26.28	105.1	26.93	26.28	105.8
4/07/2018 10:38:24 AM	3613509504	1013.00	27.17	26.28	103.4	27.02	26.28	104.9	26.92	26.28	105.9	26.90	26.28	106.1
4/07/2018 10:38:25 AM	3613509505	1013.00	27.17	26.28	103.4	26.98	26.28	105.3	26.96	26.28	105.5	26.91	26.28	106.0
4/07/2018 10:38:26 AM	3613509506	1013.00	27.15	26.29	103.6	27.04	26.29	104.7	26.92	26.29	105.9	26.92	26.29	105.9
4/07/2018 10:38:27 AM	3613509507	1013.00	27.16	26.29	103.5	27.02	26.29	104.9	26.96	26.29	105.5	26.90	26.29	106.1
4/07/2018 10:38:28 AM	3613509508	1013.00	27.16	26.29	103.5	27.00	26.29	105.1	26.94	26.29	105.7	26.91	26.29	106.0
4/07/2018 10:38:29 AM	3613509509	1013.00	27.17	26.29	103.4	27.00	26.29	105.1	26.95	26.29	105.6	26.91	26.29	106.0
4/07/2018 10:38:30 AM	3613509510	1013.00	27.16	26.29	103.5	26.99	26.29	105.2	26.94	26.29	105.7	26.93	26.29	105.8
4/07/2018 10:38:31 AM	3613509511	1013.00	27.13	26.29	103.8	27.01	26.29	105.0	26.95	26.29	105.6	26.90	26.29	106.1
4/07/2018 10:38:32 AM	3613509512	1013.00	27.17	26.29	103.4	26.97	26.29	105.4	26.93	26.29	105.8	26.94	26.29	105.7
4/07/2018 10:38:33 AM	3613509513	1013.00	27.15	26.30	103.6	27.01	26.30	104.9	26.91	26.30	105.9	26.90	26.30	106.0
4/07/2018 10:38:34 AM	3613509514	1013.00	27.15	26.29	103.6	27.01	26.29	105.0	26.95	26.29	105.6	26.88	26.29	106.3
4/07/2018 10:38:35 AM	3613509515	1013.00	27.15	26.29	103.6	26.95	26.29	105.6	26.96	26.29	105.5	26.93	26.29	105.8
4/07/2018 10:38:36 AM	3613509516	1013.00	27.15	26.28	103.6	27.02	26.28	104.9	26.95	26.28	105.6	26.91	26.28	106.0
4/07/2018 10:38:37 AM	3613509517	1013.00	27.16	26.28	103.5	27.02	26.28	104.9	26.97	26.28	105.4	26.91	26.28	106.0
4/07/2018 10:38:38 AM	3613509518	1013.00	27.19	26.28	103.2	27.01	26.28	105.0	26.99	26.28	105.2	26.90	26.28	106.1
4/07/2018 10:38:39 AM	3613509519	1013.00	27.18	26.28	103.3	27.04	26.28	104.7	26.95	26.28	105.6	26.90	26.28	106.1
4/07/2018 10:38:40 AM	3613509520	1013.00	27.16	26.27	103.5	26.99	26.27	105.2	26.96	26.27	105.5	26.88	26.27	106.3
4/07/2018 10:38:41 AM	3613509521	1013.00	27.18	26.27	103.3	27.03	26.27	104.8	26.95	26.27	105.6	26.91	26.27	106.0
4/07/2018 10:38:42 AM	3613509522	1013.00	27.17	26.27	103.4	27.01	26.27	105.0	26.96	26.27	105.5	26.95	26.27	105.6
4/07/2018 10:38:43 AM	3613509523	1013.00	27.18	26.27	103.3	27.00	26.27	105.1	26.96	26.27	105.5	26.91	26.27	106.0
4/07/2018 10:38:44 AM	3613509524	1013.00	27.18	26.27	103.3	27.00	26.27	105.1	26.95	26.27	105.6	26.92	26.27	105.9
4/07/2018 10:38:45 AM	3613509525	1013.00	27.18	26.28	103.3	27.05	26.28	104.6	26.95	26.28	105.6	26.92	26.28	105.9
4/07/2018 10:38:46 AM	3613509526	1013.00	27.17	26.29	103.4	27.00	26.29	105.1	26.94	26.29	105.7	26.91	26.29	106.0
4/07/2018 10:38:47 AM	3613509527	1013.00	27.18	26.29	103.3	27.02	26.29	104.9	26.99	26.29	105.2	26.91	26.29	106.0
4/07/2018 10:38:48 AM	3613509528	1013.00	27.17	26.29	103.4	27.04	26.29	104.7	27.00	26.29	105.1	26.89	26.29	106.2
4/07/2018 10:38:49 AM	3613509529	1013.00	27.16	26.30	103.5	26.97	26.30	105.3	26.99	26.30	105.1	26.92	26.30	105.8
4/07/2018 10:38:50 AM	3613509530	1013.00	27.21	26.29	103.0	27.02	26.29	104.9	26.98	26.29	105.3	26.91	26.29	106.0
4/07/2018 10:38:51 AM	3613509531	1013.00	27.19	26.29	103.2	27.01	26.29	105.0	26.99	26.29	105.2	26.91	26.29	106.0
4/07/2018 10:38:52 AM	3613509532	1013.00	27.15	26.29	103.6	27.06	26.29	104.5	26.99	26.29	105.2	26.92	26.29	105.9
4/07/2018 10:38:53 AM	3613509533	1013.00	27.20	26.29	103.1	27.04	26.29	104.7	26.97	26.29	105.4	26.89	26.29	106.2
4/07/2018 10:38:54 AM	3613509534	1013.00	27.19	26.29	103.2	27.03	26.29	104.8	26.97	26.29	105.4	26.90	26.29	106.1
4/07/2018 10:38:55 AM	3613509535	1013.00	27.15	26.29	103.6	27.02	26.29	104.9	26.97	26.29	105.4	26.90	26.29	106.1
4/07/2018 10:38:56 AM	3613509536	1013.00	27.21	26.29	103.0	27.01	26.29	105.0	26.98	26.29	105.3	26.91	26.29	106.0
4/07/2018 10:38:57 AM	3613509537	1013.00	27.20	26.29	103.1	27.05	26.29	104.6	26.98	26.29	105.3	26.90	26.29	106.1
4/07/2018 10:38:58 AM	3613509538	1013.00	27.22	26.28	102.9	27.05	26.28	104.6	26.99	26.28	105.2	26.90	26.28	106.1
4/07/2018 10:38:59 AM	3613509539	1013.00	27.19	26.28	103.2	27.05	26.28	104.6	26.94	26.28	105.7	26.90	26.28	106.1
4/07/2018 10:39:00 AM	3613509540	1013.00	27.19	26.28	103.2	27.05	26.28	104.6	26.99	26.28	105.2	26.88	26.28	106.3
4/07/2018 10:39:01 AM	3613509541	1013.00	27.24	26.28	102.7	27.04	26.28	104.7	26.93	26.28	105.8	26.92	26.28	105.9
4/07/2018 10:39:02 AM	3613509542	1013.00	27.20	26.28	103.1	27.00	26.28	105.1	26.98	26.28	105.3	26.92	26.28	105.9
4/07/2018 10:39:03 AM	3613509543	1013.00	27.21	26.28	103.0	27.04	26.28	104.7	26.99	26.28	105.2	26.94	26.28	105.7
4/07/2018 10:39:04 AM	3613509544	1013.00	27.20	26.28	103.1	27.05	26.28	104.6	26.96	26.28	105.5	26.93	26.28	105.8
4/07/2018 10:39:05 AM	3613509545	1013.00	27.21	26.28	103.0	27.02	26.28	104.9	26.94	26.28	105.7	26.92	26.28	105.9
4/07/2018 10:39:06 AM	3613509546	1013.00	27.21	26.27	103.0	27.10	26.27	104.1	26.97	26.27	105.4	26.91	26.27	106.0
4/07/2018 10:39:07 AM	3613509547	1013.00	27.20	26.27	103.1	27.02	26.27	104.9	26.99	26.27	105.2	26.94	26.27	105.7
4/07/2018 10:39:08 AM	3613509548	1013.00	27.23	26.28	102.8	27.03	26.28	104.8	26.97	26.28	105.4	26.92	26.28	105.9
4/07/2018 10:39:09 AM	3613509549	1013.00	27.21	26.28	103.0	27.03	26.28	104.8	26.97	26.28	105.4	26.94	26.28	105.7
4/07/2018 10:39:10 AM	3613509550	1013.00	27.21	26.28	103.0	27.04	26.28	104.7	26.96	26.28	105.5	26.92	26.28	105.9
4/07/2018 10:39:11 AM	3613509551	1013.00	27.23	26.28	102.8	27.04	26.28	104.7	26.99	26.28	105.2	26.89	26.28	106.2
4/07/2018 10:39:12 AM	3613509552	1013.00	27.23	26.29	102.8	27.04	26.29	104.7	26.95	26.29	105.6	26.93	26.29	105.8
4/07/2018 10:39:13 AM	3613509553	1013.00	27.25	26.30	102.6	27.00	26.30	105.0	27.00	26.30	105.0	26.90	26.30	106.0
4/07/2018 10:39:14 AM	3613509554	1013.00	27.23	26.29	102.8	27.03	26.29	104.8	27.02	26.29	104.9	26.90	26.29	106.1
4/07/2018 10:39:15 AM	3613509555	1013.00	27.23	26.29	102.8	27.05	26.29	104.6	26.97	26.29	105.4	26.89	26.29	106.2
4/07/2018 10:39:16 AM	3613509556	1013.00	27.24	26.29	102.7	27.06	26.29	104.5	26.98	26.29	105.3	26.90	26.29	106.1
4/07/2018 10:39:17 AM	3613509557	1013.00	27.24	26.28	102.7	27.07	26.28	104.4	26.99	26.28	105.2	26.93	26.28	105.8
4/07/2018 10:39:18 AM	3613509558	1013.00	27.27	26.28	102.4	27.04	26.28	104.7	26.98	26.28	105.3	26.91	26.28	106.0
4/07/2018 10:39:19 AM	3613509559	1013.00	27.24	26.28	102.7	27.06	26.28	104.5	27.00	26.28	105.1	26.93	26.28	105.8
4/07/2018 10:39:20 AM	3613509560	1013.00	27.26	26.28	102.5	27.04	26.28	104.7	26.98	26.28	105.3	26.91	26.28	106.0
4/07/2018 10:39:21 AM	3613509561	1013.00	27.26	26.29	102.5	27.06	26.29	104.5	26.95	26.29	105.6	26.92	26.29	105.9
4/07/2018 10:39:22 AM	3613509562	1013.00	27.26	26.29	102.5	27.03	26.29	104.8	27.00	26.29	105.1	26.92	26.29	105.9
4/07/2018 10:39:23 AM	3613509563	1013.00	27.24	26.28	102.7	27.06	26.28	104.5	27.00	26.28	105.1	26.91	26.28	106.0
4/07/2018 10:39:24 AM	3613509564	1013.00	27.26	26.28	102.5	27.04	26.28	104.7	26.98	26.28	105.3	26.92	26.28	105.9
4/07/2018 10:39:25 AM	3613509565	1013.00	27.26	26.28	102.5	26.99	26.28	105.2	26.98	26.28	105.3	26.91	26.28	106.0
4/07/2018 10:39:26 AM	3613509566	1013.00	27.25	26.28	102.6	27.02	26.28	104.9	26.99	26.28	105.2	26.91	26.28	106.0
4/07/2018 10:39:27 AM	3613509567	1013.00	27.27	26.28	102.4	27.05	26.28	104.6	26.95	26.28	105.6	26.91	26.28	106.0
4/07/2018 10:39:28 AM	3613509568	1013.00	27.24	26.28	102.7	27.07	26.28	104.4	27.05	26.28	104.6	26.89	26.28	106.2
4/07/2018 10:39:29 AM	3613509569	1013.00	27.26	26.29	102.5	27.08	26.29	104.3	27.02	26.29	104.9	26.90	26.29	106.1
4/07/2018 10:39:30 AM	3613509570	1013.00	27.25	26.29	102.6	27.03	26.29	104.8	27.00	26.29	105.1	26.93	26.29	105.8
4/07/2018 10:39:31 AM	3613509571	1013.00	27.28	26.29	102.3	27.04	26.29	104.7	27.00	26.29	105.1	26.91	26.29	106.0
4/07/2018 10:39:32 AM	3613509572	1013.00	27.26	26.29	102.5	27.09	26.29	104.2	27.02	26.29	104.9	26.92	26.29	105.9
4/07/2018 10:39:33 AM	3613509573	1013.00	27.26	26.29	102.5	27.10	26.29	104.1	26.97	26.29	105.4	26.93	26.29	105.8
4/07/2018 10:39:34 AM	3613509574	1013.00	27.26	26.28	102.5	27.03	26.28	104.8	27.08	26.28	104.3	26.91	26.28	106.0
4/07/2018 10:39:35 AM	3613509575	1013.00	27.26	26.28	102.5	27.06	26.28	104.5	27.02	26.28	104.9	26.92	26.28	105.9
4/07/2018 10:39:36 AM	3613509576	1013.00	27.25	26.29	102.6	27.05	26.29	104.6	27.04	26.29	104.7	26.91	26.29	106.0
4/07/2018 10:39:37 AM	3613509577	1013.00	27.28	26.29	102.3	27.06	26.29	104.5	27.03	26.29	104.8	26.91	26.29	106.0
4/07/2018 10:39:38 AM	3613509578	1013.00	27.26	26.29	102.5	27.04	26.29	104.7	27.02	26.29	104.9	26.89	26.29	106.2
4/07/2018 10:39:39 AM	3613509579	1013.00	27.28	26.29	102.3	27.04	26.29	104.7	27.03	26.29	104.8	26.89	26.29	106.2
4/07/2018 10:39:40 AM	3613509580	1013.00	27.29	26.29	102.2	27.08	26.29	104.3	27.04	26.29	104.7	26.92	26.29	105.9
4/07/2018 10:39:41 AM	3613509581	1013.00	27.27	26.29	102.4	27.05	26.29	104.6	27.06	26.29	104.5	26.92	26.29	105.9
4/07/2018 10:39:42 AM	3613509582	1013.00	27.30	26.29	102.1	27.05	26.29	104.6	27.04	26.29	104.7	26.93	26.29	105.8
4/07/2018 10:39:43 AM	3613509583	1013.00	27.28	26.29	102.3	27.12	26.29	103.9	27.06	26.29	104.5	26.92	26.29	105.9
4/07/2018 10:39:44 AM	3613509584	1013.00	27.29	26.29	102.2	27.06	26.29	104.5	27.05	26.29	104.6	26.92	26.29	105.9
4/07/2018 10:39:45 AM	3613509585	1013.00	27.29	26.30	102.2	27.05	26.30	104.5	27.05	26.30	104.5	26.92	26.30	105.8
4/07/2018 10:39:46 AM	3613509586	1013.00	27.31	26.29	102.0	27.10	26.29	104.1	27.05	26.29	104.6	26.90	26.29	106.1
4/07/2018 10:39:47 AM	3613509587	1013.00	27.31	26.29	102.0	27.10	26.29	104.1	27.07	26.29	104.4	26.92	26.29	105.9
4/07/2018 10:39:48 AM	3613509588	1013.00	27.29	26.29	102.2	27.09	26.29	104.2	27.03	26.29	104.8	26.91	26.29	106.0
4/07/2018 10:39:49 AM	3613509589	1013.00	27.29	26.29	102.2	27.12	26.29	103.9	27.09	26.29	104.2	26.92	26.29	105.9
4/07/2018 10:39:50 AM	3613509590	1013.00	27.33	26.28	101.8	27.12	26.28	103.9	27.09	26.28	104.2	26.95	26.28	105.6
4/07/2018 10:39:51 AM	3613509591	1013.00	27.32	26.29	101.9	27.04	26.29	104.7	27.10	26.29	104.1	26.91	26.29	106.0
4/07/2018 10:39:52 AM	3613509592	1013.00	27.33	26.29	101.8	27.10	26.29	104.1	27.04	26.29	104.7	26.93	26.29	105.8
4/07/2018 10:39:53 AM	3613509593	1013.00	27.33	26.29	101.8	27.08	26.29	104.3	27.12	26.29	103.9	26.92	26.29	105.9
4/07/2018 10:39:54 AM	3613509594	1013.00	27.33	26.29	101.8	27.08	26.29	104.3	27.07	26.29	104.4	26.92	26.29	105.9
4/07/2018 10:39:55 AM	3613509595	1013.00	27.35	26.29	101.6	27.09	26.29	104.2	27.03	26.29	104.8	26.92	26.29	105.9
4/07/2018 10:39:56 AM	3613509596	1013.00	27.34	26.29	101.7	27.09	26.29	104.2	27.02	26.29	104.9	26.91	26.29	106.0
4/07/2018 10:39:57 AM	3613509597	1013.00	27.34	26.29	101.7	27.09	26.29	104.2	27.05	26.29	104.6	26.94	26.29	105.7
4/07/2018 10:39:58 AM	3613509598	1013.00	27.35	26.29	101.6	27.05	26.29	104.6	27.09	26.29	104.2	26.92	26.29	105.9
4/07/2018 10:39:59 AM	3613509599	1013.00	27.37	26.29	101.4	27.12	26.29	103.9	27.03	26.29	104.8	26.93	26.29	105.8
4/07/2018 10:40:00 AM	3613509600	1013.00	27.34	26.29	101.7	27.10	26.29	104.1	27.07	26.29	104.4	26.89	26.29	106.2
4/07/2018 10:40:01 AM	3613509601	1013.00	27.36	26.29	101.5	27.11	26.29	104.0	27.06	26.29	104.5	26.92	26.29	105.9
4/07/2018 10:40:02 AM	3613509602	1013.00	27.34	26.29	101.7	27.17	26.29	103.4	27.05	26.29	104.6	26.91	26.29	106.0
4/07/2018 10:40:03 AM	3613509603	1013.00	27.38	26.30	101.3	27.05	26.30	104.5	27.07	26.30	104.3	26.90	26.30	106.0
4/07/2018 10:40:04 AM	3613509604	1013.00	27.36	26.29	101.5	27.10	26.29	104.1	27.10	26.29	104.1	26.95	26.29	105.6
4/07/2018 10:40:05 AM	3613509605	1013.00	27.36	26.29	101.5	27.07	26.29	104.4	27.11	26.29	104.0	26.94	26.29	105.7
4/07/2018 10:40:06 AM	3613509606	1013.00	27.39	26.29	101.2	27.10	26.29	104.1	27.10	26.29	104.1	26.91	26.29	106.0
4/07/2018 10:40:07 AM	3613509607	1013.00	27.39	26.29	101.2	27.13	26.29	103.8	27.12	26.29	103.9	26.91	26.29	106.0
4/07/2018 10:40:08 AM	3613509608	1013.00	27.40	26.28	101.2	27.09	26.28	104.2	27.10	26.28	104.1	26.92	26.28	105.9
4/07/2018 10:40:09 AM	3613509609	1013.00	27.39	26.28	101.3	27.13	26.28	103.8	27.09	26.28	104.2	26.91	26.28	106.0
4/07/2018 10:40:10 AM	3613509610	1013.00	27.38	26.29	101.3	27.10	26.29	104.1	27.12	26.29	103.9	26.91	26.29	106.0
4/07/2018 10:40:11 AM	3613509611	1013.00	27.37	26.30	101.4	27.08	26.30	104.2	27.10	26.30	104.0	26.90	26.30	106.0
4/07/2018 10:40:12 AM	3613509612	1013.00	27.38	26.30	101.3	27.14	26.30	103.6	27.12	26.30	103.8	26.87	26.30	106.3
4/07/2018 10:40:13 AM	3613509613	1013.00	27.37	26.30	101.4	27.09	26.30	104.1	27.12	26.30	103.8	26.88	26.30	106.2
4/07/2018 10:40:14 AM	3613509614	1013.00	27.36	26.30	101.5	27.13	26.30	103.7	27.10	26.30	104.0	26.90	26.30	106.0
4/07/2018 10:40:15 AM	3613509615	1013.00	27.38	26.30	101.3	27.14	26.30	103.6	27.11	26.30	103.9	26.89	26.30	106.1
4/07/2018 10:40:16 AM	3613509616	1013.00	27.39	26.30	101.2	27.11	26.30	103.9	27.08	26.30	104.2	26.89	26.30	106.1
4/07/2018 10:40:17 AM	3613509617	1013.00	27.39	26.30	101.2	27.14	26.30	103.6	27.11	26.30	103.9	26.91	26.30	105.9
4/07/2018 10:40:18 AM	3613509618	1013.00	27.37	26.30	101.4	27.10	26.30	104.0	27.10	26.30	104.0	26.89	26.30	106.1
4/07/2018 10:40:19 AM	3613509619	1013.00	27.40	26.30	101.1	27.08	26.30	104.2	27.11	26.30	103.9	26.90	26.30	106.0
4/07/2018 10:40:20 AM	3613509620	1013.00	27.39	26.30	101.2	27.16	26.30	103.5	27.15	26.30	103.6	26.93	26.30	105.7
4/07/2018 10:40:21 AM	3613509621	1013.00	27.42	26.30	100.9	27.10	26.30	104.0	27.10	26.30	104.0	26.91	26.30	105.9
4/07/2018 10:40:22 AM	3613509622	1013.00	27.41	26.30	101.0	27.08	26.30	104.2	27.17	26.30	103.4	26.92	26.30	105.8
4/07/2018 10:40:23 AM	3613509623	1013.00	27.41	26.29	101.1	27.18	26.29	103.3	27.13	26.29	103.8	26.91	26.29	106.0
4/07/2018 10:40:24 AM	3613509624	1013.00	27.43	26.29	100.9	27.16	26.29	103.5	27.15	26.29	103.6	26.90	26.29	106.1
4/07/2018 10:40:25 AM	3613509625	1013.00	27.39	26.29	101.2	27.15	26.29	103.6	27.15	26.29	103.6	26.92	26.29	105.9
4/07/2018 10:40:26 AM	3613509626	1013.00	27.40	26.29	101.2	27.10	26.29	104.1	27.14	26.29	103.7	26.90	26.29	106.1
4/07/2018 10:40:27 AM	3613509627	1013.00	27.43	26.29	100.9	27.14	26.29	103.7	27.14	26.29	103.7	26.94	26.29	105.7
4/07/2018 10:40:28 AM	3613509628	1013.00	27.44	26.30	100.8	27.16	26.30	103.5	27.13	26.30	103.7	26.92	26.30	105.8
4/07/2018 10:40:29 AM	3613509629	1013.00	27.44	26.30	100.8	27.12	26.30	103.8	27.13	26.30	103.7	26.91	26.30	105.9
4/07/2018 10:40:30 AM	3613509630	1013.00	27.43	26.30	100.8	27.12	26.30	103.8	27.13	26.30	103.7	26.90	26.30	106.0
4/07/2018 10:40:31 AM	3613509631	1013.00	27.42	26.30	100.9	27.13	26.30	103.7	27.13	26.30	103.7	26.93	26.30	105.7
4/07/2018 10:40:32 AM	3613509632	1013.00	27.39	26.30	101.2	27.17	26.30	103.4	27.15	26.30	103.6	26.92	26.30	105.8
4/07/2018 10:40:33 AM	3613509633	1013.00	27.46	26.30	100.6	27.14	26.30	103.6	27.14	26.30	103.6	26.91	26.30	105.9
4/07/2018 10:40:34 AM	3613509634	1013.00	27.43	26.30	100.8	27.14	26.30	103.6	27.17	26.30	103.4	26.91	26.30	105.9
4/07/2018 10:40:35 AM	3613509635	1013.00	27.46	26.30	100.6	27.09	26.30	104.1	27.13	26.30	103.7	26.91	26.30	105.9
4/07/2018 10:40:36 AM	3613509636	1013.00	27.45	26.30	100.7	27.15	26.30	103.6	27.17	26.30	103.4	26.92	26.30	105.8
4/07/2018 10:40:37 AM	3613509637	1013.00	27.45	26.30	100.7	27.17	26.30	103.4	27.18	26.30	103.3	26.91	26.30	105.9
4/07/2018 10:40:38 AM	3613509638	1013.00	27.46	26.31	100.5	27.14	26.31	103.6	27.13	26.31	103.7	26.88	26.31	106.2
4/07/2018 10:40:39 AM	3613509639	1013.00	27.45	26.30	100.7	27.21	26.30	103.0	27.22	26.30	102.9	26.93	26.30	105.7
4/07/2018 10:40:40 AM	3613509640	1013.00	27.45	26.31	100.6	27.12	26.31	103.8	27.18	26.31	103.2	26.94	26.31	105.6
4/07/2018 10:40:41 AM	3613509641	1013.00	27.47	26.32	100.4	27.20	26.32	103.0	27.17	26.32	103.3	26.93	26.32	105.7
4/07/2018 10:40:42 AM	3613509642	1013.00	27.49	26.31	100.3	27.15	26.31	103.5	27.20	26.31	103.0	26.90	26.31	106.0
4/07/2018 10:40:43 AM	3613509643	1013.00	27.50	26.31	100.2	27.14	26.31	103.6	27.24	26.31	102.7	26.92	26.31	105.8
4/07/2018 10:40:44 AM	3613509644	1013.00	27.51	26.31	100.1	27.19	26.31	103.1	27.20	26.31	103.0	26.91	26.31	105.9
4/07/2018 10:40:45 AM	3613509645	1013.00	27.49	26.31	100.3	27.13	26.31	103.7	27.22	26.31	102.8	26.93	26.31	105.7
4/07/2018 10:40:46 AM	3613509646	1013.00	27.51	26.30	100.1	27.16	26.30	103.5	27.21	26.30	103.0	26.93	26.30	105.7
4/07/2018 10:40:47 AM	3613509647	1013.00	27.49	26.30	100.3	27.17	26.30	103.4	27.23	26.30	102.8	26.92	26.30	105.8
4/07/2018 10:40:48 AM	3613509648	1013.00	27.51	26.31	100.1	27.14	26.31	103.6	27.23	26.31	102.8	26.91	26.31	105.9
4/07/2018 10:40:49 AM	3613509649	1013.00	27.49	26.29	100.3	27.19	26.29	103.2	27.24	26.29	102.7	26.91	26.29	106.0
4/07/2018 10:40:50 AM	3613509650	1013.00	27.52	26.30	100.0	27.16	26.30	103.5	27.24	26.30	102.7	26.91	26.30	105.9
4/07/2018 10:40:51 AM	3613509651	1013.00	27.50	26.30	100.2	27.17	26.30	103.4	27.23	26.30	102.8	26.95	26.30	105.5
4/07/2018 10:40:52 AM	3613509652	1013.00	27.51	26.30	100.1	27.18	26.30	103.3	27.25	26.30	102.6	26.94	26.30	105.6
4/07/2018 10:40:53 AM	3613509653	1013.00	27.57	26.30	99.5	27.19	26.30	103.2	27.25	26.30	102.6	26.93	26.30	105.7
4/07/2018 10:40:54 AM	3613509654	1013.00	27.52	26.31	100.0	27.20	26.31	103.0	27.30	26.31	102.1	26.93	26.31	105.7
4/07/2018 10:40:55 AM	3613509655	1013.00	27.53	26.30	99.9	27.18	26.30	103.3	27.22	26.30	102.9	26.93	26.30	105.7
4/07/2018 10:40:56 AM	3613509656	1013.00	27.53	26.30	99.9	27.21	26.30	103.0	27.24	26.30	102.7	26.89	26.30	106.1
4/07/2018 10:40:57 AM	3613509657	1013.00	27.54	26.30	99.8	27.19	26.30	103.2	27.25	26.30	102.6	26.90	26.30	106.0
4/07/2018 10:40:58 AM	3613509658	1013.00	27.55	26.30	99.7	27.22	26.30	102.9	27.24	26.30	102.7	26.92	26.30	105.8
4/07/2018 10:40:59 AM	3613509659	1013.00	27.55	26.30	99.7	27.20	26.30	103.1	27.27	26.30	102.4	26.91	26.30	105.9
4/07/2018 10:41:00 AM	3613509660	1013.00	27.52	26.31	100.0	27.23	26.31	102.8	27.23	26.31	102.8	26.91	26.31	105.9
4/07/2018 10:41:01 AM	3613509661	1013.00	27.56	26.31	99.6	27.22	26.31	102.8	27.25	26.31	102.6	26.90	26.31	106.0
4/07/2018 10:41:02 AM	3613509662	1013.00	27.56	26.31	99.6	27.19	26.31	103.1	27.28	26.31	102.3	26.94	26.31	105.6
4/07/2018 10:41:03 AM	3613509663	1013.00	27.56	26.31	99.6	27.17	26.31	103.3	27.29	26.31	102.2	26.91	26.31	105.9
4/07/2018 10:41:04 AM	3613509664	1013.00	27.57	26.31	99.5	27.19	26.31	103.1	27.28	26.31	102.3	26.92	26.31	105.8
4/07/2018 10:41:05 AM	3613509665	1013.00	27.55	26.30	99.7	27.19	26.30	103.2	27.27	26.30	102.4	26.92	26.30	105.8
4/07/2018 10:41:06 AM	3613509666	1013.00	27.54	26.30	99.8	27.21	26.30	103.0	27.27	26.30	102.4	26.92	26.30	105.8
4/07/2018 10:41:07 AM	3613509667	1013.00	27.53	26.31	99.9	27.22	26.31	102.8	27.21	26.31	102.9	26.92	26.31	105.8
4/07/2018 10:41:08 AM	3613509668	1013.00	27.55	26.31	99.7	27.17	26.31	103.3	27.25	26.31	102.6	26.89	26.31	106.1
4/07/2018 10:41:09 AM	3613509669	1013.00	27.55	26.31	99.7	27.22	26.31	102.8	27.28	26.31	102.3	26.93	26.31	105.7
4/07/2018 10:41:10 AM	3613509670	1013.00	27.55	26.31	99.7	27.24	26.31	102.7	27.26	26.31	102.5	26.94	26.31	105.6
4/07/2018 10:41:11 AM	3613509671	1013.00	27.60	26.32	99.2	27.19	26.32	103.1	27.26	26.32	102.4	26.92	26.32	105.8
4/07/2018 10:41:12 AM	3613509672	1013.00	27.55	26.32	99.7	27.23	26.32	102.7	27.27	26.32	102.3	26.94	26.32	105.6
4/07/2018 10:41:13 AM	3613509673	1013.00	27.55	26.32	99.7	27.21	26.32	102.9	27.31	26.32	102.0	26.89	26.32	106.1
4/07/2018 10:41:14 AM	3613509674	1013.00	27.54	26.32	99.8	27.17	26.32	103.3	27.29	26.32	102.2	26.95	26.32	105.5
4/07/2018 10:41:15 AM	3613509675	1013.00	27.58	26.32	99.4	27.19	26.32	103.1	27.29	26.32	102.2	26.92	26.32	105.8
4/07/2018 10:41:16 AM	3613509676	1013.00	27.56	26.31	99.6	27.23	26.31	102.8	27.28	26.31	102.3	26.92	26.31	105.8
4/07/2018 10:41:17 AM	3613509677	1013.00	27.58	26.31	99.4	27.25	26.31	102.6	27.26	26.31	102.5	26.91	26.31	105.9
4/07/2018 10:41:18 AM	3613509678	1013.00	27.57	26.32	99.5	27.21	26.32	102.9	27.29	26.32	102.2	26.93	26.32	105.7
4/07/2018 10:41:19 AM	3613509679	1013.00	27.55	26.32	99.7	27.25	26.32	102.5	27.33	26.32	101.8	26.95	26.32	105.5
4/07/2018 10:41:20 AM	3613509680	1013.00	27.58	26.32	99.4	27.20	26.32	103.0	27.26	26.32	102.4	26.90	26.32	106.0
4/07/2018 10:41:21 AM	3613509681	1013.00	27.58	26.32	99.4	27.25	26.32	102.5	27.24	26.32	102.6	26.94	26.32	105.6
4/07/2018 10:41:22 AM	3613509682	1013.00	27.57	26.32	99.5	27.22	26.32	102.8	27.28	26.32	102.3	26.93	26.32	105.7
4/07/2018 10:41:23 AM	3613509683	1013.00	27.56	26.32	99.6	27.24	26.32	102.6	27.32	26.32	101.9	26.93	26.32	105.7
4/07/2018 10:41:24 AM	3613509684	1013.00	27.60	26.32	99.2	27.20	26.32	103.0	27.30	26.32	102.1	26.92	26.32	105.8
4/07/2018 10:41:25 AM	3613509685	1013.00	27.62	26.32	99.0	27.23	26.32	102.7	27.27	26.32	102.3	26.92	26.32	105.8
4/07/2018 10:41:26 AM	3613509686	1013.00	27.60	26.32	99.2	27.23	26.32	102.7	27.29	26.32	102.2	26.91	26.32	105.9
4/07/2018 10:41:27 AM	3613509687	1013.00	27.59	26.31	99.3	27.23	26.31	102.8	27.29	26.31	102.2	26.94	26.31	105.6
4/07/2018 10:41:28 AM	3613509688	1013.00	27.62	26.31	99.0	27.20	26.31	103.0	27.25	26.31	102.6	26.91	26.31	105.9
4/07/2018 10:41:29 AM	3613509689	1013.00	27.59	26.31	99.3	27.22	26.31	102.8	27.32	26.31	101.9	26.91	26.31	105.9
4/07/2018 10:41:30 AM	3613509690	1013.00	27.62	26.31	99.0	27.23	26.31	102.8	27.31	26.31	102.0	26.93	26.31	105.7
4/07/2018 10:41:31 AM	3613509691	1013.00	27.60	26.31	99.2	27.21	26.31	102.9	27.31	26.31	102.0	26.92	26.31	105.8
4/07/2018 10:41:32 AM	3613509692	1013.00	27.61	26.31	99.1	27.24	26.31	102.7	27.31	26.31	102.0	26.93	26.31	105.7
4/07/2018 10:41:33 AM	3613509693	1013.00	27.61	26.31	99.1	27.25	26.31	102.6	27.33	26.31	101.8	26.92	26.31	105.8
4/07/2018 10:41:34 AM	3613509694	1013.00	27.61	26.32	99.1	27.21	26.32	102.9	27.33	26.32	101.8	26.94	26.32	105.6
4/07/2018 10:41:35 AM	3613509695	1013.00	27.61	26.32	99.1	27.25	26.32	102.5	27.30	26.32	102.1	26.92	26.32	105.8
4/07/2018 10:41:36 AM	3613509696	1013.00	27.60	26.32	99.2	27.22	26.32	102.8	27.27	26.32	102.3	26.93	26.32	105.7
4/07/2018 10:41:37 AM	3613509697	1013.00	27.62	26.32	99.0	27.25	26.32	102.5	27.29	26.32	102.2	26.92	26.32	105.8
4/07/2018 10:41:38 AM	3613509698	1013.00	27.63	26.32	98.9	27.27	26.32	102.3	27.27	26.32	102.3	26.92	26.32	105.8
4/07/2018 10:41:39 AM	3613509699	1013.00	27.63	26.31	99.0	27.28	26.31	102.3	27.31	26.31	102.0	26.91	26.31	105.9
4/07/2018 10:41:40 AM	3613509700	1013.00	27.63	26.32	98.9	27.27	26.32	102.3	27.27	26.32	102.3	26.92	26.32	105.8
4/07/2018 10:41:41 AM	3613509701	1013.00	27.64	26.32	98.8	27.24	26.32	102.6	27.31	26.32	102.0	26.92	26.32	105.8
4/07/2018 10:41:42 AM	3613509702	1013.00	27.61	26.32	99.1	27.26	26.32	102.4	27.30	26.32	102.1	26.93	26.32	105.7
4/07/2018 10:41:43 AM	3613509703	1013.00	27.63	26.33	98.9	27.26	26.33	102.4	27.33	26.33	101.8	26.94	26.33	105.6
4/07/2018 10:41:44 AM	3613509704	1013.00	27.67	26.33	98.6	27.26	26.33	102.4	27.34	26.33	101.7	26.95	26.33	105.5
4/07/2018 10:41:45 AM	3613509705	1013.00	27.66	26.33	98.6	27.30	26.33	102.0	27.33	26.33	101.8	26.93	26.33	105.7
4/07/2018 10:41:46 AM	3613509706	1013.00	27.66	26.32	98.7	27.23	26.32	102.7	27.35	26.32	101.6	26.91	26.32	105.9
4/07/2018 10:41:47 AM	3613509707	1013.00	27.66	26.32	98.7	27.26	26.32	102.4	27.33	26.32	101.8	26.93	26.32	105.7
4/07/2018 10:41:48 AM	3613509708	1013.00	27.64	26.32	98.8	27.27	26.32	102.3	27.30	26.32	102.1	26.94	26.32	105.6
4/07/2018 10:41:49 AM	3613509709	1013.00	27.63	26.33	98.9	27.28	26.33	102.2	27.29	26.33	102.1	26.93	26.33	105.7
4/07/2018 10:41:50 AM	3613509710	1013.00	27.64	26.34	98.8	27.23	26.34	102.7	27.36	26.34	101.4	26.91	26.34	105.9
4/07/2018 10:41:51 AM	3613509711	1013.00	27.67	26.34	98.5	27.30	26.34	102.0	27.31	26.34	101.9	26.94	26.34	105.6
4/07/2018 10:41:52 AM	3613509712	1013.00	27.66	26.34	98.6	27.25	26.34	102.5	27.30	26.34	102.0	26.91	26.34	105.9
4/07/2018 10:41:53 AM	3613509713	1013.00	27.65	26.34	98.7	27.26	26.34	102.4	27.31	26.34	101.9	26.91	26.34	105.9
4/07/2018 10:41:54 AM	3613509714	1013.00	27.65	26.33	98.7	27.26	26.33	102.4	27.34	26.33	101.7	26.92	26.33	105.8
4/07/2018 10:41:55 AM	3613509715	1013.00	27.68	26.33	98.5	27.32	26.33	101.8	27.32	26.33	101.8	26.94	26.33	105.6
4/07/2018 10:41:56 AM	3613509716	1013.00	27.65	26.34	98.7	27.31	26.34	101.9	27.30	26.34	102.0	26.90	26.34	106.0
4/07/2018 10:41:57 AM	3613509717	1013.00	27.65	26.34	98.7	27.28	26.34	102.2	27.36	26.34	101.4	26.93	26.34	105.7
4/07/2018 10:41:58 AM	3613509718	1013.00	27.68	26.33	98.5	27.27	26.33	102.3	27.37	26.33	101.4	26.93	26.33	105.7
4/07/2018 10:41:59 AM	3613509719	1013.00	27.70	26.34	98.3	27.29	26.34	102.1	27.36	26.34	101.4	26.90	26.34	106.0
4/07/2018 10:42:00 AM	3613509720	1013.00	27.65	26.34	98.7	27.30	26.34	102.0	27.39	26.34	101.2	26.92	26.34	105.8
4/07/2018 10:42:01 AM	3613509721	1013.00	27.69	26.33	98.4	27.32	26.33	101.8	27.38	26.33	101.3	26.94	26.33	105.6
4/07/2018 10:42:02 AM	3613509722	1013.00	27.68	26.34	98.4	27.31	26.34	101.9	27.37	26.34	101.4	26.93	26.34	105.7
4/07/2018 10:42:03 AM	3613509723	1013.00	27.68	26.35	98.4	27.30	26.35	102.0	27.37	26.35	101.3	26.92	26.35	105.7
4/07/2018 10:42:04 AM	3613509724	1013.00	27.70	26.34	98.3	27.30	26.34	102.0	27.37	26.34	101.4	26.90	26.34	106.0
4/07/2018 10:42:05 AM	3613509725	1013.00	27.70	26.34	98.3	27.28	26.34	102.2	27.37	26.34	101.4	26.91	26.34	105.9
4/07/2018 10:42:06 AM	3613509726	1013.00	27.68	26.34	98.4	27.30	26.34	102.0	27.38	26.34	101.3	26.95	26.34	105.5
4/07/2018 10:42:07 AM	3613509727	1013.00	27.71	26.34	98.2	27.32	26.34	101.8	27.41	26.34	101.0	26.92	26.34	105.8
4/07/2018 10:42:08 AM	3613509728	1013.00	27.71	26.33	98.2	27.35	26.33	101.6	27.36	26.33	101.5	26.93	26.33	105.7
4/07/2018 10:42:09 AM	3613509729	1013.00	27.69	26.34	98.3	27.30	26.34	102.0	27.40	26.34	101.1	26.92	26.34	105.8
4/07/2018 10:42:10 AM	3613509730	1013.00	27.72	26.34	98.1	27.29	26.34	102.1	27.38	26.34	101.3	26.92	26.34	105.8
4/07/2018 10:42:11 AM	3613509731	1013.00	27.70	26.34	98.3	27.33	26.34	101.7	27.44	26.34	100.7	26.90	26.34	106.0
4/07/2018 10:42:12 AM	3613509732	1013.00	27.69	26.34	98.3	27.36	26.34	101.4	27.40	26.34	101.1	26.92	26.34	105.8
4/07/2018 10:42:13 AM	3613509733	1013.00	27.69	26.34	98.3	27.30	26.34	102.0	27.43	26.34	100.8	26.93	26.34	105.7
4/07/2018 10:42:14 AM	3613509734	1013.00	27.74	26.34	97.9	27.26	26.34	102.4	27.44	26.34	100.7	26.92	26.34	105.8
4/07/2018 10:42:15 AM	3613509735	1013.00	27.72	26.33	98.1	27.34	26.33	101.7	27.40	26.33	101.1	26.94	26.33	105.6
4/07/2018 10:42:16 AM	3613509736	1013.00	27.71	26.33	98.2	27.35	26.33	101.6	27.47	26.33	100.4	26.90	26.33	106.0
4/07/2018 10:42:17 AM	3613509737	1013.00	27.72	26.33	98.1	27.34	26.33	101.7	27.45	26.33	100.6	26.91	26.33	105.9
4/07/2018 10:42:18 AM	3613509738	1013.00	27.73	26.33	98.0	27.33	26.33	101.8	27.42	26.33	100.9	26.91	26.33	105.9
4/07/2018 10:42:19 AM	3613509739	1013.00	27.74	26.33	97.9	27.34	26.33	101.7	27.45	26.33	100.6	26.90	26.33	106.0
4/07/2018 10:42:20 AM	3613509740	1013.00	27.73	26.33	98.0	27.38	26.33	101.3	27.46	26.33	100.5	26.92	26.33	105.8
4/07/2018 10:42:21 AM	3613509741	1013.00	27.75	26.33	97.8	27.32	26.33	101.8	27.46	26.33	100.5	26.88	26.33	106.2
4/07/2018 10:42:22 AM	3613509742	1013.00	27.75	26.33	97.8	27.32	26.33	101.8	27.44	26.33	100.7	26.92	26.33	105.8
4/07/2018 10:42:23 AM	3613509743	1013.00	27.73	26.34	98.0	27.37	26.34	101.4	27.45	26.34	100.6	26.91	26.34	105.9
4/07/2018 10:42:24 AM	3613509744	1013.00	27.73	26.35	98.0	27.35	26.35	101.5	27.47	26.35	100.4	26.93	26.35	105.6
4/07/2018 10:42:25 AM	3613509745	1013.00	27.73	26.35	98.0	27.39	26.35	101.1	27.45	26.35	100.6	26.92	26.35	105.7
4/07/2018 10:42:26 AM	3613509746	1013.00	27.76	26.35	97.7	27.36	26.35	101.4	27.42	26.35	100.9	26.93	26.35	105.6
4/07/2018 10:42:27 AM	3613509747	1013.00	27.75	26.35	97.8	27.41	26.35	101.0	27.42	26.35	100.9	26.93	26.35	105.6
4/07/2018 10:42:28 AM	3613509748	1013.00	27.74	26.35	97.9	27.32	26.35	101.8	27.49	26.35	100.2	26.91	26.35	105.8
4/07/2018 10:42:29 AM	3613509749	1013.00	27.74	26.35	97.9	27.36	26.35	101.4	27.49	26.35	100.2	26.91	26.35	105.8
4/07/2018 10:42:30 AM	3613509750	1013.00	27.75	26.35	97.8	27.36	26.35	101.4	27.46	26.35	100.5	26.93	26.35	105.6
4/07/2018 10:42:31 AM	3613509751	1013.00	27.76	26.35	97.7	27.30	26.35	102.0	27.44	26.35	100.7	26.89	26.35	106.0
4/07/2018 10:42:32 AM	3613509752	1013.00	27.78	26.34	97.5	27.39	26.34	101.2	27.44	26.34	100.7	26.91	26.34	105.9
4/07/2018 10:42:33 AM	3613509753	1013.00	27.79	26.34	97.4	27.40	26.34	101.1	27.39	26.34	101.2	26.93	26.34	105.7
4/07/2018 10:42:34 AM	3613509754	1013.00	27.79	26.33	97.5	27.42	26.33	100.9	27.44	26.33	100.7	26.90	26.33	106.0
4/07/2018 10:42:35 AM	3613509755	1013.00	27.76	26.34	97.7	27.40	26.34	101.1	27.49	26.34	100.2	26.90	26.34	106.0
4/07/2018 10:42:36 AM	3613509756	1013.00	27.76	26.34	97.7	27.34	26.34	101.6	27.46	26.34	100.5	26.92	26.34	105.8
4/07/2018 10:42:37 AM	3613509757	1013.00	27.80	26.34	97.3	27.42	26.34	100.9	27.44	26.34	100.7	26.92	26.34	105.8
4/07/2018 10:42:38 AM	3613509758	1013.00	27.78	26.34	97.5	27.38	26.34	101.3	27.43	26.34	100.8	26.90	26.34	106.0
4/07/2018 10:42:39 AM	3613509759	1013.00	27.78	26.34	97.5	27.36	26.34	101.4	27.49	26.34	100.2	26.93	26.34	105.7
4/07/2018 10:42:40 AM	3613509760	1013.00	27.80	26.34	97.3	27.39	26.34	101.2	27.46	26.34	100.5	26.94	26.34	105.6
4/07/2018 10:42:41 AM	3613509761	1013.00	27.80	26.34	97.3	27.37	26.34	101.4	27.48	26.34	100.3	26.92	26.34	105.8
4/07/2018 10:42:42 AM	3613509762	1013.00	27.83	26.34	97.1	27.35	26.34	101.5	27.46	26.34	100.5	26.95	26.34	105.5
4/07/2018 10:42:43 AM	3613509763	1013.00	27.79	26.35	97.4	27.39	26.35	101.1	27.49	26.35	100.2	26.94	26.35	105.5
4/07/2018 10:42:44 AM	3613509764	1013.00	27.80	26.35	97.3	27.35	26.35	101.5	27.48	26.35	100.3	26.92	26.35	105.7
4/07/2018 10:42:45 AM	3613509765	1013.00	27.83	26.35	97.1	27.39	26.35	101.1	27.49	26.35	100.2	26.91	26.35	105.8
4/07/2018 10:42:46 AM	3613509766	1013.00	27.81	26.36	97.2	27.38	26.36	101.2	27.47	26.36	100.4	26.92	26.36	105.7
4/07/2018 10:42:47 AM	3613509767	1013.00	27.83	26.35	97.1	27.40	26.35	101.0	27.51	26.35	100.0	26.89	26.35	106.0
4/07/2018 10:42:48 AM	3613509768	1013.00	27.81	26.36	97.2	27.38	26.36	101.2	27.49	26.36	100.2	26.93	26.36	105.6
4/07/2018 10:42:49 AM	3613509769	1013.00	27.83	26.36	97.0	27.40	26.36	101.0	27.48	26.36	100.3	26.94	26.36	105.5
4/07/2018 10:42:50 AM	3613509770	1013.00	27.84	26.35	97.0	27.41	26.35	101.0	27.49	26.35	100.2	26.90	26.35	105.9
4/07/2018 10:42:51 AM	3613509771	1013.00	27.87	26.35	96.7	27.45	26.35	100.6	27.50	26.35	100.1	26.93	26.35	105.6
4/07/2018 10:42:52 AM	3613509772	1013.00	27.85	26.34	96.9	27.41	26.34	101.0	27.51	26.34	100.0	26.90	26.34	106.0
4/07/2018 10:42:53 AM	3613509773	1013.00	27.83	26.35	97.1	27.44	26.35	100.7	27.52	26.35	99.9	26.91	26.35	105.8
4/07/2018 10:42:54 AM	3613509774	1013.00	27.86	26.35	96.8	27.39	26.35	101.1	27.55	26.35	99.6	26.92	26.35	105.7
4/07/2018 10:42:55 AM	3613509775	1013.00	27.84	26.34	97.0	27.42	26.34	100.9	27.49	26.34	100.2	26.91	26.34	105.9
4/07/2018 10:42:56 AM	3613509776	1013.00	27.85	26.34	96.9	27.45	26.34	100.6	27.50	26.34	100.1	26.94	26.34	105.6
4/07/2018 10:42:57 AM	3613509777	1013.00	27.85	26.35	96.9	27.44	26.35	100.7	27.51	26.35	100.0	26.92	26.35	105.7
4/07/2018 10:42:58 AM	3613509778	1013.00	27.84	26.34	97.0	27.44	26.34	100.7	27.52	26.34	99.9	26.93	26.34	105.7
4/07/2018 10:42:59 AM	3613509779	1013.00	27.86	26.34	96.8	27.39	26.34	101.2	27.53	26.34	99.8	26.94	26.34	105.6
4/07/2018 10:43:00 AM	3613509780	1013.00	27.87	26.34	96.7	27.41	26.34	101.0	27.51	26.34	100.0	26.94	26.34	105.6
4/07/2018 10:43:01 AM	3613509781	1013.00	27.88	26.34	96.6	27.45	26.34	100.6	27.51	26.34	100.0	26.93	26.34	105.7
4/07/2018 10:43:02 AM	3613509782	1013.00	27.87	26.34	96.7	27.37	26.34	101.4	27.54	26.34	99.7	26.93	26.34	105.7
4/07/2018 10:43:03 AM	3613509783	1013.00	27.88	26.34	96.6	27.45	26.34	100.6	27.54	26.34	99.7	26.92	26.34	105.8
4/07/2018 10:43:04 AM	3613509784	1013.00	27.88	26.35	96.6	27.46	26.35	100.5	27.52	26.35	99.9	26.92	26.35	105.7
4/07/2018 10:43:05 AM	3613509785	1013.00	27.87	26.35	96.7	27.44	26.35	100.7	27.55	26.35	99.6	26.92	26.35	105.7
4/07/2018 10:43:06 AM	3613509786	1013.00	27.89	26.35	96.5	27.46	26.35	100.5	27.54	26.35	99.7	26.94	26.35	105.5
4/07/2018 10:43:07 AM	3613509787	1013.00	27.88	26.35	96.6	27.42	26.35	100.9	27.50	26.35	100.1	26.92	26.35	105.7
4/07/2018 10:43:08 AM	3613509788	1013.00	27.90	26.35	96.4	27.46	26.35	100.5	27.58	26.35	99.4	26.94	26.35	105.5
4/07/2018 10:43:09 AM	3613509789	1013.00	27.88	26.35	96.6	27.41	26.35	101.0	27.56	26.35	99.5	26.94	26.35	105.5
4/07/2018 10:43:10 AM	3613509790	1013.00	27.91	26.34	96.4	27.40	26.34	101.1	27.55	26.34	99.6	26.95	26.34	105.5
4/07/2018 10:43:11 AM	3613509791	1013.00	27.91	26.35	96.3	27.47	26.35	100.4	27.55	26.35	99.6	26.90	26.35	105.9
4/07/2018 10:43:12 AM	3613509792	1013.00	27.93	26.34	96.2	27.44	26.34	100.7	27.51	26.34	100.0	26.94	26.34	105.6
4/07/2018 10:43:13 AM	3613509793	1013.00	27.91	26.35	96.3	27.43	26.35	100.8	27.52	26.35	99.9	26.93	26.35	105.6
4/07/2018 10:43:14 AM	3613509794	1013.00	27.87	26.35	96.7	27.42	26.35	100.9	27.56	26.35	99.5	26.93	26.35	105.6
4/07/2018 10:43:15 AM	3613509795	1013.00	27.92	26.35	96.2	27.48	26.35	100.3	27.55	26.35	99.6	26.93	26.35	105.6
4/07/2018 10:43:16 AM	3613509796	1013.00	27.91	26.35	96.3	27.43	26.35	100.8	27.50	26.35	100.1	26.94	26.35	105.5
4/07/2018 10:43:17 AM	3613509797	1013.00	27.89	26.35	96.5	27.47	26.35	100.4	27.56	26.35	99.5	26.92	26.35	105.7
4/07/2018 10:43:18 AM	3613509798	1013.00	27.93	26.34	96.2	27.40	26.34	101.1	27.58	26.34	99.4	26.91	26.34	105.9
4/07/2018 10:43:19 AM	3613509799	1013.00	27.91	26.35	96.3	27.46	26.35	100.5	27.53	26.35	99.8	26.93	26.35	105.6
4/07/2018 10:43:20 AM	3613509800	1013.00	27.94	26.35	96.1	27.42	26.35	100.9	27.54	26.35	99.7	26.94	26.35	105.5
4/07/2018 10:43:21 AM	3613509801	1013.00	27.90	26.35	96.4	27.42	26.35	100.9	27.57	26.35	99.4	26.90	26.35	105.9
4/07/2018 10:43:22 AM	3613509802	1013.00	27.93	26.36	96.1	27.42	26.36	100.8	27.53	26.36	99.8	26.88	26.36	106.1
4/07/2018 10:43:23 AM	3613509803	1013.00	27.95	26.36	96.0	27.46	26.36	100.5	27.53	26.36	99.8	26.93	26.36	105.6
4/07/2018 10:43:24 AM	3613509804	1013.00	27.92	26.36	96.2	27.46	26.36	100.5	27.60	26.36	99.1	26.95	26.36	105.4
4/07/2018 10:43:25 AM	3613509805	1013.00	27.91	26.35	96.3	27.47	26.35	100.4	27.57	26.35	99.4	26.90	26.35	105.9
4/07/2018 10:43:26 AM	3613509806	1013.00	27.91	26.35	96.3	27.46	26.35	100.5	27.60	26.35	99.2	26.92	26.35	105.7
4/07/2018 10:43:27 AM	3613509807	1013.00	27.93	26.35	96.2	27.46	26.35	100.5	27.58	26.35	99.4	26.93	26.35	105.6
4/07/2018 10:43:28 AM	3613509808	1013.00	27.94	26.34	96.1	27.45	26.34	100.6	27.57	26.34	99.5	26.93	26.34	105.7
4/07/2018 10:43:29 AM	3613509809	1013.00	27.94	26.34	96.1	27.46	26.34	100.5	27.61	26.34	99.1	26.94	26.34	105.6
4/07/2018 10:43:30 AM	3613509810	1013.00	27.96	26.34	95.9	27.42	26.34	100.9	27.58	26.34	99.4	26.94	26.34	105.6
4/07/2018 10:43:31 AM	3613509811	1013.00	27.94	26.34	96.1	27.46	26.34	100.5	27.55	26.34	99.6	26.93	26.34	105.7
4/07/2018 10:43:32 AM	3613509812	1013.00	27.95	26.34	96.0	27.46	26.34	100.5	27.58	26.34	99.4	26.92	26.34	105.8
4/07/2018 10:43:33 AM	3613509813	1013.00	27.94	26.35	96.1	27.49	26.35	100.2	27.59	26.35	99.3	26.96	26.35	105.3
4/07/2018 10:43:34 AM	3613509814	1013.00	27.96	26.35	95.9	27.45	26.35	100.6	27.60	26.35	99.2	26.93	26.35	105.6
4/07/2018 10:43:35 AM	3613509815	1013.00	27.98	26.35	95.7	27.48	26.35	100.3	27.59	26.35	99.3	26.94	26.35	105.5
4/07/2018 10:43:36 AM	3613509816	1013.00	27.97	26.35	95.8	27.50	26.35	100.1	27.57	26.35	99.4	26.95	26.35	105.4
4/07/2018 10:43:37 AM	3613509817	1013.00	27.97	26.35	95.8	27.48	26.35	100.3	27.58	26.35	99.4	26.93	26.35	105.6
4/07/2018 10:43:38 AM	3613509818	1013.00	28.00	26.35	95.5	27.48	26.35	100.3	27.62	26.35	99.0	26.93	26.35	105.6
4/07/2018 10:43:39 AM	3613509819	1013.00	27.98	26.35	95.7	27.54	26.35	99.7	27.60	26.35	99.2	26.93	26.35	105.6
4/07/2018 10:43:40 AM	3613509820	1013.00	27.99	26.35	95.6	27.52	26.35	99.9	27.58	26.35	99.4	26.94	26.35	105.5
4/07/2018 10:43:41 AM	3613509821	1013.00	28.02	26.36	95.3	27.53	26.36	99.8	27.60	26.36	99.1	26.91	26.36	105.8
4/07/2018 10:43:42 AM	3613509822	1013.00	27.99	26.35	95.6	27.45	26.35	100.6	27.65	26.35	98.7	26.94	26.35	105.5
4/07/2018 10:43:43 AM	3613509823	1013.00	28.00	26.35	95.5	27.52	26.35	99.9	27.65	26.35	98.7	26.93	26.35	105.6
4/07/2018 10:43:44 AM	3613509824	1013.00	28.01	26.36	95.4	27.51	26.36	100.0	27.61	26.36	99.1	26.93	26.36	105.6
4/07/2018 10:43:45 AM	3613509825	1013.00	28.01	26.35	95.4	27.49	26.35	100.2	27.65	26.35	98.7	26.90	26.35	105.9
4/07/2018 10:43:46 AM	3613509826	1013.00	28.01	26.36	95.4	27.47	26.36	100.4	27.62	26.36	99.0	26.94	26.36	105.5
4/07/2018 10:43:47 AM	3613509827	1013.00	27.99	26.36	95.6	27.49	26.36	100.2	27.63	26.36	98.9	26.95	26.36	105.4
4/07/2018 10:43:48 AM	3613509828	1013.00	27.99	26.36	95.6	27.53	26.36	99.8	27.63	26.36	98.9	26.94	26.36	105.5
4/07/2018 10:43:49 AM	3613509829	1013.00	28.02	26.37	95.3	27.50	26.37	100.1	27.65	26.37	98.7	26.92	26.37	105.7
4/07/2018 10:43:50 AM	3613509830	1013.00	28.04	26.37	95.1	27.49	26.37	100.2	27.65	26.37	98.7	26.91	26.37	105.8
4/07/2018 10:43:51 AM	3613509831	1013.00	27.99	26.36	95.6	27.51	26.36	100.0	27.69	26.36	98.3	26.93	26.36	105.6
4/07/2018 10:43:52 AM	3613509832	1013.00	28.04	26.36	95.2	27.52	26.36	99.9	27.67	26.36	98.5	26.93	26.36	105.6
4/07/2018 10:43:53 AM	3613509833	1013.00	28.03	26.36	95.2	27.57	26.36	99.4	27.69	26.36	98.3	26.93	26.36	105.6
4/07/2018 10:43:54 AM	3613509834	1013.00	28.04	26.36	95.2	27.47	26.36	100.4	27.69	26.36	98.3	26.96	26.36	105.3
4/07/2018 10:43:55 AM	3613509835	1013.00	28.02	26.36	95.3	27.54	26.36	99.7	27.70	26.36	98.2	26.89	26.36	106.0
4/07/2018 10:43:56 AM	3613509836	1013.00	28.01	26.36	95.4	27.51	26.36	100.0	27.67	26.36	98.5	26.93	26.36	105.6
4/07/2018 10:43:57 AM	3613509837	1013.00	28.05	26.36	95.1	27.49	26.36	100.2	27.70	26.36	98.2	26.93	26.36	105.6
4/07/2018 10:43:58 AM	3613509838	1013.00	28.03	26.36	95.2	27.51	26.36	100.0	27.71	26.36	98.1	26.93	26.36	105.6
4/07/2018 10:43:59 AM	3613509839	1013.00	28.04	26.35	95.2	27.52	26.35	99.9	27.69	26.35	98.3	26.93	26.35	105.6
4/07/2018 10:44:00 AM	3613509840	1013.00	28.05	26.36	95.1	27.50	26.36	100.1	27.74	26.36	97.9	26.92	26.36	105.7
4/07/2018 10:44:01 AM	3613509841	1013.00	28.05	26.35	95.1	27.49	26.35	100.2	27.72	26.35	98.1	26.94	26.35	105.5
4/07/2018 10:44:02 AM	3613509842	1013.00	28.05	26.35	95.1	27.57	26.35	99.4	27.70	26.35	98.2	26.94	26.35	105.5
4/07/2018 10:44:03 AM	3613509843	1013.00	28.05	26.35	95.1	27.55	26.35	99.6	27.74	26.35	97.9	26.92	26.35	105.7
4/07/2018 10:44:04 AM	3613509844	1013.00	28.05	26.35	95.1	27.50	26.35	100.1	27.72	26.35	98.1	26.93	26.35	105.6
4/07/2018 10:44:05 AM	3613509845	1013.00	28.07	26.35	94.9	27.53	26.35	99.8	27.75	26.35	97.8	26.91	26.35	105.8
4/07/2018 10:44:06 AM	3613509846	1013.00	28.04	26.35	95.2	27.49	26.35	100.2	27.77	26.35	97.6	26.93	26.35	105.6
4/07/2018 10:44:07 AM	3613509847	1013.00	28.05	26.35	95.1	27.54	26.35	99.7	27.75	26.35	97.8	26.92	26.35	105.7
4/07/2018 10:44:08 AM	3613509848	1013.00	28.08	26.35	94.8	27.54	26.35	99.7	27.77	26.35	97.6	26.91	26.35	105.8
4/07/2018 10:44:09 AM	3613509849	1013.00	28.07	26.35	94.9	27.56	26.35	99.5	27.77	26.35	97.6	26.92	26.35	105.7
4/07/2018 10:44:10 AM	3613509850	1013.00	28.10	26.35	94.6	27.55	26.35	99.6	27.79	26.35	97.4	26.91	26.35	105.8
4/07/2018 10:44:11 AM	3613509851	1013.00	28.08	26.35	94.8	27.53	26.35	99.8	27.83	26.35	97.1	26.96	26.35	105.3
4/07/2018 10:44:12 AM	3613509852	1013.00	28.08	26.36	94.8	27.55	26.36	99.6	27.80	26.36	97.3	26.94	26.36	105.5
4/07/2018 10:44:13 AM	3613509853	1013.00	28.09	26.37	94.7	27.52	26.37	99.9	27.77	26.37	97.6	26.92	26.37	105.7
4/07/2018 10:44:14 AM	3613509854	1013.00	28.08	26.37	94.8	27.57	26.37	99.4	27.77	26.37	97.6	26.93	26.37	105.6
4/07/2018 10:44:15 AM	3613509855	1013.00	28.11	26.36	94.5	27.55	26.36	99.6	27.82	26.36	97.1	26.93	26.36	105.6
4/07/2018 10:44:16 AM	3613509856	1013.00	28.07	26.36	94.9	27.57	26.36	99.4	27.78	26.36	97.5	26.95	26.36	105.4
4/07/2018 10:44:17 AM	3613509857	1013.00	28.11	26.35	94.6	27.58	26.35	99.4	27.84	26.35	97.0	26.92	26.35	105.7
4/07/2018 10:44:18 AM	3613509858	1013.00	28.09	26.36	94.7	27.56	26.36	99.5	27.82	26.36	97.1	26.92	26.36	105.7
4/07/2018 10:44:19 AM	3613509859	1013.00	28.12	26.35	94.5	27.56	26.35	99.5	27.81	26.35	97.2	26.92	26.35	105.7
4/07/2018 10:44:20 AM	3613509860	1013.00	28.11	26.35	94.6	27.57	26.35	99.4	27.82	26.35	97.1	26.93	26.35	105.6
4/07/2018 10:44:21 AM	3613509861	1013.00	28.10	26.36	94.6	27.53	26.36	99.8	27.87	26.36	96.7	26.94	26.36	105.5
4/07/2018 10:44:22 AM	3613509862	1013.00	28.11	26.36	94.5	27.54	26.36	99.7	27.86	26.36	96.8	26.93	26.36	105.6
4/07/2018 10:44:23 AM	3613509863	1013.00	28.11	26.36	94.5	27.59	26.36	99.2	27.83	26.36	97.0	26.93	26.36	105.6
4/07/2018 10:44:24 AM	3613509864	1013.00	28.14	26.36	94.3	27.55	26.36	99.6	27.83	26.36	97.0	26.91	26.36	105.8
4/07/2018 10:44:25 AM	3613509865	1013.00	28.11	26.36	94.5	27.57	26.36	99.4	27.84	26.36	96.9	26.91	26.36	105.8
4/07/2018 10:44:26 AM	3613509866	1013.00	28.13	26.36	94.4	27.53	26.36	99.8	27.83	26.36	97.0	26.93	26.36	105.6
4/07/2018 10:44:27 AM	3613509867	1013.00	28.13	26.36	94.4	27.61	26.36	99.1	27.84	26.36	96.9	26.95	26.36	105.4
4/07/2018 10:44:28 AM	3613509868	1013.00	28.12	26.36	94.5	27.57	26.36	99.4	27.87	26.36	96.7	26.92	26.36	105.7
4/07/2018 10:44:29 AM	3613509869	1013.00	28.10	26.36	94.6	27.59	26.36	99.2	27.88	26.36	96.6	26.91	26.36	105.8
4/07/2018 10:44:30 AM	3613509870	1013.00	28.12	26.36	94.5	27.57	26.36	99.4	27.84	26.36	96.9	26.93	26.36	105.6
4/07/2018 10:44:31 AM	3613509871	1013.00	28.10	26.36	94.6	27.58	26.36	99.3	27.83	26.36	97.0	26.91	26.36	105.8
4/07/2018 10:44:32 AM	3613509872	1013.00	28.14	26.36	94.3	27.59	26.36	99.2	27.90	26.36	96.4	26.94	26.36	105.5
4/07/2018 10:44:33 AM	3613509873	1013.00	28.12	26.36	94.5	27.58	26.36	99.3	27.86	26.36	96.8	26.95	26.36	105.4
4/07/2018 10:44:34 AM	3613509874	1013.00	28.14	26.36	94.3	27.58	26.36	99.3	27.85	26.36	96.9	26.93	26.36	105.6
4/07/2018 10:44:35 AM	3613509875	1013.00	28.13	26.37	94.4	27.58	26.37	99.3	27.87	26.37	96.7	26.91	26.37	105.8
4/07/2018 10:44:36 AM	3613509876	1013.00	28.15	26.37	94.2	27.60	26.37	99.1	27.86	26.37	96.7	26.91	26.37	105.8
4/07/2018 10:44:37 AM	3613509877	1013.00	28.17	26.36	94.0	27.59	26.36	99.2	27.84	26.36	96.9	26.92	26.36	105.7
4/07/2018 10:44:38 AM	3613509878	1013.00	28.15	26.36	94.2	27.58	26.36	99.3	27.88	26.36	96.6	26.93	26.36	105.6
4/07/2018 10:44:39 AM	3613509879	1013.00	28.13	26.36	94.4	27.58	26.36	99.3	27.88	26.36	96.6	26.92	26.36	105.7
4/07/2018 10:44:40 AM	3613509880	1013.00	28.15	26.35	94.2	27.59	26.35	99.3	27.86	26.35	96.8	26.92	26.35	105.7
4/07/2018 10:44:41 AM	3613509881	1013.00	28.17	26.36	94.0	27.62	26.36	99.0	27.87	26.36	96.7	26.95	26.36	105.4
4/07/2018 10:44:42 AM	3613509882	1013.00	28.19	26.37	93.8	27.57	26.37	99.4	27.92	26.37	96.2	26.93	26.37	105.6
4/07/2018 10:44:43 AM	3613509883	1013.00	28.17	26.37	94.0	27.64	26.37	98.8	27.88	26.37	96.6	26.92	26.37	105.7
4/07/2018 10:44:44 AM	3613509884	1013.00	28.15	26.38	94.2	27.61	26.38	99.0	27.88	26.38	96.6	26.95	26.38	105.4
4/07/2018 10:44:45 AM	3613509885	1013.00	28.16	26.38	94.1	27.64	26.38	98.7	27.89	26.38	96.5	26.90	26.38	105.9
4/07/2018 10:44:46 AM	3613509886	1013.00	28.17	26.37	94.0	27.63	26.37	98.9	27.91	26.37	96.3	26.91	26.37	105.8
4/07/2018 10:44:47 AM	3613509887	1013.00	28.17	26.38	94.0	27.60	26.38	99.1	27.95	26.38	95.9	26.93	26.38	105.6
4/07/2018 10:44:48 AM	3613509888	1013.00	28.16	26.38	94.1	27.64	26.38	98.7	27.96	26.38	95.8	26.89	26.38	106.0
4/07/2018 10:44:49 AM	3613509889	1013.00	28.17	26.37	94.0	27.63	26.37	98.9	27.95	26.37	95.9	26.94	26.37	105.5
4/07/2018 10:44:50 AM	3613509890	1013.00	28.19	26.38	93.8	27.59	26.38	99.2	27.97	26.38	95.7	26.92	26.38	105.7
4/07/2018 10:44:51 AM	3613509891	1013.00	28.19	26.38	93.8	27.67	26.38	98.5	27.97	26.38	95.7	26.93	26.38	105.6
4/07/2018 10:44:52 AM	3613509892	1013.00	28.21	26.37	93.7	27.67	26.37	98.5	27.97	26.37	95.8	26.94	26.37	105.5
4/07/2018 10:44:53 AM	3613509893	1013.00	28.20	26.37	93.7	27.64	26.37	98.8	28.01	26.37	95.4	26.92	26.37	105.7
4/07/2018 10:44:54 AM	3613509894	1013.00	28.21	26.37	93.7	27.60	26.37	99.1	27.93	26.37	96.1	26.94	26.37	105.5
4/07/2018 10:44:55 AM	3613509895	1013.00	28.21	26.37	93.7	27.61	26.37	99.0	27.95	26.37	95.9	26.92	26.37	105.7
4/07/2018 10:44:56 AM	3613509896	1013.00	28.18	26.37	93.9	27.64	26.37	98.8	27.96	26.37	95.9	26.92	26.37	105.7
4/07/2018 10:44:57 AM	3613509897	1013.00	28.21	26.37	93.7	27.62	26.37	98.9	27.99	26.37	95.6	26.92	26.37	105.7
4/07/2018 10:44:58 AM	3613509898	1013.00	28.24	26.37	93.4	27.57	26.37	99.4	27.95	26.37	95.9	26.95	26.37	105.4
4/07/2018 10:44:59 AM	3613509899	1013.00	28.26	26.37	93.2	27.63	26.37	98.9	27.98	26.37	95.7	26.91	26.37	105.8
4/07/2018 10:45:00 AM	3613509900	1013.00	28.23	26.37	93.5	27.66	26.37	98.6	27.96	26.37	95.9	26.93	26.37	105.6
4/07/2018 10:45:01 AM	3613509901	1013.00	28.20	26.38	93.7	27.65	26.38	98.6	27.98	26.38	95.7	26.91	26.38	105.8
4/07/2018 10:45:02 AM	3613509902	1013.00	28.23	26.38	93.5	27.59	26.38	99.2	27.98	26.38	95.7	26.94	26.38	105.5
4/07/2018 10:45:03 AM	3613509903	1013.00	28.21	26.37	93.7	27.64	26.37	98.8	27.94	26.37	96.0	26.92	26.37	105.7
4/07/2018 10:45:04 AM	3613509904	1013.00	28.23	26.38	93.5	27.62	26.38	98.9	27.96	26.38	95.8	26.92	26.38	105.7
4/07/2018 10:45:05 AM	3613509905	1013.00	28.26	26.37	93.2	27.62	26.37	98.9	27.97	26.37	95.8	26.91	26.37	105.8
4/07/2018 10:45:06 AM	3613509906	1013.00	28.26	26.37	93.2	27.69	26.37	98.3	27.98	26.37	95.7	26.93	26.37	105.6
4/07/2018 10:45:07 AM	3613509907	1013.00	28.25	26.38	93.3	27.69	26.38	98.3	27.94	26.38	96.0	26.93	26.38	105.6
4/07/2018 10:45:08 AM	3613509908	1013.00	28.27	26.38	93.1	27.66	26.38	98.6	27.99	26.38	95.6	26.93	26.38	105.6
4/07/2018 10:45:09 AM	3613509909	1013.00	28.29	26.39	92.9	27.65	26.39	98.6	27.95	26.39	95.9	26.94	26.39	105.5
4/07/2018 10:45:10 AM	3613509910	1013.00	28.27	26.38	93.1	27.64	26.38	98.7	27.99	26.38	95.6	26.92	26.38	105.7
4/07/2018 10:45:11 AM	3613509911	1013.00	28.25	26.37	93.3	27.62	26.37	98.9	27.97	26.37	95.8	26.93	26.37	105.6
4/07/2018 10:45:12 AM	3613509912	1013.00	28.26	26.37	93.2	27.67	26.37	98.5	27.98	26.37	95.7	26.92	26.37	105.7
4/07/2018 10:45:13 AM	3613509913	1013.00	28.27	26.37	93.1	27.69	26.37	98.3	27.98	26.37	95.7	26.92	26.37	105.7
4/07/2018 10:45:14 AM	3613509914	1013.00	28.28	26.37	93.0	27.66	26.37	98.6	27.98	26.37	95.7	26.89	26.37	106.0
4/07/2018 10:45:15 AM	3613509915	1013.00	28.29	26.38	92.9	27.64	26.38	98.7	28.00	26.38	95.5	26.96	26.38	105.3
4/07/2018 10:45:16 AM	3613509916	1013.00	28.29	26.39	92.9	27.64	26.39	98.7	27.99	26.39	95.6	26.93	26.39	105.6
4/07/2018 10:45:17 AM	3613509917	1013.00	28.25	26.40	93.3	27.64	26.40	98.7	27.99	26.40	95.5	26.92	26.40	105.7
4/07/2018 10:45:18 AM	3613509918	1013.00	28.27	26.39	93.1	27.67	26.39	98.4	27.99	26.39	95.6	26.93	26.39	105.6
4/07/2018 10:45:19 AM	3613509919	1013.00	28.28	26.39	93.0	27.66	26.39	98.5	28.00	26.39	95.5	26.93	26.39	105.6
4/07/2018 10:45:20 AM	3613509920	1013.00	28.30	26.39	92.8	27.66	26.39	98.5	28.02	26.39	95.3	26.92	26.39	105.7
4/07/2018 10:45:21 AM	3613509921	1013.00	28.30	26.38	92.9	27.68	26.38	98.4	28.03	26.38	95.2	26.93	26.38	105.6
4/07/2018 10:45:22 AM	3613509922	1013.00	28.30	26.38	92.9	27.67	26.38	98.5	28.00	26.38	95.5	26.93	26.38	105.6
4/07/2018 10:45:23 AM	3613509923	1013.00	28.30	26.38	92.9	27.70	26.38	98.2	28.07	26.38	94.9	26.92	26.38	105.7
4/07/2018 10:45:24 AM	3613509924	1013.00	28.30	26.37	92.9	27.69	26.37	98.3	28.05	26.37	95.1	26.94	26.37	105.5
4/07/2018 10:45:25 AM	3613509925	1013.00	28.32	26.37	92.7	27.70	26.37	98.2	28.03	26.37	95.2	26.96	26.37	105.3
4/07/2018 10:45:26 AM	3613509926	1013.00	28.30	26.37	92.9	27.70	26.37	98.2	28.06	26.37	95.0	26.95	26.37	105.4
4/07/2018 10:45:27 AM	3613509927	1013.00	28.30	26.37	92.9	27.68	26.37	98.4	28.02	26.37	95.3	26.92	26.37	105.7
4/07/2018 10:45:28 AM	3613509928	1013.00	28.29	26.38	92.9	27.70	26.38	98.2	28.03	26.38	95.2	26.94	26.38	105.5
4/07/2018 10:45:29 AM	3613509929	1013.00	28.29	26.38	92.9	27.72	26.38	98.0	28.03	26.38	95.2	26.91	26.38	105.8
4/07/2018 10:45:30 AM	3613509930	1013.00	28.30	26.38	92.9	27.66	26.38	98.6	28.04	26.38	95.1	26.94	26.38	105.5
4/07/2018 10:45:31 AM	3613509931	1013.00	28.31	26.39	92.8	27.71	26.39	98.1	28.04	26.39	95.1	26.90	26.39	105.9
4/07/2018 10:45:32 AM	3613509932	1013.00	28.31	26.38	92.8	27.70	26.38	98.2	28.05	26.38	95.0	26.95	26.38	105.4
4/07/2018 10:45:33 AM	3613509933	1013.00	28.28	26.38	93.0	27.70	26.38	98.2	28.05	26.38	95.0	26.93	26.38	105.6
4/07/2018 10:45:34 AM	3613509934	1013.00	28.31	26.39	92.8	27.70	26.39	98.2	28.06	26.39	94.9	26.94	26.39	105.5
4/07/2018 10:45:35 AM	3613509935	1013.00	28.32	26.39	92.7	27.72	26.39	98.0	28.06	26.39	94.9	26.91	26.39	105.8
4/07/2018 10:45:36 AM	3613509936	1013.00	28.31	26.39	92.8	27.70	26.39	98.2	28.06	26.39	94.9	26.94	26.39	105.5
4/07/2018 10:45:37 AM	3613509937	1013.00	28.32	26.39	92.7	27.71	26.39	98.1	28.07	26.39	94.8	26.94	26.39	105.5
4/07/2018 10:45:38 AM	3613509938	1013.00	28.33	26.39	92.6	27.74	26.39	97.8	28.03	26.39	95.2	26.92	26.39	105.7
4/07/2018 10:45:39 AM	3613509939	1013.00	28.33	26.39	92.6	27.71	26.39	98.1	28.12	26.39	94.4	26.92	26.39	105.7
4/07/2018 10:45:40 AM	3613509940	1013.00	28.33	26.39	92.6	27.75	26.39	97.7	28.07	26.39	94.8	26.93	26.39	105.6
4/07/2018 10:45:41 AM	3613509941	1013.00	28.31	26.40	92.7	27.73	26.40	97.9	28.06	26.40	94.9	26.93	26.40	105.6
4/07/2018 10:45:42 AM	3613509942	1013.00	28.34	26.41	92.5	27.70	26.41	98.1	28.07	26.41	94.8	26.94	26.41	105.4
4/07/2018 10:45:43 AM	3613509943	1013.00	28.35	26.40	92.4	27.70	26.40	98.2	28.08	26.40	94.7	26.92	26.40	105.7
4/07/2018 10:45:44 AM	3613509944	1013.00	28.36	26.40	92.3	27.78	26.40	97.4	28.09	26.40	94.7	26.94	26.40	105.5
4/07/2018 10:45:45 AM	3613509945	1013.00	28.34	26.40	92.5	27.76	26.40	97.6	28.08	26.40	94.7	26.93	26.40	105.6
4/07/2018 10:45:46 AM	3613509946	1013.00	28.36	26.39	92.3	27.75	26.39	97.7	28.09	26.39	94.7	26.92	26.39	105.7
4/07/2018 10:45:47 AM	3613509947	1013.00	28.35	26.38	92.4	27.73	26.38	97.9	28.13	26.38	94.3	26.92	26.38	105.7
4/07/2018 10:45:48 AM	3613509948	1013.00	28.33	26.39	92.6	27.74	26.39	97.8	28.12	26.39	94.4	26.91	26.39	105.8
4/07/2018 10:45:49 AM	3613509949	1013.00	28.35	26.38	92.4	27.75	26.38	97.7	28.07	26.38	94.9	26.91	26.38	105.8
4/07/2018 10:45:50 AM	3613509950	1013.00	28.34	26.38	92.5	27.72	26.38	98.0	28.11	26.38	94.5	26.93	26.38	105.6
4/07/2018 10:45:51 AM	3613509951	1013.00	28.36	26.38	92.3	27.76	26.38	97.6	28.07	26.38	94.9	26.92	26.38	105.7
4/07/2018 10:45:52 AM	3613509952	1013.00	28.36	26.39	92.3	27.78	26.39	97.4	28.12	26.39	94.4	26.96	26.39	105.3
4/07/2018 10:45:53 AM	3613509953	1013.00	28.37	26.40	92.2	27.80	26.40	97.2	28.11	26.40	94.5	26.92	26.40	105.7
4/07/2018 10:45:54 AM	3613509954	1013.00	28.39	26.40	92.1	27.72	26.40	98.0	28.09	26.40	94.7	26.89	26.40	106.0
4/07/2018 10:45:55 AM	3613509955	1013.00	28.38	26.40	92.1	27.75	26.40	97.7	28.13	26.40	94.3	26.92	26.40	105.7
4/07/2018 10:45:56 AM	3613509956	1013.00	28.36	26.40	92.3	27.77	26.40	97.5	28.14	26.40	94.2	26.93	26.40	105.6
4/07/2018 10:45:57 AM	3613509957	1013.00	28.37	26.39	92.2	27.79	26.39	97.3	28.14	26.39	94.2	26.92	26.39	105.7
4/07/2018 10:45:58 AM	3613509958	1013.00	28.37	26.39	92.2	27.78	26.39	97.4	28.09	26.39	94.7	26.91	26.39	105.8
4/07/2018 10:45:59 AM	3613509959	1013.00	28.37	26.39	92.2	27.79	26.39	97.3	28.14	26.39	94.2	26.92	26.39	105.7
4/07/2018 10:46:00 AM	3613509960	1013.00	28.40	26.39	92.0	27.77	26.39	97.5	28.14	26.39	94.2	26.95	26.39	105.4
4/07/2018 10:46:01 AM	3613509961	1013.00	28.39	26.40	92.1	27.79	26.40	97.3	28.12	26.40	94.4	26.91	26.40	105.8
4/07/2018 10:46:02 AM	3613509962	1013.00	28.38	26.40	92.1	27.81	26.40	97.2	28.09	26.40	94.7	26.91	26.40	105.8
4/07/2018 10:46:03 AM	3613509963	1013.00	28.39	26.40	92.1	27.80	26.40	97.2	28.13	26.40	94.3	26.93	26.40	105.6
4/07/2018 10:46:04 AM	3613509964	1013.00	28.41	26.39	91.9	27.80	26.39	97.3	28.15	26.39	94.1	26.94	26.39	105.5
4/07/2018 10:46:05 AM	3613509965	1013.00	28.40	26.39	92.0	27.77	26.39	97.5	28.14	26.39	94.2	26.95	26.39	105.4
4/07/2018 10:46:06 AM	3613509966	1013.00	28.41	26.39	91.9	27.82	26.39	97.1	28.17	26.39	94.0	26.92	26.39	105.7
4/07/2018 10:46:07 AM	3613509967	1013.00	28.40	26.39	92.0	27.78	26.39	97.4	28.09	26.39	94.7	26.92	26.39	105.7
4/07/2018 10:46:08 AM	3613509968	1013.00	28.40	26.38	92.0	27.77	26.38	97.5	28.11	26.38	94.5	26.95	26.38	105.4
4/07/2018 10:46:09 AM	3613509969	1013.00	28.44	26.39	91.7	27.78	26.39	97.4	28.15	26.39	94.1	26.92	26.39	105.7
4/07/2018 10:46:10 AM	3613509970	1013.00	28.42	26.39	91.8	27.79	26.39	97.3	28.17	26.39	94.0	26.92	26.39	105.7
4/07/2018 10:46:11 AM	3613509971	1013.00	28.42	26.39	91.8	27.82	26.39	97.1	28.14	26.39	94.2	26.95	26.39	105.4
4/07/2018 10:46:12 AM	3613509972	1013.00	28.42	26.39	91.8	27.83	26.39	97.0	28.14	26.39	94.2	26.93	26.39	105.6
4/07/2018 10:46:13 AM	3613509973	1013.00	28.44	26.39	91.7	27.78	26.39	97.4	28.17	26.39	94.0	26.90	26.39	105.9
4/07/2018 10:46:14 AM	3613509974	1013.00	28.44	26.40	91.6	27.83	26.40	97.0	28.12	26.40	94.4	26.94	26.40	105.5
4/07/2018 10:46:15 AM	3613509975	1013.00	28.45	26.40	91.6	27.79	26.40	97.3	28.16	26.40	94.0	26.92	26.40	105.7
4/07/2018 10:46:16 AM	3613509976	1013.00	28.39	26.40	92.1	27.78	26.40	97.4	28.13	26.40	94.3	26.94	26.40	105.5
4/07/2018 10:46:17 AM	3613509977	1013.00	28.41	26.41	91.9	27.82	26.41	97.0	28.13	26.41	94.3	26.95	26.41	105.3
4/07/2018 10:46:18 AM	3613509978	1013.00	28.43	26.41	91.7	27.78	26.41	97.4	28.14	26.41	94.2	26.95	26.41	105.3
4/07/2018 10:46:19 AM	3613509979	1013.00	28.44	26.41	91.6	27.84	26.41	96.9	28.13	26.41	94.3	26.95	26.41	105.3
4/07/2018 10:46:20 AM	3613509980	1013.00	28.44	26.40	91.6	27.83	26.40	97.0	28.16	26.40	94.0	26.91	26.40	105.8
4/07/2018 10:46:21 AM	3613509981	1013.00	28.43	26.40	91.7	27.77	26.40	97.5	28.16	26.40	94.0	26.92	26.40	105.7
4/07/2018 10:46:22 AM	3613509982	1013.00	28.44	26.40	91.6	27.84	26.40	96.9	28.18	26.40	93.9	26.89	26.40	106.0
4/07/2018 10:46:23 AM	3613509983	1013.00	28.47	26.40	91.4	27.78	26.40	97.4	28.21	26.40	93.6	26.92	26.40	105.7
4/07/2018 10:46:24 AM	3613509984	1013.00	28.46	26.39	91.5	27.84	26.39	96.9	28.19	26.39	93.8	26.92	26.39	105.7
4/07/2018 10:46:25 AM	3613509985	1013.00	28.44	26.40	91.6	27.80	26.40	97.2	28.19	26.40	93.8	26.93	26.40	105.6
4/07/2018 10:46:26 AM	3613509986	1013.00	28.47	26.41	91.4	27.81	26.41	97.1	28.18	26.41	93.8	26.94	26.41	105.4
4/07/2018 10:46:27 AM	3613509987	1013.00	28.46	26.40	91.5	27.80	26.40	97.2	28.21	26.40	93.6	26.92	26.40	105.7
4/07/2018 10:46:28 AM	3613509988	1013.00	28.45	26.41	91.5	27.86	26.41	96.7	28.19	26.41	93.8	26.92	26.41	105.6
4/07/2018 10:46:29 AM	3613509989	1013.00	28.46	26.41	91.5	27.78	26.41	97.4	28.20	26.41	93.7	26.92	26.41	105.6
4/07/2018 10:46:30 AM	3613509990	1013.00	28.48	26.40	91.3	27.80	26.40	97.2	28.25	26.40	93.3	26.93	26.40	105.6
4/07/2018 10:46:31 AM	3613509991	1013.00	28.48	26.41	91.3	27.83	26.41	97.0	28.21	26.41	93.6	26.93	26.41	105.5
4/07/2018 10:46:32 AM	3613509992	1013.00	28.48	26.41	91.3	27.83	26.41	97.0	28.25	26.41	93.2	26.93	26.41	105.5
4/07/2018 10:46:33 AM	3613509993	1013.00	28.46	26.40	91.5	27.83	26.40	97.0	28.22	26.40	93.5	26.92	26.40	105.7
4/07/2018 10:46:34 AM	3613509994	1013.00	28.46	26.40	91.5	27.77	26.40	97.5	28.23	26.40	93.4	26.94	26.40	105.5
4/07/2018 10:46:35 AM	3613509995	1013.00	28.46	26.41	91.5	27.79	26.41	97.3	28.24	26.41	93.3	26.92	26.41	105.6
4/07/2018 10:46:36 AM	3613509996	1013.00	28.47	26.40	91.4	27.85	26.40	96.8	28.23	26.40	93.4	26.92	26.40	105.7
4/07/2018 10:46:37 AM	3613509997	1013.00	28.46	26.40	91.5	27.83	26.40	97.0	28.27	26.40	93.1	26.92	26.40	105.7
4/07/2018 10:46:38 AM	3613509998	1013.00	28.49	26.41	91.2	27.82	26.41	97.0	28.27	26.41	93.1	26.91	26.41	105.7
4/07/2018 10:46:39 AM	3613509999	1013.00	28.49	26.40	91.2	27.80	26.40	97.2	28.24	26.40	93.3	26.93	26.40	105.6
4/07/2018 10:46:40 AM	3613510000	1013.00	28.49	26.40	91.2	27.86	26.40	96.7	28.28	26.40	93.0	26.92	26.40	105.7
4/07/2018 10:46:41 AM	3613510001	1013.00	28.50	26.40	91.1	27.80	26.40	97.2	28.27	26.40	93.1	26.93	26.40	105.6
4/07/2018 10:46:42 AM	3613510002	1013.00	28.50	26.40	91.1	27.84	26.40	96.9	28.28	26.40	93.0	26.95	26.40	105.4
4/07/2018 10:46:43 AM	3613510003	1013.00	28.50	26.41	91.1	27.80	26.41	97.2	28.27	26.41	93.1	26.93	26.41	105.5
4/07/2018 10:46:44 AM	3613510004	1013.00	28.49	26.41	91.2	27.84	26.41	96.9	28.28	26.41	93.0	26.93	26.41	105.5
4/07/2018 10:46:45 AM	3613510005	1013.00	28.49	26.41	91.2	27.82	26.41	97.0	28.30	26.41	92.8	26.94	26.41	105.4
4/07/2018 10:46:46 AM	3613510006	1013.00	28.48	26.42	91.3	27.82	26.42	97.0	28.32	26.42	92.6	26.94	26.42	105.4
4/07/2018 10:46:47 AM	3613510007	1013.00	28.50	26.42	91.1	27.84	26.42	96.8	28.32	26.42	92.6	26.91	26.42	105.7
4/07/2018 10:46:48 AM	3613510008	1013.00	28.48	26.41	91.3	27.86	26.41	96.7	28.31	26.41	92.7	26.90	26.41	105.8
4/07/2018 10:46:49 AM	3613510009	1013.00	28.52	26.41	90.9	27.83	26.41	97.0	28.35	26.41	92.4	26.94	26.41	105.4
4/07/2018 10:46:50 AM	3613510010	1013.00	28.49	26.40	91.2	27.81	26.40	97.2	28.31	26.40	92.7	26.91	26.40	105.8
4/07/2018 10:46:51 AM	3613510011	1013.00	28.50	26.40	91.1	27.82	26.40	97.1	28.35	26.40	92.4	26.94	26.40	105.5
4/07/2018 10:46:52 AM	3613510012	1013.00	28.48	26.40	91.3	27.81	26.40	97.2	28.34	26.40	92.5	26.93	26.40	105.6
4/07/2018 10:46:53 AM	3613510013	1013.00	28.50	26.40	91.1	27.86	26.40	96.7	28.31	26.40	92.7	26.89	26.40	106.0
4/07/2018 10:46:54 AM	3613510014	1013.00	28.50	26.41	91.1	27.84	26.41	96.9	28.32	26.41	92.6	26.96	26.41	105.2
4/07/2018 10:46:55 AM	3613510015	1013.00	28.50	26.40	91.1	27.86	26.40	96.7	28.36	26.40	92.3	26.94	26.40	105.5
4/07/2018 10:46:56 AM	3613510016	1013.00	28.50	26.40	91.1	27.85	26.40	96.8	28.35	26.40	92.4	26.94	26.40	105.5
4/07/2018 10:46:57 AM	3613510017	1013.00	28.51	26.40	91.0	27.83	26.40	97.0	28.33	26.40	92.6	26.94	26.40	105.5
4/07/2018 10:46:58 AM	3613510018	1013.00	28.51	26.41	91.0	27.87	26.41	96.6	28.37	26.41	92.2	26.93	26.41	105.5
4/07/2018 10:46:59 AM	3613510019	1013.00	28.49	26.40	91.2	27.88	26.40	96.5	28.34	26.40	92.5	26.93	26.40	105.6
4/07/2018 10:47:00 AM	3613510020	1013.00	28.51	26.40	91.0	27.86	26.40	96.7	28.34	26.40	92.5	26.96	26.40	105.3
4/07/2018 10:47:01 AM	3613510021	1013.00	28.51	26.40	91.0	27.88	26.40	96.5	28.34	26.40	92.5	26.92	26.40	105.7
4/07/2018 10:47:02 AM	3613510022	1013.00	28.50	26.40	91.1	27.88	26.40	96.5	28.42	26.40	91.8	26.98	26.40	105.1
4/07/2018 10:47:03 AM	3613510023	1013.00	28.52	26.40	91.0	27.87	26.40	96.6	28.35	26.40	92.4	26.93	26.40	105.6
4/07/2018 10:47:04 AM	3613510024	1013.00	28.54	26.40	90.8	27.89	26.40	96.4	28.37	26.40	92.2	26.93	26.40	105.6
4/07/2018 10:47:05 AM	3613510025	1013.00	28.55	26.41	90.7	27.90	26.41	96.3	28.37	26.41	92.2	26.93	26.41	105.5
4/07/2018 10:47:06 AM	3613510026	1013.00	28.55	26.41	90.7	27.84	26.41	96.9	28.36	26.41	92.3	26.95	26.41	105.3
4/07/2018 10:47:07 AM	3613510027	1013.00	28.53	26.40	90.9	27.92	26.40	96.2	28.43	26.40	91.7	26.94	26.40	105.5
4/07/2018 10:47:08 AM	3613510028	1013.00	28.53	26.41	90.9	27.87	26.41	96.6	28.37	26.41	92.2	26.93	26.41	105.5
4/07/2018 10:47:09 AM	3613510029	1013.00	28.53	26.40	90.9	27.90	26.40	96.3	28.41	26.40	91.9	26.93	26.40	105.6
4/07/2018 10:47:10 AM	3613510030	1013.00	28.55	26.40	90.7	27.87	26.40	96.6	28.40	26.40	92.0	26.91	26.40	105.8
4/07/2018 10:47:11 AM	3613510031	1013.00	28.55	26.41	90.7	27.84	26.41	96.9	28.42	26.41	91.8	26.92	26.41	105.6
4/07/2018 10:47:12 AM	3613510032	1013.00	28.59	26.40	90.4	27.91	26.40	96.2	28.42	26.40	91.8	26.94	26.40	105.5
4/07/2018 10:47:13 AM	3613510033	1013.00	28.58	26.40	90.5	27.88	26.40	96.5	28.39	26.40	92.1	26.95	26.40	105.4
4/07/2018 10:47:14 AM	3613510034	1013.00	28.61	26.40	90.2	27.91	26.40	96.2	28.44	26.40	91.6	26.92	26.40	105.7
4/07/2018 10:47:15 AM	3613510035	1013.00	28.59	26.40	90.4	27.93	26.40	96.1	28.43	26.40	91.7	26.93	26.40	105.6
4/07/2018 10:47:16 AM	3613510036	1013.00	28.57	26.40	90.5	27.90	26.40	96.3	28.40	26.40	92.0	26.92	26.40	105.7
4/07/2018 10:47:17 AM	3613510037	1013.00	28.58	26.40	90.5	27.94	26.40	96.0	28.46	26.40	91.5	26.93	26.40	105.6
4/07/2018 10:47:18 AM	3613510038	1013.00	28.61	26.40	90.2	27.88	26.40	96.5	28.46	26.40	91.5	26.93	26.40	105.6
4/07/2018 10:47:19 AM	3613510039	1013.00	28.60	26.41	90.3	27.93	26.41	96.1	28.48	26.41	91.3	26.92	26.41	105.6
4/07/2018 10:47:20 AM	3613510040	1013.00	28.62	26.41	90.1	27.87	26.41	96.6	28.44	26.41	91.6	26.95	26.41	105.3
4/07/2018 10:47:21 AM	3613510041	1013.00	28.60	26.41	90.3	27.97	26.41	95.7	28.47	26.41	91.4	26.92	26.41	105.6
4/07/2018 10:47:22 AM	3613510042	1013.00	28.60	26.42	90.3	27.93	26.42	96.0	28.47	26.42	91.4	26.93	26.42	105.5
4/07/2018 10:47:23 AM	3613510043	1013.00	28.62	26.42	90.1	27.90	26.42	96.3	28.51	26.42	91.0	26.90	26.42	105.8
4/07/2018 10:47:24 AM	3613510044	1013.00	28.61	26.42	90.2	27.94	26.42	95.9	28.53	26.42	90.8	26.95	26.42	105.3
4/07/2018 10:47:25 AM	3613510045	1013.00	28.62	26.42	90.1	27.91	26.42	96.2	28.52	26.42	90.9	26.92	26.42	105.6
4/07/2018 10:47:26 AM	3613510046	1013.00	28.64	26.42	89.9	27.93	26.42	96.0	28.52	26.42	90.9	26.93	26.42	105.5
4/07/2018 10:47:27 AM	3613510047	1013.00	28.64	26.42	89.9	27.94	26.42	95.9	28.52	26.42	90.9	26.92	26.42	105.6
4/07/2018 10:47:28 AM	3613510048	1013.00	28.67	26.43	89.7	27.96	26.43	95.8	28.48	26.43	91.3	26.93	26.43	105.5
4/07/2018 10:47:29 AM	3613510049	1013.00	28.64	26.42	89.9	27.92	26.42	96.1	28.51	26.42	91.0	26.96	26.42	105.2
4/07/2018 10:47:30 AM	3613510050	1013.00	28.65	26.42	89.9	27.85	26.42	96.8	28.55	26.42	90.7	26.94	26.42	105.4
4/07/2018 10:47:31 AM	3613510051	1013.00	28.64	26.41	90.0	27.87	26.41	96.6	28.51	26.41	91.0	26.94	26.41	105.4
4/07/2018 10:47:32 AM	3613510052	1013.00	28.63	26.41	90.0	27.88	26.41	96.5	28.55	26.41	90.7	26.96	26.41	105.2
4/07/2018 10:47:33 AM	3613510053	1013.00	28.66	26.41	89.8	27.98	26.41	95.6	28.50	26.41	91.1	26.93	26.41	105.5
4/07/2018 10:47:34 AM	3613510054	1013.00	28.64	26.42	89.9	27.95	26.42	95.9	28.52	26.42	90.9	26.91	26.42	105.7
4/07/2018 10:47:35 AM	3613510055	1013.00	28.65	26.42	89.9	27.93	26.42	96.0	28.48	26.42	91.3	26.95	26.42	105.3
4/07/2018 10:47:36 AM	3613510056	1013.00	28.66	26.42	89.8	27.95	26.42	95.9	28.52	26.42	90.9	26.95	26.42	105.3
4/07/2018 10:47:37 AM	3613510057	1013.00	28.64	26.42	89.9	27.97	26.42	95.7	28.53	26.42	90.8	26.95	26.42	105.3
4/07/2018 10:47:38 AM	3613510058	1013.00	28.67	26.42	89.7	27.96	26.42	95.8	28.53	26.42	90.8	26.92	26.42	105.6
4/07/2018 10:47:39 AM	3613510059	1013.00	28.67	26.42	89.7	27.95	26.42	95.9	28.55	26.42	90.7	26.92	26.42	105.6
4/07/2018 10:47:40 AM	3613510060	1013.00	28.67	26.41	89.7	27.95	26.41	95.9	28.54	26.41	90.8	26.91	26.41	105.7
4/07/2018 10:47:41 AM	3613510061	1013.00	28.66	26.42	89.8	27.94	26.42	95.9	28.55	26.42	90.7	26.97	26.42	105.1
4/07/2018 10:47:42 AM	3613510062	1013.00	28.65	26.42	89.9	27.97	26.42	95.7	28.53	26.42	90.8	26.92	26.42	105.6
4/07/2018 10:47:43 AM	3613510063	1013.00	28.70	26.43	89.4	27.95	26.43	95.8	28.57	26.43	90.5	26.93	26.43	105.5
4/07/2018 10:47:44 AM	3613510064	1013.00	28.65	26.43	89.8	27.97	26.43	95.7	28.53	26.43	90.8	26.93	26.43	105.5
4/07/2018 10:47:45 AM	3613510065	1013.00	28.69	26.43	89.5	27.96	26.43	95.8	28.53	26.43	90.8	26.92	26.43	105.6
4/07/2018 10:47:46 AM	3613510066	1013.00	28.66	26.43	89.8	27.91	26.43	96.2	28.57	26.43	90.5	26.91	26.43	105.7
4/07/2018 10:47:47 AM	3613510067	1013.00	28.68	26.43	89.6	27.96	26.43	95.8	28.53	26.43	90.8	26.93	26.43	105.5
4/07/2018 10:47:48 AM	3613510068	1013.00	28.71	26.42	89.4	27.97	26.42	95.7	28.55	26.42	90.7	26.91	26.42	105.7
4/07/2018 10:47:49 AM	3613510069	1013.00	28.68	26.42	89.6	27.97	26.42	95.7	28.55	26.42	90.7	26.95	26.42	105.3
4/07/2018 10:47:50 AM	3613510070	1013.00	28.69	26.41	89.5	27.95	26.41	95.9	28.53	26.41	90.9	26.91	26.41	105.7
4/07/2018 10:47:51 AM	3613510071	1013.00	28.69	26.42	89.5	27.96	26.42	95.8	28.52	26.42	90.9	26.94	26.42	105.4
4/07/2018 10:47:52 AM	3613510072	1013.00	28.69	26.42	89.5	28.04	26.42	95.1	28.57	26.42	90.5	26.92	26.42	105.6
4/07/2018 10:47:53 AM	3613510073	1013.00	28.68	26.42	89.6	27.98	26.42	95.6	28.54	26.42	90.8	26.94	26.42	105.4
4/07/2018 10:47:54 AM	3613510074	1013.00	28.70	26.43	89.4	27.93	26.43	96.0	28.59	26.43	90.3	26.92	26.43	105.6
4/07/2018 10:47:55 AM	3613510075	1013.00	28.70	26.44	89.4	27.98	26.44	95.6	28.56	26.44	90.6	26.95	26.44	105.3
4/07/2018 10:47:56 AM	3613510076	1013.00	28.70	26.44	89.4	28.01	26.44	95.3	28.57	26.44	90.5	26.94	26.44	105.4
4/07/2018 10:47:57 AM	3613510077	1013.00	28.71	26.44	89.3	28.01	26.44	95.3	28.63	26.44	90.0	26.92	26.44	105.6
4/07/2018 10:47:58 AM	3613510078	1013.00	28.72	26.43	89.3	28.04	26.43	95.0	28.58	26.43	90.4	26.96	26.43	105.2
4/07/2018 10:47:59 AM	3613510079	1013.00	28.72	26.42	89.3	27.97	26.42	95.7	28.59	26.42	90.4	26.92	26.42	105.6
4/07/2018 10:48:00 AM	3613510080	1013.00	28.72	26.42	89.3	28.02	26.42	95.2	28.57	26.42	90.5	26.93	26.42	105.5
4/07/2018 10:48:01 AM	3613510081	1013.00	28.73	26.41	89.2	28.04	26.41	95.1	28.59	26.41	90.4	26.93	26.41	105.5
4/07/2018 10:48:02 AM	3613510082	1013.00	28.75	26.40	89.1	27.99	26.40	95.5	28.58	26.40	90.5	26.92	26.40	105.7
4/07/2018 10:48:03 AM	3613510083	1013.00	28.75	26.41	89.0	28.00	26.41	95.4	28.58	26.41	90.4	26.95	26.41	105.3
4/07/2018 10:48:04 AM	3613510084	1013.00	28.74	26.41	89.1	27.97	26.41	95.7	28.62	26.41	90.1	26.91	26.41	105.7
4/07/2018 10:48:05 AM	3613510085	1013.00	28.74	26.41	89.1	28.04	26.41	95.1	28.61	26.41	90.2	26.93	26.41	105.5
4/07/2018 10:48:06 AM	3613510086	1013.00	28.74	26.41	89.1	27.99	26.41	95.5	28.64	26.41	90.0	26.94	26.41	105.4
4/07/2018 10:48:07 AM	3613510087	1013.00	28.74	26.42	89.1	27.99	26.42	95.5	28.62	26.42	90.1	26.93	26.42	105.5
4/07/2018 10:48:08 AM	3613510088	1013.00	28.76	26.41	89.0	28.01	26.41	95.3	28.61	26.41	90.2	26.93	26.41	105.5
4/07/2018 10:48:09 AM	3613510089	1013.00	28.74	26.41	89.1	28.00	26.41	95.4	28.65	26.41	89.9	26.92	26.41	105.6
4/07/2018 10:48:10 AM	3613510090	1013.00	28.74	26.41	89.1	28.00	26.41	95.4	28.67	26.41	89.7	26.92	26.41	105.6
4/07/2018 10:48:11 AM	3613510091	1013.00	28.75	26.42	89.0	28.02	26.42	95.2	28.62	26.42	90.1	26.95	26.42	105.3
4/07/2018 10:48:12 AM	3613510092	1013.00	28.74	26.41	89.1	28.02	26.41	95.3	28.59	26.41	90.4	26.93	26.41	105.5
4/07/2018 10:48:13 AM	3613510093	1013.00	28.77	26.41	88.9	28.01	26.41	95.3	28.65	26.41	89.9	26.94	26.41	105.4
4/07/2018 10:48:14 AM	3613510094	1013.00	28.77	26.42	88.9	27.98	26.42	95.6	28.63	26.42	90.0	26.92	26.42	105.6
4/07/2018 10:48:15 AM	3613510095	1013.00	28.78	26.42	88.8	27.99	26.42	95.5	28.67	26.42	89.7	26.93	26.42	105.5
4/07/2018 10:48:16 AM	3613510096	1013.00	28.81	26.42	88.5	27.99	26.42	95.5	28.62	26.42	90.1	26.95	26.42	105.3
4/07/2018 10:48:17 AM	3613510097	1013.00	28.80	26.42	88.6	28.02	26.42	95.2	28.66	26.42	89.8	26.95	26.42	105.3
4/07/2018 10:48:18 AM	3613510098	1013.00	28.80	26.42	88.6	28.03	26.42	95.1	28.60	26.42	90.3	26.93	26.42	105.5
4/07/2018 10:48:19 AM	3613510099	1013.00	28.83	26.42	88.4	27.99	26.42	95.5	28.65	26.42	89.9	26.91	26.42	105.7
4/07/2018 10:48:20 AM	3613510100	1013.00	28.81	26.42	88.5	28.02	26.42	95.2	28.69	26.42	89.5	26.93	26.42	105.5
4/07/2018 10:48:21 AM	3613510101	1013.00	28.78	26.42	88.8	28.06	26.42	94.9	28.67	26.42	89.7	26.92	26.42	105.6
4/07/2018 10:48:22 AM	3613510102	1013.00	28.82	26.42	88.5	28.00	26.42	95.4	28.65	26.42	89.9	26.95	26.42	105.3
4/07/2018 10:48:23 AM	3613510103	1013.00	28.83	26.42	88.4	27.96	26.42	95.8	28.67	26.42	89.7	26.92	26.42	105.6
4/07/2018 10:48:24 AM	3613510104	1013.00	28.83	26.42	88.4	28.03	26.42	95.1	28.69	26.42	89.5	26.94	26.42	105.4
4/07/2018 10:48:25 AM	3613510105	1013.00	28.83	26.42	88.4	28.01	26.42	95.3	28.68	26.42	89.6	26.93	26.42	105.5
4/07/2018 10:48:26 AM	3613510106	1013.00	28.81	26.42	88.5	27.99	26.42	95.5	28.67	26.42	89.7	26.94	26.42	105.4
4/07/2018 10:48:27 AM	3613510107	1013.00	28.81	26.42	88.5	28.02	26.42	95.2	28.69	26.42	89.5	26.90	26.42	105.8
4/07/2018 10:48:28 AM	3613510108	1013.00	28.82	26.43	88.5	28.01	26.43	95.3	28.71	26.43	89.3	26.92	26.43	105.6
4/07/2018 10:48:29 AM	3613510109	1013.00	28.85	26.43	88.2	28.05	26.43	95.0	28.67	26.43	89.7	26.93	26.43	105.5
4/07/2018 10:48:30 AM	3613510110	1013.00	28.87	26.43	88.0	27.99	26.43	95.5	28.70	26.43	89.4	26.93	26.43	105.5
4/07/2018 10:48:31 AM	3613510111	1013.00	28.85	26.43	88.2	28.01	26.43	95.3	28.75	26.43	89.0	26.92	26.43	105.6
4/07/2018 10:48:32 AM	3613510112	1013.00	28.87	26.43	88.0	28.06	26.43	94.9	28.76	26.43	88.9	26.95	26.43	105.3
4/07/2018 10:48:33 AM	3613510113	1013.00	28.88	26.44	88.0	28.04	26.44	95.0	28.74	26.44	89.1	26.92	26.44	105.6
4/07/2018 10:48:34 AM	3613510114	1013.00	28.86	26.43	88.1	28.01	26.43	95.3	28.70	26.43	89.4	26.93	26.43	105.5
4/07/2018 10:48:35 AM	3613510115	1013.00	28.88	26.43	88.0	28.06	26.43	94.9	28.69	26.43	89.5	26.92	26.43	105.6
4/07/2018 10:48:36 AM	3613510116	1013.00	28.87	26.43	88.0	28.08	26.43	94.7	28.71	26.43	89.3	26.94	26.43	105.4
4/07/2018 10:48:37 AM	3613510117	1013.00	28.88	26.43	88.0	28.04	26.43	95.0	28.72	26.43	89.3	26.95	26.43	105.3
4/07/2018 10:48:38 AM	3613510118	1013.00	28.87	26.43	88.0	28.04	26.43	95.0	28.75	26.43	89.0	26.92	26.43	105.6
4/07/2018 10:48:39 AM	3613510119	1013.00	28.90	26.43	87.8	28.03	26.43	95.1	28.75	26.43	89.0	26.95	26.43	105.3
4/07/2018 10:48:40 AM	3613510120	1013.00	28.88	26.43	88.0	28.04	26.43	95.0	28.74	26.43	89.1	26.94	26.43	105.4
4/07/2018 10:48:41 AM	3613510121	1013.00	28.87	26.43	88.0	28.06	26.43	94.9	28.75	26.43	89.0	26.94	26.43	105.4
4/07/2018 10:48:42 AM	3613510122	1013.00	28.90	26.43	87.8	28.06	26.43	94.9	28.76	26.43	88.9	26.94	26.43	105.4
4/07/2018 10:48:43 AM	3613510123	1013.00	28.88	26.42	88.0	28.07	26.42	94.8	28.78	26.42	88.8	26.94	26.42	105.4
4/07/2018 10:48:44 AM	3613510124	1013.00	28.89	26.43	87.9	28.07	26.43	94.8	28.76	26.43	88.9	26.97	26.43	105.1
4/07/2018 10:48:45 AM	3613510125	1013.00	28.92	26.43	87.6	28.01	26.43	95.3	28.77	26.43	88.9	26.93	26.43	105.5
4/07/2018 10:48:46 AM	3613510126	1013.00	28.91	26.43	87.7	28.01	26.43	95.3	28.79	26.43	88.7	26.94	26.43	105.4
4/07/2018 10:48:47 AM	3613510127	1013.00	28.88	26.43	88.0	28.09	26.43	94.6	28.76	26.43	88.9	26.94	26.43	105.4
4/07/2018 10:48:48 AM	3613510128	1013.00	28.90	26.43	87.8	28.02	26.43	95.2	28.78	26.43	88.8	26.94	26.43	105.4
4/07/2018 10:48:49 AM	3613510129	1013.00	28.92	26.43	87.6	28.02	26.43	95.2	28.82	26.43	88.5	26.93	26.43	105.5
4/07/2018 10:48:50 AM	3613510130	1013.00	28.89	26.43	87.9	28.05	26.43	95.0	28.81	26.43	88.5	26.92	26.43	105.6
4/07/2018 10:48:51 AM	3613510131	1013.00	28.90	26.42	87.8	28.07	26.42	94.8	28.81	26.42	88.5	26.94	26.42	105.4
4/07/2018 10:48:52 AM	3613510132	1013.00	28.91	26.42	87.7	28.10	26.42	94.5	28.82	26.42	88.5	26.92	26.42	105.6
4/07/2018 10:48:53 AM	3613510133	1013.00	28.91	26.42	87.7	28.09	26.42	94.6	28.83	26.42	88.4	26.93	26.42	105.5
4/07/2018 10:48:54 AM	3613510134	1013.00	28.91	26.42	87.7	28.06	26.42	94.9	28.83	26.42	88.4	26.93	26.42	105.5
4/07/2018 10:48:55 AM	3613510135	1013.00	28.91	26.42	87.7	28.10	26.42	94.5	28.83	26.42	88.4	26.92	26.42	105.6
4/07/2018 10:48:56 AM	3613510136	1013.00	28.93	26.42	87.6	28.07	26.42	94.8	28.84	26.42	88.3	26.92	26.42	105.6
4/07/2018 10:48:57 AM	3613510137	1013.00	28.92	26.41	87.7	28.12	26.41	94.4	28.82	26.41	88.5	26.94	26.41	105.4
4/07/2018 10:48:58 AM	3613510138	1013.00	28.95	26.42	87.4	28.03	26.42	95.1	28.83	26.42	88.4	26.91	26.42	105.7
4/07/2018 10:48:59 AM	3613510139	1013.00	28.92	26.42	87.7	28.06	26.42	94.9	28.90	26.42	87.8	26.96	26.42	105.2
4/07/2018 10:49:00 AM	3613510140	1013.00	28.92	26.42	87.7	28.05	26.42	95.0	28.84	26.42	88.3	26.91	26.42	105.7
4/07/2018 10:49:01 AM	3613510141	1013.00	28.94	26.42	87.5	28.02	26.42	95.2	28.91	26.42	87.7	26.94	26.42	105.4
4/07/2018 10:49:02 AM	3613510142	1013.00	28.96	26.43	87.3	28.04	26.43	95.0	28.86	26.43	88.1	26.94	26.43	105.4
4/07/2018 10:49:03 AM	3613510143	1013.00	28.94	26.43	87.5	28.06	26.43	94.9	28.85	26.43	88.2	26.92	26.43	105.6
4/07/2018 10:49:04 AM	3613510144	1013.00	28.93	26.43	87.6	28.08	26.43	94.7	28.91	26.43	87.7	26.91	26.43	105.7
4/07/2018 10:49:05 AM	3613510145	1013.00	28.95	26.43	87.4	28.07	26.43	94.8	28.85	26.43	88.2	26.92	26.43	105.6
