Date & time of file creation	21/06/2018 1:15 PM													
Data file path	C:\Users\ameli\Desktop\Diego Barneche\21_06_2018\29_C_new_witrox_14.txt													
														
														
CALIBRATION DATA														
Parameter/Channel	N moving average	LO phase [r.U.]	HI phase [r.U.]	LO oxygen [%air saturation]	HI oxygen [%air saturation]	LO temperature [°C]	HI temperature [°C]	Salinity [‰]						
SDWD0003000199      , CH 1	1	58.92	25.87	0.00	100.00	31.94	31.76	0.000						
SDWD0003000199      , CH 2	1	58.92	25.87	0.00	100.00	31.94	31.76	0.000						
SDWD0003000199      , CH 3	1	58.92	25.87	0.00	100.00	31.94	31.76	0.000						
SDWD0003000199      , CH 4	1	58.92	25.87	0.00	100.00	31.94	31.76	0.000						
														
														
Date &Time [DD-MM-YYYY HH:MM:SS]	Time stamp code	Barometric pressure [hPa]	SDWD0003000199      , CH 1 phase [r.U.]	SDWD0003000199      , CH 1 temp [°C]	SDWD0003000199      , CH 1 O2 [% air saturation]	SDWD0003000199      , CH 2 phase [r.U.]	SDWD0003000199      , CH 2 temp [°C]	SDWD0003000199      , CH 2 O2 [% air saturation]	SDWD0003000199      , CH 3 phase [r.U.]	SDWD0003000199      , CH 3 temp [°C]	SDWD0003000199      , CH 3 O2 [% air saturation]	SDWD0003000199      , CH 4 phase [r.U.]	SDWD0003000199      , CH 4 temp [°C]	SDWD0003000199      , CH 4 O2 [% air saturation]
21/06/2018 1:16:26 PM	3612395786	1013.00	27.28	29.14	91.2	27.01	29.14	93.6	26.71	29.14	96.3	26.69	29.14	96.5
21/06/2018 1:16:27 PM	3612395787	1013.00	27.25	29.14	91.5	26.99	29.14	93.8	26.68	29.14	96.6	26.63	29.14	97.0
21/06/2018 1:16:28 PM	3612395788	1013.00	27.26	29.14	91.4	26.95	29.14	94.1	26.74	29.14	96.0	26.69	29.14	96.5
21/06/2018 1:16:29 PM	3612395789	1013.00	27.27	29.14	91.3	26.98	29.14	93.9	26.69	29.14	96.5	26.67	29.14	96.7
21/06/2018 1:16:30 PM	3612395790	1013.00	27.24	29.14	91.6	26.90	29.14	94.6	26.69	29.14	96.5	26.65	29.14	96.9
21/06/2018 1:16:31 PM	3612395791	1013.00	27.25	29.13	91.5	27.01	29.13	93.6	26.67	29.13	96.7	26.63	29.13	97.1
21/06/2018 1:16:32 PM	3612395792	1013.00	27.28	29.13	91.2	27.03	29.13	93.4	26.72	29.13	96.2	26.66	29.13	96.8
21/06/2018 1:16:33 PM	3612395793	1013.00	27.25	29.13	91.5	26.98	29.13	93.9	26.73	29.13	96.1	26.65	29.13	96.9
21/06/2018 1:16:34 PM	3612395794	1013.00	27.27	29.13	91.3	26.94	29.13	94.2	26.75	29.13	96.0	26.66	29.13	96.8
21/06/2018 1:16:35 PM	3612395795	1013.00	27.26	29.13	91.4	26.97	29.13	94.0	26.65	29.13	96.9	26.69	29.13	96.5
21/06/2018 1:16:36 PM	3612395796	1013.00	27.24	29.14	91.6	26.95	29.14	94.1	26.69	29.14	96.5	26.62	29.14	97.1
21/06/2018 1:16:37 PM	3612395797	1013.00	27.25	29.14	91.5	26.97	29.14	93.9	26.72	29.14	96.2	26.63	29.14	97.0
21/06/2018 1:16:38 PM	3612395798	1013.00	27.25	29.14	91.5	26.98	29.14	93.9	26.80	29.14	95.5	26.62	29.14	97.1
21/06/2018 1:16:39 PM	3612395799	1013.00	27.27	29.14	91.3	26.99	29.14	93.8	26.72	29.14	96.2	26.69	29.14	96.5
21/06/2018 1:16:40 PM	3612395800	1013.00	27.23	29.14	91.7	26.99	29.14	93.8	26.72	29.14	96.2	26.67	29.14	96.7
21/06/2018 1:16:41 PM	3612395801	1013.00	27.26	29.14	91.4	26.99	29.14	93.8	26.75	29.14	95.9	26.62	29.14	97.1
21/06/2018 1:16:42 PM	3612395802	1013.00	27.29	29.14	91.1	26.99	29.14	93.8	26.72	29.14	96.2	26.69	29.14	96.5
21/06/2018 1:16:43 PM	3612395803	1013.00	27.30	29.14	91.0	27.00	29.14	93.7	26.77	29.14	95.8	26.65	29.14	96.9
21/06/2018 1:16:44 PM	3612395804	1013.00	27.26	29.13	91.4	26.95	29.13	94.1	26.76	29.13	95.9	26.62	29.13	97.2
21/06/2018 1:16:45 PM	3612395805	1013.00	27.28	29.13	91.2	26.96	29.13	94.0	26.77	29.13	95.8	26.63	29.13	97.1
21/06/2018 1:16:46 PM	3612395806	1013.00	27.26	29.14	91.4	27.02	29.14	93.5	26.74	29.14	96.0	26.66	29.14	96.8
21/06/2018 1:16:47 PM	3612395807	1013.00	27.23	29.14	91.7	27.02	29.14	93.5	26.72	29.14	96.2	26.69	29.14	96.5
21/06/2018 1:16:48 PM	3612395808	1013.00	27.25	29.14	91.5	27.00	29.14	93.7	26.76	29.14	95.8	26.61	29.14	97.2
21/06/2018 1:16:49 PM	3612395809	1013.00	27.23	29.14	91.7	27.02	29.14	93.5	26.76	29.14	95.8	26.67	29.14	96.7
21/06/2018 1:16:50 PM	3612395810	1013.00	27.25	29.14	91.5	26.91	29.14	94.5	26.75	29.14	95.9	26.62	29.14	97.1
21/06/2018 1:16:51 PM	3612395811	1013.00	27.28	29.14	91.2	26.94	29.14	94.2	26.75	29.14	95.9	26.65	29.14	96.9
21/06/2018 1:16:52 PM	3612395812	1013.00	27.27	29.14	91.3	27.03	29.14	93.4	26.73	29.14	96.1	26.61	29.14	97.2
21/06/2018 1:16:53 PM	3612395813	1013.00	27.28	29.14	91.2	27.00	29.14	93.7	26.71	29.14	96.3	26.66	29.14	96.8
21/06/2018 1:16:54 PM	3612395814	1013.00	27.26	29.14	91.4	27.01	29.14	93.6	26.74	29.14	96.0	26.67	29.14	96.7
21/06/2018 1:16:55 PM	3612395815	1013.00	27.31	29.14	91.0	26.94	29.14	94.2	26.70	29.14	96.4	26.66	29.14	96.8
21/06/2018 1:16:56 PM	3612395816	1013.00	27.26	29.14	91.4	26.98	29.14	93.9	26.74	29.14	96.0	26.70	29.14	96.4
21/06/2018 1:16:57 PM	3612395817	1013.00	27.29	29.14	91.1	27.00	29.14	93.7	26.75	29.14	95.9	26.66	29.14	96.8
21/06/2018 1:16:58 PM	3612395818	1013.00	27.28	29.14	91.2	27.00	29.14	93.7	26.79	29.14	95.6	26.60	29.14	97.3
21/06/2018 1:16:59 PM	3612395819	1013.00	27.26	29.14	91.4	26.93	29.14	94.3	26.74	29.14	96.0	26.62	29.14	97.1
21/06/2018 1:17:00 PM	3612395820	1013.00	27.30	29.14	91.0	26.92	29.14	94.4	26.70	29.14	96.4	26.73	29.14	96.1
21/06/2018 1:17:01 PM	3612395821	1013.00	27.24	29.13	91.6	27.07	29.13	93.1	26.72	29.13	96.2	26.66	29.13	96.8
21/06/2018 1:17:02 PM	3612395822	1013.00	27.27	29.14	91.3	27.00	29.14	93.7	26.75	29.14	95.9	26.66	29.14	96.8
21/06/2018 1:17:03 PM	3612395823	1013.00	27.28	29.14	91.2	26.98	29.14	93.9	26.72	29.14	96.2	26.64	29.14	97.0
21/06/2018 1:17:04 PM	3612395824	1013.00	27.27	29.13	91.3	26.98	29.13	93.9	26.72	29.13	96.2	26.68	29.13	96.6
21/06/2018 1:17:05 PM	3612395825	1013.00	27.28	29.13	91.2	27.04	29.13	93.3	26.80	29.13	95.5	26.75	29.13	96.0
21/06/2018 1:17:06 PM	3612395826	1013.00	27.36	29.14	90.5	26.96	29.14	94.0	26.74	29.14	96.0	26.64	29.14	97.0
21/06/2018 1:17:07 PM	3612395827	1013.00	27.28	29.14	91.2	26.94	29.14	94.2	26.73	29.14	96.1	26.63	29.14	97.0
21/06/2018 1:17:08 PM	3612395828	1013.00	27.28	29.14	91.2	27.02	29.14	93.5	26.72	29.14	96.2	26.68	29.14	96.6
21/06/2018 1:17:09 PM	3612395829	1013.00	27.29	29.14	91.1	27.00	29.14	93.7	26.73	29.14	96.1	26.66	29.14	96.8
21/06/2018 1:17:10 PM	3612395830	1013.00	27.29	29.14	91.1	27.02	29.14	93.5	26.73	29.14	96.1	26.71	29.14	96.3
21/06/2018 1:17:11 PM	3612395831	1013.00	27.25	29.14	91.5	26.97	29.14	93.9	26.73	29.14	96.1	26.68	29.14	96.6
21/06/2018 1:17:12 PM	3612395832	1013.00	27.34	29.14	90.7	27.00	29.14	93.7	26.72	29.14	96.2	26.63	29.14	97.0
21/06/2018 1:17:13 PM	3612395833	1013.00	27.30	29.14	91.0	26.98	29.14	93.9	26.70	29.14	96.4	26.71	29.14	96.3
21/06/2018 1:17:14 PM	3612395834	1013.00	27.31	29.14	91.0	27.01	29.14	93.6	26.71	29.14	96.3	26.64	29.14	97.0
21/06/2018 1:17:15 PM	3612395835	1013.00	27.28	29.14	91.2	27.01	29.14	93.6	26.79	29.14	95.6	26.64	29.14	97.0
21/06/2018 1:17:16 PM	3612395836	1013.00	27.28	29.13	91.2	27.02	29.13	93.5	26.78	29.13	95.7	26.65	29.13	96.9
21/06/2018 1:17:17 PM	3612395837	1013.00	27.34	29.13	90.7	27.05	29.13	93.2	26.74	29.13	96.0	26.63	29.13	97.1
21/06/2018 1:17:18 PM	3612395838	1013.00	27.32	29.13	90.9	27.01	29.13	93.6	26.75	29.13	96.0	26.65	29.13	96.9
21/06/2018 1:17:19 PM	3612395839	1013.00	27.30	29.13	91.1	27.00	29.13	93.7	26.69	29.13	96.5	26.71	29.13	96.3
21/06/2018 1:17:20 PM	3612395840	1013.00	27.30	29.13	91.1	27.03	29.13	93.4	26.69	29.13	96.5	26.72	29.13	96.2
21/06/2018 1:17:21 PM	3612395841	1013.00	27.33	29.13	90.8	27.04	29.13	93.3	26.75	29.13	96.0	26.65	29.13	96.9
21/06/2018 1:17:22 PM	3612395842	1013.00	27.31	29.13	91.0	26.98	29.13	93.9	26.76	29.13	95.9	26.71	29.13	96.3
21/06/2018 1:17:23 PM	3612395843	1013.00	27.31	29.13	91.0	26.99	29.13	93.8	26.70	29.13	96.4	26.70	29.13	96.4
21/06/2018 1:17:24 PM	3612395844	1013.00	27.32	29.13	90.9	26.98	29.13	93.9	26.74	29.13	96.0	26.66	29.13	96.8
21/06/2018 1:17:25 PM	3612395845	1013.00	27.38	29.13	90.4	26.98	29.13	93.9	26.73	29.13	96.1	26.70	29.13	96.4
21/06/2018 1:17:26 PM	3612395846	1013.00	27.34	29.13	90.7	27.03	29.13	93.4	26.77	29.13	95.8	26.70	29.13	96.4
21/06/2018 1:17:27 PM	3612395847	1013.00	27.34	29.13	90.7	27.08	29.13	93.0	26.77	29.13	95.8	26.71	29.13	96.3
21/06/2018 1:17:28 PM	3612395848	1013.00	27.33	29.13	90.8	27.09	29.13	92.9	26.72	29.13	96.2	26.65	29.13	96.9
21/06/2018 1:17:29 PM	3612395849	1013.00	27.39	29.14	90.3	27.05	29.14	93.2	26.73	29.14	96.1	26.70	29.14	96.4
21/06/2018 1:17:30 PM	3612395850	1013.00	27.33	29.14	90.8	27.06	29.14	93.1	26.73	29.14	96.1	26.66	29.14	96.8
21/06/2018 1:17:31 PM	3612395851	1013.00	27.36	29.14	90.5	27.00	29.14	93.7	26.78	29.14	95.7	26.65	29.14	96.9
21/06/2018 1:17:32 PM	3612395852	1013.00	27.34	29.14	90.7	26.98	29.14	93.9	26.77	29.14	95.8	26.69	29.14	96.5
21/06/2018 1:17:33 PM	3612395853	1013.00	27.35	29.14	90.6	27.03	29.14	93.4	26.73	29.14	96.1	26.70	29.14	96.4
21/06/2018 1:17:34 PM	3612395854	1013.00	27.37	29.13	90.5	27.03	29.13	93.4	26.68	29.13	96.6	26.73	29.13	96.1
21/06/2018 1:17:35 PM	3612395855	1013.00	27.36	29.13	90.5	27.05	29.13	93.2	26.69	29.13	96.5	26.75	29.13	96.0
21/06/2018 1:17:36 PM	3612395856	1013.00	27.35	29.13	90.6	27.07	29.13	93.1	26.70	29.13	96.4	26.72	29.13	96.2
21/06/2018 1:17:37 PM	3612395857	1013.00	27.35	29.13	90.6	27.01	29.13	93.6	26.75	29.13	96.0	26.72	29.13	96.2
21/06/2018 1:17:38 PM	3612395858	1013.00	27.35	29.13	90.6	27.01	29.13	93.6	26.74	29.13	96.0	26.71	29.13	96.3
21/06/2018 1:17:39 PM	3612395859	1013.00	27.35	29.13	90.6	27.01	29.13	93.6	26.71	29.13	96.3	26.70	29.13	96.4
21/06/2018 1:17:40 PM	3612395860	1013.00	27.36	29.14	90.5	27.06	29.14	93.1	26.74	29.14	96.0	26.74	29.14	96.0
21/06/2018 1:17:41 PM	3612395861	1013.00	27.34	29.14	90.7	27.04	29.14	93.3	26.71	29.14	96.3	26.70	29.14	96.4
21/06/2018 1:17:42 PM	3612395862	1013.00	27.35	29.14	90.6	27.01	29.14	93.6	26.68	29.14	96.6	26.68	29.14	96.6
21/06/2018 1:17:43 PM	3612395863	1013.00	27.37	29.13	90.5	26.98	29.13	93.9	26.74	29.13	96.0	26.73	29.13	96.1
21/06/2018 1:17:44 PM	3612395864	1013.00	27.35	29.14	90.6	27.00	29.14	93.7	26.76	29.14	95.8	26.73	29.14	96.1
21/06/2018 1:17:45 PM	3612395865	1013.00	27.34	29.14	90.7	27.03	29.14	93.4	26.77	29.14	95.8	26.74	29.14	96.0
21/06/2018 1:17:46 PM	3612395866	1013.00	27.34	29.13	90.7	27.05	29.13	93.2	26.74	29.13	96.0	26.67	29.13	96.7
21/06/2018 1:17:47 PM	3612395867	1013.00	27.35	29.13	90.6	27.02	29.13	93.5	26.77	29.13	95.8	26.65	29.13	96.9
21/06/2018 1:17:48 PM	3612395868	1013.00	27.37	29.14	90.4	27.04	29.14	93.3	26.79	29.14	95.6	26.73	29.14	96.1
21/06/2018 1:17:49 PM	3612395869	1013.00	27.32	29.13	90.9	27.07	29.13	93.1	26.73	29.13	96.1	26.73	29.13	96.1
21/06/2018 1:17:50 PM	3612395870	1013.00	27.41	29.13	90.1	27.06	29.13	93.2	26.74	29.13	96.0	26.72	29.13	96.2
21/06/2018 1:17:51 PM	3612395871	1013.00	27.38	29.13	90.4	27.07	29.13	93.1	26.70	29.13	96.4	26.71	29.13	96.3
21/06/2018 1:17:52 PM	3612395872	1013.00	27.39	29.13	90.3	27.03	29.13	93.4	26.78	29.13	95.7	26.74	29.13	96.0
21/06/2018 1:17:53 PM	3612395873	1013.00	27.36	29.13	90.5	27.05	29.13	93.2	26.74	29.13	96.0	26.74	29.13	96.0
21/06/2018 1:17:54 PM	3612395874	1013.00	27.35	29.13	90.6	27.07	29.13	93.1	26.79	29.13	95.6	26.76	29.13	95.9
21/06/2018 1:17:55 PM	3612395875	1013.00	27.39	29.13	90.3	27.08	29.13	93.0	26.77	29.13	95.8	26.72	29.13	96.2
21/06/2018 1:17:56 PM	3612395876	1013.00	27.38	29.14	90.4	27.03	29.14	93.4	26.71	29.14	96.3	26.74	29.14	96.0
21/06/2018 1:17:57 PM	3612395877	1013.00	27.40	29.14	90.2	27.11	29.14	92.7	26.75	29.14	95.9	26.71	29.14	96.3
21/06/2018 1:17:58 PM	3612395878	1013.00	27.39	29.14	90.3	27.08	29.14	93.0	26.77	29.14	95.8	26.75	29.14	95.9
21/06/2018 1:17:59 PM	3612395879	1013.00	27.35	29.14	90.6	27.06	29.14	93.1	26.79	29.14	95.6	26.79	29.14	95.6
21/06/2018 1:18:00 PM	3612395880	1013.00	27.34	29.14	90.7	27.08	29.14	93.0	26.70	29.14	96.4	26.71	29.14	96.3
21/06/2018 1:18:01 PM	3612395881	1013.00	27.36	29.13	90.5	27.15	29.13	92.4	26.80	29.13	95.5	26.74	29.13	96.0
21/06/2018 1:18:02 PM	3612395882	1013.00	27.36	29.13	90.5	27.06	29.13	93.2	26.77	29.13	95.8	26.77	29.13	95.8
21/06/2018 1:18:03 PM	3612395883	1013.00	27.40	29.14	90.2	27.06	29.14	93.1	26.79	29.14	95.6	26.74	29.14	96.0
21/06/2018 1:18:04 PM	3612395884	1013.00	27.41	29.14	90.1	27.01	29.14	93.6	26.76	29.14	95.8	26.79	29.14	95.6
21/06/2018 1:18:05 PM	3612395885	1013.00	27.41	29.13	90.1	27.11	29.13	92.7	26.72	29.13	96.2	26.71	29.13	96.3
21/06/2018 1:18:06 PM	3612395886	1013.00	27.42	29.14	90.0	27.07	29.14	93.1	26.83	29.14	95.2	26.81	29.14	95.4
21/06/2018 1:18:07 PM	3612395887	1013.00	27.38	29.14	90.4	27.07	29.14	93.1	26.80	29.14	95.5	26.76	29.14	95.8
21/06/2018 1:18:08 PM	3612395888	1013.00	27.39	29.14	90.3	27.12	29.14	92.6	26.78	29.14	95.7	26.74	29.14	96.0
21/06/2018 1:18:09 PM	3612395889	1013.00	27.39	29.14	90.3	27.10	29.14	92.8	26.79	29.14	95.6	26.75	29.14	95.9
21/06/2018 1:18:10 PM	3612395890	1013.00	27.38	29.14	90.4	27.13	29.14	92.5	26.75	29.14	95.9	26.77	29.14	95.8
21/06/2018 1:18:11 PM	3612395891	1013.00	27.39	29.14	90.3	27.12	29.14	92.6	26.73	29.14	96.1	26.75	29.14	95.9
21/06/2018 1:18:12 PM	3612395892	1013.00	27.44	29.13	89.9	27.07	29.13	93.1	26.76	29.13	95.9	26.80	29.13	95.5
21/06/2018 1:18:13 PM	3612395893	1013.00	27.43	29.13	90.0	27.10	29.13	92.8	26.73	29.13	96.1	26.72	29.13	96.2
21/06/2018 1:18:14 PM	3612395894	1013.00	27.43	29.13	90.0	27.07	29.13	93.1	26.74	29.13	96.0	26.76	29.13	95.9
21/06/2018 1:18:15 PM	3612395895	1013.00	27.43	29.14	89.9	27.03	29.14	93.4	26.72	29.14	96.2	26.80	29.14	95.5
21/06/2018 1:18:16 PM	3612395896	1013.00	27.43	29.14	89.9	27.11	29.14	92.7	26.75	29.14	95.9	26.76	29.14	95.8
21/06/2018 1:18:17 PM	3612395897	1013.00	27.43	29.13	90.0	27.13	29.13	92.5	26.78	29.13	95.7	26.81	29.13	95.4
21/06/2018 1:18:18 PM	3612395898	1013.00	27.43	29.14	89.9	27.09	29.14	92.9	26.70	29.14	96.4	26.79	29.14	95.6
21/06/2018 1:18:19 PM	3612395899	1013.00	27.41	29.14	90.1	27.14	29.14	92.4	26.77	29.14	95.8	26.79	29.14	95.6
21/06/2018 1:18:20 PM	3612395900	1013.00	27.43	29.13	90.0	27.11	29.13	92.7	26.73	29.13	96.1	26.76	29.13	95.9
21/06/2018 1:18:21 PM	3612395901	1013.00	27.42	29.14	90.0	27.14	29.14	92.4	26.75	29.14	95.9	26.80	29.14	95.5
21/06/2018 1:18:22 PM	3612395902	1013.00	27.42	29.14	90.0	27.10	29.14	92.8	26.71	29.14	96.3	26.77	29.14	95.8
21/06/2018 1:18:23 PM	3612395903	1013.00	27.42	29.14	90.0	27.15	29.14	92.3	26.76	29.14	95.8	26.87	29.14	94.8
21/06/2018 1:18:24 PM	3612395904	1013.00	27.44	29.14	89.9	27.12	29.14	92.6	26.81	29.14	95.4	26.84	29.14	95.1
21/06/2018 1:18:25 PM	3612395905	1013.00	27.47	29.14	89.6	27.13	29.14	92.5	26.75	29.14	95.9	26.78	29.14	95.7
21/06/2018 1:18:26 PM	3612395906	1013.00	27.43	29.14	89.9	27.11	29.14	92.7	26.80	29.14	95.5	26.77	29.14	95.8
21/06/2018 1:18:27 PM	3612395907	1013.00	27.48	29.14	89.5	27.10	29.14	92.8	26.76	29.14	95.8	26.79	29.14	95.6
21/06/2018 1:18:28 PM	3612395908	1013.00	27.45	29.13	89.8	27.08	29.13	93.0	26.77	29.13	95.8	26.80	29.13	95.5
21/06/2018 1:18:29 PM	3612395909	1013.00	27.45	29.14	89.8	27.08	29.14	93.0	26.82	29.14	95.3	26.88	29.14	94.8
21/06/2018 1:18:30 PM	3612395910	1013.00	27.44	29.14	89.9	27.10	29.14	92.8	26.77	29.14	95.8	26.86	29.14	94.9
21/06/2018 1:18:31 PM	3612395911	1013.00	27.50	29.15	89.3	27.15	29.15	92.3	26.79	29.15	95.6	26.79	29.15	95.6
21/06/2018 1:18:32 PM	3612395912	1013.00	27.46	29.15	89.7	27.09	29.15	92.9	26.77	29.15	95.7	26.78	29.15	95.6
21/06/2018 1:18:33 PM	3612395913	1013.00	27.46	29.15	89.7	27.14	29.15	92.4	26.80	29.15	95.5	26.83	29.15	95.2
21/06/2018 1:18:34 PM	3612395914	1013.00	27.48	29.15	89.5	27.17	29.15	92.2	26.75	29.15	95.9	26.80	29.15	95.5
21/06/2018 1:18:35 PM	3612395915	1013.00	27.46	29.14	89.7	27.13	29.14	92.5	26.79	29.14	95.6	26.79	29.14	95.6
21/06/2018 1:18:36 PM	3612395916	1013.00	27.46	29.14	89.7	27.08	29.14	93.0	26.79	29.14	95.6	26.83	29.14	95.2
21/06/2018 1:18:37 PM	3612395917	1013.00	27.48	29.13	89.5	27.13	29.13	92.5	26.78	29.13	95.7	26.86	29.13	94.9
21/06/2018 1:18:38 PM	3612395918	1013.00	27.46	29.13	89.7	27.15	29.13	92.4	26.77	29.13	95.8	26.81	29.13	95.4
21/06/2018 1:18:39 PM	3612395919	1013.00	27.48	29.13	89.5	27.12	29.13	92.6	26.78	29.13	95.7	26.87	29.13	94.9
21/06/2018 1:18:40 PM	3612395920	1013.00	27.48	29.13	89.5	27.12	29.13	92.6	26.76	29.13	95.9	26.82	29.13	95.3
21/06/2018 1:18:41 PM	3612395921	1013.00	27.45	29.14	89.8	27.19	29.14	92.0	26.77	29.14	95.8	26.83	29.14	95.2
21/06/2018 1:18:42 PM	3612395922	1013.00	27.49	29.14	89.4	27.15	29.14	92.3	26.79	29.14	95.6	26.84	29.14	95.1
21/06/2018 1:18:43 PM	3612395923	1013.00	27.46	29.14	89.7	27.19	29.14	92.0	26.72	29.14	96.2	26.86	29.14	94.9
21/06/2018 1:18:44 PM	3612395924	1013.00	27.46	29.14	89.7	27.09	29.14	92.9	26.74	29.14	96.0	26.80	29.14	95.5
21/06/2018 1:18:45 PM	3612395925	1013.00	27.45	29.14	89.8	27.09	29.14	92.9	26.75	29.14	95.9	26.81	29.14	95.4
21/06/2018 1:18:46 PM	3612395926	1013.00	27.46	29.14	89.7	27.13	29.14	92.5	26.73	29.14	96.1	26.84	29.14	95.1
21/06/2018 1:18:47 PM	3612395927	1013.00	27.48	29.13	89.5	27.15	29.13	92.4	26.79	29.13	95.6	26.85	29.13	95.0
21/06/2018 1:18:48 PM	3612395928	1013.00	27.48	29.13	89.5	27.14	29.13	92.5	26.75	29.13	96.0	26.86	29.13	94.9
21/06/2018 1:18:49 PM	3612395929	1013.00	27.45	29.13	89.8	27.17	29.13	92.2	26.79	29.13	95.6	26.88	29.13	94.8
21/06/2018 1:18:50 PM	3612395930	1013.00	27.53	29.13	89.1	27.15	29.13	92.4	26.81	29.13	95.4	26.87	29.13	94.9
21/06/2018 1:18:51 PM	3612395931	1013.00	27.54	29.13	89.0	27.19	29.13	92.0	26.78	29.13	95.7	26.84	29.13	95.1
21/06/2018 1:18:52 PM	3612395932	1013.00	27.51	29.12	89.3	27.18	29.12	92.1	26.81	29.12	95.4	26.83	29.12	95.2
21/06/2018 1:18:53 PM	3612395933	1013.00	27.52	29.13	89.2	27.18	29.13	92.1	26.80	29.13	95.5	26.83	29.13	95.2
21/06/2018 1:18:54 PM	3612395934	1013.00	27.49	29.13	89.4	27.17	29.13	92.2	26.80	29.13	95.5	26.90	29.13	94.6
21/06/2018 1:18:55 PM	3612395935	1013.00	27.46	29.13	89.7	27.17	29.13	92.2	26.76	29.13	95.9	26.86	29.13	94.9
21/06/2018 1:18:56 PM	3612395936	1013.00	27.49	29.14	89.4	27.15	29.14	92.3	26.80	29.14	95.5	26.90	29.14	94.6
21/06/2018 1:18:57 PM	3612395937	1013.00	27.52	29.14	89.2	27.23	29.14	91.7	26.80	29.14	95.5	26.95	29.14	94.1
21/06/2018 1:18:58 PM	3612395938	1013.00	27.47	29.13	89.6	27.23	29.13	91.7	26.78	29.13	95.7	26.84	29.13	95.1
21/06/2018 1:18:59 PM	3612395939	1013.00	27.49	29.14	89.4	27.19	29.14	92.0	26.81	29.14	95.4	26.86	29.14	94.9
21/06/2018 1:19:00 PM	3612395940	1013.00	27.50	29.14	89.3	27.19	29.14	92.0	26.76	29.14	95.8	26.92	29.14	94.4
21/06/2018 1:19:01 PM	3612395941	1013.00	27.52	29.14	89.2	27.13	29.14	92.5	26.81	29.14	95.4	26.87	29.14	94.8
21/06/2018 1:19:02 PM	3612395942	1013.00	27.55	29.14	88.9	27.22	29.14	91.7	26.82	29.14	95.3	26.85	29.14	95.0
21/06/2018 1:19:03 PM	3612395943	1013.00	27.51	29.14	89.3	27.23	29.14	91.7	26.78	29.14	95.7	26.87	29.14	94.8
21/06/2018 1:19:04 PM	3612395944	1013.00	27.56	29.13	88.9	27.18	29.13	92.1	26.73	29.13	96.1	26.89	29.13	94.7
21/06/2018 1:19:05 PM	3612395945	1013.00	27.56	29.13	88.9	27.19	29.13	92.0	26.79	29.13	95.6	26.87	29.13	94.9
21/06/2018 1:19:06 PM	3612395946	1013.00	27.55	29.14	88.9	27.24	29.14	91.6	26.81	29.14	95.4	26.91	29.14	94.5
21/06/2018 1:19:07 PM	3612395947	1013.00	27.56	29.14	88.8	27.23	29.14	91.7	26.75	29.14	95.9	26.93	29.14	94.3
21/06/2018 1:19:08 PM	3612395948	1013.00	27.57	29.14	88.8	27.22	29.14	91.7	26.79	29.14	95.6	26.95	29.14	94.1
21/06/2018 1:19:09 PM	3612395949	1013.00	27.52	29.14	89.2	27.20	29.14	91.9	26.79	29.14	95.6	26.88	29.14	94.8
21/06/2018 1:19:10 PM	3612395950	1013.00	27.56	29.14	88.8	27.22	29.14	91.7	26.79	29.14	95.6	26.94	29.14	94.2
21/06/2018 1:19:11 PM	3612395951	1013.00	27.51	29.14	89.3	27.27	29.14	91.3	26.80	29.14	95.5	26.95	29.14	94.1
21/06/2018 1:19:12 PM	3612395952	1013.00	27.58	29.13	88.7	27.27	29.13	91.3	26.75	29.13	96.0	26.94	29.13	94.2
21/06/2018 1:19:13 PM	3612395953	1013.00	27.57	29.13	88.8	27.22	29.13	91.8	26.79	29.13	95.6	26.89	29.13	94.7
21/06/2018 1:19:14 PM	3612395954	1013.00	27.55	29.13	88.9	27.28	29.13	91.2	26.79	29.13	95.6	26.91	29.13	94.5
21/06/2018 1:19:15 PM	3612395955	1013.00	27.55	29.13	88.9	27.21	29.13	91.8	26.76	29.13	95.9	26.96	29.13	94.0
21/06/2018 1:19:16 PM	3612395956	1013.00	27.54	29.13	89.0	27.24	29.13	91.6	26.80	29.13	95.5	26.89	29.13	94.7
21/06/2018 1:19:17 PM	3612395957	1013.00	27.55	29.13	88.9	27.23	29.13	91.7	26.74	29.13	96.0	26.93	29.13	94.3
21/06/2018 1:19:18 PM	3612395958	1013.00	27.55	29.13	88.9	27.25	29.13	91.5	26.83	29.13	95.2	26.98	29.13	93.9
21/06/2018 1:19:19 PM	3612395959	1013.00	27.56	29.13	88.9	27.25	29.13	91.5	26.84	29.13	95.1	26.91	29.13	94.5
21/06/2018 1:19:20 PM	3612395960	1013.00	27.56	29.13	88.9	27.21	29.13	91.8	26.82	29.13	95.3	26.96	29.13	94.0
21/06/2018 1:19:21 PM	3612395961	1013.00	27.60	29.13	88.5	27.24	29.13	91.6	26.78	29.13	95.7	26.92	29.13	94.4
21/06/2018 1:19:22 PM	3612395962	1013.00	27.59	29.13	88.6	27.25	29.13	91.5	26.89	29.13	94.7	26.96	29.13	94.0
21/06/2018 1:19:23 PM	3612395963	1013.00	27.60	29.12	88.5	27.22	29.12	91.8	26.77	29.12	95.8	26.98	29.12	93.9
21/06/2018 1:19:24 PM	3612395964	1013.00	27.58	29.12	88.7	27.26	29.12	91.4	26.85	29.12	95.1	26.97	29.12	94.0
21/06/2018 1:19:25 PM	3612395965	1013.00	27.58	29.12	88.7	27.23	29.12	91.7	26.85	29.12	95.1	26.99	29.12	93.8
21/06/2018 1:19:26 PM	3612395966	1013.00	27.61	29.12	88.5	27.26	29.12	91.4	26.78	29.12	95.7	26.98	29.12	93.9
21/06/2018 1:19:27 PM	3612395967	1013.00	27.61	29.12	88.5	27.20	29.12	91.9	26.82	29.12	95.3	27.01	29.12	93.6
21/06/2018 1:19:28 PM	3612395968	1013.00	27.61	29.12	88.5	27.25	29.12	91.5	26.86	29.12	95.0	27.00	29.12	93.7
21/06/2018 1:19:29 PM	3612395969	1013.00	27.62	29.12	88.4	27.27	29.12	91.3	26.80	29.12	95.5	26.98	29.12	93.9
21/06/2018 1:19:30 PM	3612395970	1013.00	27.61	29.12	88.5	27.24	29.12	91.6	26.77	29.12	95.8	27.00	29.12	93.7
21/06/2018 1:19:31 PM	3612395971	1013.00	27.61	29.12	88.5	27.24	29.12	91.6	26.84	29.12	95.1	27.02	29.12	93.5
21/06/2018 1:19:32 PM	3612395972	1013.00	27.66	29.13	88.0	27.26	29.13	91.4	26.84	29.13	95.1	27.07	29.13	93.1
21/06/2018 1:19:33 PM	3612395973	1013.00	27.62	29.13	88.4	27.22	29.13	91.8	26.77	29.13	95.8	27.00	29.13	93.7
21/06/2018 1:19:34 PM	3612395974	1013.00	27.63	29.13	88.3	27.25	29.13	91.5	26.79	29.13	95.6	27.02	29.13	93.5
21/06/2018 1:19:35 PM	3612395975	1013.00	27.61	29.13	88.4	27.24	29.13	91.6	26.81	29.13	95.4	27.04	29.13	93.3
21/06/2018 1:19:36 PM	3612395976	1013.00	27.61	29.13	88.4	27.20	29.13	91.9	26.75	29.13	96.0	27.05	29.13	93.2
21/06/2018 1:19:37 PM	3612395977	1013.00	27.68	29.13	87.9	27.29	29.13	91.1	26.81	29.13	95.4	27.02	29.13	93.5
21/06/2018 1:19:38 PM	3612395978	1013.00	27.64	29.13	88.2	27.28	29.13	91.2	26.84	29.13	95.1	27.09	29.13	92.9
21/06/2018 1:19:39 PM	3612395979	1013.00	27.62	29.13	88.4	27.26	29.13	91.4	26.85	29.13	95.0	27.01	29.13	93.6
21/06/2018 1:19:40 PM	3612395980	1013.00	27.63	29.14	88.3	27.26	29.14	91.4	26.82	29.14	95.3	27.00	29.14	93.7
21/06/2018 1:19:41 PM	3612395981	1013.00	27.63	29.14	88.3	27.25	29.14	91.5	26.76	29.14	95.8	27.05	29.14	93.2
21/06/2018 1:19:42 PM	3612395982	1013.00	27.61	29.14	88.4	27.30	29.14	91.0	26.83	29.14	95.2	27.06	29.14	93.1
21/06/2018 1:19:43 PM	3612395983	1013.00	27.70	29.13	87.7	27.26	29.13	91.4	26.88	29.13	94.8	27.06	29.13	93.2
21/06/2018 1:19:44 PM	3612395984	1013.00	27.62	29.14	88.3	27.25	29.14	91.5	26.82	29.14	95.3	27.04	29.14	93.3
21/06/2018 1:19:45 PM	3612395985	1013.00	27.65	29.14	88.1	27.26	29.14	91.4	26.85	29.14	95.0	27.08	29.14	93.0
21/06/2018 1:19:46 PM	3612395986	1013.00	27.62	29.13	88.4	27.28	29.13	91.2	26.79	29.13	95.6	27.14	29.13	92.5
21/06/2018 1:19:47 PM	3612395987	1013.00	27.64	29.13	88.2	27.26	29.13	91.4	26.82	29.13	95.3	27.09	29.13	92.9
21/06/2018 1:19:48 PM	3612395988	1013.00	27.68	29.13	87.9	27.28	29.13	91.2	26.79	29.13	95.6	27.09	29.13	92.9
21/06/2018 1:19:49 PM	3612395989	1013.00	27.66	29.12	88.0	27.26	29.12	91.4	26.83	29.12	95.2	27.05	29.12	93.3
21/06/2018 1:19:50 PM	3612395990	1013.00	27.64	29.13	88.2	27.32	29.13	90.9	26.80	29.13	95.5	27.11	29.13	92.7
21/06/2018 1:19:51 PM	3612395991	1013.00	27.67	29.13	87.9	27.26	29.13	91.4	26.79	29.13	95.6	27.05	29.13	93.2
21/06/2018 1:19:52 PM	3612395992	1013.00	27.62	29.14	88.3	27.27	29.14	91.3	26.79	29.14	95.6	27.10	29.14	92.8
21/06/2018 1:19:53 PM	3612395993	1013.00	27.70	29.14	87.7	27.28	29.14	91.2	26.80	29.14	95.5	27.05	29.14	93.2
21/06/2018 1:19:54 PM	3612395994	1013.00	27.64	29.14	88.2	27.24	29.14	91.6	26.87	29.14	94.8	27.14	29.14	92.4
21/06/2018 1:19:55 PM	3612395995	1013.00	27.68	29.14	87.8	27.31	29.14	91.0	26.82	29.14	95.3	27.08	29.14	93.0
21/06/2018 1:19:56 PM	3612395996	1013.00	27.65	29.13	88.1	27.30	29.13	91.1	26.79	29.13	95.6	27.10	29.13	92.8
21/06/2018 1:19:57 PM	3612395997	1013.00	27.70	29.13	87.7	27.30	29.13	91.1	26.85	29.13	95.0	27.11	29.13	92.7
21/06/2018 1:19:58 PM	3612395998	1013.00	27.71	29.13	87.6	27.33	29.13	90.8	26.86	29.13	94.9	27.07	29.13	93.1
21/06/2018 1:19:59 PM	3612395999	1013.00	27.70	29.13	87.7	27.24	29.13	91.6	26.85	29.13	95.0	27.12	29.13	92.6
21/06/2018 1:20:00 PM	3612396000	1013.00	27.68	29.13	87.9	27.28	29.13	91.2	26.89	29.13	94.7	27.12	29.13	92.6
21/06/2018 1:20:01 PM	3612396001	1013.00	27.70	29.13	87.7	27.35	29.13	90.6	26.82	29.13	95.3	27.16	29.13	92.3
21/06/2018 1:20:02 PM	3612396002	1013.00	27.65	29.13	88.1	27.34	29.13	90.7	26.83	29.13	95.2	27.13	29.13	92.5
21/06/2018 1:20:03 PM	3612396003	1013.00	27.66	29.12	88.0	27.30	29.12	91.1	26.78	29.12	95.7	27.15	29.12	92.4
21/06/2018 1:20:04 PM	3612396004	1013.00	27.71	29.12	87.6	27.28	29.12	91.2	26.77	29.12	95.8	27.17	29.12	92.2
21/06/2018 1:20:05 PM	3612396005	1013.00	27.70	29.12	87.7	27.26	29.12	91.4	26.82	29.12	95.3	27.08	29.12	93.0
21/06/2018 1:20:06 PM	3612396006	1013.00	27.70	29.12	87.7	27.28	29.12	91.2	26.81	29.12	95.4	27.10	29.12	92.8
21/06/2018 1:20:07 PM	3612396007	1013.00	27.68	29.12	87.9	27.25	29.12	91.5	26.87	29.12	94.9	27.16	29.12	92.3
21/06/2018 1:20:08 PM	3612396008	1013.00	27.67	29.13	87.9	27.31	29.13	91.0	26.83	29.13	95.2	27.14	29.13	92.5
21/06/2018 1:20:09 PM	3612396009	1013.00	27.69	29.13	87.8	27.29	29.13	91.1	26.82	29.13	95.3	27.19	29.13	92.0
21/06/2018 1:20:10 PM	3612396010	1013.00	27.73	29.13	87.5	27.26	29.13	91.4	26.87	29.13	94.9	27.15	29.13	92.4
21/06/2018 1:20:11 PM	3612396011	1013.00	27.71	29.13	87.6	27.28	29.13	91.2	26.86	29.13	94.9	27.20	29.13	91.9
21/06/2018 1:20:12 PM	3612396012	1013.00	27.67	29.13	87.9	27.31	29.13	91.0	26.81	29.13	95.4	27.15	29.13	92.4
21/06/2018 1:20:13 PM	3612396013	1013.00	27.75	29.12	87.3	27.27	29.12	91.3	26.91	29.12	94.5	27.23	29.12	91.7
21/06/2018 1:20:14 PM	3612396014	1013.00	27.72	29.12	87.5	27.35	29.12	90.6	26.82	29.12	95.3	27.22	29.12	91.8
21/06/2018 1:20:15 PM	3612396015	1013.00	27.70	29.12	87.7	27.27	29.12	91.3	26.87	29.12	94.9	27.17	29.12	92.2
21/06/2018 1:20:16 PM	3612396016	1013.00	27.71	29.12	87.6	27.31	29.12	91.0	26.82	29.12	95.3	27.20	29.12	91.9
21/06/2018 1:20:17 PM	3612396017	1013.00	27.73	29.12	87.5	27.32	29.12	90.9	26.86	29.12	95.0	27.16	29.12	92.3
21/06/2018 1:20:18 PM	3612396018	1013.00	27.73	29.12	87.5	27.33	29.12	90.8	26.86	29.12	95.0	27.17	29.12	92.2
21/06/2018 1:20:19 PM	3612396019	1013.00	27.71	29.13	87.6	27.23	29.13	91.7	26.91	29.13	94.5	27.24	29.13	91.6
21/06/2018 1:20:20 PM	3612396020	1013.00	27.76	29.14	87.2	27.33	29.14	90.8	26.88	29.14	94.8	27.28	29.14	91.2
21/06/2018 1:20:21 PM	3612396021	1013.00	27.73	29.13	87.5	27.32	29.13	90.9	26.82	29.13	95.3	27.20	29.13	91.9
21/06/2018 1:20:22 PM	3612396022	1013.00	27.75	29.13	87.3	27.32	29.13	90.9	26.88	29.13	94.8	27.23	29.13	91.7
21/06/2018 1:20:23 PM	3612396023	1013.00	27.75	29.13	87.3	27.38	29.13	90.4	26.83	29.13	95.2	27.22	29.13	91.8
21/06/2018 1:20:24 PM	3612396024	1013.00	27.73	29.12	87.5	27.28	29.12	91.2	26.88	29.12	94.8	27.26	29.12	91.4
21/06/2018 1:20:25 PM	3612396025	1013.00	27.77	29.12	87.1	27.32	29.12	90.9	26.89	29.12	94.7	27.30	29.12	91.1
21/06/2018 1:20:26 PM	3612396026	1013.00	27.76	29.12	87.2	27.31	29.12	91.0	26.84	29.12	95.1	27.23	29.12	91.7
21/06/2018 1:20:27 PM	3612396027	1013.00	27.79	29.12	87.0	27.27	29.12	91.3	26.79	29.12	95.6	27.26	29.12	91.4
21/06/2018 1:20:28 PM	3612396028	1013.00	27.79	29.12	87.0	27.28	29.12	91.2	26.86	29.12	95.0	27.26	29.12	91.4
21/06/2018 1:20:29 PM	3612396029	1013.00	27.73	29.13	87.5	27.31	29.13	91.0	26.85	29.13	95.0	27.34	29.13	90.7
21/06/2018 1:20:30 PM	3612396030	1013.00	27.77	29.13	87.1	27.34	29.13	90.7	26.83	29.13	95.2	27.24	29.13	91.6
21/06/2018 1:20:31 PM	3612396031	1013.00	27.79	29.13	87.0	27.31	29.13	91.0	26.84	29.13	95.1	27.28	29.13	91.2
21/06/2018 1:20:32 PM	3612396032	1013.00	27.79	29.14	86.9	27.32	29.14	90.9	26.87	29.14	94.8	27.26	29.14	91.4
21/06/2018 1:20:33 PM	3612396033	1013.00	27.80	29.14	86.9	27.33	29.14	90.8	26.87	29.14	94.8	27.26	29.14	91.4
21/06/2018 1:20:34 PM	3612396034	1013.00	27.81	29.13	86.8	27.37	29.13	90.5	26.88	29.13	94.8	27.28	29.13	91.2
21/06/2018 1:20:35 PM	3612396035	1013.00	27.81	29.12	86.8	27.41	29.12	90.1	26.84	29.12	95.1	27.28	29.12	91.2
21/06/2018 1:20:36 PM	3612396036	1013.00	27.86	29.12	86.4	27.36	29.12	90.6	26.86	29.12	95.0	27.30	29.12	91.1
21/06/2018 1:20:37 PM	3612396037	1013.00	27.84	29.13	86.6	27.36	29.13	90.5	26.86	29.13	94.9	27.32	29.13	90.9
21/06/2018 1:20:38 PM	3612396038	1013.00	27.84	29.12	86.6	27.39	29.12	90.3	26.86	29.12	95.0	27.33	29.12	90.8
21/06/2018 1:20:39 PM	3612396039	1013.00	27.85	29.13	86.5	27.36	29.13	90.5	26.86	29.13	94.9	27.30	29.13	91.1
21/06/2018 1:20:40 PM	3612396040	1013.00	27.82	29.13	86.7	27.41	29.13	90.1	26.82	29.13	95.3	27.37	29.13	90.5
21/06/2018 1:20:41 PM	3612396041	1013.00	27.86	29.13	86.4	27.38	29.13	90.4	26.85	29.13	95.0	27.35	29.13	90.6
21/06/2018 1:20:42 PM	3612396042	1013.00	27.86	29.13	86.4	27.35	29.13	90.6	26.87	29.13	94.9	27.31	29.13	91.0
21/06/2018 1:20:43 PM	3612396043	1013.00	27.86	29.13	86.4	27.42	29.13	90.0	26.93	29.13	94.3	27.30	29.13	91.1
21/06/2018 1:20:44 PM	3612396044	1013.00	27.88	29.13	86.2	27.42	29.13	90.0	26.83	29.13	95.2	27.38	29.13	90.4
21/06/2018 1:20:45 PM	3612396045	1013.00	27.86	29.13	86.4	27.42	29.13	90.0	26.86	29.13	94.9	27.35	29.13	90.6
21/06/2018 1:20:46 PM	3612396046	1013.00	27.92	29.13	85.9	27.43	29.13	90.0	26.86	29.13	94.9	27.37	29.13	90.5
21/06/2018 1:20:47 PM	3612396047	1013.00	27.87	29.13	86.3	27.37	29.13	90.5	26.82	29.13	95.3	27.40	29.13	90.2
21/06/2018 1:20:48 PM	3612396048	1013.00	27.90	29.13	86.1	27.40	29.13	90.2	26.93	29.13	94.3	27.35	29.13	90.6
21/06/2018 1:20:49 PM	3612396049	1013.00	27.86	29.12	86.4	27.38	29.12	90.4	26.85	29.12	95.1	27.41	29.12	90.1
21/06/2018 1:20:50 PM	3612396050	1013.00	27.91	29.12	86.0	27.41	29.12	90.1	26.89	29.12	94.7	27.37	29.12	90.5
21/06/2018 1:20:51 PM	3612396051	1013.00	27.85	29.13	86.5	27.43	29.13	90.0	26.91	29.13	94.5	27.34	29.13	90.7
21/06/2018 1:20:52 PM	3612396052	1013.00	27.90	29.12	86.1	27.44	29.12	89.9	26.87	29.12	94.9	27.39	29.12	90.3
21/06/2018 1:20:53 PM	3612396053	1013.00	27.89	29.12	86.2	27.43	29.12	90.0	26.88	29.12	94.8	27.42	29.12	90.1
21/06/2018 1:20:54 PM	3612396054	1013.00	27.89	29.12	86.2	27.45	29.12	89.8	26.90	29.12	94.6	27.36	29.12	90.6
21/06/2018 1:20:55 PM	3612396055	1013.00	27.94	29.13	85.8	27.45	29.13	89.8	26.92	29.13	94.4	27.40	29.13	90.2
21/06/2018 1:20:56 PM	3612396056	1013.00	27.92	29.13	85.9	27.40	29.13	90.2	26.93	29.13	94.3	27.35	29.13	90.6
21/06/2018 1:20:57 PM	3612396057	1013.00	27.90	29.13	86.1	27.47	29.13	89.6	26.91	29.13	94.5	27.46	29.13	89.7
21/06/2018 1:20:58 PM	3612396058	1013.00	27.90	29.13	86.1	27.52	29.13	89.2	26.99	29.13	93.8	27.38	29.13	90.4
21/06/2018 1:20:59 PM	3612396059	1013.00	27.87	29.13	86.3	27.42	29.13	90.0	26.91	29.13	94.5	27.42	29.13	90.0
21/06/2018 1:21:00 PM	3612396060	1013.00	27.92	29.13	85.9	27.48	29.13	89.5	26.90	29.13	94.6	27.45	29.13	89.8
21/06/2018 1:21:01 PM	3612396061	1013.00	27.93	29.13	85.8	27.45	29.13	89.8	26.90	29.13	94.6	27.43	29.13	90.0
21/06/2018 1:21:02 PM	3612396062	1013.00	27.92	29.13	85.9	27.48	29.13	89.5	26.87	29.13	94.9	27.41	29.13	90.1
21/06/2018 1:21:03 PM	3612396063	1013.00	27.90	29.13	86.1	27.47	29.13	89.6	26.90	29.13	94.6	27.46	29.13	89.7
21/06/2018 1:21:04 PM	3612396064	1013.00	27.97	29.13	85.5	27.46	29.13	89.7	26.85	29.13	95.0	27.41	29.13	90.1
21/06/2018 1:21:05 PM	3612396065	1013.00	27.96	29.12	85.6	27.44	29.12	89.9	26.91	29.12	94.5	27.42	29.12	90.1
21/06/2018 1:21:06 PM	3612396066	1013.00	27.94	29.12	85.8	27.45	29.12	89.8	26.89	29.12	94.7	27.41	29.12	90.1
21/06/2018 1:21:07 PM	3612396067	1013.00	27.95	29.12	85.7	27.50	29.12	89.4	26.89	29.12	94.7	27.47	29.12	89.6
21/06/2018 1:21:08 PM	3612396068	1013.00	27.95	29.12	85.7	27.46	29.12	89.7	26.94	29.12	94.2	27.47	29.12	89.6
21/06/2018 1:21:09 PM	3612396069	1013.00	27.96	29.13	85.6	27.45	29.13	89.8	26.90	29.13	94.6	27.41	29.13	90.1
21/06/2018 1:21:10 PM	3612396070	1013.00	27.96	29.13	85.6	27.47	29.13	89.6	26.90	29.13	94.6	27.46	29.13	89.7
21/06/2018 1:21:11 PM	3612396071	1013.00	27.97	29.13	85.5	27.44	29.13	89.9	26.89	29.13	94.7	27.49	29.13	89.4
21/06/2018 1:21:12 PM	3612396072	1013.00	27.95	29.13	85.7	27.42	29.13	90.0	26.89	29.13	94.7	27.47	29.13	89.6
21/06/2018 1:21:13 PM	3612396073	1013.00	27.99	29.13	85.4	27.46	29.13	89.7	26.89	29.13	94.7	27.45	29.13	89.8
21/06/2018 1:21:14 PM	3612396074	1013.00	27.92	29.13	85.9	27.42	29.13	90.0	26.90	29.13	94.6	27.46	29.13	89.7
21/06/2018 1:21:15 PM	3612396075	1013.00	27.97	29.12	85.5	27.46	29.12	89.7	26.90	29.12	94.6	27.52	29.12	89.2
21/06/2018 1:21:16 PM	3612396076	1013.00	27.96	29.12	85.6	27.45	29.12	89.8	26.90	29.12	94.6	27.50	29.12	89.4
21/06/2018 1:21:17 PM	3612396077	1013.00	27.93	29.12	85.8	27.52	29.12	89.2	26.90	29.12	94.6	27.52	29.12	89.2
21/06/2018 1:21:18 PM	3612396078	1013.00	27.96	29.12	85.6	27.48	29.12	89.5	26.97	29.12	94.0	27.52	29.12	89.2
21/06/2018 1:21:19 PM	3612396079	1013.00	27.96	29.12	85.6	27.50	29.12	89.4	26.97	29.12	94.0	27.53	29.12	89.1
21/06/2018 1:21:20 PM	3612396080	1013.00	28.00	29.13	85.3	27.47	29.13	89.6	26.91	29.13	94.5	27.54	29.13	89.0
21/06/2018 1:21:21 PM	3612396081	1013.00	28.01	29.13	85.2	27.51	29.13	89.3	26.91	29.13	94.5	27.51	29.13	89.3
21/06/2018 1:21:22 PM	3612396082	1013.00	28.00	29.13	85.3	27.51	29.13	89.3	26.94	29.13	94.2	27.51	29.13	89.3
21/06/2018 1:21:23 PM	3612396083	1013.00	28.00	29.13	85.3	27.51	29.13	89.3	26.94	29.13	94.2	27.59	29.13	88.6
21/06/2018 1:21:24 PM	3612396084	1013.00	28.02	29.12	85.1	27.55	29.12	89.0	26.91	29.12	94.5	27.52	29.12	89.2
21/06/2018 1:21:25 PM	3612396085	1013.00	28.05	29.12	84.9	27.49	29.12	89.5	26.93	29.12	94.3	27.55	29.12	89.0
21/06/2018 1:21:26 PM	3612396086	1013.00	28.02	29.12	85.1	27.52	29.12	89.2	26.93	29.12	94.3	27.49	29.12	89.5
21/06/2018 1:21:27 PM	3612396087	1013.00	28.04	29.12	85.0	27.50	29.12	89.4	26.91	29.12	94.5	27.51	29.12	89.3
21/06/2018 1:21:28 PM	3612396088	1013.00	28.05	29.12	84.9	27.56	29.12	88.9	26.93	29.12	94.3	27.57	29.12	88.8
21/06/2018 1:21:29 PM	3612396089	1013.00	28.05	29.12	84.9	27.56	29.12	88.9	26.91	29.12	94.5	27.56	29.12	88.9
21/06/2018 1:21:30 PM	3612396090	1013.00	28.05	29.12	84.9	27.54	29.12	89.0	26.93	29.12	94.3	27.55	29.12	89.0
21/06/2018 1:21:31 PM	3612396091	1013.00	28.07	29.12	84.7	27.53	29.12	89.1	26.93	29.12	94.3	27.61	29.12	88.5
21/06/2018 1:21:32 PM	3612396092	1013.00	28.08	29.12	84.7	27.53	29.12	89.1	26.90	29.12	94.6	27.56	29.12	88.9
21/06/2018 1:21:33 PM	3612396093	1013.00	28.11	29.12	84.4	27.59	29.12	88.6	26.95	29.12	94.2	27.61	29.12	88.5
21/06/2018 1:21:34 PM	3612396094	1013.00	28.11	29.12	84.4	27.54	29.12	89.0	26.93	29.12	94.3	27.64	29.12	88.2
21/06/2018 1:21:35 PM	3612396095	1013.00	28.14	29.13	84.2	27.62	29.13	88.4	26.95	29.13	94.1	27.62	29.13	88.4
21/06/2018 1:21:36 PM	3612396096	1013.00	28.10	29.13	84.5	27.63	29.13	88.3	26.90	29.13	94.6	27.60	29.13	88.5
21/06/2018 1:21:37 PM	3612396097	1013.00	28.10	29.13	84.5	27.55	29.13	88.9	26.89	29.13	94.7	27.64	29.13	88.2
21/06/2018 1:21:38 PM	3612396098	1013.00	28.14	29.13	84.2	27.59	29.13	88.6	26.96	29.13	94.0	27.61	29.13	88.4
21/06/2018 1:21:39 PM	3612396099	1013.00	28.13	29.13	84.3	27.64	29.13	88.2	26.93	29.13	94.3	27.67	29.13	87.9
21/06/2018 1:21:40 PM	3612396100	1013.00	28.17	29.13	83.9	27.62	29.13	88.4	26.89	29.13	94.7	27.65	29.13	88.1
21/06/2018 1:21:41 PM	3612396101	1013.00	28.12	29.13	84.3	27.58	29.13	88.7	26.95	29.13	94.1	27.60	29.13	88.5
21/06/2018 1:21:42 PM	3612396102	1013.00	28.16	29.13	84.0	27.56	29.13	88.9	26.91	29.13	94.5	27.62	29.13	88.4
21/06/2018 1:21:43 PM	3612396103	1013.00	28.13	29.13	84.3	27.61	29.13	88.4	26.96	29.13	94.0	27.59	29.13	88.6
21/06/2018 1:21:44 PM	3612396104	1013.00	28.19	29.13	83.8	27.68	29.13	87.9	27.00	29.13	93.7	27.66	29.13	88.0
21/06/2018 1:21:45 PM	3612396105	1013.00	28.17	29.13	83.9	27.62	29.13	88.4	26.92	29.13	94.4	27.61	29.13	88.4
21/06/2018 1:21:46 PM	3612396106	1013.00	28.16	29.13	84.0	27.61	29.13	88.4	26.89	29.13	94.7	27.67	29.13	87.9
21/06/2018 1:21:47 PM	3612396107	1013.00	28.18	29.13	83.9	27.64	29.13	88.2	26.94	29.13	94.2	27.65	29.13	88.1
21/06/2018 1:21:48 PM	3612396108	1013.00	28.18	29.13	83.9	27.61	29.13	88.4	26.94	29.13	94.2	27.70	29.13	87.7
21/06/2018 1:21:49 PM	3612396109	1013.00	28.18	29.13	83.9	27.65	29.13	88.1	26.97	29.13	94.0	27.67	29.13	87.9
21/06/2018 1:21:50 PM	3612396110	1013.00	28.19	29.12	83.8	27.63	29.12	88.3	26.98	29.12	93.9	27.66	29.12	88.0
21/06/2018 1:21:51 PM	3612396111	1013.00	28.19	29.12	83.8	27.61	29.12	88.5	26.97	29.12	94.0	27.71	29.12	87.6
21/06/2018 1:21:52 PM	3612396112	1013.00	28.18	29.12	83.9	27.63	29.12	88.3	26.96	29.12	94.1	27.66	29.12	88.0
21/06/2018 1:21:53 PM	3612396113	1013.00	28.19	29.12	83.8	27.67	29.12	88.0	26.98	29.12	93.9	27.67	29.12	88.0
21/06/2018 1:21:54 PM	3612396114	1013.00	28.19	29.12	83.8	27.65	29.12	88.1	26.96	29.12	94.1	27.66	29.12	88.0
21/06/2018 1:21:55 PM	3612396115	1013.00	28.18	29.12	83.9	27.61	29.12	88.5	26.98	29.12	93.9	27.63	29.12	88.3
21/06/2018 1:21:56 PM	3612396116	1013.00	28.18	29.12	83.9	27.62	29.12	88.4	26.98	29.12	93.9	27.69	29.12	87.8
21/06/2018 1:21:57 PM	3612396117	1013.00	28.18	29.13	83.9	27.62	29.13	88.4	26.94	29.13	94.2	27.69	29.13	87.8
21/06/2018 1:21:58 PM	3612396118	1013.00	28.22	29.13	83.6	27.63	29.13	88.3	26.97	29.13	94.0	27.67	29.13	87.9
21/06/2018 1:21:59 PM	3612396119	1013.00	28.20	29.13	83.7	27.68	29.13	87.9	26.99	29.13	93.8	27.73	29.13	87.5
21/06/2018 1:22:00 PM	3612396120	1013.00	28.20	29.13	83.7	27.63	29.13	88.3	26.93	29.13	94.3	27.71	29.13	87.6
21/06/2018 1:22:01 PM	3612396121	1013.00	28.19	29.12	83.8	27.64	29.12	88.2	26.99	29.12	93.8	27.72	29.12	87.5
21/06/2018 1:22:02 PM	3612396122	1013.00	28.21	29.13	83.6	27.66	29.13	88.0	27.00	29.13	93.7	27.70	29.13	87.7
21/06/2018 1:22:03 PM	3612396123	1013.00	28.21	29.13	83.6	27.65	29.13	88.1	26.95	29.13	94.1	27.75	29.13	87.3
21/06/2018 1:22:04 PM	3612396124	1013.00	28.25	29.14	83.3	27.66	29.14	88.0	27.03	29.14	93.4	27.77	29.14	87.1
21/06/2018 1:22:05 PM	3612396125	1013.00	28.22	29.14	83.5	27.70	29.14	87.7	27.03	29.14	93.4	27.72	29.14	87.5
21/06/2018 1:22:06 PM	3612396126	1013.00	28.19	29.14	83.8	27.67	29.14	87.9	27.00	29.14	93.7	27.66	29.14	88.0
21/06/2018 1:22:07 PM	3612396127	1013.00	28.23	29.14	83.5	27.67	29.14	87.9	26.95	29.14	94.1	27.74	29.14	87.4
21/06/2018 1:22:08 PM	3612396128	1013.00	28.23	29.13	83.5	27.63	29.13	88.3	27.02	29.13	93.5	27.76	29.13	87.2
21/06/2018 1:22:09 PM	3612396129	1013.00	28.22	29.14	83.5	27.70	29.14	87.7	26.97	29.14	93.9	27.74	29.14	87.4
21/06/2018 1:22:10 PM	3612396130	1013.00	28.23	29.14	83.5	27.63	29.14	88.3	27.00	29.14	93.7	27.77	29.14	87.1
21/06/2018 1:22:11 PM	3612396131	1013.00	28.24	29.14	83.4	27.64	29.14	88.2	27.00	29.14	93.7	27.76	29.14	87.2
21/06/2018 1:22:12 PM	3612396132	1013.00	28.24	29.13	83.4	27.69	29.13	87.8	26.97	29.13	94.0	27.76	29.13	87.2
21/06/2018 1:22:13 PM	3612396133	1013.00	28.27	29.13	83.2	27.65	29.13	88.1	27.03	29.13	93.4	27.73	29.13	87.5
21/06/2018 1:22:14 PM	3612396134	1013.00	28.27	29.13	83.2	27.64	29.13	88.2	26.97	29.13	94.0	27.78	29.13	87.0
21/06/2018 1:22:15 PM	3612396135	1013.00	28.32	29.13	82.8	27.69	29.13	87.8	27.02	29.13	93.5	27.69	29.13	87.8
21/06/2018 1:22:16 PM	3612396136	1013.00	28.29	29.13	83.0	27.66	29.13	88.0	27.03	29.13	93.4	27.74	29.13	87.4
21/06/2018 1:22:17 PM	3612396137	1013.00	28.31	29.13	82.9	27.68	29.13	87.9	27.02	29.13	93.5	27.77	29.13	87.1
21/06/2018 1:22:18 PM	3612396138	1013.00	28.28	29.13	83.1	27.71	29.13	87.6	26.98	29.13	93.9	27.79	29.13	87.0
21/06/2018 1:22:19 PM	3612396139	1013.00	28.28	29.14	83.1	27.69	29.14	87.8	26.97	29.14	93.9	27.81	29.14	86.8
21/06/2018 1:22:20 PM	3612396140	1013.00	28.30	29.14	82.9	27.67	29.14	87.9	27.02	29.14	93.5	27.80	29.14	86.9
21/06/2018 1:22:21 PM	3612396141	1013.00	28.32	29.14	82.8	27.64	29.14	88.2	27.02	29.14	93.5	27.80	29.14	86.9
21/06/2018 1:22:22 PM	3612396142	1013.00	28.31	29.14	82.8	27.74	29.14	87.4	27.07	29.14	93.1	27.85	29.14	86.5
21/06/2018 1:22:23 PM	3612396143	1013.00	28.30	29.13	82.9	27.70	29.13	87.7	27.08	29.13	93.0	27.80	29.13	86.9
21/06/2018 1:22:24 PM	3612396144	1013.00	28.32	29.13	82.8	27.67	29.13	87.9	26.98	29.13	93.9	27.82	29.13	86.7
21/06/2018 1:22:25 PM	3612396145	1013.00	28.31	29.12	82.9	27.66	29.12	88.0	27.00	29.12	93.7	27.79	29.12	87.0
21/06/2018 1:22:26 PM	3612396146	1013.00	28.32	29.12	82.8	27.73	29.12	87.5	27.00	29.12	93.7	27.81	29.12	86.8
21/06/2018 1:22:27 PM	3612396147	1013.00	28.33	29.12	82.7	27.66	29.12	88.0	27.03	29.12	93.4	27.80	29.12	86.9
21/06/2018 1:22:28 PM	3612396148	1013.00	28.38	29.12	82.3	27.74	29.12	87.4	26.99	29.12	93.8	27.79	29.12	87.0
21/06/2018 1:22:29 PM	3612396149	1013.00	28.35	29.13	82.6	27.71	29.13	87.6	26.96	29.13	94.0	27.81	29.13	86.8
21/06/2018 1:22:30 PM	3612396150	1013.00	28.34	29.13	82.6	27.73	29.13	87.5	27.04	29.13	93.3	27.79	29.13	87.0
21/06/2018 1:22:31 PM	3612396151	1013.00	28.34	29.13	82.6	27.69	29.13	87.8	27.01	29.13	93.6	27.81	29.13	86.8
21/06/2018 1:22:32 PM	3612396152	1013.00	28.36	29.13	82.5	27.70	29.13	87.7	27.01	29.13	93.6	27.85	29.13	86.5
21/06/2018 1:22:33 PM	3612396153	1013.00	28.36	29.14	82.5	27.76	29.14	87.2	27.01	29.14	93.6	27.88	29.14	86.2
21/06/2018 1:22:34 PM	3612396154	1013.00	28.34	29.14	82.6	27.71	29.14	87.6	27.03	29.14	93.4	27.85	29.14	86.5
21/06/2018 1:22:35 PM	3612396155	1013.00	28.36	29.14	82.5	27.73	29.14	87.4	27.02	29.14	93.5	27.81	29.14	86.8
21/06/2018 1:22:36 PM	3612396156	1013.00	28.37	29.13	82.4	27.72	29.13	87.5	26.98	29.13	93.9	27.82	29.13	86.7
21/06/2018 1:22:37 PM	3612396157	1013.00	28.39	29.14	82.2	27.77	29.14	87.1	27.02	29.14	93.5	27.81	29.14	86.8
21/06/2018 1:22:38 PM	3612396158	1013.00	28.38	29.14	82.3	27.77	29.14	87.1	26.96	29.14	94.0	27.82	29.14	86.7
21/06/2018 1:22:39 PM	3612396159	1013.00	28.43	29.13	81.9	27.78	29.13	87.0	27.02	29.13	93.5	27.89	29.13	86.2
21/06/2018 1:22:40 PM	3612396160	1013.00	28.37	29.13	82.4	27.80	29.13	86.9	27.02	29.13	93.5	27.86	29.13	86.4
21/06/2018 1:22:41 PM	3612396161	1013.00	28.40	29.14	82.2	27.81	29.14	86.8	27.01	29.14	93.6	27.86	29.14	86.4
21/06/2018 1:22:42 PM	3612396162	1013.00	28.40	29.14	82.2	27.85	29.14	86.5	27.05	29.14	93.2	27.89	29.14	86.1
21/06/2018 1:22:43 PM	3612396163	1013.00	28.38	29.14	82.3	27.81	29.14	86.8	26.99	29.14	93.8	27.89	29.14	86.1
21/06/2018 1:22:44 PM	3612396164	1013.00	28.41	29.14	82.1	27.80	29.14	86.9	27.00	29.14	93.7	27.88	29.14	86.2
21/06/2018 1:22:45 PM	3612396165	1013.00	28.40	29.13	82.2	27.80	29.13	86.9	27.00	29.13	93.7	27.87	29.13	86.3
21/06/2018 1:22:46 PM	3612396166	1013.00	28.42	29.13	82.0	27.80	29.13	86.9	27.06	29.13	93.2	27.90	29.13	86.1
21/06/2018 1:22:47 PM	3612396167	1013.00	28.44	29.13	81.9	27.84	29.13	86.6	27.03	29.13	93.4	27.86	29.13	86.4
21/06/2018 1:22:48 PM	3612396168	1013.00	28.41	29.13	82.1	27.85	29.13	86.5	27.01	29.13	93.6	27.90	29.13	86.1
21/06/2018 1:22:49 PM	3612396169	1013.00	28.43	29.13	81.9	27.90	29.13	86.1	27.03	29.13	93.4	27.89	29.13	86.2
21/06/2018 1:22:50 PM	3612396170	1013.00	28.41	29.13	82.1	27.83	29.13	86.6	27.05	29.13	93.2	27.88	29.13	86.2
21/06/2018 1:22:51 PM	3612396171	1013.00	28.40	29.13	82.2	27.90	29.13	86.1	26.99	29.13	93.8	27.88	29.13	86.2
21/06/2018 1:22:52 PM	3612396172	1013.00	28.42	29.13	82.0	27.88	29.13	86.2	27.10	29.13	92.8	27.91	29.13	86.0
21/06/2018 1:22:53 PM	3612396173	1013.00	28.42	29.13	82.0	27.85	29.13	86.5	27.04	29.13	93.3	27.88	29.13	86.2
21/06/2018 1:22:54 PM	3612396174	1013.00	28.39	29.13	82.2	27.86	29.13	86.4	27.06	29.13	93.2	27.91	29.13	86.0
21/06/2018 1:22:55 PM	3612396175	1013.00	28.40	29.13	82.2	27.82	29.13	86.7	27.04	29.13	93.3	27.89	29.13	86.2
21/06/2018 1:22:56 PM	3612396176	1013.00	28.42	29.13	82.0	27.88	29.13	86.2	27.03	29.13	93.4	27.90	29.13	86.1
21/06/2018 1:22:57 PM	3612396177	1013.00	28.45	29.13	81.8	27.85	29.13	86.5	27.05	29.13	93.2	27.89	29.13	86.2
21/06/2018 1:22:58 PM	3612396178	1013.00	28.43	29.13	81.9	27.92	29.13	85.9	27.03	29.13	93.4	27.90	29.13	86.1
21/06/2018 1:22:59 PM	3612396179	1013.00	28.47	29.13	81.6	27.86	29.13	86.4	27.09	29.13	92.9	27.96	29.13	85.6
21/06/2018 1:23:00 PM	3612396180	1013.00	28.45	29.14	81.8	27.92	29.14	85.9	27.07	29.14	93.1	27.93	29.14	85.8
21/06/2018 1:23:01 PM	3612396181	1013.00	28.43	29.14	81.9	27.88	29.14	86.2	27.10	29.14	92.8	27.92	29.14	85.9
21/06/2018 1:23:02 PM	3612396182	1013.00	28.50	29.14	81.4	27.94	29.14	85.7	27.04	29.14	93.3	27.96	29.14	85.6
21/06/2018 1:23:03 PM	3612396183	1013.00	28.49	29.14	81.5	27.93	29.14	85.8	27.06	29.14	93.1	27.95	29.14	85.7
21/06/2018 1:23:04 PM	3612396184	1013.00	28.47	29.14	81.6	27.88	29.14	86.2	27.03	29.14	93.4	27.96	29.14	85.6
21/06/2018 1:23:05 PM	3612396185	1013.00	28.49	29.14	81.5	27.94	29.14	85.7	27.09	29.14	92.9	27.97	29.14	85.5
21/06/2018 1:23:06 PM	3612396186	1013.00	28.52	29.14	81.3	27.91	29.14	86.0	27.09	29.14	92.9	28.05	29.14	84.9
21/06/2018 1:23:07 PM	3612396187	1013.00	28.44	29.14	81.9	27.89	29.14	86.1	27.05	29.14	93.2	27.97	29.14	85.5
21/06/2018 1:23:08 PM	3612396188	1013.00	28.47	29.14	81.6	27.92	29.14	85.9	27.07	29.14	93.1	28.01	29.14	85.2
21/06/2018 1:23:09 PM	3612396189	1013.00	28.49	29.14	81.5	27.88	29.14	86.2	27.09	29.14	92.9	28.00	29.14	85.3
21/06/2018 1:23:10 PM	3612396190	1013.00	28.50	29.13	81.4	27.98	29.13	85.4	27.15	29.13	92.4	28.00	29.13	85.3
21/06/2018 1:23:11 PM	3612396191	1013.00	28.48	29.13	81.6	27.96	29.13	85.6	27.11	29.13	92.7	28.02	29.13	85.1
21/06/2018 1:23:12 PM	3612396192	1013.00	28.48	29.13	81.6	27.93	29.13	85.8	27.04	29.13	93.3	28.01	29.13	85.2
21/06/2018 1:23:13 PM	3612396193	1013.00	28.51	29.13	81.3	27.94	29.13	85.8	27.06	29.13	93.2	28.03	29.13	85.0
21/06/2018 1:23:14 PM	3612396194	1013.00	28.50	29.13	81.4	27.86	29.13	86.4	27.11	29.13	92.7	28.04	29.13	85.0
21/06/2018 1:23:15 PM	3612396195	1013.00	28.49	29.13	81.5	27.88	29.13	86.2	27.10	29.13	92.8	28.04	29.13	85.0
21/06/2018 1:23:16 PM	3612396196	1013.00	28.55	29.14	81.0	27.90	29.14	86.1	27.06	29.14	93.1	28.12	29.14	84.3
21/06/2018 1:23:17 PM	3612396197	1013.00	28.55	29.13	81.0	27.94	29.13	85.8	27.12	29.13	92.6	28.01	29.13	85.2
21/06/2018 1:23:18 PM	3612396198	1013.00	28.56	29.14	81.0	27.93	29.14	85.8	27.07	29.14	93.1	28.06	29.14	84.8
21/06/2018 1:23:19 PM	3612396199	1013.00	28.52	29.14	81.3	27.93	29.14	85.8	27.09	29.14	92.9	28.05	29.14	84.9
21/06/2018 1:23:20 PM	3612396200	1013.00	28.53	29.14	81.2	27.97	29.14	85.5	27.06	29.14	93.1	28.04	29.14	84.9
21/06/2018 1:23:21 PM	3612396201	1013.00	28.54	29.14	81.1	27.98	29.14	85.4	27.05	29.14	93.2	28.04	29.14	84.9
21/06/2018 1:23:22 PM	3612396202	1013.00	28.54	29.14	81.1	27.94	29.14	85.7	27.08	29.14	93.0	28.08	29.14	84.6
21/06/2018 1:23:23 PM	3612396203	1013.00	28.55	29.14	81.0	27.98	29.14	85.4	27.08	29.14	93.0	28.02	29.14	85.1
21/06/2018 1:23:24 PM	3612396204	1013.00	28.50	29.14	81.4	27.94	29.14	85.7	27.12	29.14	92.6	27.98	29.14	85.4
21/06/2018 1:23:25 PM	3612396205	1013.00	28.55	29.13	81.0	27.94	29.13	85.8	27.14	29.13	92.5	28.01	29.13	85.2
21/06/2018 1:23:26 PM	3612396206	1013.00	28.54	29.14	81.1	27.89	29.14	86.1	27.06	29.14	93.1	28.02	29.14	85.1
21/06/2018 1:23:27 PM	3612396207	1013.00	28.58	29.13	80.8	27.91	29.13	86.0	27.08	29.13	93.0	28.02	29.13	85.1
21/06/2018 1:23:28 PM	3612396208	1013.00	28.60	29.13	80.7	27.93	29.13	85.8	27.15	29.13	92.4	28.06	29.13	84.8
21/06/2018 1:23:29 PM	3612396209	1013.00	28.55	29.13	81.0	27.94	29.13	85.8	27.19	29.13	92.0	28.06	29.13	84.8
21/06/2018 1:23:30 PM	3612396210	1013.00	28.57	29.14	80.9	27.93	29.14	85.8	27.11	29.14	92.7	28.02	29.14	85.1
21/06/2018 1:23:31 PM	3612396211	1013.00	28.58	29.13	80.8	27.95	29.13	85.7	27.14	29.13	92.5	28.05	29.13	84.9
21/06/2018 1:23:32 PM	3612396212	1013.00	28.57	29.14	80.9	27.92	29.14	85.9	27.16	29.14	92.3	28.13	29.14	84.2
21/06/2018 1:23:33 PM	3612396213	1013.00	28.59	29.14	80.7	27.94	29.14	85.7	27.13	29.14	92.5	28.09	29.14	84.6
21/06/2018 1:23:34 PM	3612396214	1013.00	28.57	29.14	80.9	27.98	29.14	85.4	27.18	29.14	92.1	28.10	29.14	84.5
21/06/2018 1:23:35 PM	3612396215	1013.00	28.59	29.14	80.7	27.95	29.14	85.7	27.08	29.14	93.0	28.05	29.14	84.9
21/06/2018 1:23:36 PM	3612396216	1013.00	28.56	29.14	81.0	27.94	29.14	85.7	27.11	29.14	92.7	28.10	29.14	84.5
21/06/2018 1:23:37 PM	3612396217	1013.00	28.58	29.14	80.8	27.97	29.14	85.5	27.08	29.14	93.0	28.15	29.14	84.1
21/06/2018 1:23:38 PM	3612396218	1013.00	28.62	29.14	80.5	27.94	29.14	85.7	27.15	29.14	92.3	28.15	29.14	84.1
21/06/2018 1:23:39 PM	3612396219	1013.00	28.57	29.14	80.9	27.98	29.14	85.4	27.12	29.14	92.6	28.11	29.14	84.4
21/06/2018 1:23:40 PM	3612396220	1013.00	28.57	29.14	80.9	27.97	29.14	85.5	27.13	29.14	92.5	28.11	29.14	84.4
21/06/2018 1:23:41 PM	3612396221	1013.00	28.60	29.14	80.7	27.96	29.14	85.6	27.11	29.14	92.7	28.17	29.14	83.9
21/06/2018 1:23:42 PM	3612396222	1013.00	28.54	29.14	81.1	27.97	29.14	85.5	27.17	29.14	92.2	28.16	29.14	84.0
21/06/2018 1:23:43 PM	3612396223	1013.00	28.56	29.14	81.0	28.03	29.14	85.0	27.11	29.14	92.7	28.15	29.14	84.1
21/06/2018 1:23:44 PM	3612396224	1013.00	28.56	29.14	81.0	27.97	29.14	85.5	27.14	29.14	92.4	28.16	29.14	84.0
21/06/2018 1:23:45 PM	3612396225	1013.00	28.59	29.14	80.7	28.01	29.14	85.2	27.10	29.14	92.8	28.12	29.14	84.3
21/06/2018 1:23:46 PM	3612396226	1013.00	28.59	29.13	80.7	27.96	29.13	85.6	27.08	29.13	93.0	28.13	29.13	84.3
21/06/2018 1:23:47 PM	3612396227	1013.00	28.60	29.13	80.7	28.00	29.13	85.3	27.10	29.13	92.8	28.14	29.13	84.2
21/06/2018 1:23:48 PM	3612396228	1013.00	28.57	29.13	80.9	28.02	29.13	85.1	27.14	29.13	92.5	28.18	29.13	83.9
21/06/2018 1:23:49 PM	3612396229	1013.00	28.64	29.13	80.4	28.01	29.13	85.2	27.19	29.13	92.0	28.20	29.13	83.7
21/06/2018 1:23:50 PM	3612396230	1013.00	28.62	29.13	80.5	27.96	29.13	85.6	27.13	29.13	92.5	28.13	29.13	84.3
21/06/2018 1:23:51 PM	3612396231	1013.00	28.61	29.13	80.6	27.96	29.13	85.6	27.13	29.13	92.5	28.15	29.13	84.1
21/06/2018 1:23:52 PM	3612396232	1013.00	28.58	29.13	80.8	28.01	29.13	85.2	27.12	29.13	92.6	28.19	29.13	83.8
21/06/2018 1:23:53 PM	3612396233	1013.00	28.60	29.13	80.7	27.96	29.13	85.6	27.19	29.13	92.0	28.18	29.13	83.9
21/06/2018 1:23:54 PM	3612396234	1013.00	28.61	29.13	80.6	28.00	29.13	85.3	27.17	29.13	92.2	28.17	29.13	83.9
21/06/2018 1:23:55 PM	3612396235	1013.00	28.62	29.13	80.5	27.93	29.13	85.8	27.15	29.13	92.4	28.17	29.13	83.9
21/06/2018 1:23:56 PM	3612396236	1013.00	28.65	29.13	80.3	27.95	29.13	85.7	27.14	29.13	92.5	28.17	29.13	83.9
21/06/2018 1:23:57 PM	3612396237	1013.00	28.64	29.13	80.4	27.96	29.13	85.6	27.15	29.13	92.4	28.22	29.13	83.6
21/06/2018 1:23:58 PM	3612396238	1013.00	28.62	29.13	80.5	28.04	29.13	85.0	27.13	29.13	92.5	28.18	29.13	83.9
21/06/2018 1:23:59 PM	3612396239	1013.00	28.62	29.14	80.5	28.01	29.14	85.2	27.15	29.14	92.3	28.19	29.14	83.8
21/06/2018 1:24:00 PM	3612396240	1013.00	28.64	29.14	80.4	28.02	29.14	85.1	27.19	29.14	92.0	28.20	29.14	83.7
21/06/2018 1:24:01 PM	3612396241	1013.00	28.63	29.14	80.4	27.98	29.14	85.4	27.18	29.14	92.1	28.17	29.14	83.9
21/06/2018 1:24:02 PM	3612396242	1013.00	28.67	29.14	80.1	27.97	29.14	85.5	27.18	29.14	92.1	28.22	29.14	83.5
21/06/2018 1:24:03 PM	3612396243	1013.00	28.65	29.13	80.3	28.02	29.13	85.1	27.16	29.13	92.3	28.17	29.13	83.9
21/06/2018 1:24:04 PM	3612396244	1013.00	28.67	29.13	80.2	27.99	29.13	85.4	27.18	29.13	92.1	28.24	29.13	83.4
21/06/2018 1:24:05 PM	3612396245	1013.00	28.62	29.13	80.5	27.95	29.13	85.7	27.18	29.13	92.1	28.25	29.13	83.3
21/06/2018 1:24:06 PM	3612396246	1013.00	28.65	29.13	80.3	27.99	29.13	85.4	27.18	29.13	92.1	28.21	29.13	83.6
21/06/2018 1:24:07 PM	3612396247	1013.00	28.69	29.13	80.0	28.01	29.13	85.2	27.13	29.13	92.5	28.22	29.13	83.6
21/06/2018 1:24:08 PM	3612396248	1013.00	28.70	29.13	79.9	28.04	29.13	85.0	27.24	29.13	91.6	28.16	29.13	84.0
21/06/2018 1:24:09 PM	3612396249	1013.00	28.73	29.14	79.7	27.99	29.14	85.3	27.19	29.14	92.0	28.16	29.14	84.0
21/06/2018 1:24:10 PM	3612396250	1013.00	28.67	29.14	80.1	28.05	29.14	84.9	27.19	29.14	92.0	28.17	29.14	83.9
21/06/2018 1:24:11 PM	3612396251	1013.00	28.66	29.13	80.2	27.98	29.13	85.4	27.19	29.13	92.0	28.22	29.13	83.6
21/06/2018 1:24:12 PM	3612396252	1013.00	28.70	29.14	79.9	28.07	29.14	84.7	27.16	29.14	92.3	28.19	29.14	83.8
21/06/2018 1:24:13 PM	3612396253	1013.00	28.71	29.13	79.9	28.03	29.13	85.0	27.16	29.13	92.3	28.25	29.13	83.3
21/06/2018 1:24:14 PM	3612396254	1013.00	28.66	29.13	80.2	27.99	29.13	85.4	27.24	29.13	91.6	28.19	29.13	83.8
21/06/2018 1:24:15 PM	3612396255	1013.00	28.67	29.13	80.2	28.01	29.13	85.2	27.16	29.13	92.3	28.22	29.13	83.6
21/06/2018 1:24:16 PM	3612396256	1013.00	28.70	29.13	79.9	28.07	29.13	84.7	27.25	29.13	91.5	28.25	29.13	83.3
21/06/2018 1:24:17 PM	3612396257	1013.00	28.71	29.13	79.9	28.04	29.13	85.0	27.16	29.13	92.3	28.19	29.13	83.8
21/06/2018 1:24:18 PM	3612396258	1013.00	28.69	29.14	80.0	28.02	29.14	85.1	27.22	29.14	91.7	28.17	29.14	83.9
21/06/2018 1:24:19 PM	3612396259	1013.00	28.66	29.14	80.2	28.02	29.14	85.1	27.22	29.14	91.7	28.20	29.14	83.7
21/06/2018 1:24:20 PM	3612396260	1013.00	28.72	29.14	79.8	28.04	29.14	84.9	27.20	29.14	91.9	28.24	29.14	83.4
21/06/2018 1:24:21 PM	3612396261	1013.00	28.71	29.13	79.9	28.12	29.13	84.3	27.16	29.13	92.3	28.20	29.13	83.7
21/06/2018 1:24:22 PM	3612396262	1013.00	28.73	29.13	79.7	28.04	29.13	85.0	27.21	29.13	91.8	28.26	29.13	83.2
21/06/2018 1:24:23 PM	3612396263	1013.00	28.74	29.13	79.6	28.06	29.13	84.8	27.24	29.13	91.6	28.23	29.13	83.5
21/06/2018 1:24:24 PM	3612396264	1013.00	28.72	29.12	79.8	28.06	29.12	84.8	27.23	29.12	91.7	28.23	29.12	83.5
21/06/2018 1:24:25 PM	3612396265	1013.00	28.72	29.12	79.8	28.09	29.12	84.6	27.18	29.12	92.1	28.28	29.12	83.1
21/06/2018 1:24:26 PM	3612396266	1013.00	28.70	29.12	79.9	28.02	29.12	85.1	27.25	29.12	91.5	28.25	29.12	83.3
21/06/2018 1:24:27 PM	3612396267	1013.00	28.72	29.13	79.8	28.04	29.13	85.0	27.27	29.13	91.3	28.24	29.13	83.4
21/06/2018 1:24:28 PM	3612396268	1013.00	28.72	29.12	79.8	28.06	29.12	84.8	27.24	29.12	91.6	28.24	29.12	83.4
21/06/2018 1:24:29 PM	3612396269	1013.00	28.75	29.13	79.6	28.05	29.13	84.9	27.25	29.13	91.5	28.25	29.13	83.3
21/06/2018 1:24:30 PM	3612396270	1013.00	28.74	29.13	79.6	28.07	29.13	84.7	27.23	29.13	91.7	28.23	29.13	83.5
21/06/2018 1:24:31 PM	3612396271	1013.00	28.72	29.13	79.8	28.11	29.13	84.4	27.17	29.13	92.2	28.26	29.13	83.2
21/06/2018 1:24:32 PM	3612396272	1013.00	28.73	29.13	79.7	28.04	29.13	85.0	27.29	29.13	91.1	28.29	29.13	83.0
21/06/2018 1:24:33 PM	3612396273	1013.00	28.73	29.13	79.7	28.04	29.13	85.0	27.26	29.13	91.4	28.30	29.13	82.9
21/06/2018 1:24:34 PM	3612396274	1013.00	28.75	29.13	79.6	28.07	29.13	84.7	27.23	29.13	91.7	28.27	29.13	83.2
21/06/2018 1:24:35 PM	3612396275	1013.00	28.76	29.13	79.5	28.06	29.13	84.8	27.21	29.13	91.8	28.30	29.13	82.9
21/06/2018 1:24:36 PM	3612396276	1013.00	28.79	29.12	79.3	28.10	29.12	84.5	27.22	29.12	91.8	28.28	29.12	83.1
21/06/2018 1:24:37 PM	3612396277	1013.00	28.75	29.12	79.6	28.06	29.12	84.8	27.23	29.12	91.7	28.36	29.12	82.5
21/06/2018 1:24:38 PM	3612396278	1013.00	28.76	29.13	79.5	28.05	29.13	84.9	27.24	29.13	91.6	28.30	29.13	82.9
21/06/2018 1:24:39 PM	3612396279	1013.00	28.78	29.13	79.4	28.13	29.13	84.3	27.22	29.13	91.8	28.28	29.13	83.1
21/06/2018 1:24:40 PM	3612396280	1013.00	28.73	29.13	79.7	28.08	29.13	84.6	27.27	29.13	91.3	28.26	29.13	83.2
21/06/2018 1:24:41 PM	3612396281	1013.00	28.82	29.13	79.1	28.09	29.13	84.6	27.22	29.13	91.8	28.31	29.13	82.9
21/06/2018 1:24:42 PM	3612396282	1013.00	28.79	29.13	79.3	28.04	29.13	85.0	27.26	29.13	91.4	28.29	29.13	83.0
21/06/2018 1:24:43 PM	3612396283	1013.00	28.80	29.13	79.2	28.07	29.13	84.7	27.21	29.13	91.8	28.36	29.13	82.5
21/06/2018 1:24:44 PM	3612396284	1013.00	28.79	29.13	79.3	28.02	29.13	85.1	27.24	29.13	91.6	28.31	29.13	82.9
21/06/2018 1:24:45 PM	3612396285	1013.00	28.79	29.13	79.3	28.07	29.13	84.7	27.32	29.13	90.9	28.33	29.13	82.7
21/06/2018 1:24:46 PM	3612396286	1013.00	28.80	29.13	79.2	28.05	29.13	84.9	27.29	29.13	91.1	28.36	29.13	82.5
21/06/2018 1:24:47 PM	3612396287	1013.00	28.81	29.13	79.1	28.07	29.13	84.7	27.28	29.13	91.2	28.31	29.13	82.9
21/06/2018 1:24:48 PM	3612396288	1013.00	28.82	29.14	79.0	28.11	29.14	84.4	27.31	29.14	91.0	28.30	29.14	82.9
21/06/2018 1:24:49 PM	3612396289	1013.00	28.80	29.13	79.2	28.09	29.13	84.6	27.30	29.13	91.1	28.39	29.13	82.2
21/06/2018 1:24:50 PM	3612396290	1013.00	28.86	29.13	78.8	28.04	29.13	85.0	27.26	29.13	91.4	28.32	29.13	82.8
21/06/2018 1:24:51 PM	3612396291	1013.00	28.81	29.14	79.1	28.08	29.14	84.6	27.31	29.14	91.0	28.36	29.14	82.5
21/06/2018 1:24:52 PM	3612396292	1013.00	28.83	29.13	79.0	28.09	29.13	84.6	27.30	29.13	91.1	28.38	29.13	82.3
21/06/2018 1:24:53 PM	3612396293	1013.00	28.80	29.13	79.2	28.09	29.13	84.6	27.24	29.13	91.6	28.37	29.13	82.4
21/06/2018 1:24:54 PM	3612396294	1013.00	28.83	29.13	79.0	28.13	29.13	84.3	27.31	29.13	91.0	28.37	29.13	82.4
21/06/2018 1:24:55 PM	3612396295	1013.00	28.87	29.13	78.7	28.06	29.13	84.8	27.27	29.13	91.3	28.42	29.13	82.0
21/06/2018 1:24:56 PM	3612396296	1013.00	28.87	29.13	78.7	28.10	29.13	84.5	27.29	29.13	91.1	28.35	29.13	82.6
21/06/2018 1:24:57 PM	3612396297	1013.00	28.87	29.13	78.7	28.11	29.13	84.4	27.32	29.13	90.9	28.33	29.13	82.7
21/06/2018 1:24:58 PM	3612396298	1013.00	28.85	29.13	78.8	28.18	29.13	83.9	27.27	29.13	91.3	28.44	29.13	81.9
21/06/2018 1:24:59 PM	3612396299	1013.00	28.88	29.13	78.6	28.17	29.13	83.9	27.25	29.13	91.5	28.42	29.13	82.0
21/06/2018 1:25:00 PM	3612396300	1013.00	28.88	29.13	78.6	28.13	29.13	84.3	27.27	29.13	91.3	28.36	29.13	82.5
21/06/2018 1:25:01 PM	3612396301	1013.00	28.83	29.13	79.0	28.16	29.13	84.0	27.33	29.13	90.8	28.45	29.13	81.8
21/06/2018 1:25:02 PM	3612396302	1013.00	28.89	29.13	78.6	28.15	29.13	84.1	27.32	29.13	90.9	28.42	29.13	82.0
21/06/2018 1:25:03 PM	3612396303	1013.00	28.92	29.13	78.3	28.17	29.13	83.9	27.36	29.13	90.5	28.42	29.13	82.0
21/06/2018 1:25:04 PM	3612396304	1013.00	28.92	29.14	78.3	28.20	29.14	83.7	27.32	29.14	90.9	28.39	29.14	82.2
21/06/2018 1:25:05 PM	3612396305	1013.00	28.87	29.13	78.7	28.12	29.13	84.3	27.32	29.13	90.9	28.37	29.13	82.4
21/06/2018 1:25:06 PM	3612396306	1013.00	28.88	29.13	78.6	28.22	29.13	83.6	27.23	29.13	91.7	28.47	29.13	81.6
21/06/2018 1:25:07 PM	3612396307	1013.00	28.89	29.13	78.6	28.16	29.13	84.0	27.30	29.13	91.1	28.45	29.13	81.8
21/06/2018 1:25:08 PM	3612396308	1013.00	28.88	29.13	78.6	28.10	29.13	84.5	27.32	29.13	90.9	28.40	29.13	82.2
21/06/2018 1:25:09 PM	3612396309	1013.00	28.89	29.13	78.6	28.10	29.13	84.5	27.33	29.13	90.8	28.48	29.13	81.6
21/06/2018 1:25:10 PM	3612396310	1013.00	28.94	29.13	78.2	28.20	29.13	83.7	27.28	29.13	91.2	28.43	29.13	81.9
21/06/2018 1:25:11 PM	3612396311	1013.00	28.90	29.13	78.5	28.15	29.13	84.1	27.26	29.13	91.4	28.38	29.13	82.3
21/06/2018 1:25:12 PM	3612396312	1013.00	28.91	29.14	78.4	28.22	29.14	83.5	27.26	29.14	91.4	28.44	29.14	81.9
21/06/2018 1:25:13 PM	3612396313	1013.00	28.93	29.14	78.3	28.24	29.14	83.4	27.30	29.14	91.0	28.45	29.14	81.8
21/06/2018 1:25:14 PM	3612396314	1013.00	28.94	29.14	78.2	28.22	29.14	83.5	27.28	29.14	91.2	28.45	29.14	81.8
21/06/2018 1:25:15 PM	3612396315	1013.00	28.91	29.13	78.4	28.17	29.13	83.9	27.31	29.13	91.0	28.45	29.13	81.8
21/06/2018 1:25:16 PM	3612396316	1013.00	28.95	29.13	78.1	28.20	29.13	83.7	27.30	29.13	91.1	28.46	29.13	81.7
21/06/2018 1:25:17 PM	3612396317	1013.00	28.94	29.13	78.2	28.22	29.13	83.6	27.38	29.13	90.4	28.44	29.13	81.9
21/06/2018 1:25:18 PM	3612396318	1013.00	28.95	29.13	78.1	28.20	29.13	83.7	27.31	29.13	91.0	28.49	29.13	81.5
21/06/2018 1:25:19 PM	3612396319	1013.00	28.96	29.13	78.1	28.18	29.13	83.9	27.28	29.13	91.2	28.48	29.13	81.6
21/06/2018 1:25:20 PM	3612396320	1013.00	28.96	29.13	78.1	28.20	29.13	83.7	27.32	29.13	90.9	28.46	29.13	81.7
21/06/2018 1:25:21 PM	3612396321	1013.00	28.97	29.13	78.0	28.18	29.13	83.9	27.32	29.13	90.9	28.45	29.13	81.8
21/06/2018 1:25:22 PM	3612396322	1013.00	28.98	29.13	77.9	28.21	29.13	83.6	27.31	29.13	91.0	28.48	29.13	81.6
21/06/2018 1:25:23 PM	3612396323	1013.00	28.94	29.13	78.2	28.23	29.13	83.5	27.33	29.13	90.8	28.52	29.13	81.3
21/06/2018 1:25:24 PM	3612396324	1013.00	28.97	29.13	78.0	28.20	29.13	83.7	27.42	29.13	90.0	28.47	29.13	81.6
21/06/2018 1:25:25 PM	3612396325	1013.00	29.00	29.13	77.8	28.31	29.13	82.9	27.36	29.13	90.5	28.55	29.13	81.0
21/06/2018 1:25:26 PM	3612396326	1013.00	29.00	29.12	77.8	28.26	29.12	83.3	27.38	29.12	90.4	28.52	29.12	81.3
21/06/2018 1:25:27 PM	3612396327	1013.00	28.96	29.13	78.1	28.24	29.13	83.4	27.30	29.13	91.1	28.45	29.13	81.8
21/06/2018 1:25:28 PM	3612396328	1013.00	29.02	29.13	77.6	28.23	29.13	83.5	27.35	29.13	90.6	28.50	29.13	81.4
21/06/2018 1:25:29 PM	3612396329	1013.00	28.99	29.13	77.8	28.24	29.13	83.4	27.27	29.13	91.3	28.49	29.13	81.5
21/06/2018 1:25:30 PM	3612396330	1013.00	28.99	29.13	77.8	28.23	29.13	83.5	27.30	29.13	91.1	28.50	29.13	81.4
21/06/2018 1:25:31 PM	3612396331	1013.00	29.00	29.14	77.8	28.25	29.14	83.3	27.30	29.14	91.0	28.52	29.14	81.3
21/06/2018 1:25:32 PM	3612396332	1013.00	28.99	29.14	77.8	28.22	29.14	83.5	27.36	29.14	90.5	28.51	29.14	81.3
21/06/2018 1:25:33 PM	3612396333	1013.00	29.03	29.14	77.5	28.23	29.14	83.5	27.35	29.14	90.6	28.52	29.14	81.3
21/06/2018 1:25:34 PM	3612396334	1013.00	29.04	29.14	77.5	28.29	29.14	83.0	27.36	29.14	90.5	28.50	29.14	81.4
21/06/2018 1:25:35 PM	3612396335	1013.00	28.98	29.14	77.9	28.23	29.14	83.5	27.35	29.14	90.6	28.55	29.14	81.0
21/06/2018 1:25:36 PM	3612396336	1013.00	29.02	29.13	77.6	28.25	29.13	83.3	27.38	29.13	90.4	28.50	29.13	81.4
21/06/2018 1:25:37 PM	3612396337	1013.00	29.03	29.13	77.6	28.29	29.13	83.0	27.33	29.13	90.8	28.56	29.13	81.0
21/06/2018 1:25:38 PM	3612396338	1013.00	29.00	29.12	77.8	28.25	29.12	83.3	27.31	29.12	91.0	28.56	29.12	81.0
21/06/2018 1:25:39 PM	3612396339	1013.00	29.01	29.13	77.7	28.22	29.13	83.6	27.35	29.13	90.6	28.55	29.13	81.0
21/06/2018 1:25:40 PM	3612396340	1013.00	29.02	29.12	77.6	28.23	29.12	83.5	27.31	29.12	91.0	28.54	29.12	81.1
21/06/2018 1:25:41 PM	3612396341	1013.00	29.04	29.13	77.5	28.25	29.13	83.3	27.36	29.13	90.5	28.52	29.13	81.3
21/06/2018 1:25:42 PM	3612396342	1013.00	29.04	29.13	77.5	28.26	29.13	83.2	27.34	29.13	90.7	28.59	29.13	80.7
21/06/2018 1:25:43 PM	3612396343	1013.00	29.04	29.13	77.5	28.27	29.13	83.2	27.37	29.13	90.5	28.57	29.13	80.9
21/06/2018 1:25:44 PM	3612396344	1013.00	29.02	29.13	77.6	28.23	29.13	83.5	27.38	29.13	90.4	28.57	29.13	80.9
21/06/2018 1:25:45 PM	3612396345	1013.00	29.08	29.13	77.2	28.27	29.13	83.2	27.33	29.13	90.8	28.56	29.13	81.0
21/06/2018 1:25:46 PM	3612396346	1013.00	29.04	29.13	77.5	28.21	29.13	83.6	27.37	29.13	90.5	28.57	29.13	80.9
21/06/2018 1:25:47 PM	3612396347	1013.00	29.07	29.13	77.3	28.26	29.13	83.2	27.32	29.13	90.9	28.59	29.13	80.7
21/06/2018 1:25:48 PM	3612396348	1013.00	29.07	29.13	77.3	28.30	29.13	82.9	27.37	29.13	90.5	28.53	29.13	81.2
21/06/2018 1:25:49 PM	3612396349	1013.00	29.02	29.14	77.6	28.24	29.14	83.4	27.36	29.14	90.5	28.58	29.14	80.8
21/06/2018 1:25:50 PM	3612396350	1013.00	29.06	29.14	77.3	28.22	29.14	83.5	27.41	29.14	90.1	28.58	29.14	80.8
21/06/2018 1:25:51 PM	3612396351	1013.00	29.08	29.14	77.2	28.30	29.14	82.9	27.31	29.14	91.0	28.66	29.14	80.2
21/06/2018 1:25:52 PM	3612396352	1013.00	29.07	29.14	77.3	28.24	29.14	83.4	27.37	29.14	90.4	28.60	29.14	80.7
21/06/2018 1:25:53 PM	3612396353	1013.00	29.08	29.13	77.2	28.30	29.13	82.9	27.33	29.13	90.8	28.60	29.13	80.7
21/06/2018 1:25:54 PM	3612396354	1013.00	29.07	29.14	77.3	28.27	29.14	83.2	27.35	29.14	90.6	28.57	29.14	80.9
21/06/2018 1:25:55 PM	3612396355	1013.00	29.06	29.14	77.3	28.29	29.14	83.0	27.31	29.14	91.0	28.63	29.14	80.4
21/06/2018 1:25:56 PM	3612396356	1013.00	29.06	29.14	77.3	28.31	29.14	82.8	27.39	29.14	90.3	28.59	29.14	80.7
21/06/2018 1:25:57 PM	3612396357	1013.00	29.04	29.14	77.5	28.30	29.14	82.9	27.38	29.14	90.4	28.57	29.14	80.9
21/06/2018 1:25:58 PM	3612396358	1013.00	29.10	29.13	77.1	28.31	29.13	82.9	27.35	29.13	90.6	28.63	29.13	80.5
21/06/2018 1:25:59 PM	3612396359	1013.00	29.03	29.14	77.5	28.27	29.14	83.2	27.40	29.14	90.2	28.65	29.14	80.3
21/06/2018 1:26:00 PM	3612396360	1013.00	29.08	29.14	77.2	28.29	29.14	83.0	27.35	29.14	90.6	28.62	29.14	80.5
21/06/2018 1:26:01 PM	3612396361	1013.00	29.07	29.14	77.3	28.29	29.14	83.0	27.35	29.14	90.6	28.62	29.14	80.5
21/06/2018 1:26:02 PM	3612396362	1013.00	29.08	29.14	77.2	28.31	29.14	82.8	27.34	29.14	90.7	28.54	29.14	81.1
21/06/2018 1:26:03 PM	3612396363	1013.00	29.06	29.14	77.3	28.27	29.14	83.2	27.38	29.14	90.4	28.58	29.14	80.8
21/06/2018 1:26:04 PM	3612396364	1013.00	29.08	29.14	77.2	28.28	29.14	83.1	27.37	29.14	90.4	28.61	29.14	80.6
21/06/2018 1:26:05 PM	3612396365	1013.00	29.05	29.14	77.4	28.32	29.14	82.8	27.43	29.14	89.9	28.58	29.14	80.8
21/06/2018 1:26:06 PM	3612396366	1013.00	29.08	29.14	77.2	28.30	29.14	82.9	27.43	29.14	89.9	28.61	29.14	80.6
21/06/2018 1:26:07 PM	3612396367	1013.00	29.05	29.14	77.4	28.28	29.14	83.1	27.40	29.14	90.2	28.57	29.14	80.9
21/06/2018 1:26:08 PM	3612396368	1013.00	29.11	29.14	77.0	28.27	29.14	83.2	27.42	29.14	90.0	28.59	29.14	80.7
21/06/2018 1:26:09 PM	3612396369	1013.00	29.08	29.14	77.2	28.29	29.14	83.0	27.42	29.14	90.0	28.64	29.14	80.4
21/06/2018 1:26:10 PM	3612396370	1013.00	29.08	29.14	77.2	28.33	29.14	82.7	27.39	29.14	90.3	28.61	29.14	80.6
21/06/2018 1:26:11 PM	3612396371	1013.00	29.06	29.14	77.3	28.34	29.14	82.6	27.41	29.14	90.1	28.65	29.14	80.3
21/06/2018 1:26:12 PM	3612396372	1013.00	29.05	29.14	77.4	28.35	29.14	82.5	27.41	29.14	90.1	28.65	29.14	80.3
21/06/2018 1:26:13 PM	3612396373	1013.00	29.04	29.13	77.5	28.32	29.13	82.8	27.44	29.13	89.9	28.66	29.13	80.2
21/06/2018 1:26:14 PM	3612396374	1013.00	29.05	29.13	77.4	28.31	29.13	82.9	27.39	29.13	90.3	28.65	29.13	80.3
21/06/2018 1:26:15 PM	3612396375	1013.00	29.13	29.13	76.9	28.29	29.13	83.0	27.43	29.13	90.0	28.68	29.13	80.1
21/06/2018 1:26:16 PM	3612396376	1013.00	29.11	29.13	77.0	28.30	29.13	82.9	27.43	29.13	90.0	28.62	29.13	80.5
21/06/2018 1:26:17 PM	3612396377	1013.00	29.12	29.13	76.9	28.26	29.13	83.2	27.45	29.13	89.8	28.62	29.13	80.5
21/06/2018 1:26:18 PM	3612396378	1013.00	29.07	29.14	77.3	28.35	29.14	82.5	27.43	29.14	89.9	28.59	29.14	80.7
21/06/2018 1:26:19 PM	3612396379	1013.00	29.10	29.14	77.1	28.33	29.14	82.7	27.44	29.14	89.9	28.61	29.14	80.6
21/06/2018 1:26:20 PM	3612396380	1013.00	29.08	29.13	77.2	28.29	29.13	83.0	27.44	29.13	89.9	28.65	29.13	80.3
21/06/2018 1:26:21 PM	3612396381	1013.00	29.08	29.14	77.2	28.31	29.14	82.8	27.42	29.14	90.0	28.62	29.14	80.5
21/06/2018 1:26:22 PM	3612396382	1013.00	29.13	29.14	76.8	28.30	29.14	82.9	27.45	29.14	89.8	28.66	29.14	80.2
21/06/2018 1:26:23 PM	3612396383	1013.00	29.08	29.14	77.2	28.35	29.14	82.5	27.39	29.14	90.3	28.64	29.14	80.4
21/06/2018 1:26:24 PM	3612396384	1013.00	29.11	29.14	77.0	28.32	29.14	82.8	27.44	29.14	89.9	28.64	29.14	80.4
21/06/2018 1:26:25 PM	3612396385	1013.00	29.08	29.15	77.2	28.35	29.15	82.5	27.48	29.15	89.5	28.63	29.15	80.4
21/06/2018 1:26:26 PM	3612396386	1013.00	29.11	29.14	77.0	28.34	29.14	82.6	27.47	29.14	89.6	28.68	29.14	80.1
21/06/2018 1:26:27 PM	3612396387	1013.00	29.13	29.14	76.8	28.32	29.14	82.8	27.46	29.14	89.7	28.63	29.14	80.4
21/06/2018 1:26:28 PM	3612396388	1013.00	29.09	29.14	77.1	28.33	29.14	82.7	27.44	29.14	89.9	28.66	29.14	80.2
21/06/2018 1:26:29 PM	3612396389	1013.00	29.14	29.14	76.8	28.31	29.14	82.8	27.46	29.14	89.7	28.69	29.14	80.0
21/06/2018 1:26:30 PM	3612396390	1013.00	29.13	29.14	76.8	28.35	29.14	82.5	27.47	29.14	89.6	28.63	29.14	80.4
21/06/2018 1:26:31 PM	3612396391	1013.00	29.12	29.14	76.9	28.33	29.14	82.7	27.45	29.14	89.8	28.59	29.14	80.7
21/06/2018 1:26:32 PM	3612396392	1013.00	29.16	29.14	76.6	28.33	29.14	82.7	27.46	29.14	89.7	28.66	29.14	80.2
21/06/2018 1:26:33 PM	3612396393	1013.00	29.12	29.14	76.9	28.30	29.14	82.9	27.43	29.14	89.9	28.64	29.14	80.4
21/06/2018 1:26:34 PM	3612396394	1013.00	29.13	29.13	76.9	28.27	29.13	83.2	27.39	29.13	90.3	28.63	29.13	80.5
21/06/2018 1:26:35 PM	3612396395	1013.00	29.14	29.13	76.8	28.36	29.13	82.5	27.48	29.13	89.5	28.66	29.13	80.2
21/06/2018 1:26:36 PM	3612396396	1013.00	29.13	29.13	76.9	28.38	29.13	82.3	27.50	29.13	89.4	28.63	29.13	80.5
21/06/2018 1:26:37 PM	3612396397	1013.00	29.13	29.14	76.8	28.38	29.14	82.3	27.45	29.14	89.8	28.67	29.14	80.1
21/06/2018 1:26:38 PM	3612396398	1013.00	29.15	29.13	76.7	28.42	29.13	82.0	27.45	29.13	89.8	28.61	29.13	80.6
21/06/2018 1:26:39 PM	3612396399	1013.00	29.16	29.14	76.6	28.40	29.14	82.2	27.52	29.14	89.2	28.66	29.14	80.2
21/06/2018 1:26:40 PM	3612396400	1013.00	29.15	29.14	76.7	28.35	29.14	82.5	27.41	29.14	90.1	28.64	29.14	80.4
21/06/2018 1:26:41 PM	3612396401	1013.00	29.12	29.14	76.9	28.39	29.14	82.2	27.53	29.14	89.1	28.61	29.14	80.6
21/06/2018 1:26:42 PM	3612396402	1013.00	29.12	29.13	76.9	28.46	29.13	81.7	27.42	29.13	90.0	28.63	29.13	80.5
21/06/2018 1:26:43 PM	3612396403	1013.00	29.18	29.13	76.5	28.47	29.13	81.6	27.46	29.13	89.7	28.62	29.13	80.5
21/06/2018 1:26:44 PM	3612396404	1013.00	29.15	29.13	76.7	28.47	29.13	81.6	27.49	29.13	89.4	28.69	29.13	80.0
21/06/2018 1:26:45 PM	3612396405	1013.00	29.20	29.13	76.4	28.43	29.13	81.9	27.45	29.13	89.8	28.67	29.13	80.2
21/06/2018 1:26:46 PM	3612396406	1013.00	29.14	29.13	76.8	28.47	29.13	81.6	27.47	29.13	89.6	28.66	29.13	80.2
21/06/2018 1:26:47 PM	3612396407	1013.00	29.15	29.14	76.7	28.44	29.14	81.9	27.51	29.14	89.3	28.66	29.14	80.2
21/06/2018 1:26:48 PM	3612396408	1013.00	29.16	29.14	76.6	28.43	29.14	81.9	27.46	29.14	89.7	28.65	29.14	80.3
21/06/2018 1:26:49 PM	3612396409	1013.00	29.20	29.14	76.4	28.43	29.14	81.9	27.51	29.14	89.3	28.65	29.14	80.3
21/06/2018 1:26:50 PM	3612396410	1013.00	29.20	29.15	76.3	28.38	29.15	82.3	27.42	29.15	90.0	28.68	29.15	80.1
21/06/2018 1:26:51 PM	3612396411	1013.00	29.22	29.14	76.2	28.48	29.14	81.6	27.47	29.14	89.6	28.67	29.14	80.1
21/06/2018 1:26:52 PM	3612396412	1013.00	29.21	29.14	76.3	28.50	29.14	81.4	27.48	29.14	89.5	28.71	29.14	79.8
21/06/2018 1:26:53 PM	3612396413	1013.00	29.23	29.13	76.2	28.44	29.13	81.9	27.47	29.13	89.6	28.69	29.13	80.0
21/06/2018 1:26:54 PM	3612396414	1013.00	29.23	29.13	76.2	28.47	29.13	81.6	27.46	29.13	89.7	28.74	29.13	79.6
21/06/2018 1:26:55 PM	3612396415	1013.00	29.22	29.12	76.2	28.49	29.12	81.5	27.46	29.12	89.7	28.68	29.12	80.1
21/06/2018 1:26:56 PM	3612396416	1013.00	29.24	29.13	76.1	28.40	29.13	82.2	27.50	29.13	89.4	28.70	29.13	79.9
21/06/2018 1:26:57 PM	3612396417	1013.00	29.24	29.13	76.1	28.41	29.13	82.1	27.48	29.13	89.5	28.69	29.13	80.0
21/06/2018 1:26:58 PM	3612396418	1013.00	29.22	29.13	76.2	28.44	29.13	81.9	27.47	29.13	89.6	28.68	29.13	80.1
21/06/2018 1:26:59 PM	3612396419	1013.00	29.25	29.13	76.0	28.42	29.13	82.0	27.52	29.13	89.2	28.73	29.13	79.7
21/06/2018 1:27:00 PM	3612396420	1013.00	29.25	29.13	76.0	28.47	29.13	81.6	27.53	29.13	89.1	28.73	29.13	79.7
21/06/2018 1:27:01 PM	3612396421	1013.00	29.24	29.13	76.1	28.46	29.13	81.7	27.54	29.13	89.0	28.70	29.13	79.9
21/06/2018 1:27:02 PM	3612396422	1013.00	29.21	29.13	76.3	28.38	29.13	82.3	27.52	29.13	89.2	28.75	29.13	79.6
21/06/2018 1:27:03 PM	3612396423	1013.00	29.25	29.13	76.0	28.45	29.13	81.8	27.49	29.13	89.4	28.74	29.13	79.6
21/06/2018 1:27:04 PM	3612396424	1013.00	29.21	29.13	76.3	28.44	29.13	81.9	27.56	29.13	88.9	28.74	29.13	79.6
21/06/2018 1:27:05 PM	3612396425	1013.00	29.25	29.13	76.0	28.49	29.13	81.5	27.53	29.13	89.1	28.84	29.13	78.9
21/06/2018 1:27:06 PM	3612396426	1013.00	29.27	29.13	75.9	28.45	29.13	81.8	27.53	29.13	89.1	28.76	29.13	79.5
21/06/2018 1:27:07 PM	3612396427	1013.00	29.27	29.14	75.9	28.49	29.14	81.5	27.54	29.14	89.0	28.78	29.14	79.3
21/06/2018 1:27:08 PM	3612396428	1013.00	29.23	29.13	76.2	28.50	29.13	81.4	27.51	29.13	89.3	28.77	29.13	79.4
21/06/2018 1:27:09 PM	3612396429	1013.00	29.24	29.13	76.1	28.43	29.13	81.9	27.57	29.13	88.8	28.73	29.13	79.7
21/06/2018 1:27:10 PM	3612396430	1013.00	29.26	29.13	76.0	28.55	29.13	81.0	27.54	29.13	89.0	28.72	29.13	79.8
21/06/2018 1:27:11 PM	3612396431	1013.00	29.25	29.13	76.0	28.51	29.13	81.3	27.50	29.13	89.4	28.75	29.13	79.6
21/06/2018 1:27:12 PM	3612396432	1013.00	29.27	29.13	75.9	28.52	29.13	81.3	27.50	29.13	89.4	28.68	29.13	80.1
21/06/2018 1:27:13 PM	3612396433	1013.00	29.30	29.13	75.7	28.55	29.13	81.0	27.56	29.13	88.9	28.80	29.13	79.2
21/06/2018 1:27:14 PM	3612396434	1013.00	29.32	29.13	75.5	28.55	29.13	81.0	27.54	29.13	89.0	28.75	29.13	79.6
21/06/2018 1:27:15 PM	3612396435	1013.00	29.33	29.13	75.5	28.52	29.13	81.3	27.53	29.13	89.1	28.76	29.13	79.5
21/06/2018 1:27:16 PM	3612396436	1013.00	29.35	29.13	75.3	28.50	29.13	81.4	27.55	29.13	88.9	28.78	29.13	79.4
21/06/2018 1:27:17 PM	3612396437	1013.00	29.29	29.14	75.7	28.47	29.14	81.6	27.55	29.14	88.9	28.81	29.14	79.1
21/06/2018 1:27:18 PM	3612396438	1013.00	29.34	29.13	75.4	28.54	29.13	81.1	27.58	29.13	88.7	28.78	29.13	79.4
21/06/2018 1:27:19 PM	3612396439	1013.00	29.33	29.13	75.5	28.52	29.13	81.3	27.57	29.13	88.8	28.76	29.13	79.5
21/06/2018 1:27:20 PM	3612396440	1013.00	29.30	29.13	75.7	28.56	29.13	81.0	27.61	29.13	88.4	28.78	29.13	79.4
21/06/2018 1:27:21 PM	3612396441	1013.00	29.33	29.13	75.5	28.53	29.13	81.2	27.56	29.13	88.9	28.83	29.13	79.0
21/06/2018 1:27:22 PM	3612396442	1013.00	29.35	29.13	75.3	28.52	29.13	81.3	27.52	29.13	89.2	28.74	29.13	79.6
21/06/2018 1:27:23 PM	3612396443	1013.00	29.35	29.14	75.3	28.51	29.14	81.3	27.59	29.14	88.6	28.81	29.14	79.1
21/06/2018 1:27:24 PM	3612396444	1013.00	29.36	29.13	75.3	28.52	29.13	81.3	27.57	29.13	88.8	28.81	29.13	79.1
21/06/2018 1:27:25 PM	3612396445	1013.00	29.39	29.14	75.0	28.51	29.14	81.3	27.54	29.14	89.0	28.81	29.14	79.1
21/06/2018 1:27:26 PM	3612396446	1013.00	29.36	29.14	75.3	28.54	29.14	81.1	27.52	29.14	89.2	28.80	29.14	79.2
21/06/2018 1:27:27 PM	3612396447	1013.00	29.40	29.14	75.0	28.52	29.14	81.3	27.60	29.14	88.5	28.74	29.14	79.6
21/06/2018 1:27:28 PM	3612396448	1013.00	29.38	29.14	75.1	28.50	29.14	81.4	27.51	29.14	89.3	28.87	29.14	78.7
21/06/2018 1:27:29 PM	3612396449	1013.00	29.37	29.14	75.2	28.53	29.14	81.2	27.53	29.14	89.1	28.86	29.14	78.8
21/06/2018 1:27:30 PM	3612396450	1013.00	29.39	29.14	75.0	28.53	29.14	81.2	27.58	29.14	88.7	28.79	29.14	79.3
21/06/2018 1:27:31 PM	3612396451	1013.00	29.41	29.13	74.9	28.48	29.13	81.6	27.58	29.13	88.7	28.82	29.13	79.1
21/06/2018 1:27:32 PM	3612396452	1013.00	29.38	29.13	75.1	28.49	29.13	81.5	27.56	29.13	88.9	28.81	29.13	79.1
21/06/2018 1:27:33 PM	3612396453	1013.00	29.42	29.13	74.9	28.55	29.13	81.0	27.57	29.13	88.8	28.85	29.13	78.8
21/06/2018 1:27:34 PM	3612396454	1013.00	29.43	29.13	74.8	28.53	29.13	81.2	27.58	29.13	88.7	28.78	29.13	79.4
21/06/2018 1:27:35 PM	3612396455	1013.00	29.44	29.13	74.7	28.57	29.13	80.9	27.58	29.13	88.7	28.81	29.13	79.1
21/06/2018 1:27:36 PM	3612396456	1013.00	29.41	29.13	74.9	28.53	29.13	81.2	27.56	29.13	88.9	28.82	29.13	79.1
21/06/2018 1:27:37 PM	3612396457	1013.00	29.43	29.13	74.8	28.58	29.13	80.8	27.55	29.13	88.9	28.83	29.13	79.0
21/06/2018 1:27:38 PM	3612396458	1013.00	29.44	29.13	74.7	28.58	29.13	80.8	27.52	29.13	89.2	28.80	29.13	79.2
21/06/2018 1:27:39 PM	3612396459	1013.00	29.46	29.13	74.6	28.60	29.13	80.7	27.60	29.13	88.5	28.85	29.13	78.8
21/06/2018 1:27:40 PM	3612396460	1013.00	29.44	29.14	74.7	28.61	29.14	80.6	27.57	29.14	88.8	28.85	29.14	78.8
21/06/2018 1:27:41 PM	3612396461	1013.00	29.47	29.14	74.5	28.57	29.14	80.9	27.60	29.14	88.5	28.87	29.14	78.7
21/06/2018 1:27:42 PM	3612396462	1013.00	29.42	29.14	74.8	28.57	29.14	80.9	27.57	29.14	88.8	28.82	29.14	79.0
21/06/2018 1:27:43 PM	3612396463	1013.00	29.44	29.14	74.7	28.58	29.14	80.8	27.53	29.14	89.1	28.82	29.14	79.0
21/06/2018 1:27:44 PM	3612396464	1013.00	29.46	29.14	74.6	28.63	29.14	80.4	27.58	29.14	88.7	28.86	29.14	78.8
21/06/2018 1:27:45 PM	3612396465	1013.00	29.42	29.13	74.9	28.63	29.13	80.5	27.61	29.13	88.4	28.83	29.13	79.0
21/06/2018 1:27:46 PM	3612396466	1013.00	29.48	29.13	74.5	28.56	29.13	81.0	27.59	29.13	88.6	28.84	29.13	78.9
21/06/2018 1:27:47 PM	3612396467	1013.00	29.47	29.13	74.5	28.60	29.13	80.7	27.64	29.13	88.2	28.81	29.13	79.1
21/06/2018 1:27:48 PM	3612396468	1013.00	29.47	29.13	74.5	28.57	29.13	80.9	27.60	29.13	88.5	28.83	29.13	79.0
21/06/2018 1:27:49 PM	3612396469	1013.00	29.48	29.13	74.5	28.60	29.13	80.7	27.61	29.13	88.4	28.88	29.13	78.6
21/06/2018 1:27:50 PM	3612396470	1013.00	29.46	29.13	74.6	28.61	29.13	80.6	27.60	29.13	88.5	28.82	29.13	79.1
21/06/2018 1:27:51 PM	3612396471	1013.00	29.48	29.14	74.4	28.55	29.14	81.0	27.59	29.14	88.6	28.86	29.14	78.8
21/06/2018 1:27:52 PM	3612396472	1013.00	29.45	29.13	74.7	28.60	29.13	80.7	27.58	29.13	88.7	28.89	29.13	78.6
21/06/2018 1:27:53 PM	3612396473	1013.00	29.47	29.13	74.5	28.64	29.13	80.4	27.63	29.13	88.3	28.89	29.13	78.6
21/06/2018 1:27:54 PM	3612396474	1013.00	29.49	29.13	74.4	28.66	29.13	80.2	27.61	29.13	88.4	28.91	29.13	78.4
21/06/2018 1:27:55 PM	3612396475	1013.00	29.46	29.13	74.6	28.61	29.13	80.6	27.64	29.13	88.2	28.93	29.13	78.3
21/06/2018 1:27:56 PM	3612396476	1013.00	29.44	29.13	74.7	28.65	29.13	80.3	27.57	29.13	88.8	28.94	29.13	78.2
21/06/2018 1:27:57 PM	3612396477	1013.00	29.48	29.13	74.5	28.64	29.13	80.4	27.62	29.13	88.4	28.86	29.13	78.8
21/06/2018 1:27:58 PM	3612396478	1013.00	29.51	29.14	74.2	28.68	29.14	80.1	27.63	29.14	88.3	28.93	29.14	78.3
21/06/2018 1:27:59 PM	3612396479	1013.00	29.48	29.13	74.5	28.69	29.13	80.0	27.63	29.13	88.3	28.87	29.13	78.7
21/06/2018 1:28:00 PM	3612396480	1013.00	29.49	29.14	74.4	28.69	29.14	80.0	27.61	29.14	88.4	28.92	29.14	78.3
21/06/2018 1:28:01 PM	3612396481	1013.00	29.49	29.14	74.4	28.72	29.14	79.8	27.63	29.14	88.3	28.90	29.14	78.5
21/06/2018 1:28:02 PM	3612396482	1013.00	29.45	29.14	74.6	28.66	29.14	80.2	27.66	29.14	88.0	28.89	29.14	78.5
21/06/2018 1:28:03 PM	3612396483	1013.00	29.45	29.14	74.6	28.68	29.14	80.1	27.68	29.14	87.8	28.94	29.14	78.2
21/06/2018 1:28:04 PM	3612396484	1013.00	29.49	29.14	74.4	28.68	29.14	80.1	27.68	29.14	87.8	28.88	29.14	78.6
21/06/2018 1:28:05 PM	3612396485	1013.00	29.49	29.14	74.4	28.68	29.14	80.1	27.63	29.14	88.3	28.94	29.14	78.2
21/06/2018 1:28:06 PM	3612396486	1013.00	29.46	29.14	74.6	28.68	29.14	80.1	27.69	29.14	87.8	28.93	29.14	78.3
21/06/2018 1:28:07 PM	3612396487	1013.00	29.49	29.14	74.4	28.66	29.14	80.2	27.70	29.14	87.7	28.96	29.14	78.0
21/06/2018 1:28:08 PM	3612396488	1013.00	29.45	29.14	74.6	28.70	29.14	79.9	27.66	29.14	88.0	28.92	29.14	78.3
21/06/2018 1:28:09 PM	3612396489	1013.00	29.51	29.15	74.2	28.71	29.15	79.8	27.63	29.15	88.2	28.95	29.15	78.1
21/06/2018 1:28:10 PM	3612396490	1013.00	29.48	29.15	74.4	28.72	29.15	79.8	27.69	29.15	87.8	28.98	29.15	77.9
21/06/2018 1:28:11 PM	3612396491	1013.00	29.49	29.15	74.4	28.65	29.15	80.3	27.65	29.15	88.1	28.93	29.15	78.2
21/06/2018 1:28:12 PM	3612396492	1013.00	29.55	29.14	74.0	28.66	29.14	80.2	27.72	29.14	87.5	28.96	29.14	78.0
21/06/2018 1:28:13 PM	3612396493	1013.00	29.51	29.14	74.2	28.67	29.14	80.1	27.66	29.14	88.0	29.04	29.14	77.5
21/06/2018 1:28:14 PM	3612396494	1013.00	29.51	29.13	74.2	28.68	29.13	80.1	27.67	29.13	87.9	29.02	29.13	77.6
21/06/2018 1:28:15 PM	3612396495	1013.00	29.54	29.13	74.0	28.75	29.13	79.6	27.69	29.13	87.8	28.93	29.13	78.3
21/06/2018 1:28:16 PM	3612396496	1013.00	29.52	29.13	74.2	28.69	29.13	80.0	27.70	29.13	87.7	28.99	29.13	77.8
21/06/2018 1:28:17 PM	3612396497	1013.00	29.54	29.13	74.0	28.72	29.13	79.8	27.74	29.13	87.4	29.03	29.13	77.6
21/06/2018 1:28:18 PM	3612396498	1013.00	29.53	29.14	74.1	28.70	29.14	79.9	27.70	29.14	87.7	28.93	29.14	78.3
21/06/2018 1:28:19 PM	3612396499	1013.00	29.53	29.14	74.1	28.75	29.14	79.6	27.71	29.14	87.6	28.99	29.14	77.8
21/06/2018 1:28:20 PM	3612396500	1013.00	29.53	29.14	74.1	28.74	29.14	79.6	27.69	29.14	87.8	28.97	29.14	78.0
21/06/2018 1:28:21 PM	3612396501	1013.00	29.56	29.15	73.9	28.72	29.15	79.8	27.67	29.15	87.9	28.98	29.15	77.9
21/06/2018 1:28:22 PM	3612396502	1013.00	29.54	29.14	74.0	28.71	29.14	79.8	27.68	29.14	87.8	29.02	29.14	77.6
21/06/2018 1:28:23 PM	3612396503	1013.00	29.56	29.14	73.9	28.75	29.14	79.6	27.69	29.14	87.8	28.97	29.14	78.0
21/06/2018 1:28:24 PM	3612396504	1013.00	29.56	29.14	73.9	28.78	29.14	79.3	27.68	29.14	87.8	28.96	29.14	78.0
21/06/2018 1:28:25 PM	3612396505	1013.00	29.55	29.14	74.0	28.75	29.14	79.6	27.73	29.14	87.4	28.96	29.14	78.0
21/06/2018 1:28:26 PM	3612396506	1013.00	29.56	29.14	73.9	28.77	29.14	79.4	27.66	29.14	88.0	29.01	29.14	77.7
21/06/2018 1:28:27 PM	3612396507	1013.00	29.52	29.14	74.2	28.79	29.14	79.3	27.73	29.14	87.4	29.01	29.14	77.7
21/06/2018 1:28:28 PM	3612396508	1013.00	29.53	29.14	74.1	28.76	29.14	79.5	27.65	29.14	88.1	29.02	29.14	77.6
21/06/2018 1:28:29 PM	3612396509	1013.00	29.57	29.14	73.8	28.82	29.14	79.0	27.74	29.14	87.4	29.05	29.14	77.4
21/06/2018 1:28:30 PM	3612396510	1013.00	29.56	29.14	73.9	28.77	29.14	79.4	27.67	29.14	87.9	29.01	29.14	77.7
21/06/2018 1:28:31 PM	3612396511	1013.00	29.58	29.14	73.8	28.78	29.14	79.3	27.70	29.14	87.7	29.07	29.14	77.3
21/06/2018 1:28:32 PM	3612396512	1013.00	29.52	29.14	74.2	28.73	29.14	79.7	27.73	29.14	87.4	29.08	29.14	77.2
21/06/2018 1:28:33 PM	3612396513	1013.00	29.56	29.14	73.9	28.82	29.14	79.0	27.72	29.14	87.5	29.07	29.14	77.3
21/06/2018 1:28:34 PM	3612396514	1013.00	29.57	29.14	73.8	28.74	29.14	79.6	27.68	29.14	87.8	29.08	29.14	77.2
21/06/2018 1:28:35 PM	3612396515	1013.00	29.56	29.14	73.9	28.73	29.14	79.7	27.71	29.14	87.6	29.12	29.14	76.9
21/06/2018 1:28:36 PM	3612396516	1013.00	29.54	29.14	74.0	28.77	29.14	79.4	27.70	29.14	87.7	29.13	29.14	76.8
21/06/2018 1:28:37 PM	3612396517	1013.00	29.56	29.14	73.9	28.74	29.14	79.6	27.72	29.14	87.5	29.09	29.14	77.1
21/06/2018 1:28:38 PM	3612396518	1013.00	29.57	29.14	73.8	28.80	29.14	79.2	27.67	29.14	87.9	29.12	29.14	76.9
21/06/2018 1:28:39 PM	3612396519	1013.00	29.57	29.14	73.8	28.76	29.14	79.5	27.73	29.14	87.4	29.16	29.14	76.6
21/06/2018 1:28:40 PM	3612396520	1013.00	29.56	29.13	73.9	28.71	29.13	79.9	27.78	29.13	87.0	29.18	29.13	76.5
21/06/2018 1:28:41 PM	3612396521	1013.00	29.64	29.13	73.4	28.78	29.13	79.4	27.74	29.13	87.4	29.17	29.13	76.6
21/06/2018 1:28:42 PM	3612396522	1013.00	29.63	29.13	73.4	28.80	29.13	79.2	27.74	29.13	87.4	29.14	29.13	76.8
21/06/2018 1:28:43 PM	3612396523	1013.00	29.64	29.14	73.4	28.72	29.14	79.8	27.75	29.14	87.3	29.20	29.14	76.4
21/06/2018 1:28:44 PM	3612396524	1013.00	29.61	29.14	73.6	28.75	29.14	79.6	27.77	29.14	87.1	29.16	29.14	76.6
21/06/2018 1:28:45 PM	3612396525	1013.00	29.65	29.14	73.3	28.73	29.14	79.7	27.76	29.14	87.2	29.19	29.14	76.4
21/06/2018 1:28:46 PM	3612396526	1013.00	29.65	29.14	73.3	28.76	29.14	79.5	27.74	29.14	87.4	29.20	29.14	76.4
21/06/2018 1:28:47 PM	3612396527	1013.00	29.68	29.14	73.1	28.81	29.14	79.1	27.76	29.14	87.2	29.21	29.14	76.3
21/06/2018 1:28:48 PM	3612396528	1013.00	29.67	29.14	73.2	28.80	29.14	79.2	27.72	29.14	87.5	29.24	29.14	76.1
21/06/2018 1:28:49 PM	3612396529	1013.00	29.66	29.14	73.2	28.73	29.14	79.7	27.74	29.14	87.4	29.23	29.14	76.1
21/06/2018 1:28:50 PM	3612396530	1013.00	29.68	29.14	73.1	28.79	29.14	79.3	27.69	29.14	87.8	29.23	29.14	76.1
21/06/2018 1:28:51 PM	3612396531	1013.00	29.65	29.14	73.3	28.82	29.14	79.0	27.77	29.14	87.1	29.28	29.14	75.8
21/06/2018 1:28:52 PM	3612396532	1013.00	29.65	29.14	73.3	28.80	29.14	79.2	27.78	29.14	87.0	29.22	29.14	76.2
21/06/2018 1:28:53 PM	3612396533	1013.00	29.68	29.14	73.1	28.73	29.14	79.7	27.79	29.14	86.9	29.25	29.14	76.0
21/06/2018 1:28:54 PM	3612396534	1013.00	29.67	29.14	73.2	28.85	29.14	78.8	27.80	29.14	86.9	29.27	29.14	75.9
21/06/2018 1:28:55 PM	3612396535	1013.00	29.65	29.14	73.3	28.76	29.14	79.5	27.76	29.14	87.2	29.30	29.14	75.7
21/06/2018 1:28:56 PM	3612396536	1013.00	29.69	29.13	73.1	28.81	29.13	79.1	27.76	29.13	87.2	29.28	29.13	75.8
21/06/2018 1:28:57 PM	3612396537	1013.00	29.68	29.14	73.1	28.79	29.14	79.3	27.72	29.14	87.5	29.24	29.14	76.1
21/06/2018 1:28:58 PM	3612396538	1013.00	29.70	29.14	73.0	28.78	29.14	79.3	27.74	29.14	87.4	29.30	29.14	75.7
21/06/2018 1:28:59 PM	3612396539	1013.00	29.72	29.14	72.8	28.80	29.14	79.2	27.72	29.14	87.5	29.28	29.14	75.8
21/06/2018 1:29:00 PM	3612396540	1013.00	29.67	29.14	73.2	28.81	29.14	79.1	27.81	29.14	86.8	29.28	29.14	75.8
21/06/2018 1:29:01 PM	3612396541	1013.00	29.70	29.14	73.0	28.77	29.14	79.4	27.77	29.14	87.1	29.30	29.14	75.7
21/06/2018 1:29:02 PM	3612396542	1013.00	29.68	29.14	73.1	28.75	29.14	79.6	27.81	29.14	86.8	29.32	29.14	75.5
21/06/2018 1:29:03 PM	3612396543	1013.00	29.69	29.14	73.0	28.84	29.14	78.9	27.77	29.14	87.1	29.33	29.14	75.5
21/06/2018 1:29:04 PM	3612396544	1013.00	29.71	29.14	72.9	28.79	29.14	79.3	27.79	29.14	86.9	29.35	29.14	75.3
21/06/2018 1:29:05 PM	3612396545	1013.00	29.72	29.14	72.8	28.79	29.14	79.3	27.76	29.14	87.2	29.31	29.14	75.6
21/06/2018 1:29:06 PM	3612396546	1013.00	29.70	29.14	73.0	28.76	29.14	79.5	27.82	29.14	86.7	29.34	29.14	75.4
