Date & time of file creation	21/06/2018 1:29 PM													
Data file path	C:\Users\ameli\Desktop\Diego Barneche\21_06_2018\29_C_new_witrox_15.txt													
														
														
CALIBRATION DATA														
Parameter/Channel	N moving average	LO phase [r.U.]	HI phase [r.U.]	LO oxygen [%air saturation]	HI oxygen [%air saturation]	LO temperature [°C]	HI temperature [°C]	Salinity [‰]						
SDWD0003000199      , CH 1	1	58.92	25.87	0.00	100.00	31.94	31.76	0.000						
SDWD0003000199      , CH 2	1	58.92	25.87	0.00	100.00	31.94	31.76	0.000						
SDWD0003000199      , CH 3	1	58.92	25.87	0.00	100.00	31.94	31.76	0.000						
SDWD0003000199      , CH 4	1	58.92	25.87	0.00	100.00	31.94	31.76	0.000						
														
														
Date &Time [DD-MM-YYYY HH:MM:SS]	Time stamp code	Barometric pressure [hPa]	SDWD0003000199      , CH 1 phase [r.U.]	SDWD0003000199      , CH 1 temp [°C]	SDWD0003000199      , CH 1 O2 [% air saturation]	SDWD0003000199      , CH 2 phase [r.U.]	SDWD0003000199      , CH 2 temp [°C]	SDWD0003000199      , CH 2 O2 [% air saturation]	SDWD0003000199      , CH 3 phase [r.U.]	SDWD0003000199      , CH 3 temp [°C]	SDWD0003000199      , CH 3 O2 [% air saturation]	SDWD0003000199      , CH 4 phase [r.U.]	SDWD0003000199      , CH 4 temp [°C]	SDWD0003000199      , CH 4 O2 [% air saturation]
21/06/2018 1:31:45 PM	3612396705	1013.00	25.86	29.14	104.6	25.92	29.14	103.9	25.92	29.14	103.9	26.01	29.14	103.0
21/06/2018 1:31:46 PM	3612396706	1013.00	25.84	29.14	104.8	25.93	29.14	103.8	25.95	29.14	103.6	25.98	29.14	103.3
21/06/2018 1:31:47 PM	3612396707	1013.00	25.85	29.14	104.7	25.93	29.14	103.8	25.92	29.14	103.9	25.99	29.14	103.2
21/06/2018 1:31:48 PM	3612396708	1013.00	25.80	29.14	105.2	25.93	29.14	103.8	25.92	29.14	103.9	26.00	29.14	103.1
21/06/2018 1:31:49 PM	3612396709	1013.00	25.88	29.14	104.4	25.90	29.14	104.1	25.89	29.14	104.3	26.02	29.14	102.9
21/06/2018 1:31:50 PM	3612396710	1013.00	25.86	29.14	104.6	25.95	29.14	103.6	25.93	29.14	103.8	25.99	29.14	103.2
21/06/2018 1:31:51 PM	3612396711	1013.00	25.89	29.14	104.3	25.91	29.14	104.0	25.90	29.14	104.1	26.00	29.14	103.1
21/06/2018 1:31:52 PM	3612396712	1013.00	25.89	29.14	104.3	25.94	29.14	103.7	25.92	29.14	103.9	25.97	29.14	103.4
21/06/2018 1:31:53 PM	3612396713	1013.00	25.86	29.14	104.6	25.94	29.14	103.7	25.91	29.14	104.0	26.00	29.14	103.1
21/06/2018 1:31:54 PM	3612396714	1013.00	25.82	29.14	105.0	25.95	29.14	103.6	25.92	29.14	103.9	25.99	29.14	103.2
21/06/2018 1:31:55 PM	3612396715	1013.00	25.90	29.13	104.2	25.90	29.13	104.2	25.93	29.13	103.9	26.00	29.13	103.2
21/06/2018 1:31:56 PM	3612396716	1013.00	25.86	29.14	104.6	25.92	29.14	103.9	25.97	29.14	103.4	25.98	29.14	103.3
21/06/2018 1:31:57 PM	3612396717	1013.00	25.89	29.13	104.3	25.93	29.13	103.9	25.93	29.13	103.9	26.01	29.13	103.1
21/06/2018 1:31:58 PM	3612396718	1013.00	25.91	29.14	104.0	25.96	29.14	103.5	25.91	29.14	104.0	26.04	29.14	102.7
21/06/2018 1:31:59 PM	3612396719	1013.00	25.89	29.14	104.3	25.91	29.14	104.0	25.95	29.14	103.6	26.00	29.14	103.1
21/06/2018 1:32:00 PM	3612396720	1013.00	25.89	29.14	104.3	25.91	29.14	104.0	25.92	29.14	103.9	26.01	29.14	103.0
21/06/2018 1:32:01 PM	3612396721	1013.00	25.88	29.14	104.4	25.93	29.14	103.8	25.90	29.14	104.1	26.00	29.14	103.1
21/06/2018 1:32:02 PM	3612396722	1013.00	25.87	29.14	104.5	25.92	29.14	103.9	25.91	29.14	104.0	26.01	29.14	103.0
21/06/2018 1:32:03 PM	3612396723	1013.00	25.90	29.13	104.2	25.96	29.13	103.6	25.92	29.13	104.0	26.00	29.13	103.2
21/06/2018 1:32:04 PM	3612396724	1013.00	25.87	29.14	104.5	25.93	29.14	103.8	25.93	29.14	103.8	26.02	29.14	102.9
21/06/2018 1:32:05 PM	3612396725	1013.00	25.89	29.14	104.3	25.95	29.14	103.6	25.91	29.14	104.0	26.00	29.14	103.1
21/06/2018 1:32:06 PM	3612396726	1013.00	25.87	29.13	104.5	25.94	29.13	103.8	25.94	29.13	103.8	26.00	29.13	103.2
21/06/2018 1:32:07 PM	3612396727	1013.00	25.86	29.13	104.6	25.92	29.13	104.0	25.92	29.13	104.0	25.97	29.13	103.5
21/06/2018 1:32:08 PM	3612396728	1013.00	25.88	29.13	104.4	25.90	29.13	104.2	25.94	29.13	103.8	26.00	29.13	103.2
21/06/2018 1:32:09 PM	3612396729	1013.00	25.87	29.13	104.5	25.95	29.13	103.7	25.92	29.13	104.0	26.01	29.13	103.1
21/06/2018 1:32:10 PM	3612396730	1013.00	25.86	29.13	104.6	25.91	29.13	104.1	25.95	29.13	103.7	25.99	29.13	103.3
21/06/2018 1:32:11 PM	3612396731	1013.00	25.92	29.13	104.0	25.95	29.13	103.7	25.93	29.13	103.9	25.99	29.13	103.3
21/06/2018 1:32:12 PM	3612396732	1013.00	25.84	29.13	104.8	25.93	29.13	103.9	25.95	29.13	103.7	26.01	29.13	103.1
21/06/2018 1:32:13 PM	3612396733	1013.00	25.87	29.13	104.5	25.90	29.13	104.2	25.95	29.13	103.7	26.00	29.13	103.2
21/06/2018 1:32:14 PM	3612396734	1013.00	25.83	29.13	104.9	25.91	29.13	104.1	25.94	29.13	103.8	26.02	29.13	103.0
21/06/2018 1:32:15 PM	3612396735	1013.00	25.88	29.14	104.4	25.85	29.14	104.7	25.95	29.14	103.6	26.00	29.14	103.1
21/06/2018 1:32:16 PM	3612396736	1013.00	25.90	29.14	104.1	25.88	29.14	104.4	25.98	29.14	103.3	26.00	29.14	103.1
21/06/2018 1:32:17 PM	3612396737	1013.00	25.89	29.14	104.3	25.95	29.14	103.6	25.96	29.14	103.5	26.02	29.14	102.9
21/06/2018 1:32:18 PM	3612396738	1013.00	25.89	29.13	104.3	25.94	29.13	103.8	25.91	29.13	104.1	26.01	29.13	103.1
21/06/2018 1:32:19 PM	3612396739	1013.00	25.91	29.14	104.0	25.93	29.14	103.8	25.95	29.14	103.6	26.01	29.14	103.0
21/06/2018 1:32:20 PM	3612396740	1013.00	25.87	29.13	104.5	25.95	29.13	103.7	25.92	29.13	104.0	25.99	29.13	103.3
21/06/2018 1:32:21 PM	3612396741	1013.00	25.83	29.13	104.9	25.87	29.13	104.5	25.92	29.13	104.0	26.00	29.13	103.2
21/06/2018 1:32:22 PM	3612396742	1013.00	25.84	29.14	104.8	25.95	29.14	103.6	25.93	29.14	103.8	26.02	29.14	102.9
21/06/2018 1:32:23 PM	3612396743	1013.00	25.89	29.14	104.3	25.95	29.14	103.6	25.95	29.14	103.6	25.97	29.14	103.4
21/06/2018 1:32:24 PM	3612396744	1013.00	25.87	29.14	104.5	25.89	29.14	104.3	25.95	29.14	103.6	26.00	29.14	103.1
21/06/2018 1:32:25 PM	3612396745	1013.00	25.87	29.14	104.5	25.92	29.14	103.9	25.99	29.14	103.2	25.98	29.14	103.3
21/06/2018 1:32:26 PM	3612396746	1013.00	25.85	29.13	104.7	25.97	29.13	103.5	25.94	29.13	103.8	25.99	29.13	103.3
21/06/2018 1:32:27 PM	3612396747	1013.00	25.88	29.13	104.4	26.00	29.13	103.2	25.95	29.13	103.7	25.96	29.13	103.6
21/06/2018 1:32:28 PM	3612396748	1013.00	25.90	29.13	104.2	25.95	29.13	103.7	25.97	29.13	103.5	26.00	29.13	103.2
21/06/2018 1:32:29 PM	3612396749	1013.00	25.86	29.13	104.6	25.96	29.13	103.6	25.97	29.13	103.5	26.00	29.13	103.2
21/06/2018 1:32:30 PM	3612396750	1013.00	25.90	29.13	104.2	25.96	29.13	103.6	25.96	29.13	103.6	26.02	29.13	103.0
21/06/2018 1:32:31 PM	3612396751	1013.00	25.85	29.13	104.7	25.99	29.13	103.3	25.95	29.13	103.7	26.00	29.13	103.2
21/06/2018 1:32:32 PM	3612396752	1013.00	25.88	29.13	104.4	26.00	29.13	103.2	25.99	29.13	103.3	26.00	29.13	103.2
21/06/2018 1:32:33 PM	3612396753	1013.00	25.84	29.13	104.8	26.00	29.13	103.2	25.97	29.13	103.5	26.00	29.13	103.2
21/06/2018 1:32:34 PM	3612396754	1013.00	25.91	29.13	104.1	25.95	29.13	103.7	25.97	29.13	103.5	26.03	29.13	102.9
21/06/2018 1:32:35 PM	3612396755	1013.00	25.90	29.14	104.1	25.91	29.14	104.0	25.99	29.14	103.2	26.02	29.14	102.9
21/06/2018 1:32:36 PM	3612396756	1013.00	25.90	29.14	104.1	25.94	29.14	103.7	25.99	29.14	103.2	26.00	29.14	103.1
21/06/2018 1:32:37 PM	3612396757	1013.00	25.95	29.14	103.6	25.98	29.14	103.3	26.01	29.14	103.0	26.01	29.14	103.0
21/06/2018 1:32:38 PM	3612396758	1013.00	25.93	29.14	103.8	25.92	29.14	103.9	25.98	29.14	103.3	26.00	29.14	103.1
21/06/2018 1:32:39 PM	3612396759	1013.00	25.88	29.13	104.4	25.93	29.13	103.9	25.96	29.13	103.6	26.03	29.13	102.9
21/06/2018 1:32:40 PM	3612396760	1013.00	25.95	29.13	103.7	25.96	29.13	103.6	25.97	29.13	103.5	26.02	29.13	103.0
21/06/2018 1:32:41 PM	3612396761	1013.00	25.88	29.13	104.4	26.00	29.13	103.2	25.95	29.13	103.7	26.02	29.13	103.0
21/06/2018 1:32:42 PM	3612396762	1013.00	25.88	29.13	104.4	25.96	29.13	103.6	25.99	29.13	103.3	26.02	29.13	103.0
21/06/2018 1:32:43 PM	3612396763	1013.00	25.86	29.13	104.6	25.93	29.13	103.9	26.01	29.13	103.1	26.02	29.13	103.0
21/06/2018 1:32:44 PM	3612396764	1013.00	25.88	29.13	104.4	25.95	29.13	103.7	25.99	29.13	103.3	26.00	29.13	103.2
21/06/2018 1:32:45 PM	3612396765	1013.00	25.93	29.13	103.9	25.97	29.13	103.5	25.99	29.13	103.3	26.00	29.13	103.2
21/06/2018 1:32:46 PM	3612396766	1013.00	25.83	29.14	104.9	25.93	29.14	103.8	25.98	29.14	103.3	26.05	29.14	102.6
21/06/2018 1:32:47 PM	3612396767	1013.00	25.88	29.14	104.4	25.94	29.14	103.7	26.01	29.14	103.0	26.02	29.14	102.9
21/06/2018 1:32:48 PM	3612396768	1013.00	25.86	29.14	104.6	25.94	29.14	103.7	26.00	29.14	103.1	26.03	29.14	102.8
21/06/2018 1:32:49 PM	3612396769	1013.00	25.88	29.14	104.4	25.93	29.14	103.8	26.00	29.14	103.1	26.02	29.14	102.9
21/06/2018 1:32:50 PM	3612396770	1013.00	25.88	29.14	104.4	25.94	29.14	103.7	26.00	29.14	103.1	26.01	29.14	103.0
21/06/2018 1:32:51 PM	3612396771	1013.00	25.89	29.14	104.3	25.91	29.14	104.0	25.99	29.14	103.2	26.01	29.14	103.0
21/06/2018 1:32:52 PM	3612396772	1013.00	25.88	29.14	104.4	25.97	29.14	103.4	25.98	29.14	103.3	26.02	29.14	102.9
21/06/2018 1:32:53 PM	3612396773	1013.00	25.92	29.14	103.9	25.94	29.14	103.7	25.99	29.14	103.2	26.01	29.14	103.0
21/06/2018 1:32:54 PM	3612396774	1013.00	25.92	29.13	104.0	25.94	29.13	103.8	26.01	29.13	103.1	26.05	29.13	102.7
21/06/2018 1:32:55 PM	3612396775	1013.00	25.89	29.13	104.3	25.95	29.13	103.7	26.02	29.13	103.0	26.02	29.13	103.0
21/06/2018 1:32:56 PM	3612396776	1013.00	25.86	29.13	104.6	25.97	29.13	103.5	26.03	29.13	102.9	26.03	29.13	102.9
21/06/2018 1:32:57 PM	3612396777	1013.00	25.91	29.13	104.1	25.98	29.13	103.4	26.01	29.13	103.1	26.01	29.13	103.1
21/06/2018 1:32:58 PM	3612396778	1013.00	25.90	29.13	104.2	25.93	29.13	103.9	26.03	29.13	102.9	26.02	29.13	103.0
21/06/2018 1:32:59 PM	3612396779	1013.00	25.90	29.13	104.2	26.00	29.13	103.2	26.04	29.13	102.8	26.01	29.13	103.1
21/06/2018 1:33:00 PM	3612396780	1013.00	25.89	29.13	104.3	25.95	29.13	103.7	26.03	29.13	102.9	26.02	29.13	103.0
21/06/2018 1:33:01 PM	3612396781	1013.00	25.88	29.13	104.4	25.94	29.13	103.8	26.02	29.13	103.0	26.06	29.13	102.6
21/06/2018 1:33:02 PM	3612396782	1013.00	25.91	29.13	104.1	25.98	29.13	103.4	26.04	29.13	102.8	26.03	29.13	102.9
21/06/2018 1:33:03 PM	3612396783	1013.00	25.90	29.13	104.2	25.97	29.13	103.5	26.02	29.13	103.0	26.01	29.13	103.1
21/06/2018 1:33:04 PM	3612396784	1013.00	25.89	29.13	104.3	25.95	29.13	103.7	26.04	29.13	102.8	26.02	29.13	103.0
21/06/2018 1:33:05 PM	3612396785	1013.00	25.91	29.13	104.1	25.99	29.13	103.3	26.04	29.13	102.8	26.03	29.13	102.9
21/06/2018 1:33:06 PM	3612396786	1013.00	25.86	29.13	104.6	25.92	29.13	104.0	26.05	29.13	102.7	26.04	29.13	102.8
21/06/2018 1:33:07 PM	3612396787	1013.00	25.85	29.13	104.7	25.93	29.13	103.9	26.01	29.13	103.1	26.02	29.13	103.0
21/06/2018 1:33:08 PM	3612396788	1013.00	25.84	29.13	104.8	26.02	29.13	103.0	26.02	29.13	103.0	26.04	29.13	102.8
21/06/2018 1:33:09 PM	3612396789	1013.00	25.91	29.13	104.1	25.98	29.13	103.4	26.01	29.13	103.1	26.02	29.13	103.0
21/06/2018 1:33:10 PM	3612396790	1013.00	25.97	29.13	103.5	25.98	29.13	103.4	26.09	29.13	102.3	26.05	29.13	102.7
21/06/2018 1:33:11 PM	3612396791	1013.00	25.89	29.13	104.3	25.99	29.13	103.3	26.05	29.13	102.7	26.01	29.13	103.1
21/06/2018 1:33:12 PM	3612396792	1013.00	25.90	29.13	104.2	25.94	29.13	103.8	26.05	29.13	102.7	26.02	29.13	103.0
21/06/2018 1:33:13 PM	3612396793	1013.00	25.91	29.13	104.1	25.93	29.13	103.9	26.04	29.13	102.8	26.05	29.13	102.7
21/06/2018 1:33:14 PM	3612396794	1013.00	25.90	29.13	104.2	25.96	29.13	103.6	26.07	29.13	102.5	26.04	29.13	102.8
21/06/2018 1:33:15 PM	3612396795	1013.00	25.89	29.12	104.3	26.01	29.12	103.1	26.05	29.12	102.7	26.06	29.12	102.6
21/06/2018 1:33:16 PM	3612396796	1013.00	25.88	29.13	104.4	25.95	29.13	103.7	26.07	29.13	102.5	26.03	29.13	102.9
21/06/2018 1:33:17 PM	3612396797	1013.00	25.91	29.12	104.1	25.97	29.12	103.5	26.07	29.12	102.5	26.06	29.12	102.6
21/06/2018 1:33:18 PM	3612396798	1013.00	25.90	29.13	104.2	25.99	29.13	103.3	26.07	29.13	102.5	26.02	29.13	103.0
21/06/2018 1:33:19 PM	3612396799	1013.00	25.85	29.12	104.7	25.95	29.12	103.7	26.09	29.12	102.3	26.06	29.12	102.6
21/06/2018 1:33:20 PM	3612396800	1013.00	25.94	29.13	103.8	26.02	29.13	103.0	26.05	29.13	102.7	26.06	29.13	102.6
21/06/2018 1:33:21 PM	3612396801	1013.00	25.91	29.13	104.1	26.03	29.13	102.9	26.06	29.13	102.6	26.03	29.13	102.9
21/06/2018 1:33:22 PM	3612396802	1013.00	25.89	29.13	104.3	25.99	29.13	103.3	26.11	29.13	102.1	26.04	29.13	102.8
21/06/2018 1:33:23 PM	3612396803	1013.00	25.93	29.13	103.9	25.96	29.13	103.6	26.11	29.13	102.1	26.07	29.13	102.5
21/06/2018 1:33:24 PM	3612396804	1013.00	25.88	29.13	104.4	26.06	29.13	102.6	26.10	29.13	102.2	26.06	29.13	102.6
21/06/2018 1:33:25 PM	3612396805	1013.00	25.89	29.12	104.3	26.03	29.12	102.9	26.11	29.12	102.1	26.05	29.12	102.7
21/06/2018 1:33:26 PM	3612396806	1013.00	25.85	29.13	104.7	25.99	29.13	103.3	26.12	29.13	102.0	26.06	29.13	102.6
21/06/2018 1:33:27 PM	3612396807	1013.00	25.91	29.12	104.1	25.98	29.12	103.4	26.10	29.12	102.2	26.07	29.12	102.5
21/06/2018 1:33:28 PM	3612396808	1013.00	25.90	29.13	104.2	25.96	29.13	103.6	26.09	29.13	102.3	26.09	29.13	102.3
21/06/2018 1:33:29 PM	3612396809	1013.00	25.94	29.13	103.8	25.98	29.13	103.4	26.08	29.13	102.4	26.05	29.13	102.7
21/06/2018 1:33:30 PM	3612396810	1013.00	25.88	29.13	104.4	26.07	29.13	102.5	26.08	29.13	102.4	26.09	29.13	102.3
21/06/2018 1:33:31 PM	3612396811	1013.00	25.91	29.13	104.1	26.02	29.13	103.0	26.11	29.13	102.1	26.07	29.13	102.5
21/06/2018 1:33:32 PM	3612396812	1013.00	25.89	29.13	104.3	26.02	29.13	103.0	26.12	29.13	102.0	26.05	29.13	102.7
21/06/2018 1:33:33 PM	3612396813	1013.00	25.94	29.13	103.8	25.99	29.13	103.3	26.09	29.13	102.3	26.07	29.13	102.5
21/06/2018 1:33:34 PM	3612396814	1013.00	25.94	29.12	103.8	25.98	29.12	103.4	26.12	29.12	102.0	26.05	29.12	102.7
21/06/2018 1:33:35 PM	3612396815	1013.00	25.92	29.13	104.0	25.99	29.13	103.3	26.12	29.13	102.0	26.06	29.13	102.6
21/06/2018 1:33:36 PM	3612396816	1013.00	25.91	29.13	104.1	26.04	29.13	102.8	26.09	29.13	102.3	26.09	29.13	102.3
21/06/2018 1:33:37 PM	3612396817	1013.00	25.92	29.13	104.0	26.04	29.13	102.8	26.11	29.13	102.1	26.09	29.13	102.3
21/06/2018 1:33:38 PM	3612396818	1013.00	25.96	29.13	103.6	26.01	29.13	103.1	26.14	29.13	101.8	26.11	29.13	102.1
21/06/2018 1:33:39 PM	3612396819	1013.00	25.89	29.13	104.3	26.01	29.13	103.1	26.13	29.13	101.9	26.08	29.13	102.4
21/06/2018 1:33:40 PM	3612396820	1013.00	25.90	29.12	104.2	25.95	29.12	103.7	26.15	29.12	101.7	26.07	29.12	102.5
21/06/2018 1:33:41 PM	3612396821	1013.00	25.92	29.12	104.0	26.03	29.12	102.9	26.12	29.12	102.0	26.08	29.12	102.4
21/06/2018 1:33:42 PM	3612396822	1013.00	25.89	29.12	104.3	25.97	29.12	103.5	26.13	29.12	101.9	26.09	29.12	102.3
21/06/2018 1:33:43 PM	3612396823	1013.00	25.97	29.13	103.5	26.02	29.13	103.0	26.14	29.13	101.8	26.11	29.13	102.1
21/06/2018 1:33:44 PM	3612396824	1013.00	25.93	29.13	103.9	26.00	29.13	103.2	26.14	29.13	101.8	26.12	29.13	102.0
21/06/2018 1:33:45 PM	3612396825	1013.00	25.90	29.13	104.2	26.06	29.13	102.6	26.17	29.13	101.5	26.09	29.13	102.3
21/06/2018 1:33:46 PM	3612396826	1013.00	25.94	29.13	103.8	26.04	29.13	102.8	26.16	29.13	101.6	26.10	29.13	102.2
21/06/2018 1:33:47 PM	3612396827	1013.00	25.92	29.14	103.9	26.04	29.14	102.7	26.13	29.14	101.8	26.09	29.14	102.2
21/06/2018 1:33:48 PM	3612396828	1013.00	25.97	29.14	103.4	25.97	29.14	103.4	26.15	29.14	101.6	26.10	29.14	102.1
21/06/2018 1:33:49 PM	3612396829	1013.00	25.98	29.13	103.4	26.05	29.13	102.7	26.13	29.13	101.9	26.11	29.13	102.1
21/06/2018 1:33:50 PM	3612396830	1013.00	25.95	29.13	103.7	26.01	29.13	103.1	26.16	29.13	101.6	26.10	29.13	102.2
21/06/2018 1:33:51 PM	3612396831	1013.00	25.96	29.13	103.6	26.04	29.13	102.8	26.16	29.13	101.6	26.10	29.13	102.2
21/06/2018 1:33:52 PM	3612396832	1013.00	25.91	29.13	104.1	26.02	29.13	103.0	26.21	29.13	101.1	26.09	29.13	102.3
21/06/2018 1:33:53 PM	3612396833	1013.00	25.95	29.13	103.7	26.06	29.13	102.6	26.15	29.13	101.7	26.10	29.13	102.2
21/06/2018 1:33:54 PM	3612396834	1013.00	25.88	29.13	104.4	26.04	29.13	102.8	26.17	29.13	101.5	26.12	29.13	102.0
21/06/2018 1:33:55 PM	3612396835	1013.00	25.93	29.13	103.9	26.02	29.13	103.0	26.16	29.13	101.6	26.13	29.13	101.9
21/06/2018 1:33:56 PM	3612396836	1013.00	25.94	29.13	103.8	26.00	29.13	103.2	26.15	29.13	101.7	26.08	29.13	102.4
21/06/2018 1:33:57 PM	3612396837	1013.00	25.92	29.12	104.0	26.06	29.12	102.6	26.18	29.12	101.4	26.09	29.12	102.3
21/06/2018 1:33:58 PM	3612396838	1013.00	25.97	29.12	103.5	26.03	29.12	102.9	26.19	29.12	101.3	26.10	29.12	102.2
21/06/2018 1:33:59 PM	3612396839	1013.00	25.93	29.12	103.9	26.13	29.12	101.9	26.20	29.12	101.2	26.12	29.12	102.0
21/06/2018 1:34:00 PM	3612396840	1013.00	25.95	29.12	103.7	26.06	29.12	102.6	26.18	29.12	101.4	26.11	29.12	102.1
21/06/2018 1:34:01 PM	3612396841	1013.00	25.91	29.12	104.1	26.08	29.12	102.4	26.19	29.12	101.3	26.12	29.12	102.0
21/06/2018 1:34:02 PM	3612396842	1013.00	25.94	29.13	103.8	26.03	29.13	102.9	26.14	29.13	101.8	26.08	29.13	102.4
21/06/2018 1:34:03 PM	3612396843	1013.00	25.95	29.13	103.7	26.10	29.13	102.2	26.18	29.13	101.4	26.11	29.13	102.1
21/06/2018 1:34:04 PM	3612396844	1013.00	25.97	29.13	103.5	26.03	29.13	102.9	26.19	29.13	101.3	26.13	29.13	101.9
21/06/2018 1:34:05 PM	3612396845	1013.00	25.97	29.13	103.5	26.07	29.13	102.5	26.20	29.13	101.2	26.10	29.13	102.2
21/06/2018 1:34:06 PM	3612396846	1013.00	25.95	29.13	103.7	26.03	29.13	102.9	26.19	29.13	101.3	26.12	29.13	102.0
21/06/2018 1:34:07 PM	3612396847	1013.00	25.92	29.13	104.0	25.98	29.13	103.4	26.20	29.13	101.2	26.12	29.13	102.0
21/06/2018 1:34:08 PM	3612396848	1013.00	25.97	29.13	103.5	26.02	29.13	103.0	26.21	29.13	101.1	26.11	29.13	102.1
21/06/2018 1:34:09 PM	3612396849	1013.00	25.97	29.13	103.5	26.04	29.13	102.8	26.17	29.13	101.5	26.13	29.13	101.9
21/06/2018 1:34:10 PM	3612396850	1013.00	25.97	29.13	103.5	26.03	29.13	102.9	26.19	29.13	101.3	26.13	29.13	101.9
21/06/2018 1:34:11 PM	3612396851	1013.00	25.95	29.13	103.7	26.04	29.13	102.8	26.21	29.13	101.1	26.15	29.13	101.7
21/06/2018 1:34:12 PM	3612396852	1013.00	25.95	29.13	103.7	26.05	29.13	102.7	26.21	29.13	101.1	26.11	29.13	102.1
21/06/2018 1:34:13 PM	3612396853	1013.00	25.96	29.14	103.5	26.12	29.14	101.9	26.20	29.14	101.2	26.11	29.14	102.0
21/06/2018 1:34:14 PM	3612396854	1013.00	25.96	29.13	103.6	26.05	29.13	102.7	26.21	29.13	101.1	26.13	29.13	101.9
21/06/2018 1:34:15 PM	3612396855	1013.00	25.97	29.13	103.5	26.04	29.13	102.8	26.24	29.13	100.8	26.14	29.13	101.8
21/06/2018 1:34:16 PM	3612396856	1013.00	25.99	29.13	103.3	26.07	29.13	102.5	26.22	29.13	101.0	26.15	29.13	101.7
21/06/2018 1:34:17 PM	3612396857	1013.00	25.98	29.14	103.3	26.08	29.14	102.3	26.23	29.14	100.9	26.11	29.14	102.0
21/06/2018 1:34:18 PM	3612396858	1013.00	25.95	29.13	103.7	26.07	29.13	102.5	26.23	29.13	100.9	26.15	29.13	101.7
21/06/2018 1:34:19 PM	3612396859	1013.00	25.96	29.13	103.6	26.06	29.13	102.6	26.21	29.13	101.1	26.13	29.13	101.9
21/06/2018 1:34:20 PM	3612396860	1013.00	25.96	29.13	103.6	26.05	29.13	102.7	26.24	29.13	100.8	26.13	29.13	101.9
21/06/2018 1:34:21 PM	3612396861	1013.00	25.97	29.13	103.5	26.09	29.13	102.3	26.24	29.13	100.8	26.14	29.13	101.8
21/06/2018 1:34:22 PM	3612396862	1013.00	25.98	29.13	103.4	26.08	29.13	102.4	26.22	29.13	101.0	26.14	29.13	101.8
21/06/2018 1:34:23 PM	3612396863	1013.00	25.96	29.13	103.6	26.10	29.13	102.2	26.23	29.13	100.9	26.16	29.13	101.6
21/06/2018 1:34:24 PM	3612396864	1013.00	26.02	29.13	103.0	26.12	29.13	102.0	26.24	29.13	100.8	26.13	29.13	101.9
21/06/2018 1:34:25 PM	3612396865	1013.00	25.98	29.13	103.4	26.10	29.13	102.2	26.23	29.13	100.9	26.12	29.13	102.0
21/06/2018 1:34:26 PM	3612396866	1013.00	25.94	29.13	103.8	26.08	29.13	102.4	26.25	29.13	100.7	26.16	29.13	101.6
21/06/2018 1:34:27 PM	3612396867	1013.00	25.97	29.13	103.5	26.09	29.13	102.3	26.27	29.13	100.5	26.16	29.13	101.6
21/06/2018 1:34:28 PM	3612396868	1013.00	25.95	29.13	103.7	26.03	29.13	102.9	26.25	29.13	100.7	26.15	29.13	101.7
21/06/2018 1:34:29 PM	3612396869	1013.00	26.02	29.13	103.0	26.08	29.13	102.4	26.26	29.13	100.6	26.14	29.13	101.8
21/06/2018 1:34:30 PM	3612396870	1013.00	25.98	29.14	103.3	26.12	29.14	101.9	26.25	29.14	100.7	26.18	29.14	101.4
21/06/2018 1:34:31 PM	3612396871	1013.00	25.98	29.14	103.3	26.07	29.14	102.4	26.26	29.14	100.6	26.16	29.14	101.5
21/06/2018 1:34:32 PM	3612396872	1013.00	25.97	29.13	103.5	26.12	29.13	102.0	26.25	29.13	100.7	26.15	29.13	101.7
21/06/2018 1:34:33 PM	3612396873	1013.00	26.02	29.13	103.0	26.09	29.13	102.3	26.24	29.13	100.8	26.18	29.13	101.4
21/06/2018 1:34:34 PM	3612396874	1013.00	26.03	29.13	102.9	26.12	29.13	102.0	26.25	29.13	100.7	26.15	29.13	101.7
21/06/2018 1:34:35 PM	3612396875	1013.00	26.00	29.13	103.2	26.15	29.13	101.7	26.25	29.13	100.7	26.17	29.13	101.5
21/06/2018 1:34:36 PM	3612396876	1013.00	25.98	29.13	103.4	26.15	29.13	101.7	26.24	29.13	100.8	26.16	29.13	101.6
21/06/2018 1:34:37 PM	3612396877	1013.00	26.06	29.13	102.6	26.13	29.13	101.9	26.27	29.13	100.5	26.15	29.13	101.7
21/06/2018 1:34:38 PM	3612396878	1013.00	26.04	29.13	102.8	26.08	29.13	102.4	26.24	29.13	100.8	26.17	29.13	101.5
21/06/2018 1:34:39 PM	3612396879	1013.00	25.98	29.13	103.4	26.07	29.13	102.5	26.25	29.13	100.7	26.14	29.13	101.8
21/06/2018 1:34:40 PM	3612396880	1013.00	26.02	29.13	103.0	26.08	29.13	102.4	26.26	29.13	100.6	26.17	29.13	101.5
21/06/2018 1:34:41 PM	3612396881	1013.00	25.98	29.13	103.4	26.12	29.13	102.0	26.25	29.13	100.7	26.17	29.13	101.5
21/06/2018 1:34:42 PM	3612396882	1013.00	25.97	29.12	103.5	26.11	29.12	102.1	26.24	29.12	100.8	26.18	29.12	101.4
21/06/2018 1:34:43 PM	3612396883	1013.00	26.00	29.13	103.2	26.09	29.13	102.3	26.26	29.13	100.6	26.17	29.13	101.5
21/06/2018 1:34:44 PM	3612396884	1013.00	26.01	29.12	103.1	26.16	29.12	101.6	26.29	29.12	100.3	26.19	29.12	101.3
21/06/2018 1:34:45 PM	3612396885	1013.00	25.99	29.12	103.3	26.13	29.12	101.9	26.29	29.12	100.3	26.19	29.12	101.3
21/06/2018 1:34:46 PM	3612396886	1013.00	26.04	29.13	102.8	26.15	29.13	101.7	26.26	29.13	100.6	26.20	29.13	101.2
21/06/2018 1:34:47 PM	3612396887	1013.00	26.02	29.13	103.0	26.12	29.13	102.0	26.28	29.13	100.4	26.17	29.13	101.5
21/06/2018 1:34:48 PM	3612396888	1013.00	26.01	29.13	103.1	26.10	29.13	102.2	26.28	29.13	100.4	26.22	29.13	101.0
21/06/2018 1:34:49 PM	3612396889	1013.00	26.03	29.13	102.9	26.12	29.13	102.0	26.29	29.13	100.3	26.19	29.13	101.3
21/06/2018 1:34:50 PM	3612396890	1013.00	26.03	29.13	102.9	26.15	29.13	101.7	26.31	29.13	100.1	26.20	29.13	101.2
21/06/2018 1:34:51 PM	3612396891	1013.00	26.05	29.13	102.7	26.12	29.13	102.0	26.31	29.13	100.1	26.19	29.13	101.3
21/06/2018 1:34:52 PM	3612396892	1013.00	25.97	29.13	103.5	26.15	29.13	101.7	26.27	29.13	100.5	26.18	29.13	101.4
21/06/2018 1:34:53 PM	3612396893	1013.00	25.99	29.14	103.2	26.11	29.14	102.0	26.29	29.14	100.3	26.19	29.14	101.3
21/06/2018 1:34:54 PM	3612396894	1013.00	26.03	29.14	102.8	26.13	29.14	101.8	26.28	29.14	100.4	26.20	29.14	101.2
21/06/2018 1:34:55 PM	3612396895	1013.00	26.00	29.14	103.1	26.12	29.14	101.9	26.30	29.14	100.2	26.22	29.14	101.0
21/06/2018 1:34:56 PM	3612396896	1013.00	25.99	29.14	103.2	26.16	29.14	101.5	26.30	29.14	100.2	26.22	29.14	101.0
21/06/2018 1:34:57 PM	3612396897	1013.00	25.99	29.14	103.2	26.12	29.14	101.9	26.30	29.14	100.2	26.21	29.14	101.1
21/06/2018 1:34:58 PM	3612396898	1013.00	26.02	29.14	102.9	26.19	29.14	101.3	26.32	29.14	100.0	26.20	29.14	101.2
21/06/2018 1:34:59 PM	3612396899	1013.00	26.04	29.14	102.7	26.14	29.14	101.7	26.33	29.14	99.9	26.20	29.14	101.2
21/06/2018 1:35:00 PM	3612396900	1013.00	26.07	29.13	102.5	26.16	29.13	101.6	26.30	29.13	100.2	26.20	29.13	101.2
21/06/2018 1:35:01 PM	3612396901	1013.00	26.06	29.13	102.6	26.16	29.13	101.6	26.33	29.13	99.9	26.22	29.13	101.0
21/06/2018 1:35:02 PM	3612396902	1013.00	26.03	29.13	102.9	26.13	29.13	101.9	26.32	29.13	100.0	26.18	29.13	101.4
21/06/2018 1:35:03 PM	3612396903	1013.00	26.03	29.13	102.9	26.14	29.13	101.8	26.32	29.13	100.0	26.22	29.13	101.0
21/06/2018 1:35:04 PM	3612396904	1013.00	26.06	29.14	102.5	26.19	29.14	101.3	26.33	29.14	99.9	26.23	29.14	100.9
21/06/2018 1:35:05 PM	3612396905	1013.00	26.04	29.14	102.7	26.12	29.14	101.9	26.35	29.14	99.7	26.20	29.14	101.2
21/06/2018 1:35:06 PM	3612396906	1013.00	26.07	29.13	102.5	26.16	29.13	101.6	26.33	29.13	99.9	26.25	29.13	100.7
21/06/2018 1:35:07 PM	3612396907	1013.00	26.07	29.13	102.5	26.14	29.13	101.8	26.38	29.13	99.4	26.23	29.13	100.9
21/06/2018 1:35:08 PM	3612396908	1013.00	26.05	29.13	102.7	26.17	29.13	101.5	26.33	29.13	99.9	26.23	29.13	100.9
21/06/2018 1:35:09 PM	3612396909	1013.00	26.08	29.13	102.4	26.14	29.13	101.8	26.33	29.13	99.9	26.21	29.13	101.1
21/06/2018 1:35:10 PM	3612396910	1013.00	26.10	29.13	102.2	26.14	29.13	101.8	26.35	29.13	99.7	26.24	29.13	100.8
21/06/2018 1:35:11 PM	3612396911	1013.00	26.07	29.13	102.5	26.18	29.13	101.4	26.34	29.13	99.8	26.25	29.13	100.7
21/06/2018 1:35:12 PM	3612396912	1013.00	26.07	29.13	102.5	26.16	29.13	101.6	26.33	29.13	99.9	26.22	29.13	101.0
21/06/2018 1:35:13 PM	3612396913	1013.00	26.06	29.13	102.6	26.15	29.13	101.7	26.37	29.13	99.5	26.23	29.13	100.9
21/06/2018 1:35:14 PM	3612396914	1013.00	26.06	29.13	102.6	26.15	29.13	101.7	26.35	29.13	99.7	26.21	29.13	101.1
21/06/2018 1:35:15 PM	3612396915	1013.00	26.05	29.13	102.7	26.13	29.13	101.9	26.33	29.13	99.9	26.24	29.13	100.8
21/06/2018 1:35:16 PM	3612396916	1013.00	26.06	29.13	102.6	26.15	29.13	101.7	26.36	29.13	99.6	26.23	29.13	100.9
21/06/2018 1:35:17 PM	3612396917	1013.00	26.07	29.13	102.5	26.15	29.13	101.7	26.38	29.13	99.4	26.24	29.13	100.8
21/06/2018 1:35:18 PM	3612396918	1013.00	26.08	29.13	102.4	26.21	29.13	101.1	26.38	29.13	99.4	26.27	29.13	100.5
21/06/2018 1:35:19 PM	3612396919	1013.00	26.07	29.14	102.4	26.19	29.14	101.3	26.35	29.14	99.7	26.25	29.14	100.7
21/06/2018 1:35:20 PM	3612396920	1013.00	26.07	29.14	102.4	26.18	29.14	101.4	26.37	29.14	99.5	26.25	29.14	100.7
21/06/2018 1:35:21 PM	3612396921	1013.00	26.05	29.13	102.7	26.17	29.13	101.5	26.36	29.13	99.6	26.24	29.13	100.8
21/06/2018 1:35:22 PM	3612396922	1013.00	26.09	29.14	102.2	26.11	29.14	102.0	26.35	29.14	99.7	26.27	29.14	100.5
21/06/2018 1:35:23 PM	3612396923	1013.00	26.04	29.14	102.7	26.21	29.14	101.1	26.38	29.14	99.4	26.26	29.14	100.6
21/06/2018 1:35:24 PM	3612396924	1013.00	26.01	29.13	103.1	26.15	29.13	101.7	26.38	29.13	99.4	26.25	29.13	100.7
21/06/2018 1:35:25 PM	3612396925	1013.00	26.10	29.13	102.2	26.19	29.13	101.3	26.37	29.13	99.5	26.28	29.13	100.4
21/06/2018 1:35:26 PM	3612396926	1013.00	26.04	29.14	102.7	26.17	29.14	101.4	26.36	29.14	99.6	26.27	29.14	100.5
21/06/2018 1:35:27 PM	3612396927	1013.00	26.09	29.13	102.3	26.20	29.13	101.2	26.34	29.13	99.8	26.26	29.13	100.6
21/06/2018 1:35:28 PM	3612396928	1013.00	26.08	29.13	102.4	26.16	29.13	101.6	26.39	29.13	99.3	26.27	29.13	100.5
21/06/2018 1:35:29 PM	3612396929	1013.00	26.04	29.13	102.8	26.16	29.13	101.6	26.38	29.13	99.4	26.29	29.13	100.3
21/06/2018 1:35:30 PM	3612396930	1013.00	26.10	29.13	102.2	26.17	29.13	101.5	26.40	29.13	99.2	26.30	29.13	100.2
21/06/2018 1:35:31 PM	3612396931	1013.00	26.08	29.13	102.4	26.21	29.13	101.1	26.40	29.13	99.2	26.25	29.13	100.7
21/06/2018 1:35:32 PM	3612396932	1013.00	26.12	29.13	102.0	26.20	29.13	101.2	26.37	29.13	99.5	26.26	29.13	100.6
21/06/2018 1:35:33 PM	3612396933	1013.00	26.08	29.13	102.4	26.18	29.13	101.4	26.44	29.13	98.9	26.29	29.13	100.3
21/06/2018 1:35:34 PM	3612396934	1013.00	26.06	29.13	102.6	26.16	29.13	101.6	26.40	29.13	99.2	26.26	29.13	100.6
21/06/2018 1:35:35 PM	3612396935	1013.00	26.05	29.12	102.7	26.22	29.12	101.0	26.41	29.12	99.2	26.28	29.12	100.4
21/06/2018 1:35:36 PM	3612396936	1013.00	26.06	29.12	102.6	26.19	29.12	101.3	26.39	29.12	99.3	26.30	29.12	100.2
21/06/2018 1:35:37 PM	3612396937	1013.00	26.08	29.12	102.4	26.20	29.12	101.2	26.44	29.12	98.9	26.28	29.12	100.4
21/06/2018 1:35:38 PM	3612396938	1013.00	26.07	29.13	102.5	26.15	29.13	101.7	26.45	29.13	98.8	26.30	29.13	100.2
21/06/2018 1:35:39 PM	3612396939	1013.00	26.04	29.13	102.8	26.21	29.13	101.1	26.44	29.13	98.9	26.29	29.13	100.3
21/06/2018 1:35:40 PM	3612396940	1013.00	26.05	29.14	102.6	26.21	29.14	101.1	26.43	29.14	98.9	26.29	29.14	100.3
21/06/2018 1:35:41 PM	3612396941	1013.00	26.07	29.14	102.4	26.23	29.14	100.9	26.42	29.14	99.0	26.30	29.14	100.2
21/06/2018 1:35:42 PM	3612396942	1013.00	26.09	29.14	102.2	26.19	29.14	101.3	26.42	29.14	99.0	26.29	29.14	100.3
21/06/2018 1:35:43 PM	3612396943	1013.00	26.08	29.14	102.3	26.22	29.14	101.0	26.44	29.14	98.8	26.30	29.14	100.2
21/06/2018 1:35:44 PM	3612396944	1013.00	26.12	29.14	101.9	26.19	29.14	101.3	26.43	29.14	98.9	26.29	29.14	100.3
21/06/2018 1:35:45 PM	3612396945	1013.00	26.12	29.14	101.9	26.22	29.14	101.0	26.48	29.14	98.5	26.31	29.14	100.1
21/06/2018 1:35:46 PM	3612396946	1013.00	26.08	29.14	102.3	26.18	29.14	101.4	26.41	29.14	99.1	26.31	29.14	100.1
21/06/2018 1:35:47 PM	3612396947	1013.00	26.07	29.14	102.4	26.23	29.14	100.9	26.42	29.14	99.0	26.28	29.14	100.4
21/06/2018 1:35:48 PM	3612396948	1013.00	26.06	29.14	102.5	26.22	29.14	101.0	26.43	29.14	98.9	26.30	29.14	100.2
21/06/2018 1:35:49 PM	3612396949	1013.00	26.06	29.14	102.5	26.23	29.14	100.9	26.46	29.14	98.6	26.31	29.14	100.1
21/06/2018 1:35:50 PM	3612396950	1013.00	26.05	29.14	102.6	26.19	29.14	101.3	26.45	29.14	98.7	26.33	29.14	99.9
21/06/2018 1:35:51 PM	3612396951	1013.00	26.08	29.14	102.3	26.21	29.14	101.1	26.46	29.14	98.6	26.33	29.14	99.9
21/06/2018 1:35:52 PM	3612396952	1013.00	26.10	29.14	102.1	26.26	29.14	100.6	26.49	29.14	98.4	26.31	29.14	100.1
21/06/2018 1:35:53 PM	3612396953	1013.00	26.09	29.14	102.2	26.19	29.14	101.3	26.45	29.14	98.7	26.29	29.14	100.3
21/06/2018 1:35:54 PM	3612396954	1013.00	26.13	29.14	101.8	26.22	29.14	101.0	26.47	29.14	98.5	26.30	29.14	100.2
21/06/2018 1:35:55 PM	3612396955	1013.00	26.12	29.14	101.9	26.18	29.14	101.4	26.48	29.14	98.5	26.29	29.14	100.3
21/06/2018 1:35:56 PM	3612396956	1013.00	26.11	29.14	102.0	26.23	29.14	100.9	26.46	29.14	98.6	26.32	29.14	100.0
21/06/2018 1:35:57 PM	3612396957	1013.00	26.09	29.14	102.2	26.25	29.14	100.7	26.48	29.14	98.5	26.30	29.14	100.2
21/06/2018 1:35:58 PM	3612396958	1013.00	26.17	29.14	101.4	26.24	29.14	100.8	26.46	29.14	98.6	26.30	29.14	100.2
21/06/2018 1:35:59 PM	3612396959	1013.00	26.10	29.14	102.1	26.23	29.14	100.9	26.49	29.14	98.4	26.30	29.14	100.2
21/06/2018 1:36:00 PM	3612396960	1013.00	26.09	29.14	102.2	26.24	29.14	100.8	26.47	29.14	98.5	26.29	29.14	100.3
21/06/2018 1:36:01 PM	3612396961	1013.00	26.10	29.14	102.1	26.24	29.14	100.8	26.50	29.14	98.3	26.31	29.14	100.1
21/06/2018 1:36:02 PM	3612396962	1013.00	26.11	29.14	102.0	26.22	29.14	101.0	26.49	29.14	98.4	26.33	29.14	99.9
21/06/2018 1:36:03 PM	3612396963	1013.00	26.14	29.14	101.7	26.27	29.14	100.5	26.47	29.14	98.5	26.35	29.14	99.7
21/06/2018 1:36:04 PM	3612396964	1013.00	26.05	29.14	102.6	26.26	29.14	100.6	26.48	29.14	98.5	26.32	29.14	100.0
21/06/2018 1:36:05 PM	3612396965	1013.00	26.08	29.14	102.3	26.24	29.14	100.8	26.51	29.14	98.2	26.32	29.14	100.0
21/06/2018 1:36:06 PM	3612396966	1013.00	26.13	29.15	101.8	26.20	29.15	101.1	26.49	29.15	98.3	26.31	29.15	100.1
21/06/2018 1:36:07 PM	3612396967	1013.00	26.13	29.15	101.8	26.23	29.15	100.8	26.49	29.15	98.3	26.33	29.15	99.9
21/06/2018 1:36:08 PM	3612396968	1013.00	26.12	29.15	101.9	26.27	29.15	100.5	26.51	29.15	98.2	26.32	29.15	100.0
21/06/2018 1:36:09 PM	3612396969	1013.00	26.10	29.14	102.1	26.21	29.14	101.1	26.53	29.14	98.0	26.34	29.14	99.8
21/06/2018 1:36:10 PM	3612396970	1013.00	26.10	29.14	102.1	26.26	29.14	100.6	26.52	29.14	98.1	26.34	29.14	99.8
21/06/2018 1:36:11 PM	3612396971	1013.00	26.11	29.14	102.0	26.29	29.14	100.3	26.52	29.14	98.1	26.33	29.14	99.9
21/06/2018 1:36:12 PM	3612396972	1013.00	26.15	29.13	101.7	26.28	29.13	100.4	26.52	29.13	98.1	26.33	29.13	99.9
21/06/2018 1:36:13 PM	3612396973	1013.00	26.14	29.14	101.7	26.24	29.14	100.8	26.51	29.14	98.2	26.35	29.14	99.7
21/06/2018 1:36:14 PM	3612396974	1013.00	26.11	29.14	102.0	26.20	29.14	101.2	26.52	29.14	98.1	26.34	29.14	99.8
21/06/2018 1:36:15 PM	3612396975	1013.00	26.12	29.14	101.9	26.26	29.14	100.6	26.52	29.14	98.1	26.33	29.14	99.9
21/06/2018 1:36:16 PM	3612396976	1013.00	26.11	29.14	102.0	26.25	29.14	100.7	26.50	29.14	98.3	26.36	29.14	99.6
21/06/2018 1:36:17 PM	3612396977	1013.00	26.11	29.14	102.0	26.32	29.14	100.0	26.54	29.14	97.9	26.34	29.14	99.8
21/06/2018 1:36:18 PM	3612396978	1013.00	26.06	29.14	102.5	26.31	29.14	100.1	26.52	29.14	98.1	26.34	29.14	99.8
21/06/2018 1:36:19 PM	3612396979	1013.00	26.08	29.14	102.3	26.27	29.14	100.5	26.54	29.14	97.9	26.36	29.14	99.6
21/06/2018 1:36:20 PM	3612396980	1013.00	26.12	29.14	101.9	26.32	29.14	100.0	26.52	29.14	98.1	26.33	29.14	99.9
21/06/2018 1:36:21 PM	3612396981	1013.00	26.09	29.14	102.2	26.30	29.14	100.2	26.53	29.14	98.0	26.37	29.14	99.5
21/06/2018 1:36:22 PM	3612396982	1013.00	26.19	29.14	101.3	26.32	29.14	100.0	26.54	29.14	97.9	26.37	29.14	99.5
21/06/2018 1:36:23 PM	3612396983	1013.00	26.13	29.14	101.8	26.31	29.14	100.1	26.57	29.14	97.6	26.37	29.14	99.5
21/06/2018 1:36:24 PM	3612396984	1013.00	26.18	29.14	101.4	26.26	29.14	100.6	26.54	29.14	97.9	26.36	29.14	99.6
21/06/2018 1:36:25 PM	3612396985	1013.00	26.13	29.14	101.8	26.32	29.14	100.0	26.56	29.14	97.7	26.36	29.14	99.6
21/06/2018 1:36:26 PM	3612396986	1013.00	26.14	29.14	101.7	26.28	29.14	100.4	26.54	29.14	97.9	26.35	29.14	99.7
21/06/2018 1:36:27 PM	3612396987	1013.00	26.18	29.14	101.4	26.32	29.14	100.0	26.56	29.14	97.7	26.33	29.14	99.9
21/06/2018 1:36:28 PM	3612396988	1013.00	26.13	29.14	101.8	26.30	29.14	100.2	26.55	29.14	97.8	26.39	29.14	99.3
21/06/2018 1:36:29 PM	3612396989	1013.00	26.15	29.15	101.6	26.29	29.15	100.3	26.57	29.15	97.6	26.37	29.15	99.5
21/06/2018 1:36:30 PM	3612396990	1013.00	26.12	29.15	101.9	26.27	29.15	100.5	26.61	29.15	97.2	26.37	29.15	99.5
21/06/2018 1:36:31 PM	3612396991	1013.00	26.18	29.14	101.4	26.32	29.14	100.0	26.57	29.14	97.6	26.37	29.14	99.5
21/06/2018 1:36:32 PM	3612396992	1013.00	26.17	29.14	101.4	26.31	29.14	100.1	26.62	29.14	97.1	26.38	29.14	99.4
21/06/2018 1:36:33 PM	3612396993	1013.00	26.13	29.14	101.8	26.30	29.14	100.2	26.60	29.14	97.3	26.37	29.14	99.5
21/06/2018 1:36:34 PM	3612396994	1013.00	26.11	29.14	102.0	26.26	29.14	100.6	26.59	29.14	97.4	26.40	29.14	99.2
21/06/2018 1:36:35 PM	3612396995	1013.00	26.13	29.14	101.8	26.35	29.14	99.7	26.60	29.14	97.3	26.38	29.14	99.4
21/06/2018 1:36:36 PM	3612396996	1013.00	26.17	29.15	101.4	26.30	29.15	100.2	26.59	29.15	97.4	26.38	29.15	99.4
21/06/2018 1:36:37 PM	3612396997	1013.00	26.16	29.15	101.5	26.33	29.15	99.9	26.61	29.15	97.2	26.40	29.15	99.2
21/06/2018 1:36:38 PM	3612396998	1013.00	26.16	29.15	101.5	26.32	29.15	100.0	26.58	29.15	97.5	26.38	29.15	99.4
21/06/2018 1:36:39 PM	3612396999	1013.00	26.18	29.15	101.3	26.27	29.15	100.5	26.63	29.15	97.0	26.38	29.15	99.4
21/06/2018 1:36:40 PM	3612397000	1013.00	26.12	29.15	101.9	26.32	29.15	100.0	26.59	29.15	97.4	26.40	29.15	99.2
21/06/2018 1:36:41 PM	3612397001	1013.00	26.19	29.15	101.2	26.32	29.15	100.0	26.59	29.15	97.4	26.39	29.15	99.3
21/06/2018 1:36:42 PM	3612397002	1013.00	26.14	29.15	101.7	26.31	29.15	100.1	26.60	29.15	97.3	26.39	29.15	99.3
21/06/2018 1:36:43 PM	3612397003	1013.00	26.18	29.15	101.3	26.32	29.15	100.0	26.62	29.15	97.1	26.39	29.15	99.3
21/06/2018 1:36:44 PM	3612397004	1013.00	26.16	29.15	101.5	26.38	29.15	99.4	26.61	29.15	97.2	26.41	29.15	99.1
21/06/2018 1:36:45 PM	3612397005	1013.00	26.13	29.14	101.8	26.32	29.14	100.0	26.63	29.14	97.0	26.41	29.14	99.1
21/06/2018 1:36:46 PM	3612397006	1013.00	26.17	29.14	101.4	26.34	29.14	99.8	26.61	29.14	97.2	26.41	29.14	99.1
21/06/2018 1:36:47 PM	3612397007	1013.00	26.19	29.15	101.2	26.32	29.15	100.0	26.64	29.15	96.9	26.42	29.15	99.0
21/06/2018 1:36:48 PM	3612397008	1013.00	26.20	29.15	101.1	26.33	29.15	99.9	26.64	29.15	96.9	26.41	29.15	99.1
21/06/2018 1:36:49 PM	3612397009	1013.00	26.14	29.15	101.7	26.36	29.15	99.6	26.63	29.15	97.0	26.41	29.15	99.1
21/06/2018 1:36:50 PM	3612397010	1013.00	26.21	29.15	101.0	26.38	29.15	99.4	26.63	29.15	97.0	26.42	29.15	99.0
21/06/2018 1:36:51 PM	3612397011	1013.00	26.21	29.15	101.0	26.31	29.15	100.1	26.63	29.15	97.0	26.40	29.15	99.2
21/06/2018 1:36:52 PM	3612397012	1013.00	26.16	29.15	101.5	26.33	29.15	99.9	26.65	29.15	96.8	26.42	29.15	99.0
21/06/2018 1:36:53 PM	3612397013	1013.00	26.15	29.15	101.6	26.32	29.15	100.0	26.62	29.15	97.1	26.39	29.15	99.3
21/06/2018 1:36:54 PM	3612397014	1013.00	26.17	29.15	101.4	26.31	29.15	100.1	26.64	29.15	96.9	26.41	29.15	99.1
21/06/2018 1:36:55 PM	3612397015	1013.00	26.23	29.15	100.8	26.32	29.15	100.0	26.65	29.15	96.8	26.44	29.15	98.8
21/06/2018 1:36:56 PM	3612397016	1013.00	26.17	29.15	101.4	26.33	29.15	99.9	26.66	29.15	96.7	26.43	29.15	98.9
21/06/2018 1:36:57 PM	3612397017	1013.00	26.19	29.15	101.2	26.34	29.15	99.8	26.67	29.15	96.7	26.42	29.15	99.0
21/06/2018 1:36:58 PM	3612397018	1013.00	26.19	29.16	101.2	26.28	29.16	100.3	26.63	29.16	97.0	26.44	29.16	98.8
21/06/2018 1:36:59 PM	3612397019	1013.00	26.20	29.15	101.1	26.31	29.15	100.1	26.68	29.15	96.6	26.42	29.15	99.0
21/06/2018 1:37:00 PM	3612397020	1013.00	26.18	29.15	101.3	26.28	29.15	100.4	26.67	29.15	96.7	26.42	29.15	99.0
21/06/2018 1:37:01 PM	3612397021	1013.00	26.20	29.15	101.1	26.34	29.15	99.8	26.66	29.15	96.7	26.40	29.15	99.2
21/06/2018 1:37:02 PM	3612397022	1013.00	26.21	29.15	101.0	26.40	29.15	99.2	26.69	29.15	96.5	26.42	29.15	99.0
21/06/2018 1:37:03 PM	3612397023	1013.00	26.23	29.14	100.9	26.31	29.14	100.1	26.68	29.14	96.6	26.43	29.14	98.9
21/06/2018 1:37:04 PM	3612397024	1013.00	26.20	29.14	101.2	26.38	29.14	99.4	26.71	29.14	96.3	26.44	29.14	98.8
21/06/2018 1:37:05 PM	3612397025	1013.00	26.22	29.14	101.0	26.31	29.14	100.1	26.70	29.14	96.4	26.42	29.14	99.0
21/06/2018 1:37:06 PM	3612397026	1013.00	26.17	29.14	101.4	26.37	29.14	99.5	26.69	29.14	96.5	26.41	29.14	99.1
21/06/2018 1:37:07 PM	3612397027	1013.00	26.20	29.14	101.2	26.34	29.14	99.8	26.68	29.14	96.6	26.43	29.14	98.9
21/06/2018 1:37:08 PM	3612397028	1013.00	26.18	29.14	101.4	26.34	29.14	99.8	26.67	29.14	96.7	26.43	29.14	98.9
21/06/2018 1:37:09 PM	3612397029	1013.00	26.18	29.14	101.4	26.38	29.14	99.4	26.68	29.14	96.6	26.44	29.14	98.8
21/06/2018 1:37:10 PM	3612397030	1013.00	26.19	29.14	101.3	26.32	29.14	100.0	26.68	29.14	96.6	26.44	29.14	98.8
21/06/2018 1:37:11 PM	3612397031	1013.00	26.18	29.14	101.4	26.39	29.14	99.3	26.72	29.14	96.2	26.45	29.14	98.7
21/06/2018 1:37:12 PM	3612397032	1013.00	26.22	29.14	101.0	26.32	29.14	100.0	26.72	29.14	96.2	26.42	29.14	99.0
21/06/2018 1:37:13 PM	3612397033	1013.00	26.17	29.14	101.4	26.37	29.14	99.5	26.70	29.14	96.4	26.43	29.14	98.9
21/06/2018 1:37:14 PM	3612397034	1013.00	26.23	29.14	100.9	26.42	29.14	99.0	26.69	29.14	96.5	26.44	29.14	98.8
21/06/2018 1:37:15 PM	3612397035	1013.00	26.18	29.14	101.4	26.38	29.14	99.4	26.74	29.14	96.0	26.45	29.14	98.7
21/06/2018 1:37:16 PM	3612397036	1013.00	26.27	29.14	100.5	26.38	29.14	99.4	26.77	29.14	95.8	26.44	29.14	98.8
21/06/2018 1:37:17 PM	3612397037	1013.00	26.26	29.14	100.6	26.38	29.14	99.4	26.73	29.14	96.1	26.46	29.14	98.6
21/06/2018 1:37:18 PM	3612397038	1013.00	26.22	29.14	101.0	26.43	29.14	98.9	26.74	29.14	96.0	26.49	29.14	98.4
21/06/2018 1:37:19 PM	3612397039	1013.00	26.24	29.14	100.8	26.36	29.14	99.6	26.72	29.14	96.2	26.46	29.14	98.6
21/06/2018 1:37:20 PM	3612397040	1013.00	26.22	29.13	101.0	26.35	29.13	99.7	26.78	29.13	95.7	26.45	29.13	98.8
21/06/2018 1:37:21 PM	3612397041	1013.00	26.26	29.13	100.6	26.33	29.13	99.9	26.75	29.13	96.0	26.45	29.13	98.8
21/06/2018 1:37:22 PM	3612397042	1013.00	26.26	29.14	100.6	26.41	29.14	99.1	26.74	29.14	96.0	26.46	29.14	98.6
21/06/2018 1:37:23 PM	3612397043	1013.00	26.22	29.14	101.0	26.39	29.14	99.3	26.72	29.14	96.2	26.46	29.14	98.6
21/06/2018 1:37:24 PM	3612397044	1013.00	26.23	29.14	100.9	26.38	29.14	99.4	26.77	29.14	95.8	26.46	29.14	98.6
21/06/2018 1:37:25 PM	3612397045	1013.00	26.21	29.14	101.1	26.35	29.14	99.7	26.75	29.14	95.9	26.46	29.14	98.6
21/06/2018 1:37:26 PM	3612397046	1013.00	26.26	29.14	100.6	26.44	29.14	98.8	26.77	29.14	95.8	26.45	29.14	98.7
21/06/2018 1:37:27 PM	3612397047	1013.00	26.27	29.14	100.5	26.43	29.14	98.9	26.75	29.14	95.9	26.47	29.14	98.5
21/06/2018 1:37:28 PM	3612397048	1013.00	26.20	29.14	101.2	26.37	29.14	99.5	26.78	29.14	95.7	26.47	29.14	98.5
21/06/2018 1:37:29 PM	3612397049	1013.00	26.26	29.14	100.6	26.39	29.14	99.3	26.75	29.14	95.9	26.47	29.14	98.5
21/06/2018 1:37:30 PM	3612397050	1013.00	26.26	29.14	100.6	26.44	29.14	98.8	26.76	29.14	95.8	26.51	29.14	98.2
21/06/2018 1:37:31 PM	3612397051	1013.00	26.29	29.15	100.3	26.43	29.15	98.9	26.78	29.15	95.6	26.47	29.15	98.5
21/06/2018 1:37:32 PM	3612397052	1013.00	26.24	29.14	100.8	26.43	29.14	98.9	26.80	29.14	95.5	26.51	29.14	98.2
21/06/2018 1:37:33 PM	3612397053	1013.00	26.33	29.14	99.9	26.41	29.14	99.1	26.80	29.14	95.5	26.52	29.14	98.1
21/06/2018 1:37:34 PM	3612397054	1013.00	26.28	29.14	100.4	26.47	29.14	98.5	26.79	29.14	95.6	26.47	29.14	98.5
21/06/2018 1:37:35 PM	3612397055	1013.00	26.25	29.14	100.7	26.43	29.14	98.9	26.80	29.14	95.5	26.48	29.14	98.5
21/06/2018 1:37:36 PM	3612397056	1013.00	26.27	29.14	100.5	26.48	29.14	98.5	26.79	29.14	95.6	26.49	29.14	98.4
21/06/2018 1:37:37 PM	3612397057	1013.00	26.27	29.14	100.5	26.34	29.14	99.8	26.81	29.14	95.4	26.46	29.14	98.6
21/06/2018 1:37:38 PM	3612397058	1013.00	26.25	29.14	100.7	26.47	29.14	98.5	26.81	29.14	95.4	26.48	29.14	98.5
21/06/2018 1:37:39 PM	3612397059	1013.00	26.27	29.14	100.5	26.44	29.14	98.8	26.80	29.14	95.5	26.51	29.14	98.2
21/06/2018 1:37:40 PM	3612397060	1013.00	26.32	29.15	100.0	26.45	29.15	98.7	26.77	29.15	95.7	26.49	29.15	98.3
21/06/2018 1:37:41 PM	3612397061	1013.00	26.31	29.15	100.1	26.45	29.15	98.7	26.81	29.15	95.4	26.49	29.15	98.3
21/06/2018 1:37:42 PM	3612397062	1013.00	26.29	29.15	100.3	26.43	29.15	98.9	26.82	29.15	95.3	26.46	29.15	98.6
21/06/2018 1:37:43 PM	3612397063	1013.00	26.26	29.15	100.6	26.47	29.15	98.5	26.84	29.15	95.1	26.52	29.15	98.1
21/06/2018 1:37:44 PM	3612397064	1013.00	26.34	29.14	99.8	26.46	29.14	98.6	26.81	29.14	95.4	26.50	29.14	98.3
21/06/2018 1:37:45 PM	3612397065	1013.00	26.28	29.14	100.4	26.52	29.14	98.1	26.86	29.14	94.9	26.48	29.14	98.5
21/06/2018 1:37:46 PM	3612397066	1013.00	26.34	29.13	99.8	26.43	29.13	98.9	26.82	29.13	95.3	26.51	29.13	98.2
21/06/2018 1:37:47 PM	3612397067	1013.00	26.29	29.13	100.3	26.48	29.13	98.5	26.85	29.13	95.0	26.53	29.13	98.0
21/06/2018 1:37:48 PM	3612397068	1013.00	26.29	29.13	100.3	26.48	29.13	98.5	26.85	29.13	95.0	26.48	29.13	98.5
21/06/2018 1:37:49 PM	3612397069	1013.00	26.36	29.14	99.6	26.46	29.14	98.6	26.83	29.14	95.2	26.52	29.14	98.1
21/06/2018 1:37:50 PM	3612397070	1013.00	26.35	29.14	99.7	26.46	29.14	98.6	26.86	29.14	94.9	26.47	29.14	98.5
21/06/2018 1:37:51 PM	3612397071	1013.00	26.31	29.15	100.1	26.45	29.15	98.7	26.81	29.15	95.4	26.51	29.15	98.2
21/06/2018 1:37:52 PM	3612397072	1013.00	26.34	29.15	99.8	26.45	29.15	98.7	26.86	29.15	94.9	26.50	29.15	98.2
21/06/2018 1:37:53 PM	3612397073	1013.00	26.31	29.15	100.1	26.47	29.15	98.5	26.87	29.15	94.8	26.49	29.15	98.3
21/06/2018 1:37:54 PM	3612397074	1013.00	26.33	29.15	99.9	26.43	29.15	98.9	26.87	29.15	94.8	26.51	29.15	98.2
21/06/2018 1:37:55 PM	3612397075	1013.00	26.32	29.15	100.0	26.47	29.15	98.5	26.86	29.15	94.9	26.53	29.15	98.0
21/06/2018 1:37:56 PM	3612397076	1013.00	26.39	29.14	99.3	26.47	29.14	98.5	26.84	29.14	95.1	26.51	29.14	98.2
21/06/2018 1:37:57 PM	3612397077	1013.00	26.29	29.14	100.3	26.45	29.14	98.7	26.86	29.14	94.9	26.52	29.14	98.1
21/06/2018 1:37:58 PM	3612397078	1013.00	26.30	29.14	100.2	26.45	29.14	98.7	26.85	29.14	95.0	26.50	29.14	98.3
21/06/2018 1:37:59 PM	3612397079	1013.00	26.37	29.14	99.5	26.49	29.14	98.4	26.87	29.14	94.8	26.50	29.14	98.3
21/06/2018 1:38:00 PM	3612397080	1013.00	26.32	29.14	100.0	26.55	29.14	97.8	26.89	29.14	94.7	26.53	29.14	98.0
21/06/2018 1:38:01 PM	3612397081	1013.00	26.33	29.14	99.9	26.49	29.14	98.4	26.90	29.14	94.6	26.48	29.14	98.5
21/06/2018 1:38:02 PM	3612397082	1013.00	26.37	29.14	99.5	26.45	29.14	98.7	26.89	29.14	94.7	26.52	29.14	98.1
21/06/2018 1:38:03 PM	3612397083	1013.00	26.36	29.15	99.6	26.51	29.15	98.2	26.90	29.15	94.6	26.52	29.15	98.1
21/06/2018 1:38:04 PM	3612397084	1013.00	26.30	29.15	100.2	26.48	29.15	98.4	26.92	29.15	94.4	26.51	29.15	98.2
21/06/2018 1:38:05 PM	3612397085	1013.00	26.33	29.16	99.9	26.48	29.16	98.4	26.91	29.16	94.4	26.51	29.16	98.1
21/06/2018 1:38:06 PM	3612397086	1013.00	26.35	29.15	99.7	26.49	29.15	98.3	26.94	29.15	94.2	26.51	29.15	98.2
21/06/2018 1:38:07 PM	3612397087	1013.00	26.36	29.15	99.6	26.42	29.15	99.0	26.95	29.15	94.1	26.55	29.15	97.8
21/06/2018 1:38:08 PM	3612397088	1013.00	26.42	29.15	99.0	26.43	29.15	98.9	26.92	29.15	94.4	26.50	29.15	98.2
21/06/2018 1:38:09 PM	3612397089	1013.00	26.35	29.15	99.7	26.48	29.15	98.4	26.92	29.15	94.4	26.51	29.15	98.2
21/06/2018 1:38:10 PM	3612397090	1013.00	26.36	29.14	99.6	26.50	29.14	98.3	26.91	29.14	94.5	26.53	29.14	98.0
21/06/2018 1:38:11 PM	3612397091	1013.00	26.34	29.15	99.8	26.48	29.15	98.4	26.93	29.15	94.3	26.52	29.15	98.1
21/06/2018 1:38:12 PM	3612397092	1013.00	26.42	29.15	99.0	26.50	29.15	98.2	26.92	29.15	94.4	26.54	29.15	97.9
21/06/2018 1:38:13 PM	3612397093	1013.00	26.33	29.14	99.9	26.45	29.14	98.7	26.94	29.14	94.2	26.52	29.14	98.1
21/06/2018 1:38:14 PM	3612397094	1013.00	26.35	29.14	99.7	26.50	29.14	98.3	26.92	29.14	94.4	26.52	29.14	98.1
21/06/2018 1:38:15 PM	3612397095	1013.00	26.38	29.14	99.4	26.53	29.14	98.0	26.95	29.14	94.1	26.54	29.14	97.9
21/06/2018 1:38:16 PM	3612397096	1013.00	26.35	29.14	99.7	26.43	29.14	98.9	26.91	29.14	94.5	26.54	29.14	97.9
21/06/2018 1:38:17 PM	3612397097	1013.00	26.35	29.14	99.7	26.52	29.14	98.1	26.92	29.14	94.4	26.55	29.14	97.8
21/06/2018 1:38:18 PM	3612397098	1013.00	26.43	29.14	98.9	26.57	29.14	97.6	26.93	29.14	94.3	26.55	29.14	97.8
21/06/2018 1:38:19 PM	3612397099	1013.00	26.40	29.14	99.2	26.54	29.14	97.9	26.95	29.14	94.1	26.54	29.14	97.9
21/06/2018 1:38:20 PM	3612397100	1013.00	26.41	29.14	99.1	26.51	29.14	98.2	26.95	29.14	94.1	26.57	29.14	97.6
21/06/2018 1:38:21 PM	3612397101	1013.00	26.40	29.15	99.2	26.55	29.15	97.8	26.96	29.15	94.0	26.55	29.15	97.8
21/06/2018 1:38:22 PM	3612397102	1013.00	26.38	29.15	99.4	26.53	29.15	98.0	26.98	29.15	93.8	26.55	29.15	97.8
21/06/2018 1:38:23 PM	3612397103	1013.00	26.36	29.15	99.6	26.51	29.15	98.2	26.96	29.15	94.0	26.55	29.15	97.8
21/06/2018 1:38:24 PM	3612397104	1013.00	26.34	29.15	99.8	26.59	29.15	97.4	26.95	29.15	94.1	26.56	29.15	97.7
21/06/2018 1:38:25 PM	3612397105	1013.00	26.43	29.15	98.9	26.59	29.15	97.4	26.94	29.15	94.2	26.55	29.15	97.8
21/06/2018 1:38:26 PM	3612397106	1013.00	26.46	29.15	98.6	26.46	29.15	98.6	26.98	29.15	93.8	26.58	29.15	97.5
21/06/2018 1:38:27 PM	3612397107	1013.00	26.34	29.15	99.8	26.55	29.15	97.8	26.96	29.15	94.0	26.58	29.15	97.5
21/06/2018 1:38:28 PM	3612397108	1013.00	26.40	29.15	99.2	26.51	29.15	98.2	26.99	29.15	93.7	26.52	29.15	98.1
21/06/2018 1:38:29 PM	3612397109	1013.00	26.40	29.15	99.2	26.55	29.15	97.8	26.98	29.15	93.8	26.58	29.15	97.5
21/06/2018 1:38:30 PM	3612397110	1013.00	26.44	29.15	98.8	26.55	29.15	97.8	26.96	29.15	94.0	26.55	29.15	97.8
21/06/2018 1:38:31 PM	3612397111	1013.00	26.35	29.15	99.7	26.52	29.15	98.1	26.99	29.15	93.7	26.58	29.15	97.5
21/06/2018 1:38:32 PM	3612397112	1013.00	26.38	29.15	99.4	26.56	29.15	97.7	26.97	29.15	93.9	26.55	29.15	97.8
21/06/2018 1:38:33 PM	3612397113	1013.00	26.39	29.15	99.3	26.53	29.15	98.0	26.98	29.15	93.8	26.59	29.15	97.4
21/06/2018 1:38:34 PM	3612397114	1013.00	26.41	29.15	99.1	26.56	29.15	97.7	26.98	29.15	93.8	26.57	29.15	97.6
21/06/2018 1:38:35 PM	3612397115	1013.00	26.41	29.15	99.1	26.54	29.15	97.9	26.99	29.15	93.7	26.58	29.15	97.5
21/06/2018 1:38:36 PM	3612397116	1013.00	26.43	29.15	98.9	26.56	29.15	97.7	26.99	29.15	93.7	26.59	29.15	97.4
21/06/2018 1:38:37 PM	3612397117	1013.00	26.45	29.15	98.7	26.56	29.15	97.7	27.00	29.15	93.7	26.53	29.15	98.0
21/06/2018 1:38:38 PM	3612397118	1013.00	26.42	29.15	99.0	26.50	29.15	98.2	27.00	29.15	93.7	26.57	29.15	97.6
21/06/2018 1:38:39 PM	3612397119	1013.00	26.37	29.15	99.5	26.62	29.15	97.1	27.00	29.15	93.7	26.57	29.15	97.6
21/06/2018 1:38:40 PM	3612397120	1013.00	26.43	29.15	98.9	26.56	29.15	97.7	26.99	29.15	93.7	26.57	29.15	97.6
21/06/2018 1:38:41 PM	3612397121	1013.00	26.42	29.15	99.0	26.53	29.15	98.0	27.00	29.15	93.7	26.59	29.15	97.4
21/06/2018 1:38:42 PM	3612397122	1013.00	26.42	29.15	99.0	26.55	29.15	97.8	26.99	29.15	93.7	26.56	29.15	97.7
21/06/2018 1:38:43 PM	3612397123	1013.00	26.38	29.15	99.4	26.56	29.15	97.7	26.98	29.15	93.8	26.56	29.15	97.7
21/06/2018 1:38:44 PM	3612397124	1013.00	26.45	29.15	98.7	26.62	29.15	97.1	27.04	29.15	93.3	26.57	29.15	97.6
21/06/2018 1:38:45 PM	3612397125	1013.00	26.40	29.15	99.2	26.59	29.15	97.4	27.02	29.15	93.5	26.58	29.15	97.5
21/06/2018 1:38:46 PM	3612397126	1013.00	26.42	29.15	99.0	26.55	29.15	97.8	27.00	29.15	93.7	26.57	29.15	97.6
21/06/2018 1:38:47 PM	3612397127	1013.00	26.43	29.16	98.9	26.51	29.16	98.1	27.03	29.16	93.4	26.55	29.16	97.8
21/06/2018 1:38:48 PM	3612397128	1013.00	26.40	29.16	99.2	26.57	29.16	97.6	27.00	29.16	93.6	26.61	29.16	97.2
21/06/2018 1:38:49 PM	3612397129	1013.00	26.44	29.16	98.8	26.55	29.16	97.8	27.04	29.16	93.3	26.56	29.16	97.7
21/06/2018 1:38:50 PM	3612397130	1013.00	26.42	29.17	99.0	26.56	29.17	97.6	27.04	29.17	93.3	26.57	29.17	97.6
21/06/2018 1:38:51 PM	3612397131	1013.00	26.45	29.17	98.7	26.56	29.17	97.6	27.03	29.17	93.4	26.60	29.17	97.3
21/06/2018 1:38:52 PM	3612397132	1013.00	26.43	29.17	98.9	26.55	29.17	97.7	27.03	29.17	93.4	26.58	29.17	97.5
21/06/2018 1:38:53 PM	3612397133	1013.00	26.45	29.17	98.7	26.57	29.17	97.6	27.07	29.17	93.0	26.59	29.17	97.4
21/06/2018 1:38:54 PM	3612397134	1013.00	26.46	29.18	98.6	26.56	29.18	97.6	27.06	29.18	93.1	26.62	29.18	97.1
21/06/2018 1:38:55 PM	3612397135	1013.00	26.51	29.17	98.1	26.58	29.17	97.5	27.05	29.17	93.2	26.58	29.17	97.5
21/06/2018 1:38:56 PM	3612397136	1013.00	26.43	29.17	98.9	26.57	29.17	97.6	27.06	29.17	93.1	26.61	29.17	97.2
21/06/2018 1:38:57 PM	3612397137	1013.00	26.42	29.17	99.0	26.56	29.17	97.6	27.07	29.17	93.0	26.60	29.17	97.3
21/06/2018 1:38:58 PM	3612397138	1013.00	26.42	29.17	99.0	26.59	29.17	97.4	27.06	29.17	93.1	26.59	29.17	97.4
21/06/2018 1:38:59 PM	3612397139	1013.00	26.44	29.16	98.8	26.60	29.16	97.3	27.05	29.16	93.2	26.60	29.16	97.3
21/06/2018 1:39:00 PM	3612397140	1013.00	26.47	29.17	98.5	26.59	29.17	97.4	27.07	29.17	93.0	26.60	29.17	97.3
21/06/2018 1:39:01 PM	3612397141	1013.00	26.45	29.17	98.7	26.57	29.17	97.6	27.04	29.17	93.3	26.58	29.17	97.5
21/06/2018 1:39:02 PM	3612397142	1013.00	26.53	29.17	97.9	26.56	29.17	97.6	27.07	29.17	93.0	26.62	29.17	97.1
21/06/2018 1:39:03 PM	3612397143	1013.00	26.48	29.17	98.4	26.56	29.17	97.6	27.07	29.17	93.0	26.60	29.17	97.3
21/06/2018 1:39:04 PM	3612397144	1013.00	26.52	29.17	98.0	26.53	29.17	97.9	27.08	29.17	92.9	26.61	29.17	97.2
21/06/2018 1:39:05 PM	3612397145	1013.00	26.50	29.17	98.2	26.58	29.17	97.5	27.08	29.17	92.9	26.60	29.17	97.3
21/06/2018 1:39:06 PM	3612397146	1013.00	26.50	29.17	98.2	26.61	29.17	97.2	27.08	29.17	92.9	26.60	29.17	97.3
21/06/2018 1:39:07 PM	3612397147	1013.00	26.47	29.17	98.5	26.60	29.17	97.3	27.09	29.17	92.8	26.62	29.17	97.1
21/06/2018 1:39:08 PM	3612397148	1013.00	26.50	29.17	98.2	26.61	29.17	97.2	27.09	29.17	92.8	26.61	29.17	97.2
21/06/2018 1:39:09 PM	3612397149	1013.00	26.51	29.17	98.1	26.59	29.17	97.4	27.11	29.17	92.7	26.63	29.17	97.0
21/06/2018 1:39:10 PM	3612397150	1013.00	26.50	29.17	98.2	26.60	29.17	97.3	27.10	29.17	92.7	26.62	29.17	97.1
21/06/2018 1:39:11 PM	3612397151	1013.00	26.49	29.17	98.3	26.63	29.17	97.0	27.06	29.17	93.1	26.61	29.17	97.2
21/06/2018 1:39:12 PM	3612397152	1013.00	26.52	29.17	98.0	26.62	29.17	97.1	27.09	29.17	92.8	26.66	29.17	96.7
21/06/2018 1:39:13 PM	3612397153	1013.00	26.49	29.18	98.3	26.60	29.18	97.3	27.11	29.18	92.6	26.61	29.18	97.2
21/06/2018 1:39:14 PM	3612397154	1013.00	26.49	29.18	98.3	26.55	29.18	97.7	27.10	29.18	92.7	26.61	29.18	97.2
21/06/2018 1:39:15 PM	3612397155	1013.00	26.50	29.18	98.2	26.60	29.18	97.3	27.06	29.18	93.1	26.63	29.18	97.0
21/06/2018 1:39:16 PM	3612397156	1013.00	26.50	29.17	98.2	26.66	29.17	96.7	27.08	29.17	92.9	26.65	29.17	96.8
21/06/2018 1:39:17 PM	3612397157	1013.00	26.51	29.17	98.1	26.59	29.17	97.4	27.10	29.17	92.7	26.59	29.17	97.4
21/06/2018 1:39:18 PM	3612397158	1013.00	26.52	29.17	98.0	26.58	29.17	97.5	27.09	29.17	92.8	26.62	29.17	97.1
21/06/2018 1:39:19 PM	3612397159	1013.00	26.55	29.17	97.7	26.64	29.17	96.9	27.08	29.17	92.9	26.63	29.17	97.0
21/06/2018 1:39:20 PM	3612397160	1013.00	26.45	29.16	98.7	26.63	29.16	97.0	27.11	29.16	92.7	26.65	29.16	96.8
21/06/2018 1:39:21 PM	3612397161	1013.00	26.50	29.17	98.2	26.59	29.17	97.4	27.10	29.17	92.7	26.63	29.17	97.0
21/06/2018 1:39:22 PM	3612397162	1013.00	26.52	29.18	98.0	26.66	29.18	96.7	27.12	29.18	92.5	26.67	29.18	96.6
21/06/2018 1:39:23 PM	3612397163	1013.00	26.56	29.18	97.6	26.59	29.18	97.4	27.11	29.18	92.6	26.65	29.18	96.8
21/06/2018 1:39:24 PM	3612397164	1013.00	26.52	29.17	98.0	26.64	29.17	96.9	27.13	29.17	92.5	26.63	29.17	97.0
21/06/2018 1:39:25 PM	3612397165	1013.00	26.52	29.17	98.0	26.63	29.17	97.0	27.11	29.17	92.7	26.64	29.17	96.9
21/06/2018 1:39:26 PM	3612397166	1013.00	26.54	29.17	97.8	26.64	29.17	96.9	27.12	29.17	92.6	26.64	29.17	96.9
21/06/2018 1:39:27 PM	3612397167	1013.00	26.54	29.16	97.9	26.64	29.16	96.9	27.12	29.16	92.6	26.67	29.16	96.6
21/06/2018 1:39:28 PM	3612397168	1013.00	26.50	29.17	98.2	26.63	29.17	97.0	27.14	29.17	92.4	26.63	29.17	97.0
21/06/2018 1:39:29 PM	3612397169	1013.00	26.52	29.17	98.0	26.65	29.17	96.8	27.14	29.17	92.4	26.64	29.17	96.9
21/06/2018 1:39:30 PM	3612397170	1013.00	26.52	29.17	98.0	26.66	29.17	96.7	27.12	29.17	92.6	26.66	29.17	96.7
21/06/2018 1:39:31 PM	3612397171	1013.00	26.57	29.17	97.6	26.70	29.17	96.3	27.12	29.17	92.6	26.68	29.17	96.5
21/06/2018 1:39:32 PM	3612397172	1013.00	26.51	29.17	98.1	26.62	29.17	97.1	27.14	29.17	92.4	26.65	29.17	96.8
21/06/2018 1:39:33 PM	3612397173	1013.00	26.54	29.16	97.9	26.61	29.16	97.2	27.16	29.16	92.2	26.66	29.16	96.7
21/06/2018 1:39:34 PM	3612397174	1013.00	26.54	29.17	97.8	26.63	29.17	97.0	27.14	29.17	92.4	26.68	29.17	96.5
21/06/2018 1:39:35 PM	3612397175	1013.00	26.54	29.17	97.8	26.66	29.17	96.7	27.19	29.17	92.0	26.67	29.17	96.6
21/06/2018 1:39:36 PM	3612397176	1013.00	26.52	29.17	98.0	26.70	29.17	96.3	27.16	29.17	92.2	26.65	29.17	96.8
21/06/2018 1:39:37 PM	3612397177	1013.00	26.57	29.17	97.6	26.71	29.17	96.3	27.15	29.17	92.3	26.67	29.17	96.6
21/06/2018 1:39:38 PM	3612397178	1013.00	26.51	29.18	98.1	26.65	29.18	96.8	27.16	29.18	92.2	26.66	29.18	96.7
21/06/2018 1:39:39 PM	3612397179	1013.00	26.58	29.17	97.5	26.69	29.17	96.4	27.16	29.17	92.2	26.67	29.17	96.6
21/06/2018 1:39:40 PM	3612397180	1013.00	26.56	29.18	97.6	26.69	29.18	96.4	27.16	29.18	92.2	26.67	29.18	96.6
21/06/2018 1:39:41 PM	3612397181	1013.00	26.58	29.18	97.4	26.67	29.18	96.6	27.15	29.18	92.3	26.68	29.18	96.5
21/06/2018 1:39:42 PM	3612397182	1013.00	26.54	29.18	97.8	26.71	29.18	96.2	27.18	29.18	92.0	26.68	29.18	96.5
21/06/2018 1:39:43 PM	3612397183	1013.00	26.54	29.18	97.8	26.67	29.18	96.6	27.18	29.18	92.0	26.71	29.18	96.2
21/06/2018 1:39:44 PM	3612397184	1013.00	26.51	29.18	98.1	26.67	29.18	96.6	27.21	29.18	91.8	26.69	29.18	96.4
21/06/2018 1:39:45 PM	3612397185	1013.00	26.56	29.18	97.6	26.65	29.18	96.8	27.21	29.18	91.8	26.68	29.18	96.5
21/06/2018 1:39:46 PM	3612397186	1013.00	26.58	29.17	97.5	26.67	29.17	96.6	27.18	29.17	92.0	26.68	29.17	96.5
21/06/2018 1:39:47 PM	3612397187	1013.00	26.55	29.17	97.7	26.67	29.17	96.6	27.20	29.17	91.9	26.72	29.17	96.2
21/06/2018 1:39:48 PM	3612397188	1013.00	26.58	29.17	97.5	26.71	29.17	96.3	27.22	29.17	91.7	26.70	29.17	96.3
21/06/2018 1:39:49 PM	3612397189	1013.00	26.57	29.16	97.6	26.69	29.16	96.5	27.19	29.16	92.0	26.70	29.16	96.4
21/06/2018 1:39:50 PM	3612397190	1013.00	26.51	29.16	98.1	26.71	29.16	96.3	27.23	29.16	91.6	26.70	29.16	96.4
21/06/2018 1:39:51 PM	3612397191	1013.00	26.56	29.17	97.6	26.71	29.17	96.3	27.22	29.17	91.7	26.71	29.17	96.3
21/06/2018 1:39:52 PM	3612397192	1013.00	26.55	29.17	97.7	26.73	29.17	96.1	27.22	29.17	91.7	26.69	29.17	96.4
21/06/2018 1:39:53 PM	3612397193	1013.00	26.56	29.17	97.6	26.71	29.17	96.3	27.23	29.17	91.6	26.71	29.17	96.3
21/06/2018 1:39:54 PM	3612397194	1013.00	26.53	29.18	97.9	26.71	29.18	96.2	27.23	29.18	91.6	26.69	29.18	96.4
21/06/2018 1:39:55 PM	3612397195	1013.00	26.52	29.17	98.0	26.70	29.17	96.3	27.21	29.17	91.8	26.70	29.17	96.3
21/06/2018 1:39:56 PM	3612397196	1013.00	26.56	29.18	97.6	26.66	29.18	96.7	27.22	29.18	91.7	26.71	29.18	96.2
21/06/2018 1:39:57 PM	3612397197	1013.00	26.55	29.18	97.7	26.67	29.18	96.6	27.22	29.18	91.7	26.71	29.18	96.2
21/06/2018 1:39:58 PM	3612397198	1013.00	26.58	29.18	97.4	26.67	29.18	96.6	27.23	29.18	91.6	26.72	29.18	96.1
21/06/2018 1:39:59 PM	3612397199	1013.00	26.59	29.18	97.4	26.75	29.18	95.9	27.21	29.18	91.8	26.74	29.18	96.0
21/06/2018 1:40:00 PM	3612397200	1013.00	26.56	29.18	97.6	26.76	29.18	95.8	27.26	29.18	91.3	26.75	29.18	95.9
21/06/2018 1:40:01 PM	3612397201	1013.00	26.58	29.18	97.4	26.75	29.18	95.9	27.25	29.18	91.4	26.70	29.18	96.3
21/06/2018 1:40:02 PM	3612397202	1013.00	26.54	29.18	97.8	26.69	29.18	96.4	27.24	29.18	91.5	26.74	29.18	96.0
21/06/2018 1:40:03 PM	3612397203	1013.00	26.60	29.18	97.3	26.76	29.18	95.8	27.24	29.18	91.5	26.72	29.18	96.1
21/06/2018 1:40:04 PM	3612397204	1013.00	26.63	29.18	97.0	26.71	29.18	96.2	27.24	29.18	91.5	26.71	29.18	96.2
21/06/2018 1:40:05 PM	3612397205	1013.00	26.55	29.18	97.7	26.70	29.18	96.3	27.23	29.18	91.6	26.72	29.18	96.1
21/06/2018 1:40:06 PM	3612397206	1013.00	26.59	29.18	97.4	26.75	29.18	95.9	27.22	29.18	91.7	26.74	29.18	96.0
21/06/2018 1:40:07 PM	3612397207	1013.00	26.59	29.18	97.4	26.71	29.18	96.2	27.24	29.18	91.5	26.77	29.18	95.7
21/06/2018 1:40:08 PM	3612397208	1013.00	26.60	29.18	97.3	26.71	29.18	96.2	27.24	29.18	91.5	26.76	29.18	95.8
21/06/2018 1:40:09 PM	3612397209	1013.00	26.61	29.18	97.2	26.67	29.18	96.6	27.27	29.18	91.2	26.72	29.18	96.1
21/06/2018 1:40:10 PM	3612397210	1013.00	26.64	29.18	96.9	26.70	29.18	96.3	27.25	29.18	91.4	26.74	29.18	96.0
21/06/2018 1:40:11 PM	3612397211	1013.00	26.56	29.18	97.6	26.75	29.18	95.9	27.26	29.18	91.3	26.75	29.18	95.9
21/06/2018 1:40:12 PM	3612397212	1013.00	26.59	29.18	97.4	26.70	29.18	96.3	27.26	29.18	91.3	26.76	29.18	95.8
21/06/2018 1:40:13 PM	3612397213	1013.00	26.63	29.18	97.0	26.75	29.18	95.9	27.24	29.18	91.5	26.76	29.18	95.8
21/06/2018 1:40:14 PM	3612397214	1013.00	26.65	29.18	96.8	26.77	29.18	95.7	27.28	29.18	91.2	26.73	29.18	96.1
21/06/2018 1:40:15 PM	3612397215	1013.00	26.63	29.18	97.0	26.74	29.18	96.0	27.28	29.18	91.2	26.75	29.18	95.9
21/06/2018 1:40:16 PM	3612397216	1013.00	26.61	29.18	97.2	26.73	29.18	96.1	27.29	29.18	91.1	26.76	29.18	95.8
21/06/2018 1:40:17 PM	3612397217	1013.00	26.64	29.17	96.9	26.81	29.17	95.3	27.27	29.17	91.3	26.75	29.17	95.9
21/06/2018 1:40:18 PM	3612397218	1013.00	26.68	29.17	96.5	26.76	29.17	95.8	27.26	29.17	91.3	26.76	29.17	95.8
21/06/2018 1:40:19 PM	3612397219	1013.00	26.62	29.17	97.1	26.77	29.17	95.7	27.28	29.17	91.2	26.77	29.17	95.7
21/06/2018 1:40:20 PM	3612397220	1013.00	26.65	29.17	96.8	26.78	29.17	95.6	27.28	29.17	91.2	26.77	29.17	95.7
21/06/2018 1:40:21 PM	3612397221	1013.00	26.63	29.17	97.0	26.75	29.17	95.9	27.28	29.17	91.2	26.74	29.17	96.0
21/06/2018 1:40:22 PM	3612397222	1013.00	26.66	29.18	96.7	26.74	29.18	96.0	27.27	29.18	91.2	26.76	29.18	95.8
21/06/2018 1:40:23 PM	3612397223	1013.00	26.65	29.18	96.8	26.73	29.18	96.1	27.29	29.18	91.1	26.77	29.18	95.7
21/06/2018 1:40:24 PM	3612397224	1013.00	26.63	29.18	97.0	26.76	29.18	95.8	27.28	29.18	91.2	26.77	29.18	95.7
21/06/2018 1:40:25 PM	3612397225	1013.00	26.64	29.18	96.9	26.77	29.18	95.7	27.30	29.18	91.0	26.76	29.18	95.8
21/06/2018 1:40:26 PM	3612397226	1013.00	26.63	29.18	97.0	26.80	29.18	95.4	27.28	29.18	91.2	26.77	29.18	95.7
21/06/2018 1:40:27 PM	3612397227	1013.00	26.68	29.18	96.5	26.78	29.18	95.6	27.29	29.18	91.1	26.78	29.18	95.6
21/06/2018 1:40:28 PM	3612397228	1013.00	26.69	29.18	96.4	26.80	29.18	95.4	27.29	29.18	91.1	26.77	29.18	95.7
21/06/2018 1:40:29 PM	3612397229	1013.00	26.65	29.17	96.8	26.80	29.17	95.4	27.29	29.17	91.1	26.78	29.17	95.6
21/06/2018 1:40:30 PM	3612397230	1013.00	26.69	29.18	96.4	26.76	29.18	95.8	27.30	29.18	91.0	26.78	29.18	95.6
21/06/2018 1:40:31 PM	3612397231	1013.00	26.64	29.18	96.9	26.75	29.18	95.9	27.32	29.18	90.8	26.79	29.18	95.5
21/06/2018 1:40:32 PM	3612397232	1013.00	26.66	29.18	96.7	26.78	29.18	95.6	27.30	29.18	91.0	26.79	29.18	95.5
21/06/2018 1:40:33 PM	3612397233	1013.00	26.64	29.18	96.9	26.75	29.18	95.9	27.31	29.18	90.9	26.78	29.18	95.6
21/06/2018 1:40:34 PM	3612397234	1013.00	26.68	29.18	96.5	26.80	29.18	95.4	27.38	29.18	90.3	26.78	29.18	95.6
21/06/2018 1:40:35 PM	3612397235	1013.00	26.70	29.19	96.3	26.80	29.19	95.4	27.33	29.19	90.7	26.81	29.19	95.3
21/06/2018 1:40:36 PM	3612397236	1013.00	26.69	29.18	96.4	26.72	29.18	96.1	27.30	29.18	91.0	26.79	29.18	95.5
21/06/2018 1:40:37 PM	3612397237	1013.00	26.66	29.18	96.7	26.79	29.18	95.5	27.37	29.18	90.4	26.77	29.18	95.7
21/06/2018 1:40:38 PM	3612397238	1013.00	26.67	29.18	96.6	26.77	29.18	95.7	27.37	29.18	90.4	26.79	29.18	95.5
21/06/2018 1:40:39 PM	3612397239	1013.00	26.67	29.18	96.6	26.84	29.18	95.0	27.37	29.18	90.4	26.82	29.18	95.2
21/06/2018 1:40:40 PM	3612397240	1013.00	26.67	29.18	96.6	26.83	29.18	95.1	27.35	29.18	90.6	26.82	29.18	95.2
21/06/2018 1:40:41 PM	3612397241	1013.00	26.64	29.18	96.9	26.83	29.18	95.1	27.38	29.18	90.3	26.82	29.18	95.2
21/06/2018 1:40:42 PM	3612397242	1013.00	26.71	29.18	96.2	26.80	29.18	95.4	27.37	29.18	90.4	26.85	29.18	95.0
21/06/2018 1:40:43 PM	3612397243	1013.00	26.70	29.18	96.3	26.85	29.18	95.0	27.34	29.18	90.6	26.82	29.18	95.2
21/06/2018 1:40:44 PM	3612397244	1013.00	26.73	29.18	96.1	26.80	29.18	95.4	27.38	29.18	90.3	26.80	29.18	95.4
21/06/2018 1:40:45 PM	3612397245	1013.00	26.70	29.18	96.3	26.84	29.18	95.0	27.33	29.18	90.7	26.82	29.18	95.2
21/06/2018 1:40:46 PM	3612397246	1013.00	26.66	29.18	96.7	26.81	29.18	95.3	27.35	29.18	90.6	26.83	29.18	95.1
21/06/2018 1:40:47 PM	3612397247	1013.00	26.70	29.18	96.3	26.78	29.18	95.6	27.36	29.18	90.5	26.81	29.18	95.3
21/06/2018 1:40:48 PM	3612397248	1013.00	26.67	29.17	96.6	26.84	29.17	95.1	27.38	29.17	90.3	26.80	29.17	95.4
21/06/2018 1:40:49 PM	3612397249	1013.00	26.71	29.17	96.3	26.83	29.17	95.2	27.38	29.17	90.3	26.83	29.17	95.2
21/06/2018 1:40:50 PM	3612397250	1013.00	26.71	29.17	96.3	26.90	29.17	94.5	27.38	29.17	90.3	26.84	29.17	95.1
21/06/2018 1:40:51 PM	3612397251	1013.00	26.67	29.17	96.6	26.89	29.17	94.6	27.37	29.17	90.4	26.83	29.17	95.2
21/06/2018 1:40:52 PM	3612397252	1013.00	26.69	29.17	96.4	26.87	29.17	94.8	27.37	29.17	90.4	26.83	29.17	95.2
21/06/2018 1:40:53 PM	3612397253	1013.00	26.64	29.17	96.9	26.88	29.17	94.7	27.38	29.17	90.3	26.85	29.17	95.0
21/06/2018 1:40:54 PM	3612397254	1013.00	26.64	29.18	96.9	26.82	29.18	95.2	27.39	29.18	90.2	26.87	29.18	94.8
21/06/2018 1:40:55 PM	3612397255	1013.00	26.68	29.18	96.5	26.86	29.18	94.9	27.39	29.18	90.2	26.85	29.18	95.0
21/06/2018 1:40:56 PM	3612397256	1013.00	26.70	29.18	96.3	26.88	29.18	94.7	27.37	29.18	90.4	26.84	29.18	95.0
21/06/2018 1:40:57 PM	3612397257	1013.00	26.64	29.18	96.9	26.87	29.18	94.8	27.41	29.18	90.0	26.87	29.18	94.8
21/06/2018 1:40:58 PM	3612397258	1013.00	26.70	29.19	96.3	26.88	29.19	94.7	27.39	29.19	90.2	26.85	29.19	94.9
21/06/2018 1:40:59 PM	3612397259	1013.00	26.69	29.18	96.4	26.89	29.18	94.6	27.40	29.18	90.1	26.84	29.18	95.0
21/06/2018 1:41:00 PM	3612397260	1013.00	26.73	29.19	96.0	26.89	29.19	94.6	27.39	29.19	90.2	26.86	29.19	94.9
21/06/2018 1:41:01 PM	3612397261	1013.00	26.74	29.18	96.0	26.87	29.18	94.8	27.39	29.18	90.2	26.87	29.18	94.8
21/06/2018 1:41:02 PM	3612397262	1013.00	26.65	29.19	96.8	26.94	29.19	94.1	27.40	29.19	90.1	26.87	29.19	94.8
21/06/2018 1:41:03 PM	3612397263	1013.00	26.70	29.19	96.3	26.92	29.19	94.3	27.42	29.19	89.9	26.85	29.19	94.9
21/06/2018 1:41:04 PM	3612397264	1013.00	26.71	29.19	96.2	26.96	29.19	94.0	27.39	29.19	90.2	26.86	29.19	94.9
21/06/2018 1:41:05 PM	3612397265	1013.00	26.69	29.19	96.4	26.91	29.19	94.4	27.40	29.19	90.1	26.89	29.19	94.6
21/06/2018 1:41:06 PM	3612397266	1013.00	26.75	29.19	95.9	26.89	29.19	94.6	27.40	29.19	90.1	26.88	29.19	94.7
21/06/2018 1:41:07 PM	3612397267	1013.00	26.70	29.18	96.3	26.90	29.18	94.5	27.42	29.18	90.0	26.91	29.18	94.4
21/06/2018 1:41:08 PM	3612397268	1013.00	26.71	29.19	96.2	26.93	29.19	94.2	27.43	29.19	89.9	26.87	29.19	94.8
21/06/2018 1:41:09 PM	3612397269	1013.00	26.71	29.19	96.2	26.87	29.19	94.8	27.40	29.19	90.1	26.90	29.19	94.5
21/06/2018 1:41:10 PM	3612397270	1013.00	26.79	29.18	95.5	26.91	29.18	94.4	27.40	29.18	90.1	26.89	29.18	94.6
21/06/2018 1:41:11 PM	3612397271	1013.00	26.74	29.18	96.0	26.83	29.18	95.1	27.42	29.18	90.0	26.89	29.18	94.6
21/06/2018 1:41:12 PM	3612397272	1013.00	26.72	29.18	96.1	26.88	29.18	94.7	27.43	29.18	89.9	26.91	29.18	94.4
21/06/2018 1:41:13 PM	3612397273	1013.00	26.70	29.18	96.3	26.92	29.18	94.3	27.42	29.18	90.0	26.87	29.18	94.8
21/06/2018 1:41:14 PM	3612397274	1013.00	26.71	29.17	96.3	26.91	29.17	94.4	27.37	29.17	90.4	26.91	29.17	94.4
21/06/2018 1:41:15 PM	3612397275	1013.00	26.74	29.18	96.0	26.90	29.18	94.5	27.39	29.18	90.2	26.89	29.18	94.6
21/06/2018 1:41:16 PM	3612397276	1013.00	26.68	29.18	96.5	26.87	29.18	94.8	27.40	29.18	90.1	26.90	29.18	94.5
21/06/2018 1:41:17 PM	3612397277	1013.00	26.75	29.18	95.9	26.86	29.18	94.9	27.39	29.18	90.2	26.91	29.18	94.4
21/06/2018 1:41:18 PM	3612397278	1013.00	26.77	29.18	95.7	26.91	29.18	94.4	27.39	29.18	90.2	26.91	29.18	94.4
21/06/2018 1:41:19 PM	3612397279	1013.00	26.71	29.19	96.2	26.89	29.19	94.6	27.38	29.19	90.3	26.92	29.19	94.3
21/06/2018 1:41:20 PM	3612397280	1013.00	26.74	29.18	96.0	26.94	29.18	94.1	27.40	29.18	90.1	26.91	29.18	94.4
21/06/2018 1:41:21 PM	3612397281	1013.00	26.73	29.18	96.1	26.91	29.18	94.4	27.36	29.18	90.5	26.92	29.18	94.3
21/06/2018 1:41:22 PM	3612397282	1013.00	26.75	29.18	95.9	26.88	29.18	94.7	27.41	29.18	90.0	26.91	29.18	94.4
21/06/2018 1:41:23 PM	3612397283	1013.00	26.75	29.18	95.9	26.88	29.18	94.7	27.37	29.18	90.4	26.92	29.18	94.3
21/06/2018 1:41:24 PM	3612397284	1013.00	26.74	29.17	96.0	26.92	29.17	94.3	27.39	29.17	90.2	26.92	29.17	94.3
21/06/2018 1:41:25 PM	3612397285	1013.00	26.71	29.18	96.2	26.90	29.18	94.5	27.39	29.18	90.2	26.90	29.18	94.5
21/06/2018 1:41:26 PM	3612397286	1013.00	26.77	29.18	95.7	26.91	29.18	94.4	27.40	29.18	90.1	26.92	29.18	94.3
21/06/2018 1:41:27 PM	3612397287	1013.00	26.74	29.18	96.0	26.92	29.18	94.3	27.42	29.18	90.0	26.93	29.18	94.2
21/06/2018 1:41:28 PM	3612397288	1013.00	26.74	29.18	96.0	26.93	29.18	94.2	27.40	29.18	90.1	26.93	29.18	94.2
21/06/2018 1:41:29 PM	3612397289	1013.00	26.73	29.18	96.1	26.92	29.18	94.3	27.42	29.18	90.0	26.92	29.18	94.3
21/06/2018 1:41:30 PM	3612397290	1013.00	26.75	29.18	95.9	26.97	29.18	93.9	27.42	29.18	90.0	26.93	29.18	94.2
21/06/2018 1:41:31 PM	3612397291	1013.00	26.78	29.19	95.6	26.92	29.19	94.3	27.42	29.19	89.9	26.94	29.19	94.1
21/06/2018 1:41:32 PM	3612397292	1013.00	26.78	29.18	95.6	26.97	29.18	93.9	27.39	29.18	90.2	26.92	29.18	94.3
21/06/2018 1:41:33 PM	3612397293	1013.00	26.77	29.18	95.7	26.94	29.18	94.1	27.37	29.18	90.4	26.93	29.18	94.2
21/06/2018 1:41:34 PM	3612397294	1013.00	26.75	29.18	95.9	27.01	29.18	93.5	27.41	29.18	90.0	26.94	29.18	94.1
21/06/2018 1:41:35 PM	3612397295	1013.00	26.74	29.18	96.0	26.95	29.18	94.1	27.42	29.18	90.0	26.96	29.18	94.0
21/06/2018 1:41:36 PM	3612397296	1013.00	26.73	29.18	96.1	26.96	29.18	94.0	27.42	29.18	90.0	26.94	29.18	94.1
21/06/2018 1:41:37 PM	3612397297	1013.00	26.80	29.18	95.4	26.97	29.18	93.9	27.41	29.18	90.0	26.93	29.18	94.2
21/06/2018 1:41:38 PM	3612397298	1013.00	26.69	29.18	96.4	26.93	29.18	94.2	27.43	29.18	89.9	26.93	29.18	94.2
21/06/2018 1:41:39 PM	3612397299	1013.00	26.75	29.18	95.9	26.97	29.18	93.9	27.39	29.18	90.2	26.93	29.18	94.2
21/06/2018 1:41:40 PM	3612397300	1013.00	26.72	29.18	96.1	26.90	29.18	94.5	27.43	29.18	89.9	26.96	29.18	94.0
21/06/2018 1:41:41 PM	3612397301	1013.00	26.77	29.18	95.7	26.96	29.18	94.0	27.44	29.18	89.8	26.97	29.18	93.9
21/06/2018 1:41:42 PM	3612397302	1013.00	26.78	29.18	95.6	26.96	29.18	94.0	27.44	29.18	89.8	26.95	29.18	94.1
21/06/2018 1:41:43 PM	3612397303	1013.00	26.76	29.18	95.8	26.97	29.18	93.9	27.44	29.18	89.8	26.95	29.18	94.1
21/06/2018 1:41:44 PM	3612397304	1013.00	26.75	29.18	95.9	26.95	29.18	94.1	27.44	29.18	89.8	26.97	29.18	93.9
21/06/2018 1:41:45 PM	3612397305	1013.00	26.78	29.18	95.6	26.98	29.18	93.8	27.42	29.18	90.0	26.97	29.18	93.9
21/06/2018 1:41:46 PM	3612397306	1013.00	26.77	29.18	95.7	26.96	29.18	94.0	27.41	29.18	90.0	26.96	29.18	94.0
21/06/2018 1:41:47 PM	3612397307	1013.00	26.77	29.18	95.7	26.95	29.18	94.1	27.44	29.18	89.8	26.94	29.18	94.1
21/06/2018 1:41:48 PM	3612397308	1013.00	26.76	29.17	95.8	26.93	29.17	94.3	27.48	29.17	89.5	27.01	29.17	93.5
21/06/2018 1:41:49 PM	3612397309	1013.00	26.75	29.18	95.9	26.93	29.18	94.2	27.42	29.18	90.0	26.95	29.18	94.1
21/06/2018 1:41:50 PM	3612397310	1013.00	26.81	29.17	95.3	26.93	29.17	94.3	27.44	29.17	89.8	26.98	29.17	93.8
21/06/2018 1:41:51 PM	3612397311	1013.00	26.72	29.18	96.1	26.92	29.18	94.3	27.43	29.18	89.9	27.00	29.18	93.6
21/06/2018 1:41:52 PM	3612397312	1013.00	26.74	29.17	96.0	26.95	29.17	94.1	27.48	29.17	89.5	26.99	29.17	93.7
21/06/2018 1:41:53 PM	3612397313	1013.00	26.76	29.18	95.8	26.99	29.18	93.7	27.49	29.18	89.4	26.98	29.18	93.8
21/06/2018 1:41:54 PM	3612397314	1013.00	26.75	29.18	95.9	26.97	29.18	93.9	27.49	29.18	89.4	27.00	29.18	93.6
21/06/2018 1:41:55 PM	3612397315	1013.00	26.79	29.18	95.5	26.98	29.18	93.8	27.49	29.18	89.4	27.03	29.18	93.3
21/06/2018 1:41:56 PM	3612397316	1013.00	26.80	29.18	95.4	27.00	29.18	93.6	27.47	29.18	89.5	26.99	29.18	93.7
21/06/2018 1:41:57 PM	3612397317	1013.00	26.76	29.18	95.8	27.01	29.18	93.5	27.49	29.18	89.4	27.02	29.18	93.4
21/06/2018 1:41:58 PM	3612397318	1013.00	26.81	29.18	95.3	26.95	29.18	94.1	27.48	29.18	89.5	27.04	29.18	93.3
21/06/2018 1:41:59 PM	3612397319	1013.00	26.81	29.18	95.3	27.06	29.18	93.1	27.49	29.18	89.4	27.02	29.18	93.4
21/06/2018 1:42:00 PM	3612397320	1013.00	26.86	29.18	94.9	26.95	29.18	94.1	27.47	29.18	89.5	27.00	29.18	93.6
21/06/2018 1:42:01 PM	3612397321	1013.00	26.82	29.18	95.2	26.99	29.18	93.7	27.48	29.18	89.5	27.04	29.18	93.3
21/06/2018 1:42:02 PM	3612397322	1013.00	26.85	29.18	95.0	26.99	29.18	93.7	27.50	29.18	89.3	27.02	29.18	93.4
21/06/2018 1:42:03 PM	3612397323	1013.00	26.79	29.18	95.5	26.98	29.18	93.8	27.52	29.18	89.1	27.02	29.18	93.4
21/06/2018 1:42:04 PM	3612397324	1013.00	26.81	29.18	95.3	26.98	29.18	93.8	27.47	29.18	89.5	27.01	29.18	93.5
21/06/2018 1:42:05 PM	3612397325	1013.00	26.77	29.18	95.7	27.03	29.18	93.3	27.51	29.18	89.2	27.02	29.18	93.4
21/06/2018 1:42:06 PM	3612397326	1013.00	26.81	29.18	95.3	27.04	29.18	93.3	27.49	29.18	89.4	27.03	29.18	93.3
21/06/2018 1:42:07 PM	3612397327	1013.00	26.77	29.18	95.7	26.97	29.18	93.9	27.52	29.18	89.1	27.03	29.18	93.3
21/06/2018 1:42:08 PM	3612397328	1013.00	26.77	29.18	95.7	27.01	29.18	93.5	27.48	29.18	89.5	27.03	29.18	93.3
21/06/2018 1:42:09 PM	3612397329	1013.00	26.83	29.18	95.1	27.03	29.18	93.3	27.51	29.18	89.2	27.04	29.18	93.3
21/06/2018 1:42:10 PM	3612397330	1013.00	26.88	29.18	94.7	27.01	29.18	93.5	27.52	29.18	89.1	27.04	29.18	93.3
21/06/2018 1:42:11 PM	3612397331	1013.00	26.85	29.17	95.0	26.99	29.17	93.7	27.54	29.17	89.0	27.05	29.17	93.2
21/06/2018 1:42:12 PM	3612397332	1013.00	26.87	29.17	94.8	27.07	29.17	93.0	27.53	29.17	89.0	27.02	29.17	93.4
21/06/2018 1:42:13 PM	3612397333	1013.00	26.76	29.17	95.8	27.06	29.17	93.1	27.52	29.17	89.1	27.02	29.17	93.4
21/06/2018 1:42:14 PM	3612397334	1013.00	26.82	29.17	95.2	27.08	29.17	92.9	27.53	29.17	89.0	27.06	29.17	93.1
21/06/2018 1:42:15 PM	3612397335	1013.00	26.85	29.17	95.0	27.03	29.17	93.4	27.58	29.17	88.6	27.05	29.17	93.2
21/06/2018 1:42:16 PM	3612397336	1013.00	26.90	29.17	94.5	27.06	29.17	93.1	27.56	29.17	88.8	27.06	29.17	93.1
21/06/2018 1:42:17 PM	3612397337	1013.00	26.89	29.17	94.6	27.08	29.17	92.9	27.57	29.17	88.7	27.06	29.17	93.1
21/06/2018 1:42:18 PM	3612397338	1013.00	26.85	29.17	95.0	27.13	29.17	92.5	27.56	29.17	88.8	27.07	29.17	93.0
21/06/2018 1:42:19 PM	3612397339	1013.00	26.85	29.18	95.0	27.03	29.18	93.3	27.58	29.18	88.6	27.08	29.18	92.9
21/06/2018 1:42:20 PM	3612397340	1013.00	26.84	29.17	95.1	27.11	29.17	92.7	27.61	29.17	88.4	27.07	29.17	93.0
21/06/2018 1:42:21 PM	3612397341	1013.00	26.83	29.17	95.2	27.08	29.17	92.9	27.58	29.17	88.6	27.09	29.17	92.8
21/06/2018 1:42:22 PM	3612397342	1013.00	26.86	29.17	94.9	27.12	29.17	92.6	27.57	29.17	88.7	27.09	29.17	92.8
21/06/2018 1:42:23 PM	3612397343	1013.00	26.86	29.17	94.9	27.05	29.17	93.2	27.62	29.17	88.3	27.09	29.17	92.8
