Date & time of file creation	21/06/2018 10:18 AM													
Data file path	C:\Users\ameli\Desktop\Diego Barneche\21_06_2018\32_C_new_witrox_15.txt													
														
														
CALIBRATION DATA														
Parameter/Channel	N moving average	LO phase [r.U.]	HI phase [r.U.]	LO oxygen [%air saturation]	HI oxygen [%air saturation]	LO temperature [°C]	HI temperature [°C]	Salinity [‰]						
SDWD0003000199      , CH 1	1	58.92	25.87	0.00	100.00	31.94	31.76	0.000						
SDWD0003000199      , CH 2	1	58.92	25.87	0.00	100.00	31.94	31.76	0.000						
SDWD0003000199      , CH 3	1	58.92	25.87	0.00	100.00	31.94	31.76	0.000						
SDWD0003000199      , CH 4	1	58.92	25.87	0.00	100.00	31.94	31.76	0.000						
														
														
Date &Time [DD-MM-YYYY HH:MM:SS]	Time stamp code	Barometric pressure [hPa]	SDWD0003000199      , CH 1 phase [r.U.]	SDWD0003000199      , CH 1 temp [°C]	SDWD0003000199      , CH 1 O2 [% air saturation]	SDWD0003000199      , CH 2 phase [r.U.]	SDWD0003000199      , CH 2 temp [°C]	SDWD0003000199      , CH 2 O2 [% air saturation]	SDWD0003000199      , CH 3 phase [r.U.]	SDWD0003000199      , CH 3 temp [°C]	SDWD0003000199      , CH 3 O2 [% air saturation]	SDWD0003000199      , CH 4 phase [r.U.]	SDWD0003000199      , CH 4 temp [°C]	SDWD0003000199      , CH 4 O2 [% air saturation]
21/06/2018 10:19:41 AM	3612385181	1013.00	26.88	31.69	90.8	26.48	31.69	94.4	26.34	31.69	95.6	26.20	31.69	96.9
21/06/2018 10:19:42 AM	3612385182	1013.00	26.85	31.70	91.1	26.56	31.70	93.6	26.33	31.70	95.7	26.17	31.70	97.2
21/06/2018 10:19:43 AM	3612385183	1013.00	26.89	31.70	90.7	26.55	31.70	93.7	26.29	31.70	96.1	26.20	31.70	96.9
21/06/2018 10:19:44 AM	3612385184	1013.00	26.87	31.70	90.9	26.52	31.70	94.0	26.31	31.70	95.9	26.22	31.70	96.7
21/06/2018 10:19:45 AM	3612385185	1013.00	26.86	31.70	91.0	26.50	31.70	94.2	26.31	31.70	95.9	26.24	31.70	96.6
21/06/2018 10:19:46 AM	3612385186	1013.00	26.87	31.69	90.9	26.55	31.69	93.7	26.31	31.69	95.9	26.20	31.69	96.9
21/06/2018 10:19:47 AM	3612385187	1013.00	26.87	31.68	90.9	26.54	31.68	93.8	26.31	31.68	95.9	26.22	31.68	96.8
21/06/2018 10:19:48 AM	3612385188	1013.00	26.85	31.68	91.1	26.49	31.68	94.3	26.36	31.68	95.5	26.19	31.68	97.1
21/06/2018 10:19:49 AM	3612385189	1013.00	26.89	31.68	90.7	26.47	31.68	94.5	26.31	31.68	95.9	26.23	31.68	96.7
21/06/2018 10:19:50 AM	3612385190	1013.00	26.85	31.68	91.1	26.56	31.68	93.7	26.28	31.68	96.2	26.22	31.68	96.8
21/06/2018 10:19:51 AM	3612385191	1013.00	26.88	31.69	90.8	26.47	31.69	94.5	26.33	31.69	95.7	26.21	31.69	96.9
21/06/2018 10:19:52 AM	3612385192	1013.00	26.85	31.69	91.1	26.53	31.69	93.9	26.32	31.69	95.8	26.22	31.69	96.8
21/06/2018 10:19:53 AM	3612385193	1013.00	26.84	31.69	91.2	26.55	31.69	93.7	26.31	31.69	95.9	26.17	31.69	97.2
21/06/2018 10:19:54 AM	3612385194	1013.00	26.88	31.69	90.8	26.50	31.69	94.2	26.33	31.69	95.7	26.18	31.69	97.1
21/06/2018 10:19:55 AM	3612385195	1013.00	26.87	31.69	90.9	26.56	31.69	93.6	26.29	31.69	96.1	26.23	31.69	96.7
21/06/2018 10:19:56 AM	3612385196	1013.00	26.89	31.69	90.7	26.54	31.69	93.8	26.38	31.69	95.3	26.22	31.69	96.8
21/06/2018 10:19:57 AM	3612385197	1013.00	26.90	31.69	90.6	26.52	31.69	94.0	26.33	31.69	95.7	26.22	31.69	96.8
21/06/2018 10:19:58 AM	3612385198	1013.00	26.82	31.69	91.3	26.59	31.69	93.4	26.28	31.69	96.2	26.22	31.69	96.8
21/06/2018 10:19:59 AM	3612385199	1013.00	26.90	31.69	90.6	26.53	31.69	93.9	26.33	31.69	95.7	26.21	31.69	96.9
21/06/2018 10:20:00 AM	3612385200	1013.00	26.87	31.69	90.9	26.43	31.69	94.8	26.36	31.69	95.5	26.19	31.69	97.0
21/06/2018 10:20:01 AM	3612385201	1013.00	26.87	31.68	90.9	26.54	31.68	93.8	26.30	31.68	96.0	26.24	31.68	96.6
21/06/2018 10:20:02 AM	3612385202	1013.00	26.90	31.68	90.7	26.50	31.68	94.2	26.30	31.68	96.0	26.24	31.68	96.6
21/06/2018 10:20:03 AM	3612385203	1013.00	26.88	31.69	90.8	26.58	31.69	93.5	26.35	31.69	95.6	26.18	31.69	97.1
21/06/2018 10:20:04 AM	3612385204	1013.00	26.90	31.69	90.6	26.58	31.69	93.5	26.31	31.69	95.9	26.21	31.69	96.9
21/06/2018 10:20:05 AM	3612385205	1013.00	26.88	31.68	90.8	26.54	31.68	93.8	26.34	31.68	95.7	26.20	31.68	97.0
21/06/2018 10:20:06 AM	3612385206	1013.00	26.87	31.68	90.9	26.52	31.68	94.0	26.34	31.68	95.7	26.24	31.68	96.6
21/06/2018 10:20:07 AM	3612385207	1013.00	26.88	31.68	90.8	26.52	31.68	94.0	26.31	31.68	95.9	26.19	31.68	97.1
21/06/2018 10:20:08 AM	3612385208	1013.00	26.87	31.68	90.9	26.53	31.68	93.9	26.32	31.68	95.8	26.22	31.68	96.8
21/06/2018 10:20:09 AM	3612385209	1013.00	26.85	31.69	91.1	26.53	31.69	93.9	26.28	31.69	96.2	26.23	31.69	96.7
21/06/2018 10:20:10 AM	3612385210	1013.00	26.86	31.69	91.0	26.56	31.69	93.6	26.32	31.69	95.8	26.21	31.69	96.9
21/06/2018 10:20:11 AM	3612385211	1013.00	26.83	31.69	91.2	26.63	31.69	93.0	26.26	31.69	96.4	26.24	31.69	96.6
21/06/2018 10:20:12 AM	3612385212	1013.00	26.87	31.69	90.9	26.49	31.69	94.3	26.30	31.69	96.0	26.25	31.69	96.5
21/06/2018 10:20:13 AM	3612385213	1013.00	26.81	31.69	91.4	26.55	31.69	93.7	26.33	31.69	95.7	26.19	31.69	97.0
21/06/2018 10:20:14 AM	3612385214	1013.00	26.86	31.68	91.0	26.55	31.68	93.7	26.28	31.68	96.2	26.18	31.68	97.2
21/06/2018 10:20:15 AM	3612385215	1013.00	26.88	31.68	90.8	26.54	31.68	93.8	26.27	31.68	96.3	26.25	31.68	96.5
21/06/2018 10:20:16 AM	3612385216	1013.00	26.85	31.69	91.1	26.57	31.69	93.5	26.36	31.69	95.5	26.23	31.69	96.7
21/06/2018 10:20:17 AM	3612385217	1013.00	26.87	31.69	90.9	26.54	31.69	93.8	26.30	31.69	96.0	26.27	31.69	96.3
21/06/2018 10:20:18 AM	3612385218	1013.00	26.89	31.69	90.7	26.52	31.69	94.0	26.36	31.69	95.5	26.21	31.69	96.9
21/06/2018 10:20:19 AM	3612385219	1013.00	26.83	31.69	91.2	26.59	31.69	93.4	26.36	31.69	95.5	26.18	31.69	97.1
21/06/2018 10:20:20 AM	3612385220	1013.00	26.88	31.69	90.8	26.57	31.69	93.5	26.32	31.69	95.8	26.26	31.69	96.4
21/06/2018 10:20:21 AM	3612385221	1013.00	26.88	31.69	90.8	26.60	31.69	93.3	26.32	31.69	95.8	26.21	31.69	96.9
21/06/2018 10:20:22 AM	3612385222	1013.00	26.82	31.69	91.3	26.49	31.69	94.3	26.35	31.69	95.6	26.17	31.69	97.2
21/06/2018 10:20:23 AM	3612385223	1013.00	26.87	31.69	90.9	26.57	31.69	93.5	26.34	31.69	95.6	26.23	31.69	96.7
21/06/2018 10:20:24 AM	3612385224	1013.00	26.86	31.69	91.0	26.56	31.69	93.6	26.32	31.69	95.8	26.24	31.69	96.6
21/06/2018 10:20:25 AM	3612385225	1013.00	26.83	31.68	91.3	26.59	31.68	93.4	26.31	31.68	95.9	26.25	31.68	96.5
21/06/2018 10:20:26 AM	3612385226	1013.00	26.86	31.68	91.0	26.64	31.68	92.9	26.24	31.68	96.6	26.21	31.68	96.9
21/06/2018 10:20:27 AM	3612385227	1013.00	26.84	31.69	91.2	26.53	31.69	93.9	26.32	31.69	95.8	26.25	31.69	96.5
21/06/2018 10:20:28 AM	3612385228	1013.00	26.88	31.69	90.8	26.58	31.69	93.5	26.27	31.69	96.3	26.22	31.69	96.8
21/06/2018 10:20:29 AM	3612385229	1013.00	26.82	31.69	91.3	26.55	31.69	93.7	26.32	31.69	95.8	26.22	31.69	96.8
21/06/2018 10:20:30 AM	3612385230	1013.00	26.83	31.70	91.2	26.55	31.70	93.7	26.32	31.70	95.8	26.19	31.70	97.0
21/06/2018 10:20:31 AM	3612385231	1013.00	26.84	31.70	91.1	26.59	31.70	93.4	26.32	31.70	95.8	26.28	31.70	96.2
21/06/2018 10:20:32 AM	3612385232	1013.00	26.89	31.69	90.7	26.57	31.69	93.5	26.31	31.69	95.9	26.28	31.69	96.2
21/06/2018 10:20:33 AM	3612385233	1013.00	26.88	31.69	90.8	26.53	31.69	93.9	26.32	31.69	95.8	26.25	31.69	96.5
21/06/2018 10:20:34 AM	3612385234	1013.00	26.82	31.69	91.3	26.55	31.69	93.7	26.28	31.69	96.2	26.21	31.69	96.9
21/06/2018 10:20:35 AM	3612385235	1013.00	26.87	31.69	90.9	26.57	31.69	93.5	26.34	31.69	95.6	26.19	31.69	97.0
21/06/2018 10:20:36 AM	3612385236	1013.00	26.85	31.69	91.1	26.56	31.69	93.6	26.34	31.69	95.6	26.24	31.69	96.6
21/06/2018 10:20:37 AM	3612385237	1013.00	26.87	31.69	90.9	26.54	31.69	93.8	26.30	31.69	96.0	26.19	31.69	97.0
21/06/2018 10:20:38 AM	3612385238	1013.00	26.82	31.69	91.3	26.58	31.69	93.5	26.32	31.69	95.8	26.21	31.69	96.9
21/06/2018 10:20:39 AM	3612385239	1013.00	26.88	31.69	90.8	26.56	31.69	93.6	26.33	31.69	95.7	26.22	31.69	96.8
21/06/2018 10:20:40 AM	3612385240	1013.00	26.87	31.69	90.9	26.61	31.69	93.2	26.37	31.69	95.4	26.25	31.69	96.5
21/06/2018 10:20:41 AM	3612385241	1013.00	26.83	31.69	91.2	26.54	31.69	93.8	26.33	31.69	95.7	26.18	31.69	97.1
21/06/2018 10:20:42 AM	3612385242	1013.00	26.86	31.68	91.0	26.61	31.68	93.2	26.32	31.68	95.8	26.30	31.68	96.0
21/06/2018 10:20:43 AM	3612385243	1013.00	26.90	31.69	90.6	26.58	31.69	93.5	26.32	31.69	95.8	26.22	31.69	96.8
21/06/2018 10:20:44 AM	3612385244	1013.00	26.86	31.69	91.0	26.58	31.69	93.5	26.31	31.69	95.9	26.22	31.69	96.8
21/06/2018 10:20:45 AM	3612385245	1013.00	26.88	31.69	90.8	26.58	31.69	93.5	26.29	31.69	96.1	26.26	31.69	96.4
21/06/2018 10:20:46 AM	3612385246	1013.00	26.88	31.69	90.8	26.56	31.69	93.6	26.32	31.69	95.8	26.23	31.69	96.7
21/06/2018 10:20:47 AM	3612385247	1013.00	26.86	31.69	91.0	26.58	31.69	93.5	26.33	31.69	95.7	26.25	31.69	96.5
21/06/2018 10:20:48 AM	3612385248	1013.00	26.85	31.69	91.1	26.56	31.69	93.6	26.32	31.69	95.8	26.29	31.69	96.1
21/06/2018 10:20:49 AM	3612385249	1013.00	26.88	31.69	90.8	26.57	31.69	93.5	26.36	31.69	95.5	26.28	31.69	96.2
21/06/2018 10:20:50 AM	3612385250	1013.00	26.87	31.69	90.9	26.60	31.69	93.3	26.32	31.69	95.8	26.24	31.69	96.6
21/06/2018 10:20:51 AM	3612385251	1013.00	26.88	31.69	90.8	26.58	31.69	93.5	26.35	31.69	95.6	26.27	31.69	96.3
21/06/2018 10:20:52 AM	3612385252	1013.00	26.87	31.70	90.9	26.63	31.70	93.0	26.31	31.70	95.9	26.26	31.70	96.4
21/06/2018 10:20:53 AM	3612385253	1013.00	26.88	31.70	90.8	26.60	31.70	93.3	26.32	31.70	95.8	26.30	31.70	96.0
21/06/2018 10:20:54 AM	3612385254	1013.00	26.88	31.70	90.8	26.53	31.70	93.9	26.31	31.70	95.9	26.28	31.70	96.2
21/06/2018 10:20:55 AM	3612385255	1013.00	26.87	31.70	90.9	26.60	31.70	93.3	26.35	31.70	95.5	26.28	31.70	96.2
21/06/2018 10:20:56 AM	3612385256	1013.00	26.87	31.70	90.9	26.67	31.70	92.6	26.30	31.70	96.0	26.24	31.70	96.6
21/06/2018 10:20:57 AM	3612385257	1013.00	26.89	31.70	90.7	26.67	31.70	92.6	26.31	31.70	95.9	26.28	31.70	96.2
21/06/2018 10:20:58 AM	3612385258	1013.00	26.90	31.70	90.6	26.63	31.70	93.0	26.30	31.70	96.0	26.30	31.70	96.0
21/06/2018 10:20:59 AM	3612385259	1013.00	26.89	31.70	90.7	26.60	31.70	93.3	26.34	31.70	95.6	26.27	31.70	96.3
21/06/2018 10:21:00 AM	3612385260	1013.00	26.87	31.69	90.9	26.62	31.69	93.1	26.35	31.69	95.6	26.29	31.69	96.1
21/06/2018 10:21:01 AM	3612385261	1013.00	26.89	31.69	90.7	26.59	31.69	93.4	26.35	31.69	95.6	26.27	31.69	96.3
21/06/2018 10:21:02 AM	3612385262	1013.00	26.87	31.69	90.9	26.59	31.69	93.4	26.28	31.69	96.2	26.31	31.69	95.9
21/06/2018 10:21:03 AM	3612385263	1013.00	26.92	31.69	90.5	26.62	31.69	93.1	26.29	31.69	96.1	26.35	31.69	95.6
21/06/2018 10:21:04 AM	3612385264	1013.00	26.88	31.70	90.8	26.69	31.70	92.5	26.36	31.70	95.4	26.32	31.70	95.8
21/06/2018 10:21:05 AM	3612385265	1013.00	26.89	31.70	90.7	26.61	31.70	93.2	26.34	31.70	95.6	26.30	31.70	96.0
21/06/2018 10:21:06 AM	3612385266	1013.00	26.92	31.70	90.4	26.63	31.70	93.0	26.33	31.70	95.7	26.32	31.70	95.8
21/06/2018 10:21:07 AM	3612385267	1013.00	26.87	31.70	90.9	26.61	31.70	93.2	26.31	31.70	95.9	26.33	31.70	95.7
21/06/2018 10:21:08 AM	3612385268	1013.00	26.89	31.70	90.7	26.64	31.70	92.9	26.39	31.70	95.2	26.32	31.70	95.8
21/06/2018 10:21:09 AM	3612385269	1013.00	26.91	31.70	90.5	26.59	31.70	93.4	26.31	31.70	95.9	26.31	31.70	95.9
21/06/2018 10:21:10 AM	3612385270	1013.00	26.92	31.70	90.4	26.58	31.70	93.4	26.34	31.70	95.6	26.27	31.70	96.3
21/06/2018 10:21:11 AM	3612385271	1013.00	26.92	31.70	90.4	26.63	31.70	93.0	26.36	31.70	95.4	26.31	31.70	95.9
21/06/2018 10:21:12 AM	3612385272	1013.00	26.91	31.70	90.5	26.62	31.70	93.1	26.33	31.70	95.7	26.31	31.70	95.9
21/06/2018 10:21:13 AM	3612385273	1013.00	26.90	31.69	90.6	26.67	31.69	92.7	26.32	31.69	95.8	26.28	31.69	96.2
21/06/2018 10:21:14 AM	3612385274	1013.00	26.91	31.69	90.6	26.63	31.69	93.0	26.34	31.69	95.6	26.31	31.69	95.9
21/06/2018 10:21:15 AM	3612385275	1013.00	26.95	31.70	90.2	26.59	31.70	93.4	26.34	31.70	95.6	26.32	31.70	95.8
21/06/2018 10:21:16 AM	3612385276	1013.00	26.91	31.69	90.6	26.63	31.69	93.0	26.33	31.69	95.7	26.28	31.69	96.2
21/06/2018 10:21:17 AM	3612385277	1013.00	26.87	31.69	90.9	26.69	31.69	92.5	26.33	31.69	95.7	26.28	31.69	96.2
21/06/2018 10:21:18 AM	3612385278	1013.00	26.91	31.70	90.5	26.63	31.70	93.0	26.39	31.70	95.2	26.31	31.70	95.9
21/06/2018 10:21:19 AM	3612385279	1013.00	26.92	31.70	90.4	26.63	31.70	93.0	26.28	31.70	96.2	26.33	31.70	95.7
21/06/2018 10:21:20 AM	3612385280	1013.00	26.92	31.70	90.4	26.65	31.70	92.8	26.35	31.70	95.5	26.31	31.70	95.9
21/06/2018 10:21:21 AM	3612385281	1013.00	26.92	31.70	90.4	26.68	31.70	92.5	26.35	31.70	95.5	26.33	31.70	95.7
21/06/2018 10:21:22 AM	3612385282	1013.00	26.88	31.70	90.8	26.67	31.70	92.6	26.34	31.70	95.6	26.29	31.70	96.1
21/06/2018 10:21:23 AM	3612385283	1013.00	26.93	31.70	90.4	26.59	31.70	93.4	26.36	31.70	95.4	26.35	31.70	95.5
21/06/2018 10:21:24 AM	3612385284	1013.00	26.90	31.71	90.6	26.66	31.71	92.7	26.31	31.71	95.9	26.35	31.71	95.5
21/06/2018 10:21:25 AM	3612385285	1013.00	26.90	31.70	90.6	26.61	31.70	93.2	26.34	31.70	95.6	26.38	31.70	95.3
21/06/2018 10:21:26 AM	3612385286	1013.00	26.91	31.70	90.5	26.68	31.70	92.5	26.35	31.70	95.5	26.31	31.70	95.9
21/06/2018 10:21:27 AM	3612385287	1013.00	26.91	31.70	90.5	26.68	31.70	92.5	26.34	31.70	95.6	26.29	31.70	96.1
21/06/2018 10:21:28 AM	3612385288	1013.00	26.96	31.70	90.1	26.64	31.70	92.9	26.34	31.70	95.6	26.33	31.70	95.7
21/06/2018 10:21:29 AM	3612385289	1013.00	26.94	31.71	90.3	26.68	31.71	92.5	26.33	31.71	95.7	26.35	31.71	95.5
21/06/2018 10:21:30 AM	3612385290	1013.00	26.91	31.70	90.5	26.68	31.70	92.5	26.30	31.70	96.0	26.34	31.70	95.6
21/06/2018 10:21:31 AM	3612385291	1013.00	26.93	31.71	90.3	26.64	31.71	92.9	26.34	31.71	95.6	26.31	31.71	95.9
21/06/2018 10:21:32 AM	3612385292	1013.00	26.89	31.71	90.7	26.64	31.71	92.9	26.40	31.71	95.1	26.32	31.71	95.8
21/06/2018 10:21:33 AM	3612385293	1013.00	26.97	31.71	90.0	26.69	31.71	92.4	26.41	31.71	95.0	26.32	31.71	95.8
21/06/2018 10:21:34 AM	3612385294	1013.00	26.92	31.71	90.4	26.68	31.71	92.5	26.37	31.71	95.3	26.33	31.71	95.7
21/06/2018 10:21:35 AM	3612385295	1013.00	26.90	31.71	90.6	26.67	31.71	92.6	26.40	31.71	95.1	26.34	31.71	95.6
21/06/2018 10:21:36 AM	3612385296	1013.00	26.97	31.71	90.0	26.64	31.71	92.9	26.38	31.71	95.2	26.30	31.71	96.0
21/06/2018 10:21:37 AM	3612385297	1013.00	26.95	31.71	90.2	26.71	31.71	92.3	26.35	31.71	95.5	26.31	31.71	95.9
21/06/2018 10:21:38 AM	3612385298	1013.00	26.94	31.71	90.3	26.67	31.71	92.6	26.35	31.71	95.5	26.31	31.71	95.9
21/06/2018 10:21:39 AM	3612385299	1013.00	26.91	31.71	90.5	26.76	31.71	91.8	26.35	31.71	95.5	26.33	31.71	95.7
21/06/2018 10:21:40 AM	3612385300	1013.00	26.93	31.71	90.3	26.69	31.71	92.4	26.36	31.71	95.4	26.35	31.71	95.5
21/06/2018 10:21:41 AM	3612385301	1013.00	26.92	31.71	90.4	26.73	31.71	92.1	26.34	31.71	95.6	26.37	31.71	95.3
21/06/2018 10:21:42 AM	3612385302	1013.00	26.90	31.70	90.6	26.71	31.70	92.3	26.32	31.70	95.8	26.41	31.70	95.0
21/06/2018 10:21:43 AM	3612385303	1013.00	26.90	31.70	90.6	26.73	31.70	92.1	26.34	31.70	95.6	26.35	31.70	95.5
21/06/2018 10:21:44 AM	3612385304	1013.00	26.91	31.70	90.5	26.73	31.70	92.1	26.37	31.70	95.4	26.38	31.70	95.3
21/06/2018 10:21:45 AM	3612385305	1013.00	26.93	31.70	90.4	26.68	31.70	92.5	26.39	31.70	95.2	26.32	31.70	95.8
21/06/2018 10:21:46 AM	3612385306	1013.00	26.93	31.70	90.4	26.75	31.70	91.9	26.34	31.70	95.6	26.34	31.70	95.6
21/06/2018 10:21:47 AM	3612385307	1013.00	26.97	31.71	90.0	26.66	31.71	92.7	26.34	31.71	95.6	26.38	31.71	95.2
21/06/2018 10:21:48 AM	3612385308	1013.00	26.91	31.71	90.5	26.71	31.71	92.3	26.36	31.71	95.4	26.39	31.71	95.2
21/06/2018 10:21:49 AM	3612385309	1013.00	26.95	31.71	90.2	26.69	31.71	92.4	26.34	31.71	95.6	26.33	31.71	95.7
21/06/2018 10:21:50 AM	3612385310	1013.00	26.95	31.71	90.2	26.71	31.71	92.3	26.31	31.71	95.9	26.33	31.71	95.7
21/06/2018 10:21:51 AM	3612385311	1013.00	26.91	31.71	90.5	26.71	31.71	92.3	26.34	31.71	95.6	26.32	31.71	95.8
21/06/2018 10:21:52 AM	3612385312	1013.00	26.98	31.71	89.9	26.74	31.71	92.0	26.34	31.71	95.6	26.41	31.71	95.0
21/06/2018 10:21:53 AM	3612385313	1013.00	27.00	31.71	89.7	26.71	31.71	92.3	26.33	31.71	95.7	26.32	31.71	95.8
21/06/2018 10:21:54 AM	3612385314	1013.00	26.98	31.71	89.9	26.77	31.71	91.7	26.38	31.71	95.2	26.39	31.71	95.2
21/06/2018 10:21:55 AM	3612385315	1013.00	26.98	31.71	89.9	26.81	31.71	91.4	26.37	31.71	95.3	26.36	31.71	95.4
21/06/2018 10:21:56 AM	3612385316	1013.00	26.95	31.71	90.2	26.69	31.71	92.4	26.36	31.71	95.4	26.41	31.71	95.0
21/06/2018 10:21:57 AM	3612385317	1013.00	26.97	31.71	90.0	26.74	31.71	92.0	26.35	31.71	95.5	26.43	31.71	94.8
21/06/2018 10:21:58 AM	3612385318	1013.00	26.99	31.71	89.8	26.77	31.71	91.7	26.35	31.71	95.5	26.37	31.71	95.3
21/06/2018 10:21:59 AM	3612385319	1013.00	26.96	31.72	90.1	26.79	31.72	91.5	26.35	31.72	95.5	26.41	31.72	95.0
21/06/2018 10:22:00 AM	3612385320	1013.00	26.98	31.71	89.9	26.82	31.71	91.3	26.30	31.71	96.0	26.40	31.71	95.1
21/06/2018 10:22:01 AM	3612385321	1013.00	26.98	31.72	89.9	26.73	31.72	92.1	26.34	31.72	95.6	26.40	31.72	95.0
21/06/2018 10:22:02 AM	3612385322	1013.00	26.96	31.72	90.1	26.78	31.72	91.6	26.41	31.72	95.0	26.41	31.72	95.0
21/06/2018 10:22:03 AM	3612385323	1013.00	26.97	31.72	90.0	26.78	31.72	91.6	26.36	31.72	95.4	26.39	31.72	95.1
21/06/2018 10:22:04 AM	3612385324	1013.00	26.96	31.72	90.1	26.75	31.72	91.9	26.33	31.72	95.7	26.41	31.72	95.0
21/06/2018 10:22:05 AM	3612385325	1013.00	26.95	31.72	90.2	26.71	31.72	92.3	26.34	31.72	95.6	26.43	31.72	94.8
21/06/2018 10:22:06 AM	3612385326	1013.00	26.93	31.72	90.3	26.74	31.72	92.0	26.37	31.72	95.3	26.35	31.72	95.5
21/06/2018 10:22:07 AM	3612385327	1013.00	26.98	31.72	89.9	26.75	31.72	91.9	26.33	31.72	95.7	26.36	31.72	95.4
21/06/2018 10:22:08 AM	3612385328	1013.00	26.97	31.72	90.0	26.78	31.72	91.6	26.35	31.72	95.5	26.41	31.72	95.0
21/06/2018 10:22:09 AM	3612385329	1013.00	26.99	31.71	89.8	26.78	31.71	91.7	26.36	31.71	95.4	26.38	31.71	95.2
21/06/2018 10:22:10 AM	3612385330	1013.00	27.02	31.71	89.6	26.72	31.71	92.2	26.36	31.71	95.4	26.43	31.71	94.8
21/06/2018 10:22:11 AM	3612385331	1013.00	26.95	31.71	90.2	26.78	31.71	91.7	26.34	31.71	95.6	26.42	31.71	94.9
21/06/2018 10:22:12 AM	3612385332	1013.00	27.01	31.71	89.7	26.80	31.71	91.5	26.32	31.71	95.8	26.43	31.71	94.8
21/06/2018 10:22:13 AM	3612385333	1013.00	26.98	31.71	89.9	26.79	31.71	91.6	26.37	31.71	95.3	26.43	31.71	94.8
21/06/2018 10:22:14 AM	3612385334	1013.00	27.02	31.71	89.6	26.74	31.71	92.0	26.39	31.71	95.2	26.39	31.71	95.2
21/06/2018 10:22:15 AM	3612385335	1013.00	27.00	31.71	89.7	26.79	31.71	91.6	26.37	31.71	95.3	26.42	31.71	94.9
21/06/2018 10:22:16 AM	3612385336	1013.00	27.00	31.71	89.7	26.78	31.71	91.7	26.37	31.71	95.3	26.40	31.71	95.1
21/06/2018 10:22:17 AM	3612385337	1013.00	26.99	31.71	89.8	26.80	31.71	91.5	26.35	31.71	95.5	26.46	31.71	94.5
21/06/2018 10:22:18 AM	3612385338	1013.00	27.04	31.71	89.4	26.83	31.71	91.2	26.40	31.71	95.1	26.36	31.71	95.4
21/06/2018 10:22:19 AM	3612385339	1013.00	27.01	31.71	89.7	26.90	31.71	90.6	26.35	31.71	95.5	26.46	31.71	94.5
21/06/2018 10:22:20 AM	3612385340	1013.00	27.05	31.72	89.3	26.84	31.72	91.1	26.37	31.72	95.3	26.39	31.72	95.1
21/06/2018 10:22:21 AM	3612385341	1013.00	27.06	31.71	89.2	26.78	31.71	91.7	26.37	31.71	95.3	26.45	31.71	94.6
21/06/2018 10:22:22 AM	3612385342	1013.00	27.03	31.71	89.5	26.80	31.71	91.5	26.38	31.71	95.2	26.45	31.71	94.6
21/06/2018 10:22:23 AM	3612385343	1013.00	27.02	31.71	89.6	26.79	31.71	91.6	26.38	31.71	95.2	26.44	31.71	94.7
21/06/2018 10:22:24 AM	3612385344	1013.00	26.99	31.71	89.8	26.79	31.71	91.6	26.34	31.71	95.6	26.46	31.71	94.5
21/06/2018 10:22:25 AM	3612385345	1013.00	27.07	31.71	89.2	26.83	31.71	91.2	26.42	31.71	94.9	26.43	31.71	94.8
21/06/2018 10:22:26 AM	3612385346	1013.00	27.03	31.71	89.5	26.84	31.71	91.1	26.37	31.71	95.3	26.47	31.71	94.4
21/06/2018 10:22:27 AM	3612385347	1013.00	27.01	31.71	89.7	26.82	31.71	91.3	26.37	31.71	95.3	26.43	31.71	94.8
21/06/2018 10:22:28 AM	3612385348	1013.00	27.04	31.71	89.4	26.77	31.71	91.7	26.42	31.71	94.9	26.40	31.71	95.1
21/06/2018 10:22:29 AM	3612385349	1013.00	27.02	31.71	89.6	26.83	31.71	91.2	26.38	31.71	95.2	26.46	31.71	94.5
21/06/2018 10:22:30 AM	3612385350	1013.00	27.04	31.71	89.4	26.89	31.71	90.7	26.34	31.71	95.6	26.40	31.71	95.1
21/06/2018 10:22:31 AM	3612385351	1013.00	27.08	31.71	89.1	26.82	31.71	91.3	26.36	31.71	95.4	26.48	31.71	94.3
21/06/2018 10:22:32 AM	3612385352	1013.00	27.02	31.72	89.6	26.84	31.72	91.1	26.37	31.72	95.3	26.42	31.72	94.9
21/06/2018 10:22:33 AM	3612385353	1013.00	27.07	31.72	89.1	26.80	31.72	91.5	26.37	31.72	95.3	26.46	31.72	94.5
21/06/2018 10:22:34 AM	3612385354	1013.00	27.08	31.72	89.1	26.86	31.72	90.9	26.36	31.72	95.4	26.47	31.72	94.4
21/06/2018 10:22:35 AM	3612385355	1013.00	27.08	31.72	89.1	26.85	31.72	91.0	26.36	31.72	95.4	26.47	31.72	94.4
21/06/2018 10:22:36 AM	3612385356	1013.00	27.06	31.71	89.2	26.83	31.71	91.2	26.35	31.71	95.5	26.42	31.71	94.9
21/06/2018 10:22:37 AM	3612385357	1013.00	27.04	31.71	89.4	26.89	31.71	90.7	26.40	31.71	95.1	26.47	31.71	94.4
21/06/2018 10:22:38 AM	3612385358	1013.00	27.06	31.72	89.2	26.84	31.72	91.1	26.34	31.72	95.6	26.46	31.72	94.5
21/06/2018 10:22:39 AM	3612385359	1013.00	27.09	31.71	89.0	26.84	31.71	91.1	26.37	31.71	95.3	26.49	31.71	94.2
21/06/2018 10:22:40 AM	3612385360	1013.00	27.07	31.71	89.2	26.89	31.71	90.7	26.39	31.71	95.2	26.48	31.71	94.3
21/06/2018 10:22:41 AM	3612385361	1013.00	27.07	31.72	89.1	26.84	31.72	91.1	26.36	31.72	95.4	26.47	31.72	94.4
21/06/2018 10:22:42 AM	3612385362	1013.00	27.07	31.71	89.2	26.94	31.71	90.3	26.36	31.71	95.4	26.50	31.71	94.1
21/06/2018 10:22:43 AM	3612385363	1013.00	27.09	31.71	89.0	26.92	31.71	90.4	26.40	31.71	95.1	26.52	31.71	94.0
21/06/2018 10:22:44 AM	3612385364	1013.00	27.04	31.71	89.4	26.89	31.71	90.7	26.37	31.71	95.3	26.49	31.71	94.2
21/06/2018 10:22:45 AM	3612385365	1013.00	27.04	31.71	89.4	26.86	31.71	91.0	26.40	31.71	95.1	26.50	31.71	94.1
21/06/2018 10:22:46 AM	3612385366	1013.00	27.09	31.71	89.0	26.90	31.71	90.6	26.38	31.71	95.2	26.53	31.71	93.9
21/06/2018 10:22:47 AM	3612385367	1013.00	27.06	31.70	89.3	26.90	31.70	90.6	26.40	31.70	95.1	26.49	31.70	94.3
21/06/2018 10:22:48 AM	3612385368	1013.00	27.06	31.70	89.3	26.91	31.70	90.5	26.44	31.70	94.7	26.45	31.70	94.6
21/06/2018 10:22:49 AM	3612385369	1013.00	27.07	31.70	89.2	26.92	31.70	90.4	26.42	31.70	94.9	26.47	31.70	94.4
21/06/2018 10:22:50 AM	3612385370	1013.00	27.06	31.70	89.3	26.89	31.70	90.7	26.40	31.70	95.1	26.55	31.70	93.7
21/06/2018 10:22:51 AM	3612385371	1013.00	27.09	31.70	89.0	26.85	31.70	91.1	26.38	31.70	95.3	26.49	31.70	94.3
21/06/2018 10:22:52 AM	3612385372	1013.00	27.08	31.70	89.1	26.95	31.70	90.2	26.38	31.70	95.3	26.49	31.70	94.3
21/06/2018 10:22:53 AM	3612385373	1013.00	27.08	31.71	89.1	26.96	31.71	90.1	26.41	31.71	95.0	26.50	31.71	94.1
21/06/2018 10:22:54 AM	3612385374	1013.00	27.11	31.70	88.8	26.95	31.70	90.2	26.37	31.70	95.4	26.50	31.70	94.2
21/06/2018 10:22:55 AM	3612385375	1013.00	27.11	31.70	88.8	26.92	31.70	90.4	26.41	31.70	95.0	26.48	31.70	94.3
21/06/2018 10:22:56 AM	3612385376	1013.00	27.12	31.70	88.7	27.03	31.70	89.5	26.37	31.70	95.4	26.48	31.70	94.3
21/06/2018 10:22:57 AM	3612385377	1013.00	27.08	31.70	89.1	26.94	31.70	90.3	26.41	31.70	95.0	26.52	31.70	94.0
21/06/2018 10:22:58 AM	3612385378	1013.00	27.09	31.70	89.0	26.91	31.70	90.5	26.40	31.70	95.1	26.47	31.70	94.4
21/06/2018 10:22:59 AM	3612385379	1013.00	27.13	31.71	88.6	26.95	31.71	90.2	26.45	31.71	94.6	26.48	31.71	94.3
21/06/2018 10:23:00 AM	3612385380	1013.00	27.13	31.70	88.7	26.95	31.70	90.2	26.39	31.70	95.2	26.46	31.70	94.5
21/06/2018 10:23:01 AM	3612385381	1013.00	27.17	31.71	88.3	26.91	31.71	90.5	26.33	31.71	95.7	26.53	31.71	93.9
21/06/2018 10:23:02 AM	3612385382	1013.00	27.13	31.71	88.6	26.97	31.71	90.0	26.44	31.71	94.7	26.55	31.71	93.7
21/06/2018 10:23:03 AM	3612385383	1013.00	27.16	31.71	88.4	27.01	31.71	89.7	26.38	31.71	95.2	26.53	31.71	93.9
21/06/2018 10:23:04 AM	3612385384	1013.00	27.14	31.71	88.6	26.97	31.71	90.0	26.40	31.71	95.1	26.48	31.71	94.3
21/06/2018 10:23:05 AM	3612385385	1013.00	27.11	31.71	88.8	26.95	31.71	90.2	26.36	31.71	95.4	26.52	31.71	94.0
21/06/2018 10:23:06 AM	3612385386	1013.00	27.11	31.71	88.8	27.04	31.71	89.4	26.44	31.71	94.7	26.53	31.71	93.9
21/06/2018 10:23:07 AM	3612385387	1013.00	27.16	31.71	88.4	27.01	31.71	89.7	26.42	31.71	94.9	26.56	31.71	93.6
21/06/2018 10:23:08 AM	3612385388	1013.00	27.15	31.71	88.5	26.99	31.71	89.8	26.42	31.71	94.9	26.56	31.71	93.6
21/06/2018 10:23:09 AM	3612385389	1013.00	27.15	31.71	88.5	26.99	31.71	89.8	26.43	31.71	94.8	26.53	31.71	93.9
21/06/2018 10:23:10 AM	3612385390	1013.00	27.16	31.71	88.4	27.02	31.71	89.6	26.36	31.71	95.4	26.59	31.71	93.3
21/06/2018 10:23:11 AM	3612385391	1013.00	27.17	31.71	88.3	27.05	31.71	89.3	26.46	31.71	94.5	26.51	31.71	94.1
21/06/2018 10:23:12 AM	3612385392	1013.00	27.16	31.71	88.4	27.02	31.71	89.6	26.39	31.71	95.2	26.56	31.71	93.6
21/06/2018 10:23:13 AM	3612385393	1013.00	27.15	31.71	88.5	26.99	31.71	89.8	26.37	31.71	95.3	26.56	31.71	93.6
21/06/2018 10:23:14 AM	3612385394	1013.00	27.19	31.71	88.1	27.01	31.71	89.7	26.43	31.71	94.8	26.57	31.71	93.5
21/06/2018 10:23:15 AM	3612385395	1013.00	27.19	31.71	88.1	27.07	31.71	89.2	26.42	31.71	94.9	26.55	31.71	93.7
21/06/2018 10:23:16 AM	3612385396	1013.00	27.15	31.71	88.5	27.05	31.71	89.3	26.43	31.71	94.8	26.51	31.71	94.1
21/06/2018 10:23:17 AM	3612385397	1013.00	27.19	31.71	88.1	27.02	31.71	89.6	26.40	31.71	95.1	26.59	31.71	93.3
21/06/2018 10:23:18 AM	3612385398	1013.00	27.18	31.71	88.2	27.04	31.71	89.4	26.42	31.71	94.9	26.56	31.71	93.6
21/06/2018 10:23:19 AM	3612385399	1013.00	27.20	31.71	88.1	27.00	31.71	89.7	26.42	31.71	94.9	26.60	31.71	93.2
21/06/2018 10:23:20 AM	3612385400	1013.00	27.17	31.71	88.3	27.06	31.71	89.2	26.38	31.71	95.2	26.54	31.71	93.8
21/06/2018 10:23:21 AM	3612385401	1013.00	27.15	31.70	88.5	27.03	31.70	89.5	26.44	31.70	94.7	26.52	31.70	94.0
21/06/2018 10:23:22 AM	3612385402	1013.00	27.15	31.71	88.5	27.03	31.71	89.5	26.43	31.71	94.8	26.53	31.71	93.9
21/06/2018 10:23:23 AM	3612385403	1013.00	27.17	31.71	88.3	27.06	31.71	89.2	26.41	31.71	95.0	26.57	31.71	93.5
21/06/2018 10:23:24 AM	3612385404	1013.00	27.17	31.71	88.3	27.08	31.71	89.1	26.39	31.71	95.2	26.59	31.71	93.3
21/06/2018 10:23:25 AM	3612385405	1013.00	27.19	31.71	88.1	27.06	31.71	89.2	26.45	31.71	94.6	26.58	31.71	93.4
21/06/2018 10:23:26 AM	3612385406	1013.00	27.21	31.71	88.0	27.06	31.71	89.2	26.37	31.71	95.3	26.58	31.71	93.4
21/06/2018 10:23:27 AM	3612385407	1013.00	27.21	31.71	88.0	27.10	31.71	88.9	26.39	31.71	95.2	26.59	31.71	93.3
21/06/2018 10:23:28 AM	3612385408	1013.00	27.25	31.71	87.6	27.05	31.71	89.3	26.39	31.71	95.2	26.61	31.71	93.2
21/06/2018 10:23:29 AM	3612385409	1013.00	27.20	31.71	88.1	27.05	31.71	89.3	26.44	31.71	94.7	26.61	31.71	93.2
21/06/2018 10:23:30 AM	3612385410	1013.00	27.21	31.70	88.0	27.05	31.70	89.3	26.37	31.70	95.4	26.56	31.70	93.6
21/06/2018 10:23:31 AM	3612385411	1013.00	27.24	31.71	87.7	27.03	31.71	89.5	26.46	31.71	94.5	26.61	31.71	93.2
21/06/2018 10:23:32 AM	3612385412	1013.00	27.23	31.71	87.8	27.12	31.71	88.7	26.43	31.71	94.8	26.62	31.71	93.1
21/06/2018 10:23:33 AM	3612385413	1013.00	27.23	31.71	87.8	27.05	31.71	89.3	26.38	31.71	95.2	26.54	31.71	93.8
21/06/2018 10:23:34 AM	3612385414	1013.00	27.21	31.71	88.0	27.06	31.71	89.2	26.40	31.71	95.1	26.62	31.71	93.1
21/06/2018 10:23:35 AM	3612385415	1013.00	27.20	31.71	88.1	27.08	31.71	89.1	26.43	31.71	94.8	26.64	31.71	92.9
21/06/2018 10:23:36 AM	3612385416	1013.00	27.22	31.71	87.9	27.05	31.71	89.3	26.45	31.71	94.6	26.62	31.71	93.1
21/06/2018 10:23:37 AM	3612385417	1013.00	27.21	31.71	88.0	27.08	31.71	89.1	26.46	31.71	94.5	26.57	31.71	93.5
21/06/2018 10:23:38 AM	3612385418	1013.00	27.23	31.70	87.8	27.10	31.70	88.9	26.49	31.70	94.3	26.65	31.70	92.8
21/06/2018 10:23:39 AM	3612385419	1013.00	27.23	31.70	87.8	27.12	31.70	88.7	26.45	31.70	94.6	26.62	31.70	93.1
21/06/2018 10:23:40 AM	3612385420	1013.00	27.22	31.70	87.9	27.13	31.70	88.7	26.50	31.70	94.2	26.58	31.70	93.4
21/06/2018 10:23:41 AM	3612385421	1013.00	27.25	31.70	87.7	27.15	31.70	88.5	26.42	31.70	94.9	26.66	31.70	92.7
21/06/2018 10:23:42 AM	3612385422	1013.00	27.21	31.71	88.0	27.16	31.71	88.4	26.41	31.71	95.0	26.64	31.71	92.9
21/06/2018 10:23:43 AM	3612385423	1013.00	27.24	31.71	87.7	27.12	31.71	88.7	26.49	31.71	94.2	26.68	31.71	92.5
21/06/2018 10:23:44 AM	3612385424	1013.00	27.24	31.71	87.7	27.17	31.71	88.3	26.46	31.71	94.5	26.61	31.71	93.2
21/06/2018 10:23:45 AM	3612385425	1013.00	27.22	31.71	87.9	27.08	31.71	89.1	26.40	31.71	95.1	26.69	31.71	92.4
21/06/2018 10:23:46 AM	3612385426	1013.00	27.25	31.71	87.6	27.19	31.71	88.1	26.45	31.71	94.6	26.65	31.71	92.8
21/06/2018 10:23:47 AM	3612385427	1013.00	27.27	31.71	87.5	27.13	31.71	88.6	26.40	31.71	95.1	26.65	31.71	92.8
21/06/2018 10:23:48 AM	3612385428	1013.00	27.24	31.71	87.7	27.20	31.71	88.1	26.43	31.71	94.8	26.67	31.71	92.6
21/06/2018 10:23:49 AM	3612385429	1013.00	27.25	31.71	87.6	27.12	31.71	88.7	26.42	31.71	94.9	26.70	31.71	92.4
21/06/2018 10:23:50 AM	3612385430	1013.00	27.27	31.70	87.5	27.19	31.70	88.2	26.48	31.70	94.3	26.69	31.70	92.5
21/06/2018 10:23:51 AM	3612385431	1013.00	27.27	31.70	87.5	27.20	31.70	88.1	26.42	31.70	94.9	26.69	31.70	92.5
21/06/2018 10:23:52 AM	3612385432	1013.00	27.27	31.70	87.5	27.17	31.70	88.3	26.49	31.70	94.3	26.66	31.70	92.7
21/06/2018 10:23:53 AM	3612385433	1013.00	27.27	31.71	87.5	27.21	31.71	88.0	26.41	31.71	95.0	26.67	31.71	92.6
21/06/2018 10:23:54 AM	3612385434	1013.00	27.29	31.71	87.3	27.21	31.71	88.0	26.42	31.71	94.9	26.69	31.71	92.4
21/06/2018 10:23:55 AM	3612385435	1013.00	27.29	31.71	87.3	27.22	31.71	87.9	26.45	31.71	94.6	26.71	31.71	92.3
21/06/2018 10:23:56 AM	3612385436	1013.00	27.28	31.71	87.4	27.24	31.71	87.7	26.50	31.71	94.1	26.70	31.71	92.4
21/06/2018 10:23:57 AM	3612385437	1013.00	27.27	31.71	87.5	27.27	31.71	87.5	26.47	31.71	94.4	26.70	31.71	92.4
21/06/2018 10:23:58 AM	3612385438	1013.00	27.30	31.71	87.2	27.22	31.71	87.9	26.49	31.71	94.2	26.61	31.71	93.2
21/06/2018 10:23:59 AM	3612385439	1013.00	27.25	31.70	87.7	27.21	31.70	88.0	26.43	31.70	94.8	26.69	31.70	92.5
21/06/2018 10:24:00 AM	3612385440	1013.00	27.26	31.71	87.6	27.17	31.71	88.3	26.48	31.71	94.3	26.71	31.71	92.3
21/06/2018 10:24:01 AM	3612385441	1013.00	27.27	31.71	87.5	27.17	31.71	88.3	26.50	31.71	94.1	26.66	31.71	92.7
21/06/2018 10:24:02 AM	3612385442	1013.00	27.32	31.70	87.1	27.18	31.70	88.2	26.42	31.70	94.9	26.74	31.70	92.0
21/06/2018 10:24:03 AM	3612385443	1013.00	27.29	31.70	87.3	27.20	31.70	88.1	26.45	31.70	94.6	26.64	31.70	92.9
21/06/2018 10:24:04 AM	3612385444	1013.00	27.29	31.70	87.3	27.24	31.70	87.7	26.49	31.70	94.3	26.71	31.70	92.3
21/06/2018 10:24:05 AM	3612385445	1013.00	27.28	31.70	87.4	27.24	31.70	87.7	26.45	31.70	94.6	26.68	31.70	92.5
21/06/2018 10:24:06 AM	3612385446	1013.00	27.32	31.70	87.1	27.20	31.70	88.1	26.48	31.70	94.3	26.70	31.70	92.4
21/06/2018 10:24:07 AM	3612385447	1013.00	27.32	31.70	87.1	27.23	31.70	87.8	26.42	31.70	94.9	26.72	31.70	92.2
21/06/2018 10:24:08 AM	3612385448	1013.00	27.32	31.71	87.1	27.20	31.71	88.1	26.45	31.71	94.6	26.67	31.71	92.6
21/06/2018 10:24:09 AM	3612385449	1013.00	27.26	31.70	87.6	27.23	31.70	87.8	26.43	31.70	94.8	26.75	31.70	91.9
21/06/2018 10:24:10 AM	3612385450	1013.00	27.33	31.71	87.0	27.25	31.71	87.6	26.51	31.71	94.1	26.70	31.71	92.4
21/06/2018 10:24:11 AM	3612385451	1013.00	27.33	31.71	87.0	27.30	31.71	87.2	26.49	31.71	94.2	26.66	31.71	92.7
21/06/2018 10:24:12 AM	3612385452	1013.00	27.33	31.70	87.0	27.30	31.70	87.2	26.49	31.70	94.3	26.72	31.70	92.2
21/06/2018 10:24:13 AM	3612385453	1013.00	27.34	31.70	86.9	27.30	31.70	87.2	26.49	31.70	94.3	26.72	31.70	92.2
21/06/2018 10:24:14 AM	3612385454	1013.00	27.35	31.71	86.8	27.30	31.71	87.2	26.50	31.71	94.1	26.71	31.71	92.3
21/06/2018 10:24:15 AM	3612385455	1013.00	27.30	31.70	87.2	27.28	31.70	87.4	26.49	31.70	94.3	26.69	31.70	92.5
21/06/2018 10:24:16 AM	3612385456	1013.00	27.36	31.71	86.7	27.28	31.71	87.4	26.49	31.71	94.2	26.70	31.71	92.4
21/06/2018 10:24:17 AM	3612385457	1013.00	27.38	31.71	86.6	27.26	31.71	87.6	26.46	31.71	94.5	26.72	31.71	92.2
21/06/2018 10:24:18 AM	3612385458	1013.00	27.35	31.71	86.8	27.31	31.71	87.1	26.46	31.71	94.5	26.73	31.71	92.1
21/06/2018 10:24:19 AM	3612385459	1013.00	27.37	31.71	86.7	27.33	31.71	87.0	26.47	31.71	94.4	26.74	31.71	92.0
21/06/2018 10:24:20 AM	3612385460	1013.00	27.35	31.71	86.8	27.35	31.71	86.8	26.44	31.71	94.7	26.73	31.71	92.1
21/06/2018 10:24:21 AM	3612385461	1013.00	27.37	31.71	86.7	27.38	31.71	86.6	26.50	31.71	94.1	26.76	31.71	91.8
21/06/2018 10:24:22 AM	3612385462	1013.00	27.39	31.71	86.5	27.26	31.71	87.6	26.48	31.71	94.3	26.74	31.71	92.0
21/06/2018 10:24:23 AM	3612385463	1013.00	27.37	31.71	86.7	27.31	31.71	87.1	26.45	31.71	94.6	26.76	31.71	91.8
21/06/2018 10:24:24 AM	3612385464	1013.00	27.37	31.70	86.7	27.35	31.70	86.8	26.44	31.70	94.7	26.72	31.70	92.2
21/06/2018 10:24:25 AM	3612385465	1013.00	27.39	31.70	86.5	27.42	31.70	86.3	26.48	31.70	94.3	26.75	31.70	91.9
21/06/2018 10:24:26 AM	3612385466	1013.00	27.38	31.70	86.6	27.38	31.70	86.6	26.52	31.70	94.0	26.73	31.70	92.1
21/06/2018 10:24:27 AM	3612385467	1013.00	27.40	31.70	86.4	27.35	31.70	86.8	26.53	31.70	93.9	26.77	31.70	91.8
21/06/2018 10:24:28 AM	3612385468	1013.00	27.39	31.70	86.5	27.33	31.70	87.0	26.53	31.70	93.9	26.80	31.70	91.5
21/06/2018 10:24:29 AM	3612385469	1013.00	27.41	31.70	86.3	27.38	31.70	86.6	26.51	31.70	94.1	26.78	31.70	91.7
21/06/2018 10:24:30 AM	3612385470	1013.00	27.38	31.70	86.6	27.29	31.70	87.3	26.47	31.70	94.4	26.81	31.70	91.4
21/06/2018 10:24:31 AM	3612385471	1013.00	27.37	31.70	86.7	27.41	31.70	86.3	26.46	31.70	94.5	26.77	31.70	91.8
21/06/2018 10:24:32 AM	3612385472	1013.00	27.38	31.70	86.6	27.36	31.70	86.8	26.48	31.70	94.3	26.76	31.70	91.8
21/06/2018 10:24:33 AM	3612385473	1013.00	27.42	31.70	86.3	27.39	31.70	86.5	26.47	31.70	94.4	26.80	31.70	91.5
21/06/2018 10:24:34 AM	3612385474	1013.00	27.33	31.70	87.0	27.41	31.70	86.3	26.49	31.70	94.3	26.82	31.70	91.3
21/06/2018 10:24:35 AM	3612385475	1013.00	27.43	31.69	86.2	27.35	31.69	86.8	26.47	31.69	94.5	26.84	31.69	91.2
21/06/2018 10:24:36 AM	3612385476	1013.00	27.41	31.69	86.4	27.40	31.69	86.4	26.45	31.69	94.6	26.83	31.69	91.2
21/06/2018 10:24:37 AM	3612385477	1013.00	27.41	31.69	86.4	27.41	31.69	86.4	26.51	31.69	94.1	26.85	31.69	91.1
21/06/2018 10:24:38 AM	3612385478	1013.00	27.42	31.69	86.3	27.37	31.69	86.7	26.50	31.69	94.2	26.81	31.69	91.4
21/06/2018 10:24:39 AM	3612385479	1013.00	27.44	31.69	86.1	27.38	31.69	86.6	26.46	31.69	94.5	26.84	31.69	91.2
21/06/2018 10:24:40 AM	3612385480	1013.00	27.42	31.69	86.3	27.39	31.69	86.5	26.50	31.69	94.2	26.86	31.69	91.0
21/06/2018 10:24:41 AM	3612385481	1013.00	27.43	31.69	86.2	27.37	31.69	86.7	26.47	31.69	94.5	26.81	31.69	91.4
21/06/2018 10:24:42 AM	3612385482	1013.00	27.43	31.70	86.2	27.38	31.70	86.6	26.52	31.70	94.0	26.86	31.70	91.0
21/06/2018 10:24:43 AM	3612385483	1013.00	27.45	31.70	86.0	27.38	31.70	86.6	26.48	31.70	94.3	26.84	31.70	91.1
21/06/2018 10:24:44 AM	3612385484	1013.00	27.42	31.70	86.3	27.47	31.70	85.9	26.54	31.70	93.8	26.88	31.70	90.8
21/06/2018 10:24:45 AM	3612385485	1013.00	27.48	31.70	85.8	27.43	31.70	86.2	26.52	31.70	94.0	26.85	31.70	91.1
21/06/2018 10:24:46 AM	3612385486	1013.00	27.40	31.70	86.4	27.45	31.70	86.0	26.45	31.70	94.6	26.85	31.70	91.1
21/06/2018 10:24:47 AM	3612385487	1013.00	27.44	31.70	86.1	27.47	31.70	85.9	26.51	31.70	94.1	26.80	31.70	91.5
21/06/2018 10:24:48 AM	3612385488	1013.00	27.45	31.70	86.0	27.45	31.70	86.0	26.47	31.70	94.4	26.83	31.70	91.2
21/06/2018 10:24:49 AM	3612385489	1013.00	27.46	31.69	86.0	27.51	31.69	85.5	26.51	31.69	94.1	26.86	31.69	91.0
21/06/2018 10:24:50 AM	3612385490	1013.00	27.47	31.69	85.9	27.47	31.69	85.9	26.50	31.69	94.2	26.84	31.69	91.2
21/06/2018 10:24:51 AM	3612385491	1013.00	27.44	31.69	86.1	27.47	31.69	85.9	26.55	31.69	93.7	26.88	31.69	90.8
21/06/2018 10:24:52 AM	3612385492	1013.00	27.46	31.70	85.9	27.46	31.70	85.9	26.51	31.70	94.1	26.85	31.70	91.1
21/06/2018 10:24:53 AM	3612385493	1013.00	27.46	31.70	85.9	27.49	31.70	85.7	26.55	31.70	93.7	26.87	31.70	90.9
21/06/2018 10:24:54 AM	3612385494	1013.00	27.44	31.70	86.1	27.48	31.70	85.8	26.54	31.70	93.8	26.88	31.70	90.8
21/06/2018 10:24:55 AM	3612385495	1013.00	27.50	31.70	85.6	27.47	31.70	85.9	26.53	31.70	93.9	26.91	31.70	90.5
21/06/2018 10:24:56 AM	3612385496	1013.00	27.48	31.70	85.8	27.50	31.70	85.6	26.54	31.70	93.8	26.90	31.70	90.6
21/06/2018 10:24:57 AM	3612385497	1013.00	27.48	31.69	85.8	27.45	31.69	86.0	26.56	31.69	93.6	26.90	31.69	90.6
21/06/2018 10:24:58 AM	3612385498	1013.00	27.48	31.69	85.8	27.60	31.69	84.8	26.59	31.69	93.4	26.89	31.69	90.7
21/06/2018 10:24:59 AM	3612385499	1013.00	27.52	31.69	85.5	27.53	31.69	85.4	26.52	31.69	94.0	26.90	31.69	90.6
21/06/2018 10:25:00 AM	3612385500	1013.00	27.54	31.69	85.3	27.48	31.69	85.8	26.53	31.69	93.9	26.92	31.69	90.5
21/06/2018 10:25:01 AM	3612385501	1013.00	27.54	31.70	85.3	27.56	31.70	85.1	26.50	31.70	94.2	26.90	31.70	90.6
21/06/2018 10:25:02 AM	3612385502	1013.00	27.47	31.70	85.9	27.55	31.70	85.2	26.56	31.70	93.6	26.93	31.70	90.4
21/06/2018 10:25:03 AM	3612385503	1013.00	27.47	31.70	85.9	27.52	31.70	85.5	26.51	31.70	94.1	26.89	31.70	90.7
21/06/2018 10:25:04 AM	3612385504	1013.00	27.55	31.70	85.2	27.47	31.70	85.9	26.53	31.70	93.9	26.99	31.70	89.8
21/06/2018 10:25:05 AM	3612385505	1013.00	27.51	31.70	85.5	27.57	31.70	85.1	26.52	31.70	94.0	26.98	31.70	89.9
21/06/2018 10:25:06 AM	3612385506	1013.00	27.51	31.70	85.5	27.54	31.70	85.3	26.53	31.70	93.9	26.94	31.70	90.3
21/06/2018 10:25:07 AM	3612385507	1013.00	27.54	31.70	85.3	27.55	31.70	85.2	26.55	31.70	93.7	26.92	31.70	90.4
21/06/2018 10:25:08 AM	3612385508	1013.00	27.53	31.70	85.4	27.56	31.70	85.1	26.51	31.70	94.1	26.98	31.70	89.9
21/06/2018 10:25:09 AM	3612385509	1013.00	27.53	31.70	85.4	27.55	31.70	85.2	26.51	31.70	94.1	26.95	31.70	90.2
21/06/2018 10:25:10 AM	3612385510	1013.00	27.55	31.69	85.2	27.52	31.69	85.5	26.52	31.69	94.0	27.00	31.69	89.8
21/06/2018 10:25:11 AM	3612385511	1013.00	27.57	31.69	85.1	27.51	31.69	85.5	26.48	31.69	94.4	27.00	31.69	89.8
21/06/2018 10:25:12 AM	3612385512	1013.00	27.58	31.69	85.0	27.54	31.69	85.3	26.56	31.69	93.6	26.93	31.69	90.4
21/06/2018 10:25:13 AM	3612385513	1013.00	27.57	31.69	85.1	27.61	31.69	84.7	26.50	31.69	94.2	26.94	31.69	90.3
21/06/2018 10:25:14 AM	3612385514	1013.00	27.56	31.69	85.1	27.55	31.69	85.2	26.55	31.69	93.7	26.95	31.69	90.2
21/06/2018 10:25:15 AM	3612385515	1013.00	27.52	31.70	85.5	27.60	31.70	84.8	26.59	31.70	93.4	26.93	31.70	90.4
21/06/2018 10:25:16 AM	3612385516	1013.00	27.55	31.70	85.2	27.64	31.70	84.5	26.56	31.70	93.6	27.00	31.70	89.8
21/06/2018 10:25:17 AM	3612385517	1013.00	27.59	31.70	84.9	27.54	31.70	85.3	26.53	31.70	93.9	26.96	31.70	90.1
21/06/2018 10:25:18 AM	3612385518	1013.00	27.55	31.70	85.2	27.59	31.70	84.9	26.53	31.70	93.9	27.05	31.70	89.3
21/06/2018 10:25:19 AM	3612385519	1013.00	27.56	31.70	85.1	27.63	31.70	84.6	26.59	31.70	93.4	26.98	31.70	89.9
21/06/2018 10:25:20 AM	3612385520	1013.00	27.62	31.69	84.7	27.57	31.69	85.1	26.56	31.69	93.6	27.05	31.69	89.4
21/06/2018 10:25:21 AM	3612385521	1013.00	27.62	31.69	84.7	27.60	31.69	84.8	26.56	31.69	93.6	26.99	31.69	89.9
21/06/2018 10:25:22 AM	3612385522	1013.00	27.57	31.69	85.1	27.59	31.69	84.9	26.57	31.69	93.5	27.00	31.69	89.8
21/06/2018 10:25:23 AM	3612385523	1013.00	27.58	31.69	85.0	27.58	31.69	85.0	26.57	31.69	93.5	27.03	31.69	89.5
21/06/2018 10:25:24 AM	3612385524	1013.00	27.59	31.69	84.9	27.62	31.69	84.7	26.56	31.69	93.6	27.02	31.69	89.6
21/06/2018 10:25:25 AM	3612385525	1013.00	27.56	31.69	85.1	27.61	31.69	84.7	26.55	31.69	93.7	27.05	31.69	89.4
21/06/2018 10:25:26 AM	3612385526	1013.00	27.59	31.70	84.9	27.67	31.70	84.3	26.57	31.70	93.5	26.99	31.70	89.8
21/06/2018 10:25:27 AM	3612385527	1013.00	27.58	31.69	85.0	27.71	31.69	84.0	26.59	31.69	93.4	27.04	31.69	89.4
21/06/2018 10:25:28 AM	3612385528	1013.00	27.59	31.69	84.9	27.62	31.69	84.7	26.59	31.69	93.4	27.01	31.69	89.7
21/06/2018 10:25:29 AM	3612385529	1013.00	27.60	31.69	84.8	27.62	31.69	84.7	26.56	31.69	93.6	27.03	31.69	89.5
21/06/2018 10:25:30 AM	3612385530	1013.00	27.61	31.69	84.7	27.58	31.69	85.0	26.63	31.69	93.0	27.00	31.69	89.8
21/06/2018 10:25:31 AM	3612385531	1013.00	27.63	31.69	84.6	27.59	31.69	84.9	26.57	31.69	93.5	27.05	31.69	89.4
21/06/2018 10:25:32 AM	3612385532	1013.00	27.62	31.69	84.7	27.60	31.69	84.8	26.59	31.69	93.4	27.03	31.69	89.5
21/06/2018 10:25:33 AM	3612385533	1013.00	27.62	31.69	84.7	27.63	31.69	84.6	26.62	31.69	93.1	27.04	31.69	89.4
21/06/2018 10:25:34 AM	3612385534	1013.00	27.63	31.69	84.6	27.64	31.69	84.5	26.55	31.69	93.7	27.05	31.69	89.4
21/06/2018 10:25:35 AM	3612385535	1013.00	27.60	31.69	84.8	27.61	31.69	84.7	26.63	31.69	93.0	27.05	31.69	89.4
21/06/2018 10:25:36 AM	3612385536	1013.00	27.64	31.69	84.5	27.63	31.69	84.6	26.57	31.69	93.5	27.00	31.69	89.8
21/06/2018 10:25:37 AM	3612385537	1013.00	27.63	31.69	84.6	27.58	31.69	85.0	26.61	31.69	93.2	27.06	31.69	89.3
21/06/2018 10:25:38 AM	3612385538	1013.00	27.64	31.69	84.5	27.65	31.69	84.4	26.56	31.69	93.6	27.09	31.69	89.0
21/06/2018 10:25:39 AM	3612385539	1013.00	27.59	31.69	84.9	27.63	31.69	84.6	26.56	31.69	93.6	27.02	31.69	89.6
21/06/2018 10:25:40 AM	3612385540	1013.00	27.61	31.69	84.7	27.67	31.69	84.3	26.58	31.69	93.5	27.05	31.69	89.4
21/06/2018 10:25:41 AM	3612385541	1013.00	27.63	31.69	84.6	27.67	31.69	84.3	26.63	31.69	93.0	27.10	31.69	88.9
21/06/2018 10:25:42 AM	3612385542	1013.00	27.65	31.69	84.4	27.65	31.69	84.4	26.59	31.69	93.4	27.13	31.69	88.7
21/06/2018 10:25:43 AM	3612385543	1013.00	27.61	31.69	84.7	27.63	31.69	84.6	26.66	31.69	92.7	27.07	31.69	89.2
21/06/2018 10:25:44 AM	3612385544	1013.00	27.62	31.69	84.7	27.62	31.69	84.7	26.55	31.69	93.7	27.11	31.69	88.8
21/06/2018 10:25:45 AM	3612385545	1013.00	27.62	31.69	84.7	27.64	31.69	84.5	26.59	31.69	93.4	27.07	31.69	89.2
21/06/2018 10:25:46 AM	3612385546	1013.00	27.67	31.69	84.3	27.66	31.69	84.3	26.60	31.69	93.3	27.05	31.69	89.4
21/06/2018 10:25:47 AM	3612385547	1013.00	27.66	31.69	84.3	27.73	31.69	83.8	26.60	31.69	93.3	27.13	31.69	88.7
21/06/2018 10:25:48 AM	3612385548	1013.00	27.66	31.69	84.3	27.69	31.69	84.1	26.60	31.69	93.3	27.09	31.69	89.0
21/06/2018 10:25:49 AM	3612385549	1013.00	27.62	31.70	84.7	27.61	31.70	84.7	26.60	31.70	93.3	27.14	31.70	88.6
21/06/2018 10:25:50 AM	3612385550	1013.00	27.63	31.69	84.6	27.71	31.69	84.0	26.65	31.69	92.8	27.09	31.69	89.0
21/06/2018 10:25:51 AM	3612385551	1013.00	27.67	31.69	84.3	27.63	31.69	84.6	26.59	31.69	93.4	27.10	31.69	88.9
21/06/2018 10:25:52 AM	3612385552	1013.00	27.64	31.69	84.5	27.65	31.69	84.4	26.63	31.69	93.0	27.12	31.69	88.8
21/06/2018 10:25:53 AM	3612385553	1013.00	27.63	31.69	84.6	27.67	31.69	84.3	26.64	31.69	92.9	27.17	31.69	88.3
21/06/2018 10:25:54 AM	3612385554	1013.00	27.62	31.69	84.7	27.72	31.69	83.9	26.61	31.69	93.2	27.17	31.69	88.3
21/06/2018 10:25:55 AM	3612385555	1013.00	27.64	31.69	84.5	27.70	31.69	84.0	26.56	31.69	93.6	27.14	31.69	88.6
21/06/2018 10:25:56 AM	3612385556	1013.00	27.66	31.69	84.3	27.69	31.69	84.1	26.63	31.69	93.0	27.12	31.69	88.8
21/06/2018 10:25:57 AM	3612385557	1013.00	27.70	31.69	84.0	27.70	31.69	84.0	26.64	31.69	92.9	27.13	31.69	88.7
21/06/2018 10:25:58 AM	3612385558	1013.00	27.68	31.69	84.2	27.69	31.69	84.1	26.64	31.69	92.9	27.17	31.69	88.3
21/06/2018 10:25:59 AM	3612385559	1013.00	27.66	31.70	84.3	27.75	31.70	83.6	26.65	31.70	92.8	27.14	31.70	88.6
21/06/2018 10:26:00 AM	3612385560	1013.00	27.69	31.69	84.1	27.67	31.69	84.3	26.62	31.69	93.1	27.20	31.69	88.1
21/06/2018 10:26:01 AM	3612385561	1013.00	27.67	31.69	84.3	27.72	31.69	83.9	26.60	31.69	93.3	27.20	31.69	88.1
21/06/2018 10:26:02 AM	3612385562	1013.00	27.67	31.69	84.3	27.79	31.69	83.3	26.61	31.69	93.2	27.14	31.69	88.6
21/06/2018 10:26:03 AM	3612385563	1013.00	27.66	31.69	84.3	27.74	31.69	83.7	26.64	31.69	92.9	27.23	31.69	87.8
21/06/2018 10:26:04 AM	3612385564	1013.00	27.69	31.68	84.1	27.77	31.68	83.5	26.61	31.68	93.2	27.20	31.68	88.1
21/06/2018 10:26:05 AM	3612385565	1013.00	27.69	31.68	84.1	27.72	31.68	83.9	26.62	31.68	93.1	27.14	31.68	88.6
21/06/2018 10:26:06 AM	3612385566	1013.00	27.70	31.68	84.0	27.68	31.68	84.2	26.65	31.68	92.8	27.21	31.68	88.0
21/06/2018 10:26:07 AM	3612385567	1013.00	27.69	31.68	84.1	27.70	31.68	84.0	26.66	31.68	92.8	27.19	31.68	88.2
21/06/2018 10:26:08 AM	3612385568	1013.00	27.69	31.69	84.1	27.74	31.69	83.7	26.60	31.69	93.3	27.20	31.69	88.1
21/06/2018 10:26:09 AM	3612385569	1013.00	27.67	31.69	84.3	27.73	31.69	83.8	26.68	31.69	92.6	27.22	31.69	87.9
21/06/2018 10:26:10 AM	3612385570	1013.00	27.72	31.69	83.9	27.73	31.69	83.8	26.68	31.69	92.6	27.24	31.69	87.8
21/06/2018 10:26:11 AM	3612385571	1013.00	27.68	31.69	84.2	27.79	31.69	83.3	26.62	31.69	93.1	27.24	31.69	87.8
21/06/2018 10:26:12 AM	3612385572	1013.00	27.70	31.69	84.0	27.69	31.69	84.1	26.65	31.69	92.8	27.26	31.69	87.6
21/06/2018 10:26:13 AM	3612385573	1013.00	27.71	31.69	84.0	27.73	31.69	83.8	26.64	31.69	92.9	27.20	31.69	88.1
21/06/2018 10:26:14 AM	3612385574	1013.00	27.68	31.69	84.2	27.75	31.69	83.6	26.63	31.69	93.0	27.19	31.69	88.2
21/06/2018 10:26:15 AM	3612385575	1013.00	27.70	31.69	84.0	27.75	31.69	83.6	26.65	31.69	92.8	27.24	31.69	87.8
21/06/2018 10:26:16 AM	3612385576	1013.00	27.74	31.69	83.7	27.74	31.69	83.7	26.64	31.69	92.9	27.25	31.69	87.7
21/06/2018 10:26:17 AM	3612385577	1013.00	27.66	31.69	84.3	27.75	31.69	83.6	26.67	31.69	92.7	27.23	31.69	87.8
21/06/2018 10:26:18 AM	3612385578	1013.00	27.72	31.69	83.9	27.75	31.69	83.6	26.69	31.69	92.5	27.27	31.69	87.5
21/06/2018 10:26:19 AM	3612385579	1013.00	27.69	31.69	84.1	27.75	31.69	83.6	26.69	31.69	92.5	27.22	31.69	87.9
21/06/2018 10:26:20 AM	3612385580	1013.00	27.72	31.69	83.9	27.78	31.69	83.4	26.65	31.69	92.8	27.23	31.69	87.8
21/06/2018 10:26:21 AM	3612385581	1013.00	27.69	31.69	84.1	27.77	31.69	83.5	26.69	31.69	92.5	27.25	31.69	87.7
21/06/2018 10:26:22 AM	3612385582	1013.00	27.76	31.69	83.6	27.78	31.69	83.4	26.65	31.69	92.8	27.25	31.69	87.7
21/06/2018 10:26:23 AM	3612385583	1013.00	27.73	31.68	83.8	27.77	31.68	83.5	26.67	31.68	92.7	27.27	31.68	87.5
21/06/2018 10:26:24 AM	3612385584	1013.00	27.73	31.68	83.8	27.81	31.68	83.2	26.67	31.68	92.7	27.21	31.68	88.0
21/06/2018 10:26:25 AM	3612385585	1013.00	27.73	31.69	83.8	27.72	31.69	83.9	26.61	31.69	93.2	27.18	31.69	88.3
21/06/2018 10:26:26 AM	3612385586	1013.00	27.76	31.69	83.6	27.76	31.69	83.6	26.62	31.69	93.1	27.23	31.69	87.8
21/06/2018 10:26:27 AM	3612385587	1013.00	27.72	31.69	83.9	27.78	31.69	83.4	26.67	31.69	92.7	27.24	31.69	87.8
21/06/2018 10:26:28 AM	3612385588	1013.00	27.75	31.69	83.6	27.74	31.69	83.7	26.70	31.69	92.4	27.26	31.69	87.6
21/06/2018 10:26:29 AM	3612385589	1013.00	27.77	31.70	83.5	27.78	31.70	83.4	26.66	31.70	92.7	27.26	31.70	87.6
21/06/2018 10:26:30 AM	3612385590	1013.00	27.73	31.69	83.8	27.76	31.69	83.6	26.67	31.69	92.7	27.27	31.69	87.5
21/06/2018 10:26:31 AM	3612385591	1013.00	27.74	31.69	83.7	27.81	31.69	83.2	26.66	31.69	92.7	27.28	31.69	87.4
21/06/2018 10:26:32 AM	3612385592	1013.00	27.76	31.69	83.6	27.76	31.69	83.6	26.67	31.69	92.7	27.31	31.69	87.2
21/06/2018 10:26:33 AM	3612385593	1013.00	27.73	31.69	83.8	27.80	31.69	83.3	26.73	31.69	92.1	27.26	31.69	87.6
21/06/2018 10:26:34 AM	3612385594	1013.00	27.76	31.69	83.6	27.82	31.69	83.1	26.66	31.69	92.7	27.27	31.69	87.5
21/06/2018 10:26:35 AM	3612385595	1013.00	27.72	31.69	83.9	27.79	31.69	83.3	26.69	31.69	92.5	27.28	31.69	87.4
21/06/2018 10:26:36 AM	3612385596	1013.00	27.75	31.69	83.6	27.82	31.69	83.1	26.68	31.69	92.6	27.28	31.69	87.4
21/06/2018 10:26:37 AM	3612385597	1013.00	27.77	31.69	83.5	27.88	31.69	82.6	26.67	31.69	92.7	27.27	31.69	87.5
21/06/2018 10:26:38 AM	3612385598	1013.00	27.78	31.70	83.4	27.83	31.70	83.0	26.67	31.70	92.6	27.31	31.70	87.2
21/06/2018 10:26:39 AM	3612385599	1013.00	27.75	31.69	83.6	27.86	31.69	82.8	26.71	31.69	92.3	27.28	31.69	87.4
21/06/2018 10:26:40 AM	3612385600	1013.00	27.78	31.69	83.4	27.83	31.69	83.0	26.72	31.69	92.2	27.28	31.69	87.4
21/06/2018 10:26:41 AM	3612385601	1013.00	27.73	31.69	83.8	27.79	31.69	83.3	26.64	31.69	92.9	27.35	31.69	86.8
21/06/2018 10:26:42 AM	3612385602	1013.00	27.74	31.69	83.7	27.86	31.69	82.8	26.73	31.69	92.1	27.26	31.69	87.6
21/06/2018 10:26:43 AM	3612385603	1013.00	27.79	31.69	83.3	27.88	31.69	82.6	26.70	31.69	92.4	27.31	31.69	87.2
21/06/2018 10:26:44 AM	3612385604	1013.00	27.74	31.69	83.7	27.89	31.69	82.6	26.75	31.69	91.9	27.27	31.69	87.5
21/06/2018 10:26:45 AM	3612385605	1013.00	27.72	31.69	83.9	27.85	31.69	82.9	26.71	31.69	92.3	27.28	31.69	87.4
21/06/2018 10:26:46 AM	3612385606	1013.00	27.73	31.69	83.8	27.84	31.69	82.9	26.71	31.69	92.3	27.31	31.69	87.2
21/06/2018 10:26:47 AM	3612385607	1013.00	27.77	31.69	83.5	27.80	31.69	83.3	26.71	31.69	92.3	27.33	31.69	87.0
21/06/2018 10:26:48 AM	3612385608	1013.00	27.73	31.69	83.8	27.91	31.69	82.4	26.67	31.69	92.7	27.26	31.69	87.6
21/06/2018 10:26:49 AM	3612385609	1013.00	27.72	31.69	83.9	27.88	31.69	82.6	26.73	31.69	92.1	27.35	31.69	86.8
21/06/2018 10:26:50 AM	3612385610	1013.00	27.78	31.69	83.4	27.85	31.69	82.9	26.76	31.69	91.9	27.35	31.69	86.8
21/06/2018 10:26:51 AM	3612385611	1013.00	27.78	31.69	83.4	27.86	31.69	82.8	26.74	31.69	92.0	27.31	31.69	87.2
21/06/2018 10:26:52 AM	3612385612	1013.00	27.76	31.69	83.6	27.81	31.69	83.2	26.69	31.69	92.5	27.30	31.69	87.3
21/06/2018 10:26:53 AM	3612385613	1013.00	27.78	31.69	83.4	27.89	31.69	82.6	26.71	31.69	92.3	27.29	31.69	87.3
21/06/2018 10:26:54 AM	3612385614	1013.00	27.75	31.69	83.6	27.86	31.69	82.8	26.72	31.69	92.2	27.30	31.69	87.3
21/06/2018 10:26:55 AM	3612385615	1013.00	27.75	31.69	83.6	27.84	31.69	82.9	26.72	31.69	92.2	27.31	31.69	87.2
21/06/2018 10:26:56 AM	3612385616	1013.00	27.75	31.69	83.6	27.84	31.69	82.9	26.74	31.69	92.0	27.30	31.69	87.3
21/06/2018 10:26:57 AM	3612385617	1013.00	27.73	31.69	83.8	27.85	31.69	82.9	26.73	31.69	92.1	27.29	31.69	87.3
21/06/2018 10:26:58 AM	3612385618	1013.00	27.78	31.68	83.4	27.80	31.68	83.3	26.70	31.68	92.4	27.34	31.68	86.9
21/06/2018 10:26:59 AM	3612385619	1013.00	27.78	31.68	83.4	27.87	31.68	82.7	26.73	31.68	92.1	27.31	31.68	87.2
21/06/2018 10:27:00 AM	3612385620	1013.00	27.77	31.69	83.5	27.79	31.69	83.3	26.74	31.69	92.0	27.36	31.69	86.8
21/06/2018 10:27:01 AM	3612385621	1013.00	27.78	31.69	83.4	27.89	31.69	82.6	26.73	31.69	92.1	27.32	31.69	87.1
21/06/2018 10:27:02 AM	3612385622	1013.00	27.79	31.69	83.3	27.86	31.69	82.8	26.74	31.69	92.0	27.34	31.69	86.9
21/06/2018 10:27:03 AM	3612385623	1013.00	27.78	31.69	83.4	27.88	31.69	82.6	26.70	31.69	92.4	27.35	31.69	86.8
21/06/2018 10:27:04 AM	3612385624	1013.00	27.81	31.69	83.2	27.84	31.69	82.9	26.70	31.69	92.4	27.32	31.69	87.1
21/06/2018 10:27:05 AM	3612385625	1013.00	27.78	31.68	83.4	27.91	31.68	82.4	26.70	31.68	92.4	27.27	31.68	87.5
21/06/2018 10:27:06 AM	3612385626	1013.00	27.82	31.68	83.1	27.88	31.68	82.6	26.70	31.68	92.4	27.33	31.68	87.0
21/06/2018 10:27:07 AM	3612385627	1013.00	27.81	31.68	83.2	27.91	31.68	82.4	26.76	31.68	91.9	27.39	31.68	86.5
21/06/2018 10:27:08 AM	3612385628	1013.00	27.81	31.68	83.2	27.87	31.68	82.7	26.76	31.68	91.9	27.34	31.68	86.9
21/06/2018 10:27:09 AM	3612385629	1013.00	27.79	31.69	83.3	27.85	31.69	82.9	26.74	31.69	92.0	27.38	31.69	86.6
21/06/2018 10:27:10 AM	3612385630	1013.00	27.80	31.69	83.3	27.89	31.69	82.6	26.77	31.69	91.8	27.28	31.69	87.4
21/06/2018 10:27:11 AM	3612385631	1013.00	27.80	31.69	83.3	27.88	31.69	82.6	26.74	31.69	92.0	27.35	31.69	86.8
21/06/2018 10:27:12 AM	3612385632	1013.00	27.83	31.69	83.0	27.87	31.69	82.7	26.77	31.69	91.8	27.34	31.69	86.9
21/06/2018 10:27:13 AM	3612385633	1013.00	27.82	31.69	83.1	27.88	31.69	82.6	26.77	31.69	91.8	27.36	31.69	86.8
21/06/2018 10:27:14 AM	3612385634	1013.00	27.80	31.68	83.3	27.87	31.68	82.7	26.73	31.68	92.1	27.35	31.68	86.9
21/06/2018 10:27:15 AM	3612385635	1013.00	27.82	31.68	83.1	27.89	31.68	82.6	26.74	31.68	92.0	27.39	31.68	86.5
21/06/2018 10:27:16 AM	3612385636	1013.00	27.82	31.68	83.1	27.91	31.68	82.4	26.79	31.68	91.6	27.41	31.68	86.4
21/06/2018 10:27:17 AM	3612385637	1013.00	27.80	31.68	83.3	27.91	31.68	82.4	26.74	31.68	92.0	27.38	31.68	86.6
21/06/2018 10:27:18 AM	3612385638	1013.00	27.83	31.68	83.0	27.90	31.68	82.5	26.78	31.68	91.7	27.41	31.68	86.4
21/06/2018 10:27:19 AM	3612385639	1013.00	27.84	31.68	83.0	27.92	31.68	82.3	26.78	31.68	91.7	27.42	31.68	86.3
21/06/2018 10:27:20 AM	3612385640	1013.00	27.82	31.68	83.1	27.90	31.68	82.5	26.74	31.68	92.0	27.38	31.68	86.6
21/06/2018 10:27:21 AM	3612385641	1013.00	27.84	31.68	83.0	27.90	31.68	82.5	26.76	31.68	91.9	27.36	31.68	86.8
21/06/2018 10:27:22 AM	3612385642	1013.00	27.86	31.68	82.8	27.83	31.68	83.0	26.76	31.68	91.9	27.40	31.68	86.5
21/06/2018 10:27:23 AM	3612385643	1013.00	27.87	31.68	82.7	27.92	31.68	82.3	26.77	31.68	91.8	27.36	31.68	86.8
21/06/2018 10:27:24 AM	3612385644	1013.00	27.85	31.68	82.9	27.87	31.68	82.7	26.78	31.68	91.7	27.39	31.68	86.5
21/06/2018 10:27:25 AM	3612385645	1013.00	27.90	31.68	82.5	27.90	31.68	82.5	26.78	31.68	91.7	27.39	31.68	86.5
21/06/2018 10:27:26 AM	3612385646	1013.00	27.85	31.69	82.9	27.93	31.69	82.2	26.77	31.69	91.8	27.44	31.69	86.1
21/06/2018 10:27:27 AM	3612385647	1013.00	27.92	31.69	82.3	27.87	31.69	82.7	26.73	31.69	92.1	27.47	31.69	85.9
21/06/2018 10:27:28 AM	3612385648	1013.00	27.88	31.69	82.6	27.89	31.69	82.6	26.74	31.69	92.0	27.39	31.69	86.5
21/06/2018 10:27:29 AM	3612385649	1013.00	27.89	31.69	82.6	27.94	31.69	82.2	26.79	31.69	91.6	27.39	31.69	86.5
21/06/2018 10:27:30 AM	3612385650	1013.00	27.85	31.69	82.9	27.94	31.69	82.2	26.77	31.69	91.8	27.42	31.69	86.3
21/06/2018 10:27:31 AM	3612385651	1013.00	27.90	31.69	82.5	27.92	31.69	82.3	26.76	31.69	91.9	27.44	31.69	86.1
21/06/2018 10:27:32 AM	3612385652	1013.00	27.91	31.69	82.4	27.88	31.69	82.6	26.81	31.69	91.4	27.41	31.69	86.4
21/06/2018 10:27:33 AM	3612385653	1013.00	27.88	31.68	82.6	27.94	31.68	82.2	26.77	31.68	91.8	27.40	31.68	86.5
21/06/2018 10:27:34 AM	3612385654	1013.00	27.88	31.69	82.6	27.95	31.69	82.1	26.81	31.69	91.4	27.40	31.69	86.4
21/06/2018 10:27:35 AM	3612385655	1013.00	27.91	31.69	82.4	27.95	31.69	82.1	26.79	31.69	91.6	27.41	31.69	86.4
21/06/2018 10:27:36 AM	3612385656	1013.00	27.93	31.69	82.2	27.98	31.69	81.9	26.78	31.69	91.7	27.39	31.69	86.5
21/06/2018 10:27:37 AM	3612385657	1013.00	27.90	31.69	82.5	27.94	31.69	82.2	26.78	31.69	91.7	27.42	31.69	86.3
21/06/2018 10:27:38 AM	3612385658	1013.00	27.90	31.70	82.5	27.98	31.70	81.9	26.75	31.70	91.9	27.43	31.70	86.2
21/06/2018 10:27:39 AM	3612385659	1013.00	27.93	31.69	82.2	27.99	31.69	81.8	26.77	31.69	91.8	27.42	31.69	86.3
21/06/2018 10:27:40 AM	3612385660	1013.00	27.90	31.69	82.5	28.00	31.69	81.7	26.76	31.69	91.9	27.38	31.69	86.6
21/06/2018 10:27:41 AM	3612385661	1013.00	27.90	31.69	82.5	28.02	31.69	81.6	26.80	31.69	91.5	27.46	31.69	86.0
21/06/2018 10:27:42 AM	3612385662	1013.00	27.90	31.70	82.5	27.95	31.70	82.1	26.80	31.70	91.5	27.45	31.70	86.0
21/06/2018 10:27:43 AM	3612385663	1013.00	27.90	31.69	82.5	28.02	31.69	81.6	26.82	31.69	91.3	27.47	31.69	85.9
21/06/2018 10:27:44 AM	3612385664	1013.00	27.92	31.69	82.3	28.07	31.69	81.2	26.78	31.69	91.7	27.39	31.69	86.5
21/06/2018 10:27:45 AM	3612385665	1013.00	27.90	31.69	82.5	28.03	31.69	81.5	26.78	31.69	91.7	27.40	31.69	86.4
21/06/2018 10:27:46 AM	3612385666	1013.00	27.92	31.69	82.3	28.02	31.69	81.6	26.74	31.69	92.0	27.43	31.69	86.2
21/06/2018 10:27:47 AM	3612385667	1013.00	27.93	31.68	82.3	28.02	31.68	81.6	26.77	31.68	91.8	27.41	31.68	86.4
21/06/2018 10:27:48 AM	3612385668	1013.00	27.92	31.69	82.3	28.00	31.69	81.7	26.85	31.69	91.1	27.38	31.69	86.6
21/06/2018 10:27:49 AM	3612385669	1013.00	27.91	31.68	82.4	27.99	31.68	81.8	26.76	31.68	91.9	27.43	31.68	86.2
21/06/2018 10:27:50 AM	3612385670	1013.00	27.97	31.69	81.9	28.06	31.69	81.3	26.82	31.69	91.3	27.43	31.69	86.2
21/06/2018 10:27:51 AM	3612385671	1013.00	27.93	31.69	82.2	28.01	31.69	81.6	26.83	31.69	91.2	27.43	31.69	86.2
21/06/2018 10:27:52 AM	3612385672	1013.00	27.94	31.69	82.2	28.01	31.69	81.6	26.81	31.69	91.4	27.43	31.69	86.2
21/06/2018 10:27:53 AM	3612385673	1013.00	27.91	31.69	82.4	28.02	31.69	81.6	26.78	31.69	91.7	27.42	31.69	86.3
21/06/2018 10:27:54 AM	3612385674	1013.00	27.96	31.69	82.0	28.02	31.69	81.6	26.80	31.69	91.5	27.42	31.69	86.3
21/06/2018 10:27:55 AM	3612385675	1013.00	27.94	31.70	82.2	28.06	31.70	81.2	26.84	31.70	91.1	27.46	31.70	85.9
21/06/2018 10:27:56 AM	3612385676	1013.00	27.98	31.69	81.9	28.10	31.69	81.0	26.85	31.69	91.1	27.48	31.69	85.8
21/06/2018 10:27:57 AM	3612385677	1013.00	27.98	31.70	81.9	28.11	31.70	80.9	26.85	31.70	91.1	27.44	31.70	86.1
21/06/2018 10:27:58 AM	3612385678	1013.00	27.94	31.70	82.2	28.06	31.70	81.2	26.80	31.70	91.5	27.47	31.70	85.9
21/06/2018 10:27:59 AM	3612385679	1013.00	27.98	31.69	81.9	28.11	31.69	80.9	26.82	31.69	91.3	27.46	31.69	86.0
21/06/2018 10:28:00 AM	3612385680	1013.00	27.97	31.69	81.9	28.13	31.69	80.7	26.79	31.69	91.6	27.41	31.69	86.4
21/06/2018 10:28:01 AM	3612385681	1013.00	27.97	31.69	81.9	28.11	31.69	80.9	26.83	31.69	91.2	27.47	31.69	85.9
21/06/2018 10:28:02 AM	3612385682	1013.00	27.95	31.69	82.1	28.14	31.69	80.7	26.77	31.69	91.8	27.46	31.69	86.0
21/06/2018 10:28:03 AM	3612385683	1013.00	27.95	31.69	82.1	28.09	31.69	81.0	26.86	31.69	91.0	27.45	31.69	86.0
21/06/2018 10:28:04 AM	3612385684	1013.00	27.97	31.69	81.9	28.07	31.69	81.2	26.79	31.69	91.6	27.45	31.69	86.0
21/06/2018 10:28:05 AM	3612385685	1013.00	27.98	31.69	81.9	28.13	31.69	80.7	26.81	31.69	91.4	27.48	31.69	85.8
21/06/2018 10:28:06 AM	3612385686	1013.00	27.99	31.70	81.8	28.14	31.70	80.6	26.81	31.70	91.4	27.49	31.70	85.7
21/06/2018 10:28:07 AM	3612385687	1013.00	27.99	31.70	81.8	28.14	31.70	80.6	26.82	31.70	91.3	27.47	31.70	85.9
21/06/2018 10:28:08 AM	3612385688	1013.00	28.00	31.70	81.7	28.07	31.70	81.2	26.82	31.70	91.3	27.50	31.70	85.6
21/06/2018 10:28:09 AM	3612385689	1013.00	27.97	31.70	81.9	28.11	31.70	80.9	26.82	31.70	91.3	27.49	31.70	85.7
21/06/2018 10:28:10 AM	3612385690	1013.00	27.99	31.70	81.8	28.12	31.70	80.8	26.83	31.70	91.2	27.52	31.70	85.5
21/06/2018 10:28:11 AM	3612385691	1013.00	28.03	31.70	81.5	28.11	31.70	80.9	26.80	31.70	91.5	27.52	31.70	85.5
21/06/2018 10:28:12 AM	3612385692	1013.00	28.01	31.70	81.6	28.15	31.70	80.6	26.82	31.70	91.3	27.57	31.70	85.1
21/06/2018 10:28:13 AM	3612385693	1013.00	28.06	31.70	81.2	28.16	31.70	80.5	26.84	31.70	91.1	27.54	31.70	85.3
21/06/2018 10:28:14 AM	3612385694	1013.00	28.06	31.70	81.2	28.14	31.70	80.6	26.88	31.70	90.8	27.51	31.70	85.5
21/06/2018 10:28:15 AM	3612385695	1013.00	28.03	31.70	81.5	28.11	31.70	80.9	26.84	31.70	91.1	27.55	31.70	85.2
21/06/2018 10:28:16 AM	3612385696	1013.00	28.02	31.70	81.5	28.09	31.70	81.0	26.83	31.70	91.2	27.47	31.70	85.9
21/06/2018 10:28:17 AM	3612385697	1013.00	27.99	31.70	81.8	28.11	31.70	80.9	26.82	31.70	91.3	27.47	31.70	85.9
21/06/2018 10:28:18 AM	3612385698	1013.00	28.01	31.70	81.6	28.15	31.70	80.6	26.84	31.70	91.1	27.51	31.70	85.5
21/06/2018 10:28:19 AM	3612385699	1013.00	28.02	31.70	81.5	28.12	31.70	80.8	26.85	31.70	91.1	27.54	31.70	85.3
21/06/2018 10:28:20 AM	3612385700	1013.00	28.05	31.70	81.3	28.15	31.70	80.6	26.83	31.70	91.2	27.56	31.70	85.1
21/06/2018 10:28:21 AM	3612385701	1013.00	28.05	31.70	81.3	28.11	31.70	80.9	26.82	31.70	91.3	27.50	31.70	85.6
21/06/2018 10:28:22 AM	3612385702	1013.00	28.08	31.70	81.1	28.08	31.70	81.1	26.85	31.70	91.1	27.55	31.70	85.2
21/06/2018 10:28:23 AM	3612385703	1013.00	28.04	31.70	81.4	28.15	31.70	80.6	26.89	31.70	90.7	27.49	31.70	85.7
21/06/2018 10:28:24 AM	3612385704	1013.00	28.01	31.70	81.6	28.13	31.70	80.7	26.86	31.70	91.0	27.57	31.70	85.1
21/06/2018 10:28:25 AM	3612385705	1013.00	28.02	31.70	81.5	28.17	31.70	80.4	26.85	31.70	91.1	27.52	31.70	85.5
21/06/2018 10:28:26 AM	3612385706	1013.00	28.06	31.70	81.2	28.14	31.70	80.6	26.85	31.70	91.1	27.57	31.70	85.1
21/06/2018 10:28:27 AM	3612385707	1013.00	28.07	31.70	81.2	28.16	31.70	80.5	26.89	31.70	90.7	27.51	31.70	85.5
21/06/2018 10:28:28 AM	3612385708	1013.00	28.06	31.70	81.2	28.17	31.70	80.4	26.86	31.70	91.0	27.60	31.70	84.8
21/06/2018 10:28:29 AM	3612385709	1013.00	28.06	31.70	81.2	28.14	31.70	80.6	26.84	31.70	91.1	27.54	31.70	85.3
21/06/2018 10:28:30 AM	3612385710	1013.00	28.05	31.70	81.3	28.11	31.70	80.9	26.85	31.70	91.1	27.55	31.70	85.2
21/06/2018 10:28:31 AM	3612385711	1013.00	28.06	31.70	81.2	28.17	31.70	80.4	26.86	31.70	91.0	27.56	31.70	85.1
21/06/2018 10:28:32 AM	3612385712	1013.00	28.05	31.70	81.3	28.24	31.70	79.9	26.88	31.70	90.8	27.57	31.70	85.1
21/06/2018 10:28:33 AM	3612385713	1013.00	28.09	31.70	81.0	28.18	31.70	80.3	26.83	31.70	91.2	27.56	31.70	85.1
21/06/2018 10:28:34 AM	3612385714	1013.00	28.04	31.70	81.4	28.19	31.70	80.3	26.85	31.70	91.1	27.61	31.70	84.7
21/06/2018 10:28:35 AM	3612385715	1013.00	28.04	31.69	81.4	28.15	31.69	80.6	26.83	31.69	91.2	27.57	31.69	85.1
21/06/2018 10:28:36 AM	3612385716	1013.00	28.05	31.69	81.3	28.15	31.69	80.6	26.85	31.69	91.1	27.59	31.69	84.9
21/06/2018 10:28:37 AM	3612385717	1013.00	28.08	31.70	81.1	28.22	31.70	80.0	26.84	31.70	91.1	27.57	31.70	85.1
21/06/2018 10:28:38 AM	3612385718	1013.00	28.10	31.70	80.9	28.19	31.70	80.3	26.86	31.70	91.0	27.54	31.70	85.3
21/06/2018 10:28:39 AM	3612385719	1013.00	28.09	31.70	81.0	28.15	31.70	80.6	26.88	31.70	90.8	27.58	31.70	85.0
21/06/2018 10:28:40 AM	3612385720	1013.00	28.04	31.70	81.4	28.23	31.70	80.0	26.91	31.70	90.5	27.58	31.70	85.0
21/06/2018 10:28:41 AM	3612385721	1013.00	28.06	31.70	81.2	28.19	31.70	80.3	26.90	31.70	90.6	27.59	31.70	84.9
21/06/2018 10:28:42 AM	3612385722	1013.00	28.05	31.70	81.3	28.19	31.70	80.3	26.88	31.70	90.8	27.58	31.70	85.0
21/06/2018 10:28:43 AM	3612385723	1013.00	28.08	31.70	81.1	28.16	31.70	80.5	26.91	31.70	90.5	27.55	31.70	85.2
21/06/2018 10:28:44 AM	3612385724	1013.00	28.07	31.70	81.2	28.16	31.70	80.5	26.90	31.70	90.6	27.58	31.70	85.0
21/06/2018 10:28:45 AM	3612385725	1013.00	28.09	31.70	81.0	28.25	31.70	79.8	26.82	31.70	91.3	27.61	31.70	84.7
21/06/2018 10:28:46 AM	3612385726	1013.00	28.11	31.70	80.9	28.23	31.70	80.0	26.92	31.70	90.4	27.56	31.70	85.1
21/06/2018 10:28:47 AM	3612385727	1013.00	28.06	31.70	81.2	28.24	31.70	79.9	26.91	31.70	90.5	27.62	31.70	84.7
21/06/2018 10:28:48 AM	3612385728	1013.00	28.09	31.70	81.0	28.23	31.70	80.0	26.87	31.70	90.9	27.61	31.70	84.7
21/06/2018 10:28:49 AM	3612385729	1013.00	28.08	31.70	81.1	28.28	31.70	79.6	26.85	31.70	91.1	27.60	31.70	84.8
21/06/2018 10:28:50 AM	3612385730	1013.00	28.12	31.70	80.8	28.27	31.70	79.7	26.88	31.70	90.8	27.57	31.70	85.1
21/06/2018 10:28:51 AM	3612385731	1013.00	28.12	31.71	80.8	28.31	31.71	79.4	26.87	31.71	90.9	27.64	31.71	84.5
21/06/2018 10:28:52 AM	3612385732	1013.00	28.11	31.70	80.9	28.27	31.70	79.7	26.89	31.70	90.7	27.64	31.70	84.5
21/06/2018 10:28:53 AM	3612385733	1013.00	28.11	31.71	80.9	28.32	31.71	79.3	26.91	31.71	90.5	27.65	31.71	84.4
21/06/2018 10:28:54 AM	3612385734	1013.00	28.12	31.71	80.8	28.25	31.71	79.8	26.91	31.71	90.5	27.63	31.71	84.6
21/06/2018 10:28:55 AM	3612385735	1013.00	28.15	31.71	80.6	28.24	31.71	79.9	26.85	31.71	91.0	27.56	31.71	85.1
21/06/2018 10:28:56 AM	3612385736	1013.00	28.14	31.71	80.6	28.30	31.71	79.4	26.89	31.71	90.7	27.61	31.71	84.7
21/06/2018 10:28:57 AM	3612385737	1013.00	28.13	31.71	80.7	28.23	31.71	80.0	26.91	31.71	90.5	27.65	31.71	84.4
21/06/2018 10:28:58 AM	3612385738	1013.00	28.14	31.71	80.6	28.25	31.71	79.8	26.92	31.71	90.4	27.57	31.71	85.0
21/06/2018 10:28:59 AM	3612385739	1013.00	28.15	31.71	80.6	28.26	31.71	79.7	26.89	31.71	90.7	27.60	31.71	84.8
21/06/2018 10:29:00 AM	3612385740	1013.00	28.18	31.71	80.3	28.28	31.71	79.6	26.89	31.71	90.7	27.58	31.71	85.0
21/06/2018 10:29:01 AM	3612385741	1013.00	28.08	31.71	81.1	28.25	31.71	79.8	26.87	31.71	90.9	27.66	31.71	84.3
21/06/2018 10:29:02 AM	3612385742	1013.00	28.16	31.71	80.5	28.16	31.71	80.5	26.87	31.71	90.9	27.58	31.71	85.0
21/06/2018 10:29:03 AM	3612385743	1013.00	28.16	31.71	80.5	28.27	31.71	79.7	26.84	31.71	91.1	27.63	31.71	84.6
21/06/2018 10:29:04 AM	3612385744	1013.00	28.16	31.71	80.5	28.23	31.71	80.0	26.89	31.71	90.7	27.59	31.71	84.9
21/06/2018 10:29:05 AM	3612385745	1013.00	28.13	31.71	80.7	28.33	31.71	79.2	26.93	31.71	90.3	27.57	31.71	85.0
21/06/2018 10:29:06 AM	3612385746	1013.00	28.17	31.71	80.4	28.28	31.71	79.6	26.96	31.71	90.1	27.62	31.71	84.6
21/06/2018 10:29:07 AM	3612385747	1013.00	28.17	31.71	80.4	28.28	31.71	79.6	26.86	31.71	91.0	27.62	31.71	84.6
21/06/2018 10:29:08 AM	3612385748	1013.00	28.17	31.71	80.4	28.28	31.71	79.6	26.88	31.71	90.8	27.62	31.71	84.6
21/06/2018 10:29:09 AM	3612385749	1013.00	28.12	31.71	80.8	28.29	31.71	79.5	26.95	31.71	90.2	27.63	31.71	84.6
21/06/2018 10:29:10 AM	3612385750	1013.00	28.18	31.71	80.3	28.28	31.71	79.6	26.90	31.71	90.6	27.63	31.71	84.6
21/06/2018 10:29:11 AM	3612385751	1013.00	28.18	31.72	80.3	28.29	31.72	79.5	26.87	31.72	90.9	27.63	31.72	84.5
21/06/2018 10:29:12 AM	3612385752	1013.00	28.16	31.71	80.5	28.32	31.71	79.3	26.89	31.71	90.7	27.61	31.71	84.7
21/06/2018 10:29:13 AM	3612385753	1013.00	28.17	31.71	80.4	28.33	31.71	79.2	26.92	31.71	90.4	27.68	31.71	84.2
21/06/2018 10:29:14 AM	3612385754	1013.00	28.13	31.71	80.7	28.31	31.71	79.4	26.91	31.71	90.5	27.61	31.71	84.7
21/06/2018 10:29:15 AM	3612385755	1013.00	28.18	31.71	80.3	28.33	31.71	79.2	26.94	31.71	90.3	27.64	31.71	84.5
21/06/2018 10:29:16 AM	3612385756	1013.00	28.16	31.70	80.5	28.32	31.70	79.3	26.92	31.70	90.4	27.66	31.70	84.3
21/06/2018 10:29:17 AM	3612385757	1013.00	28.18	31.71	80.3	28.38	31.71	78.9	26.88	31.71	90.8	27.64	31.71	84.5
21/06/2018 10:29:18 AM	3612385758	1013.00	28.18	31.71	80.3	28.32	31.71	79.3	26.94	31.71	90.3	27.66	31.71	84.3
21/06/2018 10:29:19 AM	3612385759	1013.00	28.18	31.71	80.3	28.34	31.71	79.1	26.94	31.71	90.3	27.63	31.71	84.6
21/06/2018 10:29:20 AM	3612385760	1013.00	28.12	31.71	80.8	28.36	31.71	79.0	26.93	31.71	90.3	27.65	31.71	84.4
21/06/2018 10:29:21 AM	3612385761	1013.00	28.17	31.71	80.4	28.31	31.71	79.4	26.93	31.71	90.3	27.72	31.71	83.8
21/06/2018 10:29:22 AM	3612385762	1013.00	28.17	31.71	80.4	28.30	31.71	79.4	26.93	31.71	90.3	27.62	31.71	84.6
21/06/2018 10:29:23 AM	3612385763	1013.00	28.15	31.69	80.6	28.35	31.69	79.1	26.97	31.69	90.0	27.64	31.69	84.5
21/06/2018 10:29:24 AM	3612385764	1013.00	28.18	31.70	80.3	28.35	31.70	79.1	26.92	31.70	90.4	27.64	31.70	84.5
21/06/2018 10:29:25 AM	3612385765	1013.00	28.17	31.70	80.4	28.34	31.70	79.2	26.92	31.70	90.4	27.62	31.70	84.7
21/06/2018 10:29:26 AM	3612385766	1013.00	28.19	31.70	80.3	28.33	31.70	79.2	26.99	31.70	89.8	27.70	31.70	84.0
21/06/2018 10:29:27 AM	3612385767	1013.00	28.17	31.70	80.4	28.31	31.70	79.4	26.99	31.70	89.8	27.65	31.70	84.4
21/06/2018 10:29:28 AM	3612385768	1013.00	28.23	31.71	80.0	28.34	31.71	79.1	26.97	31.71	90.0	27.70	31.71	84.0
21/06/2018 10:29:29 AM	3612385769	1013.00	28.18	31.71	80.3	28.31	31.71	79.4	26.93	31.71	90.3	27.66	31.71	84.3
21/06/2018 10:29:30 AM	3612385770	1013.00	28.19	31.71	80.3	28.36	31.71	79.0	26.95	31.71	90.2	27.59	31.71	84.9
21/06/2018 10:29:31 AM	3612385771	1013.00	28.22	31.71	80.0	28.34	31.71	79.1	26.93	31.71	90.3	27.69	31.71	84.1
21/06/2018 10:29:32 AM	3612385772	1013.00	28.20	31.71	80.2	28.36	31.71	79.0	26.95	31.71	90.2	27.66	31.71	84.3
21/06/2018 10:29:33 AM	3612385773	1013.00	28.17	31.71	80.4	28.38	31.71	78.9	26.98	31.71	89.9	27.70	31.71	84.0
21/06/2018 10:29:34 AM	3612385774	1013.00	28.20	31.71	80.2	28.39	31.71	78.8	26.96	31.71	90.1	27.65	31.71	84.4
21/06/2018 10:29:35 AM	3612385775	1013.00	28.20	31.71	80.2	28.34	31.71	79.1	26.94	31.71	90.3	27.71	31.71	83.9
21/06/2018 10:29:36 AM	3612385776	1013.00	28.21	31.72	80.1	28.34	31.72	79.1	26.95	31.72	90.2	27.71	31.72	83.9
21/06/2018 10:29:37 AM	3612385777	1013.00	28.20	31.72	80.2	28.40	31.72	78.7	26.96	31.72	90.1	27.68	31.72	84.1
21/06/2018 10:29:38 AM	3612385778	1013.00	28.18	31.72	80.3	28.35	31.72	79.1	26.92	31.72	90.4	27.64	31.72	84.5
21/06/2018 10:29:39 AM	3612385779	1013.00	28.21	31.72	80.1	28.34	31.72	79.1	26.98	31.72	89.9	27.71	31.72	83.9
21/06/2018 10:29:40 AM	3612385780	1013.00	28.20	31.72	80.2	28.36	31.72	79.0	26.96	31.72	90.1	27.72	31.72	83.8
21/06/2018 10:29:41 AM	3612385781	1013.00	28.23	31.71	80.0	28.31	31.71	79.4	26.97	31.71	90.0	27.73	31.71	83.8
21/06/2018 10:29:42 AM	3612385782	1013.00	28.22	31.71	80.0	28.43	31.71	78.5	26.97	31.71	90.0	27.71	31.71	83.9
21/06/2018 10:29:43 AM	3612385783	1013.00	28.22	31.71	80.0	28.39	31.71	78.8	26.98	31.71	89.9	27.73	31.71	83.8
21/06/2018 10:29:44 AM	3612385784	1013.00	28.20	31.71	80.2	28.39	31.71	78.8	26.98	31.71	89.9	27.77	31.71	83.5
21/06/2018 10:29:45 AM	3612385785	1013.00	28.25	31.71	79.8	28.41	31.71	78.6	26.99	31.71	89.8	27.69	31.71	84.1
21/06/2018 10:29:46 AM	3612385786	1013.00	28.20	31.72	80.2	28.37	31.72	78.9	26.96	31.72	90.1	27.72	31.72	83.8
21/06/2018 10:29:47 AM	3612385787	1013.00	28.21	31.72	80.1	28.37	31.72	78.9	26.92	31.72	90.4	27.73	31.72	83.8
21/06/2018 10:29:48 AM	3612385788	1013.00	28.26	31.72	79.7	28.35	31.72	79.1	27.03	31.72	89.5	27.79	31.72	83.3
21/06/2018 10:29:49 AM	3612385789	1013.00	28.22	31.72	80.0	28.45	31.72	78.3	26.97	31.72	90.0	27.75	31.72	83.6
21/06/2018 10:29:50 AM	3612385790	1013.00	28.29	31.72	79.5	28.38	31.72	78.8	26.97	31.72	90.0	27.69	31.72	84.1
21/06/2018 10:29:51 AM	3612385791	1013.00	28.24	31.72	79.9	28.42	31.72	78.6	27.01	31.72	89.6	27.72	31.72	83.8
21/06/2018 10:29:52 AM	3612385792	1013.00	28.30	31.72	79.4	28.36	31.72	79.0	26.97	31.72	90.0	27.75	31.72	83.6
21/06/2018 10:29:53 AM	3612385793	1013.00	28.29	31.72	79.5	28.42	31.72	78.6	27.02	31.72	89.6	27.74	31.72	83.7
21/06/2018 10:29:54 AM	3612385794	1013.00	28.26	31.72	79.7	28.43	31.72	78.5	26.99	31.72	89.8	27.76	31.72	83.5
21/06/2018 10:29:55 AM	3612385795	1013.00	28.27	31.72	79.6	28.44	31.72	78.4	26.99	31.72	89.8	27.80	31.72	83.2
21/06/2018 10:29:56 AM	3612385796	1013.00	28.32	31.72	79.3	28.40	31.72	78.7	27.01	31.72	89.6	27.76	31.72	83.5
21/06/2018 10:29:57 AM	3612385797	1013.00	28.31	31.72	79.4	28.48	31.72	78.1	27.05	31.72	89.3	27.75	31.72	83.6
21/06/2018 10:29:58 AM	3612385798	1013.00	28.28	31.72	79.6	28.44	31.72	78.4	27.00	31.72	89.7	27.76	31.72	83.5
21/06/2018 10:29:59 AM	3612385799	1013.00	28.35	31.71	79.1	28.49	31.71	78.1	26.98	31.71	89.9	27.75	31.71	83.6
21/06/2018 10:30:00 AM	3612385800	1013.00	28.29	31.71	79.5	28.48	31.71	78.1	26.99	31.71	89.8	27.72	31.71	83.8
21/06/2018 10:30:01 AM	3612385801	1013.00	28.35	31.71	79.1	28.51	31.71	77.9	27.10	31.71	88.9	27.75	31.71	83.6
21/06/2018 10:30:02 AM	3612385802	1013.00	28.29	31.71	79.5	28.51	31.71	77.9	26.97	31.71	90.0	27.77	31.71	83.5
21/06/2018 10:30:03 AM	3612385803	1013.00	28.31	31.71	79.4	28.51	31.71	77.9	27.06	31.71	89.2	27.80	31.71	83.2
21/06/2018 10:30:04 AM	3612385804	1013.00	28.34	31.71	79.1	28.44	31.71	78.4	26.96	31.71	90.1	27.76	31.71	83.5
21/06/2018 10:30:05 AM	3612385805	1013.00	28.32	31.71	79.3	28.49	31.71	78.1	27.02	31.71	89.6	27.76	31.71	83.5
21/06/2018 10:30:06 AM	3612385806	1013.00	28.34	31.72	79.1	28.50	31.72	78.0	27.04	31.72	89.4	27.80	31.72	83.2
21/06/2018 10:30:07 AM	3612385807	1013.00	28.36	31.72	79.0	28.47	31.72	78.2	26.99	31.72	89.8	27.74	31.72	83.7
21/06/2018 10:30:08 AM	3612385808	1013.00	28.32	31.72	79.3	28.46	31.72	78.3	27.03	31.72	89.5	27.75	31.72	83.6
21/06/2018 10:30:09 AM	3612385809	1013.00	28.32	31.72	79.3	28.47	31.72	78.2	27.07	31.72	89.1	27.79	31.72	83.3
21/06/2018 10:30:10 AM	3612385810	1013.00	28.34	31.72	79.1	28.53	31.72	77.8	27.02	31.72	89.6	27.84	31.72	82.9
21/06/2018 10:30:11 AM	3612385811	1013.00	28.36	31.72	79.0	28.52	31.72	77.8	27.03	31.72	89.5	27.80	31.72	83.2
21/06/2018 10:30:12 AM	3612385812	1013.00	28.35	31.72	79.1	28.52	31.72	77.8	27.05	31.72	89.3	27.75	31.72	83.6
21/06/2018 10:30:13 AM	3612385813	1013.00	28.40	31.73	78.7	28.50	31.73	78.0	27.01	31.73	89.6	27.78	31.73	83.4
21/06/2018 10:30:14 AM	3612385814	1013.00	28.38	31.73	78.8	28.51	31.73	77.9	27.05	31.73	89.3	27.82	31.73	83.0
21/06/2018 10:30:15 AM	3612385815	1013.00	28.38	31.72	78.8	28.54	31.72	77.7	27.04	31.72	89.4	27.79	31.72	83.3
21/06/2018 10:30:16 AM	3612385816	1013.00	28.36	31.72	79.0	28.51	31.72	77.9	27.09	31.72	89.0	27.83	31.72	83.0
21/06/2018 10:30:17 AM	3612385817	1013.00	28.38	31.72	78.8	28.45	31.72	78.3	27.03	31.72	89.5	27.83	31.72	83.0
21/06/2018 10:30:18 AM	3612385818	1013.00	28.37	31.72	78.9	28.50	31.72	78.0	27.06	31.72	89.2	27.83	31.72	83.0
21/06/2018 10:30:19 AM	3612385819	1013.00	28.34	31.72	79.1	28.49	31.72	78.0	27.04	31.72	89.4	27.86	31.72	82.7
21/06/2018 10:30:20 AM	3612385820	1013.00	28.37	31.72	78.9	28.52	31.72	77.8	27.03	31.72	89.5	27.82	31.72	83.1
21/06/2018 10:30:21 AM	3612385821	1013.00	28.39	31.72	78.8	28.55	31.72	77.6	27.07	31.72	89.1	27.86	31.72	82.7
21/06/2018 10:30:22 AM	3612385822	1013.00	28.42	31.72	78.6	28.52	31.72	77.8	27.07	31.72	89.1	27.85	31.72	82.8
21/06/2018 10:30:23 AM	3612385823	1013.00	28.39	31.72	78.8	28.52	31.72	77.8	27.09	31.72	89.0	27.85	31.72	82.8
21/06/2018 10:30:24 AM	3612385824	1013.00	28.42	31.72	78.6	28.55	31.72	77.6	27.07	31.72	89.1	27.89	31.72	82.5
21/06/2018 10:30:25 AM	3612385825	1013.00	28.40	31.72	78.7	28.54	31.72	77.7	27.08	31.72	89.1	27.82	31.72	83.1
21/06/2018 10:30:26 AM	3612385826	1013.00	28.40	31.72	78.7	28.54	31.72	77.7	27.04	31.72	89.4	27.94	31.72	82.1
21/06/2018 10:30:27 AM	3612385827	1013.00	28.43	31.72	78.5	28.54	31.72	77.7	27.05	31.72	89.3	27.80	31.72	83.2
21/06/2018 10:30:28 AM	3612385828	1013.00	28.40	31.72	78.7	28.50	31.72	78.0	27.01	31.72	89.6	27.85	31.72	82.8
21/06/2018 10:30:29 AM	3612385829	1013.00	28.44	31.72	78.4	28.61	31.72	77.2	27.06	31.72	89.2	27.88	31.72	82.6
21/06/2018 10:30:30 AM	3612385830	1013.00	28.41	31.72	78.6	28.52	31.72	77.8	27.06	31.72	89.2	27.88	31.72	82.6
21/06/2018 10:30:31 AM	3612385831	1013.00	28.42	31.73	78.5	28.47	31.73	78.2	27.08	31.73	89.0	27.90	31.73	82.4
21/06/2018 10:30:32 AM	3612385832	1013.00	28.41	31.72	78.6	28.54	31.72	77.7	27.06	31.72	89.2	27.90	31.72	82.4
21/06/2018 10:30:33 AM	3612385833	1013.00	28.45	31.72	78.3	28.59	31.72	77.3	27.06	31.72	89.2	27.86	31.72	82.7
21/06/2018 10:30:34 AM	3612385834	1013.00	28.45	31.72	78.3	28.54	31.72	77.7	27.05	31.72	89.3	27.92	31.72	82.3
21/06/2018 10:30:35 AM	3612385835	1013.00	28.45	31.72	78.3	28.52	31.72	77.8	27.08	31.72	89.1	27.89	31.72	82.5
21/06/2018 10:30:36 AM	3612385836	1013.00	28.43	31.72	78.5	28.60	31.72	77.3	27.06	31.72	89.2	27.82	31.72	83.1
21/06/2018 10:30:37 AM	3612385837	1013.00	28.46	31.72	78.3	28.52	31.72	77.8	27.10	31.72	88.9	27.91	31.72	82.4
21/06/2018 10:30:38 AM	3612385838	1013.00	28.43	31.72	78.5	28.56	31.72	77.5	27.03	31.72	89.5	27.89	31.72	82.5
21/06/2018 10:30:39 AM	3612385839	1013.00	28.46	31.72	78.3	28.61	31.72	77.2	27.05	31.72	89.3	27.85	31.72	82.8
21/06/2018 10:30:40 AM	3612385840	1013.00	28.45	31.72	78.3	28.59	31.72	77.3	27.04	31.72	89.4	27.85	31.72	82.8
21/06/2018 10:30:41 AM	3612385841	1013.00	28.43	31.72	78.5	28.55	31.72	77.6	27.08	31.72	89.1	27.90	31.72	82.4
21/06/2018 10:30:42 AM	3612385842	1013.00	28.45	31.72	78.3	28.52	31.72	77.8	27.09	31.72	89.0	27.90	31.72	82.4
21/06/2018 10:30:43 AM	3612385843	1013.00	28.45	31.72	78.3	28.55	31.72	77.6	27.09	31.72	89.0	27.87	31.72	82.7
21/06/2018 10:30:44 AM	3612385844	1013.00	28.46	31.72	78.3	28.62	31.72	77.1	27.06	31.72	89.2	27.92	31.72	82.3
21/06/2018 10:30:45 AM	3612385845	1013.00	28.49	31.72	78.0	28.59	31.72	77.3	27.06	31.72	89.2	27.92	31.72	82.3
21/06/2018 10:30:46 AM	3612385846	1013.00	28.48	31.72	78.1	28.62	31.72	77.1	27.06	31.72	89.2	27.90	31.72	82.4
21/06/2018 10:30:47 AM	3612385847	1013.00	28.45	31.72	78.3	28.63	31.72	77.0	27.08	31.72	89.1	27.91	31.72	82.4
21/06/2018 10:30:48 AM	3612385848	1013.00	28.44	31.72	78.4	28.62	31.72	77.1	27.10	31.72	88.9	27.95	31.72	82.1
21/06/2018 10:30:49 AM	3612385849	1013.00	28.47	31.72	78.2	28.61	31.72	77.2	27.07	31.72	89.1	27.91	31.72	82.4
21/06/2018 10:30:50 AM	3612385850	1013.00	28.47	31.73	78.2	28.67	31.73	76.8	27.09	31.73	89.0	27.87	31.73	82.7
21/06/2018 10:30:51 AM	3612385851	1013.00	28.47	31.73	78.2	28.63	31.73	77.0	27.12	31.73	88.7	27.90	31.73	82.4
21/06/2018 10:30:52 AM	3612385852	1013.00	28.45	31.73	78.3	28.65	31.73	76.9	27.10	31.73	88.9	27.91	31.73	82.3
21/06/2018 10:30:53 AM	3612385853	1013.00	28.48	31.74	78.1	28.58	31.74	77.4	27.07	31.74	89.1	27.94	31.74	82.1
21/06/2018 10:30:54 AM	3612385854	1013.00	28.47	31.74	78.2	28.64	31.74	76.9	27.11	31.74	88.8	27.94	31.74	82.1
21/06/2018 10:30:55 AM	3612385855	1013.00	28.46	31.74	78.2	28.62	31.74	77.1	27.09	31.74	88.9	27.87	31.74	82.6
21/06/2018 10:30:56 AM	3612385856	1013.00	28.44	31.73	78.4	28.61	31.73	77.2	27.06	31.73	89.2	27.87	31.73	82.7
21/06/2018 10:30:57 AM	3612385857	1013.00	28.46	31.73	78.2	28.64	31.73	77.0	27.11	31.73	88.8	27.87	31.73	82.7
21/06/2018 10:30:58 AM	3612385858	1013.00	28.47	31.73	78.2	28.58	31.73	77.4	27.14	31.73	88.5	27.91	31.73	82.3
21/06/2018 10:30:59 AM	3612385859	1013.00	28.46	31.73	78.2	28.65	31.73	76.9	27.11	31.73	88.8	27.97	31.73	81.9
21/06/2018 10:31:00 AM	3612385860	1013.00	28.49	31.73	78.0	28.60	31.73	77.2	27.08	31.73	89.0	27.93	31.73	82.2
21/06/2018 10:31:01 AM	3612385861	1013.00	28.48	31.73	78.1	28.65	31.73	76.9	27.15	31.73	88.4	27.93	31.73	82.2
21/06/2018 10:31:02 AM	3612385862	1013.00	28.44	31.74	78.4	28.60	31.74	77.2	27.10	31.74	88.9	27.88	31.74	82.6
21/06/2018 10:31:03 AM	3612385863	1013.00	28.45	31.74	78.3	28.64	31.74	76.9	27.10	31.74	88.9	27.90	31.74	82.4
21/06/2018 10:31:04 AM	3612385864	1013.00	28.44	31.73	78.4	28.64	31.73	77.0	27.12	31.73	88.7	27.98	31.73	81.8
21/06/2018 10:31:05 AM	3612385865	1013.00	28.45	31.73	78.3	28.67	31.73	76.8	27.11	31.73	88.8	27.93	31.73	82.2
21/06/2018 10:31:06 AM	3612385866	1013.00	28.47	31.74	78.2	28.63	31.74	77.0	27.12	31.74	88.7	27.95	31.74	82.0
21/06/2018 10:31:07 AM	3612385867	1013.00	28.48	31.74	78.1	28.70	31.74	76.5	27.12	31.74	88.7	27.98	31.74	81.8
21/06/2018 10:31:08 AM	3612385868	1013.00	28.51	31.74	77.9	28.68	31.74	76.7	27.10	31.74	88.9	28.00	31.74	81.6
21/06/2018 10:31:09 AM	3612385869	1013.00	28.48	31.75	78.1	28.62	31.75	77.1	27.11	31.75	88.8	27.92	31.75	82.2
21/06/2018 10:31:10 AM	3612385870	1013.00	28.52	31.75	77.8	28.65	31.75	76.9	27.13	31.75	88.6	28.03	31.75	81.4
21/06/2018 10:31:11 AM	3612385871	1013.00	28.49	31.75	78.0	28.65	31.75	76.9	27.14	31.75	88.5	27.98	31.75	81.8
21/06/2018 10:31:12 AM	3612385872	1013.00	28.47	31.75	78.2	28.64	31.75	76.9	27.13	31.75	88.6	27.96	31.75	81.9
21/06/2018 10:31:13 AM	3612385873	1013.00	28.49	31.75	78.0	28.70	31.75	76.5	27.12	31.75	88.7	27.96	31.75	81.9
21/06/2018 10:31:14 AM	3612385874	1013.00	28.51	31.75	77.9	28.65	31.75	76.9	27.08	31.75	89.0	27.98	31.75	81.8
21/06/2018 10:31:15 AM	3612385875	1013.00	28.50	31.75	77.9	28.69	31.75	76.6	27.13	31.75	88.6	27.97	31.75	81.9
21/06/2018 10:31:16 AM	3612385876	1013.00	28.49	31.74	78.0	28.73	31.74	76.3	27.11	31.74	88.8	27.95	31.74	82.0
21/06/2018 10:31:17 AM	3612385877	1013.00	28.49	31.75	78.0	28.66	31.75	76.8	27.08	31.75	89.0	27.97	31.75	81.9
21/06/2018 10:31:18 AM	3612385878	1013.00	28.50	31.75	77.9	28.66	31.75	76.8	27.12	31.75	88.7	28.04	31.75	81.3
21/06/2018 10:31:19 AM	3612385879	1013.00	28.51	31.75	77.9	28.68	31.75	76.7	27.13	31.75	88.6	27.95	31.75	82.0
21/06/2018 10:31:20 AM	3612385880	1013.00	28.51	31.74	77.9	28.68	31.74	76.7	27.15	31.74	88.4	27.99	31.74	81.7
21/06/2018 10:31:21 AM	3612385881	1013.00	28.49	31.75	78.0	28.65	31.75	76.9	27.10	31.75	88.8	28.04	31.75	81.3
21/06/2018 10:31:22 AM	3612385882	1013.00	28.56	31.74	77.5	28.69	31.74	76.6	27.14	31.74	88.5	28.00	31.74	81.6
21/06/2018 10:31:23 AM	3612385883	1013.00	28.51	31.74	77.9	28.70	31.74	76.5	27.15	31.74	88.4	28.04	31.74	81.3
21/06/2018 10:31:24 AM	3612385884	1013.00	28.58	31.74	77.4	28.65	31.74	76.9	27.13	31.74	88.6	27.99	31.74	81.7
21/06/2018 10:31:25 AM	3612385885	1013.00	28.53	31.74	77.7	28.67	31.74	76.7	27.14	31.74	88.5	28.05	31.74	81.3
21/06/2018 10:31:26 AM	3612385886	1013.00	28.56	31.74	77.5	28.68	31.74	76.7	27.13	31.74	88.6	28.08	31.74	81.0
21/06/2018 10:31:27 AM	3612385887	1013.00	28.55	31.74	77.6	28.68	31.74	76.7	27.11	31.74	88.8	28.04	31.74	81.3
21/06/2018 10:31:28 AM	3612385888	1013.00	28.54	31.74	77.7	28.71	31.74	76.5	27.14	31.74	88.5	28.06	31.74	81.2
21/06/2018 10:31:29 AM	3612385889	1013.00	28.54	31.74	77.7	28.73	31.74	76.3	27.12	31.74	88.7	27.98	31.74	81.8
21/06/2018 10:31:30 AM	3612385890	1013.00	28.56	31.75	77.5	28.69	31.75	76.6	27.09	31.75	88.9	27.99	31.75	81.7
21/06/2018 10:31:31 AM	3612385891	1013.00	28.55	31.75	77.6	28.72	31.75	76.4	27.16	31.75	88.3	28.05	31.75	81.3
21/06/2018 10:31:32 AM	3612385892	1013.00	28.53	31.75	77.7	28.68	31.75	76.7	27.17	31.75	88.3	28.00	31.75	81.6
21/06/2018 10:31:33 AM	3612385893	1013.00	28.55	31.75	77.6	28.71	31.75	76.4	27.13	31.75	88.6	27.95	31.75	82.0
21/06/2018 10:31:34 AM	3612385894	1013.00	28.58	31.75	77.4	28.72	31.75	76.4	27.13	31.75	88.6	28.05	31.75	81.3
21/06/2018 10:31:35 AM	3612385895	1013.00	28.56	31.75	77.5	28.73	31.75	76.3	27.18	31.75	88.2	28.02	31.75	81.5
21/06/2018 10:31:36 AM	3612385896	1013.00	28.55	31.75	77.6	28.68	31.75	76.7	27.13	31.75	88.6	28.03	31.75	81.4
21/06/2018 10:31:37 AM	3612385897	1013.00	28.55	31.75	77.6	28.70	31.75	76.5	27.11	31.75	88.8	28.04	31.75	81.3
21/06/2018 10:31:38 AM	3612385898	1013.00	28.57	31.75	77.4	28.67	31.75	76.7	27.09	31.75	88.9	28.05	31.75	81.3
21/06/2018 10:31:39 AM	3612385899	1013.00	28.56	31.75	77.5	28.71	31.75	76.4	27.17	31.75	88.3	28.06	31.75	81.2
21/06/2018 10:31:40 AM	3612385900	1013.00	28.54	31.75	77.6	28.72	31.75	76.4	27.17	31.75	88.3	28.05	31.75	81.3
21/06/2018 10:31:41 AM	3612385901	1013.00	28.57	31.74	77.4	28.73	31.74	76.3	27.15	31.74	88.4	28.05	31.74	81.3
21/06/2018 10:31:42 AM	3612385902	1013.00	28.57	31.74	77.4	28.74	31.74	76.2	27.15	31.74	88.4	28.06	31.74	81.2
21/06/2018 10:31:43 AM	3612385903	1013.00	28.56	31.74	77.5	28.75	31.74	76.2	27.16	31.74	88.3	28.04	31.74	81.3
21/06/2018 10:31:44 AM	3612385904	1013.00	28.56	31.74	77.5	28.72	31.74	76.4	27.16	31.74	88.3	28.07	31.74	81.1
21/06/2018 10:31:45 AM	3612385905	1013.00	28.56	31.74	77.5	28.76	31.74	76.1	27.20	31.74	88.0	28.06	31.74	81.2
21/06/2018 10:31:46 AM	3612385906	1013.00	28.55	31.74	77.6	28.74	31.74	76.2	27.20	31.74	88.0	28.09	31.74	81.0
21/06/2018 10:31:47 AM	3612385907	1013.00	28.59	31.73	77.3	28.72	31.73	76.4	27.18	31.73	88.2	28.05	31.73	81.3
21/06/2018 10:31:48 AM	3612385908	1013.00	28.58	31.74	77.4	28.76	31.74	76.1	27.19	31.74	88.1	28.07	31.74	81.1
21/06/2018 10:31:49 AM	3612385909	1013.00	28.57	31.74	77.4	28.77	31.74	76.0	27.16	31.74	88.3	28.08	31.74	81.0
21/06/2018 10:31:50 AM	3612385910	1013.00	28.57	31.74	77.4	28.77	31.74	76.0	27.21	31.74	87.9	28.13	31.74	80.7
21/06/2018 10:31:51 AM	3612385911	1013.00	28.57	31.74	77.4	28.79	31.74	75.9	27.16	31.74	88.3	28.10	31.74	80.9
21/06/2018 10:31:52 AM	3612385912	1013.00	28.64	31.75	76.9	28.75	31.75	76.2	27.16	31.75	88.3	28.13	31.75	80.6
21/06/2018 10:31:53 AM	3612385913	1013.00	28.58	31.74	77.4	28.75	31.74	76.2	27.17	31.74	88.3	28.11	31.74	80.8
21/06/2018 10:31:54 AM	3612385914	1013.00	28.65	31.74	76.9	28.79	31.74	75.9	27.18	31.74	88.2	28.08	31.74	81.0
21/06/2018 10:31:55 AM	3612385915	1013.00	28.58	31.74	77.4	28.79	31.74	75.9	27.21	31.74	87.9	28.10	31.74	80.9
21/06/2018 10:31:56 AM	3612385916	1013.00	28.63	31.74	77.0	28.80	31.74	75.8	27.19	31.74	88.1	28.12	31.74	80.7
21/06/2018 10:31:57 AM	3612385917	1013.00	28.63	31.75	77.0	28.71	31.75	76.4	27.19	31.75	88.1	28.15	31.75	80.5
21/06/2018 10:31:58 AM	3612385918	1013.00	28.60	31.75	77.2	28.81	31.75	75.7	27.21	31.75	87.9	28.14	31.75	80.6
21/06/2018 10:31:59 AM	3612385919	1013.00	28.64	31.75	76.9	28.83	31.75	75.6	27.15	31.75	88.4	28.13	31.75	80.6
21/06/2018 10:32:00 AM	3612385920	1013.00	28.59	31.75	77.3	28.79	31.75	75.9	27.18	31.75	88.2	28.13	31.75	80.6
21/06/2018 10:32:01 AM	3612385921	1013.00	28.62	31.75	77.1	28.84	31.75	75.5	27.19	31.75	88.1	28.09	31.75	80.9
21/06/2018 10:32:02 AM	3612385922	1013.00	28.65	31.75	76.9	28.81	31.75	75.7	27.21	31.75	87.9	28.17	31.75	80.4
21/06/2018 10:32:03 AM	3612385923	1013.00	28.63	31.75	77.0	28.78	31.75	76.0	27.22	31.75	87.8	28.14	31.75	80.6
21/06/2018 10:32:04 AM	3612385924	1013.00	28.65	31.75	76.9	28.86	31.75	75.4	27.18	31.75	88.2	28.13	31.75	80.6
21/06/2018 10:32:05 AM	3612385925	1013.00	28.63	31.75	77.0	28.86	31.75	75.4	27.16	31.75	88.3	28.09	31.75	80.9
21/06/2018 10:32:06 AM	3612385926	1013.00	28.66	31.75	76.8	28.87	31.75	75.3	27.18	31.75	88.2	28.17	31.75	80.4
21/06/2018 10:32:07 AM	3612385927	1013.00	28.66	31.75	76.8	28.88	31.75	75.3	27.19	31.75	88.1	28.15	31.75	80.5
21/06/2018 10:32:08 AM	3612385928	1013.00	28.69	31.75	76.6	28.87	31.75	75.3	27.16	31.75	88.3	28.18	31.75	80.3
21/06/2018 10:32:09 AM	3612385929	1013.00	28.65	31.74	76.9	28.90	31.74	75.1	27.24	31.74	87.7	28.13	31.74	80.7
21/06/2018 10:32:10 AM	3612385930	1013.00	28.67	31.74	76.7	28.92	31.74	75.0	27.20	31.74	88.0	28.15	31.74	80.5
21/06/2018 10:32:11 AM	3612385931	1013.00	28.65	31.74	76.9	28.90	31.74	75.1	27.20	31.74	88.0	28.13	31.74	80.7
21/06/2018 10:32:12 AM	3612385932	1013.00	28.65	31.73	76.9	28.96	31.73	74.7	27.21	31.73	87.9	28.15	31.73	80.5
21/06/2018 10:32:13 AM	3612385933	1013.00	28.65	31.73	76.9	28.98	31.73	74.6	27.18	31.73	88.2	28.12	31.73	80.8
21/06/2018 10:32:14 AM	3612385934	1013.00	28.67	31.73	76.8	28.95	31.73	74.8	27.16	31.73	88.4	28.14	31.73	80.6
21/06/2018 10:32:15 AM	3612385935	1013.00	28.70	31.74	76.5	28.99	31.74	74.5	27.17	31.74	88.3	28.13	31.74	80.7
21/06/2018 10:32:16 AM	3612385936	1013.00	28.72	31.74	76.4	28.99	31.74	74.5	27.21	31.74	87.9	28.10	31.74	80.9
21/06/2018 10:32:17 AM	3612385937	1013.00	28.71	31.74	76.5	28.98	31.74	74.6	27.19	31.74	88.1	28.10	31.74	80.9
21/06/2018 10:32:18 AM	3612385938	1013.00	28.73	31.75	76.3	28.96	31.75	74.7	27.20	31.75	88.0	28.10	31.75	80.9
21/06/2018 10:32:19 AM	3612385939	1013.00	28.75	31.75	76.2	29.01	31.75	74.4	27.23	31.75	87.8	28.16	31.75	80.4
21/06/2018 10:32:20 AM	3612385940	1013.00	28.69	31.75	76.6	29.03	31.75	74.2	27.25	31.75	87.6	28.14	31.75	80.6
21/06/2018 10:32:21 AM	3612385941	1013.00	28.74	31.74	76.2	29.08	31.74	73.9	27.21	31.74	87.9	28.17	31.74	80.4
21/06/2018 10:32:22 AM	3612385942	1013.00	28.74	31.75	76.2	29.03	31.75	74.2	27.21	31.75	87.9	28.15	31.75	80.5
21/06/2018 10:32:23 AM	3612385943	1013.00	28.76	31.75	76.1	29.00	31.75	74.4	27.25	31.75	87.6	28.17	31.75	80.4
21/06/2018 10:32:24 AM	3612385944	1013.00	28.73	31.75	76.3	29.03	31.75	74.2	27.17	31.75	88.3	28.14	31.75	80.6
21/06/2018 10:32:25 AM	3612385945	1013.00	28.76	31.75	76.1	28.99	31.75	74.5	27.23	31.75	87.8	28.15	31.75	80.5
21/06/2018 10:32:26 AM	3612385946	1013.00	28.74	31.75	76.2	29.08	31.75	73.9	27.24	31.75	87.7	28.19	31.75	80.2
21/06/2018 10:32:27 AM	3612385947	1013.00	28.72	31.75	76.4	29.03	31.75	74.2	27.24	31.75	87.7	28.14	31.75	80.6
21/06/2018 10:32:28 AM	3612385948	1013.00	28.75	31.75	76.2	29.00	31.75	74.4	27.23	31.75	87.8	28.17	31.75	80.4
21/06/2018 10:32:29 AM	3612385949	1013.00	28.77	31.75	76.0	29.06	31.75	74.0	27.27	31.75	87.4	28.12	31.75	80.7
21/06/2018 10:32:30 AM	3612385950	1013.00	28.77	31.75	76.0	29.05	31.75	74.1	27.27	31.75	87.4	28.16	31.75	80.4
21/06/2018 10:32:31 AM	3612385951	1013.00	28.76	31.75	76.1	29.02	31.75	74.3	27.30	31.75	87.2	28.13	31.75	80.6
21/06/2018 10:32:32 AM	3612385952	1013.00	28.79	31.74	75.9	29.04	31.74	74.2	27.25	31.74	87.6	28.14	31.74	80.6
21/06/2018 10:32:33 AM	3612385953	1013.00	28.78	31.74	76.0	29.09	31.74	73.8	27.22	31.74	87.8	28.17	31.74	80.4
21/06/2018 10:32:34 AM	3612385954	1013.00	28.78	31.74	76.0	29.08	31.74	73.9	27.25	31.74	87.6	28.16	31.74	80.4
21/06/2018 10:32:35 AM	3612385955	1013.00	28.76	31.74	76.1	29.14	31.74	73.5	27.25	31.74	87.6	28.19	31.74	80.2
21/06/2018 10:32:36 AM	3612385956	1013.00	28.80	31.74	75.8	29.13	31.74	73.6	27.23	31.74	87.8	28.12	31.74	80.7
21/06/2018 10:32:37 AM	3612385957	1013.00	28.78	31.75	76.0	29.13	31.75	73.6	27.26	31.75	87.5	28.19	31.75	80.2
21/06/2018 10:32:38 AM	3612385958	1013.00	28.77	31.74	76.0	29.10	31.74	73.8	27.25	31.74	87.6	28.18	31.74	80.3
21/06/2018 10:32:39 AM	3612385959	1013.00	28.78	31.75	76.0	29.11	31.75	73.7	27.28	31.75	87.3	28.18	31.75	80.3
21/06/2018 10:32:40 AM	3612385960	1013.00	28.78	31.75	76.0	29.06	31.75	74.0	27.26	31.75	87.5	28.19	31.75	80.2
21/06/2018 10:32:41 AM	3612385961	1013.00	28.77	31.74	76.0	29.08	31.74	73.9	27.24	31.74	87.7	28.23	31.74	79.9
21/06/2018 10:32:42 AM	3612385962	1013.00	28.79	31.74	75.9	29.10	31.74	73.8	27.27	31.74	87.4	28.24	31.74	79.8
21/06/2018 10:32:43 AM	3612385963	1013.00	28.84	31.74	75.6	29.05	31.74	74.1	27.25	31.74	87.6	28.24	31.74	79.8
21/06/2018 10:32:44 AM	3612385964	1013.00	28.77	31.75	76.0	29.01	31.75	74.4	27.23	31.75	87.8	28.25	31.75	79.8
21/06/2018 10:32:45 AM	3612385965	1013.00	28.82	31.74	75.7	29.05	31.74	74.1	27.26	31.74	87.5	28.20	31.74	80.1
21/06/2018 10:32:46 AM	3612385966	1013.00	28.82	31.74	75.7	29.07	31.74	74.0	27.27	31.74	87.4	28.19	31.74	80.2
21/06/2018 10:32:47 AM	3612385967	1013.00	28.79	31.74	75.9	29.14	31.74	73.5	27.25	31.74	87.6	28.27	31.74	79.6
21/06/2018 10:32:48 AM	3612385968	1013.00	28.88	31.74	75.3	29.09	31.74	73.8	27.29	31.74	87.3	28.26	31.74	79.7
21/06/2018 10:32:49 AM	3612385969	1013.00	28.84	31.74	75.6	29.10	31.74	73.8	27.27	31.74	87.4	28.28	31.74	79.5
21/06/2018 10:32:50 AM	3612385970	1013.00	28.84	31.74	75.6	29.08	31.74	73.9	27.30	31.74	87.2	28.32	31.74	79.3
21/06/2018 10:32:51 AM	3612385971	1013.00	28.84	31.74	75.6	29.11	31.74	73.7	27.26	31.74	87.5	28.25	31.74	79.8
21/06/2018 10:32:52 AM	3612385972	1013.00	28.86	31.74	75.4	29.11	31.74	73.7	27.27	31.74	87.4	28.31	31.74	79.3
21/06/2018 10:32:53 AM	3612385973	1013.00	28.83	31.74	75.6	29.11	31.74	73.7	27.32	31.74	87.0	28.28	31.74	79.5
21/06/2018 10:32:54 AM	3612385974	1013.00	28.85	31.73	75.5	29.12	31.73	73.7	27.25	31.73	87.6	28.28	31.73	79.6
21/06/2018 10:32:55 AM	3612385975	1013.00	28.89	31.73	75.2	29.07	31.73	74.0	27.33	31.73	87.0	28.30	31.73	79.4
21/06/2018 10:32:56 AM	3612385976	1013.00	28.88	31.73	75.3	29.12	31.73	73.7	27.30	31.73	87.2	28.28	31.73	79.6
21/06/2018 10:32:57 AM	3612385977	1013.00	28.83	31.74	75.6	29.08	31.74	73.9	27.30	31.74	87.2	28.34	31.74	79.1
21/06/2018 10:32:58 AM	3612385978	1013.00	28.85	31.74	75.5	29.09	31.74	73.8	27.28	31.74	87.4	28.32	31.74	79.3
21/06/2018 10:32:59 AM	3612385979	1013.00	28.87	31.74	75.3	29.05	31.74	74.1	27.33	31.74	86.9	28.34	31.74	79.1
21/06/2018 10:33:00 AM	3612385980	1013.00	28.83	31.74	75.6	29.05	31.74	74.1	27.28	31.74	87.4	28.35	31.74	79.0
21/06/2018 10:33:01 AM	3612385981	1013.00	28.83	31.75	75.6	29.08	31.75	73.9	27.24	31.75	87.7	28.34	31.75	79.1
21/06/2018 10:33:02 AM	3612385982	1013.00	28.84	31.75	75.5	29.10	31.75	73.8	27.31	31.75	87.1	28.34	31.75	79.1
21/06/2018 10:33:03 AM	3612385983	1013.00	28.83	31.74	75.6	29.08	31.74	73.9	27.31	31.74	87.1	28.33	31.74	79.2
21/06/2018 10:33:04 AM	3612385984	1013.00	28.87	31.74	75.3	29.04	31.74	74.2	27.32	31.74	87.0	28.31	31.74	79.3
21/06/2018 10:33:05 AM	3612385985	1013.00	28.84	31.74	75.6	29.02	31.74	74.3	27.30	31.74	87.2	28.35	31.74	79.0
21/06/2018 10:33:06 AM	3612385986	1013.00	28.87	31.73	75.4	29.03	31.73	74.3	27.28	31.73	87.4	28.32	31.73	79.3
21/06/2018 10:33:07 AM	3612385987	1013.00	28.88	31.73	75.3	29.13	31.73	73.6	27.26	31.73	87.5	28.34	31.73	79.1
21/06/2018 10:33:08 AM	3612385988	1013.00	28.87	31.74	75.3	29.12	31.74	73.6	27.33	31.74	86.9	28.34	31.74	79.1
21/06/2018 10:33:09 AM	3612385989	1013.00	28.86	31.74	75.4	29.05	31.74	74.1	27.32	31.74	87.0	28.37	31.74	78.9
21/06/2018 10:33:10 AM	3612385990	1013.00	28.85	31.74	75.5	29.08	31.74	73.9	27.32	31.74	87.0	28.36	31.74	79.0
21/06/2018 10:33:11 AM	3612385991	1013.00	28.86	31.74	75.4	29.11	31.74	73.7	27.31	31.74	87.1	28.38	31.74	78.8
21/06/2018 10:33:12 AM	3612385992	1013.00	28.87	31.75	75.3	29.11	31.75	73.7	27.29	31.75	87.3	28.35	31.75	79.0
21/06/2018 10:33:13 AM	3612385993	1013.00	28.87	31.75	75.3	29.06	31.75	74.0	27.31	31.75	87.1	28.34	31.75	79.1
21/06/2018 10:33:14 AM	3612385994	1013.00	28.90	31.75	75.1	29.05	31.75	74.1	27.33	31.75	86.9	28.37	31.75	78.9
21/06/2018 10:33:15 AM	3612385995	1013.00	28.90	31.76	75.1	29.12	31.76	73.6	27.35	31.76	86.7	28.39	31.76	78.7
21/06/2018 10:33:16 AM	3612385996	1013.00	28.85	31.75	75.5	29.12	31.75	73.6	27.34	31.75	86.8	28.39	31.75	78.7
21/06/2018 10:33:17 AM	3612385997	1013.00	28.89	31.75	75.2	29.11	31.75	73.7	27.35	31.75	86.8	28.35	31.75	79.0
21/06/2018 10:33:18 AM	3612385998	1013.00	28.87	31.74	75.3	29.18	31.74	73.2	27.34	31.74	86.9	28.39	31.74	78.7
21/06/2018 10:33:19 AM	3612385999	1013.00	28.85	31.74	75.5	29.13	31.74	73.6	27.33	31.74	86.9	28.39	31.74	78.7
21/06/2018 10:33:20 AM	3612386000	1013.00	28.88	31.74	75.3	29.18	31.74	73.2	27.31	31.74	87.1	28.39	31.74	78.7
21/06/2018 10:33:21 AM	3612386001	1013.00	28.89	31.74	75.2	29.16	31.74	73.4	27.35	31.74	86.8	28.39	31.74	78.7
21/06/2018 10:33:22 AM	3612386002	1013.00	28.90	31.74	75.1	29.15	31.74	73.4	27.32	31.74	87.0	28.39	31.74	78.7
21/06/2018 10:33:23 AM	3612386003	1013.00	28.93	31.75	74.9	29.13	31.75	73.6	27.37	31.75	86.6	28.39	31.75	78.7
21/06/2018 10:33:24 AM	3612386004	1013.00	28.86	31.74	75.4	29.17	31.74	73.3	27.32	31.74	87.0	28.34	31.74	79.1
21/06/2018 10:33:25 AM	3612386005	1013.00	28.88	31.75	75.3	29.21	31.75	73.0	27.34	31.75	86.8	28.38	31.75	78.8
21/06/2018 10:33:26 AM	3612386006	1013.00	28.91	31.75	75.1	29.23	31.75	72.9	27.34	31.75	86.8	28.41	31.75	78.6
21/06/2018 10:33:27 AM	3612386007	1013.00	28.88	31.74	75.3	29.21	31.74	73.0	27.37	31.74	86.6	28.36	31.74	79.0
21/06/2018 10:33:28 AM	3612386008	1013.00	28.90	31.75	75.1	29.23	31.75	72.9	27.34	31.75	86.8	28.42	31.75	78.5
21/06/2018 10:33:29 AM	3612386009	1013.00	28.90	31.75	75.1	29.23	31.75	72.9	27.35	31.75	86.8	28.39	31.75	78.7
21/06/2018 10:33:30 AM	3612386010	1013.00	28.89	31.75	75.2	29.24	31.75	72.8	27.35	31.75	86.8	28.40	31.75	78.7
21/06/2018 10:33:31 AM	3612386011	1013.00	28.94	31.75	74.8	29.26	31.75	72.7	27.38	31.75	86.5	28.39	31.75	78.7
21/06/2018 10:33:32 AM	3612386012	1013.00	28.94	31.76	74.8	29.32	31.76	72.3	27.36	31.76	86.7	28.38	31.76	78.8
21/06/2018 10:33:33 AM	3612386013	1013.00	28.90	31.75	75.1	29.27	31.75	72.6	27.39	31.75	86.4	28.43	31.75	78.4
21/06/2018 10:33:34 AM	3612386014	1013.00	28.91	31.75	75.1	29.26	31.75	72.7	27.34	31.75	86.8	28.42	31.75	78.5
21/06/2018 10:33:35 AM	3612386015	1013.00	28.89	31.75	75.2	29.29	31.75	72.5	27.32	31.75	87.0	28.43	31.75	78.4
21/06/2018 10:33:36 AM	3612386016	1013.00	28.91	31.75	75.1	29.27	31.75	72.6	27.41	31.75	86.3	28.40	31.75	78.7
21/06/2018 10:33:37 AM	3612386017	1013.00	28.91	31.74	75.1	29.27	31.74	72.6	27.38	31.74	86.5	28.36	31.74	79.0
21/06/2018 10:33:38 AM	3612386018	1013.00	28.94	31.74	74.9	29.26	31.74	72.7	27.39	31.74	86.4	28.45	31.74	78.3
21/06/2018 10:33:39 AM	3612386019	1013.00	28.93	31.74	74.9	29.38	31.74	71.9	27.38	31.74	86.5	28.39	31.74	78.7
21/06/2018 10:33:40 AM	3612386020	1013.00	28.89	31.74	75.2	29.28	31.74	72.6	27.32	31.74	87.0	28.45	31.74	78.3
21/06/2018 10:33:41 AM	3612386021	1013.00	28.94	31.74	74.9	29.31	31.74	72.4	27.38	31.74	86.5	28.45	31.74	78.3
21/06/2018 10:33:42 AM	3612386022	1013.00	28.91	31.75	75.1	29.29	31.75	72.5	27.37	31.75	86.6	28.39	31.75	78.7
21/06/2018 10:33:43 AM	3612386023	1013.00	28.93	31.75	74.9	29.36	31.75	72.0	27.35	31.75	86.8	28.40	31.75	78.7
21/06/2018 10:33:44 AM	3612386024	1013.00	28.91	31.75	75.1	29.35	31.75	72.1	27.39	31.75	86.4	28.45	31.75	78.3
21/06/2018 10:33:45 AM	3612386025	1013.00	28.92	31.75	75.0	29.38	31.75	71.9	27.35	31.75	86.8	28.44	31.75	78.4
21/06/2018 10:33:46 AM	3612386026	1013.00	28.91	31.75	75.1	29.38	31.75	71.9	27.32	31.75	87.0	28.44	31.75	78.4
21/06/2018 10:33:47 AM	3612386027	1013.00	28.92	31.75	75.0	29.38	31.75	71.9	27.35	31.75	86.8	28.47	31.75	78.2
21/06/2018 10:33:48 AM	3612386028	1013.00	28.94	31.75	74.8	29.33	31.75	72.2	27.35	31.75	86.8	28.39	31.75	78.7
21/06/2018 10:33:49 AM	3612386029	1013.00	28.93	31.76	74.9	29.35	31.76	72.1	27.38	31.76	86.5	28.41	31.76	78.6
21/06/2018 10:33:50 AM	3612386030	1013.00	28.93	31.75	74.9	29.39	31.75	71.8	27.39	31.75	86.4	28.48	31.75	78.1
21/06/2018 10:33:51 AM	3612386031	1013.00	28.95	31.75	74.8	29.33	31.75	72.2	27.40	31.75	86.4	28.45	31.75	78.3
21/06/2018 10:33:52 AM	3612386032	1013.00	28.96	31.75	74.7	29.36	31.75	72.0	27.38	31.75	86.5	28.46	31.75	78.2
21/06/2018 10:33:53 AM	3612386033	1013.00	28.96	31.75	74.7	29.42	31.75	71.7	27.38	31.75	86.5	28.45	31.75	78.3
21/06/2018 10:33:54 AM	3612386034	1013.00	28.97	31.74	74.7	29.41	31.74	71.7	27.40	31.74	86.4	28.49	31.74	78.0
21/06/2018 10:33:55 AM	3612386035	1013.00	28.99	31.74	74.5	29.41	31.74	71.7	27.37	31.74	86.6	28.47	31.74	78.2
21/06/2018 10:33:56 AM	3612386036	1013.00	28.95	31.75	74.8	29.40	31.75	71.8	27.37	31.75	86.6	28.51	31.75	77.9
21/06/2018 10:33:57 AM	3612386037	1013.00	28.96	31.75	74.7	29.36	31.75	72.0	27.39	31.75	86.4	28.53	31.75	77.7
21/06/2018 10:33:58 AM	3612386038	1013.00	28.98	31.75	74.6	29.46	31.75	71.4	27.43	31.75	86.1	28.46	31.75	78.2
21/06/2018 10:33:59 AM	3612386039	1013.00	28.99	31.75	74.5	29.43	31.75	71.6	27.43	31.75	86.1	28.54	31.75	77.6
21/06/2018 10:34:00 AM	3612386040	1013.00	28.99	31.75	74.5	29.41	31.75	71.7	27.40	31.75	86.4	28.46	31.75	78.2
21/06/2018 10:34:01 AM	3612386041	1013.00	28.99	31.75	74.5	29.44	31.75	71.5	27.44	31.75	86.0	28.50	31.75	77.9
21/06/2018 10:34:02 AM	3612386042	1013.00	29.01	31.75	74.4	29.39	31.75	71.8	27.37	31.75	86.6	28.52	31.75	77.8
21/06/2018 10:34:03 AM	3612386043	1013.00	28.99	31.75	74.5	29.41	31.75	71.7	27.41	31.75	86.3	28.48	31.75	78.1
21/06/2018 10:34:04 AM	3612386044	1013.00	28.97	31.75	74.6	29.44	31.75	71.5	27.42	31.75	86.2	28.47	31.75	78.2
21/06/2018 10:34:05 AM	3612386045	1013.00	28.97	31.75	74.6	29.40	31.75	71.8	27.42	31.75	86.2	28.52	31.75	77.8
21/06/2018 10:34:06 AM	3612386046	1013.00	29.00	31.75	74.4	29.40	31.75	71.8	27.39	31.75	86.4	28.46	31.75	78.2
21/06/2018 10:34:07 AM	3612386047	1013.00	28.97	31.75	74.6	29.40	31.75	71.8	27.41	31.75	86.3	28.49	31.75	78.0
21/06/2018 10:34:08 AM	3612386048	1013.00	28.98	31.75	74.6	29.46	31.75	71.4	27.44	31.75	86.0	28.49	31.75	78.0
21/06/2018 10:34:09 AM	3612386049	1013.00	28.94	31.76	74.8	29.44	31.76	71.5	27.40	31.76	86.3	28.48	31.76	78.1
21/06/2018 10:34:10 AM	3612386050	1013.00	29.02	31.76	74.3	29.43	31.76	71.6	27.44	31.76	86.0	28.47	31.76	78.1
21/06/2018 10:34:11 AM	3612386051	1013.00	29.00	31.76	74.4	29.47	31.76	71.3	27.43	31.76	86.1	28.50	31.76	77.9
21/06/2018 10:34:12 AM	3612386052	1013.00	29.01	31.76	74.4	29.47	31.76	71.3	27.42	31.76	86.2	28.50	31.76	77.9
21/06/2018 10:34:13 AM	3612386053	1013.00	29.00	31.76	74.4	29.42	31.76	71.6	27.46	31.76	85.9	28.45	31.76	78.3
21/06/2018 10:34:14 AM	3612386054	1013.00	29.01	31.75	74.4	29.49	31.75	71.2	27.42	31.75	86.2	28.48	31.75	78.1
21/06/2018 10:34:15 AM	3612386055	1013.00	29.01	31.75	74.4	29.45	31.75	71.5	27.43	31.75	86.1	28.45	31.75	78.3
21/06/2018 10:34:16 AM	3612386056	1013.00	29.02	31.75	74.3	29.48	31.75	71.3	27.42	31.75	86.2	28.46	31.75	78.2
21/06/2018 10:34:17 AM	3612386057	1013.00	29.00	31.75	74.4	29.48	31.75	71.3	27.48	31.75	85.7	28.50	31.75	77.9
21/06/2018 10:34:18 AM	3612386058	1013.00	29.00	31.75	74.4	29.45	31.75	71.5	27.48	31.75	85.7	28.49	31.75	78.0
21/06/2018 10:34:19 AM	3612386059	1013.00	29.00	31.75	74.4	29.50	31.75	71.1	27.45	31.75	85.9	28.47	31.75	78.2
21/06/2018 10:34:20 AM	3612386060	1013.00	29.04	31.75	74.2	29.48	31.75	71.3	27.47	31.75	85.8	28.52	31.75	77.8
21/06/2018 10:34:21 AM	3612386061	1013.00	29.03	31.75	74.2	29.49	31.75	71.2	27.42	31.75	86.2	28.48	31.75	78.1
21/06/2018 10:34:22 AM	3612386062	1013.00	29.04	31.75	74.2	29.49	31.75	71.2	27.43	31.75	86.1	28.53	31.75	77.7
21/06/2018 10:34:23 AM	3612386063	1013.00	29.01	31.75	74.4	29.43	31.75	71.6	27.46	31.75	85.9	28.53	31.75	77.7
21/06/2018 10:34:24 AM	3612386064	1013.00	29.04	31.75	74.2	29.46	31.75	71.4	27.45	31.75	85.9	28.50	31.75	77.9
21/06/2018 10:34:25 AM	3612386065	1013.00	29.07	31.75	74.0	29.41	31.75	71.7	27.47	31.75	85.8	28.52	31.75	77.8
