Date & time of file creation	21/06/2018 10:37 AM													
Data file path	C:\Users\ameli\Desktop\Diego Barneche\21_06_2018\32_C_new_witrox_14.txt													
														
														
CALIBRATION DATA														
Parameter/Channel	N moving average	LO phase [r.U.]	HI phase [r.U.]	LO oxygen [%air saturation]	HI oxygen [%air saturation]	LO temperature [°C]	HI temperature [°C]	Salinity [‰]						
SDWD0003000199      , CH 1	1	58.92	25.87	0.00	100.00	31.94	31.76	0.000						
SDWD0003000199      , CH 2	1	58.92	25.87	0.00	100.00	31.94	31.76	0.000						
SDWD0003000199      , CH 3	1	58.92	25.87	0.00	100.00	31.94	31.76	0.000						
SDWD0003000199      , CH 4	1	58.92	25.87	0.00	100.00	31.94	31.76	0.000						
														
														
Date &Time [DD-MM-YYYY HH:MM:SS]	Time stamp code	Barometric pressure [hPa]	SDWD0003000199      , CH 1 phase [r.U.]	SDWD0003000199      , CH 1 temp [°C]	SDWD0003000199      , CH 1 O2 [% air saturation]	SDWD0003000199      , CH 2 phase [r.U.]	SDWD0003000199      , CH 2 temp [°C]	SDWD0003000199      , CH 2 O2 [% air saturation]	SDWD0003000199      , CH 3 phase [r.U.]	SDWD0003000199      , CH 3 temp [°C]	SDWD0003000199      , CH 3 O2 [% air saturation]	SDWD0003000199      , CH 4 phase [r.U.]	SDWD0003000199      , CH 4 temp [°C]	SDWD0003000199      , CH 4 O2 [% air saturation]
21/06/2018 10:37:30 AM	3612386250	1013.00	25.52	31.75	103.5	25.59	31.75	102.8	25.54	31.75	103.3	25.60	31.75	102.7
21/06/2018 10:37:31 AM	3612386251	1013.00	25.47	31.75	104.0	25.60	31.75	102.7	25.56	31.75	103.1	25.60	31.75	102.7
21/06/2018 10:37:32 AM	3612386252	1013.00	25.53	31.74	103.4	25.60	31.74	102.7	25.56	31.74	103.1	25.58	31.74	102.9
21/06/2018 10:37:33 AM	3612386253	1013.00	25.57	31.75	103.0	25.66	31.75	102.1	25.55	31.75	103.2	25.60	31.75	102.7
21/06/2018 10:37:34 AM	3612386254	1013.00	25.56	31.75	103.1	25.59	31.75	102.8	25.57	31.75	103.0	25.60	31.75	102.7
21/06/2018 10:37:35 AM	3612386255	1013.00	25.50	31.75	103.7	25.64	31.75	102.3	25.57	31.75	103.0	25.59	31.75	102.8
21/06/2018 10:37:36 AM	3612386256	1013.00	25.57	31.75	103.0	25.59	31.75	102.8	25.56	31.75	103.1	25.59	31.75	102.8
21/06/2018 10:37:37 AM	3612386257	1013.00	25.54	31.74	103.3	25.57	31.74	103.0	25.57	31.74	103.0	25.59	31.74	102.8
21/06/2018 10:37:38 AM	3612386258	1013.00	25.55	31.74	103.2	25.59	31.74	102.8	25.59	31.74	102.8	25.60	31.74	102.7
21/06/2018 10:37:39 AM	3612386259	1013.00	25.55	31.73	103.2	25.62	31.73	102.5	25.57	31.73	103.0	25.60	31.73	102.7
21/06/2018 10:37:40 AM	3612386260	1013.00	25.53	31.73	103.4	25.61	31.73	102.6	25.59	31.73	102.8	25.60	31.73	102.7
21/06/2018 10:37:41 AM	3612386261	1013.00	25.57	31.73	103.0	25.60	31.73	102.7	25.57	31.73	103.0	25.60	31.73	102.7
21/06/2018 10:37:42 AM	3612386262	1013.00	25.55	31.74	103.2	25.54	31.74	103.3	25.55	31.74	103.2	25.60	31.74	102.7
21/06/2018 10:37:43 AM	3612386263	1013.00	25.55	31.73	103.2	25.62	31.73	102.5	25.60	31.73	102.7	25.61	31.73	102.6
21/06/2018 10:37:44 AM	3612386264	1013.00	25.56	31.74	103.1	25.67	31.74	102.0	25.59	31.74	102.8	25.62	31.74	102.5
21/06/2018 10:37:45 AM	3612386265	1013.00	25.51	31.74	103.6	25.61	31.74	102.6	25.58	31.74	102.9	25.59	31.74	102.8
21/06/2018 10:37:46 AM	3612386266	1013.00	25.55	31.74	103.2	25.62	31.74	102.5	25.61	31.74	102.6	25.63	31.74	102.4
21/06/2018 10:37:47 AM	3612386267	1013.00	25.56	31.73	103.1	25.62	31.73	102.5	25.61	31.73	102.6	25.61	31.73	102.6
21/06/2018 10:37:48 AM	3612386268	1013.00	25.53	31.74	103.4	25.60	31.74	102.7	25.59	31.74	102.8	25.59	31.74	102.8
21/06/2018 10:37:49 AM	3612386269	1013.00	25.50	31.74	103.7	25.60	31.74	102.7	25.58	31.74	102.9	25.63	31.74	102.4
21/06/2018 10:37:50 AM	3612386270	1013.00	25.57	31.74	103.0	25.63	31.74	102.4	25.60	31.74	102.7	25.60	31.74	102.7
21/06/2018 10:37:51 AM	3612386271	1013.00	25.54	31.74	103.3	25.60	31.74	102.7	25.61	31.74	102.6	25.59	31.74	102.8
21/06/2018 10:37:52 AM	3612386272	1013.00	25.60	31.74	102.7	25.57	31.74	103.0	25.59	31.74	102.8	25.63	31.74	102.4
21/06/2018 10:37:53 AM	3612386273	1013.00	25.53	31.74	103.4	25.59	31.74	102.8	25.58	31.74	102.9	25.61	31.74	102.6
21/06/2018 10:37:54 AM	3612386274	1013.00	25.53	31.73	103.4	25.62	31.73	102.5	25.60	31.73	102.7	25.61	31.73	102.6
21/06/2018 10:37:55 AM	3612386275	1013.00	25.54	31.74	103.3	25.60	31.74	102.7	25.61	31.74	102.6	25.64	31.74	102.3
21/06/2018 10:37:56 AM	3612386276	1013.00	25.58	31.73	102.9	25.62	31.73	102.5	25.58	31.73	102.9	25.60	31.73	102.7
21/06/2018 10:37:57 AM	3612386277	1013.00	25.51	31.73	103.7	25.61	31.73	102.6	25.60	31.73	102.7	25.62	31.73	102.5
21/06/2018 10:37:58 AM	3612386278	1013.00	25.51	31.73	103.7	25.62	31.73	102.5	25.58	31.73	102.9	25.61	31.73	102.6
21/06/2018 10:37:59 AM	3612386279	1013.00	25.59	31.73	102.8	25.66	31.73	102.1	25.60	31.73	102.7	25.63	31.73	102.4
21/06/2018 10:38:00 AM	3612386280	1013.00	25.56	31.73	103.1	25.69	31.73	101.8	25.60	31.73	102.7	25.60	31.73	102.7
21/06/2018 10:38:01 AM	3612386281	1013.00	25.59	31.72	102.9	25.67	31.72	102.0	25.58	31.72	103.0	25.61	31.72	102.7
21/06/2018 10:38:02 AM	3612386282	1013.00	25.52	31.72	103.6	25.66	31.72	102.1	25.58	31.72	103.0	25.62	31.72	102.6
21/06/2018 10:38:03 AM	3612386283	1013.00	25.57	31.72	103.1	25.58	31.72	103.0	25.59	31.72	102.9	25.65	31.72	102.2
21/06/2018 10:38:04 AM	3612386284	1013.00	25.53	31.72	103.5	25.61	31.72	102.7	25.61	31.72	102.7	25.64	31.72	102.3
21/06/2018 10:38:05 AM	3612386285	1013.00	25.57	31.72	103.1	25.64	31.72	102.3	25.62	31.72	102.6	25.64	31.72	102.3
21/06/2018 10:38:06 AM	3612386286	1013.00	25.56	31.73	103.1	25.67	31.73	102.0	25.64	31.73	102.3	25.61	31.73	102.6
21/06/2018 10:38:07 AM	3612386287	1013.00	25.59	31.72	102.9	25.66	31.72	102.1	25.63	31.72	102.4	25.64	31.72	102.3
21/06/2018 10:38:08 AM	3612386288	1013.00	25.54	31.73	103.3	25.65	31.73	102.2	25.62	31.73	102.5	25.62	31.73	102.5
21/06/2018 10:38:09 AM	3612386289	1013.00	25.53	31.73	103.4	25.64	31.73	102.3	25.62	31.73	102.5	25.62	31.73	102.5
21/06/2018 10:38:10 AM	3612386290	1013.00	25.56	31.73	103.1	25.65	31.73	102.2	25.60	31.73	102.7	25.64	31.73	102.3
21/06/2018 10:38:11 AM	3612386291	1013.00	25.56	31.74	103.1	25.65	31.74	102.2	25.61	31.74	102.6	25.64	31.74	102.3
21/06/2018 10:38:12 AM	3612386292	1013.00	25.58	31.74	102.9	25.68	31.74	101.9	25.62	31.74	102.5	25.63	31.74	102.4
21/06/2018 10:38:13 AM	3612386293	1013.00	25.51	31.73	103.7	25.63	31.73	102.4	25.61	31.73	102.6	25.63	31.73	102.4
21/06/2018 10:38:14 AM	3612386294	1013.00	25.55	31.73	103.2	25.63	31.73	102.4	25.63	31.73	102.4	25.65	31.73	102.2
21/06/2018 10:38:15 AM	3612386295	1013.00	25.56	31.73	103.1	25.66	31.73	102.1	25.61	31.73	102.6	25.62	31.73	102.5
21/06/2018 10:38:16 AM	3612386296	1013.00	25.60	31.73	102.7	25.65	31.73	102.2	25.62	31.73	102.5	25.64	31.73	102.3
21/06/2018 10:38:17 AM	3612386297	1013.00	25.56	31.73	103.1	25.70	31.73	101.7	25.62	31.73	102.5	25.63	31.73	102.4
21/06/2018 10:38:18 AM	3612386298	1013.00	25.58	31.73	102.9	25.70	31.73	101.7	25.64	31.73	102.3	25.64	31.73	102.3
21/06/2018 10:38:19 AM	3612386299	1013.00	25.56	31.73	103.1	25.64	31.73	102.3	25.64	31.73	102.3	25.65	31.73	102.2
21/06/2018 10:38:20 AM	3612386300	1013.00	25.54	31.73	103.3	25.63	31.73	102.4	25.64	31.73	102.3	25.65	31.73	102.2
21/06/2018 10:38:21 AM	3612386301	1013.00	25.58	31.74	102.9	25.63	31.74	102.4	25.65	31.74	102.2	25.65	31.74	102.2
21/06/2018 10:38:22 AM	3612386302	1013.00	25.56	31.74	103.1	25.70	31.74	101.7	25.64	31.74	102.3	25.67	31.74	102.0
21/06/2018 10:38:23 AM	3612386303	1013.00	25.58	31.74	102.9	25.72	31.74	101.5	25.66	31.74	102.1	25.64	31.74	102.3
21/06/2018 10:38:24 AM	3612386304	1013.00	25.59	31.73	102.8	25.66	31.73	102.1	25.65	31.73	102.2	25.65	31.73	102.2
21/06/2018 10:38:25 AM	3612386305	1013.00	25.60	31.73	102.7	25.65	31.73	102.2	25.67	31.73	102.0	25.68	31.73	101.9
21/06/2018 10:38:26 AM	3612386306	1013.00	25.61	31.73	102.6	25.64	31.73	102.3	25.68	31.73	101.9	25.67	31.73	102.0
21/06/2018 10:38:27 AM	3612386307	1013.00	25.60	31.73	102.7	25.71	31.73	101.6	25.65	31.73	102.2	25.66	31.73	102.1
21/06/2018 10:38:28 AM	3612386308	1013.00	25.58	31.74	102.9	25.71	31.74	101.6	25.68	31.74	101.9	25.70	31.74	101.7
21/06/2018 10:38:29 AM	3612386309	1013.00	25.60	31.74	102.7	25.71	31.74	101.6	25.67	31.74	102.0	25.68	31.74	101.9
21/06/2018 10:38:30 AM	3612386310	1013.00	25.58	31.74	102.9	25.69	31.74	101.8	25.70	31.74	101.7	25.64	31.74	102.3
21/06/2018 10:38:31 AM	3612386311	1013.00	25.56	31.74	103.1	25.72	31.74	101.5	25.72	31.74	101.5	25.64	31.74	102.3
21/06/2018 10:38:32 AM	3612386312	1013.00	25.58	31.74	102.9	25.71	31.74	101.6	25.72	31.74	101.5	25.67	31.74	102.0
21/06/2018 10:38:33 AM	3612386313	1013.00	25.61	31.74	102.6	25.70	31.74	101.7	25.73	31.74	101.4	25.68	31.74	101.9
21/06/2018 10:38:34 AM	3612386314	1013.00	25.62	31.74	102.5	25.70	31.74	101.7	25.71	31.74	101.6	25.69	31.74	101.8
21/06/2018 10:38:35 AM	3612386315	1013.00	25.60	31.74	102.7	25.73	31.74	101.4	25.71	31.74	101.6	25.66	31.74	102.1
21/06/2018 10:38:36 AM	3612386316	1013.00	25.58	31.74	102.9	25.74	31.74	101.3	25.71	31.74	101.6	25.69	31.74	101.8
21/06/2018 10:38:37 AM	3612386317	1013.00	25.62	31.74	102.5	25.70	31.74	101.7	25.72	31.74	101.5	25.64	31.74	102.3
21/06/2018 10:38:38 AM	3612386318	1013.00	25.59	31.74	102.8	25.75	31.74	101.2	25.74	31.74	101.3	25.68	31.74	101.9
21/06/2018 10:38:39 AM	3612386319	1013.00	25.62	31.75	102.5	25.69	31.75	101.8	25.74	31.75	101.3	25.69	31.75	101.8
21/06/2018 10:38:40 AM	3612386320	1013.00	25.64	31.75	102.3	25.70	31.75	101.7	25.78	31.75	100.9	25.69	31.75	101.8
21/06/2018 10:38:41 AM	3612386321	1013.00	25.58	31.75	102.9	25.72	31.75	101.5	25.74	31.75	101.3	25.70	31.75	101.7
21/06/2018 10:38:42 AM	3612386322	1013.00	25.60	31.75	102.7	25.70	31.75	101.7	25.78	31.75	100.9	25.69	31.75	101.8
21/06/2018 10:38:43 AM	3612386323	1013.00	25.60	31.75	102.7	25.72	31.75	101.5	25.78	31.75	100.9	25.71	31.75	101.6
21/06/2018 10:38:44 AM	3612386324	1013.00	25.62	31.75	102.5	25.76	31.75	101.1	25.80	31.75	100.7	25.68	31.75	101.9
21/06/2018 10:38:45 AM	3612386325	1013.00	25.61	31.75	102.6	25.69	31.75	101.8	25.77	31.75	101.0	25.71	31.75	101.6
21/06/2018 10:38:46 AM	3612386326	1013.00	25.57	31.76	103.0	25.77	31.76	101.0	25.78	31.76	100.9	25.72	31.76	101.5
21/06/2018 10:38:47 AM	3612386327	1013.00	25.62	31.76	102.5	25.74	31.76	101.3	25.79	31.76	100.8	25.69	31.76	101.8
21/06/2018 10:38:48 AM	3612386328	1013.00	25.61	31.76	102.6	25.76	31.76	101.1	25.79	31.76	100.8	25.73	31.76	101.4
21/06/2018 10:38:49 AM	3612386329	1013.00	25.68	31.76	101.9	25.71	31.76	101.6	25.80	31.76	100.7	25.71	31.76	101.6
21/06/2018 10:38:50 AM	3612386330	1013.00	25.63	31.76	102.4	25.79	31.76	100.8	25.78	31.76	100.9	25.74	31.76	101.3
21/06/2018 10:38:51 AM	3612386331	1013.00	25.62	31.76	102.5	25.75	31.76	101.2	25.81	31.76	100.6	25.71	31.76	101.6
21/06/2018 10:38:52 AM	3612386332	1013.00	25.61	31.76	102.6	25.75	31.76	101.2	25.77	31.76	101.0	25.73	31.76	101.4
21/06/2018 10:38:53 AM	3612386333	1013.00	25.59	31.77	102.8	25.76	31.77	101.1	25.79	31.77	100.8	25.72	31.77	101.5
21/06/2018 10:38:54 AM	3612386334	1013.00	25.61	31.77	102.6	25.72	31.77	101.5	25.80	31.77	100.7	25.71	31.77	101.6
21/06/2018 10:38:55 AM	3612386335	1013.00	25.62	31.77	102.5	25.71	31.77	101.6	25.79	31.77	100.8	25.73	31.77	101.4
21/06/2018 10:38:56 AM	3612386336	1013.00	25.62	31.77	102.5	25.77	31.77	101.0	25.82	31.77	100.5	25.71	31.77	101.6
21/06/2018 10:38:57 AM	3612386337	1013.00	25.62	31.78	102.4	25.74	31.78	101.2	25.85	31.78	100.2	25.70	31.78	101.6
21/06/2018 10:38:58 AM	3612386338	1013.00	25.63	31.78	102.3	25.78	31.78	100.9	25.82	31.78	100.5	25.74	31.78	101.2
21/06/2018 10:38:59 AM	3612386339	1013.00	25.63	31.78	102.3	25.76	31.78	101.0	25.84	31.78	100.3	25.74	31.78	101.2
21/06/2018 10:39:00 AM	3612386340	1013.00	25.65	31.78	102.1	25.78	31.78	100.9	25.85	31.78	100.2	25.75	31.78	101.1
21/06/2018 10:39:01 AM	3612386341	1013.00	25.65	31.79	102.1	25.74	31.79	101.2	25.86	31.79	100.0	25.75	31.79	101.1
21/06/2018 10:39:02 AM	3612386342	1013.00	25.65	31.79	102.1	25.79	31.79	100.7	25.86	31.79	100.0	25.78	31.79	100.8
21/06/2018 10:39:03 AM	3612386343	1013.00	25.63	31.79	102.3	25.82	31.79	100.4	25.85	31.79	100.1	25.73	31.79	101.3
21/06/2018 10:39:04 AM	3612386344	1013.00	25.63	31.79	102.3	25.78	31.79	100.8	25.86	31.79	100.0	25.76	31.79	101.0
21/06/2018 10:39:05 AM	3612386345	1013.00	25.61	31.79	102.5	25.78	31.79	100.8	25.87	31.79	100.0	25.74	31.79	101.2
21/06/2018 10:39:06 AM	3612386346	1013.00	25.64	31.79	102.2	25.78	31.79	100.8	25.87	31.79	100.0	25.77	31.79	100.9
21/06/2018 10:39:07 AM	3612386347	1013.00	25.62	31.79	102.4	25.75	31.79	101.1	25.86	31.79	100.0	25.77	31.79	100.9
21/06/2018 10:39:08 AM	3612386348	1013.00	25.62	31.80	102.4	25.77	31.80	100.9	25.88	31.80	99.8	25.79	31.80	100.7
21/06/2018 10:39:09 AM	3612386349	1013.00	25.62	31.80	102.4	25.83	31.80	100.3	25.88	31.80	99.8	25.78	31.80	100.8
21/06/2018 10:39:10 AM	3612386350	1013.00	25.65	31.80	102.1	25.85	31.80	100.1	25.90	31.80	99.6	25.77	31.80	100.9
21/06/2018 10:39:11 AM	3612386351	1013.00	25.63	31.80	102.3	25.80	31.80	100.6	25.86	31.80	100.0	25.77	31.80	100.9
21/06/2018 10:39:12 AM	3612386352	1013.00	25.69	31.80	101.7	25.77	31.80	100.9	25.91	31.80	99.5	25.78	31.80	100.8
21/06/2018 10:39:13 AM	3612386353	1013.00	25.66	31.80	102.0	25.78	31.80	100.8	25.89	31.80	99.7	25.78	31.80	100.8
21/06/2018 10:39:14 AM	3612386354	1013.00	25.64	31.80	102.2	25.78	31.80	100.8	25.89	31.80	99.7	25.79	31.80	100.7
21/06/2018 10:39:15 AM	3612386355	1013.00	25.65	31.81	102.1	25.83	31.81	100.3	25.90	31.81	99.6	25.77	31.81	100.9
21/06/2018 10:39:16 AM	3612386356	1013.00	25.65	31.81	102.1	25.82	31.81	100.4	25.88	31.81	99.8	25.78	31.81	100.8
21/06/2018 10:39:17 AM	3612386357	1013.00	25.63	31.81	102.3	25.80	31.81	100.6	25.93	31.81	99.3	25.79	31.81	100.7
21/06/2018 10:39:18 AM	3612386358	1013.00	25.67	31.81	101.9	25.79	31.81	100.7	25.89	31.81	99.7	25.80	31.81	100.6
21/06/2018 10:39:19 AM	3612386359	1013.00	25.66	31.82	102.0	25.86	31.82	100.0	25.85	31.82	100.1	25.82	31.82	100.4
21/06/2018 10:39:20 AM	3612386360	1013.00	25.62	31.82	102.4	25.83	31.82	100.3	25.90	31.82	99.6	25.82	31.82	100.4
21/06/2018 10:39:21 AM	3612386361	1013.00	25.67	31.82	101.9	25.84	31.82	100.2	25.91	31.82	99.5	25.79	31.82	100.7
21/06/2018 10:39:22 AM	3612386362	1013.00	25.69	31.82	101.7	25.87	31.82	99.9	25.90	31.82	99.6	25.81	31.82	100.5
21/06/2018 10:39:23 AM	3612386363	1013.00	25.72	31.82	101.4	25.84	31.82	100.2	25.92	31.82	99.4	25.84	31.82	100.2
21/06/2018 10:39:24 AM	3612386364	1013.00	25.67	31.82	101.9	25.85	31.82	100.1	25.91	31.82	99.5	25.82	31.82	100.4
21/06/2018 10:39:25 AM	3612386365	1013.00	25.65	31.83	102.1	25.79	31.83	100.7	25.93	31.83	99.3	25.82	31.83	100.4
21/06/2018 10:39:26 AM	3612386366	1013.00	25.65	31.83	102.1	25.85	31.83	100.1	25.91	31.83	99.5	25.82	31.83	100.4
21/06/2018 10:39:27 AM	3612386367	1013.00	25.65	31.83	102.1	25.89	31.83	99.7	25.93	31.83	99.3	25.81	31.83	100.5
21/06/2018 10:39:28 AM	3612386368	1013.00	25.66	31.84	101.9	25.89	31.84	99.7	25.91	31.84	99.5	25.83	31.84	100.3
21/06/2018 10:39:29 AM	3612386369	1013.00	25.70	31.84	101.5	25.82	31.84	100.4	25.92	31.84	99.4	25.84	31.84	100.2
21/06/2018 10:39:30 AM	3612386370	1013.00	25.68	31.84	101.7	25.79	31.84	100.7	25.94	31.84	99.2	25.87	31.84	99.9
21/06/2018 10:39:31 AM	3612386371	1013.00	25.70	31.84	101.5	25.82	31.84	100.4	25.94	31.84	99.2	25.84	31.84	100.2
21/06/2018 10:39:32 AM	3612386372	1013.00	25.64	31.85	102.1	25.84	31.85	100.1	25.96	31.85	99.0	25.83	31.85	100.2
21/06/2018 10:39:33 AM	3612386373	1013.00	25.69	31.85	101.6	25.82	31.85	100.3	25.93	31.85	99.3	25.85	31.85	100.0
21/06/2018 10:39:34 AM	3612386374	1013.00	25.67	31.86	101.8	25.88	31.86	99.7	25.95	31.86	99.1	25.86	31.86	99.9
21/06/2018 10:39:35 AM	3612386375	1013.00	25.69	31.86	101.6	25.84	31.86	100.1	25.96	31.86	99.0	25.85	31.86	100.0
21/06/2018 10:39:36 AM	3612386376	1013.00	25.69	31.87	101.6	25.87	31.87	99.8	26.00	31.87	98.6	25.86	31.87	99.9
21/06/2018 10:39:37 AM	3612386377	1013.00	25.67	31.87	101.8	25.90	31.87	99.5	25.97	31.87	98.8	25.87	31.87	99.8
21/06/2018 10:39:38 AM	3612386378	1013.00	25.70	31.87	101.5	25.82	31.87	100.3	25.94	31.87	99.1	25.86	31.87	99.9
21/06/2018 10:39:39 AM	3612386379	1013.00	25.66	31.88	101.9	25.85	31.88	100.0	26.00	31.88	98.5	25.86	31.88	99.9
21/06/2018 10:39:40 AM	3612386380	1013.00	25.72	31.88	101.3	25.86	31.88	99.9	25.96	31.88	98.9	25.87	31.88	99.8
21/06/2018 10:39:41 AM	3612386381	1013.00	25.69	31.89	101.6	25.90	31.89	99.5	25.98	31.89	98.7	25.88	31.89	99.7
21/06/2018 10:39:42 AM	3612386382	1013.00	25.65	31.89	102.0	25.90	31.89	99.5	25.99	31.89	98.6	25.90	31.89	99.5
21/06/2018 10:39:43 AM	3612386383	1013.00	25.74	31.89	101.1	25.91	31.89	99.4	26.00	31.89	98.5	25.87	31.89	99.8
21/06/2018 10:39:44 AM	3612386384	1013.00	25.71	31.90	101.3	25.93	31.90	99.2	26.00	31.90	98.5	25.88	31.90	99.7
21/06/2018 10:39:45 AM	3612386385	1013.00	25.70	31.90	101.4	25.82	31.90	100.3	26.01	31.90	98.4	25.87	31.90	99.8
21/06/2018 10:39:46 AM	3612386386	1013.00	25.69	31.90	101.5	25.89	31.90	99.6	26.00	31.90	98.5	25.90	31.90	99.5
21/06/2018 10:39:47 AM	3612386387	1013.00	25.72	31.90	101.2	25.87	31.90	99.8	25.98	31.90	98.7	25.90	31.90	99.5
21/06/2018 10:39:48 AM	3612386388	1013.00	25.69	31.90	101.5	25.89	31.90	99.6	26.00	31.90	98.5	25.88	31.90	99.7
21/06/2018 10:39:49 AM	3612386389	1013.00	25.70	31.90	101.4	25.96	31.90	98.9	26.01	31.90	98.4	25.91	31.90	99.4
21/06/2018 10:39:50 AM	3612386390	1013.00	25.72	31.90	101.2	25.90	31.90	99.5	26.02	31.90	98.3	25.89	31.90	99.6
21/06/2018 10:39:51 AM	3612386391	1013.00	25.71	31.90	101.3	25.90	31.90	99.5	26.02	31.90	98.3	25.89	31.90	99.6
21/06/2018 10:39:52 AM	3612386392	1013.00	25.71	31.90	101.3	25.95	31.90	99.0	26.02	31.90	98.3	25.91	31.90	99.4
21/06/2018 10:39:53 AM	3612386393	1013.00	25.72	31.90	101.2	25.87	31.90	99.8	26.04	31.90	98.1	25.90	31.90	99.5
21/06/2018 10:39:54 AM	3612386394	1013.00	25.69	31.90	101.5	25.96	31.90	98.9	26.06	31.90	97.9	25.90	31.90	99.5
21/06/2018 10:39:55 AM	3612386395	1013.00	25.73	31.90	101.1	25.88	31.90	99.7	26.05	31.90	98.0	25.87	31.90	99.8
21/06/2018 10:39:56 AM	3612386396	1013.00	25.71	31.90	101.3	25.90	31.90	99.5	26.08	31.90	97.7	25.92	31.90	99.3
21/06/2018 10:39:57 AM	3612386397	1013.00	25.76	31.90	100.8	25.96	31.90	98.9	26.07	31.90	97.8	25.90	31.90	99.5
21/06/2018 10:39:58 AM	3612386398	1013.00	25.71	31.90	101.3	25.92	31.90	99.3	26.08	31.90	97.7	25.90	31.90	99.5
21/06/2018 10:39:59 AM	3612386399	1013.00	25.69	31.91	101.5	25.92	31.91	99.3	26.09	31.91	97.6	25.93	31.91	99.2
21/06/2018 10:40:00 AM	3612386400	1013.00	25.70	31.91	101.4	25.92	31.91	99.3	26.11	31.91	97.4	25.93	31.91	99.2
21/06/2018 10:40:01 AM	3612386401	1013.00	25.69	31.92	101.5	25.96	31.92	98.9	26.11	31.92	97.4	25.91	31.92	99.3
21/06/2018 10:40:02 AM	3612386402	1013.00	25.71	31.93	101.3	25.97	31.93	98.8	26.10	31.93	97.5	25.95	31.93	98.9
21/06/2018 10:40:03 AM	3612386403	1013.00	25.73	31.93	101.1	25.93	31.93	99.1	26.09	31.93	97.6	25.94	31.93	99.0
21/06/2018 10:40:04 AM	3612386404	1013.00	25.73	31.93	101.1	25.92	31.93	99.2	26.09	31.93	97.6	25.93	31.93	99.1
21/06/2018 10:40:05 AM	3612386405	1013.00	25.76	31.93	100.8	25.91	31.93	99.3	26.10	31.93	97.5	25.93	31.93	99.1
21/06/2018 10:40:06 AM	3612386406	1013.00	25.72	31.92	101.2	25.92	31.92	99.3	26.12	31.92	97.3	25.94	31.92	99.1
21/06/2018 10:40:07 AM	3612386407	1013.00	25.72	31.92	101.2	25.97	31.92	98.8	26.11	31.92	97.4	25.92	31.92	99.3
21/06/2018 10:40:08 AM	3612386408	1013.00	25.75	31.92	100.9	25.94	31.92	99.1	26.11	31.92	97.4	25.94	31.92	99.1
21/06/2018 10:40:09 AM	3612386409	1013.00	25.74	31.92	101.0	25.93	31.92	99.2	26.10	31.92	97.5	25.97	31.92	98.8
21/06/2018 10:40:10 AM	3612386410	1013.00	25.79	31.92	100.5	25.96	31.92	98.9	26.10	31.92	97.5	25.94	31.92	99.1
21/06/2018 10:40:11 AM	3612386411	1013.00	25.77	31.92	100.7	25.92	31.92	99.3	26.11	31.92	97.4	25.97	31.92	98.8
21/06/2018 10:40:12 AM	3612386412	1013.00	25.72	31.92	101.2	25.98	31.92	98.7	26.11	31.92	97.4	25.97	31.92	98.8
21/06/2018 10:40:13 AM	3612386413	1013.00	25.71	31.92	101.3	25.92	31.92	99.3	26.13	31.92	97.2	25.97	31.92	98.8
21/06/2018 10:40:14 AM	3612386414	1013.00	25.76	31.92	100.8	25.96	31.92	98.9	26.11	31.92	97.4	25.99	31.92	98.6
21/06/2018 10:40:15 AM	3612386415	1013.00	25.74	31.92	101.0	25.99	31.92	98.6	26.14	31.92	97.1	25.98	31.92	98.7
21/06/2018 10:40:16 AM	3612386416	1013.00	25.76	31.93	100.8	26.00	31.93	98.5	26.13	31.93	97.2	25.98	31.93	98.7
21/06/2018 10:40:17 AM	3612386417	1013.00	25.77	31.93	100.7	25.95	31.93	98.9	26.14	31.93	97.1	25.95	31.93	98.9
21/06/2018 10:40:18 AM	3612386418	1013.00	25.77	31.93	100.7	25.96	31.93	98.8	26.17	31.93	96.8	26.02	31.93	98.3
21/06/2018 10:40:19 AM	3612386419	1013.00	25.74	31.93	101.0	25.97	31.93	98.8	26.16	31.93	96.9	26.01	31.93	98.4
21/06/2018 10:40:20 AM	3612386420	1013.00	25.77	31.93	100.7	25.98	31.93	98.7	26.19	31.93	96.7	26.02	31.93	98.3
21/06/2018 10:40:21 AM	3612386421	1013.00	25.76	31.93	100.8	25.97	31.93	98.8	26.20	31.93	96.6	26.01	31.93	98.4
21/06/2018 10:40:22 AM	3612386422	1013.00	25.79	31.93	100.5	26.04	31.93	98.1	26.20	31.93	96.6	26.02	31.93	98.3
21/06/2018 10:40:23 AM	3612386423	1013.00	25.81	31.93	100.3	26.00	31.93	98.5	26.24	31.93	96.2	26.03	31.93	98.2
21/06/2018 10:40:24 AM	3612386424	1013.00	25.78	31.93	100.6	25.97	31.93	98.8	26.18	31.93	96.8	26.05	31.93	98.0
21/06/2018 10:40:25 AM	3612386425	1013.00	25.77	31.93	100.7	25.95	31.93	98.9	26.23	31.93	96.3	26.04	31.93	98.1
21/06/2018 10:40:26 AM	3612386426	1013.00	25.77	31.92	100.7	25.95	31.92	99.0	26.23	31.92	96.3	26.03	31.92	98.2
21/06/2018 10:40:27 AM	3612386427	1013.00	25.80	31.92	100.4	25.95	31.92	99.0	26.25	31.92	96.1	26.06	31.92	97.9
21/06/2018 10:40:28 AM	3612386428	1013.00	25.77	31.92	100.7	25.96	31.92	98.9	26.23	31.92	96.3	26.05	31.92	98.0
21/06/2018 10:40:29 AM	3612386429	1013.00	25.79	31.92	100.5	26.03	31.92	98.2	26.24	31.92	96.2	26.08	31.92	97.7
21/06/2018 10:40:30 AM	3612386430	1013.00	25.80	31.92	100.4	26.06	31.92	97.9	26.23	31.92	96.3	26.05	31.92	98.0
21/06/2018 10:40:31 AM	3612386431	1013.00	25.83	31.92	100.1	26.06	31.92	97.9	26.22	31.92	96.4	26.07	31.92	97.8
21/06/2018 10:40:32 AM	3612386432	1013.00	25.77	31.92	100.7	26.02	31.92	98.3	26.23	31.92	96.3	26.07	31.92	97.8
21/06/2018 10:40:33 AM	3612386433	1013.00	25.76	31.93	100.8	26.03	31.93	98.2	26.25	31.93	96.1	26.08	31.93	97.7
21/06/2018 10:40:34 AM	3612386434	1013.00	25.77	31.93	100.7	26.00	31.93	98.5	26.24	31.93	96.2	26.06	31.93	97.9
21/06/2018 10:40:35 AM	3612386435	1013.00	25.78	31.93	100.6	26.01	31.93	98.4	26.23	31.93	96.3	26.05	31.93	98.0
21/06/2018 10:40:36 AM	3612386436	1013.00	25.81	31.93	100.3	26.00	31.93	98.5	26.22	31.93	96.4	26.08	31.93	97.7
21/06/2018 10:40:37 AM	3612386437	1013.00	25.80	31.93	100.4	25.97	31.93	98.8	26.25	31.93	96.1	26.08	31.93	97.7
21/06/2018 10:40:38 AM	3612386438	1013.00	25.77	31.93	100.7	26.02	31.93	98.3	26.26	31.93	96.0	26.04	31.93	98.1
21/06/2018 10:40:39 AM	3612386439	1013.00	25.78	31.92	100.6	26.05	31.92	98.0	26.26	31.92	96.0	26.06	31.92	97.9
21/06/2018 10:40:40 AM	3612386440	1013.00	25.82	31.92	100.2	26.05	31.92	98.0	26.23	31.92	96.3	26.05	31.92	98.0
21/06/2018 10:40:41 AM	3612386441	1013.00	25.79	31.92	100.5	26.09	31.92	97.6	26.27	31.92	95.9	26.07	31.92	97.8
21/06/2018 10:40:42 AM	3612386442	1013.00	25.83	31.92	100.1	26.05	31.92	98.0	26.26	31.92	96.0	26.10	31.92	97.5
21/06/2018 10:40:43 AM	3612386443	1013.00	25.82	31.92	100.2	26.07	31.92	97.8	26.26	31.92	96.0	26.06	31.92	97.9
21/06/2018 10:40:44 AM	3612386444	1013.00	25.83	31.92	100.1	26.05	31.92	98.0	26.27	31.92	95.9	26.06	31.92	97.9
21/06/2018 10:40:45 AM	3612386445	1013.00	25.82	31.92	100.2	26.07	31.92	97.8	26.27	31.92	95.9	26.08	31.92	97.7
21/06/2018 10:40:46 AM	3612386446	1013.00	25.78	31.93	100.6	26.08	31.93	97.7	26.27	31.93	95.9	26.11	31.93	97.4
21/06/2018 10:40:47 AM	3612386447	1013.00	25.86	31.92	99.8	26.05	31.92	98.0	26.31	31.92	95.6	26.12	31.92	97.3
21/06/2018 10:40:48 AM	3612386448	1013.00	25.82	31.93	100.2	26.05	31.93	98.0	26.29	31.93	95.7	26.12	31.93	97.3
21/06/2018 10:40:49 AM	3612386449	1013.00	25.80	31.93	100.4	26.05	31.93	98.0	26.28	31.93	95.8	26.11	31.93	97.4
21/06/2018 10:40:50 AM	3612386450	1013.00	25.84	31.93	100.0	26.02	31.93	98.3	26.31	31.93	95.5	26.11	31.93	97.4
21/06/2018 10:40:51 AM	3612386451	1013.00	25.81	31.93	100.3	26.09	31.93	97.6	26.31	31.93	95.5	26.11	31.93	97.4
21/06/2018 10:40:52 AM	3612386452	1013.00	25.86	31.94	99.8	26.11	31.94	97.4	26.33	31.94	95.3	26.12	31.94	97.3
21/06/2018 10:40:53 AM	3612386453	1013.00	25.83	31.94	100.1	26.05	31.94	98.0	26.32	31.94	95.4	26.14	31.94	97.1
21/06/2018 10:40:54 AM	3612386454	1013.00	25.86	31.94	99.8	26.04	31.94	98.1	26.31	31.94	95.5	26.14	31.94	97.1
21/06/2018 10:40:55 AM	3612386455	1013.00	25.89	31.94	99.5	26.07	31.94	97.8	26.32	31.94	95.4	26.15	31.94	97.0
21/06/2018 10:40:56 AM	3612386456	1013.00	25.85	31.95	99.9	26.06	31.95	97.9	26.34	31.95	95.2	26.16	31.95	96.9
21/06/2018 10:40:57 AM	3612386457	1013.00	25.83	31.95	100.1	26.03	31.95	98.1	26.36	31.95	95.1	26.16	31.95	96.9
21/06/2018 10:40:58 AM	3612386458	1013.00	25.84	31.95	100.0	26.17	31.95	96.8	26.35	31.95	95.1	26.13	31.95	97.2
21/06/2018 10:40:59 AM	3612386459	1013.00	25.84	31.94	100.0	26.06	31.94	97.9	26.36	31.94	95.1	26.15	31.94	97.0
21/06/2018 10:41:00 AM	3612386460	1013.00	25.85	31.94	99.9	26.08	31.94	97.7	26.37	31.94	95.0	26.13	31.94	97.2
21/06/2018 10:41:01 AM	3612386461	1013.00	25.82	31.94	100.2	26.10	31.94	97.5	26.35	31.94	95.2	26.15	31.94	97.0
21/06/2018 10:41:02 AM	3612386462	1013.00	25.84	31.94	100.0	26.11	31.94	97.4	26.36	31.94	95.1	26.15	31.94	97.0
21/06/2018 10:41:03 AM	3612386463	1013.00	25.82	31.94	100.2	26.07	31.94	97.8	26.37	31.94	95.0	26.17	31.94	96.8
21/06/2018 10:41:04 AM	3612386464	1013.00	25.85	31.95	99.9	26.06	31.95	97.9	26.38	31.95	94.9	26.16	31.95	96.9
21/06/2018 10:41:05 AM	3612386465	1013.00	25.78	31.95	100.6	26.09	31.95	97.6	26.37	31.95	95.0	26.15	31.95	97.0
21/06/2018 10:41:06 AM	3612386466	1013.00	25.83	31.94	100.1	26.13	31.94	97.2	26.38	31.94	94.9	26.13	31.94	97.2
21/06/2018 10:41:07 AM	3612386467	1013.00	25.86	31.95	99.8	26.06	31.95	97.9	26.37	31.95	95.0	26.14	31.95	97.1
21/06/2018 10:41:08 AM	3612386468	1013.00	25.87	31.95	99.7	26.08	31.95	97.7	26.37	31.95	95.0	26.17	31.95	96.8
21/06/2018 10:41:09 AM	3612386469	1013.00	25.89	31.95	99.5	26.09	31.95	97.6	26.39	31.95	94.8	26.15	31.95	97.0
21/06/2018 10:41:10 AM	3612386470	1013.00	25.86	31.94	99.8	26.11	31.94	97.4	26.37	31.94	95.0	26.17	31.94	96.8
21/06/2018 10:41:11 AM	3612386471	1013.00	25.86	31.95	99.8	26.11	31.95	97.4	26.39	31.95	94.8	26.17	31.95	96.8
21/06/2018 10:41:12 AM	3612386472	1013.00	25.85	31.94	99.9	26.08	31.94	97.7	26.38	31.94	94.9	26.19	31.94	96.6
21/06/2018 10:41:13 AM	3612386473	1013.00	25.87	31.95	99.7	26.12	31.95	97.3	26.39	31.95	94.8	26.18	31.95	96.7
21/06/2018 10:41:14 AM	3612386474	1013.00	25.88	31.95	99.6	26.08	31.95	97.7	26.40	31.95	94.7	26.18	31.95	96.7
21/06/2018 10:41:15 AM	3612386475	1013.00	25.87	31.94	99.7	26.10	31.94	97.5	26.39	31.94	94.8	26.15	31.94	97.0
21/06/2018 10:41:16 AM	3612386476	1013.00	25.86	31.94	99.8	26.14	31.94	97.1	26.40	31.94	94.7	26.19	31.94	96.6
21/06/2018 10:41:17 AM	3612386477	1013.00	25.86	31.94	99.8	26.12	31.94	97.3	26.38	31.94	94.9	26.19	31.94	96.6
21/06/2018 10:41:18 AM	3612386478	1013.00	25.87	31.94	99.7	26.11	31.94	97.4	26.37	31.94	95.0	26.19	31.94	96.6
21/06/2018 10:41:19 AM	3612386479	1013.00	25.86	31.94	99.8	26.12	31.94	97.3	26.39	31.94	94.8	26.20	31.94	96.6
21/06/2018 10:41:20 AM	3612386480	1013.00	25.84	31.94	100.0	26.13	31.94	97.2	26.40	31.94	94.7	26.18	31.94	96.7
21/06/2018 10:41:21 AM	3612386481	1013.00	25.88	31.94	99.6	26.14	31.94	97.1	26.41	31.94	94.6	26.18	31.94	96.7
21/06/2018 10:41:22 AM	3612386482	1013.00	25.90	31.94	99.4	26.10	31.94	97.5	26.41	31.94	94.6	26.22	31.94	96.4
21/06/2018 10:41:23 AM	3612386483	1013.00	25.88	31.94	99.6	26.10	31.94	97.5	26.40	31.94	94.7	26.19	31.94	96.6
21/06/2018 10:41:24 AM	3612386484	1013.00	25.87	31.95	99.7	26.14	31.95	97.1	26.40	31.95	94.7	26.21	31.95	96.4
21/06/2018 10:41:25 AM	3612386485	1013.00	25.90	31.95	99.4	26.11	31.95	97.4	26.43	31.95	94.4	26.22	31.95	96.3
21/06/2018 10:41:26 AM	3612386486	1013.00	25.85	31.95	99.9	26.12	31.95	97.3	26.41	31.95	94.6	26.20	31.95	96.5
21/06/2018 10:41:27 AM	3612386487	1013.00	25.83	31.95	100.1	26.15	31.95	97.0	26.40	31.95	94.7	26.21	31.95	96.4
21/06/2018 10:41:28 AM	3612386488	1013.00	25.90	31.95	99.4	26.10	31.95	97.5	26.40	31.95	94.7	26.23	31.95	96.3
21/06/2018 10:41:29 AM	3612386489	1013.00	25.91	31.94	99.3	26.12	31.94	97.3	26.44	31.94	94.3	26.24	31.94	96.2
21/06/2018 10:41:30 AM	3612386490	1013.00	25.89	31.94	99.5	26.11	31.94	97.4	26.38	31.94	94.9	26.22	31.94	96.4
21/06/2018 10:41:31 AM	3612386491	1013.00	25.94	31.94	99.0	26.07	31.94	97.8	26.41	31.94	94.6	26.21	31.94	96.5
21/06/2018 10:41:32 AM	3612386492	1013.00	25.89	31.94	99.5	26.17	31.94	96.8	26.41	31.94	94.6	26.25	31.94	96.1
21/06/2018 10:41:33 AM	3612386493	1013.00	25.89	31.94	99.5	26.12	31.94	97.3	26.44	31.94	94.3	26.27	31.94	95.9
21/06/2018 10:41:34 AM	3612386494	1013.00	25.90	31.95	99.4	26.20	31.95	96.5	26.42	31.95	94.5	26.24	31.95	96.2
21/06/2018 10:41:35 AM	3612386495	1013.00	25.93	31.95	99.1	26.16	31.95	96.9	26.45	31.95	94.2	26.22	31.95	96.3
21/06/2018 10:41:36 AM	3612386496	1013.00	25.92	31.94	99.2	26.16	31.94	96.9	26.45	31.94	94.2	26.24	31.94	96.2
21/06/2018 10:41:37 AM	3612386497	1013.00	25.92	31.94	99.2	26.13	31.94	97.2	26.41	31.94	94.6	26.25	31.94	96.1
21/06/2018 10:41:38 AM	3612386498	1013.00	25.92	31.94	99.2	26.19	31.94	96.6	26.42	31.94	94.5	26.24	31.94	96.2
21/06/2018 10:41:39 AM	3612386499	1013.00	25.93	31.94	99.1	26.19	31.94	96.6	26.46	31.94	94.2	26.25	31.94	96.1
21/06/2018 10:41:40 AM	3612386500	1013.00	25.93	31.94	99.1	26.17	31.94	96.8	26.47	31.94	94.1	26.25	31.94	96.1
21/06/2018 10:41:41 AM	3612386501	1013.00	25.94	31.94	99.0	26.24	31.94	96.2	26.48	31.94	94.0	26.26	31.94	96.0
21/06/2018 10:41:42 AM	3612386502	1013.00	25.95	31.95	98.9	26.20	31.95	96.5	26.47	31.95	94.0	26.27	31.95	95.9
21/06/2018 10:41:43 AM	3612386503	1013.00	25.93	31.95	99.1	26.14	31.95	97.1	26.47	31.95	94.0	26.29	31.95	95.7
21/06/2018 10:41:44 AM	3612386504	1013.00	25.94	31.95	99.0	26.19	31.95	96.6	26.50	31.95	93.8	26.29	31.95	95.7
21/06/2018 10:41:45 AM	3612386505	1013.00	25.92	31.95	99.2	26.13	31.95	97.2	26.49	31.95	93.9	26.30	31.95	95.6
21/06/2018 10:41:46 AM	3612386506	1013.00	25.96	31.96	98.8	26.17	31.96	96.8	26.50	31.96	93.8	26.26	31.96	96.0
21/06/2018 10:41:47 AM	3612386507	1013.00	25.95	31.96	98.9	26.21	31.96	96.4	26.48	31.96	93.9	26.29	31.96	95.7
21/06/2018 10:41:48 AM	3612386508	1013.00	25.94	31.95	99.0	26.21	31.95	96.4	26.51	31.95	93.7	26.29	31.95	95.7
21/06/2018 10:41:49 AM	3612386509	1013.00	25.95	31.96	98.9	26.18	31.96	96.7	26.54	31.96	93.4	26.30	31.96	95.6
21/06/2018 10:41:50 AM	3612386510	1013.00	25.93	31.96	99.1	26.22	31.96	96.3	26.53	31.96	93.5	26.34	31.96	95.2
21/06/2018 10:41:51 AM	3612386511	1013.00	25.92	31.96	99.2	26.16	31.96	96.9	26.54	31.96	93.4	26.31	31.96	95.5
21/06/2018 10:41:52 AM	3612386512	1013.00	25.95	31.96	98.9	26.17	31.96	96.8	26.52	31.96	93.6	26.31	31.96	95.5
21/06/2018 10:41:53 AM	3612386513	1013.00	25.97	31.96	98.7	26.19	31.96	96.6	26.55	31.96	93.3	26.30	31.96	95.6
21/06/2018 10:41:54 AM	3612386514	1013.00	25.99	31.96	98.5	26.13	31.96	97.2	26.55	31.96	93.3	26.31	31.96	95.5
21/06/2018 10:41:55 AM	3612386515	1013.00	25.97	31.96	98.7	26.20	31.96	96.5	26.56	31.96	93.2	26.32	31.96	95.4
21/06/2018 10:41:56 AM	3612386516	1013.00	25.95	31.97	98.9	26.11	31.97	97.3	26.58	31.97	93.0	26.32	31.97	95.4
21/06/2018 10:41:57 AM	3612386517	1013.00	25.98	31.97	98.6	26.18	31.97	96.7	26.53	31.97	93.5	26.32	31.97	95.4
21/06/2018 10:41:58 AM	3612386518	1013.00	25.95	31.97	98.9	26.16	31.97	96.9	26.58	31.97	93.0	26.32	31.97	95.4
21/06/2018 10:41:59 AM	3612386519	1013.00	25.97	31.97	98.7	26.24	31.97	96.1	26.55	31.97	93.3	26.32	31.97	95.4
21/06/2018 10:42:00 AM	3612386520	1013.00	26.03	31.97	98.1	26.21	31.97	96.4	26.59	31.97	92.9	26.33	31.97	95.3
21/06/2018 10:42:01 AM	3612386521	1013.00	25.96	31.97	98.8	26.18	31.97	96.7	26.58	31.97	93.0	26.34	31.97	95.2
21/06/2018 10:42:02 AM	3612386522	1013.00	25.98	31.96	98.6	26.26	31.96	96.0	26.60	31.96	92.9	26.35	31.96	95.1
21/06/2018 10:42:03 AM	3612386523	1013.00	25.98	31.97	98.6	26.22	31.97	96.3	26.62	31.97	92.7	26.35	31.97	95.1
21/06/2018 10:42:04 AM	3612386524	1013.00	26.00	31.97	98.4	26.21	31.97	96.4	26.61	31.97	92.8	26.36	31.97	95.0
21/06/2018 10:42:05 AM	3612386525	1013.00	25.97	31.97	98.7	26.20	31.97	96.5	26.66	31.97	92.3	26.34	31.97	95.2
21/06/2018 10:42:06 AM	3612386526	1013.00	25.97	31.97	98.7	26.27	31.97	95.8	26.64	31.97	92.5	26.37	31.97	94.9
21/06/2018 10:42:07 AM	3612386527	1013.00	26.01	31.97	98.3	26.22	31.97	96.3	26.63	31.97	92.6	26.36	31.97	95.0
21/06/2018 10:42:08 AM	3612386528	1013.00	26.01	31.96	98.3	26.23	31.96	96.2	26.64	31.96	92.5	26.37	31.96	94.9
21/06/2018 10:42:09 AM	3612386529	1013.00	25.95	31.96	98.9	26.25	31.96	96.1	26.64	31.96	92.5	26.39	31.96	94.8
21/06/2018 10:42:10 AM	3612386530	1013.00	25.99	31.96	98.5	26.26	31.96	96.0	26.63	31.96	92.6	26.40	31.96	94.7
21/06/2018 10:42:11 AM	3612386531	1013.00	26.01	31.96	98.3	26.23	31.96	96.2	26.63	31.96	92.6	26.40	31.96	94.7
21/06/2018 10:42:12 AM	3612386532	1013.00	26.00	31.96	98.4	26.22	31.96	96.3	26.64	31.96	92.5	26.37	31.96	94.9
21/06/2018 10:42:13 AM	3612386533	1013.00	26.03	31.96	98.1	26.26	31.96	96.0	26.67	31.96	92.2	26.41	31.96	94.6
21/06/2018 10:42:14 AM	3612386534	1013.00	26.00	31.95	98.4	26.24	31.95	96.2	26.68	31.95	92.2	26.40	31.95	94.7
21/06/2018 10:42:15 AM	3612386535	1013.00	26.01	31.95	98.3	26.25	31.95	96.1	26.68	31.95	92.2	26.41	31.95	94.6
21/06/2018 10:42:16 AM	3612386536	1013.00	26.00	31.95	98.4	26.28	31.95	95.8	26.69	31.95	92.1	26.41	31.95	94.6
21/06/2018 10:42:17 AM	3612386537	1013.00	25.98	31.95	98.6	26.27	31.95	95.9	26.67	31.95	92.3	26.41	31.95	94.6
21/06/2018 10:42:18 AM	3612386538	1013.00	26.03	31.95	98.1	26.29	31.95	95.7	26.70	31.95	92.0	26.45	31.95	94.2
21/06/2018 10:42:19 AM	3612386539	1013.00	26.02	31.95	98.2	26.25	31.95	96.1	26.69	31.95	92.1	26.44	31.95	94.3
21/06/2018 10:42:20 AM	3612386540	1013.00	26.05	31.95	98.0	26.31	31.95	95.5	26.70	31.95	92.0	26.43	31.95	94.4
21/06/2018 10:42:21 AM	3612386541	1013.00	25.98	31.94	98.6	26.26	31.94	96.0	26.70	31.94	92.0	26.41	31.94	94.6
21/06/2018 10:42:22 AM	3612386542	1013.00	26.04	31.94	98.1	26.27	31.94	95.9	26.72	31.94	91.8	26.43	31.94	94.4
21/06/2018 10:42:23 AM	3612386543	1013.00	26.03	31.95	98.1	26.29	31.95	95.7	26.72	31.95	91.8	26.45	31.95	94.2
21/06/2018 10:42:24 AM	3612386544	1013.00	26.08	31.95	97.7	26.36	31.95	95.1	26.74	31.95	91.6	26.42	31.95	94.5
21/06/2018 10:42:25 AM	3612386545	1013.00	26.03	31.95	98.1	26.29	31.95	95.7	26.74	31.95	91.6	26.47	31.95	94.0
21/06/2018 10:42:26 AM	3612386546	1013.00	26.03	31.95	98.1	26.34	31.95	95.2	26.74	31.95	91.6	26.46	31.95	94.1
21/06/2018 10:42:27 AM	3612386547	1013.00	26.10	31.95	97.5	26.28	31.95	95.8	26.76	31.95	91.5	26.46	31.95	94.1
21/06/2018 10:42:28 AM	3612386548	1013.00	26.05	31.94	98.0	26.27	31.94	95.9	26.76	31.94	91.5	26.48	31.94	94.0
21/06/2018 10:42:29 AM	3612386549	1013.00	26.03	31.94	98.2	26.31	31.94	95.5	26.76	31.94	91.5	26.46	31.94	94.2
21/06/2018 10:42:30 AM	3612386550	1013.00	26.07	31.93	97.8	26.33	31.93	95.4	26.75	31.93	91.6	26.48	31.93	94.0
21/06/2018 10:42:31 AM	3612386551	1013.00	26.09	31.93	97.6	26.33	31.93	95.4	26.77	31.93	91.4	26.49	31.93	93.9
21/06/2018 10:42:32 AM	3612386552	1013.00	26.07	31.93	97.8	26.37	31.93	95.0	26.77	31.93	91.4	26.47	31.93	94.1
21/06/2018 10:42:33 AM	3612386553	1013.00	26.04	31.93	98.1	26.32	31.93	95.5	26.77	31.93	91.4	26.47	31.93	94.1
21/06/2018 10:42:34 AM	3612386554	1013.00	26.05	31.93	98.0	26.27	31.93	95.9	26.77	31.93	91.4	26.47	31.93	94.1
21/06/2018 10:42:35 AM	3612386555	1013.00	26.07	31.93	97.8	26.35	31.93	95.2	26.76	31.93	91.5	26.48	31.93	94.0
21/06/2018 10:42:36 AM	3612386556	1013.00	26.10	31.92	97.5	26.35	31.92	95.2	26.78	31.92	91.3	26.48	31.92	94.0
21/06/2018 10:42:37 AM	3612386557	1013.00	26.10	31.92	97.5	26.34	31.92	95.3	26.80	31.92	91.2	26.51	31.92	93.7
21/06/2018 10:42:38 AM	3612386558	1013.00	26.12	31.92	97.3	26.37	31.92	95.0	26.77	31.92	91.4	26.52	31.92	93.6
21/06/2018 10:42:39 AM	3612386559	1013.00	26.12	31.92	97.3	26.34	31.92	95.3	26.77	31.92	91.4	26.50	31.92	93.8
21/06/2018 10:42:40 AM	3612386560	1013.00	26.06	31.92	97.9	26.36	31.92	95.1	26.79	31.92	91.2	26.51	31.92	93.7
21/06/2018 10:42:41 AM	3612386561	1013.00	26.13	31.92	97.2	26.34	31.92	95.3	26.77	31.92	91.4	26.50	31.92	93.8
21/06/2018 10:42:42 AM	3612386562	1013.00	26.14	31.92	97.1	26.34	31.92	95.3	26.80	31.92	91.2	26.51	31.92	93.7
21/06/2018 10:42:43 AM	3612386563	1013.00	26.09	31.92	97.6	26.34	31.92	95.3	26.79	31.92	91.2	26.54	31.92	93.5
21/06/2018 10:42:44 AM	3612386564	1013.00	26.12	31.92	97.3	26.34	31.92	95.3	26.81	31.92	91.1	26.53	31.92	93.6
21/06/2018 10:42:45 AM	3612386565	1013.00	26.11	31.92	97.4	26.32	31.92	95.5	26.84	31.92	90.8	26.50	31.92	93.8
21/06/2018 10:42:46 AM	3612386566	1013.00	26.15	31.92	97.1	26.38	31.92	94.9	26.79	31.92	91.2	26.51	31.92	93.7
21/06/2018 10:42:47 AM	3612386567	1013.00	26.14	31.92	97.1	26.35	31.92	95.2	26.81	31.92	91.1	26.51	31.92	93.7
21/06/2018 10:42:48 AM	3612386568	1013.00	26.11	31.92	97.4	26.37	31.92	95.0	26.83	31.92	90.9	26.54	31.92	93.5
21/06/2018 10:42:49 AM	3612386569	1013.00	26.15	31.92	97.1	26.33	31.92	95.4	26.81	31.92	91.1	26.56	31.92	93.3
21/06/2018 10:42:50 AM	3612386570	1013.00	26.14	31.92	97.1	26.39	31.92	94.8	26.79	31.92	91.2	26.57	31.92	93.2
21/06/2018 10:42:51 AM	3612386571	1013.00	26.15	31.92	97.1	26.37	31.92	95.0	26.80	31.92	91.2	26.57	31.92	93.2
21/06/2018 10:42:52 AM	3612386572	1013.00	26.09	31.92	97.6	26.41	31.92	94.6	26.81	31.92	91.1	26.56	31.92	93.3
21/06/2018 10:42:53 AM	3612386573	1013.00	26.12	31.91	97.4	26.31	31.91	95.6	26.81	31.91	91.1	26.57	31.91	93.2
21/06/2018 10:42:54 AM	3612386574	1013.00	26.11	31.92	97.4	26.41	31.92	94.6	26.85	31.92	90.7	26.58	31.92	93.1
21/06/2018 10:42:55 AM	3612386575	1013.00	26.09	31.91	97.6	26.33	31.91	95.4	26.84	31.91	90.8	26.62	31.91	92.8
21/06/2018 10:42:56 AM	3612386576	1013.00	26.12	31.91	97.4	26.37	31.91	95.0	26.84	31.91	90.8	26.59	31.91	93.0
21/06/2018 10:42:57 AM	3612386577	1013.00	26.10	31.91	97.5	26.39	31.91	94.8	26.83	31.91	90.9	26.62	31.91	92.8
21/06/2018 10:42:58 AM	3612386578	1013.00	26.09	31.91	97.6	26.37	31.91	95.0	26.84	31.91	90.8	26.59	31.91	93.0
21/06/2018 10:42:59 AM	3612386579	1013.00	26.12	31.91	97.4	26.38	31.91	94.9	26.86	31.91	90.7	26.61	31.91	92.8
21/06/2018 10:43:00 AM	3612386580	1013.00	26.16	31.91	97.0	26.41	31.91	94.7	26.86	31.91	90.7	26.60	31.91	92.9
21/06/2018 10:43:01 AM	3612386581	1013.00	26.11	31.92	97.4	26.38	31.92	94.9	26.85	31.92	90.7	26.61	31.92	92.8
21/06/2018 10:43:02 AM	3612386582	1013.00	26.14	31.91	97.2	26.43	31.91	94.5	26.85	31.91	90.7	26.62	31.91	92.8
21/06/2018 10:43:03 AM	3612386583	1013.00	26.17	31.92	96.9	26.38	31.92	94.9	26.88	31.92	90.5	26.64	31.92	92.6
21/06/2018 10:43:04 AM	3612386584	1013.00	26.13	31.92	97.2	26.38	31.92	94.9	26.86	31.92	90.6	26.62	31.92	92.7
21/06/2018 10:43:05 AM	3612386585	1013.00	26.13	31.91	97.3	26.37	31.91	95.0	26.89	31.91	90.4	26.62	31.91	92.8
21/06/2018 10:43:06 AM	3612386586	1013.00	26.13	31.91	97.3	26.40	31.91	94.7	26.88	31.91	90.5	26.64	31.91	92.6
21/06/2018 10:43:07 AM	3612386587	1013.00	26.14	31.91	97.2	26.43	31.91	94.5	26.87	31.91	90.6	26.66	31.91	92.4
21/06/2018 10:43:08 AM	3612386588	1013.00	26.13	31.91	97.3	26.45	31.91	94.3	26.88	31.91	90.5	26.64	31.91	92.6
21/06/2018 10:43:09 AM	3612386589	1013.00	26.13	31.91	97.3	26.34	31.91	95.3	26.91	31.91	90.2	26.65	31.91	92.5
21/06/2018 10:43:10 AM	3612386590	1013.00	26.11	31.91	97.4	26.36	31.91	95.1	26.89	31.91	90.4	26.66	31.91	92.4
21/06/2018 10:43:11 AM	3612386591	1013.00	26.19	31.91	96.7	26.41	31.91	94.7	26.93	31.91	90.0	26.64	31.91	92.6
21/06/2018 10:43:12 AM	3612386592	1013.00	26.13	31.91	97.3	26.44	31.91	94.4	26.91	31.91	90.2	26.66	31.91	92.4
21/06/2018 10:43:13 AM	3612386593	1013.00	26.14	31.91	97.2	26.42	31.91	94.6	26.93	31.91	90.0	26.65	31.91	92.5
21/06/2018 10:43:14 AM	3612386594	1013.00	26.16	31.91	97.0	26.45	31.91	94.3	26.93	31.91	90.0	26.65	31.91	92.5
21/06/2018 10:43:15 AM	3612386595	1013.00	26.14	31.91	97.2	26.37	31.91	95.0	26.92	31.91	90.1	26.66	31.91	92.4
21/06/2018 10:43:16 AM	3612386596	1013.00	26.14	31.92	97.1	26.44	31.92	94.4	26.94	31.92	89.9	26.66	31.92	92.4
21/06/2018 10:43:17 AM	3612386597	1013.00	26.15	31.92	97.1	26.43	31.92	94.5	26.98	31.92	89.6	26.65	31.92	92.5
21/06/2018 10:43:18 AM	3612386598	1013.00	26.13	31.92	97.2	26.40	31.92	94.7	26.96	31.92	89.8	26.65	31.92	92.5
21/06/2018 10:43:19 AM	3612386599	1013.00	26.16	31.92	97.0	26.43	31.92	94.5	26.96	31.92	89.8	26.67	31.92	92.3
21/06/2018 10:43:20 AM	3612386600	1013.00	26.16	31.92	97.0	26.42	31.92	94.5	26.95	31.92	89.9	26.70	31.92	92.0
21/06/2018 10:43:21 AM	3612386601	1013.00	26.18	31.92	96.8	26.46	31.92	94.2	26.94	31.92	89.9	26.65	31.92	92.5
21/06/2018 10:43:22 AM	3612386602	1013.00	26.19	31.92	96.7	26.46	31.92	94.2	26.94	31.92	89.9	26.67	31.92	92.3
21/06/2018 10:43:23 AM	3612386603	1013.00	26.18	31.92	96.8	26.43	31.92	94.5	26.92	31.92	90.1	26.67	31.92	92.3
21/06/2018 10:43:24 AM	3612386604	1013.00	26.18	31.93	96.8	26.46	31.93	94.2	26.95	31.93	89.8	26.69	31.93	92.1
21/06/2018 10:43:25 AM	3612386605	1013.00	26.24	31.93	96.2	26.52	31.93	93.6	26.96	31.93	89.8	26.72	31.93	91.8
21/06/2018 10:43:26 AM	3612386606	1013.00	26.19	31.93	96.7	26.50	31.93	93.8	26.96	31.93	89.8	26.71	31.93	91.9
21/06/2018 10:43:27 AM	3612386607	1013.00	26.15	31.94	97.0	26.49	31.94	93.9	26.96	31.94	89.7	26.70	31.94	92.0
21/06/2018 10:43:28 AM	3612386608	1013.00	26.21	31.93	96.5	26.47	31.93	94.1	26.97	31.93	89.7	26.69	31.93	92.1
21/06/2018 10:43:29 AM	3612386609	1013.00	26.18	31.94	96.7	26.53	31.94	93.5	26.98	31.94	89.6	26.72	31.94	91.8
21/06/2018 10:43:30 AM	3612386610	1013.00	26.19	31.94	96.6	26.49	31.94	93.9	27.00	31.94	89.4	26.73	31.94	91.7
21/06/2018 10:43:31 AM	3612386611	1013.00	26.21	31.94	96.5	26.52	31.94	93.6	26.97	31.94	89.7	26.70	31.94	92.0
21/06/2018 10:43:32 AM	3612386612	1013.00	26.21	31.94	96.5	26.48	31.94	94.0	26.99	31.94	89.5	26.74	31.94	91.7
21/06/2018 10:43:33 AM	3612386613	1013.00	26.19	31.94	96.6	26.53	31.94	93.5	26.97	31.94	89.7	26.74	31.94	91.7
21/06/2018 10:43:34 AM	3612386614	1013.00	26.18	31.94	96.7	26.53	31.94	93.5	26.96	31.94	89.7	26.74	31.94	91.7
21/06/2018 10:43:35 AM	3612386615	1013.00	26.16	31.94	96.9	26.56	31.94	93.3	26.98	31.94	89.6	26.74	31.94	91.7
21/06/2018 10:43:36 AM	3612386616	1013.00	26.16	31.94	96.9	26.53	31.94	93.5	26.97	31.94	89.7	26.73	31.94	91.7
21/06/2018 10:43:37 AM	3612386617	1013.00	26.19	31.94	96.6	26.56	31.94	93.3	26.98	31.94	89.6	26.76	31.94	91.5
21/06/2018 10:43:38 AM	3612386618	1013.00	26.22	31.95	96.3	26.54	31.95	93.4	26.99	31.95	89.5	26.78	31.95	91.3
21/06/2018 10:43:39 AM	3612386619	1013.00	26.17	31.95	96.8	26.53	31.95	93.5	27.00	31.95	89.4	26.76	31.95	91.5
21/06/2018 10:43:40 AM	3612386620	1013.00	26.22	31.96	96.3	26.55	31.96	93.3	27.01	31.96	89.3	26.76	31.96	91.4
21/06/2018 10:43:41 AM	3612386621	1013.00	26.19	31.96	96.6	26.51	31.96	93.7	27.02	31.96	89.2	26.79	31.96	91.2
21/06/2018 10:43:42 AM	3612386622	1013.00	26.20	31.96	96.5	26.50	31.96	93.8	27.00	31.96	89.4	26.78	31.96	91.3
21/06/2018 10:43:43 AM	3612386623	1013.00	26.21	31.96	96.4	26.51	31.96	93.7	27.02	31.96	89.2	26.78	31.96	91.3
21/06/2018 10:43:44 AM	3612386624	1013.00	26.21	31.96	96.4	26.51	31.96	93.7	27.03	31.96	89.1	26.81	31.96	91.0
21/06/2018 10:43:45 AM	3612386625	1013.00	26.20	31.96	96.5	26.52	31.96	93.6	27.02	31.96	89.2	26.79	31.96	91.2
21/06/2018 10:43:46 AM	3612386626	1013.00	26.23	31.96	96.2	26.50	31.96	93.8	27.02	31.96	89.2	26.78	31.96	91.3
21/06/2018 10:43:47 AM	3612386627	1013.00	26.22	31.96	96.3	26.53	31.96	93.5	27.04	31.96	89.0	26.81	31.96	91.0
21/06/2018 10:43:48 AM	3612386628	1013.00	26.22	31.97	96.3	26.58	31.97	93.0	27.04	31.97	89.0	26.83	31.97	90.8
21/06/2018 10:43:49 AM	3612386629	1013.00	26.23	31.97	96.2	26.58	31.97	93.0	26.99	31.97	89.4	26.81	31.97	91.0
21/06/2018 10:43:50 AM	3612386630	1013.00	26.25	31.97	96.0	26.51	31.97	93.7	27.04	31.97	89.0	26.85	31.97	90.6
21/06/2018 10:43:51 AM	3612386631	1013.00	26.25	31.97	96.0	26.55	31.97	93.3	27.05	31.97	88.9	26.84	31.97	90.7
21/06/2018 10:43:52 AM	3612386632	1013.00	26.19	31.97	96.6	26.58	31.97	93.0	27.05	31.97	88.9	26.81	31.97	91.0
21/06/2018 10:43:53 AM	3612386633	1013.00	26.20	31.97	96.5	26.59	31.97	92.9	27.04	31.97	89.0	26.82	31.97	90.9
21/06/2018 10:43:54 AM	3612386634	1013.00	26.23	31.97	96.2	26.54	31.97	93.4	27.06	31.97	88.9	26.84	31.97	90.7
21/06/2018 10:43:55 AM	3612386635	1013.00	26.20	31.97	96.5	26.53	31.97	93.5	27.07	31.97	88.8	26.85	31.97	90.6
21/06/2018 10:43:56 AM	3612386636	1013.00	26.27	31.97	95.8	26.57	31.97	93.1	27.06	31.97	88.9	26.82	31.97	90.9
21/06/2018 10:43:57 AM	3612386637	1013.00	26.26	31.97	95.9	26.60	31.97	92.8	27.09	31.97	88.6	26.84	31.97	90.7
21/06/2018 10:43:58 AM	3612386638	1013.00	26.25	31.97	96.0	26.58	31.97	93.0	27.08	31.97	88.7	26.83	31.97	90.8
21/06/2018 10:43:59 AM	3612386639	1013.00	26.26	31.96	96.0	26.53	31.96	93.5	27.11	31.96	88.4	26.86	31.96	90.6
21/06/2018 10:44:00 AM	3612386640	1013.00	26.26	31.96	96.0	26.61	31.96	92.8	27.10	31.96	88.5	26.84	31.96	90.8
21/06/2018 10:44:01 AM	3612386641	1013.00	26.23	31.96	96.2	26.57	31.96	93.1	27.10	31.96	88.5	26.86	31.96	90.6
21/06/2018 10:44:02 AM	3612386642	1013.00	26.25	31.96	96.1	26.61	31.96	92.8	27.11	31.96	88.4	26.85	31.96	90.7
21/06/2018 10:44:03 AM	3612386643	1013.00	26.19	31.96	96.6	26.56	31.96	93.2	27.12	31.96	88.4	26.87	31.96	90.5
21/06/2018 10:44:04 AM	3612386644	1013.00	26.22	31.97	96.3	26.52	31.97	93.6	27.10	31.97	88.5	26.89	31.97	90.3
21/06/2018 10:44:05 AM	3612386645	1013.00	26.24	31.97	96.1	26.58	31.97	93.0	27.12	31.97	88.3	26.91	31.97	90.1
21/06/2018 10:44:06 AM	3612386646	1013.00	26.25	31.97	96.0	26.57	31.97	93.1	27.07	31.97	88.8	26.88	31.97	90.4
21/06/2018 10:44:07 AM	3612386647	1013.00	26.32	31.97	95.4	26.60	31.97	92.8	27.08	31.97	88.7	26.88	31.97	90.4
21/06/2018 10:44:08 AM	3612386648	1013.00	26.24	31.97	96.1	26.57	31.97	93.1	27.09	31.97	88.6	26.92	31.97	90.0
21/06/2018 10:44:09 AM	3612386649	1013.00	26.26	31.96	96.0	26.54	31.96	93.4	27.07	31.96	88.8	26.93	31.96	90.0
21/06/2018 10:44:10 AM	3612386650	1013.00	26.27	31.96	95.9	26.60	31.96	92.9	27.07	31.96	88.8	26.91	31.96	90.1
21/06/2018 10:44:11 AM	3612386651	1013.00	26.24	31.96	96.1	26.57	31.96	93.1	27.07	31.96	88.8	26.95	31.96	89.8
21/06/2018 10:44:12 AM	3612386652	1013.00	26.30	31.96	95.6	26.61	31.96	92.8	27.06	31.96	88.9	26.95	31.96	89.8
21/06/2018 10:44:13 AM	3612386653	1013.00	26.28	31.96	95.8	26.57	31.96	93.1	27.08	31.96	88.7	26.96	31.96	89.7
21/06/2018 10:44:14 AM	3612386654	1013.00	26.23	31.96	96.2	26.55	31.96	93.3	27.09	31.96	88.6	26.95	31.96	89.8
21/06/2018 10:44:15 AM	3612386655	1013.00	26.26	31.96	96.0	26.57	31.96	93.1	27.09	31.96	88.6	26.97	31.96	89.6
21/06/2018 10:44:16 AM	3612386656	1013.00	26.28	31.96	95.8	26.60	31.96	92.9	27.11	31.96	88.4	26.99	31.96	89.5
21/06/2018 10:44:17 AM	3612386657	1013.00	26.31	31.96	95.5	26.58	31.96	93.0	27.08	31.96	88.7	27.00	31.96	89.4
21/06/2018 10:44:18 AM	3612386658	1013.00	26.25	31.96	96.1	26.62	31.96	92.7	27.10	31.96	88.5	27.00	31.96	89.4
21/06/2018 10:44:19 AM	3612386659	1013.00	26.28	31.96	95.8	26.55	31.96	93.3	27.09	31.96	88.6	26.99	31.96	89.5
21/06/2018 10:44:20 AM	3612386660	1013.00	26.27	31.96	95.9	26.61	31.96	92.8	27.12	31.96	88.4	27.02	31.96	89.2
21/06/2018 10:44:21 AM	3612386661	1013.00	26.30	31.96	95.6	26.66	31.96	92.3	27.12	31.96	88.4	27.00	31.96	89.4
21/06/2018 10:44:22 AM	3612386662	1013.00	26.31	31.96	95.5	26.63	31.96	92.6	27.13	31.96	88.3	27.02	31.96	89.2
21/06/2018 10:44:23 AM	3612386663	1013.00	26.29	31.96	95.7	26.59	31.96	93.0	27.13	31.96	88.3	27.03	31.96	89.1
21/06/2018 10:44:24 AM	3612386664	1013.00	26.30	31.96	95.6	26.63	31.96	92.6	27.16	31.96	88.0	27.01	31.96	89.3
21/06/2018 10:44:25 AM	3612386665	1013.00	26.31	31.96	95.5	26.59	31.96	93.0	27.14	31.96	88.2	27.03	31.96	89.1
21/06/2018 10:44:26 AM	3612386666	1013.00	26.31	31.97	95.5	26.60	31.97	92.8	27.18	31.97	87.8	27.03	31.97	89.1
21/06/2018 10:44:27 AM	3612386667	1013.00	26.32	31.96	95.4	26.57	31.96	93.1	27.14	31.96	88.2	27.04	31.96	89.0
21/06/2018 10:44:28 AM	3612386668	1013.00	26.32	31.96	95.4	26.65	31.96	92.4	27.18	31.96	87.9	27.02	31.96	89.2
21/06/2018 10:44:29 AM	3612386669	1013.00	26.28	31.96	95.8	26.65	31.96	92.4	27.18	31.96	87.9	27.07	31.96	88.8
21/06/2018 10:44:30 AM	3612386670	1013.00	26.31	31.96	95.5	26.64	31.96	92.5	27.19	31.96	87.8	27.05	31.96	89.0
21/06/2018 10:44:31 AM	3612386671	1013.00	26.32	31.96	95.4	26.68	31.96	92.2	27.19	31.96	87.8	27.07	31.96	88.8
21/06/2018 10:44:32 AM	3612386672	1013.00	26.32	31.96	95.4	26.64	31.96	92.5	27.21	31.96	87.6	27.06	31.96	88.9
21/06/2018 10:44:33 AM	3612386673	1013.00	26.32	31.96	95.4	26.62	31.96	92.7	27.19	31.96	87.8	27.07	31.96	88.8
21/06/2018 10:44:34 AM	3612386674	1013.00	26.33	31.96	95.3	26.61	31.96	92.8	27.19	31.96	87.8	27.09	31.96	88.6
21/06/2018 10:44:35 AM	3612386675	1013.00	26.34	31.96	95.2	26.68	31.96	92.2	27.20	31.96	87.7	27.06	31.96	88.9
21/06/2018 10:44:36 AM	3612386676	1013.00	26.33	31.96	95.3	26.67	31.96	92.2	27.18	31.96	87.9	27.07	31.96	88.8
21/06/2018 10:44:37 AM	3612386677	1013.00	26.31	31.96	95.5	26.68	31.96	92.2	27.19	31.96	87.8	27.10	31.96	88.5
21/06/2018 10:44:38 AM	3612386678	1013.00	26.32	31.95	95.4	26.71	31.95	91.9	27.23	31.95	87.5	27.09	31.95	88.6
21/06/2018 10:44:39 AM	3612386679	1013.00	26.33	31.95	95.3	26.72	31.95	91.8	27.21	31.95	87.6	27.13	31.95	88.3
21/06/2018 10:44:40 AM	3612386680	1013.00	26.39	31.95	94.8	26.68	31.95	92.2	27.20	31.95	87.7	27.10	31.95	88.5
21/06/2018 10:44:41 AM	3612386681	1013.00	26.35	31.95	95.1	26.69	31.95	92.1	27.22	31.95	87.5	27.12	31.95	88.4
21/06/2018 10:44:42 AM	3612386682	1013.00	26.37	31.95	95.0	26.69	31.95	92.1	27.22	31.95	87.5	27.13	31.95	88.3
21/06/2018 10:44:43 AM	3612386683	1013.00	26.37	31.96	94.9	26.68	31.96	92.2	27.24	31.96	87.4	27.11	31.96	88.4
21/06/2018 10:44:44 AM	3612386684	1013.00	26.34	31.96	95.2	26.68	31.96	92.2	27.21	31.96	87.6	27.12	31.96	88.4
21/06/2018 10:44:45 AM	3612386685	1013.00	26.30	31.96	95.6	26.69	31.96	92.1	27.23	31.96	87.4	27.12	31.96	88.4
21/06/2018 10:44:46 AM	3612386686	1013.00	26.38	31.96	94.9	26.67	31.96	92.2	27.24	31.96	87.4	27.13	31.96	88.3
21/06/2018 10:44:47 AM	3612386687	1013.00	26.34	31.96	95.2	26.72	31.96	91.8	27.25	31.96	87.3	27.11	31.96	88.4
21/06/2018 10:44:48 AM	3612386688	1013.00	26.39	31.95	94.8	26.70	31.95	92.0	27.24	31.95	87.4	27.14	31.95	88.2
21/06/2018 10:44:49 AM	3612386689	1013.00	26.35	31.95	95.1	26.76	31.95	91.5	27.25	31.95	87.3	27.12	31.95	88.4
21/06/2018 10:44:50 AM	3612386690	1013.00	26.36	31.95	95.1	26.70	31.95	92.0	27.23	31.95	87.5	27.12	31.95	88.4
21/06/2018 10:44:51 AM	3612386691	1013.00	26.36	31.95	95.1	26.67	31.95	92.3	27.25	31.95	87.3	27.14	31.95	88.2
21/06/2018 10:44:52 AM	3612386692	1013.00	26.38	31.94	94.9	26.70	31.94	92.0	27.25	31.94	87.3	27.14	31.94	88.2
21/06/2018 10:44:53 AM	3612386693	1013.00	26.39	31.94	94.8	26.73	31.94	91.7	27.27	31.94	87.1	27.14	31.94	88.2
21/06/2018 10:44:54 AM	3612386694	1013.00	26.37	31.94	95.0	26.74	31.94	91.7	27.25	31.94	87.3	27.15	31.94	88.1
21/06/2018 10:44:55 AM	3612386695	1013.00	26.36	31.94	95.1	26.74	31.94	91.7	27.27	31.94	87.1	27.15	31.94	88.1
21/06/2018 10:44:56 AM	3612386696	1013.00	26.35	31.94	95.2	26.76	31.94	91.5	27.24	31.94	87.4	27.16	31.94	88.1
21/06/2018 10:44:57 AM	3612386697	1013.00	26.37	31.94	95.0	26.75	31.94	91.6	27.24	31.94	87.4	27.16	31.94	88.1
21/06/2018 10:44:58 AM	3612386698	1013.00	26.38	31.94	94.9	26.76	31.94	91.5	27.28	31.94	87.1	27.18	31.94	87.9
21/06/2018 10:44:59 AM	3612386699	1013.00	26.34	31.93	95.3	26.75	31.93	91.6	27.26	31.93	87.2	27.17	31.93	88.0
21/06/2018 10:45:00 AM	3612386700	1013.00	26.38	31.93	94.9	26.74	31.93	91.7	27.27	31.93	87.2	27.18	31.93	87.9
21/06/2018 10:45:01 AM	3612386701	1013.00	26.38	31.93	94.9	26.76	31.93	91.5	27.29	31.93	87.0	27.17	31.93	88.0
21/06/2018 10:45:02 AM	3612386702	1013.00	26.38	31.93	94.9	26.79	31.93	91.2	27.27	31.93	87.2	27.16	31.93	88.1
21/06/2018 10:45:03 AM	3612386703	1013.00	26.37	31.93	95.0	26.80	31.93	91.1	27.32	31.93	86.7	27.15	31.93	88.2
21/06/2018 10:45:04 AM	3612386704	1013.00	26.39	31.93	94.8	26.69	31.93	92.1	27.30	31.93	86.9	27.18	31.93	87.9
21/06/2018 10:45:05 AM	3612386705	1013.00	26.40	31.93	94.7	26.73	31.93	91.8	27.29	31.93	87.0	27.19	31.93	87.8
21/06/2018 10:45:06 AM	3612386706	1013.00	26.40	31.94	94.7	26.75	31.94	91.6	27.29	31.94	87.0	27.18	31.94	87.9
21/06/2018 10:45:07 AM	3612386707	1013.00	26.38	31.94	94.9	26.74	31.94	91.7	27.27	31.94	87.1	27.19	31.94	87.8
21/06/2018 10:45:08 AM	3612386708	1013.00	26.38	31.94	94.9	26.77	31.94	91.4	27.30	31.94	86.9	27.17	31.94	88.0
21/06/2018 10:45:09 AM	3612386709	1013.00	26.44	31.94	94.3	26.75	31.94	91.6	27.27	31.94	87.1	27.20	31.94	87.7
21/06/2018 10:45:10 AM	3612386710	1013.00	26.38	31.95	94.9	26.77	31.95	91.4	27.30	31.95	86.9	27.18	31.95	87.9
21/06/2018 10:45:11 AM	3612386711	1013.00	26.41	31.94	94.6	26.77	31.94	91.4	27.32	31.94	86.7	27.21	31.94	87.6
21/06/2018 10:45:12 AM	3612386712	1013.00	26.40	31.94	94.7	26.75	31.94	91.6	27.33	31.94	86.7	27.20	31.94	87.7
21/06/2018 10:45:13 AM	3612386713	1013.00	26.37	31.94	95.0	26.76	31.94	91.5	27.29	31.94	87.0	27.19	31.94	87.8
21/06/2018 10:45:14 AM	3612386714	1013.00	26.40	31.94	94.7	26.77	31.94	91.4	27.30	31.94	86.9	27.21	31.94	87.6
21/06/2018 10:45:15 AM	3612386715	1013.00	26.41	31.94	94.6	26.78	31.94	91.3	27.32	31.94	86.7	27.23	31.94	87.5
21/06/2018 10:45:16 AM	3612386716	1013.00	26.41	31.94	94.6	26.77	31.94	91.4	27.35	31.94	86.5	27.22	31.94	87.6
21/06/2018 10:45:17 AM	3612386717	1013.00	26.38	31.94	94.9	26.75	31.94	91.6	27.34	31.94	86.6	27.20	31.94	87.7
21/06/2018 10:45:18 AM	3612386718	1013.00	26.43	31.94	94.4	26.76	31.94	91.5	27.36	31.94	86.4	27.23	31.94	87.5
21/06/2018 10:45:19 AM	3612386719	1013.00	26.45	31.94	94.2	26.78	31.94	91.3	27.36	31.94	86.4	27.21	31.94	87.6
21/06/2018 10:45:20 AM	3612386720	1013.00	26.41	31.94	94.6	26.75	31.94	91.6	27.36	31.94	86.4	27.26	31.94	87.2
21/06/2018 10:45:21 AM	3612386721	1013.00	26.43	31.94	94.4	26.74	31.94	91.7	27.37	31.94	86.3	27.24	31.94	87.4
21/06/2018 10:45:22 AM	3612386722	1013.00	26.41	31.94	94.6	26.76	31.94	91.5	27.37	31.94	86.3	27.26	31.94	87.2
21/06/2018 10:45:23 AM	3612386723	1013.00	26.41	31.94	94.6	26.79	31.94	91.2	27.34	31.94	86.6	27.27	31.94	87.1
21/06/2018 10:45:24 AM	3612386724	1013.00	26.39	31.94	94.8	26.74	31.94	91.7	27.37	31.94	86.3	27.26	31.94	87.2
21/06/2018 10:45:25 AM	3612386725	1013.00	26.42	31.94	94.5	26.75	31.94	91.6	27.35	31.94	86.5	27.29	31.94	87.0
21/06/2018 10:45:26 AM	3612386726	1013.00	26.42	31.94	94.5	26.81	31.94	91.0	27.37	31.94	86.3	27.26	31.94	87.2
21/06/2018 10:45:27 AM	3612386727	1013.00	26.42	31.94	94.5	26.83	31.94	90.9	27.38	31.94	86.2	27.27	31.94	87.1
21/06/2018 10:45:28 AM	3612386728	1013.00	26.42	31.93	94.5	26.86	31.93	90.6	27.39	31.93	86.2	27.28	31.93	87.1
21/06/2018 10:45:29 AM	3612386729	1013.00	26.42	31.93	94.5	26.79	31.93	91.2	27.37	31.93	86.3	27.27	31.93	87.2
21/06/2018 10:45:30 AM	3612386730	1013.00	26.43	31.93	94.4	26.86	31.93	90.6	27.40	31.93	86.1	27.25	31.93	87.3
21/06/2018 10:45:31 AM	3612386731	1013.00	26.44	31.94	94.3	26.80	31.94	91.1	27.40	31.94	86.1	27.29	31.94	87.0
21/06/2018 10:45:32 AM	3612386732	1013.00	26.39	31.93	94.8	26.81	31.93	91.1	27.41	31.93	86.0	27.27	31.93	87.2
21/06/2018 10:45:33 AM	3612386733	1013.00	26.41	31.94	94.6	26.85	31.94	90.7	27.39	31.94	86.2	27.28	31.94	87.1
21/06/2018 10:45:34 AM	3612386734	1013.00	26.42	31.94	94.5	26.79	31.94	91.2	27.43	31.94	85.8	27.29	31.94	87.0
21/06/2018 10:45:35 AM	3612386735	1013.00	26.42	31.94	94.5	26.76	31.94	91.5	27.41	31.94	86.0	27.28	31.94	87.1
21/06/2018 10:45:36 AM	3612386736	1013.00	26.45	31.94	94.2	26.84	31.94	90.8	27.41	31.94	86.0	27.29	31.94	87.0
21/06/2018 10:45:37 AM	3612386737	1013.00	26.46	31.94	94.2	26.82	31.94	91.0	27.41	31.94	86.0	27.30	31.94	86.9
21/06/2018 10:45:38 AM	3612386738	1013.00	26.44	31.94	94.3	26.76	31.94	91.5	27.42	31.94	85.9	27.30	31.94	86.9
21/06/2018 10:45:39 AM	3612386739	1013.00	26.42	31.94	94.5	26.81	31.94	91.0	27.42	31.94	85.9	27.33	31.94	86.7
21/06/2018 10:45:40 AM	3612386740	1013.00	26.45	31.94	94.2	26.83	31.94	90.9	27.43	31.94	85.8	27.32	31.94	86.7
21/06/2018 10:45:41 AM	3612386741	1013.00	26.48	31.94	94.0	26.82	31.94	91.0	27.41	31.94	86.0	27.31	31.94	86.8
21/06/2018 10:45:42 AM	3612386742	1013.00	26.44	31.95	94.3	26.86	31.95	90.6	27.42	31.95	85.9	27.31	31.95	86.8
21/06/2018 10:45:43 AM	3612386743	1013.00	26.46	31.95	94.1	26.81	31.95	91.0	27.42	31.95	85.9	27.32	31.95	86.7
21/06/2018 10:45:44 AM	3612386744	1013.00	26.47	31.95	94.0	26.85	31.95	90.7	27.42	31.95	85.9	27.33	31.95	86.6
21/06/2018 10:45:45 AM	3612386745	1013.00	26.50	31.95	93.8	26.81	31.95	91.0	27.43	31.95	85.8	27.34	31.95	86.6
21/06/2018 10:45:46 AM	3612386746	1013.00	26.48	31.96	93.9	26.85	31.96	90.7	27.44	31.96	85.7	27.31	31.96	86.8
21/06/2018 10:45:47 AM	3612386747	1013.00	26.52	31.96	93.6	26.87	31.96	90.5	27.44	31.96	85.7	27.34	31.96	86.5
21/06/2018 10:45:48 AM	3612386748	1013.00	26.49	31.96	93.9	26.88	31.96	90.4	27.44	31.96	85.7	27.34	31.96	86.5
21/06/2018 10:45:49 AM	3612386749	1013.00	26.54	31.96	93.4	26.86	31.96	90.6	27.42	31.96	85.9	27.35	31.96	86.5
21/06/2018 10:45:50 AM	3612386750	1013.00	26.51	31.96	93.7	26.89	31.96	90.3	27.42	31.96	85.9	27.36	31.96	86.4
21/06/2018 10:45:51 AM	3612386751	1013.00	26.54	31.96	93.4	26.87	31.96	90.5	27.42	31.96	85.9	27.36	31.96	86.4
21/06/2018 10:45:52 AM	3612386752	1013.00	26.57	31.96	93.1	26.83	31.96	90.8	27.42	31.96	85.9	27.35	31.96	86.5
21/06/2018 10:45:53 AM	3612386753	1013.00	26.50	31.96	93.8	26.89	31.96	90.3	27.42	31.96	85.9	27.36	31.96	86.4
21/06/2018 10:45:54 AM	3612386754	1013.00	26.53	31.96	93.5	26.91	31.96	90.1	27.42	31.96	85.9	27.40	31.96	86.1
21/06/2018 10:45:55 AM	3612386755	1013.00	26.55	31.96	93.3	26.87	31.96	90.5	27.44	31.96	85.7	27.40	31.96	86.1
21/06/2018 10:45:56 AM	3612386756	1013.00	26.55	31.97	93.3	26.85	31.97	90.6	27.46	31.97	85.6	27.38	31.97	86.2
21/06/2018 10:45:57 AM	3612386757	1013.00	26.57	31.97	93.1	26.92	31.97	90.0	27.44	31.97	85.7	27.40	31.97	86.0
21/06/2018 10:45:58 AM	3612386758	1013.00	26.62	31.97	92.7	26.90	31.97	90.2	27.45	31.97	85.6	27.38	31.97	86.2
21/06/2018 10:45:59 AM	3612386759	1013.00	26.55	31.96	93.3	26.88	31.96	90.4	27.48	31.96	85.4	27.41	31.96	86.0
21/06/2018 10:46:00 AM	3612386760	1013.00	26.56	31.96	93.2	26.92	31.96	90.1	27.48	31.96	85.4	27.40	31.96	86.1
21/06/2018 10:46:01 AM	3612386761	1013.00	26.61	31.96	92.8	26.85	31.96	90.7	27.47	31.96	85.5	27.42	31.96	85.9
21/06/2018 10:46:02 AM	3612386762	1013.00	26.62	31.96	92.7	26.93	31.96	90.0	27.49	31.96	85.3	27.42	31.96	85.9
21/06/2018 10:46:03 AM	3612386763	1013.00	26.59	31.96	93.0	26.86	31.96	90.6	27.46	31.96	85.6	27.42	31.96	85.9
21/06/2018 10:46:04 AM	3612386764	1013.00	26.61	31.96	92.8	26.89	31.96	90.3	27.50	31.96	85.2	27.43	31.96	85.8
21/06/2018 10:46:05 AM	3612386765	1013.00	26.60	31.96	92.9	26.91	31.96	90.1	27.50	31.96	85.2	27.42	31.96	85.9
21/06/2018 10:46:06 AM	3612386766	1013.00	26.59	31.97	92.9	26.95	31.97	89.8	27.48	31.97	85.4	27.43	31.97	85.8
21/06/2018 10:46:07 AM	3612386767	1013.00	26.60	31.97	92.8	26.93	31.97	90.0	27.53	31.97	85.0	27.45	31.97	85.6
21/06/2018 10:46:08 AM	3612386768	1013.00	26.65	31.97	92.4	26.88	31.97	90.4	27.50	31.97	85.2	27.45	31.97	85.6
21/06/2018 10:46:09 AM	3612386769	1013.00	26.65	31.97	92.4	26.93	31.97	90.0	27.53	31.97	85.0	27.46	31.97	85.6
21/06/2018 10:46:10 AM	3612386770	1013.00	26.59	31.96	93.0	26.88	31.96	90.4	27.53	31.96	85.0	27.45	31.96	85.6
21/06/2018 10:46:11 AM	3612386771	1013.00	26.64	31.96	92.5	26.91	31.96	90.1	27.52	31.96	85.1	27.45	31.96	85.6
21/06/2018 10:46:12 AM	3612386772	1013.00	26.68	31.96	92.2	26.93	31.96	90.0	27.54	31.96	84.9	27.48	31.96	85.4
21/06/2018 10:46:13 AM	3612386773	1013.00	26.61	31.96	92.8	26.86	31.96	90.6	27.51	31.96	85.2	27.48	31.96	85.4
21/06/2018 10:46:14 AM	3612386774	1013.00	26.65	31.96	92.4	26.92	31.96	90.1	27.55	31.96	84.8	27.47	31.96	85.5
21/06/2018 10:46:15 AM	3612386775	1013.00	26.67	31.96	92.2	26.93	31.96	90.0	27.54	31.96	84.9	27.47	31.96	85.5
21/06/2018 10:46:16 AM	3612386776	1013.00	26.64	31.96	92.5	26.89	31.96	90.3	27.55	31.96	84.8	27.48	31.96	85.4
21/06/2018 10:46:17 AM	3612386777	1013.00	26.63	31.96	92.6	26.93	31.96	90.0	27.57	31.96	84.7	27.48	31.96	85.4
21/06/2018 10:46:18 AM	3612386778	1013.00	26.68	31.96	92.2	26.91	31.96	90.1	27.55	31.96	84.8	27.50	31.96	85.2
21/06/2018 10:46:19 AM	3612386779	1013.00	26.63	31.96	92.6	26.97	31.96	89.6	27.55	31.96	84.8	27.52	31.96	85.1
21/06/2018 10:46:20 AM	3612386780	1013.00	26.63	31.97	92.6	26.94	31.97	89.9	27.57	31.97	84.7	27.53	31.97	85.0
21/06/2018 10:46:21 AM	3612386781	1013.00	26.65	31.97	92.4	26.95	31.97	89.8	27.57	31.97	84.7	27.50	31.97	85.2
21/06/2018 10:46:22 AM	3612386782	1013.00	26.64	31.97	92.5	26.94	31.97	89.9	27.59	31.97	84.5	27.51	31.97	85.2
21/06/2018 10:46:23 AM	3612386783	1013.00	26.66	31.97	92.3	26.93	31.97	90.0	27.58	31.97	84.6	27.52	31.97	85.1
21/06/2018 10:46:24 AM	3612386784	1013.00	26.66	31.96	92.3	26.94	31.96	89.9	27.57	31.96	84.7	27.52	31.96	85.1
21/06/2018 10:46:25 AM	3612386785	1013.00	26.67	31.96	92.2	26.99	31.96	89.5	27.57	31.96	84.7	27.53	31.96	85.0
21/06/2018 10:46:26 AM	3612386786	1013.00	26.69	31.96	92.1	26.95	31.96	89.8	27.60	31.96	84.4	27.53	31.96	85.0
21/06/2018 10:46:27 AM	3612386787	1013.00	26.66	31.96	92.3	26.95	31.96	89.8	27.63	31.96	84.2	27.54	31.96	84.9
21/06/2018 10:46:28 AM	3612386788	1013.00	26.73	31.95	91.7	26.95	31.95	89.8	27.61	31.95	84.4	27.56	31.95	84.8
21/06/2018 10:46:29 AM	3612386789	1013.00	26.67	31.94	92.3	26.92	31.94	90.1	27.61	31.94	84.4	27.54	31.94	85.0
21/06/2018 10:46:30 AM	3612386790	1013.00	26.66	31.94	92.4	26.95	31.94	89.8	27.66	31.94	84.0	27.54	31.94	85.0
21/06/2018 10:46:31 AM	3612386791	1013.00	26.66	31.94	92.4	26.94	31.94	89.9	27.66	31.94	84.0	27.56	31.94	84.8
21/06/2018 10:46:32 AM	3612386792	1013.00	26.67	31.94	92.3	26.96	31.94	89.7	27.64	31.94	84.2	27.56	31.94	84.8
21/06/2018 10:46:33 AM	3612386793	1013.00	26.69	31.94	92.1	26.97	31.94	89.7	27.65	31.94	84.1	27.56	31.94	84.8
21/06/2018 10:46:34 AM	3612386794	1013.00	26.69	31.94	92.1	26.96	31.94	89.7	27.66	31.94	84.0	27.57	31.94	84.7
21/06/2018 10:46:35 AM	3612386795	1013.00	26.67	31.94	92.3	26.94	31.94	89.9	27.66	31.94	84.0	27.56	31.94	84.8
21/06/2018 10:46:36 AM	3612386796	1013.00	26.70	31.94	92.0	26.97	31.94	89.7	27.68	31.94	83.8	27.58	31.94	84.6
21/06/2018 10:46:37 AM	3612386797	1013.00	26.71	31.94	91.9	26.95	31.94	89.8	27.69	31.94	83.8	27.60	31.94	84.5
21/06/2018 10:46:38 AM	3612386798	1013.00	26.73	31.94	91.7	26.96	31.94	89.7	27.68	31.94	83.8	27.56	31.94	84.8
21/06/2018 10:46:39 AM	3612386799	1013.00	26.71	31.93	91.9	26.96	31.93	89.8	27.70	31.93	83.7	27.57	31.93	84.7
21/06/2018 10:46:40 AM	3612386800	1013.00	26.68	31.93	92.2	26.97	31.93	89.7	27.70	31.93	83.7	27.60	31.93	84.5
21/06/2018 10:46:41 AM	3612386801	1013.00	26.72	31.93	91.8	26.98	31.93	89.6	27.69	31.93	83.8	27.56	31.93	84.8
21/06/2018 10:46:42 AM	3612386802	1013.00	26.71	31.93	91.9	26.95	31.93	89.8	27.71	31.93	83.6	27.58	31.93	84.6
21/06/2018 10:46:43 AM	3612386803	1013.00	26.65	31.93	92.5	26.95	31.93	89.8	27.72	31.93	83.5	27.59	31.93	84.6
21/06/2018 10:46:44 AM	3612386804	1013.00	26.67	31.94	92.3	27.02	31.94	89.2	27.71	31.94	83.6	27.60	31.94	84.5
21/06/2018 10:46:45 AM	3612386805	1013.00	26.72	31.94	91.8	27.00	31.94	89.4	27.71	31.94	83.6	27.61	31.94	84.4
21/06/2018 10:46:46 AM	3612386806	1013.00	26.69	31.93	92.1	27.03	31.93	89.2	27.74	31.93	83.4	27.61	31.93	84.4
21/06/2018 10:46:47 AM	3612386807	1013.00	26.71	31.94	91.9	26.99	31.94	89.5	27.73	31.94	83.5	27.60	31.94	84.5
21/06/2018 10:46:48 AM	3612386808	1013.00	26.71	31.94	91.9	26.98	31.94	89.6	27.71	31.94	83.6	27.59	31.94	84.6
21/06/2018 10:46:49 AM	3612386809	1013.00	26.74	31.94	91.7	27.03	31.94	89.2	27.75	31.94	83.3	27.60	31.94	84.5
21/06/2018 10:46:50 AM	3612386810	1013.00	26.71	31.94	91.9	26.96	31.94	89.7	27.75	31.94	83.3	27.62	31.94	84.3
21/06/2018 10:46:51 AM	3612386811	1013.00	26.67	31.94	92.3	26.99	31.94	89.5	27.74	31.94	83.4	27.59	31.94	84.6
21/06/2018 10:46:52 AM	3612386812	1013.00	26.71	31.94	91.9	27.02	31.94	89.2	27.77	31.94	83.1	27.63	31.94	84.2
21/06/2018 10:46:53 AM	3612386813	1013.00	26.70	31.93	92.0	26.97	31.93	89.7	27.76	31.93	83.2	27.64	31.93	84.2
21/06/2018 10:46:54 AM	3612386814	1013.00	26.67	31.93	92.3	27.01	31.93	89.3	27.76	31.93	83.2	27.61	31.93	84.4
21/06/2018 10:46:55 AM	3612386815	1013.00	26.69	31.93	92.1	27.01	31.93	89.3	27.77	31.93	83.2	27.65	31.93	84.1
21/06/2018 10:46:56 AM	3612386816	1013.00	26.72	31.94	91.8	27.00	31.94	89.4	27.78	31.94	83.1	27.64	31.94	84.2
21/06/2018 10:46:57 AM	3612386817	1013.00	26.71	31.93	91.9	27.02	31.93	89.3	27.81	31.93	82.8	27.63	31.93	84.3
21/06/2018 10:46:58 AM	3612386818	1013.00	26.74	31.93	91.7	27.01	31.93	89.3	27.81	31.93	82.8	27.66	31.93	84.0
21/06/2018 10:46:59 AM	3612386819	1013.00	26.80	31.93	91.1	27.06	31.93	88.9	27.82	31.93	82.8	27.64	31.93	84.2
21/06/2018 10:47:00 AM	3612386820	1013.00	26.76	31.93	91.5	27.01	31.93	89.3	27.85	31.93	82.5	27.65	31.93	84.1
21/06/2018 10:47:01 AM	3612386821	1013.00	26.78	31.92	91.3	27.06	31.92	88.9	27.86	31.92	82.5	27.64	31.92	84.2
21/06/2018 10:47:02 AM	3612386822	1013.00	26.79	31.93	91.2	27.04	31.93	89.1	27.85	31.93	82.5	27.65	31.93	84.1
21/06/2018 10:47:03 AM	3612386823	1013.00	26.77	31.92	91.4	27.04	31.92	89.1	27.85	31.92	82.5	27.69	31.92	83.8
21/06/2018 10:47:04 AM	3612386824	1013.00	26.80	31.92	91.2	27.07	31.92	88.8	27.85	31.92	82.5	27.69	31.92	83.8
21/06/2018 10:47:05 AM	3612386825	1013.00	26.78	31.92	91.3	27.09	31.92	88.7	27.87	31.92	82.4	27.67	31.92	84.0
21/06/2018 10:47:06 AM	3612386826	1013.00	26.76	31.92	91.5	27.07	31.92	88.8	27.86	31.92	82.5	27.71	31.92	83.6
21/06/2018 10:47:07 AM	3612386827	1013.00	26.80	31.92	91.2	27.05	31.92	89.0	27.87	31.92	82.4	27.69	31.92	83.8
21/06/2018 10:47:08 AM	3612386828	1013.00	26.80	31.91	91.2	27.05	31.91	89.0	27.88	31.91	82.3	27.73	31.91	83.5
21/06/2018 10:47:09 AM	3612386829	1013.00	26.78	31.92	91.3	27.04	31.92	89.1	27.88	31.92	82.3	27.72	31.92	83.6
21/06/2018 10:47:10 AM	3612386830	1013.00	26.81	31.91	91.1	27.04	31.91	89.1	27.86	31.91	82.5	27.74	31.91	83.4
21/06/2018 10:47:11 AM	3612386831	1013.00	26.80	31.91	91.2	27.06	31.91	88.9	27.85	31.91	82.6	27.73	31.91	83.5
21/06/2018 10:47:12 AM	3612386832	1013.00	26.82	31.91	91.0	27.05	31.91	89.0	27.83	31.91	82.7	27.75	31.91	83.3
21/06/2018 10:47:13 AM	3612386833	1013.00	26.81	31.92	91.1	27.11	31.92	88.5	27.85	31.92	82.5	27.76	31.92	83.2
21/06/2018 10:47:14 AM	3612386834	1013.00	26.87	31.92	90.6	27.10	31.92	88.6	27.84	31.92	82.6	27.73	31.92	83.5
21/06/2018 10:47:15 AM	3612386835	1013.00	26.84	31.92	90.8	27.11	31.92	88.5	27.85	31.92	82.5	27.76	31.92	83.2
21/06/2018 10:47:16 AM	3612386836	1013.00	26.84	31.92	90.8	27.10	31.92	88.6	27.86	31.92	82.5	27.78	31.92	83.1
21/06/2018 10:47:17 AM	3612386837	1013.00	26.82	31.92	91.0	27.11	31.92	88.5	27.85	31.92	82.5	27.76	31.92	83.2
21/06/2018 10:47:18 AM	3612386838	1013.00	26.87	31.91	90.6	27.12	31.91	88.4	27.84	31.91	82.6	27.78	31.91	83.1
21/06/2018 10:47:19 AM	3612386839	1013.00	26.84	31.91	90.8	27.09	31.91	88.7	27.85	31.91	82.6	27.76	31.91	83.3
21/06/2018 10:47:20 AM	3612386840	1013.00	26.86	31.91	90.7	27.02	31.91	89.3	27.85	31.91	82.6	27.76	31.91	83.3
21/06/2018 10:47:21 AM	3612386841	1013.00	26.83	31.91	90.9	27.07	31.91	88.9	27.88	31.91	82.3	27.78	31.91	83.1
21/06/2018 10:47:22 AM	3612386842	1013.00	26.82	31.91	91.0	27.10	31.91	88.6	27.86	31.91	82.5	27.78	31.91	83.1
21/06/2018 10:47:23 AM	3612386843	1013.00	26.83	31.92	90.9	27.09	31.92	88.7	27.88	31.92	82.3	27.76	31.92	83.2
21/06/2018 10:47:24 AM	3612386844	1013.00	26.85	31.92	90.7	27.11	31.92	88.5	27.87	31.92	82.4	27.78	31.92	83.1
21/06/2018 10:47:25 AM	3612386845	1013.00	26.84	31.92	90.8	27.10	31.92	88.6	27.86	31.92	82.5	27.81	31.92	82.9
21/06/2018 10:47:26 AM	3612386846	1013.00	26.87	31.92	90.6	27.10	31.92	88.6	27.90	31.92	82.2	27.81	31.92	82.9
21/06/2018 10:47:27 AM	3612386847	1013.00	26.86	31.92	90.6	27.10	31.92	88.6	27.89	31.92	82.2	27.79	31.92	83.0
21/06/2018 10:47:28 AM	3612386848	1013.00	26.86	31.91	90.7	27.07	31.91	88.9	27.90	31.91	82.2	27.82	31.91	82.8
21/06/2018 10:47:29 AM	3612386849	1013.00	26.90	31.91	90.3	27.11	31.91	88.5	27.86	31.91	82.5	27.79	31.91	83.0
21/06/2018 10:47:30 AM	3612386850	1013.00	26.86	31.91	90.7	27.16	31.91	88.1	27.85	31.91	82.6	27.79	31.91	83.0
21/06/2018 10:47:31 AM	3612386851	1013.00	26.86	31.91	90.7	27.13	31.91	88.4	27.89	31.91	82.3	27.84	31.91	82.6
21/06/2018 10:47:32 AM	3612386852	1013.00	26.86	31.91	90.7	27.18	31.91	87.9	27.92	31.91	82.0	27.82	31.91	82.8
21/06/2018 10:47:33 AM	3612386853	1013.00	26.83	31.92	90.9	27.16	31.92	88.1	27.90	31.92	82.2	27.84	31.92	82.6
21/06/2018 10:47:34 AM	3612386854	1013.00	26.89	31.92	90.4	27.18	31.92	87.9	27.92	31.92	82.0	27.87	31.92	82.4
21/06/2018 10:47:35 AM	3612386855	1013.00	26.86	31.92	90.6	27.18	31.92	87.9	27.91	31.92	82.1	27.84	31.92	82.6
21/06/2018 10:47:36 AM	3612386856	1013.00	26.87	31.93	90.5	27.21	31.93	87.7	27.94	31.93	81.8	27.87	31.93	82.4
21/06/2018 10:47:37 AM	3612386857	1013.00	26.88	31.93	90.5	27.16	31.93	88.1	27.93	31.93	81.9	27.87	31.93	82.4
21/06/2018 10:47:38 AM	3612386858	1013.00	26.88	31.92	90.5	27.20	31.92	87.8	27.96	31.92	81.7	27.87	31.92	82.4
21/06/2018 10:47:39 AM	3612386859	1013.00	26.90	31.93	90.3	27.21	31.93	87.7	27.97	31.93	81.6	27.88	31.93	82.3
21/06/2018 10:47:40 AM	3612386860	1013.00	26.92	31.92	90.1	27.18	31.92	87.9	27.97	31.92	81.6	27.86	31.92	82.5
21/06/2018 10:47:41 AM	3612386861	1013.00	26.89	31.92	90.4	27.15	31.92	88.2	27.99	31.92	81.5	27.89	31.92	82.2
21/06/2018 10:47:42 AM	3612386862	1013.00	26.88	31.92	90.5	27.20	31.92	87.8	28.00	31.92	81.4	27.90	31.92	82.2
21/06/2018 10:47:43 AM	3612386863	1013.00	26.90	31.93	90.3	27.22	31.93	87.6	27.98	31.93	81.5	27.93	31.93	81.9
21/06/2018 10:47:44 AM	3612386864	1013.00	26.95	31.92	89.9	27.21	31.92	87.7	28.01	31.92	81.3	27.92	31.92	82.0
21/06/2018 10:47:45 AM	3612386865	1013.00	26.94	31.92	89.9	27.21	31.92	87.7	28.00	31.92	81.4	27.93	31.92	81.9
21/06/2018 10:47:46 AM	3612386866	1013.00	26.91	31.93	90.2	27.20	31.93	87.7	27.99	31.93	81.5	27.93	31.93	81.9
21/06/2018 10:47:47 AM	3612386867	1013.00	26.91	31.93	90.2	27.19	31.93	87.8	27.99	31.93	81.5	27.94	31.93	81.8
21/06/2018 10:47:48 AM	3612386868	1013.00	26.89	31.93	90.4	27.22	31.93	87.6	28.01	31.93	81.3	27.96	31.93	81.7
21/06/2018 10:47:49 AM	3612386869	1013.00	26.93	31.93	90.0	27.24	31.93	87.4	28.01	31.93	81.3	27.95	31.93	81.8
21/06/2018 10:47:50 AM	3612386870	1013.00	26.93	31.93	90.0	27.18	31.93	87.9	28.05	31.93	81.0	27.96	31.93	81.7
21/06/2018 10:47:51 AM	3612386871	1013.00	26.96	31.93	89.8	27.26	31.93	87.2	28.05	31.93	81.0	27.94	31.93	81.8
21/06/2018 10:47:52 AM	3612386872	1013.00	26.92	31.93	90.1	27.24	31.93	87.4	28.01	31.93	81.3	27.97	31.93	81.6
21/06/2018 10:47:53 AM	3612386873	1013.00	26.96	31.94	89.7	27.23	31.94	87.5	28.04	31.94	81.1	27.98	31.94	81.5
21/06/2018 10:47:54 AM	3612386874	1013.00	26.98	31.94	89.6	27.20	31.94	87.7	28.06	31.94	80.9	28.00	31.94	81.4
21/06/2018 10:47:55 AM	3612386875	1013.00	26.95	31.94	89.8	27.26	31.94	87.2	28.07	31.94	80.8	27.99	31.94	81.5
