Date & time of file creation	15/06/2018 10:28 AM													
Data file path	C:\Users\ameli\Desktop\Diego Barneche\15_06_2018\32_C_new_witrox_12.txt													
														
														
CALIBRATION DATA														
Parameter/Channel	N moving average	LO phase [r.U.]	HI phase [r.U.]	LO oxygen [%air saturation]	HI oxygen [%air saturation]	LO temperature [°C]	HI temperature [°C]	Salinity [‰]						
SDWD0003000199      , CH 1	1	59.90	28.09	0.00	100.00	19.98	20.05	0.000						
SDWD0003000199      , CH 2	1	59.90	28.09	0.00	100.00	19.98	20.05	0.000						
SDWD0003000199      , CH 3	1	59.90	28.09	0.00	100.00	19.98	20.05	0.000						
SDWD0003000199      , CH 4	1	59.90	28.09	0.00	100.00	19.98	20.05	0.000						
														
														
Date &Time [DD-MM-YYYY HH:MM:SS]	Time stamp code	Barometric pressure [hPa]	SDWD0003000199      , CH 1 phase [r.U.]	SDWD0003000199      , CH 1 temp [°C]	SDWD0003000199      , CH 1 O2 [% air saturation]	SDWD0003000199      , CH 2 phase [r.U.]	SDWD0003000199      , CH 2 temp [°C]	SDWD0003000199      , CH 2 O2 [% air saturation]	SDWD0003000199      , CH 3 phase [r.U.]	SDWD0003000199      , CH 3 temp [°C]	SDWD0003000199      , CH 3 O2 [% air saturation]	SDWD0003000199      , CH 4 phase [r.U.]	SDWD0003000199      , CH 4 temp [°C]	SDWD0003000199      , CH 4 O2 [% air saturation]
15/06/2018 10:28:56 AM	3611867336	1013.00	27.69	29.08	88.7	27.60	29.08	89.5	27.08	29.08	94.0	26.81	29.08	96.4
15/06/2018 10:28:57 AM	3611867337	1013.00	27.72	29.08	88.5	27.64	29.08	89.1	27.17	29.08	93.2	26.85	29.08	96.0
15/06/2018 10:28:58 AM	3611867338	1013.00	27.74	29.08	88.3	27.65	29.08	89.0	27.09	29.08	93.9	26.80	29.08	96.5
15/06/2018 10:28:59 AM	3611867339	1013.00	27.70	29.08	88.6	27.60	29.08	89.5	27.10	29.08	93.8	26.89	29.08	95.7
15/06/2018 10:29:00 AM	3611867340	1013.00	27.72	29.08	88.5	27.61	29.08	89.4	27.13	29.08	93.5	26.84	29.08	96.1
15/06/2018 10:29:01 AM	3611867341	1013.00	27.69	29.08	88.7	27.61	29.08	89.4	27.14	29.08	93.4	26.84	29.08	96.1
15/06/2018 10:29:02 AM	3611867342	1013.00	27.73	29.07	88.4	27.65	29.07	89.1	27.12	29.07	93.6	26.83	29.07	96.2
15/06/2018 10:29:03 AM	3611867343	1013.00	27.69	29.07	88.7	27.64	29.07	89.1	27.11	29.07	93.7	26.90	29.07	95.6
15/06/2018 10:29:04 AM	3611867344	1013.00	27.74	29.07	88.3	27.63	29.07	89.2	27.17	29.07	93.2	26.84	29.07	96.1
15/06/2018 10:29:05 AM	3611867345	1013.00	27.68	29.07	88.8	27.65	29.07	89.1	27.09	29.07	93.9	26.83	29.07	96.2
15/06/2018 10:29:06 AM	3611867346	1013.00	27.70	29.07	88.6	27.61	29.07	89.4	27.08	29.07	94.0	26.82	29.07	96.3
15/06/2018 10:29:07 AM	3611867347	1013.00	27.66	29.07	89.0	27.59	29.07	89.6	27.12	29.07	93.6	26.84	29.07	96.1
15/06/2018 10:29:08 AM	3611867348	1013.00	27.72	29.06	88.5	27.58	29.06	89.7	27.07	29.06	94.1	26.80	29.06	96.5
15/06/2018 10:29:09 AM	3611867349	1013.00	27.70	29.07	88.6	27.59	29.07	89.6	27.11	29.07	93.7	26.86	29.07	96.0
15/06/2018 10:29:10 AM	3611867350	1013.00	27.70	29.06	88.6	27.64	29.06	89.1	27.16	29.06	93.3	26.84	29.06	96.2
15/06/2018 10:29:11 AM	3611867351	1013.00	27.67	29.07	88.9	27.62	29.07	89.3	27.10	29.07	93.8	26.84	29.07	96.1
15/06/2018 10:29:12 AM	3611867352	1013.00	27.69	29.06	88.7	27.64	29.06	89.1	27.17	29.06	93.2	26.90	29.06	95.6
15/06/2018 10:29:13 AM	3611867353	1013.00	27.70	29.07	88.6	27.64	29.07	89.1	27.07	29.07	94.1	26.83	29.07	96.2
15/06/2018 10:29:14 AM	3611867354	1013.00	27.71	29.07	88.6	27.64	29.07	89.1	27.06	29.07	94.2	26.87	29.07	95.9
15/06/2018 10:29:15 AM	3611867355	1013.00	27.68	29.07	88.8	27.64	29.07	89.1	27.05	29.07	94.2	26.85	29.07	96.1
15/06/2018 10:29:16 AM	3611867356	1013.00	27.68	29.06	88.8	27.56	29.06	89.8	27.05	29.06	94.3	26.87	29.06	95.9
15/06/2018 10:29:17 AM	3611867357	1013.00	27.67	29.07	88.9	27.63	29.07	89.2	27.13	29.07	93.5	26.86	29.07	96.0
15/06/2018 10:29:18 AM	3611867358	1013.00	27.67	29.07	88.9	27.64	29.07	89.1	27.15	29.07	93.3	26.84	29.07	96.1
15/06/2018 10:29:19 AM	3611867359	1013.00	27.66	29.06	89.0	27.60	29.06	89.5	27.12	29.06	93.6	26.90	29.06	95.6
15/06/2018 10:29:20 AM	3611867360	1013.00	27.68	29.06	88.8	27.65	29.06	89.1	27.10	29.06	93.8	26.90	29.06	95.6
15/06/2018 10:29:21 AM	3611867361	1013.00	27.67	29.06	88.9	27.61	29.06	89.4	27.14	29.06	93.5	26.86	29.06	96.0
15/06/2018 10:29:22 AM	3611867362	1013.00	27.70	29.05	88.7	27.63	29.05	89.2	27.14	29.05	93.5	26.86	29.05	96.0
15/06/2018 10:29:23 AM	3611867363	1013.00	27.69	29.05	88.7	27.60	29.05	89.5	27.15	29.05	93.4	26.94	29.05	95.3
15/06/2018 10:29:24 AM	3611867364	1013.00	27.68	29.05	88.8	27.66	29.05	89.0	27.12	29.05	93.6	26.85	29.05	96.1
15/06/2018 10:29:25 AM	3611867365	1013.00	27.67	29.05	88.9	27.60	29.05	89.5	27.12	29.05	93.6	26.86	29.05	96.0
15/06/2018 10:29:26 AM	3611867366	1013.00	27.66	29.05	89.0	27.59	29.05	89.6	27.09	29.05	93.9	26.87	29.05	95.9
15/06/2018 10:29:27 AM	3611867367	1013.00	27.68	29.05	88.8	27.65	29.05	89.1	27.18	29.05	93.1	26.87	29.05	95.9
15/06/2018 10:29:28 AM	3611867368	1013.00	27.70	29.05	88.7	27.63	29.05	89.2	27.07	29.05	94.1	26.91	29.05	95.5
15/06/2018 10:29:29 AM	3611867369	1013.00	27.71	29.05	88.6	27.63	29.05	89.2	27.11	29.05	93.7	26.94	29.05	95.3
15/06/2018 10:29:30 AM	3611867370	1013.00	27.69	29.05	88.7	27.62	29.05	89.3	27.11	29.05	93.7	26.92	29.05	95.4
15/06/2018 10:29:31 AM	3611867371	1013.00	27.70	29.06	88.6	27.64	29.06	89.1	27.12	29.06	93.6	26.86	29.06	96.0
15/06/2018 10:29:32 AM	3611867372	1013.00	27.66	29.06	89.0	27.63	29.06	89.2	27.10	29.06	93.8	26.95	29.06	95.2
15/06/2018 10:29:33 AM	3611867373	1013.00	27.69	29.06	88.7	27.63	29.06	89.2	27.17	29.06	93.2	26.93	29.06	95.3
15/06/2018 10:29:34 AM	3611867374	1013.00	27.69	29.06	88.7	27.63	29.06	89.2	27.13	29.06	93.5	26.92	29.06	95.4
15/06/2018 10:29:35 AM	3611867375	1013.00	27.71	29.06	88.6	27.62	29.06	89.3	27.10	29.06	93.8	26.95	29.06	95.2
15/06/2018 10:29:36 AM	3611867376	1013.00	27.70	29.06	88.6	27.63	29.06	89.2	27.16	29.06	93.3	26.92	29.06	95.4
15/06/2018 10:29:37 AM	3611867377	1013.00	27.70	29.06	88.6	27.66	29.06	89.0	27.10	29.06	93.8	26.93	29.06	95.3
15/06/2018 10:29:38 AM	3611867378	1013.00	27.68	29.06	88.8	27.64	29.06	89.1	27.13	29.06	93.5	26.95	29.06	95.2
15/06/2018 10:29:39 AM	3611867379	1013.00	27.71	29.06	88.6	27.61	29.06	89.4	27.10	29.06	93.8	26.89	29.06	95.7
15/06/2018 10:29:40 AM	3611867380	1013.00	27.71	29.06	88.6	27.69	29.06	88.7	27.12	29.06	93.6	26.90	29.06	95.6
15/06/2018 10:29:41 AM	3611867381	1013.00	27.69	29.05	88.7	27.68	29.05	88.8	27.10	29.05	93.8	26.97	29.05	95.0
15/06/2018 10:29:42 AM	3611867382	1013.00	27.72	29.05	88.5	27.66	29.05	89.0	27.14	29.05	93.5	26.94	29.05	95.3
15/06/2018 10:29:43 AM	3611867383	1013.00	27.70	29.05	88.7	27.65	29.05	89.1	27.12	29.05	93.6	26.90	29.05	95.6
15/06/2018 10:29:44 AM	3611867384	1013.00	27.75	29.05	88.3	27.67	29.05	88.9	27.09	29.05	93.9	26.93	29.05	95.4
15/06/2018 10:29:45 AM	3611867385	1013.00	27.73	29.05	88.4	27.63	29.05	89.2	27.11	29.05	93.7	26.99	29.05	94.8
15/06/2018 10:29:46 AM	3611867386	1013.00	27.73	29.06	88.4	27.62	29.06	89.3	27.10	29.06	93.8	26.93	29.06	95.3
15/06/2018 10:29:47 AM	3611867387	1013.00	27.71	29.06	88.6	27.64	29.06	89.1	27.14	29.06	93.5	26.91	29.06	95.5
15/06/2018 10:29:48 AM	3611867388	1013.00	27.74	29.06	88.3	27.68	29.06	88.8	27.16	29.06	93.3	27.02	29.06	94.5
15/06/2018 10:29:49 AM	3611867389	1013.00	27.70	29.06	88.6	27.64	29.06	89.1	27.14	29.06	93.5	26.97	29.06	95.0
15/06/2018 10:29:50 AM	3611867390	1013.00	27.72	29.06	88.5	27.64	29.06	89.1	27.10	29.06	93.8	26.96	29.06	95.1
15/06/2018 10:29:51 AM	3611867391	1013.00	27.71	29.06	88.6	27.67	29.06	88.9	27.13	29.06	93.5	26.99	29.06	94.8
15/06/2018 10:29:52 AM	3611867392	1013.00	27.70	29.06	88.6	27.65	29.06	89.1	27.06	29.06	94.2	26.97	29.06	95.0
15/06/2018 10:29:53 AM	3611867393	1013.00	27.73	29.06	88.4	27.68	29.06	88.8	27.12	29.06	93.6	26.97	29.06	95.0
15/06/2018 10:29:54 AM	3611867394	1013.00	27.73	29.05	88.4	27.65	29.05	89.1	27.14	29.05	93.5	26.96	29.05	95.1
15/06/2018 10:29:55 AM	3611867395	1013.00	27.76	29.05	88.2	27.71	29.05	88.6	27.12	29.05	93.6	27.00	29.05	94.7
15/06/2018 10:29:56 AM	3611867396	1013.00	27.73	29.04	88.4	27.67	29.04	88.9	27.09	29.04	93.9	26.99	29.04	94.8
15/06/2018 10:29:57 AM	3611867397	1013.00	27.74	29.04	88.3	27.69	29.04	88.8	27.13	29.04	93.6	27.08	29.04	94.0
15/06/2018 10:29:58 AM	3611867398	1013.00	27.77	29.05	88.1	27.63	29.05	89.2	27.10	29.05	93.8	26.98	29.05	94.9
15/06/2018 10:29:59 AM	3611867399	1013.00	27.78	29.05	88.0	27.70	29.05	88.7	27.15	29.05	93.4	27.01	29.05	94.6
15/06/2018 10:30:00 AM	3611867400	1013.00	27.71	29.05	88.6	27.67	29.05	88.9	27.14	29.05	93.5	27.09	29.05	93.9
15/06/2018 10:30:01 AM	3611867401	1013.00	27.74	29.06	88.3	27.72	29.06	88.5	27.16	29.06	93.3	27.04	29.06	94.3
15/06/2018 10:30:02 AM	3611867402	1013.00	27.71	29.06	88.6	27.72	29.06	88.5	27.13	29.06	93.5	27.02	29.06	94.5
15/06/2018 10:30:03 AM	3611867403	1013.00	27.75	29.05	88.3	27.64	29.05	89.2	27.10	29.05	93.8	27.03	29.05	94.5
15/06/2018 10:30:04 AM	3611867404	1013.00	27.77	29.05	88.1	27.65	29.05	89.1	27.14	29.05	93.5	27.06	29.05	94.2
15/06/2018 10:30:05 AM	3611867405	1013.00	27.77	29.05	88.1	27.71	29.05	88.6	27.14	29.05	93.5	27.05	29.05	94.3
15/06/2018 10:30:06 AM	3611867406	1013.00	27.74	29.05	88.3	27.71	29.05	88.6	27.12	29.05	93.6	27.05	29.05	94.3
15/06/2018 10:30:07 AM	3611867407	1013.00	27.78	29.05	88.0	27.70	29.05	88.7	27.13	29.05	93.6	27.01	29.05	94.6
15/06/2018 10:30:08 AM	3611867408	1013.00	27.73	29.04	88.4	27.74	29.04	88.3	27.13	29.04	93.6	27.06	29.04	94.2
15/06/2018 10:30:09 AM	3611867409	1013.00	27.73	29.04	88.4	27.73	29.04	88.4	27.14	29.04	93.5	27.05	29.04	94.3
15/06/2018 10:30:10 AM	3611867410	1013.00	27.78	29.04	88.0	27.68	29.04	88.8	27.15	29.04	93.4	27.03	29.04	94.5
15/06/2018 10:30:11 AM	3611867411	1013.00	27.76	29.04	88.2	27.70	29.04	88.7	27.13	29.04	93.6	27.05	29.04	94.3
15/06/2018 10:30:12 AM	3611867412	1013.00	27.74	29.04	88.3	27.71	29.04	88.6	27.09	29.04	93.9	27.08	29.04	94.0
15/06/2018 10:30:13 AM	3611867413	1013.00	27.75	29.04	88.3	27.74	29.04	88.3	27.10	29.04	93.8	27.08	29.04	94.0
15/06/2018 10:30:14 AM	3611867414	1013.00	27.75	29.04	88.3	27.70	29.04	88.7	27.07	29.04	94.1	27.05	29.04	94.3
15/06/2018 10:30:15 AM	3611867415	1013.00	27.75	29.05	88.3	27.70	29.05	88.7	27.07	29.05	94.1	27.09	29.05	93.9
15/06/2018 10:30:16 AM	3611867416	1013.00	27.78	29.05	88.0	27.72	29.05	88.5	27.14	29.05	93.5	27.04	29.05	94.4
15/06/2018 10:30:17 AM	3611867417	1013.00	27.78	29.04	88.0	27.73	29.04	88.4	27.12	29.04	93.7	27.05	29.04	94.3
15/06/2018 10:30:18 AM	3611867418	1013.00	27.73	29.04	88.4	27.71	29.04	88.6	27.18	29.04	93.1	27.10	29.04	93.8
15/06/2018 10:30:19 AM	3611867419	1013.00	27.77	29.05	88.1	27.76	29.05	88.2	27.10	29.05	93.8	27.09	29.05	93.9
15/06/2018 10:30:20 AM	3611867420	1013.00	27.77	29.04	88.1	27.74	29.04	88.3	27.08	29.04	94.0	27.14	29.04	93.5
15/06/2018 10:30:21 AM	3611867421	1013.00	27.78	29.04	88.0	27.74	29.04	88.3	27.14	29.04	93.5	27.15	29.04	93.4
15/06/2018 10:30:22 AM	3611867422	1013.00	27.78	29.04	88.0	27.73	29.04	88.4	27.09	29.04	93.9	27.18	29.04	93.1
15/06/2018 10:30:23 AM	3611867423	1013.00	27.76	29.04	88.2	27.77	29.04	88.1	27.14	29.04	93.5	27.11	29.04	93.8
15/06/2018 10:30:24 AM	3611867424	1013.00	27.77	29.04	88.1	27.80	29.04	87.9	27.11	29.04	93.8	27.19	29.04	93.0
15/06/2018 10:30:25 AM	3611867425	1013.00	27.76	29.04	88.2	27.80	29.04	87.9	27.14	29.04	93.5	27.13	29.04	93.6
15/06/2018 10:30:26 AM	3611867426	1013.00	27.77	29.04	88.1	27.78	29.04	88.0	27.16	29.04	93.3	27.12	29.04	93.7
15/06/2018 10:30:27 AM	3611867427	1013.00	27.80	29.04	87.9	27.76	29.04	88.2	27.12	29.04	93.7	27.15	29.04	93.4
15/06/2018 10:30:28 AM	3611867428	1013.00	27.79	29.04	87.9	27.81	29.04	87.8	27.11	29.04	93.8	27.15	29.04	93.4
15/06/2018 10:30:29 AM	3611867429	1013.00	27.78	29.04	88.0	27.77	29.04	88.1	27.14	29.04	93.5	27.18	29.04	93.1
15/06/2018 10:30:30 AM	3611867430	1013.00	27.80	29.03	87.9	27.78	29.03	88.0	27.12	29.03	93.7	27.21	29.03	92.9
15/06/2018 10:30:31 AM	3611867431	1013.00	27.80	29.03	87.9	27.78	29.03	88.0	27.10	29.03	93.9	27.15	29.03	93.4
15/06/2018 10:30:32 AM	3611867432	1013.00	27.81	29.03	87.8	27.76	29.03	88.2	27.11	29.03	93.8	27.16	29.03	93.3
15/06/2018 10:30:33 AM	3611867433	1013.00	27.78	29.02	88.0	27.80	29.02	87.9	27.20	29.02	93.0	27.17	29.02	93.3
15/06/2018 10:30:34 AM	3611867434	1013.00	27.76	29.02	88.2	27.78	29.02	88.0	27.19	29.02	93.1	27.25	29.02	92.5
15/06/2018 10:30:35 AM	3611867435	1013.00	27.77	29.02	88.1	27.80	29.02	87.9	27.11	29.02	93.8	27.14	29.02	93.5
15/06/2018 10:30:36 AM	3611867436	1013.00	27.78	29.02	88.0	27.74	29.02	88.4	27.10	29.02	93.9	27.20	29.02	93.0
15/06/2018 10:30:37 AM	3611867437	1013.00	27.79	29.02	88.0	27.76	29.02	88.2	27.20	29.02	93.0	27.21	29.02	92.9
15/06/2018 10:30:38 AM	3611867438	1013.00	27.78	29.02	88.0	27.81	29.02	87.8	27.13	29.02	93.6	27.22	29.02	92.8
15/06/2018 10:30:39 AM	3611867439	1013.00	27.82	29.02	87.7	27.84	29.02	87.6	27.15	29.02	93.4	27.22	29.02	92.8
15/06/2018 10:30:40 AM	3611867440	1013.00	27.78	29.02	88.0	27.79	29.02	88.0	27.14	29.02	93.5	27.20	29.02	93.0
15/06/2018 10:30:41 AM	3611867441	1013.00	27.81	29.02	87.8	27.78	29.02	88.0	27.14	29.02	93.5	27.20	29.02	93.0
15/06/2018 10:30:42 AM	3611867442	1013.00	27.82	29.02	87.7	27.80	29.02	87.9	27.15	29.02	93.4	27.19	29.02	93.1
15/06/2018 10:30:43 AM	3611867443	1013.00	27.82	29.01	87.7	27.82	29.01	87.7	27.13	29.01	93.6	27.30	29.01	92.1
15/06/2018 10:30:44 AM	3611867444	1013.00	27.81	29.01	87.8	27.73	29.01	88.5	27.13	29.01	93.6	27.25	29.01	92.6
15/06/2018 10:30:45 AM	3611867445	1013.00	27.79	29.01	88.0	27.82	29.01	87.7	27.14	29.01	93.5	27.25	29.01	92.6
15/06/2018 10:30:46 AM	3611867446	1013.00	27.83	29.00	87.7	27.82	29.00	87.7	27.13	29.00	93.6	27.26	29.00	92.5
15/06/2018 10:30:47 AM	3611867447	1013.00	27.81	29.00	87.8	27.79	29.00	88.0	27.17	29.00	93.3	27.26	29.00	92.5
15/06/2018 10:30:48 AM	3611867448	1013.00	27.81	29.01	87.8	27.79	29.01	88.0	27.13	29.01	93.6	27.27	29.01	92.4
15/06/2018 10:30:49 AM	3611867449	1013.00	27.83	29.01	87.7	27.86	29.01	87.4	27.12	29.01	93.7	27.25	29.01	92.6
15/06/2018 10:30:50 AM	3611867450	1013.00	27.82	29.01	87.7	27.81	29.01	87.8	27.09	29.01	94.0	27.26	29.01	92.5
15/06/2018 10:30:51 AM	3611867451	1013.00	27.82	29.01	87.7	27.81	29.01	87.8	27.16	29.01	93.4	27.28	29.01	92.3
15/06/2018 10:30:52 AM	3611867452	1013.00	27.83	29.01	87.7	27.85	29.01	87.5	27.14	29.01	93.5	27.27	29.01	92.4
15/06/2018 10:30:53 AM	3611867453	1013.00	27.84	29.00	87.6	27.85	29.00	87.5	27.10	29.00	93.9	27.28	29.00	92.3
15/06/2018 10:30:54 AM	3611867454	1013.00	27.83	29.00	87.7	27.82	29.00	87.7	27.15	29.00	93.5	27.32	29.00	92.0
15/06/2018 10:30:55 AM	3611867455	1013.00	27.83	28.99	87.7	27.85	28.99	87.5	27.16	28.99	93.4	27.29	28.99	92.2
15/06/2018 10:30:56 AM	3611867456	1013.00	27.84	28.99	87.6	27.82	28.99	87.8	27.15	28.99	93.5	27.33	28.99	91.9
15/06/2018 10:30:57 AM	3611867457	1013.00	27.83	28.99	87.7	27.82	28.99	87.8	27.05	28.99	94.4	27.27	28.99	92.4
15/06/2018 10:30:58 AM	3611867458	1013.00	27.86	28.98	87.5	27.81	28.98	87.9	27.14	28.98	93.6	27.32	28.98	92.0
15/06/2018 10:30:59 AM	3611867459	1013.00	27.82	28.98	87.8	27.87	28.98	87.4	27.12	28.98	93.8	27.31	28.98	92.1
15/06/2018 10:31:00 AM	3611867460	1013.00	27.81	28.98	87.9	27.79	28.98	88.0	27.19	28.98	93.1	27.32	28.98	92.0
15/06/2018 10:31:01 AM	3611867461	1013.00	27.81	28.98	87.9	27.85	28.98	87.5	27.15	28.98	93.5	27.34	28.98	91.8
15/06/2018 10:31:02 AM	3611867462	1013.00	27.81	28.97	87.9	27.80	28.97	88.0	27.17	28.97	93.3	27.34	28.97	91.8
15/06/2018 10:31:03 AM	3611867463	1013.00	27.85	28.98	87.5	27.90	28.98	87.1	27.11	28.98	93.8	27.37	28.98	91.6
15/06/2018 10:31:04 AM	3611867464	1013.00	27.83	28.98	87.7	27.83	28.98	87.7	27.11	28.98	93.8	27.40	28.98	91.3
15/06/2018 10:31:05 AM	3611867465	1013.00	27.88	28.97	87.3	27.86	28.97	87.5	27.11	28.97	93.9	27.37	28.97	91.6
15/06/2018 10:31:06 AM	3611867466	1013.00	27.82	28.97	87.8	27.82	28.97	87.8	27.16	28.97	93.4	27.41	28.97	91.2
15/06/2018 10:31:07 AM	3611867467	1013.00	27.85	28.97	87.5	27.83	28.97	87.7	27.19	28.97	93.2	27.37	28.97	91.6
15/06/2018 10:31:08 AM	3611867468	1013.00	27.81	28.97	87.9	27.82	28.97	87.8	27.18	28.97	93.2	27.35	28.97	91.8
15/06/2018 10:31:09 AM	3611867469	1013.00	27.86	28.97	87.5	27.87	28.97	87.4	27.23	28.97	92.8	27.36	28.97	91.7
15/06/2018 10:31:10 AM	3611867470	1013.00	27.87	28.98	87.4	27.85	28.98	87.5	27.18	28.98	93.2	27.35	28.98	91.7
15/06/2018 10:31:11 AM	3611867471	1013.00	27.82	28.98	87.8	27.85	28.98	87.5	27.12	28.98	93.8	27.38	28.98	91.5
15/06/2018 10:31:12 AM	3611867472	1013.00	27.86	28.98	87.5	27.83	28.98	87.7	27.09	28.98	94.0	27.36	28.98	91.7
15/06/2018 10:31:13 AM	3611867473	1013.00	27.85	28.98	87.5	27.84	28.98	87.6	27.11	28.98	93.8	27.41	28.98	91.2
15/06/2018 10:31:14 AM	3611867474	1013.00	27.80	28.98	87.9	27.85	28.98	87.5	27.14	28.98	93.6	27.35	28.98	91.7
15/06/2018 10:31:15 AM	3611867475	1013.00	27.86	28.97	87.5	27.90	28.97	87.1	27.19	28.97	93.2	27.38	28.97	91.5
15/06/2018 10:31:16 AM	3611867476	1013.00	27.83	28.97	87.7	27.90	28.97	87.1	27.16	28.97	93.4	27.38	28.97	91.5
15/06/2018 10:31:17 AM	3611867477	1013.00	27.86	28.97	87.5	27.92	28.97	87.0	27.20	28.97	93.1	27.44	28.97	91.0
15/06/2018 10:31:18 AM	3611867478	1013.00	27.84	28.97	87.6	27.89	28.97	87.2	27.18	28.97	93.2	27.45	28.97	90.9
15/06/2018 10:31:19 AM	3611867479	1013.00	27.85	28.97	87.5	27.85	28.97	87.5	27.18	28.97	93.2	27.46	28.97	90.8
15/06/2018 10:31:20 AM	3611867480	1013.00	27.85	28.96	87.6	27.91	28.96	87.1	27.14	28.96	93.6	27.43	28.96	91.1
15/06/2018 10:31:21 AM	3611867481	1013.00	27.87	28.96	87.4	27.88	28.96	87.3	27.16	28.96	93.4	27.44	28.96	91.0
15/06/2018 10:31:22 AM	3611867482	1013.00	27.86	28.97	87.5	27.86	28.97	87.5	27.11	28.97	93.9	27.43	28.97	91.1
15/06/2018 10:31:23 AM	3611867483	1013.00	27.88	28.96	87.3	27.89	28.96	87.2	27.20	28.96	93.1	27.45	28.96	90.9
15/06/2018 10:31:24 AM	3611867484	1013.00	27.88	28.97	87.3	27.88	28.97	87.3	27.11	28.97	93.9	27.43	28.97	91.1
15/06/2018 10:31:25 AM	3611867485	1013.00	27.88	28.97	87.3	27.93	28.97	86.9	27.17	28.97	93.3	27.48	28.97	90.6
15/06/2018 10:31:26 AM	3611867486	1013.00	27.86	28.97	87.5	27.93	28.97	86.9	27.14	28.97	93.6	27.50	28.97	90.5
15/06/2018 10:31:27 AM	3611867487	1013.00	27.88	28.96	87.3	27.88	28.96	87.3	27.16	28.96	93.4	27.49	28.96	90.6
15/06/2018 10:31:28 AM	3611867488	1013.00	27.86	28.96	87.5	27.90	28.96	87.2	27.18	28.96	93.3	27.46	28.96	90.8
15/06/2018 10:31:29 AM	3611867489	1013.00	27.87	28.96	87.4	27.92	28.96	87.0	27.21	28.96	93.0	27.53	28.96	90.2
15/06/2018 10:31:30 AM	3611867490	1013.00	27.88	28.96	87.3	27.90	28.96	87.2	27.15	28.96	93.5	27.49	28.96	90.6
15/06/2018 10:31:31 AM	3611867491	1013.00	27.85	28.95	87.6	27.92	28.95	87.0	27.14	28.95	93.6	27.53	28.95	90.2
15/06/2018 10:31:32 AM	3611867492	1013.00	27.89	28.95	87.3	27.91	28.95	87.1	27.12	28.95	93.8	27.47	28.95	90.8
15/06/2018 10:31:33 AM	3611867493	1013.00	27.88	28.95	87.3	27.93	28.95	86.9	27.13	28.95	93.7	27.49	28.95	90.6
15/06/2018 10:31:34 AM	3611867494	1013.00	27.90	28.95	87.2	27.90	28.95	87.2	27.21	28.95	93.0	27.58	28.95	89.8
15/06/2018 10:31:35 AM	3611867495	1013.00	27.89	28.95	87.3	27.97	28.95	86.6	27.16	28.95	93.5	27.49	28.95	90.6
15/06/2018 10:31:36 AM	3611867496	1013.00	27.90	28.95	87.2	27.90	28.95	87.2	27.20	28.95	93.1	27.49	28.95	90.6
15/06/2018 10:31:37 AM	3611867497	1013.00	27.88	28.94	87.3	27.93	28.94	86.9	27.20	28.94	93.1	27.52	28.94	90.3
15/06/2018 10:31:38 AM	3611867498	1013.00	27.86	28.94	87.5	27.97	28.94	86.6	27.20	28.94	93.1	27.50	28.94	90.5
15/06/2018 10:31:39 AM	3611867499	1013.00	27.85	28.94	87.6	27.97	28.94	86.6	27.22	28.94	92.9	27.53	28.94	90.3
15/06/2018 10:31:40 AM	3611867500	1013.00	27.89	28.94	87.3	27.95	28.94	86.8	27.15	28.94	93.6	27.51	28.94	90.4
15/06/2018 10:31:41 AM	3611867501	1013.00	27.87	28.94	87.4	27.93	28.94	86.9	27.20	28.94	93.1	27.54	28.94	90.2
15/06/2018 10:31:42 AM	3611867502	1013.00	27.87	28.94	87.4	27.95	28.94	86.8	27.14	28.94	93.6	27.54	28.94	90.2
15/06/2018 10:31:43 AM	3611867503	1013.00	27.88	28.94	87.3	27.96	28.94	86.7	27.22	28.94	92.9	27.58	28.94	89.8
15/06/2018 10:31:44 AM	3611867504	1013.00	27.88	28.94	87.3	27.95	28.94	86.8	27.19	28.94	93.2	27.56	28.94	90.0
15/06/2018 10:31:45 AM	3611867505	1013.00	27.89	28.94	87.3	27.97	28.94	86.6	27.14	28.94	93.6	27.55	28.94	90.1
15/06/2018 10:31:46 AM	3611867506	1013.00	27.90	28.94	87.2	27.96	28.94	86.7	27.24	28.94	92.8	27.56	28.94	90.0
15/06/2018 10:31:47 AM	3611867507	1013.00	27.88	28.93	87.4	27.94	28.93	86.9	27.20	28.93	93.1	27.56	28.93	90.0
15/06/2018 10:31:48 AM	3611867508	1013.00	27.91	28.94	87.1	27.99	28.94	86.5	27.20	28.94	93.1	27.59	28.94	89.8
15/06/2018 10:31:49 AM	3611867509	1013.00	27.90	28.94	87.2	28.01	28.94	86.3	27.17	28.94	93.4	27.59	28.94	89.8
15/06/2018 10:31:50 AM	3611867510	1013.00	27.90	28.94	87.2	27.97	28.94	86.6	27.23	28.94	92.8	27.62	28.94	89.5
15/06/2018 10:31:51 AM	3611867511	1013.00	27.89	28.95	87.3	27.97	28.95	86.6	27.16	28.95	93.5	27.65	28.95	89.2
15/06/2018 10:31:52 AM	3611867512	1013.00	27.90	28.94	87.2	27.95	28.94	86.8	27.24	28.94	92.8	27.59	28.94	89.8
15/06/2018 10:31:53 AM	3611867513	1013.00	27.92	28.94	87.0	28.01	28.94	86.3	27.16	28.94	93.5	27.60	28.94	89.7
15/06/2018 10:31:54 AM	3611867514	1013.00	27.87	28.93	87.4	27.96	28.93	86.7	27.22	28.93	93.0	27.63	28.93	89.4
15/06/2018 10:31:55 AM	3611867515	1013.00	27.91	28.93	87.1	28.01	28.93	86.3	27.19	28.93	93.2	27.61	28.93	89.6
15/06/2018 10:31:56 AM	3611867516	1013.00	27.93	28.92	87.0	27.98	28.92	86.6	27.28	28.92	92.4	27.62	28.92	89.5
15/06/2018 10:31:57 AM	3611867517	1013.00	27.94	28.93	86.9	28.03	28.93	86.1	27.25	28.93	92.7	27.62	28.93	89.5
15/06/2018 10:31:58 AM	3611867518	1013.00	27.91	28.93	87.1	28.03	28.93	86.1	27.24	28.93	92.8	27.68	28.93	89.0
15/06/2018 10:31:59 AM	3611867519	1013.00	27.89	28.93	87.3	28.03	28.93	86.1	27.22	28.93	93.0	27.65	28.93	89.3
15/06/2018 10:32:00 AM	3611867520	1013.00	27.92	28.93	87.0	27.99	28.93	86.5	27.18	28.93	93.3	27.67	28.93	89.1
15/06/2018 10:32:01 AM	3611867521	1013.00	27.91	28.93	87.1	28.06	28.93	85.9	27.19	28.93	93.2	27.67	28.93	89.1
15/06/2018 10:32:02 AM	3611867522	1013.00	27.89	28.93	87.3	28.03	28.93	86.1	27.23	28.93	92.9	27.73	28.93	88.6
15/06/2018 10:32:03 AM	3611867523	1013.00	27.91	28.93	87.1	28.04	28.93	86.1	27.22	28.93	93.0	27.64	28.93	89.3
15/06/2018 10:32:04 AM	3611867524	1013.00	27.90	28.92	87.2	28.01	28.92	86.3	27.24	28.92	92.8	27.72	28.92	88.7
15/06/2018 10:32:05 AM	3611867525	1013.00	27.92	28.92	87.1	28.03	28.92	86.2	27.23	28.92	92.9	27.75	28.92	88.4
15/06/2018 10:32:06 AM	3611867526	1013.00	27.90	28.92	87.2	28.03	28.92	86.2	27.19	28.92	93.2	27.70	28.92	88.9
15/06/2018 10:32:07 AM	3611867527	1013.00	27.91	28.92	87.1	28.00	28.92	86.4	27.21	28.92	93.1	27.70	28.92	88.9
15/06/2018 10:32:08 AM	3611867528	1013.00	27.93	28.92	87.0	27.99	28.92	86.5	27.17	28.92	93.4	27.73	28.92	88.6
15/06/2018 10:32:09 AM	3611867529	1013.00	27.92	28.91	87.1	28.02	28.91	86.3	27.22	28.91	93.0	27.72	28.91	88.7
15/06/2018 10:32:10 AM	3611867530	1013.00	27.92	28.91	87.1	28.04	28.91	86.1	27.16	28.91	93.5	27.75	28.91	88.5
15/06/2018 10:32:11 AM	3611867531	1013.00	27.92	28.91	87.1	28.05	28.91	86.0	27.22	28.91	93.0	27.71	28.91	88.8
15/06/2018 10:32:12 AM	3611867532	1013.00	27.92	28.91	87.1	28.00	28.91	86.4	27.20	28.91	93.2	27.71	28.91	88.8
15/06/2018 10:32:13 AM	3611867533	1013.00	27.92	28.91	87.1	28.06	28.91	85.9	27.22	28.91	93.0	27.73	28.91	88.6
15/06/2018 10:32:14 AM	3611867534	1013.00	27.93	28.91	87.0	28.06	28.91	85.9	27.21	28.91	93.1	27.73	28.91	88.6
15/06/2018 10:32:15 AM	3611867535	1013.00	27.92	28.91	87.1	28.03	28.91	86.2	27.25	28.91	92.7	27.68	28.91	89.0
15/06/2018 10:32:16 AM	3611867536	1013.00	27.95	28.91	86.8	28.04	28.91	86.1	27.22	28.91	93.0	27.69	28.91	89.0
15/06/2018 10:32:17 AM	3611867537	1013.00	27.93	28.90	87.0	28.03	28.90	86.2	27.19	28.90	93.3	27.75	28.90	88.5
15/06/2018 10:32:18 AM	3611867538	1013.00	27.92	28.91	87.1	28.09	28.91	85.7	27.20	28.91	93.2	27.74	28.91	88.5
15/06/2018 10:32:19 AM	3611867539	1013.00	27.92	28.90	87.1	28.04	28.90	86.1	27.25	28.90	92.7	27.72	28.90	88.7
15/06/2018 10:32:20 AM	3611867540	1013.00	27.94	28.90	86.9	28.07	28.90	85.9	27.25	28.90	92.7	27.75	28.90	88.5
15/06/2018 10:32:21 AM	3611867541	1013.00	27.93	28.90	87.0	28.02	28.90	86.3	27.21	28.90	93.1	27.75	28.90	88.5
15/06/2018 10:32:22 AM	3611867542	1013.00	27.90	28.91	87.2	28.08	28.91	85.8	27.23	28.91	92.9	27.73	28.91	88.6
15/06/2018 10:32:23 AM	3611867543	1013.00	27.93	28.91	87.0	28.05	28.91	86.0	27.25	28.91	92.7	27.75	28.91	88.5
15/06/2018 10:32:24 AM	3611867544	1013.00	27.92	28.90	87.1	28.07	28.90	85.9	27.26	28.90	92.6	27.69	28.90	89.0
15/06/2018 10:32:25 AM	3611867545	1013.00	27.91	28.90	87.2	28.03	28.90	86.2	27.26	28.90	92.6	27.76	28.90	88.4
15/06/2018 10:32:26 AM	3611867546	1013.00	27.94	28.89	86.9	28.10	28.89	85.6	27.23	28.89	92.9	27.78	28.89	88.2
15/06/2018 10:32:27 AM	3611867547	1013.00	27.97	28.89	86.7	28.08	28.89	85.8	27.25	28.89	92.8	27.74	28.89	88.6
15/06/2018 10:32:28 AM	3611867548	1013.00	27.95	28.89	86.9	28.08	28.89	85.8	27.21	28.89	93.1	27.79	28.89	88.2
15/06/2018 10:32:29 AM	3611867549	1013.00	27.95	28.89	86.9	28.10	28.89	85.6	27.31	28.89	92.2	27.70	28.89	88.9
15/06/2018 10:32:30 AM	3611867550	1013.00	27.99	28.89	86.5	28.08	28.89	85.8	27.29	28.89	92.4	27.81	28.89	88.0
15/06/2018 10:32:31 AM	3611867551	1013.00	27.99	28.89	86.5	28.12	28.89	85.5	27.22	28.89	93.0	27.75	28.89	88.5
15/06/2018 10:32:32 AM	3611867552	1013.00	27.99	28.89	86.5	28.12	28.89	85.5	27.26	28.89	92.7	27.75	28.89	88.5
15/06/2018 10:32:33 AM	3611867553	1013.00	28.02	28.89	86.3	28.09	28.89	85.7	27.21	28.89	93.1	27.80	28.89	88.1
15/06/2018 10:32:34 AM	3611867554	1013.00	28.02	28.90	86.3	28.13	28.90	85.4	27.26	28.90	92.6	27.81	28.90	88.0
15/06/2018 10:32:35 AM	3611867555	1013.00	28.04	28.90	86.1	28.13	28.90	85.4	27.25	28.90	92.7	27.79	28.90	88.1
15/06/2018 10:32:36 AM	3611867556	1013.00	28.03	28.90	86.2	28.12	28.90	85.5	27.24	28.90	92.8	27.78	28.90	88.2
15/06/2018 10:32:37 AM	3611867557	1013.00	28.04	28.90	86.1	28.11	28.90	85.6	27.16	28.90	93.5	27.81	28.90	88.0
15/06/2018 10:32:38 AM	3611867558	1013.00	28.04	28.89	86.1	28.15	28.89	85.3	27.25	28.89	92.8	27.82	28.89	87.9
15/06/2018 10:32:39 AM	3611867559	1013.00	28.07	28.89	85.9	28.13	28.89	85.4	27.22	28.89	93.0	27.76	28.89	88.4
15/06/2018 10:32:40 AM	3611867560	1013.00	28.09	28.89	85.7	28.13	28.89	85.4	27.24	28.89	92.8	27.80	28.89	88.1
15/06/2018 10:32:41 AM	3611867561	1013.00	28.08	28.89	85.8	28.11	28.89	85.6	27.25	28.89	92.8	27.77	28.89	88.3
15/06/2018 10:32:42 AM	3611867562	1013.00	28.07	28.88	85.9	28.15	28.88	85.3	27.21	28.88	93.1	27.81	28.88	88.0
15/06/2018 10:32:43 AM	3611867563	1013.00	28.07	28.89	85.9	28.14	28.89	85.3	27.28	28.89	92.5	27.75	28.89	88.5
15/06/2018 10:32:44 AM	3611867564	1013.00	28.07	28.88	85.9	28.12	28.88	85.5	27.25	28.88	92.8	27.83	28.88	87.8
15/06/2018 10:32:45 AM	3611867565	1013.00	28.07	28.88	85.9	28.17	28.88	85.1	27.27	28.88	92.6	27.81	28.88	88.0
15/06/2018 10:32:46 AM	3611867566	1013.00	28.08	28.88	85.8	28.14	28.88	85.3	27.30	28.88	92.3	27.79	28.88	88.2
15/06/2018 10:32:47 AM	3611867567	1013.00	28.08	28.88	85.8	28.17	28.88	85.1	27.34	28.88	92.0	27.82	28.88	87.9
15/06/2018 10:32:48 AM	3611867568	1013.00	28.07	28.88	85.9	28.18	28.88	85.0	27.24	28.88	92.9	27.85	28.88	87.7
15/06/2018 10:32:49 AM	3611867569	1013.00	28.09	28.87	85.8	28.17	28.87	85.1	27.28	28.87	92.5	27.88	28.87	87.5
15/06/2018 10:32:50 AM	3611867570	1013.00	28.09	28.87	85.8	28.17	28.87	85.1	27.28	28.87	92.5	27.87	28.87	87.5
15/06/2018 10:32:51 AM	3611867571	1013.00	28.08	28.87	85.8	28.21	28.87	84.8	27.29	28.87	92.4	27.85	28.87	87.7
15/06/2018 10:32:52 AM	3611867572	1013.00	28.11	28.87	85.6	28.17	28.87	85.1	27.28	28.87	92.5	27.87	28.87	87.5
15/06/2018 10:32:53 AM	3611867573	1013.00	28.12	28.87	85.5	28.22	28.87	84.7	27.31	28.87	92.3	27.88	28.87	87.5
15/06/2018 10:32:54 AM	3611867574	1013.00	28.12	28.88	85.5	28.13	28.88	85.4	27.31	28.88	92.2	27.85	28.88	87.7
15/06/2018 10:32:55 AM	3611867575	1013.00	28.14	28.87	85.4	28.19	28.87	85.0	27.24	28.87	92.9	27.88	28.87	87.5
15/06/2018 10:32:56 AM	3611867576	1013.00	28.09	28.87	85.8	28.20	28.87	84.9	27.21	28.87	93.1	27.87	28.87	87.5
15/06/2018 10:32:57 AM	3611867577	1013.00	28.11	28.87	85.6	28.21	28.87	84.8	27.29	28.87	92.4	27.88	28.87	87.5
15/06/2018 10:32:58 AM	3611867578	1013.00	28.11	28.86	85.6	28.18	28.86	85.1	27.30	28.86	92.4	27.91	28.86	87.2
15/06/2018 10:32:59 AM	3611867579	1013.00	28.14	28.87	85.4	28.15	28.87	85.3	27.32	28.87	92.2	27.89	28.87	87.4
15/06/2018 10:33:00 AM	3611867580	1013.00	28.13	28.86	85.5	28.24	28.86	84.6	27.29	28.86	92.4	27.87	28.86	87.5
15/06/2018 10:33:01 AM	3611867581	1013.00	28.13	28.86	85.5	28.22	28.86	84.7	27.25	28.86	92.8	27.85	28.86	87.7
15/06/2018 10:33:02 AM	3611867582	1013.00	28.14	28.87	85.4	28.20	28.87	84.9	27.24	28.87	92.9	27.92	28.87	87.1
15/06/2018 10:33:03 AM	3611867583	1013.00	28.14	28.87	85.4	28.24	28.87	84.6	27.33	28.87	92.1	27.90	28.87	87.3
15/06/2018 10:33:04 AM	3611867584	1013.00	28.19	28.87	85.0	28.21	28.87	84.8	27.27	28.87	92.6	27.90	28.87	87.3
15/06/2018 10:33:05 AM	3611867585	1013.00	28.13	28.87	85.4	28.24	28.87	84.6	27.30	28.87	92.3	27.90	28.87	87.3
15/06/2018 10:33:06 AM	3611867586	1013.00	28.11	28.87	85.6	28.20	28.87	84.9	27.30	28.87	92.3	27.86	28.87	87.6
15/06/2018 10:33:07 AM	3611867587	1013.00	28.13	28.87	85.4	28.22	28.87	84.7	27.33	28.87	92.1	27.89	28.87	87.4
15/06/2018 10:33:08 AM	3611867588	1013.00	28.15	28.87	85.3	28.20	28.87	84.9	27.31	28.87	92.3	27.88	28.87	87.5
15/06/2018 10:33:09 AM	3611867589	1013.00	28.13	28.87	85.4	28.22	28.87	84.7	27.34	28.87	92.0	27.95	28.87	86.9
15/06/2018 10:33:10 AM	3611867590	1013.00	28.14	28.86	85.4	28.23	28.86	84.7	27.27	28.86	92.6	27.94	28.86	87.0
15/06/2018 10:33:11 AM	3611867591	1013.00	28.14	28.87	85.4	28.25	28.87	84.5	27.27	28.87	92.6	27.92	28.87	87.1
15/06/2018 10:33:12 AM	3611867592	1013.00	28.16	28.87	85.2	28.21	28.87	84.8	27.31	28.87	92.3	27.95	28.87	86.9
15/06/2018 10:33:13 AM	3611867593	1013.00	28.16	28.87	85.2	28.24	28.87	84.6	27.27	28.87	92.6	27.93	28.87	87.0
15/06/2018 10:33:14 AM	3611867594	1013.00	28.16	28.87	85.2	28.27	28.87	84.3	27.30	28.87	92.3	27.94	28.87	87.0
15/06/2018 10:33:15 AM	3611867595	1013.00	28.15	28.87	85.3	28.28	28.87	84.3	27.30	28.87	92.3	27.88	28.87	87.5
15/06/2018 10:33:16 AM	3611867596	1013.00	28.18	28.87	85.0	28.22	28.87	84.7	27.25	28.87	92.8	27.92	28.87	87.1
15/06/2018 10:33:17 AM	3611867597	1013.00	28.15	28.87	85.3	28.28	28.87	84.3	27.28	28.87	92.5	27.94	28.87	87.0
15/06/2018 10:33:18 AM	3611867598	1013.00	28.20	28.86	84.9	28.30	28.86	84.1	27.30	28.86	92.4	27.97	28.86	86.7
15/06/2018 10:33:19 AM	3611867599	1013.00	28.17	28.86	85.1	28.30	28.86	84.1	27.30	28.86	92.4	27.91	28.86	87.2
15/06/2018 10:33:20 AM	3611867600	1013.00	28.19	28.86	85.0	28.25	28.86	84.5	27.31	28.86	92.3	27.94	28.86	87.0
15/06/2018 10:33:21 AM	3611867601	1013.00	28.15	28.85	85.3	28.29	28.85	84.2	27.31	28.85	92.3	27.91	28.85	87.2
15/06/2018 10:33:22 AM	3611867602	1013.00	28.20	28.86	84.9	28.28	28.86	84.3	27.29	28.86	92.4	27.90	28.86	87.3
15/06/2018 10:33:23 AM	3611867603	1013.00	28.17	28.85	85.2	28.30	28.85	84.1	27.33	28.85	92.1	27.95	28.85	86.9
15/06/2018 10:33:24 AM	3611867604	1013.00	28.16	28.85	85.2	28.27	28.85	84.4	27.34	28.85	92.0	27.97	28.85	86.7
15/06/2018 10:33:25 AM	3611867605	1013.00	28.18	28.85	85.1	28.33	28.85	83.9	27.34	28.85	92.0	27.96	28.85	86.8
15/06/2018 10:33:26 AM	3611867606	1013.00	28.18	28.85	85.1	28.29	28.85	84.2	27.32	28.85	92.2	27.94	28.85	87.0
15/06/2018 10:33:27 AM	3611867607	1013.00	28.16	28.85	85.2	28.30	28.85	84.1	27.30	28.85	92.4	27.97	28.85	86.7
15/06/2018 10:33:28 AM	3611867608	1013.00	28.17	28.85	85.2	28.28	28.85	84.3	27.43	28.85	91.3	27.98	28.85	86.7
15/06/2018 10:33:29 AM	3611867609	1013.00	28.18	28.84	85.1	28.34	28.84	83.8	27.35	28.84	92.0	27.94	28.84	87.0
15/06/2018 10:33:30 AM	3611867610	1013.00	28.17	28.84	85.2	28.31	28.84	84.1	27.35	28.84	92.0	27.94	28.84	87.0
15/06/2018 10:33:31 AM	3611867611	1013.00	28.18	28.85	85.1	28.27	28.85	84.4	27.32	28.85	92.2	27.98	28.85	86.7
15/06/2018 10:33:32 AM	3611867612	1013.00	28.18	28.85	85.1	28.29	28.85	84.2	27.38	28.85	91.7	28.00	28.85	86.5
15/06/2018 10:33:33 AM	3611867613	1013.00	28.20	28.86	84.9	28.34	28.86	83.8	27.31	28.86	92.3	28.04	28.86	86.2
15/06/2018 10:33:34 AM	3611867614	1013.00	28.20	28.86	84.9	28.30	28.86	84.1	27.35	28.86	91.9	27.96	28.86	86.8
15/06/2018 10:33:35 AM	3611867615	1013.00	28.19	28.86	85.0	28.32	28.86	84.0	27.34	28.86	92.0	27.98	28.86	86.7
15/06/2018 10:33:36 AM	3611867616	1013.00	28.22	28.86	84.7	28.36	28.86	83.7	27.34	28.86	92.0	28.00	28.86	86.5
15/06/2018 10:33:37 AM	3611867617	1013.00	28.17	28.86	85.1	28.32	28.86	84.0	27.38	28.86	91.7	28.02	28.86	86.3
15/06/2018 10:33:38 AM	3611867618	1013.00	28.19	28.85	85.0	28.33	28.85	83.9	27.40	28.85	91.5	28.06	28.85	86.0
15/06/2018 10:33:39 AM	3611867619	1013.00	28.19	28.85	85.0	28.35	28.85	83.7	27.37	28.85	91.8	28.01	28.85	86.4
15/06/2018 10:33:40 AM	3611867620	1013.00	28.21	28.85	84.8	28.31	28.85	84.1	27.36	28.85	91.9	28.04	28.85	86.2
15/06/2018 10:33:41 AM	3611867621	1013.00	28.23	28.85	84.7	28.29	28.85	84.2	27.38	28.85	91.7	28.03	28.85	86.3
15/06/2018 10:33:42 AM	3611867622	1013.00	28.21	28.86	84.8	28.32	28.86	84.0	27.36	28.86	91.8	28.05	28.86	86.1
15/06/2018 10:33:43 AM	3611867623	1013.00	28.23	28.86	84.7	28.34	28.86	83.8	27.38	28.86	91.7	28.04	28.86	86.2
15/06/2018 10:33:44 AM	3611867624	1013.00	28.21	28.86	84.8	28.31	28.86	84.0	27.38	28.86	91.7	28.02	28.86	86.3
15/06/2018 10:33:45 AM	3611867625	1013.00	28.23	28.86	84.7	28.36	28.86	83.7	27.37	28.86	91.8	28.02	28.86	86.3
15/06/2018 10:33:46 AM	3611867626	1013.00	28.25	28.86	84.5	28.34	28.86	83.8	27.35	28.86	91.9	28.04	28.86	86.2
15/06/2018 10:33:47 AM	3611867627	1013.00	28.22	28.87	84.7	28.32	28.87	83.9	27.31	28.87	92.3	28.00	28.87	86.5
15/06/2018 10:33:48 AM	3611867628	1013.00	28.21	28.87	84.8	28.35	28.87	83.7	27.38	28.87	91.7	28.03	28.87	86.2
15/06/2018 10:33:49 AM	3611867629	1013.00	28.21	28.87	84.8	28.38	28.87	83.5	27.33	28.87	92.1	28.06	28.87	86.0
15/06/2018 10:33:50 AM	3611867630	1013.00	28.22	28.87	84.7	28.38	28.87	83.5	27.37	28.87	91.7	28.01	28.87	86.4
15/06/2018 10:33:51 AM	3611867631	1013.00	28.22	28.87	84.7	28.32	28.87	83.9	27.33	28.87	92.1	28.02	28.87	86.3
15/06/2018 10:33:52 AM	3611867632	1013.00	28.25	28.87	84.5	28.34	28.87	83.8	27.50	28.87	90.6	28.03	28.87	86.2
15/06/2018 10:33:53 AM	3611867633	1013.00	28.27	28.86	84.4	28.36	28.86	83.7	27.41	28.86	91.4	28.03	28.86	86.3
15/06/2018 10:33:54 AM	3611867634	1013.00	28.25	28.86	84.5	28.38	28.86	83.5	27.37	28.86	91.8	28.06	28.86	86.0
15/06/2018 10:33:55 AM	3611867635	1013.00	28.22	28.86	84.7	28.33	28.86	83.9	27.32	28.86	92.2	28.02	28.86	86.3
15/06/2018 10:33:56 AM	3611867636	1013.00	28.23	28.85	84.7	28.33	28.85	83.9	27.41	28.85	91.4	28.03	28.85	86.3
15/06/2018 10:33:57 AM	3611867637	1013.00	28.24	28.85	84.6	28.40	28.85	83.4	27.32	28.85	92.2	28.10	28.85	85.7
15/06/2018 10:33:58 AM	3611867638	1013.00	28.23	28.85	84.7	28.37	28.85	83.6	27.38	28.85	91.7	28.10	28.85	85.7
15/06/2018 10:33:59 AM	3611867639	1013.00	28.26	28.86	84.4	28.34	28.86	83.8	27.35	28.86	91.9	28.13	28.86	85.5
15/06/2018 10:34:00 AM	3611867640	1013.00	28.24	28.86	84.6	28.38	28.86	83.5	27.35	28.86	91.9	28.10	28.86	85.7
15/06/2018 10:34:01 AM	3611867641	1013.00	28.26	28.87	84.4	28.39	28.87	83.4	27.38	28.87	91.7	28.05	28.87	86.1
15/06/2018 10:34:02 AM	3611867642	1013.00	28.25	28.87	84.5	28.39	28.87	83.4	27.40	28.87	91.5	28.09	28.87	85.8
15/06/2018 10:34:03 AM	3611867643	1013.00	28.26	28.87	84.4	28.37	28.87	83.6	27.35	28.87	91.9	28.09	28.87	85.8
15/06/2018 10:34:04 AM	3611867644	1013.00	28.28	28.87	84.3	28.42	28.87	83.2	27.42	28.87	91.3	28.04	28.87	86.2
15/06/2018 10:34:05 AM	3611867645	1013.00	28.24	28.87	84.6	28.39	28.87	83.4	27.45	28.87	91.0	28.10	28.87	85.7
15/06/2018 10:34:06 AM	3611867646	1013.00	28.27	28.86	84.4	28.40	28.86	83.3	27.42	28.86	91.3	28.09	28.86	85.8
15/06/2018 10:34:07 AM	3611867647	1013.00	28.23	28.86	84.7	28.37	28.86	83.6	27.40	28.86	91.5	28.09	28.86	85.8
15/06/2018 10:34:08 AM	3611867648	1013.00	28.26	28.85	84.4	28.42	28.85	83.2	27.39	28.85	91.6	28.09	28.85	85.8
15/06/2018 10:34:09 AM	3611867649	1013.00	28.26	28.85	84.4	28.37	28.85	83.6	27.41	28.85	91.4	28.11	28.85	85.6
15/06/2018 10:34:10 AM	3611867650	1013.00	28.28	28.85	84.3	28.42	28.85	83.2	27.45	28.85	91.1	28.15	28.85	85.3
15/06/2018 10:34:11 AM	3611867651	1013.00	28.27	28.85	84.4	28.43	28.85	83.1	27.37	28.85	91.8	28.10	28.85	85.7
15/06/2018 10:34:12 AM	3611867652	1013.00	28.24	28.86	84.6	28.46	28.86	82.9	27.38	28.86	91.7	28.13	28.86	85.5
15/06/2018 10:34:13 AM	3611867653	1013.00	28.28	28.86	84.3	28.37	28.86	83.6	27.38	28.86	91.7	28.10	28.86	85.7
15/06/2018 10:34:14 AM	3611867654	1013.00	28.29	28.86	84.2	28.42	28.86	83.2	27.40	28.86	91.5	28.12	28.86	85.5
15/06/2018 10:34:15 AM	3611867655	1013.00	28.27	28.86	84.4	28.40	28.86	83.3	27.38	28.86	91.7	28.19	28.86	85.0
15/06/2018 10:34:16 AM	3611867656	1013.00	28.30	28.86	84.1	28.38	28.86	83.5	27.45	28.86	91.1	28.14	28.86	85.4
15/06/2018 10:34:17 AM	3611867657	1013.00	28.31	28.86	84.0	28.41	28.86	83.3	27.43	28.86	91.2	28.18	28.86	85.1
15/06/2018 10:34:18 AM	3611867658	1013.00	28.25	28.86	84.5	28.40	28.86	83.3	27.47	28.86	90.9	28.18	28.86	85.1
15/06/2018 10:34:19 AM	3611867659	1013.00	28.32	28.86	84.0	28.42	28.86	83.2	27.43	28.86	91.2	28.17	28.86	85.1
15/06/2018 10:34:20 AM	3611867660	1013.00	28.29	28.85	84.2	28.43	28.85	83.1	27.41	28.85	91.4	28.17	28.85	85.2
15/06/2018 10:34:21 AM	3611867661	1013.00	28.30	28.85	84.1	28.40	28.85	83.4	27.40	28.85	91.5	28.17	28.85	85.2
15/06/2018 10:34:22 AM	3611867662	1013.00	28.30	28.85	84.1	28.42	28.85	83.2	27.41	28.85	91.4	28.18	28.85	85.1
15/06/2018 10:34:23 AM	3611867663	1013.00	28.31	28.85	84.1	28.40	28.85	83.4	27.40	28.85	91.5	28.19	28.85	85.0
15/06/2018 10:34:24 AM	3611867664	1013.00	28.30	28.84	84.1	28.45	28.84	83.0	27.49	28.84	90.8	28.21	28.84	84.9
15/06/2018 10:34:25 AM	3611867665	1013.00	28.28	28.84	84.3	28.50	28.84	82.6	27.44	28.84	91.2	28.18	28.84	85.1
15/06/2018 10:34:26 AM	3611867666	1013.00	28.32	28.84	84.0	28.42	28.84	83.2	27.42	28.84	91.4	28.23	28.84	84.7
15/06/2018 10:34:27 AM	3611867667	1013.00	28.32	28.84	84.0	28.44	28.84	83.1	27.39	28.84	91.6	28.21	28.84	84.9
15/06/2018 10:34:28 AM	3611867668	1013.00	28.34	28.84	83.8	28.43	28.84	83.1	27.41	28.84	91.4	28.20	28.84	84.9
15/06/2018 10:34:29 AM	3611867669	1013.00	28.32	28.83	84.0	28.45	28.83	83.0	27.44	28.83	91.2	28.24	28.83	84.6
15/06/2018 10:34:30 AM	3611867670	1013.00	28.32	28.83	84.0	28.46	28.83	82.9	27.42	28.83	91.4	28.22	28.83	84.8
15/06/2018 10:34:31 AM	3611867671	1013.00	28.33	28.83	83.9	28.44	28.83	83.1	27.47	28.83	90.9	28.21	28.83	84.9
15/06/2018 10:34:32 AM	3611867672	1013.00	28.32	28.83	84.0	28.42	28.83	83.2	27.46	28.83	91.0	28.21	28.83	84.9
15/06/2018 10:34:33 AM	3611867673	1013.00	28.32	28.83	84.0	28.44	28.83	83.1	27.43	28.83	91.3	28.18	28.83	85.1
15/06/2018 10:34:34 AM	3611867674	1013.00	28.35	28.83	83.8	28.48	28.83	82.8	27.52	28.83	90.5	28.21	28.83	84.9
15/06/2018 10:34:35 AM	3611867675	1013.00	28.30	28.83	84.2	28.43	28.83	83.2	27.47	28.83	90.9	28.22	28.83	84.8
15/06/2018 10:34:36 AM	3611867676	1013.00	28.34	28.84	83.8	28.45	28.84	83.0	27.47	28.84	90.9	28.23	28.84	84.7
15/06/2018 10:34:37 AM	3611867677	1013.00	28.30	28.84	84.1	28.49	28.84	82.7	27.45	28.84	91.1	28.25	28.84	84.5
15/06/2018 10:34:38 AM	3611867678	1013.00	28.34	28.84	83.8	28.46	28.84	82.9	27.51	28.84	90.6	28.27	28.84	84.4
15/06/2018 10:34:39 AM	3611867679	1013.00	28.32	28.84	84.0	28.46	28.84	82.9	27.40	28.84	91.5	28.25	28.84	84.5
15/06/2018 10:34:40 AM	3611867680	1013.00	28.34	28.83	83.9	28.48	28.83	82.8	27.49	28.83	90.8	28.28	28.83	84.3
15/06/2018 10:34:41 AM	3611867681	1013.00	28.36	28.83	83.7	28.46	28.83	82.9	27.44	28.83	91.2	28.25	28.83	84.6
15/06/2018 10:34:42 AM	3611867682	1013.00	28.34	28.83	83.9	28.50	28.83	82.6	27.46	28.83	91.0	28.27	28.83	84.4
15/06/2018 10:34:43 AM	3611867683	1013.00	28.35	28.83	83.8	28.48	28.83	82.8	27.49	28.83	90.8	28.25	28.83	84.6
15/06/2018 10:34:44 AM	3611867684	1013.00	28.33	28.83	83.9	28.51	28.83	82.5	27.46	28.83	91.0	28.32	28.83	84.0
15/06/2018 10:34:45 AM	3611867685	1013.00	28.36	28.82	83.7	28.52	28.82	82.5	27.39	28.82	91.6	28.32	28.82	84.0
15/06/2018 10:34:46 AM	3611867686	1013.00	28.37	28.82	83.6	28.52	28.82	82.5	27.50	28.82	90.7	28.33	28.82	83.9
15/06/2018 10:34:47 AM	3611867687	1013.00	28.36	28.82	83.7	28.50	28.82	82.6	27.45	28.82	91.1	28.33	28.82	83.9
15/06/2018 10:34:48 AM	3611867688	1013.00	28.39	28.82	83.5	28.53	28.82	82.4	27.48	28.82	90.9	28.31	28.82	84.1
15/06/2018 10:34:49 AM	3611867689	1013.00	28.38	28.81	83.6	28.49	28.81	82.7	27.46	28.81	91.1	28.28	28.81	84.3
15/06/2018 10:34:50 AM	3611867690	1013.00	28.39	28.81	83.5	28.53	28.81	82.4	27.48	28.81	90.9	28.30	28.81	84.2
15/06/2018 10:34:51 AM	3611867691	1013.00	28.39	28.81	83.5	28.51	28.81	82.6	27.48	28.81	90.9	28.30	28.81	84.2
15/06/2018 10:34:52 AM	3611867692	1013.00	28.37	28.81	83.6	28.51	28.81	82.6	27.48	28.81	90.9	28.31	28.81	84.1
15/06/2018 10:34:53 AM	3611867693	1013.00	28.36	28.80	83.7	28.56	28.80	82.2	27.45	28.80	91.2	28.34	28.80	83.9
15/06/2018 10:34:54 AM	3611867694	1013.00	28.38	28.81	83.6	28.58	28.81	82.0	27.50	28.81	90.7	28.30	28.81	84.2
15/06/2018 10:34:55 AM	3611867695	1013.00	28.40	28.81	83.4	28.53	28.81	82.4	27.52	28.81	90.5	28.33	28.81	84.0
15/06/2018 10:34:56 AM	3611867696	1013.00	28.39	28.81	83.5	28.53	28.81	82.4	27.46	28.81	91.1	28.28	28.81	84.3
15/06/2018 10:34:57 AM	3611867697	1013.00	28.39	28.81	83.5	28.55	28.81	82.3	27.43	28.81	91.3	28.34	28.81	83.9
15/06/2018 10:34:58 AM	3611867698	1013.00	28.36	28.81	83.7	28.57	28.81	82.1	27.50	28.81	90.7	28.35	28.81	83.8
15/06/2018 10:34:59 AM	3611867699	1013.00	28.36	28.81	83.7	28.56	28.81	82.2	27.48	28.81	90.9	28.35	28.81	83.8
15/06/2018 10:35:00 AM	3611867700	1013.00	28.40	28.80	83.4	28.55	28.80	82.3	27.49	28.80	90.8	28.35	28.80	83.8
15/06/2018 10:35:01 AM	3611867701	1013.00	28.44	28.80	83.1	28.61	28.80	81.8	27.45	28.80	91.2	28.36	28.80	83.7
15/06/2018 10:35:02 AM	3611867702	1013.00	28.37	28.80	83.7	28.58	28.80	82.1	27.44	28.80	91.2	28.34	28.80	83.9
15/06/2018 10:35:03 AM	3611867703	1013.00	28.39	28.79	83.5	28.53	28.79	82.4	27.54	28.79	90.4	28.33	28.79	84.0
15/06/2018 10:35:04 AM	3611867704	1013.00	28.39	28.80	83.5	28.60	28.80	81.9	27.42	28.80	91.4	28.36	28.80	83.7
15/06/2018 10:35:05 AM	3611867705	1013.00	28.44	28.80	83.1	28.61	28.80	81.8	27.46	28.80	91.1	28.33	28.80	84.0
15/06/2018 10:35:06 AM	3611867706	1013.00	28.38	28.80	83.6	28.55	28.80	82.3	27.48	28.80	90.9	28.35	28.80	83.8
15/06/2018 10:35:07 AM	3611867707	1013.00	28.40	28.80	83.4	28.60	28.80	81.9	27.51	28.80	90.6	28.34	28.80	83.9
15/06/2018 10:35:08 AM	3611867708	1013.00	28.42	28.80	83.3	28.59	28.80	82.0	27.51	28.80	90.6	28.39	28.80	83.5
15/06/2018 10:35:09 AM	3611867709	1013.00	28.43	28.80	83.2	28.62	28.80	81.8	27.46	28.80	91.1	28.36	28.80	83.7
15/06/2018 10:35:10 AM	3611867710	1013.00	28.44	28.80	83.1	28.62	28.80	81.8	27.51	28.80	90.6	28.38	28.80	83.6
15/06/2018 10:35:11 AM	3611867711	1013.00	28.43	28.79	83.2	28.62	28.79	81.8	27.49	28.79	90.8	28.41	28.79	83.4
15/06/2018 10:35:12 AM	3611867712	1013.00	28.42	28.79	83.3	28.67	28.79	81.4	27.51	28.79	90.7	28.40	28.79	83.4
15/06/2018 10:35:13 AM	3611867713	1013.00	28.44	28.79	83.1	28.59	28.79	82.0	27.53	28.79	90.5	28.40	28.79	83.4
15/06/2018 10:35:14 AM	3611867714	1013.00	28.43	28.79	83.2	28.60	28.79	81.9	27.55	28.79	90.3	28.39	28.79	83.5
15/06/2018 10:35:15 AM	3611867715	1013.00	28.43	28.78	83.2	28.59	28.78	82.0	27.54	28.78	90.4	28.39	28.78	83.5
15/06/2018 10:35:16 AM	3611867716	1013.00	28.43	28.79	83.2	28.60	28.79	81.9	27.54	28.79	90.4	28.39	28.79	83.5
15/06/2018 10:35:17 AM	3611867717	1013.00	28.46	28.78	83.0	28.58	28.78	82.1	27.49	28.78	90.8	28.46	28.78	83.0
15/06/2018 10:35:18 AM	3611867718	1013.00	28.44	28.78	83.2	28.60	28.78	81.9	27.55	28.78	90.3	28.39	28.78	83.5
15/06/2018 10:35:19 AM	3611867719	1013.00	28.44	28.78	83.2	28.59	28.78	82.0	27.54	28.78	90.4	28.44	28.78	83.2
15/06/2018 10:35:20 AM	3611867720	1013.00	28.45	28.78	83.1	28.63	28.78	81.7	27.53	28.78	90.5	28.42	28.78	83.3
15/06/2018 10:35:21 AM	3611867721	1013.00	28.45	28.78	83.1	28.64	28.78	81.6	27.53	28.78	90.5	28.45	28.78	83.1
15/06/2018 10:35:22 AM	3611867722	1013.00	28.43	28.78	83.2	28.67	28.78	81.4	27.51	28.78	90.7	28.42	28.78	83.3
15/06/2018 10:35:23 AM	3611867723	1013.00	28.43	28.78	83.2	28.66	28.78	81.5	27.49	28.78	90.8	28.47	28.78	82.9
15/06/2018 10:35:24 AM	3611867724	1013.00	28.44	28.78	83.2	28.69	28.78	81.3	27.56	28.78	90.2	28.50	28.78	82.7
15/06/2018 10:35:25 AM	3611867725	1013.00	28.47	28.78	82.9	28.67	28.78	81.4	27.49	28.78	90.8	28.47	28.78	82.9
15/06/2018 10:35:26 AM	3611867726	1013.00	28.47	28.78	82.9	28.67	28.78	81.4	27.49	28.78	90.8	28.40	28.78	83.5
15/06/2018 10:35:27 AM	3611867727	1013.00	28.46	28.79	83.0	28.67	28.79	81.4	27.53	28.79	90.5	28.44	28.79	83.1
15/06/2018 10:35:28 AM	3611867728	1013.00	28.46	28.78	83.0	28.68	28.78	81.3	27.51	28.78	90.7	28.43	28.78	83.2
15/06/2018 10:35:29 AM	3611867729	1013.00	28.46	28.78	83.0	28.68	28.78	81.3	27.52	28.78	90.6	28.44	28.78	83.2
15/06/2018 10:35:30 AM	3611867730	1013.00	28.43	28.78	83.2	28.67	28.78	81.4	27.53	28.78	90.5	28.47	28.78	82.9
15/06/2018 10:35:31 AM	3611867731	1013.00	28.46	28.78	83.0	28.71	28.78	81.1	27.51	28.78	90.7	28.45	28.78	83.1
15/06/2018 10:35:32 AM	3611867732	1013.00	28.48	28.77	82.9	28.70	28.77	81.2	27.53	28.77	90.5	28.47	28.77	82.9
15/06/2018 10:35:33 AM	3611867733	1013.00	28.44	28.77	83.2	28.70	28.77	81.2	27.56	28.77	90.3	28.49	28.77	82.8
15/06/2018 10:35:34 AM	3611867734	1013.00	28.46	28.77	83.0	28.70	28.77	81.2	27.55	28.77	90.3	28.43	28.77	83.2
15/06/2018 10:35:35 AM	3611867735	1013.00	28.48	28.77	82.9	28.72	28.77	81.0	27.50	28.77	90.8	28.50	28.77	82.7
15/06/2018 10:35:36 AM	3611867736	1013.00	28.47	28.77	82.9	28.69	28.77	81.3	27.57	28.77	90.2	28.46	28.77	83.0
15/06/2018 10:35:37 AM	3611867737	1013.00	28.47	28.77	82.9	28.72	28.77	81.0	27.57	28.77	90.2	28.46	28.77	83.0
15/06/2018 10:35:38 AM	3611867738	1013.00	28.44	28.77	83.2	28.71	28.77	81.1	27.60	28.77	89.9	28.46	28.77	83.0
15/06/2018 10:35:39 AM	3611867739	1013.00	28.46	28.76	83.0	28.71	28.76	81.1	27.57	28.76	90.2	28.45	28.76	83.1
15/06/2018 10:35:40 AM	3611867740	1013.00	28.44	28.77	83.2	28.69	28.77	81.3	27.58	28.77	90.1	28.46	28.77	83.0
15/06/2018 10:35:41 AM	3611867741	1013.00	28.48	28.76	82.9	28.67	28.76	81.4	27.52	28.76	90.6	28.53	28.76	82.5
15/06/2018 10:35:42 AM	3611867742	1013.00	28.46	28.76	83.0	28.71	28.76	81.1	27.57	28.76	90.2	28.54	28.76	82.4
15/06/2018 10:35:43 AM	3611867743	1013.00	28.48	28.76	82.9	28.77	28.76	80.7	27.55	28.76	90.4	28.50	28.76	82.7
15/06/2018 10:35:44 AM	3611867744	1013.00	28.46	28.76	83.0	28.71	28.76	81.1	27.58	28.76	90.1	28.47	28.76	82.9
15/06/2018 10:35:45 AM	3611867745	1013.00	28.48	28.76	82.9	28.71	28.76	81.1	27.53	28.76	90.5	28.47	28.76	82.9
15/06/2018 10:35:46 AM	3611867746	1013.00	28.48	28.76	82.9	28.72	28.76	81.1	27.58	28.76	90.1	28.51	28.76	82.6
15/06/2018 10:35:47 AM	3611867747	1013.00	28.47	28.76	82.9	28.73	28.76	81.0	27.55	28.76	90.4	28.54	28.76	82.4
15/06/2018 10:35:48 AM	3611867748	1013.00	28.52	28.76	82.6	28.70	28.76	81.2	27.57	28.76	90.2	28.53	28.76	82.5
15/06/2018 10:35:49 AM	3611867749	1013.00	28.48	28.76	82.9	28.76	28.76	80.8	27.55	28.76	90.4	28.51	28.76	82.6
15/06/2018 10:35:50 AM	3611867750	1013.00	28.50	28.76	82.7	28.73	28.76	81.0	27.56	28.76	90.3	28.50	28.76	82.7
15/06/2018 10:35:51 AM	3611867751	1013.00	28.47	28.76	82.9	28.73	28.76	81.0	27.64	28.76	89.6	28.51	28.76	82.6
15/06/2018 10:35:52 AM	3611867752	1013.00	28.53	28.76	82.5	28.80	28.76	80.5	27.57	28.76	90.2	28.51	28.76	82.6
15/06/2018 10:35:53 AM	3611867753	1013.00	28.51	28.76	82.6	28.77	28.76	80.7	27.53	28.76	90.5	28.52	28.76	82.6
15/06/2018 10:35:54 AM	3611867754	1013.00	28.52	28.76	82.6	28.75	28.76	80.8	27.60	28.76	89.9	28.49	28.76	82.8
15/06/2018 10:35:55 AM	3611867755	1013.00	28.51	28.76	82.6	28.78	28.76	80.6	27.59	28.76	90.0	28.56	28.76	82.3
15/06/2018 10:35:56 AM	3611867756	1013.00	28.56	28.75	82.3	28.76	28.75	80.8	27.61	28.75	89.9	28.54	28.75	82.4
15/06/2018 10:35:57 AM	3611867757	1013.00	28.50	28.75	82.7	28.76	28.75	80.8	27.63	28.75	89.7	28.54	28.75	82.4
15/06/2018 10:35:58 AM	3611867758	1013.00	28.53	28.75	82.5	28.79	28.75	80.6	27.55	28.75	90.4	28.57	28.75	82.2
15/06/2018 10:35:59 AM	3611867759	1013.00	28.49	28.75	82.8	28.77	28.75	80.7	27.60	28.75	90.0	28.51	28.75	82.7
15/06/2018 10:36:00 AM	3611867760	1013.00	28.51	28.74	82.7	28.79	28.74	80.6	27.59	28.74	90.1	28.60	28.74	82.0
15/06/2018 10:36:01 AM	3611867761	1013.00	28.52	28.74	82.6	28.74	28.74	80.9	27.60	28.74	90.0	28.56	28.74	82.3
15/06/2018 10:36:02 AM	3611867762	1013.00	28.50	28.74	82.7	28.78	28.74	80.6	27.63	28.74	89.7	28.59	28.74	82.1
15/06/2018 10:36:03 AM	3611867763	1013.00	28.55	28.74	82.4	28.77	28.74	80.7	27.60	28.74	90.0	28.56	28.74	82.3
15/06/2018 10:36:04 AM	3611867764	1013.00	28.52	28.74	82.6	28.82	28.74	80.4	27.61	28.74	89.9	28.58	28.74	82.1
15/06/2018 10:36:05 AM	3611867765	1013.00	28.51	28.74	82.7	28.80	28.74	80.5	27.61	28.74	89.9	28.58	28.74	82.1
15/06/2018 10:36:06 AM	3611867766	1013.00	28.53	28.75	82.5	28.82	28.75	80.3	27.59	28.75	90.0	28.56	28.75	82.3
15/06/2018 10:36:07 AM	3611867767	1013.00	28.56	28.74	82.3	28.79	28.74	80.6	27.61	28.74	89.9	28.56	28.74	82.3
15/06/2018 10:36:08 AM	3611867768	1013.00	28.54	28.74	82.4	28.80	28.74	80.5	27.62	28.74	89.8	28.57	28.74	82.2
15/06/2018 10:36:09 AM	3611867769	1013.00	28.55	28.74	82.4	28.83	28.74	80.3	27.67	28.74	89.4	28.56	28.74	82.3
15/06/2018 10:36:10 AM	3611867770	1013.00	28.56	28.73	82.3	28.82	28.73	80.4	27.67	28.73	89.4	28.59	28.73	82.1
15/06/2018 10:36:11 AM	3611867771	1013.00	28.56	28.73	82.3	28.86	28.73	80.1	27.67	28.73	89.4	28.58	28.73	82.2
15/06/2018 10:36:12 AM	3611867772	1013.00	28.54	28.72	82.5	28.80	28.72	80.5	27.59	28.72	90.1	28.59	28.72	82.1
15/06/2018 10:36:13 AM	3611867773	1013.00	28.55	28.73	82.4	28.83	28.73	80.3	27.61	28.73	89.9	28.60	28.73	82.0
15/06/2018 10:36:14 AM	3611867774	1013.00	28.56	28.73	82.3	28.81	28.73	80.4	27.65	28.73	89.6	28.59	28.73	82.1
15/06/2018 10:36:15 AM	3611867775	1013.00	28.59	28.73	82.1	28.86	28.73	80.1	27.64	28.73	89.6	28.59	28.73	82.1
15/06/2018 10:36:16 AM	3611867776	1013.00	28.58	28.73	82.2	28.81	28.73	80.4	27.62	28.73	89.8	28.58	28.73	82.2
15/06/2018 10:36:17 AM	3611867777	1013.00	28.55	28.73	82.4	28.82	28.73	80.4	27.65	28.73	89.6	28.61	28.73	81.9
15/06/2018 10:36:18 AM	3611867778	1013.00	28.55	28.73	82.4	28.82	28.73	80.4	27.72	28.73	89.0	28.57	28.73	82.2
15/06/2018 10:36:19 AM	3611867779	1013.00	28.56	28.72	82.3	28.84	28.72	80.2	27.65	28.72	89.6	28.56	28.72	82.3
15/06/2018 10:36:20 AM	3611867780	1013.00	28.57	28.72	82.2	28.85	28.72	80.2	27.65	28.72	89.6	28.59	28.72	82.1
15/06/2018 10:36:21 AM	3611867781	1013.00	28.58	28.72	82.2	28.79	28.72	80.6	27.68	28.72	89.3	28.61	28.72	81.9
15/06/2018 10:36:22 AM	3611867782	1013.00	28.57	28.73	82.2	28.84	28.73	80.2	27.70	28.73	89.1	28.55	28.73	82.4
15/06/2018 10:36:23 AM	3611867783	1013.00	28.57	28.72	82.2	28.84	28.72	80.2	27.65	28.72	89.6	28.66	28.72	81.6
15/06/2018 10:36:24 AM	3611867784	1013.00	28.60	28.71	82.0	28.90	28.71	79.8	27.66	28.71	89.5	28.65	28.71	81.7
15/06/2018 10:36:25 AM	3611867785	1013.00	28.59	28.71	82.1	28.85	28.71	80.2	27.72	28.71	89.0	28.62	28.71	81.9
15/06/2018 10:36:26 AM	3611867786	1013.00	28.60	28.71	82.0	28.86	28.71	80.1	27.62	28.71	89.8	28.66	28.71	81.6
15/06/2018 10:36:27 AM	3611867787	1013.00	28.64	28.71	81.7	28.83	28.71	80.3	27.56	28.71	90.4	28.67	28.71	81.5
15/06/2018 10:36:28 AM	3611867788	1013.00	28.63	28.71	81.8	28.82	28.71	80.4	27.66	28.71	89.5	28.67	28.71	81.5
15/06/2018 10:36:29 AM	3611867789	1013.00	28.60	28.71	82.0	28.84	28.71	80.2	27.66	28.71	89.5	28.58	28.71	82.2
15/06/2018 10:36:30 AM	3611867790	1013.00	28.61	28.70	82.0	28.84	28.70	80.3	27.69	28.70	89.3	28.68	28.70	81.4
15/06/2018 10:36:31 AM	3611867791	1013.00	28.63	28.71	81.8	28.85	28.71	80.2	27.67	28.71	89.4	28.68	28.71	81.4
15/06/2018 10:36:32 AM	3611867792	1013.00	28.63	28.71	81.8	28.81	28.71	80.5	27.68	28.71	89.3	28.65	28.71	81.7
15/06/2018 10:36:33 AM	3611867793	1013.00	28.62	28.71	81.9	28.84	28.71	80.2	27.66	28.71	89.5	28.61	28.71	82.0
15/06/2018 10:36:34 AM	3611867794	1013.00	28.65	28.72	81.6	28.86	28.72	80.1	27.63	28.72	89.7	28.70	28.72	81.3
15/06/2018 10:36:35 AM	3611867795	1013.00	28.60	28.71	82.0	28.84	28.71	80.2	27.69	28.71	89.3	28.65	28.71	81.7
15/06/2018 10:36:36 AM	3611867796	1013.00	28.66	28.71	81.6	28.92	28.71	79.7	27.71	28.71	89.1	28.61	28.71	82.0
15/06/2018 10:36:37 AM	3611867797	1013.00	28.64	28.70	81.7	28.91	28.70	79.7	27.71	28.70	89.1	28.71	28.70	81.2
15/06/2018 10:36:38 AM	3611867798	1013.00	28.62	28.70	81.9	28.89	28.70	79.9	27.71	28.70	89.1	28.69	28.70	81.4
15/06/2018 10:36:39 AM	3611867799	1013.00	28.62	28.70	81.9	28.90	28.70	79.8	27.67	28.70	89.4	28.69	28.70	81.4
15/06/2018 10:36:40 AM	3611867800	1013.00	28.64	28.70	81.7	28.91	28.70	79.7	27.74	28.70	88.9	28.65	28.70	81.7
15/06/2018 10:36:41 AM	3611867801	1013.00	28.64	28.70	81.7	28.91	28.70	79.7	27.70	28.70	89.2	28.72	28.70	81.1
15/06/2018 10:36:42 AM	3611867802	1013.00	28.64	28.71	81.7	28.92	28.71	79.7	27.68	28.71	89.3	28.71	28.71	81.2
15/06/2018 10:36:43 AM	3611867803	1013.00	28.64	28.71	81.7	28.92	28.71	79.7	27.75	28.71	88.8	28.63	28.71	81.8
15/06/2018 10:36:44 AM	3611867804	1013.00	28.66	28.71	81.6	28.89	28.71	79.9	27.71	28.71	89.1	28.73	28.71	81.1
15/06/2018 10:36:45 AM	3611867805	1013.00	28.66	28.71	81.6	28.91	28.71	79.7	27.70	28.71	89.2	28.63	28.71	81.8
15/06/2018 10:36:46 AM	3611867806	1013.00	28.65	28.70	81.7	28.91	28.70	79.7	27.71	28.70	89.1	28.73	28.70	81.1
15/06/2018 10:36:47 AM	3611867807	1013.00	28.65	28.70	81.7	28.91	28.70	79.7	27.71	28.70	89.1	28.70	28.70	81.3
15/06/2018 10:36:48 AM	3611867808	1013.00	28.68	28.70	81.4	28.91	28.70	79.7	27.70	28.70	89.2	28.68	28.70	81.4
15/06/2018 10:36:49 AM	3611867809	1013.00	28.67	28.71	81.5	28.90	28.71	79.8	27.75	28.71	88.8	28.69	28.71	81.4
15/06/2018 10:36:50 AM	3611867810	1013.00	28.66	28.71	81.6	28.97	28.71	79.3	27.74	28.71	88.8	28.68	28.71	81.4
15/06/2018 10:36:51 AM	3611867811	1013.00	28.70	28.71	81.3	28.96	28.71	79.4	27.67	28.71	89.4	28.69	28.71	81.4
15/06/2018 10:36:52 AM	3611867812	1013.00	28.65	28.71	81.7	28.91	28.71	79.7	27.72	28.71	89.0	28.69	28.71	81.4
15/06/2018 10:36:53 AM	3611867813	1013.00	28.71	28.71	81.2	28.91	28.71	79.7	27.76	28.71	88.7	28.72	28.71	81.1
15/06/2018 10:36:54 AM	3611867814	1013.00	28.71	28.71	81.2	28.93	28.71	79.6	27.69	28.71	89.3	28.72	28.71	81.1
15/06/2018 10:36:55 AM	3611867815	1013.00	28.69	28.71	81.4	28.93	28.71	79.6	27.78	28.71	88.5	28.78	28.71	80.7
15/06/2018 10:36:56 AM	3611867816	1013.00	28.72	28.72	81.1	28.96	28.72	79.4	27.71	28.72	89.1	28.70	28.72	81.3
15/06/2018 10:36:57 AM	3611867817	1013.00	28.69	28.72	81.3	28.89	28.72	79.9	27.71	28.72	89.1	28.74	28.72	81.0
15/06/2018 10:36:58 AM	3611867818	1013.00	28.71	28.72	81.2	28.93	28.72	79.6	27.77	28.72	88.6	28.72	28.72	81.1
15/06/2018 10:36:59 AM	3611867819	1013.00	28.70	28.72	81.3	28.96	28.72	79.4	27.69	28.72	89.2	28.74	28.72	81.0
15/06/2018 10:37:00 AM	3611867820	1013.00	28.70	28.72	81.3	29.00	28.72	79.1	27.75	28.72	88.7	28.71	28.72	81.2
15/06/2018 10:37:01 AM	3611867821	1013.00	28.73	28.72	81.0	28.99	28.72	79.1	27.68	28.72	89.3	28.70	28.72	81.3
15/06/2018 10:37:02 AM	3611867822	1013.00	28.74	28.72	81.0	28.95	28.72	79.4	27.71	28.72	89.1	28.73	28.72	81.0
15/06/2018 10:37:03 AM	3611867823	1013.00	28.74	28.72	81.0	28.97	28.72	79.3	27.77	28.72	88.6	28.70	28.72	81.3
15/06/2018 10:37:04 AM	3611867824	1013.00	28.74	28.72	81.0	28.98	28.72	79.2	27.70	28.72	89.2	28.77	28.72	80.7
15/06/2018 10:37:05 AM	3611867825	1013.00	28.73	28.72	81.0	28.92	28.72	79.6	27.74	28.72	88.8	28.81	28.72	80.5
15/06/2018 10:37:06 AM	3611867826	1013.00	28.71	28.72	81.2	28.96	28.72	79.4	27.70	28.72	89.2	28.73	28.72	81.0
15/06/2018 10:37:07 AM	3611867827	1013.00	28.74	28.72	81.0	28.99	28.72	79.1	27.75	28.72	88.7	28.80	28.72	80.5
15/06/2018 10:37:08 AM	3611867828	1013.00	28.74	28.72	81.0	28.96	28.72	79.4	27.83	28.72	88.1	28.79	28.72	80.6
15/06/2018 10:37:09 AM	3611867829	1013.00	28.75	28.71	80.9	28.96	28.71	79.4	27.75	28.71	88.8	28.76	28.71	80.8
15/06/2018 10:37:10 AM	3611867830	1013.00	28.73	28.72	81.0	28.96	28.72	79.4	27.70	28.72	89.2	28.83	28.72	80.3
15/06/2018 10:37:11 AM	3611867831	1013.00	28.75	28.72	80.9	29.00	28.72	79.1	27.75	28.72	88.7	28.80	28.72	80.5
15/06/2018 10:37:12 AM	3611867832	1013.00	28.75	28.71	80.9	29.04	28.71	78.8	27.70	28.71	89.2	28.80	28.71	80.5
15/06/2018 10:37:13 AM	3611867833	1013.00	28.72	28.72	81.1	28.97	28.72	79.3	27.80	28.72	88.3	28.81	28.72	80.5
15/06/2018 10:37:14 AM	3611867834	1013.00	28.75	28.71	80.9	28.98	28.71	79.2	27.84	28.71	88.0	28.81	28.71	80.5
15/06/2018 10:37:15 AM	3611867835	1013.00	28.73	28.71	81.1	29.00	28.71	79.1	27.78	28.71	88.5	28.79	28.71	80.6
15/06/2018 10:37:16 AM	3611867836	1013.00	28.74	28.70	81.0	29.02	28.70	78.9	27.74	28.70	88.9	28.78	28.70	80.7
15/06/2018 10:37:17 AM	3611867837	1013.00	28.77	28.70	80.8	28.97	28.70	79.3	27.80	28.70	88.4	28.80	28.70	80.6
15/06/2018 10:37:18 AM	3611867838	1013.00	28.76	28.70	80.8	29.00	28.70	79.1	27.81	28.70	88.3	28.86	28.70	80.1
15/06/2018 10:37:19 AM	3611867839	1013.00	28.79	28.70	80.6	29.03	28.70	78.9	27.77	28.70	88.6	28.78	28.70	80.7
15/06/2018 10:37:20 AM	3611867840	1013.00	28.79	28.70	80.6	29.05	28.70	78.7	27.75	28.70	88.8	28.81	28.70	80.5
15/06/2018 10:37:21 AM	3611867841	1013.00	28.77	28.70	80.8	29.02	28.70	78.9	27.77	28.70	88.6	28.80	28.70	80.6
15/06/2018 10:37:22 AM	3611867842	1013.00	28.78	28.70	80.7	29.02	28.70	78.9	27.78	28.70	88.5	28.84	28.70	80.3
15/06/2018 10:37:23 AM	3611867843	1013.00	28.81	28.70	80.5	29.00	28.70	79.1	27.85	28.70	87.9	28.85	28.70	80.2
15/06/2018 10:37:24 AM	3611867844	1013.00	28.77	28.70	80.8	28.99	28.70	79.2	27.82	28.70	88.2	28.90	28.70	79.8
15/06/2018 10:37:25 AM	3611867845	1013.00	28.80	28.69	80.6	29.02	28.69	79.0	27.79	28.69	88.5	28.84	28.69	80.3
15/06/2018 10:37:26 AM	3611867846	1013.00	28.81	28.70	80.5	29.04	28.70	78.8	27.81	28.70	88.3	28.90	28.70	79.8
15/06/2018 10:37:27 AM	3611867847	1013.00	28.81	28.69	80.5	29.01	28.69	79.0	27.80	28.69	88.4	28.84	28.69	80.3
15/06/2018 10:37:28 AM	3611867848	1013.00	28.77	28.69	80.8	29.05	28.69	78.7	27.81	28.69	88.3	28.92	28.69	79.7
15/06/2018 10:37:29 AM	3611867849	1013.00	28.81	28.69	80.5	29.02	28.69	79.0	27.81	28.69	88.3	28.91	28.69	79.8
15/06/2018 10:37:30 AM	3611867850	1013.00	28.78	28.69	80.7	29.00	28.69	79.1	27.75	28.69	88.8	28.89	28.69	79.9
15/06/2018 10:37:31 AM	3611867851	1013.00	28.82	28.69	80.4	29.08	28.69	78.5	27.83	28.69	88.1	28.84	28.69	80.3
15/06/2018 10:37:32 AM	3611867852	1013.00	28.80	28.69	80.6	29.05	28.69	78.7	27.81	28.69	88.3	28.93	28.69	79.6
15/06/2018 10:37:33 AM	3611867853	1013.00	28.79	28.70	80.6	29.04	28.70	78.8	27.81	28.70	88.3	28.91	28.70	79.7
15/06/2018 10:37:34 AM	3611867854	1013.00	28.81	28.69	80.5	29.03	28.69	78.9	27.82	28.69	88.2	28.87	28.69	80.1
15/06/2018 10:37:35 AM	3611867855	1013.00	28.84	28.69	80.3	29.06	28.69	78.7	27.83	28.69	88.1	28.89	28.69	79.9
15/06/2018 10:37:36 AM	3611867856	1013.00	28.83	28.69	80.3	28.99	28.69	79.2	27.78	28.69	88.5	28.92	28.69	79.7
15/06/2018 10:37:37 AM	3611867857	1013.00	28.84	28.69	80.3	29.05	28.69	78.7	27.85	28.69	88.0	28.90	28.69	79.8
15/06/2018 10:37:38 AM	3611867858	1013.00	28.81	28.69	80.5	29.04	28.69	78.8	27.89	28.69	87.6	28.88	28.69	80.0
15/06/2018 10:37:39 AM	3611867859	1013.00	28.83	28.68	80.4	29.00	28.68	79.1	27.86	28.68	87.9	28.86	28.68	80.1
15/06/2018 10:37:40 AM	3611867860	1013.00	28.84	28.68	80.3	29.06	28.68	78.7	27.79	28.68	88.5	28.84	28.68	80.3
15/06/2018 10:37:41 AM	3611867861	1013.00	28.83	28.68	80.4	29.06	28.68	78.7	27.80	28.68	88.4	28.86	28.68	80.1
15/06/2018 10:37:42 AM	3611867862	1013.00	28.83	28.68	80.4	29.03	28.68	78.9	27.77	28.68	88.6	28.92	28.68	79.7
15/06/2018 10:37:43 AM	3611867863	1013.00	28.84	28.68	80.3	29.09	28.68	78.5	27.83	28.68	88.1	28.88	28.68	80.0
15/06/2018 10:37:44 AM	3611867864	1013.00	28.85	28.69	80.2	29.06	28.69	78.7	27.85	28.69	88.0	28.87	28.69	80.1
15/06/2018 10:37:45 AM	3611867865	1013.00	28.85	28.69	80.2	29.09	28.69	78.5	27.87	28.69	87.8	28.86	28.69	80.1
15/06/2018 10:37:46 AM	3611867866	1013.00	28.83	28.69	80.3	29.05	28.69	78.7	27.89	28.69	87.6	28.93	28.69	79.6
15/06/2018 10:37:47 AM	3611867867	1013.00	28.85	28.69	80.2	29.09	28.69	78.5	27.86	28.69	87.9	28.89	28.69	79.9
15/06/2018 10:37:48 AM	3611867868	1013.00	28.82	28.69	80.4	29.07	28.69	78.6	27.88	28.69	87.7	28.88	28.69	80.0
15/06/2018 10:37:49 AM	3611867869	1013.00	28.84	28.69	80.3	29.10	28.69	78.4	27.89	28.69	87.6	28.88	28.69	80.0
15/06/2018 10:37:50 AM	3611867870	1013.00	28.87	28.69	80.1	29.14	28.69	78.1	27.83	28.69	88.1	28.89	28.69	79.9
15/06/2018 10:37:51 AM	3611867871	1013.00	28.86	28.69	80.1	29.07	28.69	78.6	27.86	28.69	87.9	28.92	28.69	79.7
15/06/2018 10:37:52 AM	3611867872	1013.00	28.84	28.68	80.3	29.09	28.68	78.5	27.82	28.68	88.2	28.90	28.68	79.8
15/06/2018 10:37:53 AM	3611867873	1013.00	28.86	28.68	80.1	29.10	28.68	78.4	27.86	28.68	87.9	28.91	28.68	79.8
15/06/2018 10:37:54 AM	3611867874	1013.00	28.85	28.68	80.2	29.08	28.68	78.5	27.84	28.68	88.1	28.90	28.68	79.8
15/06/2018 10:37:55 AM	3611867875	1013.00	28.87	28.68	80.1	29.14	28.68	78.1	27.88	28.68	87.7	28.93	28.68	79.6
15/06/2018 10:37:56 AM	3611867876	1013.00	28.84	28.68	80.3	29.12	28.68	78.3	27.85	28.68	88.0	28.93	28.68	79.6
15/06/2018 10:37:57 AM	3611867877	1013.00	28.85	28.68	80.2	29.14	28.68	78.1	27.85	28.68	88.0	28.91	28.68	79.8
15/06/2018 10:37:58 AM	3611867878	1013.00	28.86	28.68	80.1	29.08	28.68	78.5	27.88	28.68	87.7	28.96	28.68	79.4
15/06/2018 10:37:59 AM	3611867879	1013.00	28.87	28.68	80.1	29.11	28.68	78.3	27.92	28.68	87.4	28.95	28.68	79.5
15/06/2018 10:38:00 AM	3611867880	1013.00	28.85	28.68	80.2	29.10	28.68	78.4	27.91	28.68	87.5	28.91	28.68	79.8
15/06/2018 10:38:01 AM	3611867881	1013.00	28.86	28.67	80.2	29.13	28.67	78.2	27.87	28.67	87.8	28.96	28.67	79.4
15/06/2018 10:38:02 AM	3611867882	1013.00	28.88	28.67	80.0	29.16	28.67	78.0	27.87	28.67	87.8	29.02	28.67	79.0
15/06/2018 10:38:03 AM	3611867883	1013.00	28.88	28.67	80.0	29.13	28.67	78.2	27.89	28.67	87.7	28.98	28.67	79.3
15/06/2018 10:38:04 AM	3611867884	1013.00	28.87	28.67	80.1	29.14	28.67	78.1	27.89	28.67	87.7	29.00	28.67	79.1
15/06/2018 10:38:05 AM	3611867885	1013.00	28.88	28.66	80.0	29.13	28.66	78.2	27.91	28.66	87.5	29.01	28.66	79.1
15/06/2018 10:38:06 AM	3611867886	1013.00	28.87	28.67	80.1	29.12	28.67	78.3	27.92	28.67	87.4	28.96	28.67	79.4
15/06/2018 10:38:07 AM	3611867887	1013.00	28.87	28.66	80.1	29.15	28.66	78.1	27.95	28.66	87.2	29.02	28.66	79.0
15/06/2018 10:38:08 AM	3611867888	1013.00	28.90	28.66	79.9	29.14	28.66	78.1	27.95	28.66	87.2	29.03	28.66	78.9
15/06/2018 10:38:09 AM	3611867889	1013.00	28.87	28.66	80.1	29.15	28.66	78.1	27.88	28.66	87.8	29.00	28.66	79.1
15/06/2018 10:38:10 AM	3611867890	1013.00	28.89	28.66	79.9	29.21	28.66	77.6	27.93	28.66	87.4	29.03	28.66	78.9
15/06/2018 10:38:11 AM	3611867891	1013.00	28.90	28.66	79.9	29.17	28.66	77.9	27.88	28.66	87.8	28.97	28.66	79.4
15/06/2018 10:38:12 AM	3611867892	1013.00	28.91	28.66	79.8	29.15	28.66	78.1	27.94	28.66	87.3	29.02	28.66	79.0
15/06/2018 10:38:13 AM	3611867893	1013.00	28.91	28.65	79.8	29.17	28.65	77.9	27.94	28.65	87.3	29.01	28.65	79.1
15/06/2018 10:38:14 AM	3611867894	1013.00	28.90	28.65	79.9	29.20	28.65	77.7	27.94	28.65	87.3	29.01	28.65	79.1
15/06/2018 10:38:15 AM	3611867895	1013.00	28.89	28.65	80.0	29.14	28.65	78.2	27.91	28.65	87.5	29.01	28.65	79.1
15/06/2018 10:38:16 AM	3611867896	1013.00	28.93	28.64	79.7	29.20	28.64	77.7	27.89	28.64	87.7	29.02	28.64	79.0
15/06/2018 10:38:17 AM	3611867897	1013.00	28.92	28.64	79.8	29.17	28.64	78.0	27.87	28.64	87.9	29.04	28.64	78.9
15/06/2018 10:38:18 AM	3611867898	1013.00	28.92	28.65	79.7	29.21	28.65	77.7	27.95	28.65	87.2	29.02	28.65	79.0
15/06/2018 10:38:19 AM	3611867899	1013.00	28.92	28.65	79.7	29.22	28.65	77.6	27.85	28.65	88.0	29.01	28.65	79.1
15/06/2018 10:38:20 AM	3611867900	1013.00	28.93	28.66	79.7	29.22	28.66	77.6	27.93	28.66	87.4	29.04	28.66	78.9
15/06/2018 10:38:21 AM	3611867901	1013.00	28.93	28.66	79.7	29.21	28.66	77.6	27.91	28.66	87.5	29.04	28.66	78.9
15/06/2018 10:38:22 AM	3611867902	1013.00	28.97	28.66	79.4	29.25	28.66	77.4	27.92	28.66	87.4	29.01	28.66	79.1
15/06/2018 10:38:23 AM	3611867903	1013.00	28.97	28.66	79.4	29.26	28.66	77.3	27.91	28.66	87.5	29.02	28.66	79.0
15/06/2018 10:38:24 AM	3611867904	1013.00	28.95	28.66	79.5	29.28	28.66	77.2	27.91	28.66	87.5	29.07	28.66	78.6
15/06/2018 10:38:25 AM	3611867905	1013.00	28.96	28.65	79.5	29.23	28.65	77.5	27.95	28.65	87.2	29.03	28.65	78.9
15/06/2018 10:38:26 AM	3611867906	1013.00	28.95	28.65	79.5	29.25	28.65	77.4	27.99	28.65	86.9	29.01	28.65	79.1
15/06/2018 10:38:27 AM	3611867907	1013.00	28.95	28.65	79.5	29.24	28.65	77.5	27.93	28.65	87.4	29.01	28.65	79.1
15/06/2018 10:38:28 AM	3611867908	1013.00	28.96	28.65	79.5	29.24	28.65	77.5	27.95	28.65	87.2	29.00	28.65	79.2
15/06/2018 10:38:29 AM	3611867909	1013.00	28.94	28.65	79.6	29.26	28.65	77.3	28.01	28.65	86.7	29.03	28.65	78.9
15/06/2018 10:38:30 AM	3611867910	1013.00	28.94	28.65	79.6	29.25	28.65	77.4	27.99	28.65	86.9	29.06	28.65	78.7
15/06/2018 10:38:31 AM	3611867911	1013.00	28.97	28.65	79.4	29.24	28.65	77.5	27.97	28.65	87.0	29.10	28.65	78.4
15/06/2018 10:38:32 AM	3611867912	1013.00	28.99	28.65	79.2	29.26	28.65	77.3	27.90	28.65	87.6	29.03	28.65	78.9
15/06/2018 10:38:33 AM	3611867913	1013.00	28.97	28.65	79.4	29.25	28.65	77.4	27.94	28.65	87.3	29.07	28.65	78.7
15/06/2018 10:38:34 AM	3611867914	1013.00	28.96	28.65	79.5	29.23	28.65	77.5	28.01	28.65	86.7	29.01	28.65	79.1
15/06/2018 10:38:35 AM	3611867915	1013.00	28.99	28.65	79.2	29.30	28.65	77.0	27.97	28.65	87.0	29.11	28.65	78.4
15/06/2018 10:38:36 AM	3611867916	1013.00	28.99	28.65	79.2	29.27	28.65	77.2	27.92	28.65	87.5	29.06	28.65	78.7
15/06/2018 10:38:37 AM	3611867917	1013.00	28.98	28.65	79.3	29.27	28.65	77.2	27.99	28.65	86.9	29.07	28.65	78.7
15/06/2018 10:38:38 AM	3611867918	1013.00	28.98	28.66	79.3	29.29	28.66	77.1	27.94	28.66	87.3	29.07	28.66	78.6
