Date & time of file creation	14/06/2018 1:27 PM													
Data file path	C:\Users\ameli\Desktop\Diego Barneche\14_06_2018\29_C_new_witrox_10.txt													
														
														
CALIBRATION DATA														
Parameter/Channel	N moving average	LO phase [r.U.]	HI phase [r.U.]	LO oxygen [%air saturation]	HI oxygen [%air saturation]	LO temperature [°C]	HI temperature [°C]	Salinity [‰]						
SDWD0003000199      , CH 1	1	59.08	25.94	0.00	100.00	32.32	32.21	0.000						
SDWD0003000199      , CH 2	1	59.08	25.94	0.00	100.00	32.32	32.21	0.000						
SDWD0003000199      , CH 3	1	59.08	25.94	0.00	100.00	32.32	32.21	0.000						
SDWD0003000199      , CH 4	1	59.08	25.94	0.00	100.00	32.32	32.21	0.000						
														
														
Date &Time [DD-MM-YYYY HH:MM:SS]	Time stamp code	Barometric pressure [hPa]	SDWD0003000199      , CH 1 phase [r.U.]	SDWD0003000199      , CH 1 temp [°C]	SDWD0003000199      , CH 1 O2 [% air saturation]	SDWD0003000199      , CH 2 phase [r.U.]	SDWD0003000199      , CH 2 temp [°C]	SDWD0003000199      , CH 2 O2 [% air saturation]	SDWD0003000199      , CH 3 phase [r.U.]	SDWD0003000199      , CH 3 temp [°C]	SDWD0003000199      , CH 3 O2 [% air saturation]	SDWD0003000199      , CH 4 phase [r.U.]	SDWD0003000199      , CH 4 temp [°C]	SDWD0003000199      , CH 4 O2 [% air saturation]
14/06/2018 1:27:32 PM	3611791652	1013.00	26.15	29.00	103.3	26.16	29.00	103.2	26.12	29.00	103.6	26.18	29.00	103.0
14/06/2018 1:27:33 PM	3611791653	1013.00	26.18	29.00	103.0	26.24	29.00	102.5	26.14	29.00	103.4	26.14	29.00	103.4
14/06/2018 1:27:34 PM	3611791654	1013.00	26.17	29.00	103.1	26.24	29.00	102.5	26.14	29.00	103.4	26.15	29.00	103.3
14/06/2018 1:27:35 PM	3611791655	1013.00	26.14	29.00	103.4	26.19	29.00	102.9	26.12	29.00	103.6	26.16	29.00	103.2
14/06/2018 1:27:36 PM	3611791656	1013.00	26.16	29.00	103.2	26.18	29.00	103.0	26.14	29.00	103.4	26.21	29.00	102.7
14/06/2018 1:27:37 PM	3611791657	1013.00	26.16	29.00	103.2	26.17	29.00	103.1	26.15	29.00	103.3	26.17	29.00	103.1
14/06/2018 1:27:38 PM	3611791658	1013.00	26.11	29.00	103.8	26.26	29.00	102.3	26.12	29.00	103.6	26.16	29.00	103.2
14/06/2018 1:27:39 PM	3611791659	1013.00	26.14	29.00	103.4	26.21	29.00	102.7	26.15	29.00	103.3	26.16	29.00	103.2
14/06/2018 1:27:40 PM	3611791660	1013.00	26.13	29.00	103.5	26.27	29.00	102.2	26.14	29.00	103.4	26.16	29.00	103.2
14/06/2018 1:27:41 PM	3611791661	1013.00	26.15	28.99	103.4	26.21	28.99	102.8	26.11	28.99	103.8	26.18	28.99	103.1
14/06/2018 1:27:42 PM	3611791662	1013.00	26.15	28.99	103.4	26.22	28.99	102.7	26.13	28.99	103.6	26.14	28.99	103.5
14/06/2018 1:27:43 PM	3611791663	1013.00	26.16	29.00	103.2	26.28	29.00	102.1	26.11	29.00	103.8	26.19	29.00	102.9
14/06/2018 1:27:44 PM	3611791664	1013.00	26.11	29.00	103.8	26.18	29.00	103.0	26.10	29.00	103.9	26.18	29.00	103.0
14/06/2018 1:27:45 PM	3611791665	1013.00	26.12	29.00	103.6	26.24	29.00	102.5	26.13	29.00	103.5	26.18	29.00	103.0
14/06/2018 1:27:46 PM	3611791666	1013.00	26.11	29.01	103.7	26.25	29.01	102.3	26.14	29.01	103.4	26.15	29.01	103.3
14/06/2018 1:27:47 PM	3611791667	1013.00	26.15	29.01	103.3	26.22	29.01	102.6	26.13	29.01	103.5	26.19	29.01	102.9
14/06/2018 1:27:48 PM	3611791668	1013.00	26.16	29.00	103.2	26.19	29.00	102.9	26.14	29.00	103.4	26.15	29.00	103.3
14/06/2018 1:27:49 PM	3611791669	1013.00	26.15	29.00	103.3	26.25	29.00	102.4	26.13	29.00	103.5	26.17	29.00	103.1
14/06/2018 1:27:50 PM	3611791670	1013.00	26.17	29.00	103.1	26.23	29.00	102.6	26.11	29.00	103.8	26.16	29.00	103.2
14/06/2018 1:27:51 PM	3611791671	1013.00	26.12	29.00	103.6	26.19	29.00	102.9	26.16	29.00	103.2	26.18	29.00	103.0
14/06/2018 1:27:52 PM	3611791672	1013.00	26.14	28.99	103.5	26.18	28.99	103.1	26.15	28.99	103.4	26.17	28.99	103.2
14/06/2018 1:27:53 PM	3611791673	1013.00	26.19	28.99	103.0	26.25	28.99	102.4	26.16	28.99	103.3	26.15	28.99	103.4
14/06/2018 1:27:54 PM	3611791674	1013.00	26.15	28.99	103.4	26.19	28.99	103.0	26.16	28.99	103.3	26.18	28.99	103.1
14/06/2018 1:27:55 PM	3611791675	1013.00	26.19	28.99	103.0	26.28	28.99	102.1	26.14	28.99	103.5	26.18	28.99	103.1
14/06/2018 1:27:56 PM	3611791676	1013.00	26.18	28.98	103.1	26.28	28.98	102.1	26.14	28.98	103.5	26.16	28.98	103.3
14/06/2018 1:27:57 PM	3611791677	1013.00	26.11	28.98	103.8	26.26	28.98	102.3	26.17	28.98	103.2	26.15	28.98	103.4
14/06/2018 1:27:58 PM	3611791678	1013.00	26.11	28.98	103.8	26.26	28.98	102.3	26.16	28.98	103.3	26.13	28.98	103.6
14/06/2018 1:27:59 PM	3611791679	1013.00	26.15	28.98	103.4	26.24	28.98	102.5	26.11	28.98	103.8	26.14	28.98	103.5
14/06/2018 1:28:00 PM	3611791680	1013.00	26.17	28.98	103.2	26.27	28.98	102.2	26.13	28.98	103.6	26.16	28.98	103.3
14/06/2018 1:28:01 PM	3611791681	1013.00	26.11	28.98	103.8	26.23	28.98	102.6	26.12	28.98	103.7	26.16	28.98	103.3
14/06/2018 1:28:02 PM	3611791682	1013.00	26.18	28.98	103.1	26.26	28.98	102.3	26.12	28.98	103.7	26.17	28.98	103.2
14/06/2018 1:28:03 PM	3611791683	1013.00	26.18	28.98	103.1	26.23	28.98	102.6	26.17	28.98	103.2	26.15	28.98	103.4
14/06/2018 1:28:04 PM	3611791684	1013.00	26.14	28.98	103.5	26.25	28.98	102.4	26.15	28.98	103.4	26.16	28.98	103.3
14/06/2018 1:28:05 PM	3611791685	1013.00	26.11	28.98	103.8	26.29	28.98	102.0	26.14	28.98	103.5	26.17	28.98	103.2
14/06/2018 1:28:06 PM	3611791686	1013.00	26.10	28.98	103.9	26.26	28.98	102.3	26.13	28.98	103.6	26.16	28.98	103.3
14/06/2018 1:28:07 PM	3611791687	1013.00	26.15	28.98	103.4	26.26	28.98	102.3	26.14	28.98	103.5	26.15	28.98	103.4
14/06/2018 1:28:08 PM	3611791688	1013.00	26.17	28.98	103.2	26.26	28.98	102.3	26.14	28.98	103.5	26.15	28.98	103.4
14/06/2018 1:28:09 PM	3611791689	1013.00	26.14	28.98	103.5	26.28	28.98	102.1	26.16	28.98	103.3	26.16	28.98	103.3
14/06/2018 1:28:10 PM	3611791690	1013.00	26.16	28.98	103.3	26.26	28.98	102.3	26.14	28.98	103.5	26.17	28.98	103.2
14/06/2018 1:28:11 PM	3611791691	1013.00	26.11	28.98	103.8	26.30	28.98	101.9	26.17	28.98	103.2	26.18	28.98	103.1
14/06/2018 1:28:12 PM	3611791692	1013.00	26.18	28.97	103.1	26.32	28.97	101.7	26.15	28.97	103.4	26.17	28.97	103.2
14/06/2018 1:28:13 PM	3611791693	1013.00	26.14	28.97	103.5	26.26	28.97	102.3	26.13	28.97	103.6	26.17	28.97	103.2
14/06/2018 1:28:14 PM	3611791694	1013.00	26.18	28.97	103.1	26.27	28.97	102.2	26.14	28.97	103.5	26.13	28.97	103.6
14/06/2018 1:28:15 PM	3611791695	1013.00	26.14	28.98	103.5	26.27	28.98	102.2	26.17	28.98	103.2	26.14	28.98	103.5
14/06/2018 1:28:16 PM	3611791696	1013.00	26.18	28.98	103.1	26.27	28.98	102.2	26.17	28.98	103.2	26.15	28.98	103.4
14/06/2018 1:28:17 PM	3611791697	1013.00	26.18	28.98	103.1	26.26	28.98	102.3	26.18	28.98	103.1	26.15	28.98	103.4
14/06/2018 1:28:18 PM	3611791698	1013.00	26.19	28.98	103.0	26.29	28.98	102.0	26.19	28.98	103.0	26.17	28.98	103.2
14/06/2018 1:28:19 PM	3611791699	1013.00	26.17	28.98	103.2	26.28	28.98	102.1	26.19	28.98	103.0	26.18	28.98	103.1
14/06/2018 1:28:20 PM	3611791700	1013.00	26.16	28.97	103.3	26.25	28.97	102.4	26.16	28.97	103.3	26.22	28.97	102.7
14/06/2018 1:28:21 PM	3611791701	1013.00	26.15	28.97	103.4	26.26	28.97	102.3	26.18	28.97	103.1	26.13	28.97	103.6
14/06/2018 1:28:22 PM	3611791702	1013.00	26.15	28.97	103.4	26.24	28.97	102.5	26.19	28.97	103.0	26.17	28.97	103.2
14/06/2018 1:28:23 PM	3611791703	1013.00	26.15	28.98	103.4	26.30	28.98	101.9	26.19	28.98	103.0	26.13	28.98	103.6
14/06/2018 1:28:24 PM	3611791704	1013.00	26.15	28.98	103.4	26.26	28.98	102.3	26.23	28.98	102.6	26.13	28.98	103.6
14/06/2018 1:28:25 PM	3611791705	1013.00	26.14	28.98	103.5	26.31	28.98	101.8	26.18	28.98	103.1	26.17	28.98	103.2
14/06/2018 1:28:26 PM	3611791706	1013.00	26.17	28.98	103.2	26.32	28.98	101.7	26.21	28.98	102.8	26.16	28.98	103.3
14/06/2018 1:28:27 PM	3611791707	1013.00	26.14	28.98	103.5	26.36	28.98	101.3	26.22	28.98	102.7	26.19	28.98	103.0
14/06/2018 1:28:28 PM	3611791708	1013.00	26.18	28.98	103.1	26.33	28.98	101.6	26.19	28.98	103.0	26.17	28.98	103.2
14/06/2018 1:28:29 PM	3611791709	1013.00	26.13	28.98	103.6	26.31	28.98	101.8	26.23	28.98	102.6	26.15	28.98	103.4
14/06/2018 1:28:30 PM	3611791710	1013.00	26.16	28.98	103.3	26.32	28.98	101.7	26.19	28.98	103.0	26.19	28.98	103.0
14/06/2018 1:28:31 PM	3611791711	1013.00	26.17	28.98	103.2	26.31	28.98	101.8	26.19	28.98	103.0	26.19	28.98	103.0
14/06/2018 1:28:32 PM	3611791712	1013.00	26.18	28.97	103.1	26.32	28.97	101.7	26.20	28.97	102.9	26.18	28.97	103.1
14/06/2018 1:28:33 PM	3611791713	1013.00	26.14	28.97	103.5	26.33	28.97	101.6	26.22	28.97	102.7	26.15	28.97	103.4
14/06/2018 1:28:34 PM	3611791714	1013.00	26.16	28.97	103.3	26.33	28.97	101.6	26.22	28.97	102.7	26.20	28.97	102.9
14/06/2018 1:28:35 PM	3611791715	1013.00	26.16	28.97	103.3	26.32	28.97	101.7	26.21	28.97	102.8	26.18	28.97	103.1
14/06/2018 1:28:36 PM	3611791716	1013.00	26.17	28.97	103.2	26.32	28.97	101.7	26.19	28.97	103.0	26.18	28.97	103.1
14/06/2018 1:28:37 PM	3611791717	1013.00	26.21	28.97	102.8	26.35	28.97	101.4	26.25	28.97	102.4	26.17	28.97	103.2
14/06/2018 1:28:38 PM	3611791718	1013.00	26.17	28.97	103.2	26.30	28.97	101.9	26.26	28.97	102.3	26.17	28.97	103.2
14/06/2018 1:28:39 PM	3611791719	1013.00	26.17	28.97	103.2	26.31	28.97	101.8	26.23	28.97	102.6	26.17	28.97	103.2
14/06/2018 1:28:40 PM	3611791720	1013.00	26.20	28.96	102.9	26.34	28.96	101.5	26.24	28.96	102.5	26.18	28.96	103.1
14/06/2018 1:28:41 PM	3611791721	1013.00	26.20	28.97	102.9	26.32	28.97	101.7	26.23	28.97	102.6	26.19	28.97	103.0
14/06/2018 1:28:42 PM	3611791722	1013.00	26.16	28.96	103.3	26.38	28.96	101.1	26.24	28.96	102.5	26.17	28.96	103.2
14/06/2018 1:28:43 PM	3611791723	1013.00	26.21	28.96	102.8	26.33	28.96	101.6	26.26	28.96	102.3	26.18	28.96	103.1
14/06/2018 1:28:44 PM	3611791724	1013.00	26.21	28.96	102.8	26.35	28.96	101.4	26.23	28.96	102.6	26.21	28.96	102.8
14/06/2018 1:28:45 PM	3611791725	1013.00	26.23	28.96	102.6	26.34	28.96	101.5	26.24	28.96	102.5	26.20	28.96	102.9
14/06/2018 1:28:46 PM	3611791726	1013.00	26.17	28.96	103.2	26.34	28.96	101.5	26.21	28.96	102.8	26.20	28.96	102.9
14/06/2018 1:28:47 PM	3611791727	1013.00	26.17	28.96	103.2	26.39	28.96	101.0	26.27	28.96	102.2	26.18	28.96	103.1
14/06/2018 1:28:48 PM	3611791728	1013.00	26.18	28.96	103.1	26.39	28.96	101.0	26.24	28.96	102.5	26.21	28.96	102.8
14/06/2018 1:28:49 PM	3611791729	1013.00	26.17	28.96	103.2	26.36	28.96	101.3	26.28	28.96	102.1	26.17	28.96	103.2
14/06/2018 1:28:50 PM	3611791730	1013.00	26.15	28.96	103.4	26.35	28.96	101.4	26.24	28.96	102.5	26.16	28.96	103.3
14/06/2018 1:28:51 PM	3611791731	1013.00	26.15	28.96	103.4	26.36	28.96	101.3	26.26	28.96	102.3	26.20	28.96	102.9
14/06/2018 1:28:52 PM	3611791732	1013.00	26.19	28.96	103.0	26.37	28.96	101.2	26.28	28.96	102.1	26.19	28.96	103.0
14/06/2018 1:28:53 PM	3611791733	1013.00	26.18	28.95	103.1	26.35	28.95	101.5	26.27	28.95	102.2	26.18	28.95	103.1
14/06/2018 1:28:54 PM	3611791734	1013.00	26.18	28.95	103.1	26.35	28.95	101.5	26.26	28.95	102.3	26.20	28.95	102.9
14/06/2018 1:28:55 PM	3611791735	1013.00	26.20	28.95	102.9	26.35	28.95	101.5	26.27	28.95	102.2	26.17	28.95	103.2
14/06/2018 1:28:56 PM	3611791736	1013.00	26.25	28.95	102.4	26.33	28.95	101.6	26.24	28.95	102.5	26.19	28.95	103.0
14/06/2018 1:28:57 PM	3611791737	1013.00	26.18	28.95	103.1	26.38	28.95	101.2	26.28	28.95	102.1	26.19	28.95	103.0
14/06/2018 1:28:58 PM	3611791738	1013.00	26.23	28.95	102.6	26.36	28.95	101.4	26.28	28.95	102.1	26.20	28.95	102.9
14/06/2018 1:28:59 PM	3611791739	1013.00	26.23	28.95	102.6	26.33	28.95	101.6	26.28	28.95	102.1	26.17	28.95	103.2
14/06/2018 1:29:00 PM	3611791740	1013.00	26.18	28.95	103.1	26.36	28.95	101.4	26.29	28.95	102.0	26.19	28.95	103.0
14/06/2018 1:29:01 PM	3611791741	1013.00	26.24	28.95	102.5	26.40	28.95	101.0	26.29	28.95	102.0	26.18	28.95	103.1
14/06/2018 1:29:02 PM	3611791742	1013.00	26.20	28.94	103.0	26.38	28.94	101.2	26.29	28.94	102.1	26.19	28.94	103.1
14/06/2018 1:29:03 PM	3611791743	1013.00	26.23	28.94	102.7	26.38	28.94	101.2	26.31	28.94	101.9	26.22	28.94	102.8
14/06/2018 1:29:04 PM	3611791744	1013.00	26.16	28.95	103.3	26.40	28.95	101.0	26.32	28.95	101.7	26.18	28.95	103.1
14/06/2018 1:29:05 PM	3611791745	1013.00	26.22	28.95	102.7	26.42	28.95	100.8	26.28	28.95	102.1	26.20	28.95	102.9
14/06/2018 1:29:06 PM	3611791746	1013.00	26.19	28.95	103.0	26.40	28.95	101.0	26.34	28.95	101.6	26.17	28.95	103.2
14/06/2018 1:29:07 PM	3611791747	1013.00	26.17	28.95	103.2	26.38	28.95	101.2	26.31	28.95	101.8	26.18	28.95	103.1
14/06/2018 1:29:08 PM	3611791748	1013.00	26.22	28.95	102.7	26.38	28.95	101.2	26.35	28.95	101.5	26.20	28.95	102.9
14/06/2018 1:29:09 PM	3611791749	1013.00	26.22	28.94	102.8	26.45	28.94	100.5	26.34	28.94	101.6	26.19	28.94	103.1
14/06/2018 1:29:10 PM	3611791750	1013.00	26.22	28.94	102.8	26.44	28.94	100.6	26.31	28.94	101.9	26.21	28.94	102.9
14/06/2018 1:29:11 PM	3611791751	1013.00	26.23	28.94	102.7	26.48	28.94	100.2	26.35	28.94	101.5	26.21	28.94	102.9
14/06/2018 1:29:12 PM	3611791752	1013.00	26.22	28.95	102.7	26.40	28.95	101.0	26.31	28.95	101.8	26.22	28.95	102.7
14/06/2018 1:29:13 PM	3611791753	1013.00	26.24	28.94	102.6	26.39	28.94	101.1	26.34	28.94	101.6	26.21	28.94	102.9
14/06/2018 1:29:14 PM	3611791754	1013.00	26.21	28.95	102.8	26.40	28.95	101.0	26.38	28.95	101.2	26.22	28.95	102.7
14/06/2018 1:29:15 PM	3611791755	1013.00	26.24	28.94	102.6	26.39	28.94	101.1	26.33	28.94	101.7	26.21	28.94	102.9
14/06/2018 1:29:16 PM	3611791756	1013.00	26.23	28.95	102.6	26.40	28.95	101.0	26.33	28.95	101.6	26.21	28.95	102.8
14/06/2018 1:29:17 PM	3611791757	1013.00	26.28	28.94	102.2	26.35	28.94	101.5	26.33	28.94	101.7	26.20	28.94	103.0
14/06/2018 1:29:18 PM	3611791758	1013.00	26.21	28.94	102.9	26.41	28.94	100.9	26.36	28.94	101.4	26.24	28.94	102.6
14/06/2018 1:29:19 PM	3611791759	1013.00	26.23	28.94	102.7	26.40	28.94	101.0	26.37	28.94	101.3	26.18	28.94	103.2
14/06/2018 1:29:20 PM	3611791760	1013.00	26.25	28.94	102.5	26.42	28.94	100.8	26.37	28.94	101.3	26.20	28.94	103.0
14/06/2018 1:29:21 PM	3611791761	1013.00	26.22	28.94	102.8	26.44	28.94	100.6	26.36	28.94	101.4	26.22	28.94	102.8
14/06/2018 1:29:22 PM	3611791762	1013.00	26.23	28.93	102.7	26.43	28.93	100.7	26.38	28.93	101.2	26.24	28.93	102.6
14/06/2018 1:29:23 PM	3611791763	1013.00	26.24	28.93	102.6	26.47	28.93	100.3	26.38	28.93	101.2	26.22	28.93	102.8
14/06/2018 1:29:24 PM	3611791764	1013.00	26.21	28.93	102.9	26.46	28.93	100.4	26.36	28.93	101.4	26.22	28.93	102.8
14/06/2018 1:29:25 PM	3611791765	1013.00	26.23	28.93	102.7	26.53	28.93	99.7	26.36	28.93	101.4	26.21	28.93	102.9
14/06/2018 1:29:26 PM	3611791766	1013.00	26.26	28.93	102.4	26.45	28.93	100.5	26.36	28.93	101.4	26.26	28.93	102.4
14/06/2018 1:29:27 PM	3611791767	1013.00	26.23	28.93	102.7	26.41	28.93	100.9	26.40	28.93	101.0	26.16	28.93	103.4
14/06/2018 1:29:28 PM	3611791768	1013.00	26.22	28.93	102.8	26.44	28.93	100.6	26.37	28.93	101.3	26.23	28.93	102.7
14/06/2018 1:29:29 PM	3611791769	1013.00	26.25	28.93	102.5	26.49	28.93	100.1	26.40	28.93	101.0	26.21	28.93	102.9
14/06/2018 1:29:30 PM	3611791770	1013.00	26.23	28.92	102.7	26.48	28.92	100.2	26.38	28.92	101.2	26.22	28.92	102.8
14/06/2018 1:29:31 PM	3611791771	1013.00	26.24	28.92	102.6	26.44	28.92	100.6	26.41	28.92	100.9	26.24	28.92	102.6
14/06/2018 1:29:32 PM	3611791772	1013.00	26.22	28.92	102.8	26.49	28.92	100.1	26.41	28.92	100.9	26.21	28.92	102.9
14/06/2018 1:29:33 PM	3611791773	1013.00	26.24	28.92	102.6	26.47	28.92	100.3	26.41	28.92	100.9	26.24	28.92	102.6
14/06/2018 1:29:34 PM	3611791774	1013.00	26.25	28.92	102.5	26.52	28.92	99.9	26.40	28.92	101.0	26.21	28.92	102.9
14/06/2018 1:29:35 PM	3611791775	1013.00	26.24	28.92	102.6	26.50	28.92	100.0	26.44	28.92	100.6	26.24	28.92	102.6
14/06/2018 1:29:36 PM	3611791776	1013.00	26.26	28.93	102.4	26.47	28.93	100.3	26.40	28.93	101.0	26.23	28.93	102.7
14/06/2018 1:29:37 PM	3611791777	1013.00	26.31	28.93	101.9	26.49	28.93	100.1	26.42	28.93	100.8	26.20	28.93	103.0
14/06/2018 1:29:38 PM	3611791778	1013.00	26.26	28.92	102.4	26.52	28.92	99.9	26.44	28.92	100.6	26.24	28.92	102.6
14/06/2018 1:29:39 PM	3611791779	1013.00	26.26	28.92	102.4	26.51	28.92	100.0	26.42	28.92	100.8	26.22	28.92	102.8
14/06/2018 1:29:40 PM	3611791780	1013.00	26.27	28.92	102.3	26.52	28.92	99.9	26.44	28.92	100.6	26.23	28.92	102.7
14/06/2018 1:29:41 PM	3611791781	1013.00	26.26	28.92	102.4	26.49	28.92	100.1	26.46	28.92	100.4	26.24	28.92	102.6
14/06/2018 1:29:42 PM	3611791782	1013.00	26.26	28.93	102.4	26.49	28.93	100.1	26.46	28.93	100.4	26.22	28.93	102.8
14/06/2018 1:29:43 PM	3611791783	1013.00	26.24	28.93	102.6	26.53	28.93	99.7	26.44	28.93	100.6	26.21	28.93	102.9
14/06/2018 1:29:44 PM	3611791784	1013.00	26.26	28.93	102.4	26.53	28.93	99.7	26.46	28.93	100.4	26.22	28.93	102.8
14/06/2018 1:29:45 PM	3611791785	1013.00	26.27	28.92	102.3	26.47	28.92	100.3	26.47	28.92	100.3	26.26	28.92	102.4
14/06/2018 1:29:46 PM	3611791786	1013.00	26.30	28.92	102.0	26.52	28.92	99.9	26.46	28.92	100.4	26.21	28.92	102.9
14/06/2018 1:29:47 PM	3611791787	1013.00	26.26	28.91	102.4	26.52	28.91	99.9	26.47	28.91	100.4	26.23	28.91	102.7
14/06/2018 1:29:48 PM	3611791788	1013.00	26.27	28.91	102.3	26.54	28.91	99.7	26.47	28.91	100.4	26.23	28.91	102.7
14/06/2018 1:29:49 PM	3611791789	1013.00	26.26	28.91	102.4	26.52	28.91	99.9	26.48	28.91	100.3	26.21	28.91	102.9
14/06/2018 1:29:50 PM	3611791790	1013.00	26.29	28.91	102.1	26.54	28.91	99.7	26.47	28.91	100.4	26.25	28.91	102.5
14/06/2018 1:29:51 PM	3611791791	1013.00	26.24	28.91	102.6	26.59	28.91	99.2	26.45	28.91	100.5	26.21	28.91	102.9
14/06/2018 1:29:52 PM	3611791792	1013.00	26.29	28.91	102.1	26.53	28.91	99.8	26.47	28.91	100.4	26.24	28.91	102.6
14/06/2018 1:29:53 PM	3611791793	1013.00	26.24	28.92	102.6	26.57	28.92	99.4	26.49	28.92	100.1	26.24	28.92	102.6
14/06/2018 1:29:54 PM	3611791794	1013.00	26.26	28.92	102.4	26.59	28.92	99.2	26.49	28.92	100.1	26.21	28.92	102.9
14/06/2018 1:29:55 PM	3611791795	1013.00	26.22	28.93	102.8	26.57	28.93	99.4	26.52	28.93	99.8	26.21	28.93	102.9
14/06/2018 1:29:56 PM	3611791796	1013.00	26.27	28.93	102.3	26.57	28.93	99.4	26.52	28.93	99.8	26.23	28.93	102.7
14/06/2018 1:29:57 PM	3611791797	1013.00	26.29	28.92	102.1	26.56	28.92	99.5	26.50	28.92	100.0	26.25	28.92	102.5
14/06/2018 1:29:58 PM	3611791798	1013.00	26.27	28.92	102.3	26.60	28.92	99.1	26.48	28.92	100.2	26.24	28.92	102.6
14/06/2018 1:29:59 PM	3611791799	1013.00	26.26	28.92	102.4	26.60	28.92	99.1	26.47	28.92	100.3	26.25	28.92	102.5
14/06/2018 1:30:00 PM	3611791800	1013.00	26.25	28.91	102.5	26.63	28.91	98.8	26.50	28.91	100.1	26.26	28.91	102.4
14/06/2018 1:30:01 PM	3611791801	1013.00	26.27	28.91	102.3	26.65	28.91	98.6	26.53	28.91	99.8	26.23	28.91	102.7
14/06/2018 1:30:02 PM	3611791802	1013.00	26.27	28.91	102.3	26.61	28.91	99.0	26.51	28.91	100.0	26.23	28.91	102.7
14/06/2018 1:30:03 PM	3611791803	1013.00	26.26	28.91	102.4	26.65	28.91	98.6	26.51	28.91	100.0	26.27	28.91	102.3
14/06/2018 1:30:04 PM	3611791804	1013.00	26.31	28.91	101.9	26.62	28.91	98.9	26.52	28.91	99.9	26.24	28.91	102.6
14/06/2018 1:30:05 PM	3611791805	1013.00	26.28	28.91	102.2	26.62	28.91	98.9	26.53	28.91	99.8	26.24	28.91	102.6
14/06/2018 1:30:06 PM	3611791806	1013.00	26.27	28.91	102.3	26.62	28.91	98.9	26.52	28.91	99.9	26.24	28.91	102.6
14/06/2018 1:30:07 PM	3611791807	1013.00	26.28	28.91	102.2	26.65	28.91	98.6	26.53	28.91	99.8	26.23	28.91	102.7
14/06/2018 1:30:08 PM	3611791808	1013.00	26.30	28.91	102.0	26.63	28.91	98.8	26.55	28.91	99.6	26.25	28.91	102.5
14/06/2018 1:30:09 PM	3611791809	1013.00	26.29	28.92	102.1	26.65	28.92	98.6	26.58	28.92	99.3	26.22	28.92	102.8
14/06/2018 1:30:10 PM	3611791810	1013.00	26.27	28.91	102.3	26.62	28.91	98.9	26.51	28.91	100.0	26.24	28.91	102.6
14/06/2018 1:30:11 PM	3611791811	1013.00	26.29	28.91	102.1	26.61	28.91	99.0	26.56	28.91	99.5	26.22	28.91	102.8
14/06/2018 1:30:12 PM	3611791812	1013.00	26.32	28.91	101.8	26.61	28.91	99.0	26.54	28.91	99.7	26.24	28.91	102.6
14/06/2018 1:30:13 PM	3611791813	1013.00	26.25	28.91	102.5	26.63	28.91	98.8	26.53	28.91	99.8	26.24	28.91	102.6
14/06/2018 1:30:14 PM	3611791814	1013.00	26.30	28.91	102.0	26.66	28.91	98.5	26.55	28.91	99.6	26.25	28.91	102.5
14/06/2018 1:30:15 PM	3611791815	1013.00	26.28	28.92	102.2	26.65	28.92	98.6	26.57	28.92	99.4	26.27	28.92	102.3
14/06/2018 1:30:16 PM	3611791816	1013.00	26.31	28.91	101.9	26.67	28.91	98.4	26.57	28.91	99.4	26.25	28.91	102.5
14/06/2018 1:30:17 PM	3611791817	1013.00	26.34	28.92	101.6	26.71	28.92	98.1	26.55	28.92	99.6	26.23	28.92	102.7
14/06/2018 1:30:18 PM	3611791818	1013.00	26.31	28.92	101.9	26.66	28.92	98.5	26.60	28.92	99.1	26.27	28.92	102.3
14/06/2018 1:30:19 PM	3611791819	1013.00	26.33	28.92	101.7	26.69	28.92	98.2	26.59	28.92	99.2	26.30	28.92	102.0
14/06/2018 1:30:20 PM	3611791820	1013.00	26.32	28.91	101.8	26.65	28.91	98.6	26.57	28.91	99.4	26.28	28.91	102.2
14/06/2018 1:30:21 PM	3611791821	1013.00	26.31	28.91	101.9	26.67	28.91	98.4	26.59	28.91	99.2	26.25	28.91	102.5
14/06/2018 1:30:22 PM	3611791822	1013.00	26.30	28.90	102.0	26.72	28.90	98.0	26.59	28.90	99.2	26.25	28.90	102.5
14/06/2018 1:30:23 PM	3611791823	1013.00	26.32	28.90	101.8	26.71	28.90	98.1	26.62	28.90	98.9	26.27	28.90	102.3
14/06/2018 1:30:24 PM	3611791824	1013.00	26.31	28.90	101.9	26.68	28.90	98.4	26.61	28.90	99.0	26.24	28.90	102.6
14/06/2018 1:30:25 PM	3611791825	1013.00	26.33	28.91	101.7	26.74	28.91	97.8	26.61	28.91	99.0	26.29	28.91	102.1
14/06/2018 1:30:26 PM	3611791826	1013.00	26.32	28.91	101.8	26.72	28.91	98.0	26.64	28.91	98.7	26.28	28.91	102.2
14/06/2018 1:30:27 PM	3611791827	1013.00	26.31	28.91	101.9	26.68	28.91	98.3	26.62	28.91	98.9	26.29	28.91	102.1
14/06/2018 1:30:28 PM	3611791828	1013.00	26.32	28.91	101.8	26.73	28.91	97.9	26.63	28.91	98.8	26.26	28.91	102.4
14/06/2018 1:30:29 PM	3611791829	1013.00	26.30	28.90	102.0	26.72	28.90	98.0	26.63	28.90	98.8	26.27	28.90	102.3
14/06/2018 1:30:30 PM	3611791830	1013.00	26.33	28.90	101.7	26.72	28.90	98.0	26.62	28.90	98.9	26.26	28.90	102.4
14/06/2018 1:30:31 PM	3611791831	1013.00	26.30	28.90	102.0	26.76	28.90	97.6	26.61	28.90	99.0	26.26	28.90	102.4
14/06/2018 1:30:32 PM	3611791832	1013.00	26.35	28.90	101.5	26.72	28.90	98.0	26.62	28.90	98.9	26.28	28.90	102.2
14/06/2018 1:30:33 PM	3611791833	1013.00	26.34	28.90	101.6	26.72	28.90	98.0	26.64	28.90	98.7	26.26	28.90	102.4
14/06/2018 1:30:34 PM	3611791834	1013.00	26.37	28.91	101.3	26.75	28.91	97.7	26.64	28.91	98.7	26.29	28.91	102.1
14/06/2018 1:30:35 PM	3611791835	1013.00	26.36	28.91	101.4	26.74	28.91	97.8	26.63	28.91	98.8	26.30	28.91	102.0
14/06/2018 1:30:36 PM	3611791836	1013.00	26.36	28.91	101.4	26.74	28.91	97.8	26.65	28.91	98.6	26.27	28.91	102.3
14/06/2018 1:30:37 PM	3611791837	1013.00	26.30	28.91	102.0	26.74	28.91	97.8	26.65	28.91	98.6	26.28	28.91	102.2
14/06/2018 1:30:38 PM	3611791838	1013.00	26.34	28.91	101.6	26.76	28.91	97.6	26.64	28.91	98.7	26.28	28.91	102.2
14/06/2018 1:30:39 PM	3611791839	1013.00	26.36	28.91	101.4	26.76	28.91	97.6	26.67	28.91	98.4	26.31	28.91	101.9
14/06/2018 1:30:40 PM	3611791840	1013.00	26.32	28.90	101.8	26.74	28.90	97.8	26.65	28.90	98.6	26.30	28.90	102.0
14/06/2018 1:30:41 PM	3611791841	1013.00	26.38	28.90	101.2	26.78	28.90	97.4	26.64	28.90	98.7	26.26	28.90	102.4
14/06/2018 1:30:42 PM	3611791842	1013.00	26.39	28.90	101.1	26.77	28.90	97.5	26.64	28.90	98.7	26.29	28.90	102.1
14/06/2018 1:30:43 PM	3611791843	1013.00	26.37	28.90	101.3	26.76	28.90	97.6	26.67	28.90	98.5	26.29	28.90	102.1
14/06/2018 1:30:44 PM	3611791844	1013.00	26.34	28.91	101.6	26.78	28.91	97.4	26.64	28.91	98.7	26.30	28.91	102.0
14/06/2018 1:30:45 PM	3611791845	1013.00	26.36	28.91	101.4	26.76	28.91	97.6	26.63	28.91	98.8	26.29	28.91	102.1
14/06/2018 1:30:46 PM	3611791846	1013.00	26.37	28.91	101.3	26.79	28.91	97.3	26.68	28.91	98.3	26.27	28.91	102.3
14/06/2018 1:30:47 PM	3611791847	1013.00	26.37	28.91	101.3	26.84	28.91	96.9	26.66	28.91	98.5	26.30	28.91	102.0
14/06/2018 1:30:48 PM	3611791848	1013.00	26.38	28.90	101.2	26.77	28.90	97.5	26.68	28.90	98.4	26.28	28.90	102.2
14/06/2018 1:30:49 PM	3611791849	1013.00	26.39	28.90	101.1	26.78	28.90	97.4	26.67	28.90	98.5	26.29	28.90	102.1
14/06/2018 1:30:50 PM	3611791850	1013.00	26.40	28.90	101.0	26.76	28.90	97.6	26.66	28.90	98.6	26.29	28.90	102.1
14/06/2018 1:30:51 PM	3611791851	1013.00	26.37	28.90	101.3	26.78	28.90	97.4	26.66	28.90	98.6	26.26	28.90	102.4
14/06/2018 1:30:52 PM	3611791852	1013.00	26.38	28.90	101.2	26.83	28.90	97.0	26.68	28.90	98.4	26.27	28.90	102.3
14/06/2018 1:30:53 PM	3611791853	1013.00	26.37	28.90	101.3	26.78	28.90	97.4	26.65	28.90	98.6	26.33	28.90	101.7
14/06/2018 1:30:54 PM	3611791854	1013.00	26.40	28.90	101.0	26.76	28.90	97.6	26.68	28.90	98.4	26.30	28.90	102.0
14/06/2018 1:30:55 PM	3611791855	1013.00	26.36	28.90	101.4	26.74	28.90	97.8	26.65	28.90	98.6	26.30	28.90	102.0
14/06/2018 1:30:56 PM	3611791856	1013.00	26.38	28.90	101.2	26.81	28.90	97.2	26.67	28.90	98.5	26.28	28.90	102.2
14/06/2018 1:30:57 PM	3611791857	1013.00	26.35	28.90	101.5	26.81	28.90	97.2	26.67	28.90	98.5	26.27	28.90	102.3
14/06/2018 1:30:58 PM	3611791858	1013.00	26.39	28.91	101.1	26.84	28.91	96.9	26.69	28.91	98.3	26.29	28.91	102.1
14/06/2018 1:30:59 PM	3611791859	1013.00	26.40	28.90	101.0	26.78	28.90	97.4	26.66	28.90	98.6	26.28	28.90	102.2
14/06/2018 1:31:00 PM	3611791860	1013.00	26.43	28.90	100.8	26.77	28.90	97.5	26.67	28.90	98.5	26.30	28.90	102.0
14/06/2018 1:31:01 PM	3611791861	1013.00	26.34	28.91	101.6	26.80	28.91	97.2	26.68	28.91	98.3	26.29	28.91	102.1
14/06/2018 1:31:02 PM	3611791862	1013.00	26.34	28.90	101.6	26.76	28.90	97.6	26.67	28.90	98.5	26.33	28.90	101.7
14/06/2018 1:31:03 PM	3611791863	1013.00	26.38	28.90	101.2	26.80	28.90	97.2	26.69	28.90	98.3	26.30	28.90	102.0
14/06/2018 1:31:04 PM	3611791864	1013.00	26.43	28.90	100.8	26.79	28.90	97.3	26.70	28.90	98.2	26.28	28.90	102.2
14/06/2018 1:31:05 PM	3611791865	1013.00	26.37	28.91	101.3	26.79	28.91	97.3	26.71	28.91	98.1	26.28	28.91	102.2
14/06/2018 1:31:06 PM	3611791866	1013.00	26.40	28.91	101.0	26.82	28.91	97.0	26.69	28.91	98.3	26.33	28.91	101.7
14/06/2018 1:31:07 PM	3611791867	1013.00	26.34	28.90	101.6	26.85	28.90	96.8	26.69	28.90	98.3	26.29	28.90	102.1
14/06/2018 1:31:08 PM	3611791868	1013.00	26.40	28.91	101.0	26.80	28.91	97.2	26.66	28.91	98.5	26.33	28.91	101.7
14/06/2018 1:31:09 PM	3611791869	1013.00	26.43	28.91	100.7	26.87	28.91	96.6	26.70	28.91	98.2	26.32	28.91	101.8
14/06/2018 1:31:10 PM	3611791870	1013.00	26.41	28.90	101.0	26.85	28.90	96.8	26.69	28.90	98.3	26.32	28.90	101.8
14/06/2018 1:31:11 PM	3611791871	1013.00	26.41	28.90	101.0	26.86	28.90	96.7	26.75	28.90	97.7	26.30	28.90	102.0
14/06/2018 1:31:12 PM	3611791872	1013.00	26.42	28.90	100.9	26.82	28.90	97.1	26.68	28.90	98.4	26.33	28.90	101.7
14/06/2018 1:31:13 PM	3611791873	1013.00	26.38	28.90	101.2	26.83	28.90	97.0	26.70	28.90	98.2	26.31	28.90	101.9
14/06/2018 1:31:14 PM	3611791874	1013.00	26.43	28.90	100.8	26.82	28.90	97.1	26.71	28.90	98.1	26.28	28.90	102.2
14/06/2018 1:31:15 PM	3611791875	1013.00	26.41	28.90	101.0	26.81	28.90	97.2	26.68	28.90	98.4	26.34	28.90	101.6
14/06/2018 1:31:16 PM	3611791876	1013.00	26.41	28.90	101.0	26.83	28.90	97.0	26.70	28.90	98.2	26.31	28.90	101.9
14/06/2018 1:31:17 PM	3611791877	1013.00	26.39	28.90	101.1	26.88	28.90	96.5	26.68	28.90	98.4	26.31	28.90	101.9
14/06/2018 1:31:18 PM	3611791878	1013.00	26.37	28.90	101.3	26.83	28.90	97.0	26.72	28.90	98.0	26.30	28.90	102.0
14/06/2018 1:31:19 PM	3611791879	1013.00	26.41	28.90	101.0	26.82	28.90	97.1	26.70	28.90	98.2	26.33	28.90	101.7
14/06/2018 1:31:20 PM	3611791880	1013.00	26.40	28.90	101.0	26.84	28.90	96.9	26.70	28.90	98.2	26.30	28.90	102.0
14/06/2018 1:31:21 PM	3611791881	1013.00	26.45	28.90	100.6	26.86	28.90	96.7	26.70	28.90	98.2	26.34	28.90	101.6
14/06/2018 1:31:22 PM	3611791882	1013.00	26.40	28.90	101.0	26.84	28.90	96.9	26.69	28.90	98.3	26.30	28.90	102.0
14/06/2018 1:31:23 PM	3611791883	1013.00	26.45	28.90	100.6	26.81	28.90	97.2	26.72	28.90	98.0	26.30	28.90	102.0
14/06/2018 1:31:24 PM	3611791884	1013.00	26.42	28.90	100.9	26.81	28.90	97.2	26.71	28.90	98.1	26.31	28.90	101.9
14/06/2018 1:31:25 PM	3611791885	1013.00	26.41	28.90	101.0	26.82	28.90	97.1	26.72	28.90	98.0	26.34	28.90	101.6
14/06/2018 1:31:26 PM	3611791886	1013.00	26.44	28.90	100.7	26.84	28.90	96.9	26.73	28.90	97.9	26.33	28.90	101.7
14/06/2018 1:31:27 PM	3611791887	1013.00	26.45	28.90	100.6	26.87	28.90	96.6	26.71	28.90	98.1	26.34	28.90	101.6
14/06/2018 1:31:28 PM	3611791888	1013.00	26.41	28.90	101.0	26.85	28.90	96.8	26.70	28.90	98.2	26.35	28.90	101.5
14/06/2018 1:31:29 PM	3611791889	1013.00	26.40	28.90	101.0	26.86	28.90	96.7	26.71	28.90	98.1	26.36	28.90	101.4
14/06/2018 1:31:30 PM	3611791890	1013.00	26.42	28.90	100.9	26.85	28.90	96.8	26.72	28.90	98.0	26.38	28.90	101.2
14/06/2018 1:31:31 PM	3611791891	1013.00	26.49	28.90	100.2	26.85	28.90	96.8	26.71	28.90	98.1	26.34	28.90	101.6
14/06/2018 1:31:32 PM	3611791892	1013.00	26.44	28.90	100.7	26.88	28.90	96.5	26.70	28.90	98.2	26.32	28.90	101.8
14/06/2018 1:31:33 PM	3611791893	1013.00	26.40	28.90	101.0	26.87	28.90	96.6	26.73	28.90	97.9	26.34	28.90	101.6
14/06/2018 1:31:34 PM	3611791894	1013.00	26.47	28.90	100.4	26.87	28.90	96.6	26.73	28.90	97.9	26.35	28.90	101.5
14/06/2018 1:31:35 PM	3611791895	1013.00	26.45	28.90	100.6	26.92	28.90	96.1	26.70	28.90	98.2	26.33	28.90	101.7
14/06/2018 1:31:36 PM	3611791896	1013.00	26.48	28.90	100.3	26.94	28.90	96.0	26.73	28.90	97.9	26.37	28.90	101.3
14/06/2018 1:31:37 PM	3611791897	1013.00	26.43	28.90	100.8	26.92	28.90	96.1	26.74	28.90	97.8	26.33	28.90	101.7
14/06/2018 1:31:38 PM	3611791898	1013.00	26.42	28.90	100.9	26.89	28.90	96.4	26.73	28.90	97.9	26.34	28.90	101.6
14/06/2018 1:31:39 PM	3611791899	1013.00	26.42	28.90	100.9	26.93	28.90	96.0	26.72	28.90	98.0	26.34	28.90	101.6
14/06/2018 1:31:40 PM	3611791900	1013.00	26.48	28.90	100.3	26.91	28.90	96.2	26.72	28.90	98.0	26.35	28.90	101.5
14/06/2018 1:31:41 PM	3611791901	1013.00	26.45	28.90	100.6	26.88	28.90	96.5	26.71	28.90	98.1	26.33	28.90	101.7
14/06/2018 1:31:42 PM	3611791902	1013.00	26.45	28.90	100.6	26.92	28.90	96.1	26.71	28.90	98.1	26.33	28.90	101.7
14/06/2018 1:31:43 PM	3611791903	1013.00	26.48	28.90	100.3	26.88	28.90	96.5	26.69	28.90	98.3	26.35	28.90	101.5
14/06/2018 1:31:44 PM	3611791904	1013.00	26.47	28.90	100.4	26.88	28.90	96.5	26.74	28.90	97.8	26.33	28.90	101.7
14/06/2018 1:31:45 PM	3611791905	1013.00	26.50	28.90	100.1	26.92	28.90	96.1	26.72	28.90	98.0	26.37	28.90	101.3
14/06/2018 1:31:46 PM	3611791906	1013.00	26.51	28.90	100.0	26.93	28.90	96.0	26.74	28.90	97.8	26.34	28.90	101.6
14/06/2018 1:31:47 PM	3611791907	1013.00	26.48	28.90	100.3	26.91	28.90	96.2	26.72	28.90	98.0	26.35	28.90	101.5
14/06/2018 1:31:48 PM	3611791908	1013.00	26.50	28.91	100.1	26.92	28.91	96.1	26.71	28.91	98.1	26.36	28.91	101.4
14/06/2018 1:31:49 PM	3611791909	1013.00	26.43	28.90	100.8	26.97	28.90	95.7	26.73	28.90	97.9	26.36	28.90	101.4
14/06/2018 1:31:50 PM	3611791910	1013.00	26.49	28.91	100.2	26.95	28.91	95.8	26.75	28.91	97.7	26.39	28.91	101.1
14/06/2018 1:31:51 PM	3611791911	1013.00	26.47	28.91	100.4	26.91	28.91	96.2	26.79	28.91	97.3	26.35	28.91	101.5
14/06/2018 1:31:52 PM	3611791912	1013.00	26.51	28.91	100.0	26.95	28.91	95.8	26.72	28.91	98.0	26.36	28.91	101.4
14/06/2018 1:31:53 PM	3611791913	1013.00	26.45	28.91	100.5	26.92	28.91	96.1	26.72	28.91	98.0	26.34	28.91	101.6
14/06/2018 1:31:54 PM	3611791914	1013.00	26.48	28.91	100.3	26.93	28.91	96.0	26.74	28.91	97.8	26.38	28.91	101.2
14/06/2018 1:31:55 PM	3611791915	1013.00	26.46	28.91	100.4	26.94	28.91	95.9	26.75	28.91	97.7	26.37	28.91	101.3
14/06/2018 1:31:56 PM	3611791916	1013.00	26.51	28.91	100.0	26.95	28.91	95.8	26.75	28.91	97.7	26.33	28.91	101.7
14/06/2018 1:31:57 PM	3611791917	1013.00	26.43	28.91	100.7	26.90	28.91	96.3	26.73	28.91	97.9	26.35	28.91	101.5
14/06/2018 1:31:58 PM	3611791918	1013.00	26.52	28.91	99.9	26.93	28.91	96.0	26.73	28.91	97.9	26.35	28.91	101.5
14/06/2018 1:31:59 PM	3611791919	1013.00	26.48	28.90	100.3	26.94	28.90	96.0	26.70	28.90	98.2	26.38	28.90	101.2
14/06/2018 1:32:00 PM	3611791920	1013.00	26.52	28.91	99.9	26.93	28.91	96.0	26.77	28.91	97.5	26.39	28.91	101.1
14/06/2018 1:32:01 PM	3611791921	1013.00	26.50	28.91	100.1	26.92	28.91	96.1	26.75	28.91	97.7	26.38	28.91	101.2
14/06/2018 1:32:02 PM	3611791922	1013.00	26.50	28.91	100.1	26.99	28.91	95.5	26.75	28.91	97.7	26.41	28.91	100.9
14/06/2018 1:32:03 PM	3611791923	1013.00	26.48	28.91	100.3	26.98	28.91	95.6	26.75	28.91	97.7	26.36	28.91	101.4
14/06/2018 1:32:04 PM	3611791924	1013.00	26.50	28.91	100.1	26.98	28.91	95.6	26.74	28.91	97.8	26.36	28.91	101.4
14/06/2018 1:32:05 PM	3611791925	1013.00	26.51	28.91	100.0	26.95	28.91	95.8	26.75	28.91	97.7	26.38	28.91	101.2
14/06/2018 1:32:06 PM	3611791926	1013.00	26.53	28.91	99.8	26.97	28.91	95.7	26.73	28.91	97.9	26.38	28.91	101.2
14/06/2018 1:32:07 PM	3611791927	1013.00	26.53	28.91	99.8	26.95	28.91	95.8	26.77	28.91	97.5	26.38	28.91	101.2
14/06/2018 1:32:08 PM	3611791928	1013.00	26.49	28.91	100.2	26.92	28.91	96.1	26.73	28.91	97.9	26.38	28.91	101.2
14/06/2018 1:32:09 PM	3611791929	1013.00	26.50	28.90	100.1	27.00	28.90	95.4	26.75	28.90	97.7	26.41	28.90	101.0
14/06/2018 1:32:10 PM	3611791930	1013.00	26.51	28.91	100.0	26.95	28.91	95.8	26.76	28.91	97.6	26.38	28.91	101.2
14/06/2018 1:32:11 PM	3611791931	1013.00	26.50	28.91	100.1	26.96	28.91	95.8	26.75	28.91	97.7	26.37	28.91	101.3
14/06/2018 1:32:12 PM	3611791932	1013.00	26.53	28.91	99.8	26.98	28.91	95.6	26.75	28.91	97.7	26.40	28.91	101.0
14/06/2018 1:32:13 PM	3611791933	1013.00	26.54	28.91	99.7	26.96	28.91	95.8	26.77	28.91	97.5	26.39	28.91	101.1
14/06/2018 1:32:14 PM	3611791934	1013.00	26.56	28.91	99.5	26.99	28.91	95.5	26.75	28.91	97.7	26.37	28.91	101.3
14/06/2018 1:32:15 PM	3611791935	1013.00	26.53	28.91	99.8	26.95	28.91	95.8	26.77	28.91	97.5	26.38	28.91	101.2
14/06/2018 1:32:16 PM	3611791936	1013.00	26.52	28.91	99.9	26.96	28.91	95.8	26.78	28.91	97.4	26.40	28.91	101.0
14/06/2018 1:32:17 PM	3611791937	1013.00	26.57	28.91	99.4	26.99	28.91	95.5	26.79	28.91	97.3	26.40	28.91	101.0
14/06/2018 1:32:18 PM	3611791938	1013.00	26.56	28.91	99.5	27.01	28.91	95.3	26.73	28.91	97.9	26.40	28.91	101.0
14/06/2018 1:32:19 PM	3611791939	1013.00	26.49	28.91	100.2	26.99	28.91	95.5	26.74	28.91	97.8	26.40	28.91	101.0
14/06/2018 1:32:20 PM	3611791940	1013.00	26.59	28.91	99.2	26.98	28.91	95.6	26.75	28.91	97.7	26.36	28.91	101.4
14/06/2018 1:32:21 PM	3611791941	1013.00	26.56	28.91	99.5	27.01	28.91	95.3	26.76	28.91	97.6	26.39	28.91	101.1
14/06/2018 1:32:22 PM	3611791942	1013.00	26.57	28.91	99.4	26.97	28.91	95.7	26.76	28.91	97.6	26.41	28.91	100.9
14/06/2018 1:32:23 PM	3611791943	1013.00	26.56	28.91	99.5	27.00	28.91	95.4	26.78	28.91	97.4	26.40	28.91	101.0
14/06/2018 1:32:24 PM	3611791944	1013.00	26.57	28.91	99.4	26.98	28.91	95.6	26.76	28.91	97.6	26.38	28.91	101.2
14/06/2018 1:32:25 PM	3611791945	1013.00	26.58	28.91	99.3	27.01	28.91	95.3	26.77	28.91	97.5	26.38	28.91	101.2
14/06/2018 1:32:26 PM	3611791946	1013.00	26.57	28.91	99.4	27.03	28.91	95.1	26.77	28.91	97.5	26.37	28.91	101.3
14/06/2018 1:32:27 PM	3611791947	1013.00	26.57	28.92	99.4	27.00	28.92	95.4	26.77	28.92	97.5	26.39	28.92	101.1
14/06/2018 1:32:28 PM	3611791948	1013.00	26.57	28.92	99.4	27.03	28.92	95.1	26.75	28.92	97.7	26.38	28.92	101.2
14/06/2018 1:32:29 PM	3611791949	1013.00	26.60	28.92	99.1	27.01	28.92	95.3	26.77	28.92	97.5	26.41	28.92	100.9
14/06/2018 1:32:30 PM	3611791950	1013.00	26.56	28.91	99.5	26.96	28.91	95.8	26.76	28.91	97.6	26.42	28.91	100.8
14/06/2018 1:32:31 PM	3611791951	1013.00	26.59	28.91	99.2	27.03	28.91	95.1	26.75	28.91	97.7	26.41	28.91	100.9
14/06/2018 1:32:32 PM	3611791952	1013.00	26.58	28.91	99.3	27.04	28.91	95.0	26.76	28.91	97.6	26.40	28.91	101.0
14/06/2018 1:32:33 PM	3611791953	1013.00	26.60	28.91	99.1	27.03	28.91	95.1	26.78	28.91	97.4	26.41	28.91	100.9
14/06/2018 1:32:34 PM	3611791954	1013.00	26.55	28.91	99.6	26.98	28.91	95.6	26.75	28.91	97.7	26.40	28.91	101.0
14/06/2018 1:32:35 PM	3611791955	1013.00	26.56	28.92	99.5	27.01	28.92	95.3	26.80	28.92	97.2	26.43	28.92	100.7
14/06/2018 1:32:36 PM	3611791956	1013.00	26.59	28.92	99.2	27.02	28.92	95.2	26.77	28.92	97.5	26.44	28.92	100.6
14/06/2018 1:32:37 PM	3611791957	1013.00	26.59	28.92	99.2	27.08	28.92	94.7	26.78	28.92	97.4	26.40	28.92	101.0
14/06/2018 1:32:38 PM	3611791958	1013.00	26.57	28.92	99.4	27.04	28.92	95.0	26.82	28.92	97.0	26.43	28.92	100.7
14/06/2018 1:32:39 PM	3611791959	1013.00	26.61	28.92	99.0	27.04	28.92	95.0	26.77	28.92	97.5	26.40	28.92	101.0
14/06/2018 1:32:40 PM	3611791960	1013.00	26.57	28.92	99.4	27.07	28.92	94.7	26.74	28.92	97.8	26.46	28.92	100.4
14/06/2018 1:32:41 PM	3611791961	1013.00	26.63	28.92	98.8	27.03	28.92	95.1	26.82	28.92	97.0	26.39	28.92	101.1
14/06/2018 1:32:42 PM	3611791962	1013.00	26.59	28.92	99.2	27.00	28.92	95.4	26.80	28.92	97.2	26.41	28.92	100.9
14/06/2018 1:32:43 PM	3611791963	1013.00	26.59	28.93	99.2	27.00	28.93	95.4	26.79	28.93	97.3	26.41	28.93	100.9
14/06/2018 1:32:44 PM	3611791964	1013.00	26.64	28.93	98.7	26.97	28.93	95.6	26.78	28.93	97.4	26.45	28.93	100.5
14/06/2018 1:32:45 PM	3611791965	1013.00	26.59	28.93	99.2	27.10	28.93	94.5	26.78	28.93	97.4	26.44	28.93	100.6
14/06/2018 1:32:46 PM	3611791966	1013.00	26.63	28.93	98.8	27.04	28.93	95.0	26.78	28.93	97.4	26.41	28.93	100.9
14/06/2018 1:32:47 PM	3611791967	1013.00	26.57	28.93	99.4	27.04	28.93	95.0	26.79	28.93	97.3	26.44	28.93	100.6
14/06/2018 1:32:48 PM	3611791968	1013.00	26.59	28.93	99.2	27.05	28.93	94.9	26.76	28.93	97.6	26.44	28.93	100.6
14/06/2018 1:32:49 PM	3611791969	1013.00	26.67	28.93	98.4	27.05	28.93	94.9	26.80	28.93	97.2	26.42	28.93	100.8
14/06/2018 1:32:50 PM	3611791970	1013.00	26.63	28.93	98.8	27.03	28.93	95.1	26.81	28.93	97.1	26.42	28.93	100.8
14/06/2018 1:32:51 PM	3611791971	1013.00	26.60	28.93	99.1	27.03	28.93	95.1	26.78	28.93	97.4	26.42	28.93	100.8
14/06/2018 1:32:52 PM	3611791972	1013.00	26.57	28.93	99.4	27.04	28.93	95.0	26.79	28.93	97.3	26.44	28.93	100.6
14/06/2018 1:32:53 PM	3611791973	1013.00	26.60	28.93	99.1	27.05	28.93	94.9	26.79	28.93	97.3	26.44	28.93	100.6
14/06/2018 1:32:54 PM	3611791974	1013.00	26.61	28.93	99.0	27.08	28.93	94.6	26.79	28.93	97.3	26.46	28.93	100.4
14/06/2018 1:32:55 PM	3611791975	1013.00	26.61	28.93	99.0	27.08	28.93	94.6	26.82	28.93	97.0	26.44	28.93	100.6
14/06/2018 1:32:56 PM	3611791976	1013.00	26.60	28.93	99.1	27.05	28.93	94.9	26.82	28.93	97.0	26.47	28.93	100.3
14/06/2018 1:32:57 PM	3611791977	1013.00	26.62	28.93	98.9	27.04	28.93	95.0	26.83	28.93	96.9	26.47	28.93	100.3
14/06/2018 1:32:58 PM	3611791978	1013.00	26.61	28.93	99.0	27.11	28.93	94.4	26.81	28.93	97.1	26.41	28.93	100.9
14/06/2018 1:32:59 PM	3611791979	1013.00	26.66	28.93	98.5	27.06	28.93	94.8	26.81	28.93	97.1	26.46	28.93	100.4
14/06/2018 1:33:00 PM	3611791980	1013.00	26.62	28.93	98.9	27.07	28.93	94.7	26.84	28.93	96.8	26.44	28.93	100.6
14/06/2018 1:33:01 PM	3611791981	1013.00	26.67	28.93	98.4	27.09	28.93	94.5	26.77	28.93	97.5	26.44	28.93	100.6
14/06/2018 1:33:02 PM	3611791982	1013.00	26.61	28.93	99.0	27.08	28.93	94.6	26.81	28.93	97.1	26.42	28.93	100.8
14/06/2018 1:33:03 PM	3611791983	1013.00	26.66	28.93	98.5	27.04	28.93	95.0	26.76	28.93	97.6	26.46	28.93	100.4
14/06/2018 1:33:04 PM	3611791984	1013.00	26.67	28.93	98.4	27.08	28.93	94.6	26.82	28.93	97.0	26.43	28.93	100.7
14/06/2018 1:33:05 PM	3611791985	1013.00	26.63	28.93	98.8	27.08	28.93	94.6	26.80	28.93	97.2	26.45	28.93	100.5
14/06/2018 1:33:06 PM	3611791986	1013.00	26.67	28.94	98.4	27.11	28.94	94.4	26.81	28.94	97.1	26.47	28.94	100.3
14/06/2018 1:33:07 PM	3611791987	1013.00	26.66	28.94	98.5	27.12	28.94	94.3	26.82	28.94	97.0	26.43	28.94	100.7
14/06/2018 1:33:08 PM	3611791988	1013.00	26.68	28.94	98.3	27.09	28.94	94.5	26.79	28.94	97.3	26.45	28.94	100.5
14/06/2018 1:33:09 PM	3611791989	1013.00	26.66	28.94	98.5	27.06	28.94	94.8	26.82	28.94	97.0	26.45	28.94	100.5
14/06/2018 1:33:10 PM	3611791990	1013.00	26.68	28.93	98.3	27.08	28.93	94.6	26.79	28.93	97.3	26.49	28.93	100.1
14/06/2018 1:33:11 PM	3611791991	1013.00	26.67	28.93	98.4	27.10	28.93	94.5	26.81	28.93	97.1	26.49	28.93	100.1
14/06/2018 1:33:12 PM	3611791992	1013.00	26.64	28.93	98.7	27.12	28.93	94.3	26.82	28.93	97.0	26.45	28.93	100.5
14/06/2018 1:33:13 PM	3611791993	1013.00	26.69	28.93	98.2	27.07	28.93	94.7	26.81	28.93	97.1	26.47	28.93	100.3
14/06/2018 1:33:14 PM	3611791994	1013.00	26.68	28.93	98.3	27.13	28.93	94.2	26.82	28.93	97.0	26.43	28.93	100.7
14/06/2018 1:33:15 PM	3611791995	1013.00	26.71	28.94	98.0	27.07	28.94	94.7	26.80	28.94	97.2	26.48	28.94	100.2
14/06/2018 1:33:16 PM	3611791996	1013.00	26.71	28.94	98.0	27.07	28.94	94.7	26.80	28.94	97.2	26.46	28.94	100.4
14/06/2018 1:33:17 PM	3611791997	1013.00	26.66	28.93	98.5	27.08	28.93	94.6	26.81	28.93	97.1	26.47	28.93	100.3
14/06/2018 1:33:18 PM	3611791998	1013.00	26.73	28.93	97.8	27.09	28.93	94.5	26.83	28.93	96.9	26.47	28.93	100.3
14/06/2018 1:33:19 PM	3611791999	1013.00	26.71	28.93	98.0	27.10	28.93	94.5	26.82	28.93	97.0	26.45	28.93	100.5
14/06/2018 1:33:20 PM	3611792000	1013.00	26.72	28.93	97.9	27.11	28.93	94.4	26.83	28.93	96.9	26.47	28.93	100.3
14/06/2018 1:33:21 PM	3611792001	1013.00	26.69	28.93	98.2	27.05	28.93	94.9	26.83	28.93	96.9	26.46	28.93	100.4
14/06/2018 1:33:22 PM	3611792002	1013.00	26.67	28.94	98.4	27.11	28.94	94.4	26.82	28.94	97.0	26.48	28.94	100.2
14/06/2018 1:33:23 PM	3611792003	1013.00	26.70	28.94	98.1	27.07	28.94	94.7	26.81	28.94	97.1	26.48	28.94	100.2
14/06/2018 1:33:24 PM	3611792004	1013.00	26.69	28.93	98.2	27.08	28.93	94.6	26.82	28.93	97.0	26.47	28.93	100.3
14/06/2018 1:33:25 PM	3611792005	1013.00	26.69	28.93	98.2	27.09	28.93	94.5	26.81	28.93	97.1	26.48	28.93	100.2
14/06/2018 1:33:26 PM	3611792006	1013.00	26.71	28.93	98.0	27.10	28.93	94.5	26.83	28.93	96.9	26.48	28.93	100.2
14/06/2018 1:33:27 PM	3611792007	1013.00	26.73	28.93	97.8	27.14	28.93	94.1	26.80	28.93	97.2	26.48	28.93	100.2
14/06/2018 1:33:28 PM	3611792008	1013.00	26.70	28.94	98.1	27.13	28.94	94.2	26.84	28.94	96.8	26.47	28.94	100.3
14/06/2018 1:33:29 PM	3611792009	1013.00	26.74	28.93	97.8	27.10	28.93	94.5	26.79	28.93	97.3	26.47	28.93	100.3
14/06/2018 1:33:30 PM	3611792010	1013.00	26.73	28.94	97.8	27.08	28.94	94.6	26.80	28.94	97.2	26.51	28.94	99.9
14/06/2018 1:33:31 PM	3611792011	1013.00	26.75	28.94	97.6	27.08	28.94	94.6	26.80	28.94	97.2	26.47	28.94	100.3
14/06/2018 1:33:32 PM	3611792012	1013.00	26.71	28.94	98.0	27.13	28.94	94.2	26.82	28.94	97.0	26.50	28.94	100.0
14/06/2018 1:33:33 PM	3611792013	1013.00	26.75	28.93	97.7	27.13	28.93	94.2	26.81	28.93	97.1	26.51	28.93	99.9
14/06/2018 1:33:34 PM	3611792014	1013.00	26.77	28.94	97.5	27.15	28.94	94.0	26.83	28.94	96.9	26.49	28.94	100.1
14/06/2018 1:33:35 PM	3611792015	1013.00	26.75	28.94	97.6	27.11	28.94	94.4	26.82	28.94	97.0	26.48	28.94	100.2
14/06/2018 1:33:36 PM	3611792016	1013.00	26.80	28.94	97.2	27.13	28.94	94.2	26.83	28.94	96.9	26.51	28.94	99.9
14/06/2018 1:33:37 PM	3611792017	1013.00	26.76	28.94	97.6	27.13	28.94	94.2	26.86	28.94	96.6	26.49	28.94	100.1
14/06/2018 1:33:38 PM	3611792018	1013.00	26.75	28.95	97.6	27.15	28.95	94.0	26.83	28.95	96.9	26.48	28.95	100.2
14/06/2018 1:33:39 PM	3611792019	1013.00	26.77	28.94	97.5	27.17	28.94	93.8	26.83	28.94	96.9	26.51	28.94	99.9
14/06/2018 1:33:40 PM	3611792020	1013.00	26.74	28.94	97.7	27.15	28.94	94.0	26.85	28.94	96.7	26.48	28.94	100.2
14/06/2018 1:33:41 PM	3611792021	1013.00	26.78	28.94	97.4	27.20	28.94	93.6	26.86	28.94	96.6	26.48	28.94	100.2
14/06/2018 1:33:42 PM	3611792022	1013.00	26.78	28.94	97.4	27.13	28.94	94.2	26.83	28.94	96.9	26.51	28.94	99.9
14/06/2018 1:33:43 PM	3611792023	1013.00	26.78	28.94	97.4	27.15	28.94	94.0	26.84	28.94	96.8	26.48	28.94	100.2
14/06/2018 1:33:44 PM	3611792024	1013.00	26.79	28.94	97.3	27.16	28.94	93.9	26.86	28.94	96.6	26.52	28.94	99.8
14/06/2018 1:33:45 PM	3611792025	1013.00	26.80	28.94	97.2	27.19	28.94	93.6	26.85	28.94	96.7	26.48	28.94	100.2
14/06/2018 1:33:46 PM	3611792026	1013.00	26.79	28.94	97.3	27.20	28.94	93.6	26.85	28.94	96.7	26.49	28.94	100.1
14/06/2018 1:33:47 PM	3611792027	1013.00	26.77	28.94	97.5	27.15	28.94	94.0	26.83	28.94	96.9	26.47	28.94	100.3
14/06/2018 1:33:48 PM	3611792028	1013.00	26.83	28.94	96.9	27.15	28.94	94.0	26.82	28.94	97.0	26.51	28.94	99.9
14/06/2018 1:33:49 PM	3611792029	1013.00	26.80	28.94	97.2	27.18	28.94	93.7	26.88	28.94	96.4	26.43	28.94	100.7
14/06/2018 1:33:50 PM	3611792030	1013.00	26.79	28.94	97.3	27.18	28.94	93.7	26.86	28.94	96.6	26.52	28.94	99.8
14/06/2018 1:33:51 PM	3611792031	1013.00	26.87	28.94	96.5	27.22	28.94	93.4	26.84	28.94	96.8	26.49	28.94	100.1
14/06/2018 1:33:52 PM	3611792032	1013.00	26.79	28.94	97.3	27.21	28.94	93.5	26.83	28.94	96.9	26.48	28.94	100.2
14/06/2018 1:33:53 PM	3611792033	1013.00	26.82	28.94	97.0	27.20	28.94	93.6	26.85	28.94	96.7	26.52	28.94	99.8
14/06/2018 1:33:54 PM	3611792034	1013.00	26.83	28.94	96.9	27.22	28.94	93.4	26.84	28.94	96.8	26.51	28.94	99.9
14/06/2018 1:33:55 PM	3611792035	1013.00	26.80	28.94	97.2	27.23	28.94	93.3	26.83	28.94	96.9	26.47	28.94	100.3
14/06/2018 1:33:56 PM	3611792036	1013.00	26.83	28.94	96.9	27.21	28.94	93.5	26.83	28.94	96.9	26.53	28.94	99.7
14/06/2018 1:33:57 PM	3611792037	1013.00	26.83	28.94	96.9	27.23	28.94	93.3	26.84	28.94	96.8	26.51	28.94	99.9
14/06/2018 1:33:58 PM	3611792038	1013.00	26.87	28.94	96.5	27.22	28.94	93.4	26.81	28.94	97.1	26.51	28.94	99.9
14/06/2018 1:33:59 PM	3611792039	1013.00	26.81	28.94	97.1	27.24	28.94	93.2	26.85	28.94	96.7	26.50	28.94	100.0
14/06/2018 1:34:00 PM	3611792040	1013.00	26.85	28.94	96.7	27.21	28.94	93.5	26.80	28.94	97.2	26.51	28.94	99.9
14/06/2018 1:34:01 PM	3611792041	1013.00	26.84	28.94	96.8	27.16	28.94	93.9	26.82	28.94	97.0	26.50	28.94	100.0
14/06/2018 1:34:02 PM	3611792042	1013.00	26.83	28.94	96.9	27.25	28.94	93.1	26.83	28.94	96.9	26.54	28.94	99.6
14/06/2018 1:34:03 PM	3611792043	1013.00	26.83	28.94	96.9	27.24	28.94	93.2	26.82	28.94	97.0	26.52	28.94	99.8
14/06/2018 1:34:04 PM	3611792044	1013.00	26.84	28.95	96.8	27.23	28.95	93.3	26.81	28.95	97.1	26.53	28.95	99.7
14/06/2018 1:34:05 PM	3611792045	1013.00	26.84	28.94	96.8	27.26	28.94	93.0	26.80	28.94	97.2	26.52	28.94	99.8
14/06/2018 1:34:06 PM	3611792046	1013.00	26.86	28.94	96.6	27.25	28.94	93.1	26.82	28.94	97.0	26.48	28.94	100.2
14/06/2018 1:34:07 PM	3611792047	1013.00	26.82	28.94	97.0	27.27	28.94	92.9	26.84	28.94	96.8	26.50	28.94	100.0
14/06/2018 1:34:08 PM	3611792048	1013.00	26.87	28.94	96.5	27.26	28.94	93.0	26.85	28.94	96.7	26.55	28.94	99.5
14/06/2018 1:34:09 PM	3611792049	1013.00	26.84	28.94	96.8	27.25	28.94	93.1	26.81	28.94	97.1	26.54	28.94	99.6
14/06/2018 1:34:10 PM	3611792050	1013.00	26.87	28.94	96.5	27.26	28.94	93.0	26.82	28.94	97.0	26.53	28.94	99.7
14/06/2018 1:34:11 PM	3611792051	1013.00	26.89	28.94	96.3	27.29	28.94	92.8	26.81	28.94	97.1	26.53	28.94	99.7
14/06/2018 1:34:12 PM	3611792052	1013.00	26.91	28.94	96.2	27.28	28.94	92.8	26.80	28.94	97.2	26.56	28.94	99.4
14/06/2018 1:34:13 PM	3611792053	1013.00	26.89	28.94	96.3	27.26	28.94	93.0	26.82	28.94	97.0	26.52	28.94	99.8
14/06/2018 1:34:14 PM	3611792054	1013.00	26.89	28.95	96.3	27.29	28.95	92.7	26.83	28.95	96.9	26.53	28.95	99.7
14/06/2018 1:34:15 PM	3611792055	1013.00	26.91	28.94	96.2	27.30	28.94	92.7	26.85	28.94	96.7	26.57	28.94	99.3
14/06/2018 1:34:16 PM	3611792056	1013.00	26.88	28.94	96.4	27.30	28.94	92.7	26.83	28.94	96.9	26.52	28.94	99.8
14/06/2018 1:34:17 PM	3611792057	1013.00	26.90	28.94	96.3	27.29	28.94	92.8	26.82	28.94	97.0	26.54	28.94	99.6
14/06/2018 1:34:18 PM	3611792058	1013.00	26.91	28.94	96.2	27.30	28.94	92.7	26.85	28.94	96.7	26.57	28.94	99.3
14/06/2018 1:34:19 PM	3611792059	1013.00	26.91	28.94	96.2	27.25	28.94	93.1	26.84	28.94	96.8	26.56	28.94	99.4
14/06/2018 1:34:20 PM	3611792060	1013.00	26.90	28.94	96.3	27.25	28.94	93.1	26.84	28.94	96.8	26.56	28.94	99.4
14/06/2018 1:34:21 PM	3611792061	1013.00	26.88	28.94	96.4	27.25	28.94	93.1	26.86	28.94	96.6	26.55	28.94	99.5
14/06/2018 1:34:22 PM	3611792062	1013.00	26.93	28.94	96.0	27.28	28.94	92.8	26.87	28.94	96.5	26.58	28.94	99.2
14/06/2018 1:34:23 PM	3611792063	1013.00	26.95	28.94	95.8	27.33	28.94	92.4	26.91	28.94	96.2	26.59	28.94	99.2
14/06/2018 1:34:24 PM	3611792064	1013.00	26.91	28.94	96.2	27.30	28.94	92.7	26.86	28.94	96.6	26.56	28.94	99.4
14/06/2018 1:34:25 PM	3611792065	1013.00	26.92	28.94	96.1	27.30	28.94	92.7	26.88	28.94	96.4	26.55	28.94	99.5
14/06/2018 1:34:26 PM	3611792066	1013.00	26.91	28.94	96.2	27.30	28.94	92.7	26.93	28.94	96.0	26.57	28.94	99.3
14/06/2018 1:34:27 PM	3611792067	1013.00	26.93	28.94	96.0	27.31	28.94	92.6	26.91	28.94	96.2	26.55	28.94	99.5
14/06/2018 1:34:28 PM	3611792068	1013.00	26.94	28.95	95.9	27.36	28.95	92.1	26.96	28.95	95.7	26.57	28.95	99.3
14/06/2018 1:34:29 PM	3611792069	1013.00	26.96	28.94	95.7	27.31	28.94	92.6	26.91	28.94	96.2	26.56	28.94	99.4
14/06/2018 1:34:30 PM	3611792070	1013.00	26.94	28.94	95.9	27.29	28.94	92.8	26.92	28.94	96.1	26.58	28.94	99.2
14/06/2018 1:34:31 PM	3611792071	1013.00	26.95	28.94	95.8	27.31	28.94	92.6	26.93	28.94	96.0	26.61	28.94	99.0
14/06/2018 1:34:32 PM	3611792072	1013.00	26.94	28.95	95.9	27.29	28.95	92.7	26.95	28.95	95.8	26.60	28.95	99.0
14/06/2018 1:34:33 PM	3611792073	1013.00	26.95	28.94	95.8	27.31	28.94	92.6	26.93	28.94	96.0	26.59	28.94	99.2
14/06/2018 1:34:34 PM	3611792074	1013.00	26.94	28.95	95.9	27.33	28.95	92.4	26.97	28.95	95.6	26.58	28.95	99.2
14/06/2018 1:34:35 PM	3611792075	1013.00	26.97	28.95	95.6	27.34	28.95	92.3	26.99	28.95	95.4	26.59	28.95	99.1
14/06/2018 1:34:36 PM	3611792076	1013.00	26.99	28.95	95.4	27.34	28.95	92.3	27.00	28.95	95.3	26.59	28.95	99.1
14/06/2018 1:34:37 PM	3611792077	1013.00	26.97	28.95	95.6	27.38	28.95	92.0	27.00	28.95	95.3	26.58	28.95	99.2
14/06/2018 1:34:38 PM	3611792078	1013.00	26.95	28.95	95.8	27.37	28.95	92.0	26.97	28.95	95.6	26.57	28.95	99.3
14/06/2018 1:34:39 PM	3611792079	1013.00	26.96	28.95	95.7	27.33	28.95	92.4	26.99	28.95	95.4	26.59	28.95	99.1
14/06/2018 1:34:40 PM	3611792080	1013.00	27.01	28.95	95.2	27.39	28.95	91.9	27.01	28.95	95.2	26.62	28.95	98.9
14/06/2018 1:34:41 PM	3611792081	1013.00	26.94	28.95	95.9	27.37	28.95	92.0	26.99	28.95	95.4	26.62	28.95	98.9
14/06/2018 1:34:42 PM	3611792082	1013.00	26.99	28.95	95.4	27.39	28.95	91.9	26.98	28.95	95.5	26.61	28.95	98.9
14/06/2018 1:34:43 PM	3611792083	1013.00	26.95	28.95	95.8	27.36	28.95	92.1	26.98	28.95	95.5	26.60	28.95	99.0
14/06/2018 1:34:44 PM	3611792084	1013.00	26.99	28.95	95.4	27.35	28.95	92.2	27.04	28.95	95.0	26.58	28.95	99.2
14/06/2018 1:34:45 PM	3611792085	1013.00	26.99	28.95	95.4	27.43	28.95	91.5	27.00	28.95	95.3	26.59	28.95	99.1
14/06/2018 1:34:46 PM	3611792086	1013.00	26.96	28.94	95.7	27.39	28.94	91.9	27.05	28.94	94.9	26.59	28.94	99.2
14/06/2018 1:34:47 PM	3611792087	1013.00	26.99	28.94	95.4	27.38	28.94	92.0	27.06	28.94	94.8	26.62	28.94	98.9
14/06/2018 1:34:48 PM	3611792088	1013.00	27.01	28.95	95.2	27.34	28.95	92.3	27.07	28.95	94.7	26.62	28.95	98.9
14/06/2018 1:34:49 PM	3611792089	1013.00	27.02	28.95	95.1	27.37	28.95	92.0	27.03	28.95	95.1	26.61	28.95	98.9
14/06/2018 1:34:50 PM	3611792090	1013.00	26.99	28.95	95.4	27.38	28.95	92.0	27.04	28.95	95.0	26.61	28.95	98.9
14/06/2018 1:34:51 PM	3611792091	1013.00	27.06	28.95	94.8	27.40	28.95	91.8	27.07	28.95	94.7	26.61	28.95	98.9
14/06/2018 1:34:52 PM	3611792092	1013.00	27.03	28.96	95.0	27.39	28.96	91.9	27.09	28.96	94.5	26.61	28.96	98.9
14/06/2018 1:34:53 PM	3611792093	1013.00	27.01	28.95	95.2	27.42	28.95	91.6	27.05	28.95	94.9	26.63	28.95	98.8
14/06/2018 1:34:54 PM	3611792094	1013.00	27.03	28.95	95.1	27.41	28.95	91.7	27.08	28.95	94.6	26.59	28.95	99.1
14/06/2018 1:34:55 PM	3611792095	1013.00	27.03	28.95	95.1	27.42	28.95	91.6	27.09	28.95	94.5	26.61	28.95	98.9
14/06/2018 1:34:56 PM	3611792096	1013.00	26.99	28.96	95.4	27.40	28.96	91.8	27.10	28.96	94.4	26.62	28.96	98.8
14/06/2018 1:34:57 PM	3611792097	1013.00	27.06	28.96	94.8	27.40	28.96	91.8	27.09	28.96	94.5	26.60	28.96	99.0
14/06/2018 1:34:58 PM	3611792098	1013.00	27.04	28.96	94.9	27.43	28.96	91.5	27.08	28.96	94.6	26.64	28.96	98.6
14/06/2018 1:34:59 PM	3611792099	1013.00	27.02	28.96	95.1	27.42	28.96	91.6	27.07	28.96	94.7	26.61	28.96	98.9
14/06/2018 1:35:00 PM	3611792100	1013.00	27.02	28.96	95.1	27.39	28.96	91.9	27.08	28.96	94.6	26.62	28.96	98.8
14/06/2018 1:35:01 PM	3611792101	1013.00	27.04	28.96	94.9	27.46	28.96	91.3	27.08	28.96	94.6	26.64	28.96	98.6
14/06/2018 1:35:02 PM	3611792102	1013.00	27.09	28.96	94.5	27.45	28.96	91.3	27.09	28.96	94.5	26.62	28.96	98.8
14/06/2018 1:35:03 PM	3611792103	1013.00	27.02	28.96	95.1	27.50	28.96	90.9	27.13	28.96	94.1	26.65	28.96	98.5
14/06/2018 1:35:04 PM	3611792104	1013.00	27.02	28.96	95.1	27.44	28.96	91.4	27.12	28.96	94.2	26.65	28.96	98.5
14/06/2018 1:35:05 PM	3611792105	1013.00	27.07	28.96	94.7	27.37	28.96	92.0	27.08	28.96	94.6	26.62	28.96	98.8
14/06/2018 1:35:06 PM	3611792106	1013.00	27.05	28.96	94.9	27.39	28.96	91.9	27.13	28.96	94.1	26.65	28.96	98.5
14/06/2018 1:35:07 PM	3611792107	1013.00	27.03	28.96	95.0	27.38	28.96	91.9	27.10	28.96	94.4	26.63	28.96	98.7
14/06/2018 1:35:08 PM	3611792108	1013.00	27.06	28.96	94.8	27.43	28.96	91.5	27.13	28.96	94.1	26.62	28.96	98.8
14/06/2018 1:35:09 PM	3611792109	1013.00	27.04	28.96	94.9	27.42	28.96	91.6	27.13	28.96	94.1	26.65	28.96	98.5
14/06/2018 1:35:10 PM	3611792110	1013.00	27.02	28.96	95.1	27.38	28.96	91.9	27.13	28.96	94.1	26.63	28.96	98.7
14/06/2018 1:35:11 PM	3611792111	1013.00	27.06	28.97	94.8	27.41	28.97	91.7	27.13	28.97	94.1	26.66	28.97	98.4
14/06/2018 1:35:12 PM	3611792112	1013.00	27.06	28.96	94.8	27.41	28.96	91.7	27.15	28.96	94.0	26.64	28.96	98.6
14/06/2018 1:35:13 PM	3611792113	1013.00	27.09	28.96	94.5	27.40	28.96	91.8	27.15	28.96	94.0	26.65	28.96	98.5
14/06/2018 1:35:14 PM	3611792114	1013.00	27.03	28.96	95.0	27.41	28.96	91.7	27.15	28.96	94.0	26.62	28.96	98.8
14/06/2018 1:35:15 PM	3611792115	1013.00	27.06	28.97	94.8	27.40	28.97	91.8	27.14	28.97	94.0	26.61	28.97	98.9
14/06/2018 1:35:16 PM	3611792116	1013.00	27.05	28.96	94.9	27.39	28.96	91.9	27.18	28.96	93.7	26.65	28.96	98.5
14/06/2018 1:35:17 PM	3611792117	1013.00	27.07	28.97	94.7	27.43	28.97	91.5	27.17	28.97	93.8	26.65	28.97	98.5
14/06/2018 1:35:18 PM	3611792118	1013.00	27.05	28.97	94.8	27.37	28.97	92.0	27.14	28.97	94.0	26.64	28.97	98.6
14/06/2018 1:35:19 PM	3611792119	1013.00	27.07	28.97	94.7	27.41	28.97	91.7	27.16	28.97	93.9	26.65	28.97	98.5
14/06/2018 1:35:20 PM	3611792120	1013.00	27.05	28.97	94.8	27.43	28.97	91.5	27.16	28.97	93.9	26.65	28.97	98.5
14/06/2018 1:35:21 PM	3611792121	1013.00	27.05	28.97	94.8	27.45	28.97	91.3	27.19	28.97	93.6	26.68	28.97	98.3
14/06/2018 1:35:22 PM	3611792122	1013.00	27.06	28.97	94.8	27.50	28.97	90.9	27.18	28.97	93.7	26.64	28.97	98.6
14/06/2018 1:35:23 PM	3611792123	1013.00	27.06	28.97	94.8	27.44	28.97	91.4	27.15	28.97	93.9	26.67	28.97	98.3
14/06/2018 1:35:24 PM	3611792124	1013.00	27.08	28.98	94.6	27.43	28.98	91.5	27.17	28.98	93.8	26.69	28.98	98.1
14/06/2018 1:35:25 PM	3611792125	1013.00	27.04	28.98	94.9	27.45	28.98	91.3	27.18	28.98	93.7	26.70	28.98	98.0
14/06/2018 1:35:26 PM	3611792126	1013.00	27.04	28.98	94.9	27.46	28.98	91.2	27.18	28.98	93.7	26.69	28.98	98.1
14/06/2018 1:35:27 PM	3611792127	1013.00	27.04	28.98	94.9	27.43	28.98	91.5	27.20	28.98	93.5	26.68	28.98	98.2
14/06/2018 1:35:28 PM	3611792128	1013.00	27.04	28.98	94.9	27.46	28.98	91.2	27.20	28.98	93.5	26.69	28.98	98.1
14/06/2018 1:35:29 PM	3611792129	1013.00	27.07	28.98	94.6	27.48	28.98	91.1	27.20	28.98	93.5	26.70	28.98	98.0
14/06/2018 1:35:30 PM	3611792130	1013.00	27.10	28.98	94.4	27.49	28.98	91.0	27.21	28.98	93.4	26.70	28.98	98.0
14/06/2018 1:35:31 PM	3611792131	1013.00	27.09	28.97	94.5	27.50	28.97	90.9	27.20	28.97	93.5	26.65	28.97	98.5
14/06/2018 1:35:32 PM	3611792132	1013.00	27.08	28.97	94.6	27.51	28.97	90.8	27.23	28.97	93.2	26.70	28.97	98.1
14/06/2018 1:35:33 PM	3611792133	1013.00	27.11	28.98	94.3	27.49	28.98	91.0	27.19	28.98	93.6	26.66	28.98	98.4
14/06/2018 1:35:34 PM	3611792134	1013.00	27.09	28.99	94.5	27.44	28.99	91.4	27.22	28.99	93.3	26.69	28.99	98.1
14/06/2018 1:35:35 PM	3611792135	1013.00	27.09	28.99	94.5	27.51	28.99	90.8	27.21	28.99	93.4	26.71	28.99	97.9
14/06/2018 1:35:36 PM	3611792136	1013.00	27.05	28.99	94.8	27.48	28.99	91.0	27.19	28.99	93.6	26.69	28.99	98.1
14/06/2018 1:35:37 PM	3611792137	1013.00	27.07	28.99	94.6	27.50	28.99	90.9	27.20	28.99	93.5	26.69	28.99	98.1
14/06/2018 1:35:38 PM	3611792138	1013.00	27.11	28.99	94.3	27.51	28.99	90.8	27.20	28.99	93.5	26.70	28.99	98.0
14/06/2018 1:35:39 PM	3611792139	1013.00	27.11	28.99	94.3	27.53	28.99	90.6	27.20	28.99	93.5	26.71	28.99	97.9
14/06/2018 1:35:40 PM	3611792140	1013.00	27.11	28.99	94.3	27.53	28.99	90.6	27.21	28.99	93.4	26.70	28.99	98.0
14/06/2018 1:35:41 PM	3611792141	1013.00	27.10	29.00	94.3	27.53	29.00	90.6	27.22	29.00	93.3	26.68	29.00	98.2
14/06/2018 1:35:42 PM	3611792142	1013.00	27.12	29.00	94.2	27.52	29.00	90.7	27.21	29.00	93.4	26.73	29.00	97.7
14/06/2018 1:35:43 PM	3611792143	1013.00	27.12	29.00	94.2	27.53	29.00	90.6	27.22	29.00	93.3	26.66	29.00	98.4
14/06/2018 1:35:44 PM	3611792144	1013.00	27.07	29.00	94.6	27.53	29.00	90.6	27.22	29.00	93.3	26.66	29.00	98.4
14/06/2018 1:35:45 PM	3611792145	1013.00	27.09	29.00	94.4	27.48	29.00	91.0	27.21	29.00	93.4	26.70	29.00	98.0
14/06/2018 1:35:46 PM	3611792146	1013.00	27.10	29.01	94.3	27.51	29.01	90.7	27.24	29.01	93.1	26.67	29.01	98.3
14/06/2018 1:35:47 PM	3611792147	1013.00	27.08	29.00	94.5	27.54	29.00	90.5	27.22	29.00	93.3	26.69	29.00	98.1
14/06/2018 1:35:48 PM	3611792148	1013.00	27.13	29.00	94.1	27.49	29.00	90.9	27.23	29.00	93.2	26.72	29.00	97.8
14/06/2018 1:35:49 PM	3611792149	1013.00	27.11	29.00	94.3	27.55	29.00	90.4	27.23	29.00	93.2	26.73	29.00	97.7
14/06/2018 1:35:50 PM	3611792150	1013.00	27.10	29.00	94.3	27.54	29.00	90.5	27.23	29.00	93.2	26.74	29.00	97.6
14/06/2018 1:35:51 PM	3611792151	1013.00	27.13	29.00	94.1	27.50	29.00	90.8	27.24	29.00	93.1	26.72	29.00	97.8
14/06/2018 1:35:52 PM	3611792152	1013.00	27.11	29.01	94.2	27.59	29.01	90.1	27.21	29.01	93.4	26.70	29.01	98.0
14/06/2018 1:35:53 PM	3611792153	1013.00	27.09	29.01	94.4	27.60	29.01	90.0	27.21	29.01	93.4	26.71	29.01	97.9
14/06/2018 1:35:54 PM	3611792154	1013.00	27.12	29.01	94.2	27.59	29.01	90.1	27.22	29.01	93.3	26.71	29.01	97.9
14/06/2018 1:35:55 PM	3611792155	1013.00	27.13	29.01	94.1	27.59	29.01	90.1	27.21	29.01	93.4	26.73	29.01	97.7
14/06/2018 1:35:56 PM	3611792156	1013.00	27.11	29.01	94.2	27.54	29.01	90.5	27.25	29.01	93.0	26.76	29.01	97.4
14/06/2018 1:35:57 PM	3611792157	1013.00	27.15	29.01	93.9	27.54	29.01	90.5	27.25	29.01	93.0	26.75	29.01	97.5
14/06/2018 1:35:58 PM	3611792158	1013.00	27.15	29.01	93.9	27.57	29.01	90.2	27.23	29.01	93.2	26.73	29.01	97.7
14/06/2018 1:35:59 PM	3611792159	1013.00	27.10	29.01	94.3	27.59	29.01	90.1	27.25	29.01	93.0	26.74	29.01	97.6
14/06/2018 1:36:00 PM	3611792160	1013.00	27.11	29.01	94.2	27.62	29.01	89.8	27.23	29.01	93.2	26.71	29.01	97.9
14/06/2018 1:36:01 PM	3611792161	1013.00	27.13	29.01	94.1	27.60	29.01	90.0	27.24	29.01	93.1	26.74	29.01	97.6
14/06/2018 1:36:02 PM	3611792162	1013.00	27.13	29.02	94.0	27.60	29.02	90.0	27.21	29.02	93.3	26.74	29.02	97.6
14/06/2018 1:36:03 PM	3611792163	1013.00	27.16	29.01	93.8	27.59	29.01	90.1	27.24	29.01	93.1	26.75	29.01	97.5
14/06/2018 1:36:04 PM	3611792164	1013.00	27.17	29.01	93.7	27.62	29.01	89.8	27.25	29.01	93.0	26.71	29.01	97.9
14/06/2018 1:36:05 PM	3611792165	1013.00	27.13	29.01	94.1	27.60	29.01	90.0	27.25	29.01	93.0	26.75	29.01	97.5
14/06/2018 1:36:06 PM	3611792166	1013.00	27.18	29.01	93.6	27.61	29.01	89.9	27.24	29.01	93.1	26.73	29.01	97.7
14/06/2018 1:36:07 PM	3611792167	1013.00	27.16	29.01	93.8	27.60	29.01	90.0	27.24	29.01	93.1	26.75	29.01	97.5
14/06/2018 1:36:08 PM	3611792168	1013.00	27.15	29.01	93.9	27.62	29.01	89.8	27.27	29.01	92.8	26.71	29.01	97.9
14/06/2018 1:36:09 PM	3611792169	1013.00	27.12	29.01	94.2	27.57	29.01	90.2	27.28	29.01	92.7	26.76	29.01	97.4
14/06/2018 1:36:10 PM	3611792170	1013.00	27.13	29.01	94.1	27.62	29.01	89.8	27.32	29.01	92.4	26.72	29.01	97.8
14/06/2018 1:36:11 PM	3611792171	1013.00	27.15	29.01	93.9	27.61	29.01	89.9	27.31	29.01	92.5	26.74	29.01	97.6
14/06/2018 1:36:12 PM	3611792172	1013.00	27.13	29.02	94.0	27.63	29.02	89.7	27.33	29.02	92.3	26.75	29.02	97.5
14/06/2018 1:36:13 PM	3611792173	1013.00	27.16	29.01	93.8	27.61	29.01	89.9	27.32	29.01	92.4	26.76	29.01	97.4
14/06/2018 1:36:14 PM	3611792174	1013.00	27.16	29.01	93.8	27.64	29.01	89.6	27.30	29.01	92.6	26.75	29.01	97.5
14/06/2018 1:36:15 PM	3611792175	1013.00	27.15	29.01	93.9	27.64	29.01	89.6	27.31	29.01	92.5	26.75	29.01	97.5
14/06/2018 1:36:16 PM	3611792176	1013.00	27.14	29.01	94.0	27.63	29.01	89.7	27.31	29.01	92.5	26.78	29.01	97.2
14/06/2018 1:36:17 PM	3611792177	1013.00	27.16	29.01	93.8	27.59	29.01	90.1	27.36	29.01	92.0	26.77	29.01	97.3
14/06/2018 1:36:18 PM	3611792178	1013.00	27.19	29.01	93.5	27.62	29.01	89.8	27.32	29.01	92.4	26.79	29.01	97.2
14/06/2018 1:36:19 PM	3611792179	1013.00	27.16	29.01	93.8	27.63	29.01	89.7	27.32	29.01	92.4	26.78	29.01	97.2
14/06/2018 1:36:20 PM	3611792180	1013.00	27.17	29.01	93.7	27.65	29.01	89.6	27.33	29.01	92.3	26.79	29.01	97.2
14/06/2018 1:36:21 PM	3611792181	1013.00	27.16	29.01	93.8	27.66	29.01	89.5	27.35	29.01	92.1	26.80	29.01	97.1
14/06/2018 1:36:22 PM	3611792182	1013.00	27.17	29.01	93.7	27.66	29.01	89.5	27.35	29.01	92.1	26.77	29.01	97.3
14/06/2018 1:36:23 PM	3611792183	1013.00	27.18	29.01	93.6	27.65	29.01	89.6	27.34	29.01	92.2	26.77	29.01	97.3
14/06/2018 1:36:24 PM	3611792184	1013.00	27.19	29.01	93.5	27.66	29.01	89.5	27.35	29.01	92.1	26.79	29.01	97.2
14/06/2018 1:36:25 PM	3611792185	1013.00	27.16	29.01	93.8	27.65	29.01	89.6	27.38	29.01	91.9	26.80	29.01	97.1
14/06/2018 1:36:26 PM	3611792186	1013.00	27.23	29.01	93.2	27.68	29.01	89.3	27.37	29.01	92.0	26.80	29.01	97.1
14/06/2018 1:36:27 PM	3611792187	1013.00	27.18	29.02	93.6	27.63	29.02	89.7	27.39	29.02	91.8	26.82	29.02	96.9
14/06/2018 1:36:28 PM	3611792188	1013.00	27.19	29.02	93.5	27.63	29.02	89.7	27.36	29.02	92.0	26.80	29.02	97.0
14/06/2018 1:36:29 PM	3611792189	1013.00	27.19	29.02	93.5	27.66	29.02	89.5	27.41	29.02	91.6	26.80	29.02	97.0
14/06/2018 1:36:30 PM	3611792190	1013.00	27.18	29.02	93.6	27.65	29.02	89.5	27.38	29.02	91.9	26.80	29.02	97.0
14/06/2018 1:36:31 PM	3611792191	1013.00	27.19	29.02	93.5	27.70	29.02	89.1	27.40	29.02	91.7	26.80	29.02	97.0
14/06/2018 1:36:32 PM	3611792192	1013.00	27.21	29.02	93.3	27.67	29.02	89.4	27.40	29.02	91.7	26.82	29.02	96.9
14/06/2018 1:36:33 PM	3611792193	1013.00	27.17	29.02	93.7	27.66	29.02	89.5	27.39	29.02	91.8	26.80	29.02	97.0
14/06/2018 1:36:34 PM	3611792194	1013.00	27.23	29.02	93.2	27.66	29.02	89.5	27.40	29.02	91.7	26.79	29.02	97.1
14/06/2018 1:36:35 PM	3611792195	1013.00	27.21	29.03	93.3	27.67	29.03	89.4	27.41	29.03	91.6	26.80	29.03	97.0
14/06/2018 1:36:36 PM	3611792196	1013.00	27.20	29.03	93.4	27.66	29.03	89.4	27.40	29.03	91.7	26.81	29.03	96.9
14/06/2018 1:36:37 PM	3611792197	1013.00	27.18	29.03	93.6	27.69	29.03	89.2	27.40	29.03	91.7	26.80	29.03	97.0
14/06/2018 1:36:38 PM	3611792198	1013.00	27.20	29.03	93.4	27.62	29.03	89.8	27.45	29.03	91.2	26.83	29.03	96.8
14/06/2018 1:36:39 PM	3611792199	1013.00	27.24	29.03	93.1	27.70	29.03	89.1	27.37	29.03	91.9	26.86	29.03	96.5
14/06/2018 1:36:40 PM	3611792200	1013.00	27.23	29.03	93.1	27.67	29.03	89.4	27.38	29.03	91.8	26.81	29.03	96.9
14/06/2018 1:36:41 PM	3611792201	1013.00	27.23	29.03	93.1	27.75	29.03	88.7	27.40	29.03	91.7	26.84	29.03	96.7
14/06/2018 1:36:42 PM	3611792202	1013.00	27.23	29.03	93.1	27.67	29.03	89.4	27.40	29.03	91.7	26.82	29.03	96.8
14/06/2018 1:36:43 PM	3611792203	1013.00	27.22	29.03	93.2	27.69	29.03	89.2	27.45	29.03	91.2	26.79	29.03	97.1
14/06/2018 1:36:44 PM	3611792204	1013.00	27.22	29.03	93.2	27.69	29.03	89.2	27.43	29.03	91.4	26.80	29.03	97.0
14/06/2018 1:36:45 PM	3611792205	1013.00	27.19	29.04	93.5	27.70	29.04	89.1	27.39	29.04	91.7	26.81	29.04	96.9
14/06/2018 1:36:46 PM	3611792206	1013.00	27.21	29.04	93.3	27.75	29.04	88.7	27.40	29.04	91.6	26.84	29.04	96.6
14/06/2018 1:36:47 PM	3611792207	1013.00	27.19	29.04	93.5	27.71	29.04	89.0	27.40	29.04	91.6	26.83	29.04	96.7
14/06/2018 1:36:48 PM	3611792208	1013.00	27.20	29.04	93.4	27.67	29.04	89.4	27.42	29.04	91.5	26.82	29.04	96.8
14/06/2018 1:36:49 PM	3611792209	1013.00	27.18	29.04	93.6	27.71	29.04	89.0	27.38	29.04	91.8	26.83	29.04	96.7
14/06/2018 1:36:50 PM	3611792210	1013.00	27.19	29.04	93.5	27.72	29.04	88.9	27.43	29.04	91.4	26.82	29.04	96.8
14/06/2018 1:36:51 PM	3611792211	1013.00	27.23	29.04	93.1	27.72	29.04	88.9	27.41	29.04	91.6	26.86	29.04	96.5
14/06/2018 1:36:52 PM	3611792212	1013.00	27.21	29.05	93.3	27.70	29.05	89.1	27.41	29.05	91.5	26.79	29.05	97.1
14/06/2018 1:36:53 PM	3611792213	1013.00	27.28	29.05	92.7	27.72	29.05	88.9	27.45	29.05	91.2	26.85	29.05	96.5
14/06/2018 1:36:54 PM	3611792214	1013.00	27.24	29.05	93.0	27.73	29.05	88.8	27.43	29.05	91.4	26.84	29.05	96.6
14/06/2018 1:36:55 PM	3611792215	1013.00	27.25	29.05	92.9	27.73	29.05	88.8	27.43	29.05	91.4	26.82	29.05	96.8
14/06/2018 1:36:56 PM	3611792216	1013.00	27.23	29.06	93.1	27.73	29.06	88.8	27.45	29.06	91.2	26.84	29.06	96.6
14/06/2018 1:36:57 PM	3611792217	1013.00	27.23	29.06	93.1	27.72	29.06	88.9	27.45	29.06	91.2	26.84	29.06	96.6
14/06/2018 1:36:58 PM	3611792218	1013.00	27.25	29.06	92.9	27.75	29.06	88.7	27.44	29.06	91.3	26.85	29.06	96.5
14/06/2018 1:36:59 PM	3611792219	1013.00	27.24	29.06	93.0	27.74	29.06	88.7	27.43	29.06	91.4	26.84	29.06	96.6
14/06/2018 1:37:00 PM	3611792220	1013.00	27.22	29.06	93.2	27.73	29.06	88.8	27.45	29.06	91.2	26.89	29.06	96.2
14/06/2018 1:37:01 PM	3611792221	1013.00	27.23	29.06	93.1	27.77	29.06	88.5	27.47	29.06	91.0	26.86	29.06	96.4
14/06/2018 1:37:02 PM	3611792222	1013.00	27.26	29.06	92.8	27.75	29.06	88.7	27.45	29.06	91.2	26.86	29.06	96.4
14/06/2018 1:37:03 PM	3611792223	1013.00	27.26	29.06	92.8	27.75	29.06	88.7	27.45	29.06	91.2	26.88	29.06	96.2
14/06/2018 1:37:04 PM	3611792224	1013.00	27.22	29.06	93.2	27.74	29.06	88.7	27.47	29.06	91.0	26.85	29.06	96.5
14/06/2018 1:37:05 PM	3611792225	1013.00	27.24	29.06	93.0	27.78	29.06	88.4	27.49	29.06	90.8	26.86	29.06	96.4
14/06/2018 1:37:06 PM	3611792226	1013.00	27.26	29.06	92.8	27.78	29.06	88.4	27.48	29.06	90.9	26.87	29.06	96.3
14/06/2018 1:37:07 PM	3611792227	1013.00	27.27	29.06	92.7	27.76	29.06	88.6	27.47	29.06	91.0	26.87	29.06	96.3
14/06/2018 1:37:08 PM	3611792228	1013.00	27.23	29.07	93.1	27.70	29.07	89.1	27.47	29.07	91.0	26.87	29.07	96.3
14/06/2018 1:37:09 PM	3611792229	1013.00	27.25	29.07	92.9	27.72	29.07	88.9	27.48	29.07	90.9	26.88	29.07	96.2
14/06/2018 1:37:10 PM	3611792230	1013.00	27.25	29.07	92.9	27.68	29.07	89.2	27.46	29.07	91.1	26.89	29.07	96.1
14/06/2018 1:37:11 PM	3611792231	1013.00	27.26	29.06	92.8	27.77	29.06	88.5	27.50	29.06	90.8	26.88	29.06	96.2
14/06/2018 1:37:12 PM	3611792232	1013.00	27.28	29.07	92.6	27.75	29.07	88.6	27.48	29.07	90.9	26.88	29.07	96.2
14/06/2018 1:37:13 PM	3611792233	1013.00	27.25	29.06	92.9	27.76	29.06	88.6	27.50	29.06	90.8	26.92	29.06	95.9
14/06/2018 1:37:14 PM	3611792234	1013.00	27.26	29.06	92.8	27.79	29.06	88.3	27.50	29.06	90.8	26.86	29.06	96.4
14/06/2018 1:37:15 PM	3611792235	1013.00	27.26	29.06	92.8	27.77	29.06	88.5	27.51	29.06	90.7	26.90	29.06	96.1
14/06/2018 1:37:16 PM	3611792236	1013.00	27.26	29.06	92.8	27.73	29.06	88.8	27.51	29.06	90.7	26.88	29.06	96.2
14/06/2018 1:37:17 PM	3611792237	1013.00	27.25	29.06	92.9	27.73	29.06	88.8	27.49	29.06	90.8	26.84	29.06	96.6
14/06/2018 1:37:18 PM	3611792238	1013.00	27.30	29.06	92.5	27.77	29.06	88.5	27.48	29.06	90.9	26.87	29.06	96.3
14/06/2018 1:37:19 PM	3611792239	1013.00	27.25	29.06	92.9	27.80	29.06	88.2	27.50	29.06	90.8	26.88	29.06	96.2
14/06/2018 1:37:20 PM	3611792240	1013.00	27.23	29.07	93.1	27.80	29.07	88.2	27.51	29.07	90.7	26.91	29.07	96.0
14/06/2018 1:37:21 PM	3611792241	1013.00	27.30	29.06	92.5	27.80	29.06	88.2	27.52	29.06	90.6	26.90	29.06	96.1
14/06/2018 1:37:22 PM	3611792242	1013.00	27.29	29.06	92.6	27.77	29.06	88.5	27.50	29.06	90.8	26.88	29.06	96.2
14/06/2018 1:37:23 PM	3611792243	1013.00	27.26	29.06	92.8	27.80	29.06	88.2	27.52	29.06	90.6	26.93	29.06	95.8
14/06/2018 1:37:24 PM	3611792244	1013.00	27.30	29.06	92.5	27.77	29.06	88.5	27.49	29.06	90.8	26.91	29.06	96.0
14/06/2018 1:37:25 PM	3611792245	1013.00	27.28	29.06	92.7	27.82	29.06	88.1	27.53	29.06	90.5	26.91	29.06	96.0
14/06/2018 1:37:26 PM	3611792246	1013.00	27.28	29.06	92.7	27.77	29.06	88.5	27.50	29.06	90.8	26.88	29.06	96.2
14/06/2018 1:37:27 PM	3611792247	1013.00	27.30	29.07	92.5	27.81	29.07	88.1	27.55	29.07	90.3	26.92	29.07	95.9
14/06/2018 1:37:28 PM	3611792248	1013.00	27.28	29.07	92.6	27.82	29.07	88.1	27.54	29.07	90.4	26.89	29.07	96.1
14/06/2018 1:37:29 PM	3611792249	1013.00	27.32	29.07	92.3	27.86	29.07	87.7	27.55	29.07	90.3	26.92	29.07	95.9
14/06/2018 1:37:30 PM	3611792250	1013.00	27.31	29.08	92.4	27.82	29.08	88.0	27.51	29.08	90.6	26.91	29.08	95.9
14/06/2018 1:37:31 PM	3611792251	1013.00	27.27	29.08	92.7	27.79	29.08	88.3	27.51	29.08	90.6	26.89	29.08	96.1
14/06/2018 1:37:32 PM	3611792252	1013.00	27.26	29.07	92.8	27.80	29.07	88.2	27.54	29.07	90.4	26.93	29.07	95.8
14/06/2018 1:37:33 PM	3611792253	1013.00	27.27	29.08	92.7	27.75	29.08	88.6	27.53	29.08	90.5	26.91	29.08	95.9
14/06/2018 1:37:34 PM	3611792254	1013.00	27.27	29.08	92.7	27.80	29.08	88.2	27.53	29.08	90.5	26.92	29.08	95.8
14/06/2018 1:37:35 PM	3611792255	1013.00	27.33	29.07	92.2	27.86	29.07	87.7	27.52	29.07	90.6	26.90	29.07	96.0
14/06/2018 1:37:36 PM	3611792256	1013.00	27.29	29.08	92.5	27.81	29.08	88.1	27.57	29.08	90.1	26.91	29.08	95.9
14/06/2018 1:37:37 PM	3611792257	1013.00	27.29	29.08	92.5	27.80	29.08	88.2	27.55	29.08	90.3	26.92	29.08	95.8
14/06/2018 1:37:38 PM	3611792258	1013.00	27.32	29.08	92.3	27.87	29.08	87.6	27.54	29.08	90.4	26.93	29.08	95.8
14/06/2018 1:37:39 PM	3611792259	1013.00	27.33	29.08	92.2	27.87	29.08	87.6	27.54	29.08	90.4	26.90	29.08	96.0
14/06/2018 1:37:40 PM	3611792260	1013.00	27.29	29.08	92.5	27.80	29.08	88.2	27.53	29.08	90.5	26.93	29.08	95.8
14/06/2018 1:37:41 PM	3611792261	1013.00	27.31	29.09	92.4	27.85	29.09	87.8	27.54	29.09	90.4	26.90	29.09	96.0
14/06/2018 1:37:42 PM	3611792262	1013.00	27.30	29.09	92.4	27.83	29.09	87.9	27.55	29.09	90.3	26.93	29.09	95.7
14/06/2018 1:37:43 PM	3611792263	1013.00	27.28	29.09	92.6	27.83	29.09	87.9	27.58	29.09	90.0	26.91	29.09	95.9
14/06/2018 1:37:44 PM	3611792264	1013.00	27.34	29.09	92.1	27.82	29.09	88.0	27.53	29.09	90.5	26.92	29.09	95.8
14/06/2018 1:37:45 PM	3611792265	1013.00	27.28	29.09	92.6	27.81	29.09	88.1	27.52	29.09	90.5	26.92	29.09	95.8
14/06/2018 1:37:46 PM	3611792266	1013.00	27.33	29.09	92.2	27.85	29.09	87.8	27.55	29.09	90.3	26.93	29.09	95.7
14/06/2018 1:37:47 PM	3611792267	1013.00	27.35	29.09	92.0	27.88	29.09	87.5	27.57	29.09	90.1	26.92	29.09	95.8
14/06/2018 1:37:48 PM	3611792268	1013.00	27.26	29.09	92.8	27.84	29.09	87.9	27.57	29.09	90.1	26.92	29.09	95.8
14/06/2018 1:37:49 PM	3611792269	1013.00	27.31	29.09	92.4	27.88	29.09	87.5	27.60	29.09	89.9	26.97	29.09	95.4
14/06/2018 1:37:50 PM	3611792270	1013.00	27.28	29.09	92.6	27.87	29.09	87.6	27.58	29.09	90.0	26.93	29.09	95.7
14/06/2018 1:37:51 PM	3611792271	1013.00	27.30	29.09	92.4	27.87	29.09	87.6	27.55	29.09	90.3	26.93	29.09	95.7
14/06/2018 1:37:52 PM	3611792272	1013.00	27.29	29.10	92.5	27.85	29.10	87.8	27.56	29.10	90.2	26.93	29.10	95.7
14/06/2018 1:37:53 PM	3611792273	1013.00	27.30	29.10	92.4	27.90	29.10	87.4	27.55	29.10	90.3	26.95	29.10	95.5
14/06/2018 1:37:54 PM	3611792274	1013.00	27.30	29.10	92.4	27.88	29.10	87.5	27.60	29.10	89.8	26.94	29.10	95.6
14/06/2018 1:37:55 PM	3611792275	1013.00	27.29	29.10	92.5	27.91	29.10	87.3	27.58	29.10	90.0	26.90	29.10	96.0
14/06/2018 1:37:56 PM	3611792276	1013.00	27.36	29.10	91.9	27.88	29.10	87.5	27.59	29.10	89.9	26.97	29.10	95.4
14/06/2018 1:37:57 PM	3611792277	1013.00	27.33	29.10	92.2	27.92	29.10	87.2	27.56	29.10	90.2	26.95	29.10	95.5
14/06/2018 1:37:58 PM	3611792278	1013.00	27.32	29.11	92.2	27.92	29.11	87.2	27.59	29.11	89.9	26.96	29.11	95.4
14/06/2018 1:37:59 PM	3611792279	1013.00	27.30	29.11	92.4	27.94	29.11	87.0	27.57	29.11	90.1	26.96	29.11	95.4
14/06/2018 1:38:00 PM	3611792280	1013.00	27.30	29.11	92.4	27.88	29.11	87.5	27.57	29.11	90.1	26.95	29.11	95.5
14/06/2018 1:38:01 PM	3611792281	1013.00	27.33	29.11	92.1	27.89	29.11	87.4	27.58	29.11	90.0	26.99	29.11	95.2
14/06/2018 1:38:02 PM	3611792282	1013.00	27.34	29.11	92.1	27.90	29.11	87.3	27.56	29.11	90.2	26.96	29.11	95.4
14/06/2018 1:38:03 PM	3611792283	1013.00	27.32	29.11	92.2	27.92	29.11	87.2	27.59	29.11	89.9	26.93	29.11	95.7
14/06/2018 1:38:04 PM	3611792284	1013.00	27.31	29.12	92.3	27.93	29.12	87.1	27.56	29.12	90.2	26.97	29.12	95.3
14/06/2018 1:38:05 PM	3611792285	1013.00	27.32	29.12	92.2	27.91	29.12	87.3	27.59	29.12	89.9	26.96	29.12	95.4
14/06/2018 1:38:06 PM	3611792286	1013.00	27.29	29.12	92.5	27.97	29.12	86.8	27.57	29.12	90.1	26.97	29.12	95.3
14/06/2018 1:38:07 PM	3611792287	1013.00	27.33	29.13	92.1	27.95	29.13	86.9	27.56	29.13	90.1	26.98	29.13	95.2
14/06/2018 1:38:08 PM	3611792288	1013.00	27.32	29.12	92.2	27.95	29.12	86.9	27.58	29.12	90.0	26.96	29.12	95.4
14/06/2018 1:38:09 PM	3611792289	1013.00	27.30	29.13	92.4	27.91	29.13	87.2	27.58	29.13	90.0	26.94	29.13	95.6
14/06/2018 1:38:10 PM	3611792290	1013.00	27.36	29.13	91.9	27.93	29.13	87.1	27.62	29.13	89.6	26.98	29.13	95.2
14/06/2018 1:38:11 PM	3611792291	1013.00	27.34	29.13	92.0	27.94	29.13	87.0	27.59	29.13	89.9	26.97	29.13	95.3
14/06/2018 1:38:12 PM	3611792292	1013.00	27.33	29.13	92.1	27.94	29.13	87.0	27.59	29.13	89.9	26.97	29.13	95.3
14/06/2018 1:38:13 PM	3611792293	1013.00	27.32	29.13	92.2	27.97	29.13	86.8	27.58	29.13	90.0	27.02	29.13	94.9
14/06/2018 1:38:14 PM	3611792294	1013.00	27.35	29.13	91.9	27.96	29.13	86.8	27.58	29.13	90.0	26.97	29.13	95.3
14/06/2018 1:38:15 PM	3611792295	1013.00	27.30	29.13	92.4	27.92	29.13	87.2	27.61	29.13	89.7	26.95	29.13	95.5
14/06/2018 1:38:16 PM	3611792296	1013.00	27.33	29.13	92.1	27.97	29.13	86.8	27.61	29.13	89.7	26.99	29.13	95.1
14/06/2018 1:38:17 PM	3611792297	1013.00	27.29	29.14	92.4	27.94	29.14	87.0	27.61	29.14	89.7	26.95	29.14	95.5
14/06/2018 1:38:18 PM	3611792298	1013.00	27.37	29.14	91.8	27.93	29.14	87.1	27.60	29.14	89.8	26.98	29.14	95.2
14/06/2018 1:38:19 PM	3611792299	1013.00	27.36	29.14	91.8	27.95	29.14	86.9	27.60	29.14	89.8	27.00	29.14	95.0
14/06/2018 1:38:20 PM	3611792300	1013.00	27.37	29.14	91.8	27.93	29.14	87.1	27.65	29.14	89.4	27.01	29.14	94.9
14/06/2018 1:38:21 PM	3611792301	1013.00	27.35	29.14	91.9	27.95	29.14	86.9	27.63	29.14	89.5	27.03	29.14	94.8
14/06/2018 1:38:22 PM	3611792302	1013.00	27.40	29.14	91.5	27.93	29.14	87.1	27.60	29.14	89.8	26.99	29.14	95.1
14/06/2018 1:38:23 PM	3611792303	1013.00	27.40	29.14	91.5	27.96	29.14	86.8	27.63	29.14	89.5	27.01	29.14	94.9
14/06/2018 1:38:24 PM	3611792304	1013.00	27.37	29.14	91.8	27.93	29.14	87.1	27.69	29.14	89.0	27.00	29.14	95.0
14/06/2018 1:38:25 PM	3611792305	1013.00	27.34	29.14	92.0	27.94	29.14	87.0	27.68	29.14	89.1	26.98	29.14	95.2
14/06/2018 1:38:26 PM	3611792306	1013.00	27.37	29.14	91.8	27.93	29.14	87.1	27.68	29.14	89.1	27.01	29.14	94.9
14/06/2018 1:38:27 PM	3611792307	1013.00	27.39	29.14	91.6	27.95	29.14	86.9	27.67	29.14	89.2	27.04	29.14	94.7
14/06/2018 1:38:28 PM	3611792308	1013.00	27.39	29.14	91.6	27.97	29.14	86.7	27.68	29.14	89.1	27.00	29.14	95.0
14/06/2018 1:38:29 PM	3611792309	1013.00	27.38	29.14	91.7	27.96	29.14	86.8	27.69	29.14	89.0	27.00	29.14	95.0
14/06/2018 1:38:30 PM	3611792310	1013.00	27.38	29.14	91.7	27.97	29.14	86.7	27.66	29.14	89.3	27.02	29.14	94.8
14/06/2018 1:38:31 PM	3611792311	1013.00	27.40	29.15	91.5	27.93	29.15	87.0	27.70	29.15	88.9	27.02	29.15	94.8
14/06/2018 1:38:32 PM	3611792312	1013.00	27.38	29.15	91.6	27.95	29.15	86.9	27.70	29.15	88.9	27.00	29.15	95.0
14/06/2018 1:38:33 PM	3611792313	1013.00	27.36	29.16	91.8	27.96	29.16	86.8	27.68	29.16	89.1	27.01	29.16	94.9
14/06/2018 1:38:34 PM	3611792314	1013.00	27.36	29.15	91.8	27.98	29.15	86.6	27.68	29.15	89.1	27.03	29.15	94.7
14/06/2018 1:38:35 PM	3611792315	1013.00	27.35	29.15	91.9	27.95	29.15	86.9	27.71	29.15	88.9	27.01	29.15	94.9
14/06/2018 1:38:36 PM	3611792316	1013.00	27.36	29.15	91.8	28.01	29.15	86.4	27.70	29.15	88.9	26.99	29.15	95.1
14/06/2018 1:38:37 PM	3611792317	1013.00	27.37	29.15	91.7	27.97	29.15	86.7	27.72	29.15	88.8	27.04	29.15	94.6
14/06/2018 1:38:38 PM	3611792318	1013.00	27.33	29.14	92.1	27.93	29.14	87.1	27.69	29.14	89.0	27.00	29.14	95.0
14/06/2018 1:38:39 PM	3611792319	1013.00	27.36	29.14	91.8	28.01	29.14	86.4	27.70	29.14	89.0	27.03	29.14	94.8
14/06/2018 1:38:40 PM	3611792320	1013.00	27.39	29.15	91.6	27.99	29.15	86.6	27.68	29.15	89.1	27.01	29.15	94.9
14/06/2018 1:38:41 PM	3611792321	1013.00	27.40	29.15	91.5	28.01	29.15	86.4	27.72	29.15	88.8	27.05	29.15	94.6
14/06/2018 1:38:42 PM	3611792322	1013.00	27.42	29.15	91.3	28.01	29.15	86.4	27.74	29.15	88.6	27.04	29.15	94.6
14/06/2018 1:38:43 PM	3611792323	1013.00	27.39	29.16	91.5	27.99	29.16	86.5	27.72	29.16	88.8	27.02	29.16	94.8
14/06/2018 1:38:44 PM	3611792324	1013.00	27.39	29.16	91.5	28.01	29.16	86.4	27.74	29.16	88.6	27.07	29.16	94.4
14/06/2018 1:38:45 PM	3611792325	1013.00	27.40	29.16	91.5	27.99	29.16	86.5	27.71	29.16	88.8	27.03	29.16	94.7
14/06/2018 1:38:46 PM	3611792326	1013.00	27.40	29.16	91.5	28.01	29.16	86.4	27.70	29.16	88.9	27.04	29.16	94.6
14/06/2018 1:38:47 PM	3611792327	1013.00	27.43	29.16	91.2	28.03	29.16	86.2	27.71	29.16	88.8	27.08	29.16	94.3
14/06/2018 1:38:48 PM	3611792328	1013.00	27.45	29.16	91.0	28.02	29.16	86.3	27.71	29.16	88.8	27.02	29.16	94.8
14/06/2018 1:38:49 PM	3611792329	1013.00	27.41	29.16	91.4	28.06	29.16	86.0	27.75	29.16	88.5	27.03	29.16	94.7
14/06/2018 1:38:50 PM	3611792330	1013.00	27.40	29.16	91.5	28.00	29.16	86.5	27.75	29.16	88.5	27.03	29.16	94.7
14/06/2018 1:38:51 PM	3611792331	1013.00	27.40	29.15	91.5	28.02	29.15	86.3	27.74	29.15	88.6	27.05	29.15	94.6
14/06/2018 1:38:52 PM	3611792332	1013.00	27.41	29.16	91.4	28.05	29.16	86.1	27.76	29.16	88.4	27.05	29.16	94.5
14/06/2018 1:38:53 PM	3611792333	1013.00	27.40	29.16	91.5	28.04	29.16	86.1	27.72	29.16	88.8	27.06	29.16	94.5
14/06/2018 1:38:54 PM	3611792334	1013.00	27.43	29.16	91.2	28.04	29.16	86.1	27.76	29.16	88.4	27.08	29.16	94.3
14/06/2018 1:38:55 PM	3611792335	1013.00	27.43	29.16	91.2	28.03	29.16	86.2	27.74	29.16	88.6	27.09	29.16	94.2
14/06/2018 1:38:56 PM	3611792336	1013.00	27.44	29.17	91.1	28.09	29.17	85.7	27.74	29.17	88.6	27.06	29.17	94.4
14/06/2018 1:38:57 PM	3611792337	1013.00	27.39	29.16	91.5	28.10	29.16	85.7	27.74	29.16	88.6	27.07	29.16	94.4
14/06/2018 1:38:58 PM	3611792338	1013.00	27.44	29.16	91.1	28.09	29.16	85.7	27.77	29.16	88.3	27.09	29.16	94.2
14/06/2018 1:38:59 PM	3611792339	1013.00	27.43	29.16	91.2	28.06	29.16	86.0	27.79	29.16	88.2	27.05	29.16	94.5
14/06/2018 1:39:00 PM	3611792340	1013.00	27.44	29.17	91.1	28.10	29.17	85.7	27.78	29.17	88.2	27.08	29.17	94.3
14/06/2018 1:39:01 PM	3611792341	1013.00	27.42	29.17	91.3	28.14	29.17	85.3	27.79	29.17	88.2	27.08	29.17	94.3
14/06/2018 1:39:02 PM	3611792342	1013.00	27.43	29.17	91.2	28.08	29.17	85.8	27.78	29.17	88.2	27.10	29.17	94.1
14/06/2018 1:39:03 PM	3611792343	1013.00	27.42	29.17	91.3	28.11	29.17	85.6	27.79	29.17	88.2	27.09	29.17	94.2
14/06/2018 1:39:04 PM	3611792344	1013.00	27.41	29.17	91.4	28.08	29.17	85.8	27.78	29.17	88.2	27.07	29.17	94.3
14/06/2018 1:39:05 PM	3611792345	1013.00	27.43	29.17	91.2	28.13	29.17	85.4	27.79	29.17	88.2	27.11	29.17	94.0
14/06/2018 1:39:06 PM	3611792346	1013.00	27.44	29.17	91.1	28.10	29.17	85.7	27.80	29.17	88.1	27.07	29.17	94.3
14/06/2018 1:39:07 PM	3611792347	1013.00	27.43	29.17	91.2	28.15	29.17	85.3	27.81	29.17	88.0	27.10	29.17	94.1
14/06/2018 1:39:08 PM	3611792348	1013.00	27.42	29.17	91.3	28.12	29.17	85.5	27.81	29.17	88.0	27.10	29.17	94.1
14/06/2018 1:39:09 PM	3611792349	1013.00	27.43	29.17	91.2	28.13	29.17	85.4	27.83	29.17	87.8	27.09	29.17	94.2
14/06/2018 1:39:10 PM	3611792350	1013.00	27.42	29.18	91.3	28.14	29.18	85.3	27.77	29.18	88.3	27.09	29.18	94.2
14/06/2018 1:39:11 PM	3611792351	1013.00	27.42	29.17	91.3	28.10	29.17	85.7	27.81	29.17	88.0	27.09	29.17	94.2
14/06/2018 1:39:12 PM	3611792352	1013.00	27.45	29.17	91.0	28.09	29.17	85.7	27.84	29.17	87.7	27.09	29.17	94.2
14/06/2018 1:39:13 PM	3611792353	1013.00	27.44	29.18	91.1	28.17	29.18	85.1	27.83	29.18	87.8	27.12	29.18	93.9
14/06/2018 1:39:14 PM	3611792354	1013.00	27.46	29.18	90.9	28.08	29.18	85.8	27.81	29.18	88.0	27.11	29.18	94.0
14/06/2018 1:39:15 PM	3611792355	1013.00	27.46	29.17	90.9	28.10	29.17	85.7	27.81	29.17	88.0	27.08	29.17	94.3
14/06/2018 1:39:16 PM	3611792356	1013.00	27.44	29.18	91.1	28.13	29.18	85.4	27.84	29.18	87.7	27.11	29.18	94.0
14/06/2018 1:39:17 PM	3611792357	1013.00	27.45	29.18	91.0	28.11	29.18	85.6	27.83	29.18	87.8	27.10	29.18	94.1
14/06/2018 1:39:18 PM	3611792358	1013.00	27.49	29.17	90.7	28.13	29.17	85.4	27.85	29.17	87.7	27.07	29.17	94.3
14/06/2018 1:39:19 PM	3611792359	1013.00	27.48	29.18	90.7	28.15	29.18	85.2	27.85	29.18	87.7	27.10	29.18	94.1
14/06/2018 1:39:20 PM	3611792360	1013.00	27.44	29.18	91.1	28.18	29.18	85.0	27.84	29.18	87.7	27.12	29.18	93.9
14/06/2018 1:39:21 PM	3611792361	1013.00	27.41	29.18	91.3	28.15	29.18	85.2	27.86	29.18	87.6	27.12	29.18	93.9
14/06/2018 1:39:22 PM	3611792362	1013.00	27.48	29.19	90.7	28.16	29.19	85.1	27.85	29.19	87.6	27.10	29.19	94.0
14/06/2018 1:39:23 PM	3611792363	1013.00	27.46	29.18	90.9	28.12	29.18	85.5	27.84	29.18	87.7	27.11	29.18	94.0
14/06/2018 1:39:24 PM	3611792364	1013.00	27.43	29.19	91.2	28.15	29.19	85.2	27.86	29.19	87.6	27.08	29.19	94.2
14/06/2018 1:39:25 PM	3611792365	1013.00	27.46	29.19	90.9	28.16	29.19	85.1	27.84	29.19	87.7	27.11	29.19	94.0
14/06/2018 1:39:26 PM	3611792366	1013.00	27.47	29.18	90.8	28.16	29.18	85.2	27.88	29.18	87.4	27.15	29.18	93.6
14/06/2018 1:39:27 PM	3611792367	1013.00	27.47	29.19	90.8	28.18	29.19	85.0	27.87	29.19	87.5	27.14	29.19	93.7
14/06/2018 1:39:28 PM	3611792368	1013.00	27.44	29.19	91.1	28.18	29.19	85.0	27.84	29.19	87.7	27.15	29.19	93.6
14/06/2018 1:39:29 PM	3611792369	1013.00	27.48	29.18	90.7	28.22	29.18	84.7	27.84	29.18	87.7	27.14	29.18	93.7
14/06/2018 1:39:30 PM	3611792370	1013.00	27.49	29.18	90.7	28.16	29.18	85.2	27.85	29.18	87.7	27.14	29.18	93.7
14/06/2018 1:39:31 PM	3611792371	1013.00	27.49	29.18	90.7	28.21	29.18	84.8	27.85	29.18	87.7	27.13	29.18	93.8
14/06/2018 1:39:32 PM	3611792372	1013.00	27.47	29.18	90.8	28.17	29.18	85.1	27.86	29.18	87.6	27.14	29.18	93.7
14/06/2018 1:39:33 PM	3611792373	1013.00	27.45	29.18	91.0	28.14	29.18	85.3	27.87	29.18	87.5	27.17	29.18	93.4
14/06/2018 1:39:34 PM	3611792374	1013.00	27.49	29.18	90.7	28.18	29.18	85.0	27.90	29.18	87.2	27.16	29.18	93.5
14/06/2018 1:39:35 PM	3611792375	1013.00	27.50	29.18	90.6	28.20	29.18	84.8	27.86	29.18	87.6	27.14	29.18	93.7
14/06/2018 1:39:36 PM	3611792376	1013.00	27.50	29.18	90.6	28.21	29.18	84.8	27.86	29.18	87.6	27.15	29.18	93.6
14/06/2018 1:39:37 PM	3611792377	1013.00	27.45	29.19	91.0	28.23	29.19	84.6	27.89	29.19	87.3	27.13	29.19	93.8
14/06/2018 1:39:38 PM	3611792378	1013.00	27.47	29.19	90.8	28.20	29.19	84.8	27.90	29.19	87.2	27.19	29.19	93.2
14/06/2018 1:39:39 PM	3611792379	1013.00	27.50	29.19	90.6	28.21	29.19	84.8	27.84	29.19	87.7	27.17	29.19	93.4
14/06/2018 1:39:40 PM	3611792380	1013.00	27.47	29.20	90.8	28.19	29.20	84.9	27.91	29.20	87.1	27.13	29.20	93.8
14/06/2018 1:39:41 PM	3611792381	1013.00	27.52	29.20	90.4	28.20	29.20	84.8	27.89	29.20	87.3	27.16	29.20	93.5
14/06/2018 1:39:42 PM	3611792382	1013.00	27.50	29.19	90.6	28.18	29.19	85.0	27.91	29.19	87.1	27.15	29.19	93.6
14/06/2018 1:39:43 PM	3611792383	1013.00	27.49	29.19	90.6	28.18	29.19	85.0	27.93	29.19	87.0	27.17	29.19	93.4
14/06/2018 1:39:44 PM	3611792384	1013.00	27.49	29.19	90.6	28.22	29.19	84.7	27.92	29.19	87.1	27.17	29.19	93.4
14/06/2018 1:39:45 PM	3611792385	1013.00	27.45	29.19	91.0	28.18	29.19	85.0	27.92	29.19	87.1	27.20	29.19	93.2
14/06/2018 1:39:46 PM	3611792386	1013.00	27.50	29.19	90.6	28.22	29.19	84.7	27.97	29.19	86.7	27.17	29.19	93.4
14/06/2018 1:39:47 PM	3611792387	1013.00	27.52	29.19	90.4	28.19	29.19	84.9	27.93	29.19	87.0	27.18	29.19	93.3
14/06/2018 1:39:48 PM	3611792388	1013.00	27.48	29.19	90.7	28.19	29.19	84.9	27.94	29.19	86.9	27.16	29.19	93.5
14/06/2018 1:39:49 PM	3611792389	1013.00	27.48	29.19	90.7	28.21	29.19	84.8	27.93	29.19	87.0	27.17	29.19	93.4
14/06/2018 1:39:50 PM	3611792390	1013.00	27.46	29.19	90.9	28.25	29.19	84.4	27.92	29.19	87.1	27.17	29.19	93.4
14/06/2018 1:39:51 PM	3611792391	1013.00	27.51	29.19	90.5	28.23	29.19	84.6	27.94	29.19	86.9	27.18	29.19	93.3
14/06/2018 1:39:52 PM	3611792392	1013.00	27.54	29.19	90.2	28.24	29.19	84.5	27.95	29.19	86.8	27.21	29.19	93.1
14/06/2018 1:39:53 PM	3611792393	1013.00	27.49	29.18	90.7	28.25	29.18	84.5	27.96	29.18	86.8	27.19	29.18	93.3
14/06/2018 1:39:54 PM	3611792394	1013.00	27.50	29.18	90.6	28.27	29.18	84.3	27.98	29.18	86.6	27.19	29.18	93.3
14/06/2018 1:39:55 PM	3611792395	1013.00	27.52	29.19	90.4	28.22	29.19	84.7	27.97	29.19	86.7	27.18	29.19	93.3
14/06/2018 1:39:56 PM	3611792396	1013.00	27.52	29.19	90.4	28.24	29.19	84.5	27.96	29.19	86.7	27.20	29.19	93.2
14/06/2018 1:39:57 PM	3611792397	1013.00	27.55	29.19	90.1	28.26	29.19	84.4	27.95	29.19	86.8	27.19	29.19	93.2
14/06/2018 1:39:58 PM	3611792398	1013.00	27.51	29.19	90.5	28.26	29.19	84.4	27.98	29.19	86.6	27.20	29.19	93.2
14/06/2018 1:39:59 PM	3611792399	1013.00	27.52	29.19	90.4	28.20	29.19	84.8	28.00	29.19	86.4	27.19	29.19	93.2
14/06/2018 1:40:00 PM	3611792400	1013.00	27.52	29.20	90.4	28.26	29.20	84.3	27.98	29.20	86.6	27.23	29.20	92.9
14/06/2018 1:40:01 PM	3611792401	1013.00	27.52	29.19	90.4	28.26	29.19	84.4	27.99	29.19	86.5	27.21	29.19	93.1
14/06/2018 1:40:02 PM	3611792402	1013.00	27.52	29.19	90.4	28.24	29.19	84.5	27.96	29.19	86.7	27.19	29.19	93.2
14/06/2018 1:40:03 PM	3611792403	1013.00	27.54	29.19	90.2	28.26	29.19	84.4	28.00	29.19	86.4	27.18	29.19	93.3
14/06/2018 1:40:04 PM	3611792404	1013.00	27.55	29.19	90.1	28.22	29.19	84.7	27.98	29.19	86.6	27.24	29.19	92.8
14/06/2018 1:40:05 PM	3611792405	1013.00	27.59	29.19	89.8	28.30	29.19	84.1	27.98	29.19	86.6	27.25	29.19	92.7
14/06/2018 1:40:06 PM	3611792406	1013.00	27.56	29.20	90.0	28.27	29.20	84.3	27.99	29.20	86.5	27.22	29.20	93.0
14/06/2018 1:40:07 PM	3611792407	1013.00	27.55	29.20	90.1	28.29	29.20	84.1	28.01	29.20	86.3	27.22	29.20	93.0
14/06/2018 1:40:08 PM	3611792408	1013.00	27.57	29.20	90.0	28.27	29.20	84.3	28.01	29.20	86.3	27.24	29.20	92.8
14/06/2018 1:40:09 PM	3611792409	1013.00	27.62	29.20	89.5	28.31	29.20	84.0	28.02	29.20	86.2	27.23	29.20	92.9
14/06/2018 1:40:10 PM	3611792410	1013.00	27.56	29.20	90.0	28.29	29.20	84.1	28.03	29.20	86.2	27.21	29.20	93.1
14/06/2018 1:40:11 PM	3611792411	1013.00	27.60	29.20	89.7	28.26	29.20	84.3	28.05	29.20	86.0	27.24	29.20	92.8
14/06/2018 1:40:12 PM	3611792412	1013.00	27.61	29.20	89.6	28.28	29.20	84.2	28.01	29.20	86.3	27.22	29.20	93.0
14/06/2018 1:40:13 PM	3611792413	1013.00	27.61	29.20	89.6	28.28	29.20	84.2	28.01	29.20	86.3	27.23	29.20	92.9
14/06/2018 1:40:14 PM	3611792414	1013.00	27.62	29.20	89.5	28.25	29.20	84.4	28.02	29.20	86.2	27.20	29.20	93.1
14/06/2018 1:40:15 PM	3611792415	1013.00	27.61	29.20	89.6	28.30	29.20	84.0	28.03	29.20	86.2	27.23	29.20	92.9
14/06/2018 1:40:16 PM	3611792416	1013.00	27.59	29.20	89.8	28.33	29.20	83.8	28.07	29.20	85.8	27.22	29.20	93.0
14/06/2018 1:40:17 PM	3611792417	1013.00	27.62	29.21	89.5	28.33	29.21	83.8	28.06	29.21	85.9	27.25	29.21	92.7
14/06/2018 1:40:18 PM	3611792418	1013.00	27.64	29.21	89.3	28.31	29.21	83.9	28.02	29.21	86.2	27.23	29.21	92.9
14/06/2018 1:40:19 PM	3611792419	1013.00	27.64	29.21	89.3	28.29	29.21	84.1	28.00	29.21	86.4	27.21	29.21	93.0
14/06/2018 1:40:20 PM	3611792420	1013.00	27.65	29.21	89.3	28.31	29.21	83.9	28.02	29.21	86.2	27.24	29.21	92.8
14/06/2018 1:40:21 PM	3611792421	1013.00	27.63	29.22	89.4	28.36	29.22	83.5	28.01	29.22	86.3	27.23	29.22	92.8
14/06/2018 1:40:22 PM	3611792422	1013.00	27.63	29.21	89.4	28.34	29.21	83.7	28.05	29.21	86.0	27.25	29.21	92.7
14/06/2018 1:40:23 PM	3611792423	1013.00	27.61	29.21	89.6	28.36	29.21	83.6	28.06	29.21	85.9	27.24	29.21	92.8
14/06/2018 1:40:24 PM	3611792424	1013.00	27.69	29.21	88.9	28.33	29.21	83.8	28.07	29.21	85.8	27.26	29.21	92.6
14/06/2018 1:40:25 PM	3611792425	1013.00	27.62	29.22	89.5	28.32	29.22	83.9	28.05	29.22	86.0	27.24	29.22	92.8
14/06/2018 1:40:26 PM	3611792426	1013.00	27.59	29.22	89.8	28.38	29.22	83.4	28.06	29.22	85.9	27.25	29.22	92.7
14/06/2018 1:40:27 PM	3611792427	1013.00	27.64	29.22	89.3	28.35	29.22	83.6	28.05	29.22	86.0	27.23	29.22	92.8
14/06/2018 1:40:28 PM	3611792428	1013.00	27.65	29.23	89.2	28.36	29.23	83.5	28.08	29.23	85.7	27.25	29.23	92.7
14/06/2018 1:40:29 PM	3611792429	1013.00	27.67	29.22	89.1	28.36	29.22	83.5	28.07	29.22	85.8	27.26	29.22	92.6
14/06/2018 1:40:30 PM	3611792430	1013.00	27.64	29.23	89.3	28.34	29.23	83.7	28.13	29.23	85.3	27.27	29.23	92.5
14/06/2018 1:40:31 PM	3611792431	1013.00	27.65	29.23	89.2	28.39	29.23	83.3	28.08	29.23	85.7	27.23	29.23	92.8
14/06/2018 1:40:32 PM	3611792432	1013.00	27.64	29.23	89.3	28.37	29.23	83.5	28.13	29.23	85.3	27.22	29.23	92.9
14/06/2018 1:40:33 PM	3611792433	1013.00	27.68	29.23	89.0	28.37	29.23	83.5	28.07	29.23	85.8	27.26	29.23	92.6
14/06/2018 1:40:34 PM	3611792434	1013.00	27.70	29.23	88.8	28.39	29.23	83.3	28.10	29.23	85.6	27.24	29.23	92.7
14/06/2018 1:40:35 PM	3611792435	1013.00	27.67	29.23	89.1	28.34	29.23	83.7	28.12	29.23	85.4	27.25	29.23	92.7
14/06/2018 1:40:36 PM	3611792436	1013.00	27.68	29.23	89.0	28.35	29.23	83.6	28.12	29.23	85.4	27.25	29.23	92.7
14/06/2018 1:40:37 PM	3611792437	1013.00	27.66	29.23	89.1	28.38	29.23	83.4	28.08	29.23	85.7	27.25	29.23	92.7
14/06/2018 1:40:38 PM	3611792438	1013.00	27.68	29.23	89.0	28.39	29.23	83.3	28.08	29.23	85.7	27.25	29.23	92.7
14/06/2018 1:40:39 PM	3611792439	1013.00	27.68	29.23	89.0	28.39	29.23	83.3	28.11	29.23	85.5	27.24	29.23	92.7
14/06/2018 1:40:40 PM	3611792440	1013.00	27.64	29.23	89.3	28.39	29.23	83.3	28.14	29.23	85.2	27.26	29.23	92.6
14/06/2018 1:40:41 PM	3611792441	1013.00	27.67	29.23	89.1	28.40	29.23	83.2	28.14	29.23	85.2	27.24	29.23	92.7
14/06/2018 1:40:42 PM	3611792442	1013.00	27.66	29.23	89.1	28.37	29.23	83.5	28.12	29.23	85.4	27.28	29.23	92.4
14/06/2018 1:40:43 PM	3611792443	1013.00	27.67	29.23	89.1	28.44	29.23	82.9	28.11	29.23	85.5	27.28	29.23	92.4
14/06/2018 1:40:44 PM	3611792444	1013.00	27.66	29.23	89.1	28.41	29.23	83.1	28.13	29.23	85.3	27.28	29.23	92.4
14/06/2018 1:40:45 PM	3611792445	1013.00	27.69	29.23	88.9	28.43	29.23	83.0	28.13	29.23	85.3	27.29	29.23	92.3
14/06/2018 1:40:46 PM	3611792446	1013.00	27.68	29.23	89.0	28.44	29.23	82.9	28.14	29.23	85.2	27.26	29.23	92.6
14/06/2018 1:40:47 PM	3611792447	1013.00	27.72	29.24	88.6	28.42	29.24	83.1	28.13	29.24	85.3	27.26	29.24	92.6
14/06/2018 1:40:48 PM	3611792448	1013.00	27.69	29.23	88.9	28.40	29.23	83.2	28.12	29.23	85.4	27.27	29.23	92.5
14/06/2018 1:40:49 PM	3611792449	1013.00	27.66	29.24	89.1	28.37	29.24	83.4	28.12	29.24	85.4	27.26	29.24	92.6
14/06/2018 1:40:50 PM	3611792450	1013.00	27.67	29.24	89.1	28.40	29.24	83.2	28.13	29.24	85.3	27.27	29.24	92.5
14/06/2018 1:40:51 PM	3611792451	1013.00	27.72	29.23	88.6	28.42	29.23	83.1	28.11	29.23	85.5	27.27	29.23	92.5
14/06/2018 1:40:52 PM	3611792452	1013.00	27.67	29.23	89.1	28.41	29.23	83.1	28.20	29.23	84.8	27.24	29.23	92.7
14/06/2018 1:40:53 PM	3611792453	1013.00	27.69	29.23	88.9	28.41	29.23	83.1	28.17	29.23	85.0	27.29	29.23	92.3
14/06/2018 1:40:54 PM	3611792454	1013.00	27.71	29.23	88.7	28.41	29.23	83.1	28.14	29.23	85.2	27.27	29.23	92.5
14/06/2018 1:40:55 PM	3611792455	1013.00	27.69	29.23	88.9	28.43	29.23	83.0	28.16	29.23	85.1	27.30	29.23	92.2
14/06/2018 1:40:56 PM	3611792456	1013.00	27.71	29.23	88.7	28.42	29.23	83.1	28.16	29.23	85.1	27.30	29.23	92.2
14/06/2018 1:40:57 PM	3611792457	1013.00	27.70	29.24	88.8	28.44	29.24	82.9	28.16	29.24	85.1	27.30	29.24	92.2
14/06/2018 1:40:58 PM	3611792458	1013.00	27.71	29.24	88.7	28.41	29.24	83.1	28.13	29.24	85.3	27.28	29.24	92.4
14/06/2018 1:40:59 PM	3611792459	1013.00	27.69	29.24	88.9	28.43	29.24	83.0	28.15	29.24	85.2	27.28	29.24	92.4
14/06/2018 1:41:00 PM	3611792460	1013.00	27.67	29.24	89.1	28.42	29.24	83.1	28.17	29.24	85.0	27.31	29.24	92.1
14/06/2018 1:41:01 PM	3611792461	1013.00	27.66	29.24	89.1	28.45	29.24	82.8	28.15	29.24	85.2	27.28	29.24	92.4
14/06/2018 1:41:02 PM	3611792462	1013.00	27.64	29.24	89.3	28.41	29.24	83.1	28.17	29.24	85.0	27.30	29.24	92.2
14/06/2018 1:41:03 PM	3611792463	1013.00	27.73	29.24	88.6	28.41	29.24	83.1	28.15	29.24	85.2	27.28	29.24	92.4
14/06/2018 1:41:04 PM	3611792464	1013.00	27.72	29.24	88.6	28.41	29.24	83.1	28.15	29.24	85.2	27.31	29.24	92.1
14/06/2018 1:41:05 PM	3611792465	1013.00	27.73	29.24	88.6	28.44	29.24	82.9	28.16	29.24	85.1	27.30	29.24	92.2
14/06/2018 1:41:06 PM	3611792466	1013.00	27.71	29.23	88.7	28.41	29.23	83.1	28.14	29.23	85.2	27.28	29.23	92.4
14/06/2018 1:41:07 PM	3611792467	1013.00	27.68	29.23	89.0	28.44	29.23	82.9	28.13	29.23	85.3	27.31	29.23	92.1
14/06/2018 1:41:08 PM	3611792468	1013.00	27.70	29.23	88.8	28.46	29.23	82.8	28.12	29.23	85.4	27.32	29.23	92.0
14/06/2018 1:41:09 PM	3611792469	1013.00	27.76	29.24	88.3	28.43	29.24	83.0	28.12	29.24	85.4	27.32	29.24	92.0
14/06/2018 1:41:10 PM	3611792470	1013.00	27.70	29.23	88.8	28.42	29.23	83.1	28.14	29.23	85.2	27.36	29.23	91.7
14/06/2018 1:41:11 PM	3611792471	1013.00	27.70	29.24	88.8	28.48	29.24	82.6	28.14	29.24	85.2	27.28	29.24	92.4
14/06/2018 1:41:12 PM	3611792472	1013.00	27.73	29.24	88.6	28.44	29.24	82.9	28.12	29.24	85.4	27.36	29.24	91.7
14/06/2018 1:41:13 PM	3611792473	1013.00	27.70	29.24	88.8	28.46	29.24	82.7	28.15	29.24	85.2	27.31	29.24	92.1
14/06/2018 1:41:14 PM	3611792474	1013.00	27.70	29.24	88.8	28.47	29.24	82.7	28.11	29.24	85.5	27.31	29.24	92.1
14/06/2018 1:41:15 PM	3611792475	1013.00	27.78	29.24	88.1	28.43	29.24	83.0	28.15	29.24	85.2	27.35	29.24	91.8
14/06/2018 1:41:16 PM	3611792476	1013.00	27.72	29.24	88.6	28.44	29.24	82.9	28.14	29.24	85.2	27.34	29.24	91.9
14/06/2018 1:41:17 PM	3611792477	1013.00	27.73	29.23	88.6	28.47	29.23	82.7	28.15	29.23	85.2	27.33	29.23	92.0
14/06/2018 1:41:18 PM	3611792478	1013.00	27.78	29.23	88.2	28.47	29.23	82.7	28.16	29.23	85.1	27.34	29.23	91.9
14/06/2018 1:41:19 PM	3611792479	1013.00	27.74	29.23	88.5	28.44	29.23	82.9	28.15	29.23	85.2	27.32	29.23	92.0
14/06/2018 1:41:20 PM	3611792480	1013.00	27.74	29.23	88.5	28.44	29.23	82.9	28.17	29.23	85.0	27.36	29.23	91.7
14/06/2018 1:41:21 PM	3611792481	1013.00	27.76	29.23	88.3	28.43	29.23	83.0	28.16	29.23	85.1	27.36	29.23	91.7
14/06/2018 1:41:22 PM	3611792482	1013.00	27.73	29.24	88.6	28.43	29.24	83.0	28.16	29.24	85.1	27.34	29.24	91.9
14/06/2018 1:41:23 PM	3611792483	1013.00	27.76	29.23	88.3	28.42	29.23	83.1	28.14	29.23	85.2	27.33	29.23	92.0
14/06/2018 1:41:24 PM	3611792484	1013.00	27.77	29.24	88.2	28.48	29.24	82.6	28.16	29.24	85.1	27.33	29.24	91.9
14/06/2018 1:41:25 PM	3611792485	1013.00	27.77	29.23	88.2	28.45	29.23	82.8	28.17	29.23	85.0	27.36	29.23	91.7
14/06/2018 1:41:26 PM	3611792486	1013.00	27.78	29.23	88.2	28.47	29.23	82.7	28.16	29.23	85.1	27.35	29.23	91.8
14/06/2018 1:41:27 PM	3611792487	1013.00	27.80	29.23	88.0	28.46	29.23	82.8	28.16	29.23	85.1	27.37	29.23	91.6
14/06/2018 1:41:28 PM	3611792488	1013.00	27.80	29.24	88.0	28.47	29.24	82.7	28.14	29.24	85.2	27.37	29.24	91.6
14/06/2018 1:41:29 PM	3611792489	1013.00	27.79	29.24	88.1	28.45	29.24	82.8	28.18	29.24	84.9	27.35	29.24	91.8
14/06/2018 1:41:30 PM	3611792490	1013.00	27.78	29.24	88.1	28.47	29.24	82.7	28.16	29.24	85.1	27.37	29.24	91.6
14/06/2018 1:41:31 PM	3611792491	1013.00	27.82	29.24	87.8	28.47	29.24	82.7	28.12	29.24	85.4	27.37	29.24	91.6
14/06/2018 1:41:32 PM	3611792492	1013.00	27.79	29.24	88.1	28.44	29.24	82.9	28.17	29.24	85.0	27.31	29.24	92.1
14/06/2018 1:41:33 PM	3611792493	1013.00	27.78	29.24	88.1	28.42	29.24	83.1	28.18	29.24	84.9	27.38	29.24	91.5
14/06/2018 1:41:34 PM	3611792494	1013.00	27.79	29.24	88.1	28.43	29.24	83.0	28.16	29.24	85.1	27.38	29.24	91.5
14/06/2018 1:41:35 PM	3611792495	1013.00	27.79	29.24	88.1	28.46	29.24	82.7	28.16	29.24	85.1	27.36	29.24	91.7
14/06/2018 1:41:36 PM	3611792496	1013.00	27.78	29.25	88.1	28.41	29.25	83.1	28.18	29.25	84.9	27.37	29.25	91.6
14/06/2018 1:41:37 PM	3611792497	1013.00	27.86	29.24	87.5	28.48	29.24	82.6	28.18	29.24	84.9	27.36	29.24	91.7
14/06/2018 1:41:38 PM	3611792498	1013.00	27.81	29.24	87.9	28.45	29.24	82.8	28.18	29.24	84.9	27.34	29.24	91.9
14/06/2018 1:41:39 PM	3611792499	1013.00	27.79	29.25	88.0	28.45	29.25	82.8	28.20	29.25	84.7	27.36	29.25	91.7
14/06/2018 1:41:40 PM	3611792500	1013.00	27.81	29.25	87.9	28.47	29.25	82.7	28.19	29.25	84.8	27.40	29.25	91.3
14/06/2018 1:41:41 PM	3611792501	1013.00	27.80	29.24	88.0	28.48	29.24	82.6	28.19	29.24	84.8	27.41	29.24	91.3
14/06/2018 1:41:42 PM	3611792502	1013.00	27.83	29.25	87.7	28.41	29.25	83.1	28.18	29.25	84.9	27.40	29.25	91.3
14/06/2018 1:41:43 PM	3611792503	1013.00	27.78	29.25	88.1	28.46	29.25	82.7	28.21	29.25	84.7	27.41	29.25	91.2
14/06/2018 1:41:44 PM	3611792504	1013.00	27.80	29.24	88.0	28.43	29.24	83.0	28.19	29.24	84.8	27.42	29.24	91.2
14/06/2018 1:41:45 PM	3611792505	1013.00	27.82	29.24	87.8	28.49	29.24	82.5	28.22	29.24	84.6	27.39	29.24	91.4
14/06/2018 1:41:46 PM	3611792506	1013.00	27.81	29.24	87.9	28.49	29.24	82.5	28.24	29.24	84.4	27.38	29.24	91.5
14/06/2018 1:41:47 PM	3611792507	1013.00	27.85	29.25	87.5	28.50	29.25	82.4	28.21	29.25	84.7	27.39	29.25	91.4
14/06/2018 1:41:48 PM	3611792508	1013.00	27.81	29.24	87.9	28.47	29.24	82.7	28.24	29.24	84.4	27.41	29.24	91.3
14/06/2018 1:41:49 PM	3611792509	1013.00	27.84	29.25	87.6	28.49	29.25	82.5	28.23	29.25	84.5	27.40	29.25	91.3
