Date & time of file creation	14/06/2018 1:13 PM													
Data file path	C:\Users\ameli\Desktop\Diego Barneche\14_06_2018\29_C_new_witrox_11.txt													
														
														
CALIBRATION DATA														
Parameter/Channel	N moving average	LO phase [r.U.]	HI phase [r.U.]	LO oxygen [%air saturation]	HI oxygen [%air saturation]	LO temperature [°C]	HI temperature [°C]	Salinity [‰]						
SDWD0003000199      , CH 1	1	59.08	25.94	0.00	100.00	32.32	32.21	0.000						
SDWD0003000199      , CH 2	1	59.08	25.94	0.00	100.00	32.32	32.21	0.000						
SDWD0003000199      , CH 3	1	59.08	25.94	0.00	100.00	32.32	32.21	0.000						
SDWD0003000199      , CH 4	1	59.08	25.94	0.00	100.00	32.32	32.21	0.000						
														
														
Date &Time [DD-MM-YYYY HH:MM:SS]	Time stamp code	Barometric pressure [hPa]	SDWD0003000199      , CH 1 phase [r.U.]	SDWD0003000199      , CH 1 temp [°C]	SDWD0003000199      , CH 1 O2 [% air saturation]	SDWD0003000199      , CH 2 phase [r.U.]	SDWD0003000199      , CH 2 temp [°C]	SDWD0003000199      , CH 2 O2 [% air saturation]	SDWD0003000199      , CH 3 phase [r.U.]	SDWD0003000199      , CH 3 temp [°C]	SDWD0003000199      , CH 3 O2 [% air saturation]	SDWD0003000199      , CH 4 phase [r.U.]	SDWD0003000199      , CH 4 temp [°C]	SDWD0003000199      , CH 4 O2 [% air saturation]
14/06/2018 1:14:41 PM	3611790881	1013.00	27.44	29.08	91.2	27.49	29.08	90.8	26.98	29.08	95.3	26.76	29.08	97.3
14/06/2018 1:14:42 PM	3611790882	1013.00	27.47	29.08	91.0	27.49	29.08	90.8	26.97	29.08	95.4	26.75	29.08	97.4
14/06/2018 1:14:43 PM	3611790883	1013.00	27.45	29.08	91.2	27.50	29.08	90.7	26.97	29.08	95.4	26.73	29.08	97.6
14/06/2018 1:14:44 PM	3611790884	1013.00	27.48	29.08	90.9	27.48	29.08	90.9	26.99	29.08	95.2	26.80	29.08	96.9
14/06/2018 1:14:45 PM	3611790885	1013.00	27.47	29.08	91.0	27.48	29.08	90.9	26.99	29.08	95.2	26.78	29.08	97.1
14/06/2018 1:14:46 PM	3611790886	1013.00	27.49	29.08	90.8	27.51	29.08	90.6	26.98	29.08	95.3	26.79	29.08	97.0
14/06/2018 1:14:47 PM	3611790887	1013.00	27.47	29.08	91.0	27.52	29.08	90.6	26.95	29.08	95.6	26.78	29.08	97.1
14/06/2018 1:14:48 PM	3611790888	1013.00	27.47	29.07	91.0	27.51	29.07	90.7	26.94	29.07	95.7	26.85	29.07	96.5
14/06/2018 1:14:49 PM	3611790889	1013.00	27.51	29.08	90.6	27.48	29.08	90.9	26.96	29.08	95.5	26.75	29.08	97.4
14/06/2018 1:14:50 PM	3611790890	1013.00	27.47	29.07	91.0	27.51	29.07	90.7	26.94	29.07	95.7	26.77	29.07	97.2
14/06/2018 1:14:51 PM	3611790891	1013.00	27.48	29.08	90.9	27.51	29.08	90.6	26.94	29.08	95.7	26.78	29.08	97.1
14/06/2018 1:14:52 PM	3611790892	1013.00	27.48	29.08	90.9	27.55	29.08	90.3	26.95	29.08	95.6	26.78	29.08	97.1
14/06/2018 1:14:53 PM	3611790893	1013.00	27.47	29.08	91.0	27.50	29.08	90.7	26.97	29.08	95.4	26.80	29.08	96.9
14/06/2018 1:14:54 PM	3611790894	1013.00	27.52	29.08	90.6	27.50	29.08	90.7	26.97	29.08	95.4	26.81	29.08	96.9
14/06/2018 1:14:55 PM	3611790895	1013.00	27.50	29.07	90.7	27.46	29.07	91.1	26.94	29.07	95.7	26.76	29.07	97.3
14/06/2018 1:14:56 PM	3611790896	1013.00	27.52	29.07	90.6	27.51	29.07	90.7	26.95	29.07	95.6	26.76	29.07	97.3
14/06/2018 1:14:57 PM	3611790897	1013.00	27.51	29.07	90.7	27.51	29.07	90.7	26.96	29.07	95.5	26.72	29.07	97.7
14/06/2018 1:14:58 PM	3611790898	1013.00	27.48	29.07	90.9	27.47	29.07	91.0	26.94	29.07	95.7	26.79	29.07	97.1
14/06/2018 1:14:59 PM	3611790899	1013.00	27.49	29.07	90.8	27.52	29.07	90.6	26.96	29.07	95.5	26.80	29.07	97.0
14/06/2018 1:15:00 PM	3611790900	1013.00	27.48	29.07	90.9	27.52	29.07	90.6	26.95	29.07	95.6	26.79	29.07	97.1
14/06/2018 1:15:01 PM	3611790901	1013.00	27.49	29.07	90.8	27.48	29.07	90.9	26.96	29.07	95.5	26.80	29.07	97.0
14/06/2018 1:15:02 PM	3611790902	1013.00	27.49	29.08	90.8	27.51	29.08	90.6	26.96	29.08	95.5	26.76	29.08	97.3
14/06/2018 1:15:03 PM	3611790903	1013.00	27.51	29.08	90.6	27.47	29.08	91.0	26.98	29.08	95.3	26.82	29.08	96.8
14/06/2018 1:15:04 PM	3611790904	1013.00	27.48	29.08	90.9	27.50	29.08	90.7	26.97	29.08	95.4	26.86	29.08	96.4
14/06/2018 1:15:05 PM	3611790905	1013.00	27.48	29.08	90.9	27.52	29.08	90.6	26.98	29.08	95.3	26.83	29.08	96.7
14/06/2018 1:15:06 PM	3611790906	1013.00	27.49	29.08	90.8	27.52	29.08	90.6	26.96	29.08	95.5	26.77	29.08	97.2
14/06/2018 1:15:07 PM	3611790907	1013.00	27.48	29.08	90.9	27.48	29.08	90.9	26.95	29.08	95.6	26.82	29.08	96.8
14/06/2018 1:15:08 PM	3611790908	1013.00	27.49	29.07	90.8	27.50	29.07	90.7	26.96	29.07	95.5	26.76	29.07	97.3
14/06/2018 1:15:09 PM	3611790909	1013.00	27.48	29.08	90.9	27.54	29.08	90.4	26.96	29.08	95.5	26.81	29.08	96.9
14/06/2018 1:15:10 PM	3611790910	1013.00	27.53	29.08	90.5	27.56	29.08	90.2	26.95	29.08	95.6	26.79	29.08	97.0
14/06/2018 1:15:11 PM	3611790911	1013.00	27.52	29.08	90.6	27.52	29.08	90.6	26.98	29.08	95.3	26.79	29.08	97.0
14/06/2018 1:15:12 PM	3611790912	1013.00	27.51	29.08	90.6	27.52	29.08	90.6	26.96	29.08	95.5	26.81	29.08	96.9
14/06/2018 1:15:13 PM	3611790913	1013.00	27.51	29.08	90.6	27.55	29.08	90.3	26.96	29.08	95.5	26.80	29.08	96.9
14/06/2018 1:15:14 PM	3611790914	1013.00	27.51	29.08	90.6	27.54	29.08	90.4	26.99	29.08	95.2	26.76	29.08	97.3
14/06/2018 1:15:15 PM	3611790915	1013.00	27.52	29.08	90.6	27.55	29.08	90.3	26.96	29.08	95.5	26.80	29.08	96.9
14/06/2018 1:15:16 PM	3611790916	1013.00	27.52	29.08	90.6	27.58	29.08	90.0	26.96	29.08	95.5	26.83	29.08	96.7
14/06/2018 1:15:17 PM	3611790917	1013.00	27.54	29.07	90.4	27.53	29.07	90.5	26.97	29.07	95.4	26.81	29.07	96.9
14/06/2018 1:15:18 PM	3611790918	1013.00	27.51	29.08	90.6	27.54	29.08	90.4	26.94	29.08	95.7	26.84	29.08	96.6
14/06/2018 1:15:19 PM	3611790919	1013.00	27.53	29.08	90.5	27.53	29.08	90.5	26.95	29.08	95.6	26.80	29.08	96.9
14/06/2018 1:15:20 PM	3611790920	1013.00	27.53	29.08	90.5	27.56	29.08	90.2	26.93	29.08	95.8	26.81	29.08	96.9
14/06/2018 1:15:21 PM	3611790921	1013.00	27.54	29.08	90.4	27.52	29.08	90.6	26.95	29.08	95.6	26.83	29.08	96.7
14/06/2018 1:15:22 PM	3611790922	1013.00	27.49	29.08	90.8	27.52	29.08	90.6	27.00	29.08	95.1	26.86	29.08	96.4
14/06/2018 1:15:23 PM	3611790923	1013.00	27.53	29.08	90.5	27.58	29.08	90.0	26.94	29.08	95.7	26.79	29.08	97.0
14/06/2018 1:15:24 PM	3611790924	1013.00	27.53	29.08	90.5	27.55	29.08	90.3	26.97	29.08	95.4	26.84	29.08	96.6
14/06/2018 1:15:25 PM	3611790925	1013.00	27.52	29.08	90.6	27.54	29.08	90.4	26.94	29.08	95.7	26.84	29.08	96.6
14/06/2018 1:15:26 PM	3611790926	1013.00	27.56	29.08	90.2	27.52	29.08	90.6	26.97	29.08	95.4	26.80	29.08	96.9
14/06/2018 1:15:27 PM	3611790927	1013.00	27.56	29.07	90.2	27.57	29.07	90.1	26.98	29.07	95.3	26.82	29.07	96.8
14/06/2018 1:15:28 PM	3611790928	1013.00	27.53	29.07	90.5	27.56	29.07	90.2	26.96	29.07	95.5	26.84	29.07	96.6
14/06/2018 1:15:29 PM	3611790929	1013.00	27.56	29.07	90.2	27.55	29.07	90.3	26.96	29.07	95.5	26.87	29.07	96.3
14/06/2018 1:15:30 PM	3611790930	1013.00	27.51	29.07	90.7	27.55	29.07	90.3	26.98	29.07	95.3	26.81	29.07	96.9
14/06/2018 1:15:31 PM	3611790931	1013.00	27.53	29.07	90.5	27.55	29.07	90.3	26.97	29.07	95.4	26.82	29.07	96.8
14/06/2018 1:15:32 PM	3611790932	1013.00	27.56	29.08	90.2	27.58	29.08	90.0	26.95	29.08	95.6	26.86	29.08	96.4
14/06/2018 1:15:33 PM	3611790933	1013.00	27.57	29.08	90.1	27.60	29.08	89.9	26.95	29.08	95.6	26.85	29.08	96.5
14/06/2018 1:15:34 PM	3611790934	1013.00	27.57	29.08	90.1	27.57	29.08	90.1	26.99	29.08	95.2	26.80	29.08	96.9
14/06/2018 1:15:35 PM	3611790935	1013.00	27.53	29.08	90.5	27.53	29.08	90.5	26.96	29.08	95.5	26.84	29.08	96.6
14/06/2018 1:15:36 PM	3611790936	1013.00	27.53	29.08	90.5	27.59	29.08	90.0	26.96	29.08	95.5	26.80	29.08	96.9
14/06/2018 1:15:37 PM	3611790937	1013.00	27.55	29.08	90.3	27.52	29.08	90.6	26.96	29.08	95.5	26.90	29.08	96.0
14/06/2018 1:15:38 PM	3611790938	1013.00	27.55	29.08	90.3	27.58	29.08	90.0	26.96	29.08	95.5	26.87	29.08	96.3
14/06/2018 1:15:39 PM	3611790939	1013.00	27.55	29.08	90.3	27.59	29.08	90.0	26.99	29.08	95.2	26.88	29.08	96.2
14/06/2018 1:15:40 PM	3611790940	1013.00	27.57	29.08	90.1	27.61	29.08	89.8	26.95	29.08	95.6	26.83	29.08	96.7
14/06/2018 1:15:41 PM	3611790941	1013.00	27.59	29.08	90.0	27.65	29.08	89.5	26.99	29.08	95.2	26.83	29.08	96.7
14/06/2018 1:15:42 PM	3611790942	1013.00	27.58	29.08	90.0	27.60	29.08	89.9	26.94	29.08	95.7	26.87	29.08	96.3
14/06/2018 1:15:43 PM	3611790943	1013.00	27.55	29.08	90.3	27.56	29.08	90.2	26.96	29.08	95.5	26.87	29.08	96.3
14/06/2018 1:15:44 PM	3611790944	1013.00	27.54	29.08	90.4	27.61	29.08	89.8	26.95	29.08	95.6	26.87	29.08	96.3
14/06/2018 1:15:45 PM	3611790945	1013.00	27.58	29.07	90.1	27.62	29.07	89.7	26.95	29.07	95.6	26.84	29.07	96.6
14/06/2018 1:15:46 PM	3611790946	1013.00	27.58	29.07	90.1	27.61	29.07	89.8	26.95	29.07	95.6	26.90	29.07	96.0
14/06/2018 1:15:47 PM	3611790947	1013.00	27.60	29.07	89.9	27.62	29.07	89.7	26.97	29.07	95.4	26.84	29.07	96.6
14/06/2018 1:15:48 PM	3611790948	1013.00	27.58	29.07	90.1	27.60	29.07	89.9	26.97	29.07	95.4	26.89	29.07	96.1
14/06/2018 1:15:49 PM	3611790949	1013.00	27.57	29.07	90.1	27.63	29.07	89.6	26.98	29.07	95.3	26.86	29.07	96.4
14/06/2018 1:15:50 PM	3611790950	1013.00	27.58	29.07	90.1	27.61	29.07	89.8	26.95	29.07	95.6	26.84	29.07	96.6
14/06/2018 1:15:51 PM	3611790951	1013.00	27.57	29.08	90.1	27.66	29.08	89.4	26.96	29.08	95.5	26.90	29.08	96.0
14/06/2018 1:15:52 PM	3611790952	1013.00	27.59	29.07	90.0	27.66	29.07	89.4	26.96	29.07	95.5	26.89	29.07	96.1
14/06/2018 1:15:53 PM	3611790953	1013.00	27.57	29.07	90.1	27.63	29.07	89.6	26.96	29.07	95.5	26.90	29.07	96.0
14/06/2018 1:15:54 PM	3611790954	1013.00	27.56	29.07	90.2	27.62	29.07	89.7	26.95	29.07	95.6	26.90	29.07	96.0
14/06/2018 1:15:55 PM	3611790955	1013.00	27.60	29.08	89.9	27.68	29.08	89.2	26.94	29.08	95.7	26.93	29.08	95.8
14/06/2018 1:15:56 PM	3611790956	1013.00	27.57	29.08	90.1	27.63	29.08	89.6	26.95	29.08	95.6	26.89	29.08	96.1
14/06/2018 1:15:57 PM	3611790957	1013.00	27.57	29.08	90.1	27.67	29.08	89.3	26.98	29.08	95.3	26.91	29.08	95.9
14/06/2018 1:15:58 PM	3611790958	1013.00	27.60	29.08	89.9	27.64	29.08	89.5	26.95	29.08	95.6	26.89	29.08	96.1
14/06/2018 1:15:59 PM	3611790959	1013.00	27.59	29.08	90.0	27.69	29.08	89.1	26.96	29.08	95.5	26.93	29.08	95.8
14/06/2018 1:16:00 PM	3611790960	1013.00	27.59	29.08	90.0	27.70	29.08	89.0	26.96	29.08	95.5	26.88	29.08	96.2
14/06/2018 1:16:01 PM	3611790961	1013.00	27.60	29.08	89.9	27.71	29.08	89.0	27.00	29.08	95.1	26.85	29.08	96.5
14/06/2018 1:16:02 PM	3611790962	1013.00	27.57	29.08	90.1	27.69	29.08	89.1	26.98	29.08	95.3	26.90	29.08	96.0
14/06/2018 1:16:03 PM	3611790963	1013.00	27.62	29.08	89.7	27.69	29.08	89.1	26.98	29.08	95.3	26.93	29.08	95.8
14/06/2018 1:16:04 PM	3611790964	1013.00	27.59	29.08	90.0	27.69	29.08	89.1	26.98	29.08	95.3	26.91	29.08	95.9
14/06/2018 1:16:05 PM	3611790965	1013.00	27.60	29.08	89.9	27.69	29.08	89.1	26.98	29.08	95.3	26.94	29.08	95.7
14/06/2018 1:16:06 PM	3611790966	1013.00	27.62	29.08	89.7	27.68	29.08	89.2	26.97	29.08	95.4	26.94	29.08	95.7
14/06/2018 1:16:07 PM	3611790967	1013.00	27.62	29.08	89.7	27.69	29.08	89.1	27.04	29.08	94.8	26.95	29.08	95.6
14/06/2018 1:16:08 PM	3611790968	1013.00	27.61	29.08	89.8	27.74	29.08	88.7	26.95	29.08	95.6	26.90	29.08	96.0
14/06/2018 1:16:09 PM	3611790969	1013.00	27.60	29.07	89.9	27.72	29.07	88.9	26.97	29.07	95.4	26.93	29.07	95.8
14/06/2018 1:16:10 PM	3611790970	1013.00	27.61	29.07	89.8	27.72	29.07	88.9	27.00	29.07	95.1	26.90	29.07	96.0
14/06/2018 1:16:11 PM	3611790971	1013.00	27.59	29.07	90.0	27.75	29.07	88.6	26.95	29.07	95.6	26.94	29.07	95.7
14/06/2018 1:16:12 PM	3611790972	1013.00	27.65	29.07	89.5	27.72	29.07	88.9	26.96	29.07	95.5	26.98	29.07	95.3
14/06/2018 1:16:13 PM	3611790973	1013.00	27.62	29.07	89.7	27.72	29.07	88.9	26.95	29.07	95.6	26.91	29.07	96.0
14/06/2018 1:16:14 PM	3611790974	1013.00	27.61	29.08	89.8	27.74	29.08	88.7	27.00	29.08	95.1	26.93	29.08	95.8
14/06/2018 1:16:15 PM	3611790975	1013.00	27.59	29.08	90.0	27.76	29.08	88.5	26.99	29.08	95.2	26.95	29.08	95.6
14/06/2018 1:16:16 PM	3611790976	1013.00	27.64	29.08	89.5	27.72	29.08	88.9	26.96	29.08	95.5	26.99	29.08	95.2
14/06/2018 1:16:17 PM	3611790977	1013.00	27.60	29.08	89.9	27.75	29.08	88.6	27.00	29.08	95.1	26.96	29.08	95.5
14/06/2018 1:16:18 PM	3611790978	1013.00	27.64	29.08	89.5	27.74	29.08	88.7	26.96	29.08	95.5	26.97	29.08	95.4
14/06/2018 1:16:19 PM	3611790979	1013.00	27.63	29.08	89.6	27.69	29.08	89.1	26.99	29.08	95.2	26.97	29.08	95.4
14/06/2018 1:16:20 PM	3611790980	1013.00	27.60	29.08	89.9	27.76	29.08	88.5	27.00	29.08	95.1	26.94	29.08	95.7
14/06/2018 1:16:21 PM	3611790981	1013.00	27.64	29.08	89.5	27.76	29.08	88.5	26.97	29.08	95.4	26.95	29.08	95.6
14/06/2018 1:16:22 PM	3611790982	1013.00	27.65	29.07	89.5	27.71	29.07	89.0	27.00	29.07	95.1	26.97	29.07	95.4
14/06/2018 1:16:23 PM	3611790983	1013.00	27.61	29.08	89.8	27.70	29.08	89.0	26.99	29.08	95.2	27.02	29.08	94.9
14/06/2018 1:16:24 PM	3611790984	1013.00	27.66	29.08	89.4	27.75	29.08	88.6	26.99	29.08	95.2	26.99	29.08	95.2
14/06/2018 1:16:25 PM	3611790985	1013.00	27.67	29.08	89.3	27.77	29.08	88.5	26.96	29.08	95.5	27.00	29.08	95.1
14/06/2018 1:16:26 PM	3611790986	1013.00	27.65	29.08	89.5	27.79	29.08	88.3	26.99	29.08	95.2	26.96	29.08	95.5
14/06/2018 1:16:27 PM	3611790987	1013.00	27.66	29.08	89.4	27.74	29.08	88.7	26.99	29.08	95.2	27.01	29.08	95.0
14/06/2018 1:16:28 PM	3611790988	1013.00	27.62	29.08	89.7	27.78	29.08	88.4	26.98	29.08	95.3	27.02	29.08	94.9
14/06/2018 1:16:29 PM	3611790989	1013.00	27.65	29.08	89.5	27.81	29.08	88.1	27.00	29.08	95.1	27.04	29.08	94.8
14/06/2018 1:16:30 PM	3611790990	1013.00	27.66	29.08	89.4	27.81	29.08	88.1	27.01	29.08	95.0	26.99	29.08	95.2
14/06/2018 1:16:31 PM	3611790991	1013.00	27.68	29.08	89.2	27.75	29.08	88.6	27.01	29.08	95.0	27.03	29.08	94.8
14/06/2018 1:16:32 PM	3611790992	1013.00	27.66	29.08	89.4	27.78	29.08	88.4	27.01	29.08	95.0	27.06	29.08	94.6
14/06/2018 1:16:33 PM	3611790993	1013.00	27.66	29.08	89.4	27.79	29.08	88.3	26.97	29.08	95.4	26.98	29.08	95.3
14/06/2018 1:16:34 PM	3611790994	1013.00	27.70	29.08	89.0	27.79	29.08	88.3	27.01	29.08	95.0	27.02	29.08	94.9
14/06/2018 1:16:35 PM	3611790995	1013.00	27.67	29.08	89.3	27.79	29.08	88.3	27.01	29.08	95.0	27.00	29.08	95.1
14/06/2018 1:16:36 PM	3611790996	1013.00	27.70	29.08	89.0	27.81	29.08	88.1	27.00	29.08	95.1	26.99	29.08	95.2
14/06/2018 1:16:37 PM	3611790997	1013.00	27.67	29.08	89.3	27.83	29.08	88.0	26.99	29.08	95.2	26.97	29.08	95.4
14/06/2018 1:16:38 PM	3611790998	1013.00	27.71	29.08	89.0	27.84	29.08	87.9	26.96	29.08	95.5	27.04	29.08	94.8
14/06/2018 1:16:39 PM	3611790999	1013.00	27.67	29.08	89.3	27.81	29.08	88.1	26.98	29.08	95.3	27.04	29.08	94.8
14/06/2018 1:16:40 PM	3611791000	1013.00	27.67	29.08	89.3	27.82	29.08	88.0	26.99	29.08	95.2	27.05	29.08	94.7
14/06/2018 1:16:41 PM	3611791001	1013.00	27.70	29.08	89.0	27.82	29.08	88.0	27.02	29.08	94.9	27.01	29.08	95.0
14/06/2018 1:16:42 PM	3611791002	1013.00	27.67	29.08	89.3	27.90	29.08	87.4	27.02	29.08	94.9	27.09	29.08	94.3
14/06/2018 1:16:43 PM	3611791003	1013.00	27.70	29.07	89.1	27.82	29.07	88.1	27.00	29.07	95.1	27.07	29.07	94.5
14/06/2018 1:16:44 PM	3611791004	1013.00	27.66	29.08	89.4	27.81	29.08	88.1	27.00	29.08	95.1	26.99	29.08	95.2
14/06/2018 1:16:45 PM	3611791005	1013.00	27.71	29.07	89.0	27.83	29.07	88.0	26.99	29.07	95.2	27.05	29.07	94.7
14/06/2018 1:16:46 PM	3611791006	1013.00	27.71	29.07	89.0	27.89	29.07	87.5	27.03	29.07	94.9	27.03	29.07	94.9
14/06/2018 1:16:47 PM	3611791007	1013.00	27.69	29.07	89.1	27.84	29.07	87.9	27.01	29.07	95.0	27.07	29.07	94.5
14/06/2018 1:16:48 PM	3611791008	1013.00	27.72	29.07	88.9	27.87	29.07	87.7	26.99	29.07	95.2	27.10	29.07	94.2
14/06/2018 1:16:49 PM	3611791009	1013.00	27.70	29.06	89.1	27.86	29.06	87.7	27.00	29.06	95.2	27.07	29.06	94.5
14/06/2018 1:16:50 PM	3611791010	1013.00	27.72	29.07	88.9	27.88	29.07	87.6	27.02	29.07	95.0	27.10	29.07	94.2
14/06/2018 1:16:51 PM	3611791011	1013.00	27.72	29.07	88.9	27.90	29.07	87.4	27.02	29.07	95.0	27.05	29.07	94.7
14/06/2018 1:16:52 PM	3611791012	1013.00	27.70	29.07	89.1	27.91	29.07	87.3	27.00	29.07	95.1	27.11	29.07	94.1
14/06/2018 1:16:53 PM	3611791013	1013.00	27.71	29.07	89.0	27.89	29.07	87.5	27.03	29.07	94.9	27.08	29.07	94.4
14/06/2018 1:16:54 PM	3611791014	1013.00	27.71	29.08	89.0	27.89	29.08	87.5	26.97	29.08	95.4	27.11	29.08	94.1
14/06/2018 1:16:55 PM	3611791015	1013.00	27.71	29.08	89.0	27.88	29.08	87.6	27.01	29.08	95.0	27.10	29.08	94.2
14/06/2018 1:16:56 PM	3611791016	1013.00	27.71	29.08	89.0	27.94	29.08	87.1	27.02	29.08	94.9	27.13	29.08	94.0
14/06/2018 1:16:57 PM	3611791017	1013.00	27.72	29.08	88.9	27.94	29.08	87.1	26.99	29.08	95.2	27.08	29.08	94.4
14/06/2018 1:16:58 PM	3611791018	1013.00	27.74	29.07	88.7	27.94	29.07	87.1	27.01	29.07	95.0	27.14	29.07	93.9
14/06/2018 1:16:59 PM	3611791019	1013.00	27.70	29.07	89.1	27.94	29.07	87.1	27.01	29.07	95.0	27.08	29.07	94.4
14/06/2018 1:17:00 PM	3611791020	1013.00	27.75	29.07	88.6	27.94	29.07	87.1	27.03	29.07	94.9	27.13	29.07	94.0
14/06/2018 1:17:01 PM	3611791021	1013.00	27.72	29.07	88.9	27.93	29.07	87.2	27.03	29.07	94.9	27.20	29.07	93.3
14/06/2018 1:17:02 PM	3611791022	1013.00	27.72	29.07	88.9	27.94	29.07	87.1	27.03	29.07	94.9	27.11	29.07	94.1
14/06/2018 1:17:03 PM	3611791023	1013.00	27.78	29.07	88.4	27.96	29.07	86.9	27.05	29.07	94.7	27.07	29.07	94.5
14/06/2018 1:17:04 PM	3611791024	1013.00	27.77	29.07	88.5	27.96	29.07	86.9	27.03	29.07	94.9	27.12	29.07	94.1
14/06/2018 1:17:05 PM	3611791025	1013.00	27.75	29.07	88.6	27.96	29.07	86.9	27.03	29.07	94.9	27.12	29.07	94.1
14/06/2018 1:17:06 PM	3611791026	1013.00	27.75	29.07	88.6	27.95	29.07	87.0	27.03	29.07	94.9	27.13	29.07	94.0
14/06/2018 1:17:07 PM	3611791027	1013.00	27.75	29.07	88.6	27.97	29.07	86.8	27.02	29.07	95.0	27.08	29.07	94.4
14/06/2018 1:17:08 PM	3611791028	1013.00	27.75	29.07	88.6	27.95	29.07	87.0	27.02	29.07	95.0	27.17	29.07	93.6
14/06/2018 1:17:09 PM	3611791029	1013.00	27.79	29.07	88.3	28.00	29.07	86.6	27.02	29.07	95.0	27.18	29.07	93.5
14/06/2018 1:17:10 PM	3611791030	1013.00	27.77	29.07	88.5	27.99	29.07	86.7	27.03	29.07	94.9	27.14	29.07	93.9
14/06/2018 1:17:11 PM	3611791031	1013.00	27.77	29.07	88.5	28.00	29.07	86.6	27.01	29.07	95.0	27.20	29.07	93.3
14/06/2018 1:17:12 PM	3611791032	1013.00	27.76	29.07	88.6	27.97	29.07	86.8	27.03	29.07	94.9	27.16	29.07	93.7
14/06/2018 1:17:13 PM	3611791033	1013.00	27.75	29.08	88.6	28.00	29.08	86.6	27.03	29.08	94.8	27.14	29.08	93.9
14/06/2018 1:17:14 PM	3611791034	1013.00	27.75	29.07	88.6	28.00	29.07	86.6	27.01	29.07	95.0	27.14	29.07	93.9
14/06/2018 1:17:15 PM	3611791035	1013.00	27.77	29.07	88.5	28.03	29.07	86.4	27.03	29.07	94.9	27.16	29.07	93.7
14/06/2018 1:17:16 PM	3611791036	1013.00	27.79	29.07	88.3	28.02	29.07	86.4	27.00	29.07	95.1	27.16	29.07	93.7
14/06/2018 1:17:17 PM	3611791037	1013.00	27.76	29.08	88.5	28.05	29.08	86.2	27.03	29.08	94.8	27.17	29.08	93.6
14/06/2018 1:17:18 PM	3611791038	1013.00	27.73	29.07	88.8	28.06	29.07	86.1	27.03	29.07	94.9	27.18	29.07	93.5
14/06/2018 1:17:19 PM	3611791039	1013.00	27.75	29.07	88.6	28.06	29.07	86.1	26.99	29.07	95.2	27.14	29.07	93.9
14/06/2018 1:17:20 PM	3611791040	1013.00	27.79	29.08	88.3	28.08	29.08	85.9	27.07	29.08	94.5	27.19	29.08	93.4
14/06/2018 1:17:21 PM	3611791041	1013.00	27.77	29.08	88.5	28.07	29.08	86.0	27.02	29.08	94.9	27.22	29.08	93.2
14/06/2018 1:17:22 PM	3611791042	1013.00	27.77	29.08	88.5	28.04	29.08	86.3	27.01	29.08	95.0	27.18	29.08	93.5
14/06/2018 1:17:23 PM	3611791043	1013.00	27.79	29.08	88.3	28.08	29.08	85.9	27.05	29.08	94.7	27.16	29.08	93.7
14/06/2018 1:17:24 PM	3611791044	1013.00	27.78	29.07	88.4	28.05	29.07	86.2	27.04	29.07	94.8	27.23	29.07	93.1
14/06/2018 1:17:25 PM	3611791045	1013.00	27.79	29.08	88.3	28.07	29.08	86.0	27.02	29.08	94.9	27.19	29.08	93.4
14/06/2018 1:17:26 PM	3611791046	1013.00	27.80	29.08	88.2	28.04	29.08	86.3	27.04	29.08	94.8	27.18	29.08	93.5
14/06/2018 1:17:27 PM	3611791047	1013.00	27.76	29.08	88.5	28.12	29.08	85.6	27.02	29.08	94.9	27.17	29.08	93.6
14/06/2018 1:17:28 PM	3611791048	1013.00	27.83	29.08	88.0	28.07	29.08	86.0	27.01	29.08	95.0	27.18	29.08	93.5
14/06/2018 1:17:29 PM	3611791049	1013.00	27.81	29.08	88.1	28.06	29.08	86.1	27.00	29.08	95.1	27.22	29.08	93.2
14/06/2018 1:17:30 PM	3611791050	1013.00	27.80	29.08	88.2	28.08	29.08	85.9	27.05	29.08	94.7	27.20	29.08	93.3
14/06/2018 1:17:31 PM	3611791051	1013.00	27.77	29.08	88.5	28.11	29.08	85.7	27.05	29.08	94.7	27.21	29.08	93.2
14/06/2018 1:17:32 PM	3611791052	1013.00	27.77	29.08	88.5	28.13	29.08	85.5	27.03	29.08	94.8	27.19	29.08	93.4
14/06/2018 1:17:33 PM	3611791053	1013.00	27.80	29.08	88.2	28.12	29.08	85.6	27.06	29.08	94.6	27.24	29.08	93.0
14/06/2018 1:17:34 PM	3611791054	1013.00	27.80	29.07	88.2	28.12	29.07	85.6	27.04	29.07	94.8	27.28	29.07	92.6
14/06/2018 1:17:35 PM	3611791055	1013.00	27.80	29.07	88.2	28.12	29.07	85.6	27.02	29.07	95.0	27.23	29.07	93.1
14/06/2018 1:17:36 PM	3611791056	1013.00	27.83	29.07	88.0	28.16	29.07	85.3	27.05	29.07	94.7	27.20	29.07	93.3
14/06/2018 1:17:37 PM	3611791057	1013.00	27.83	29.08	88.0	28.10	29.08	85.8	27.06	29.08	94.6	27.22	29.08	93.2
14/06/2018 1:17:38 PM	3611791058	1013.00	27.80	29.08	88.2	28.13	29.08	85.5	27.08	29.08	94.4	27.27	29.08	92.7
14/06/2018 1:17:39 PM	3611791059	1013.00	27.81	29.08	88.1	28.19	29.08	85.1	27.07	29.08	94.5	27.25	29.08	92.9
14/06/2018 1:17:40 PM	3611791060	1013.00	27.82	29.08	88.0	28.18	29.08	85.1	27.03	29.08	94.8	27.24	29.08	93.0
14/06/2018 1:17:41 PM	3611791061	1013.00	27.83	29.08	88.0	28.17	29.08	85.2	27.06	29.08	94.6	27.24	29.08	93.0
14/06/2018 1:17:42 PM	3611791062	1013.00	27.83	29.08	88.0	28.16	29.08	85.3	27.05	29.08	94.7	27.23	29.08	93.1
14/06/2018 1:17:43 PM	3611791063	1013.00	27.81	29.08	88.1	28.17	29.08	85.2	27.05	29.08	94.7	27.21	29.08	93.2
14/06/2018 1:17:44 PM	3611791064	1013.00	27.83	29.08	88.0	28.18	29.08	85.1	27.04	29.08	94.8	27.22	29.08	93.2
14/06/2018 1:17:45 PM	3611791065	1013.00	27.85	29.08	87.8	28.16	29.08	85.3	27.04	29.08	94.8	27.26	29.08	92.8
14/06/2018 1:17:46 PM	3611791066	1013.00	27.83	29.08	88.0	28.19	29.08	85.1	27.06	29.08	94.6	27.33	29.08	92.2
14/06/2018 1:17:47 PM	3611791067	1013.00	27.82	29.08	88.0	28.17	29.08	85.2	27.08	29.08	94.4	27.23	29.08	93.1
14/06/2018 1:17:48 PM	3611791068	1013.00	27.87	29.08	87.6	28.20	29.08	85.0	27.06	29.08	94.6	27.28	29.08	92.6
14/06/2018 1:17:49 PM	3611791069	1013.00	27.82	29.07	88.1	28.20	29.07	85.0	27.05	29.07	94.7	27.28	29.07	92.6
14/06/2018 1:17:50 PM	3611791070	1013.00	27.87	29.08	87.6	28.19	29.08	85.1	27.04	29.08	94.8	27.30	29.08	92.5
14/06/2018 1:17:51 PM	3611791071	1013.00	27.82	29.08	88.0	28.17	29.08	85.2	27.05	29.08	94.7	27.24	29.08	93.0
14/06/2018 1:17:52 PM	3611791072	1013.00	27.83	29.08	88.0	28.25	29.08	84.6	27.04	29.08	94.8	27.32	29.08	92.3
14/06/2018 1:17:53 PM	3611791073	1013.00	27.86	29.08	87.7	28.23	29.08	84.8	27.07	29.08	94.5	27.30	29.08	92.5
14/06/2018 1:17:54 PM	3611791074	1013.00	27.84	29.08	87.9	28.21	29.08	84.9	27.07	29.08	94.5	27.31	29.08	92.4
14/06/2018 1:17:55 PM	3611791075	1013.00	27.87	29.08	87.6	28.20	29.08	85.0	27.10	29.08	94.2	27.31	29.08	92.4
14/06/2018 1:17:56 PM	3611791076	1013.00	27.85	29.08	87.8	28.23	29.08	84.8	27.06	29.08	94.6	27.33	29.08	92.2
14/06/2018 1:17:57 PM	3611791077	1013.00	27.85	29.08	87.8	28.27	29.08	84.4	27.10	29.08	94.2	27.32	29.08	92.3
14/06/2018 1:17:58 PM	3611791078	1013.00	27.85	29.08	87.8	28.23	29.08	84.8	27.01	29.08	95.0	27.27	29.08	92.7
14/06/2018 1:17:59 PM	3611791079	1013.00	27.86	29.09	87.7	28.23	29.09	84.7	27.02	29.09	94.9	27.30	29.09	92.4
14/06/2018 1:18:00 PM	3611791080	1013.00	27.85	29.08	87.8	28.23	29.08	84.8	27.04	29.08	94.8	27.31	29.08	92.4
14/06/2018 1:18:01 PM	3611791081	1013.00	27.86	29.08	87.7	28.20	29.08	85.0	27.04	29.08	94.8	27.36	29.08	91.9
14/06/2018 1:18:02 PM	3611791082	1013.00	27.87	29.09	87.6	28.30	29.09	84.2	27.07	29.09	94.5	27.32	29.09	92.3
14/06/2018 1:18:03 PM	3611791083	1013.00	27.87	29.08	87.6	28.29	29.08	84.3	27.11	29.08	94.1	27.32	29.08	92.3
14/06/2018 1:18:04 PM	3611791084	1013.00	27.89	29.08	87.5	28.25	29.08	84.6	27.05	29.08	94.7	27.36	29.08	91.9
14/06/2018 1:18:05 PM	3611791085	1013.00	27.90	29.08	87.4	28.31	29.08	84.1	27.05	29.08	94.7	27.31	29.08	92.4
14/06/2018 1:18:06 PM	3611791086	1013.00	27.86	29.07	87.7	28.31	29.07	84.1	27.08	29.07	94.4	27.37	29.07	91.9
14/06/2018 1:18:07 PM	3611791087	1013.00	27.89	29.07	87.5	28.30	29.07	84.2	27.07	29.07	94.5	27.31	29.07	92.4
14/06/2018 1:18:08 PM	3611791088	1013.00	27.90	29.08	87.4	28.29	29.08	84.3	27.07	29.08	94.5	27.37	29.08	91.8
14/06/2018 1:18:09 PM	3611791089	1013.00	27.92	29.08	87.2	28.30	29.08	84.2	27.13	29.08	94.0	27.38	29.08	91.8
14/06/2018 1:18:10 PM	3611791090	1013.00	27.92	29.08	87.2	28.32	29.08	84.1	27.07	29.08	94.5	27.30	29.08	92.5
14/06/2018 1:18:11 PM	3611791091	1013.00	27.92	29.08	87.2	28.34	29.08	83.9	27.08	29.08	94.4	27.40	29.08	91.6
14/06/2018 1:18:12 PM	3611791092	1013.00	27.90	29.08	87.4	28.29	29.08	84.3	27.06	29.08	94.6	27.44	29.08	91.2
14/06/2018 1:18:13 PM	3611791093	1013.00	27.90	29.08	87.4	28.34	29.08	83.9	27.03	29.08	94.8	27.43	29.08	91.3
14/06/2018 1:18:14 PM	3611791094	1013.00	27.94	29.08	87.1	28.36	29.08	83.7	27.09	29.08	94.3	27.36	29.08	91.9
14/06/2018 1:18:15 PM	3611791095	1013.00	27.89	29.08	87.5	28.35	29.08	83.8	27.07	29.08	94.5	27.38	29.08	91.8
14/06/2018 1:18:16 PM	3611791096	1013.00	27.91	29.08	87.3	28.34	29.08	83.9	27.09	29.08	94.3	27.41	29.08	91.5
14/06/2018 1:18:17 PM	3611791097	1013.00	27.93	29.08	87.1	28.36	29.08	83.7	27.11	29.08	94.1	27.37	29.08	91.8
14/06/2018 1:18:18 PM	3611791098	1013.00	27.92	29.08	87.2	28.34	29.08	83.9	27.06	29.08	94.6	27.42	29.08	91.4
14/06/2018 1:18:19 PM	3611791099	1013.00	27.87	29.08	87.6	28.34	29.08	83.9	27.12	29.08	94.0	27.43	29.08	91.3
14/06/2018 1:18:20 PM	3611791100	1013.00	27.93	29.08	87.1	28.38	29.08	83.6	27.09	29.08	94.3	27.47	29.08	91.0
14/06/2018 1:18:21 PM	3611791101	1013.00	27.90	29.08	87.4	28.38	29.08	83.6	27.07	29.08	94.5	27.50	29.08	90.7
14/06/2018 1:18:22 PM	3611791102	1013.00	27.92	29.08	87.2	28.33	29.08	84.0	27.08	29.08	94.4	27.39	29.08	91.7
14/06/2018 1:18:23 PM	3611791103	1013.00	27.92	29.07	87.2	28.34	29.07	83.9	27.13	29.07	94.0	27.47	29.07	91.0
14/06/2018 1:18:24 PM	3611791104	1013.00	27.91	29.08	87.3	28.39	29.08	83.5	27.08	29.08	94.4	27.49	29.08	90.8
14/06/2018 1:18:25 PM	3611791105	1013.00	27.94	29.08	87.1	28.40	29.08	83.4	27.11	29.08	94.1	27.47	29.08	91.0
14/06/2018 1:18:26 PM	3611791106	1013.00	27.97	29.08	86.8	28.37	29.08	83.7	27.10	29.08	94.2	27.46	29.08	91.1
14/06/2018 1:18:27 PM	3611791107	1013.00	27.93	29.08	87.1	28.44	29.08	83.1	27.09	29.08	94.3	27.48	29.08	90.9
14/06/2018 1:18:28 PM	3611791108	1013.00	27.96	29.08	86.9	28.39	29.08	83.5	27.09	29.08	94.3	27.50	29.08	90.7
14/06/2018 1:18:29 PM	3611791109	1013.00	27.94	29.09	87.1	28.39	29.09	83.5	27.09	29.09	94.3	27.53	29.09	90.5
14/06/2018 1:18:30 PM	3611791110	1013.00	27.97	29.08	86.8	28.42	29.08	83.3	27.11	29.08	94.1	27.49	29.08	90.8
14/06/2018 1:18:31 PM	3611791111	1013.00	27.96	29.08	86.9	28.43	29.08	83.2	27.11	29.08	94.1	27.47	29.08	91.0
14/06/2018 1:18:32 PM	3611791112	1013.00	27.95	29.08	87.0	28.41	29.08	83.4	27.11	29.08	94.1	27.54	29.08	90.4
14/06/2018 1:18:33 PM	3611791113	1013.00	27.94	29.08	87.1	28.43	29.08	83.2	27.10	29.08	94.2	27.54	29.08	90.4
14/06/2018 1:18:34 PM	3611791114	1013.00	27.97	29.08	86.8	28.44	29.08	83.1	27.12	29.08	94.0	27.53	29.08	90.5
14/06/2018 1:18:35 PM	3611791115	1013.00	27.95	29.08	87.0	28.43	29.08	83.2	27.13	29.08	94.0	27.49	29.08	90.8
14/06/2018 1:18:36 PM	3611791116	1013.00	27.98	29.09	86.7	28.43	29.09	83.2	27.09	29.09	94.3	27.55	29.09	90.3
14/06/2018 1:18:37 PM	3611791117	1013.00	27.95	29.09	87.0	28.48	29.09	82.8	27.10	29.09	94.2	27.55	29.09	90.3
14/06/2018 1:18:38 PM	3611791118	1013.00	27.99	29.08	86.7	28.44	29.08	83.1	27.07	29.08	94.5	27.60	29.08	89.9
14/06/2018 1:18:39 PM	3611791119	1013.00	27.98	29.08	86.7	28.44	29.08	83.1	27.10	29.08	94.2	27.55	29.08	90.3
14/06/2018 1:18:40 PM	3611791120	1013.00	27.93	29.08	87.1	28.44	29.08	83.1	27.09	29.08	94.3	27.52	29.08	90.6
14/06/2018 1:18:41 PM	3611791121	1013.00	27.97	29.08	86.8	28.41	29.08	83.4	27.11	29.08	94.1	27.50	29.08	90.7
14/06/2018 1:18:42 PM	3611791122	1013.00	27.99	29.07	86.7	28.48	29.07	82.8	27.09	29.07	94.3	27.54	29.07	90.4
14/06/2018 1:18:43 PM	3611791123	1013.00	27.97	29.08	86.8	28.44	29.08	83.1	27.08	29.08	94.4	27.59	29.08	90.0
14/06/2018 1:18:44 PM	3611791124	1013.00	27.99	29.08	86.7	28.47	29.08	82.9	27.10	29.08	94.2	27.55	29.08	90.3
14/06/2018 1:18:45 PM	3611791125	1013.00	27.95	29.08	87.0	28.52	29.08	82.5	27.11	29.08	94.1	27.60	29.08	89.9
14/06/2018 1:18:46 PM	3611791126	1013.00	27.97	29.08	86.8	28.48	29.08	82.8	27.14	29.08	93.9	27.60	29.08	89.9
14/06/2018 1:18:47 PM	3611791127	1013.00	27.98	29.07	86.8	28.45	29.07	83.1	27.11	29.07	94.1	27.63	29.07	89.6
14/06/2018 1:18:48 PM	3611791128	1013.00	27.98	29.08	86.7	28.49	29.08	82.7	27.12	29.08	94.0	27.61	29.08	89.8
14/06/2018 1:18:49 PM	3611791129	1013.00	28.00	29.07	86.6	28.50	29.07	82.7	27.10	29.07	94.2	27.61	29.07	89.8
14/06/2018 1:18:50 PM	3611791130	1013.00	28.01	29.07	86.5	28.49	29.07	82.8	27.09	29.07	94.3	27.63	29.07	89.6
14/06/2018 1:18:51 PM	3611791131	1013.00	27.97	29.08	86.8	28.55	29.08	82.3	27.07	29.08	94.5	27.62	29.08	89.7
14/06/2018 1:18:52 PM	3611791132	1013.00	27.99	29.08	86.7	28.50	29.08	82.7	27.13	29.08	94.0	27.58	29.08	90.0
14/06/2018 1:18:53 PM	3611791133	1013.00	28.01	29.08	86.5	28.46	29.08	83.0	27.12	29.08	94.0	27.63	29.08	89.6
14/06/2018 1:18:54 PM	3611791134	1013.00	28.02	29.09	86.4	28.51	29.09	82.6	27.14	29.09	93.8	27.63	29.09	89.6
14/06/2018 1:18:55 PM	3611791135	1013.00	28.03	29.08	86.3	28.55	29.08	82.3	27.14	29.08	93.9	27.64	29.08	89.5
14/06/2018 1:18:56 PM	3611791136	1013.00	28.03	29.08	86.3	28.52	29.08	82.5	27.12	29.08	94.0	27.62	29.08	89.7
14/06/2018 1:18:57 PM	3611791137	1013.00	27.99	29.08	86.7	28.58	29.08	82.1	27.11	29.08	94.1	27.66	29.08	89.4
14/06/2018 1:18:58 PM	3611791138	1013.00	28.00	29.08	86.6	28.55	29.08	82.3	27.16	29.08	93.7	27.64	29.08	89.5
14/06/2018 1:18:59 PM	3611791139	1013.00	28.01	29.08	86.5	28.55	29.08	82.3	27.15	29.08	93.8	27.66	29.08	89.4
14/06/2018 1:19:00 PM	3611791140	1013.00	28.01	29.08	86.5	28.57	29.08	82.1	27.09	29.08	94.3	27.65	29.08	89.5
14/06/2018 1:19:01 PM	3611791141	1013.00	28.01	29.08	86.5	28.51	29.08	82.6	27.10	29.08	94.2	27.63	29.08	89.6
14/06/2018 1:19:02 PM	3611791142	1013.00	28.01	29.08	86.5	28.53	29.08	82.4	27.13	29.08	94.0	27.70	29.08	89.0
14/06/2018 1:19:03 PM	3611791143	1013.00	28.01	29.09	86.5	28.62	29.09	81.7	27.14	29.09	93.8	27.67	29.09	89.3
14/06/2018 1:19:04 PM	3611791144	1013.00	28.03	29.09	86.3	28.55	29.09	82.3	27.14	29.09	93.8	27.69	29.09	89.1
14/06/2018 1:19:05 PM	3611791145	1013.00	28.01	29.09	86.5	28.64	29.09	81.6	27.16	29.09	93.7	27.68	29.09	89.2
14/06/2018 1:19:06 PM	3611791146	1013.00	28.04	29.09	86.2	28.61	29.09	81.8	27.13	29.09	93.9	27.70	29.09	89.0
14/06/2018 1:19:07 PM	3611791147	1013.00	28.04	29.09	86.2	28.60	29.09	81.9	27.17	29.09	93.6	27.68	29.09	89.2
14/06/2018 1:19:08 PM	3611791148	1013.00	28.06	29.08	86.1	28.62	29.08	81.8	27.16	29.08	93.7	27.69	29.08	89.1
14/06/2018 1:19:09 PM	3611791149	1013.00	28.02	29.08	86.4	28.66	29.08	81.5	27.17	29.08	93.6	27.74	29.08	88.7
14/06/2018 1:19:10 PM	3611791150	1013.00	28.04	29.07	86.3	28.64	29.07	81.6	27.16	29.07	93.7	27.72	29.07	88.9
14/06/2018 1:19:11 PM	3611791151	1013.00	28.00	29.07	86.6	28.61	29.07	81.8	27.16	29.07	93.7	27.70	29.07	89.1
14/06/2018 1:19:12 PM	3611791152	1013.00	27.99	29.08	86.7	28.65	29.08	81.5	27.12	29.08	94.0	27.72	29.08	88.9
14/06/2018 1:19:13 PM	3611791153	1013.00	28.04	29.08	86.3	28.65	29.08	81.5	27.16	29.08	93.7	27.79	29.08	88.3
14/06/2018 1:19:14 PM	3611791154	1013.00	28.06	29.08	86.1	28.67	29.08	81.4	27.13	29.08	94.0	27.74	29.08	88.7
14/06/2018 1:19:15 PM	3611791155	1013.00	28.05	29.08	86.2	28.64	29.08	81.6	27.15	29.08	93.8	27.70	29.08	89.0
14/06/2018 1:19:16 PM	3611791156	1013.00	28.06	29.08	86.1	28.67	29.08	81.4	27.13	29.08	94.0	27.72	29.08	88.9
14/06/2018 1:19:17 PM	3611791157	1013.00	28.05	29.08	86.2	28.68	29.08	81.3	27.14	29.08	93.9	27.73	29.08	88.8
14/06/2018 1:19:18 PM	3611791158	1013.00	28.05	29.08	86.2	28.69	29.08	81.2	27.15	29.08	93.8	27.76	29.08	88.5
14/06/2018 1:19:19 PM	3611791159	1013.00	28.05	29.08	86.2	28.66	29.08	81.5	27.14	29.08	93.9	27.77	29.08	88.5
14/06/2018 1:19:20 PM	3611791160	1013.00	28.06	29.08	86.1	28.67	29.08	81.4	27.14	29.08	93.9	27.77	29.08	88.5
14/06/2018 1:19:21 PM	3611791161	1013.00	28.04	29.08	86.3	28.68	29.08	81.3	27.15	29.08	93.8	27.73	29.08	88.8
14/06/2018 1:19:22 PM	3611791162	1013.00	28.05	29.08	86.2	28.66	29.08	81.5	27.11	29.08	94.1	27.76	29.08	88.5
14/06/2018 1:19:23 PM	3611791163	1013.00	28.06	29.08	86.1	28.69	29.08	81.2	27.21	29.08	93.2	27.74	29.08	88.7
14/06/2018 1:19:24 PM	3611791164	1013.00	28.08	29.08	85.9	28.70	29.08	81.2	27.10	29.08	94.2	27.81	29.08	88.1
14/06/2018 1:19:25 PM	3611791165	1013.00	28.05	29.08	86.2	28.74	29.08	80.9	27.18	29.08	93.5	27.77	29.08	88.5
14/06/2018 1:19:26 PM	3611791166	1013.00	28.05	29.08	86.2	28.72	29.08	81.0	27.16	29.08	93.7	27.79	29.08	88.3
14/06/2018 1:19:27 PM	3611791167	1013.00	28.08	29.08	85.9	28.75	29.08	80.8	27.15	29.08	93.8	27.80	29.08	88.2
14/06/2018 1:19:28 PM	3611791168	1013.00	28.06	29.07	86.1	28.74	29.07	80.9	27.13	29.07	94.0	27.77	29.07	88.5
14/06/2018 1:19:29 PM	3611791169	1013.00	28.07	29.07	86.0	28.73	29.07	81.0	27.15	29.07	93.8	27.81	29.07	88.1
14/06/2018 1:19:30 PM	3611791170	1013.00	28.09	29.07	85.9	28.76	29.07	80.7	27.15	29.07	93.8	27.84	29.07	87.9
14/06/2018 1:19:31 PM	3611791171	1013.00	28.09	29.07	85.9	28.77	29.07	80.7	27.19	29.07	93.4	27.86	29.07	87.7
14/06/2018 1:19:32 PM	3611791172	1013.00	28.10	29.07	85.8	28.77	29.07	80.7	27.14	29.07	93.9	27.80	29.07	88.2
14/06/2018 1:19:33 PM	3611791173	1013.00	28.09	29.08	85.9	28.80	29.08	80.4	27.14	29.08	93.9	27.81	29.08	88.1
14/06/2018 1:19:34 PM	3611791174	1013.00	28.12	29.08	85.6	28.80	29.08	80.4	27.19	29.08	93.4	27.80	29.08	88.2
14/06/2018 1:19:35 PM	3611791175	1013.00	28.11	29.08	85.7	28.77	29.08	80.6	27.16	29.08	93.7	27.82	29.08	88.0
14/06/2018 1:19:36 PM	3611791176	1013.00	28.13	29.07	85.6	28.80	29.07	80.4	27.12	29.07	94.1	27.83	29.07	88.0
14/06/2018 1:19:37 PM	3611791177	1013.00	28.10	29.07	85.8	28.82	29.07	80.3	27.18	29.07	93.5	27.83	29.07	88.0
14/06/2018 1:19:38 PM	3611791178	1013.00	28.17	29.08	85.2	28.78	29.08	80.6	27.12	29.08	94.0	27.81	29.08	88.1
14/06/2018 1:19:39 PM	3611791179	1013.00	28.13	29.08	85.5	28.84	29.08	80.1	27.14	29.08	93.9	27.83	29.08	88.0
14/06/2018 1:19:40 PM	3611791180	1013.00	28.14	29.08	85.5	28.82	29.08	80.3	27.13	29.08	94.0	27.82	29.08	88.0
14/06/2018 1:19:41 PM	3611791181	1013.00	28.12	29.08	85.6	28.81	29.08	80.3	27.15	29.08	93.8	27.84	29.08	87.9
14/06/2018 1:19:42 PM	3611791182	1013.00	28.14	29.08	85.5	28.83	29.08	80.2	27.12	29.08	94.0	27.89	29.08	87.5
14/06/2018 1:19:43 PM	3611791183	1013.00	28.14	29.08	85.5	28.87	29.08	79.9	27.21	29.08	93.2	27.87	29.08	87.6
14/06/2018 1:19:44 PM	3611791184	1013.00	28.12	29.08	85.6	28.84	29.08	80.1	27.15	29.08	93.8	27.87	29.08	87.6
14/06/2018 1:19:45 PM	3611791185	1013.00	28.14	29.07	85.5	28.86	29.07	80.0	27.22	29.07	93.2	27.84	29.07	87.9
14/06/2018 1:19:46 PM	3611791186	1013.00	28.16	29.08	85.3	28.84	29.08	80.1	27.14	29.08	93.9	27.86	29.08	87.7
14/06/2018 1:19:47 PM	3611791187	1013.00	28.14	29.08	85.5	28.83	29.08	80.2	27.19	29.08	93.4	27.88	29.08	87.6
14/06/2018 1:19:48 PM	3611791188	1013.00	28.16	29.08	85.3	28.87	29.08	79.9	27.17	29.08	93.6	27.85	29.08	87.8
14/06/2018 1:19:49 PM	3611791189	1013.00	28.15	29.07	85.4	28.87	29.07	79.9	27.20	29.07	93.3	27.89	29.07	87.5
14/06/2018 1:19:50 PM	3611791190	1013.00	28.12	29.08	85.6	28.88	29.08	79.8	27.20	29.08	93.3	27.89	29.08	87.5
14/06/2018 1:19:51 PM	3611791191	1013.00	28.16	29.07	85.3	28.90	29.07	79.7	27.23	29.07	93.1	27.96	29.07	86.9
14/06/2018 1:19:52 PM	3611791192	1013.00	28.15	29.07	85.4	28.90	29.07	79.7	27.18	29.07	93.5	27.87	29.07	87.7
14/06/2018 1:19:53 PM	3611791193	1013.00	28.15	29.07	85.4	28.91	29.07	79.6	27.18	29.07	93.5	27.85	29.07	87.8
14/06/2018 1:19:54 PM	3611791194	1013.00	28.15	29.07	85.4	28.91	29.07	79.6	27.15	29.07	93.8	27.88	29.07	87.6
14/06/2018 1:19:55 PM	3611791195	1013.00	28.18	29.07	85.2	28.90	29.07	79.7	27.18	29.07	93.5	27.93	29.07	87.2
14/06/2018 1:19:56 PM	3611791196	1013.00	28.19	29.08	85.1	28.89	29.08	79.8	27.16	29.08	93.7	27.90	29.08	87.4
14/06/2018 1:19:57 PM	3611791197	1013.00	28.18	29.08	85.1	28.89	29.08	79.8	27.22	29.08	93.2	27.98	29.08	86.7
14/06/2018 1:19:58 PM	3611791198	1013.00	28.18	29.08	85.1	28.94	29.08	79.4	27.17	29.08	93.6	27.90	29.08	87.4
14/06/2018 1:19:59 PM	3611791199	1013.00	28.19	29.08	85.1	28.92	29.08	79.5	27.19	29.08	93.4	27.88	29.08	87.6
14/06/2018 1:20:00 PM	3611791200	1013.00	28.16	29.08	85.3	28.92	29.08	79.5	27.21	29.08	93.2	27.91	29.08	87.3
14/06/2018 1:20:01 PM	3611791201	1013.00	28.21	29.07	84.9	28.95	29.07	79.3	27.20	29.07	93.3	27.93	29.07	87.2
14/06/2018 1:20:02 PM	3611791202	1013.00	28.16	29.07	85.3	28.93	29.07	79.5	27.20	29.07	93.3	27.93	29.07	87.2
14/06/2018 1:20:03 PM	3611791203	1013.00	28.18	29.07	85.2	28.95	29.07	79.3	27.19	29.07	93.4	27.98	29.07	86.8
14/06/2018 1:20:04 PM	3611791204	1013.00	28.19	29.07	85.1	28.97	29.07	79.2	27.18	29.07	93.5	27.92	29.07	87.2
14/06/2018 1:20:05 PM	3611791205	1013.00	28.16	29.07	85.3	28.97	29.07	79.2	27.21	29.07	93.3	27.98	29.07	86.8
14/06/2018 1:20:06 PM	3611791206	1013.00	28.21	29.08	84.9	28.94	29.08	79.4	27.23	29.08	93.1	27.97	29.08	86.8
14/06/2018 1:20:07 PM	3611791207	1013.00	28.20	29.08	85.0	28.97	29.08	79.2	27.19	29.08	93.4	27.92	29.08	87.2
14/06/2018 1:20:08 PM	3611791208	1013.00	28.20	29.08	85.0	29.00	29.08	79.0	27.17	29.08	93.6	27.94	29.08	87.1
14/06/2018 1:20:09 PM	3611791209	1013.00	28.22	29.08	84.8	29.02	29.08	78.8	27.20	29.08	93.3	27.90	29.08	87.4
14/06/2018 1:20:10 PM	3611791210	1013.00	28.21	29.08	84.9	29.02	29.08	78.8	27.21	29.08	93.2	27.99	29.08	86.7
14/06/2018 1:20:11 PM	3611791211	1013.00	28.20	29.08	85.0	29.02	29.08	78.8	27.23	29.08	93.1	27.98	29.08	86.7
14/06/2018 1:20:12 PM	3611791212	1013.00	28.23	29.08	84.8	29.02	29.08	78.8	27.22	29.08	93.2	28.01	29.08	86.5
14/06/2018 1:20:13 PM	3611791213	1013.00	28.23	29.08	84.8	29.02	29.08	78.8	27.25	29.08	92.9	27.98	29.08	86.7
14/06/2018 1:20:14 PM	3611791214	1013.00	28.21	29.08	84.9	29.00	29.08	79.0	27.25	29.08	92.9	28.01	29.08	86.5
14/06/2018 1:20:15 PM	3611791215	1013.00	28.25	29.07	84.6	29.06	29.07	78.5	27.21	29.07	93.3	28.03	29.07	86.4
14/06/2018 1:20:16 PM	3611791216	1013.00	28.22	29.07	84.8	29.05	29.07	78.6	27.27	29.07	92.7	27.99	29.07	86.7
14/06/2018 1:20:17 PM	3611791217	1013.00	28.23	29.07	84.8	29.06	29.07	78.5	27.21	29.07	93.3	28.02	29.07	86.4
14/06/2018 1:20:18 PM	3611791218	1013.00	28.24	29.08	84.7	29.05	29.08	78.6	27.25	29.08	92.9	27.99	29.08	86.7
14/06/2018 1:20:19 PM	3611791219	1013.00	28.22	29.08	84.8	29.07	29.08	78.5	27.24	29.08	93.0	28.03	29.08	86.3
14/06/2018 1:20:20 PM	3611791220	1013.00	28.25	29.07	84.6	29.07	29.07	78.5	27.25	29.07	92.9	28.04	29.07	86.3
14/06/2018 1:20:21 PM	3611791221	1013.00	28.27	29.08	84.4	29.08	29.08	78.4	27.25	29.08	92.9	28.03	29.08	86.3
14/06/2018 1:20:22 PM	3611791222	1013.00	28.26	29.08	84.5	29.11	29.08	78.2	27.23	29.08	93.1	28.02	29.08	86.4
14/06/2018 1:20:23 PM	3611791223	1013.00	28.25	29.07	84.6	29.05	29.07	78.6	27.22	29.07	93.2	28.00	29.07	86.6
14/06/2018 1:20:24 PM	3611791224	1013.00	28.30	29.07	84.2	29.08	29.07	78.4	27.27	29.07	92.7	28.05	29.07	86.2
14/06/2018 1:20:25 PM	3611791225	1013.00	28.26	29.08	84.5	29.10	29.08	78.2	27.22	29.08	93.2	27.96	29.08	86.9
14/06/2018 1:20:26 PM	3611791226	1013.00	28.27	29.08	84.4	29.13	29.08	78.0	27.22	29.08	93.2	28.06	29.08	86.1
14/06/2018 1:20:27 PM	3611791227	1013.00	28.29	29.07	84.3	29.06	29.07	78.5	27.20	29.07	93.3	28.04	29.07	86.3
14/06/2018 1:20:28 PM	3611791228	1013.00	28.26	29.07	84.5	29.12	29.07	78.1	27.22	29.07	93.2	28.01	29.07	86.5
14/06/2018 1:20:29 PM	3611791229	1013.00	28.26	29.07	84.5	29.09	29.07	78.3	27.25	29.07	92.9	28.05	29.07	86.2
14/06/2018 1:20:30 PM	3611791230	1013.00	28.27	29.07	84.5	29.12	29.07	78.1	27.23	29.07	93.1	28.03	29.07	86.4
14/06/2018 1:20:31 PM	3611791231	1013.00	28.28	29.07	84.4	29.10	29.07	78.3	27.26	29.07	92.8	28.02	29.07	86.4
14/06/2018 1:20:32 PM	3611791232	1013.00	28.29	29.08	84.3	29.19	29.08	77.6	27.24	29.08	93.0	28.05	29.08	86.2
14/06/2018 1:20:33 PM	3611791233	1013.00	28.26	29.08	84.5	29.15	29.08	77.9	27.24	29.08	93.0	28.01	29.08	86.5
14/06/2018 1:20:34 PM	3611791234	1013.00	28.30	29.08	84.2	29.11	29.08	78.2	27.24	29.08	93.0	28.02	29.08	86.4
14/06/2018 1:20:35 PM	3611791235	1013.00	28.27	29.08	84.4	29.15	29.08	77.9	27.23	29.08	93.1	28.02	29.08	86.4
14/06/2018 1:20:36 PM	3611791236	1013.00	28.29	29.08	84.3	29.14	29.08	78.0	27.25	29.08	92.9	28.04	29.08	86.3
14/06/2018 1:20:37 PM	3611791237	1013.00	28.30	29.08	84.2	29.20	29.08	77.5	27.27	29.08	92.7	28.03	29.08	86.3
14/06/2018 1:20:38 PM	3611791238	1013.00	28.32	29.08	84.1	29.16	29.08	77.8	27.27	29.08	92.7	28.06	29.08	86.1
14/06/2018 1:20:39 PM	3611791239	1013.00	28.30	29.07	84.2	29.15	29.07	77.9	27.26	29.07	92.8	28.06	29.07	86.1
14/06/2018 1:20:40 PM	3611791240	1013.00	28.27	29.07	84.5	29.16	29.07	77.8	27.26	29.07	92.8	28.08	29.07	86.0
14/06/2018 1:20:41 PM	3611791241	1013.00	28.28	29.07	84.4	29.20	29.07	77.6	27.25	29.07	92.9	28.08	29.07	86.0
14/06/2018 1:20:42 PM	3611791242	1013.00	28.30	29.07	84.2	29.20	29.07	77.6	27.23	29.07	93.1	28.10	29.07	85.8
14/06/2018 1:20:43 PM	3611791243	1013.00	28.32	29.07	84.1	29.21	29.07	77.5	27.29	29.07	92.6	28.06	29.07	86.1
14/06/2018 1:20:44 PM	3611791244	1013.00	28.30	29.07	84.2	29.20	29.07	77.6	27.28	29.07	92.6	28.03	29.07	86.4
14/06/2018 1:20:45 PM	3611791245	1013.00	28.32	29.08	84.1	29.23	29.08	77.3	27.27	29.08	92.7	28.15	29.08	85.4
14/06/2018 1:20:46 PM	3611791246	1013.00	28.31	29.07	84.1	29.22	29.07	77.4	27.25	29.07	92.9	28.11	29.07	85.7
14/06/2018 1:20:47 PM	3611791247	1013.00	28.33	29.07	84.0	29.22	29.07	77.4	27.28	29.07	92.6	28.16	29.07	85.3
14/06/2018 1:20:48 PM	3611791248	1013.00	28.33	29.07	84.0	29.22	29.07	77.4	27.27	29.07	92.7	28.12	29.07	85.6
14/06/2018 1:20:49 PM	3611791249	1013.00	28.31	29.08	84.1	29.25	29.08	77.2	27.29	29.08	92.5	28.09	29.08	85.9
14/06/2018 1:20:50 PM	3611791250	1013.00	28.33	29.08	84.0	29.20	29.08	77.5	27.27	29.08	92.7	28.09	29.08	85.9
14/06/2018 1:20:51 PM	3611791251	1013.00	28.32	29.08	84.1	29.23	29.08	77.3	27.30	29.08	92.5	28.09	29.08	85.9
14/06/2018 1:20:52 PM	3611791252	1013.00	28.29	29.08	84.3	29.24	29.08	77.3	27.29	29.08	92.5	28.12	29.08	85.6
14/06/2018 1:20:53 PM	3611791253	1013.00	28.33	29.08	84.0	29.25	29.08	77.2	27.27	29.08	92.7	28.20	29.08	85.0
14/06/2018 1:20:54 PM	3611791254	1013.00	28.32	29.08	84.1	29.26	29.08	77.1	27.23	29.08	93.1	28.11	29.08	85.7
14/06/2018 1:20:55 PM	3611791255	1013.00	28.34	29.08	83.9	29.25	29.08	77.2	27.25	29.08	92.9	28.17	29.08	85.2
14/06/2018 1:20:56 PM	3611791256	1013.00	28.36	29.08	83.7	29.25	29.08	77.2	27.30	29.08	92.5	28.18	29.08	85.1
14/06/2018 1:20:57 PM	3611791257	1013.00	28.39	29.08	83.5	29.28	29.08	77.0	27.28	29.08	92.6	28.12	29.08	85.6
14/06/2018 1:20:58 PM	3611791258	1013.00	28.36	29.08	83.7	29.27	29.08	77.0	27.27	29.08	92.7	28.18	29.08	85.1
14/06/2018 1:20:59 PM	3611791259	1013.00	28.37	29.08	83.7	29.25	29.08	77.2	27.30	29.08	92.5	28.13	29.08	85.5
14/06/2018 1:21:00 PM	3611791260	1013.00	28.36	29.08	83.7	29.31	29.08	76.8	27.31	29.08	92.4	28.18	29.08	85.1
14/06/2018 1:21:01 PM	3611791261	1013.00	28.36	29.08	83.7	29.34	29.08	76.6	27.31	29.08	92.4	28.18	29.08	85.1
14/06/2018 1:21:02 PM	3611791262	1013.00	28.37	29.08	83.7	29.33	29.08	76.6	27.28	29.08	92.6	28.13	29.08	85.5
14/06/2018 1:21:03 PM	3611791263	1013.00	28.37	29.08	83.7	29.33	29.08	76.6	27.30	29.08	92.5	28.20	29.08	85.0
14/06/2018 1:21:04 PM	3611791264	1013.00	28.36	29.08	83.7	29.32	29.08	76.7	27.34	29.08	92.1	28.17	29.08	85.2
14/06/2018 1:21:05 PM	3611791265	1013.00	28.35	29.08	83.8	29.38	29.08	76.3	27.31	29.08	92.4	28.22	29.08	84.8
14/06/2018 1:21:06 PM	3611791266	1013.00	28.34	29.08	83.9	29.36	29.08	76.4	27.26	29.08	92.8	28.22	29.08	84.8
14/06/2018 1:21:07 PM	3611791267	1013.00	28.36	29.08	83.7	29.36	29.08	76.4	27.30	29.08	92.5	28.25	29.08	84.6
14/06/2018 1:21:08 PM	3611791268	1013.00	28.41	29.07	83.4	29.43	29.07	76.0	27.31	29.07	92.4	28.18	29.07	85.2
14/06/2018 1:21:09 PM	3611791269	1013.00	28.40	29.07	83.4	29.38	29.07	76.3	27.35	29.07	92.0	28.18	29.07	85.2
14/06/2018 1:21:10 PM	3611791270	1013.00	28.39	29.07	83.5	29.39	29.07	76.2	27.30	29.07	92.5	28.21	29.07	84.9
14/06/2018 1:21:11 PM	3611791271	1013.00	28.41	29.07	83.4	29.41	29.07	76.1	27.31	29.07	92.4	28.20	29.07	85.0
14/06/2018 1:21:12 PM	3611791272	1013.00	28.38	29.07	83.6	29.39	29.07	76.2	27.34	29.07	92.1	28.20	29.07	85.0
14/06/2018 1:21:13 PM	3611791273	1013.00	28.38	29.07	83.6	29.41	29.07	76.1	27.31	29.07	92.4	28.24	29.07	84.7
14/06/2018 1:21:14 PM	3611791274	1013.00	28.40	29.07	83.4	29.41	29.07	76.1	27.32	29.07	92.3	28.23	29.07	84.8
14/06/2018 1:21:15 PM	3611791275	1013.00	28.40	29.07	83.4	29.42	29.07	76.0	27.31	29.07	92.4	28.22	29.07	84.8
14/06/2018 1:21:16 PM	3611791276	1013.00	28.41	29.07	83.4	29.42	29.07	76.0	27.30	29.07	92.5	28.26	29.07	84.5
14/06/2018 1:21:17 PM	3611791277	1013.00	28.41	29.08	83.4	29.41	29.08	76.1	27.33	29.08	92.2	28.18	29.08	85.1
14/06/2018 1:21:18 PM	3611791278	1013.00	28.41	29.08	83.4	29.42	29.08	76.0	27.30	29.08	92.5	28.29	29.08	84.3
14/06/2018 1:21:19 PM	3611791279	1013.00	28.41	29.08	83.4	29.40	29.08	76.1	27.30	29.08	92.5	28.26	29.08	84.5
14/06/2018 1:21:20 PM	3611791280	1013.00	28.42	29.08	83.3	29.41	29.08	76.1	27.33	29.08	92.2	28.20	29.08	85.0
14/06/2018 1:21:21 PM	3611791281	1013.00	28.40	29.08	83.4	29.44	29.08	75.9	27.32	29.08	92.3	28.24	29.08	84.7
14/06/2018 1:21:22 PM	3611791282	1013.00	28.39	29.08	83.5	29.41	29.08	76.1	27.35	29.08	92.0	28.16	29.08	85.3
14/06/2018 1:21:23 PM	3611791283	1013.00	28.43	29.07	83.2	29.40	29.07	76.2	27.30	29.07	92.5	28.20	29.07	85.0
14/06/2018 1:21:24 PM	3611791284	1013.00	28.44	29.08	83.1	29.44	29.08	75.9	27.33	29.08	92.2	28.21	29.08	84.9
14/06/2018 1:21:25 PM	3611791285	1013.00	28.42	29.08	83.3	29.46	29.08	75.7	27.34	29.08	92.1	28.26	29.08	84.5
14/06/2018 1:21:26 PM	3611791286	1013.00	28.43	29.08	83.2	29.44	29.08	75.9	27.35	29.08	92.0	28.26	29.08	84.5
14/06/2018 1:21:27 PM	3611791287	1013.00	28.48	29.08	82.8	29.44	29.08	75.9	27.34	29.08	92.1	28.22	29.08	84.8
14/06/2018 1:21:28 PM	3611791288	1013.00	28.46	29.08	83.0	29.45	29.08	75.8	27.32	29.08	92.3	28.23	29.08	84.8
14/06/2018 1:21:29 PM	3611791289	1013.00	28.45	29.08	83.0	29.45	29.08	75.8	27.31	29.08	92.4	28.24	29.08	84.7
14/06/2018 1:21:30 PM	3611791290	1013.00	28.44	29.07	83.1	29.44	29.07	75.9	27.35	29.07	92.0	28.25	29.07	84.6
14/06/2018 1:21:31 PM	3611791291	1013.00	28.45	29.07	83.1	29.50	29.07	75.5	27.34	29.07	92.1	28.27	29.07	84.5
14/06/2018 1:21:32 PM	3611791292	1013.00	28.50	29.07	82.7	29.47	29.07	75.7	27.36	29.07	91.9	28.23	29.07	84.8
14/06/2018 1:21:33 PM	3611791293	1013.00	28.47	29.07	82.9	29.46	29.07	75.7	27.31	29.07	92.4	28.23	29.07	84.8
14/06/2018 1:21:34 PM	3611791294	1013.00	28.49	29.07	82.8	29.50	29.07	75.5	27.30	29.07	92.5	28.26	29.07	84.5
14/06/2018 1:21:35 PM	3611791295	1013.00	28.47	29.07	82.9	29.52	29.07	75.3	27.32	29.07	92.3	28.18	29.07	85.2
14/06/2018 1:21:36 PM	3611791296	1013.00	28.50	29.08	82.7	29.52	29.08	75.3	27.34	29.08	92.1	28.30	29.08	84.2
14/06/2018 1:21:37 PM	3611791297	1013.00	28.49	29.07	82.8	29.52	29.07	75.3	27.33	29.07	92.2	28.27	29.07	84.5
14/06/2018 1:21:38 PM	3611791298	1013.00	28.47	29.07	82.9	29.56	29.07	75.1	27.32	29.07	92.3	28.23	29.07	84.8
14/06/2018 1:21:39 PM	3611791299	1013.00	28.53	29.07	82.5	29.54	29.07	75.2	27.31	29.07	92.4	28.30	29.07	84.2
14/06/2018 1:21:40 PM	3611791300	1013.00	28.52	29.07	82.5	29.57	29.07	75.0	27.35	29.07	92.0	28.27	29.07	84.5
14/06/2018 1:21:41 PM	3611791301	1013.00	28.49	29.07	82.8	29.59	29.07	74.9	27.34	29.07	92.1	28.28	29.07	84.4
14/06/2018 1:21:42 PM	3611791302	1013.00	28.49	29.07	82.8	29.59	29.07	74.9	27.35	29.07	92.0	28.24	29.07	84.7
14/06/2018 1:21:43 PM	3611791303	1013.00	28.51	29.07	82.6	29.53	29.07	75.3	27.36	29.07	91.9	28.28	29.07	84.4
14/06/2018 1:21:44 PM	3611791304	1013.00	28.50	29.07	82.7	29.57	29.07	75.0	27.34	29.07	92.1	28.21	29.07	84.9
14/06/2018 1:21:45 PM	3611791305	1013.00	28.51	29.07	82.6	29.59	29.07	74.9	27.36	29.07	91.9	28.27	29.07	84.5
14/06/2018 1:21:46 PM	3611791306	1013.00	28.53	29.07	82.5	29.59	29.07	74.9	27.34	29.07	92.1	28.29	29.07	84.3
14/06/2018 1:21:47 PM	3611791307	1013.00	28.53	29.07	82.5	29.65	29.07	74.5	27.35	29.07	92.0	28.27	29.07	84.5
14/06/2018 1:21:48 PM	3611791308	1013.00	28.53	29.08	82.4	29.59	29.08	74.8	27.34	29.08	92.1	28.31	29.08	84.1
14/06/2018 1:21:49 PM	3611791309	1013.00	28.54	29.08	82.4	29.60	29.08	74.8	27.35	29.08	92.0	28.26	29.08	84.5
14/06/2018 1:21:50 PM	3611791310	1013.00	28.51	29.08	82.6	29.63	29.08	74.6	27.36	29.08	91.9	28.21	29.08	84.9
14/06/2018 1:21:51 PM	3611791311	1013.00	28.55	29.08	82.3	29.64	29.08	74.5	27.36	29.08	91.9	28.30	29.08	84.2
14/06/2018 1:21:52 PM	3611791312	1013.00	28.52	29.08	82.5	29.66	29.08	74.4	27.39	29.08	91.7	28.26	29.08	84.5
14/06/2018 1:21:53 PM	3611791313	1013.00	28.52	29.08	82.5	29.62	29.08	74.6	27.36	29.08	91.9	28.24	29.08	84.7
14/06/2018 1:21:54 PM	3611791314	1013.00	28.50	29.08	82.7	29.67	29.08	74.3	27.36	29.08	91.9	28.29	29.08	84.3
14/06/2018 1:21:55 PM	3611791315	1013.00	28.50	29.08	82.7	29.70	29.08	74.1	27.38	29.08	91.8	28.28	29.08	84.4
14/06/2018 1:21:56 PM	3611791316	1013.00	28.55	29.08	82.3	29.69	29.08	74.2	27.39	29.08	91.7	28.27	29.08	84.4
14/06/2018 1:21:57 PM	3611791317	1013.00	28.51	29.08	82.6	29.69	29.08	74.2	27.38	29.08	91.8	28.33	29.08	84.0
14/06/2018 1:21:58 PM	3611791318	1013.00	28.54	29.08	82.4	29.65	29.08	74.4	27.33	29.08	92.2	28.29	29.08	84.3
14/06/2018 1:21:59 PM	3611791319	1013.00	28.54	29.08	82.4	29.67	29.08	74.3	27.38	29.08	91.8	28.28	29.08	84.4
14/06/2018 1:22:00 PM	3611791320	1013.00	28.53	29.08	82.4	29.67	29.08	74.3	27.37	29.08	91.8	28.32	29.08	84.1
14/06/2018 1:22:01 PM	3611791321	1013.00	28.56	29.08	82.2	29.70	29.08	74.1	27.35	29.08	92.0	28.31	29.08	84.1
14/06/2018 1:22:02 PM	3611791322	1013.00	28.55	29.08	82.3	29.71	29.08	74.0	27.34	29.08	92.1	28.29	29.08	84.3
14/06/2018 1:22:03 PM	3611791323	1013.00	28.59	29.07	82.0	29.72	29.07	74.0	27.34	29.07	92.1	28.33	29.07	84.0
14/06/2018 1:22:04 PM	3611791324	1013.00	28.55	29.08	82.3	29.73	29.08	73.9	27.40	29.08	91.6	28.29	29.08	84.3
14/06/2018 1:22:05 PM	3611791325	1013.00	28.59	29.08	82.0	29.70	29.08	74.1	27.35	29.08	92.0	28.28	29.08	84.4
14/06/2018 1:22:06 PM	3611791326	1013.00	28.54	29.08	82.4	29.77	29.08	73.6	27.38	29.08	91.8	28.29	29.08	84.3
14/06/2018 1:22:07 PM	3611791327	1013.00	28.58	29.08	82.1	29.76	29.08	73.7	27.32	29.08	92.3	28.30	29.08	84.2
14/06/2018 1:22:08 PM	3611791328	1013.00	28.59	29.08	82.0	29.77	29.08	73.6	27.40	29.08	91.6	28.33	29.08	84.0
14/06/2018 1:22:09 PM	3611791329	1013.00	28.55	29.08	82.3	29.76	29.08	73.7	27.41	29.08	91.5	28.30	29.08	84.2
14/06/2018 1:22:10 PM	3611791330	1013.00	28.58	29.08	82.1	29.81	29.08	73.4	27.40	29.08	91.6	28.35	29.08	83.8
14/06/2018 1:22:11 PM	3611791331	1013.00	28.55	29.08	82.3	29.85	29.08	73.1	27.38	29.08	91.8	28.34	29.08	83.9
14/06/2018 1:22:12 PM	3611791332	1013.00	28.55	29.08	82.3	29.81	29.08	73.4	27.39	29.08	91.7	28.30	29.08	84.2
14/06/2018 1:22:13 PM	3611791333	1013.00	28.56	29.08	82.2	29.83	29.08	73.2	27.40	29.08	91.6	28.33	29.08	84.0
14/06/2018 1:22:14 PM	3611791334	1013.00	28.62	29.08	81.8	29.84	29.08	73.2	27.38	29.08	91.8	28.31	29.08	84.1
14/06/2018 1:22:15 PM	3611791335	1013.00	28.56	29.08	82.2	29.83	29.08	73.2	27.39	29.08	91.7	28.34	29.08	83.9
14/06/2018 1:22:16 PM	3611791336	1013.00	28.58	29.08	82.1	29.87	29.08	73.0	27.40	29.08	91.6	28.33	29.08	84.0
14/06/2018 1:22:17 PM	3611791337	1013.00	28.56	29.08	82.2	29.88	29.08	72.9	27.39	29.08	91.7	28.35	29.08	83.8
14/06/2018 1:22:18 PM	3611791338	1013.00	28.58	29.08	82.1	29.89	29.08	72.9	27.37	29.08	91.8	28.33	29.08	84.0
14/06/2018 1:22:19 PM	3611791339	1013.00	28.57	29.08	82.1	29.91	29.08	72.7	27.38	29.08	91.8	28.36	29.08	83.7
14/06/2018 1:22:20 PM	3611791340	1013.00	28.58	29.08	82.1	29.92	29.08	72.7	27.38	29.08	91.8	28.30	29.08	84.2
14/06/2018 1:22:21 PM	3611791341	1013.00	28.62	29.08	81.8	29.94	29.08	72.5	27.45	29.08	91.2	28.38	29.08	83.6
14/06/2018 1:22:22 PM	3611791342	1013.00	28.58	29.08	82.1	29.91	29.08	72.7	27.38	29.08	91.8	28.34	29.08	83.9
14/06/2018 1:22:23 PM	3611791343	1013.00	28.62	29.08	81.8	29.91	29.08	72.7	27.39	29.08	91.7	28.41	29.08	83.4
14/06/2018 1:22:24 PM	3611791344	1013.00	28.57	29.07	82.1	29.89	29.07	72.9	27.42	29.07	91.4	28.35	29.07	83.8
14/06/2018 1:22:25 PM	3611791345	1013.00	28.62	29.08	81.8	29.95	29.08	72.5	27.45	29.08	91.2	28.33	29.08	84.0
14/06/2018 1:22:26 PM	3611791346	1013.00	28.61	29.08	81.8	29.93	29.08	72.6	27.42	29.08	91.4	28.39	29.08	83.5
14/06/2018 1:22:27 PM	3611791347	1013.00	28.62	29.08	81.8	29.94	29.08	72.5	27.40	29.08	91.6	28.41	29.08	83.4
14/06/2018 1:22:28 PM	3611791348	1013.00	28.62	29.08	81.8	29.97	29.08	72.3	27.41	29.08	91.5	28.44	29.08	83.1
14/06/2018 1:22:29 PM	3611791349	1013.00	28.63	29.08	81.7	29.94	29.08	72.5	27.44	29.08	91.2	28.46	29.08	83.0
14/06/2018 1:22:30 PM	3611791350	1013.00	28.63	29.08	81.7	29.95	29.08	72.5	27.41	29.08	91.5	28.41	29.08	83.4
14/06/2018 1:22:31 PM	3611791351	1013.00	28.59	29.07	82.0	29.93	29.07	72.6	27.38	29.07	91.8	28.50	29.07	82.7
14/06/2018 1:22:32 PM	3611791352	1013.00	28.64	29.07	81.6	30.01	29.07	72.1	27.44	29.07	91.3	28.41	29.07	83.4
14/06/2018 1:22:33 PM	3611791353	1013.00	28.61	29.07	81.8	30.02	29.07	72.0	27.41	29.07	91.5	28.45	29.07	83.1
14/06/2018 1:22:34 PM	3611791354	1013.00	28.65	29.08	81.5	30.00	29.08	72.1	27.42	29.08	91.4	28.49	29.08	82.7
14/06/2018 1:22:35 PM	3611791355	1013.00	28.63	29.08	81.7	30.01	29.08	72.1	27.44	29.08	91.2	28.47	29.08	82.9
14/06/2018 1:22:36 PM	3611791356	1013.00	28.63	29.08	81.7	29.98	29.08	72.3	27.46	29.08	91.1	28.45	29.08	83.0
14/06/2018 1:22:37 PM	3611791357	1013.00	28.65	29.08	81.5	29.96	29.08	72.4	27.43	29.08	91.3	28.50	29.08	82.7
14/06/2018 1:22:38 PM	3611791358	1013.00	28.63	29.08	81.7	30.00	29.08	72.1	27.42	29.08	91.4	28.45	29.08	83.0
14/06/2018 1:22:39 PM	3611791359	1013.00	28.64	29.08	81.6	30.03	29.08	71.9	27.44	29.08	91.2	28.45	29.08	83.0
14/06/2018 1:22:40 PM	3611791360	1013.00	28.64	29.08	81.6	30.03	29.08	71.9	27.42	29.08	91.4	28.46	29.08	83.0
14/06/2018 1:22:41 PM	3611791361	1013.00	28.65	29.08	81.5	29.98	29.08	72.3	27.43	29.08	91.3	28.45	29.08	83.0
14/06/2018 1:22:42 PM	3611791362	1013.00	28.64	29.08	81.6	30.02	29.08	72.0	27.43	29.08	91.3	28.44	29.08	83.1
14/06/2018 1:22:43 PM	3611791363	1013.00	28.66	29.08	81.5	29.99	29.08	72.2	27.43	29.08	91.3	28.45	29.08	83.0
14/06/2018 1:22:44 PM	3611791364	1013.00	28.65	29.08	81.5	30.00	29.08	72.1	27.45	29.08	91.2	28.47	29.08	82.9
14/06/2018 1:22:45 PM	3611791365	1013.00	28.66	29.08	81.5	30.00	29.08	72.1	27.42	29.08	91.4	28.47	29.08	82.9
14/06/2018 1:22:46 PM	3611791366	1013.00	28.66	29.07	81.5	30.02	29.07	72.0	27.44	29.07	91.3	28.47	29.07	82.9
14/06/2018 1:22:47 PM	3611791367	1013.00	28.66	29.08	81.5	30.04	29.08	71.9	27.44	29.08	91.2	28.52	29.08	82.5
14/06/2018 1:22:48 PM	3611791368	1013.00	28.64	29.07	81.6	30.03	29.07	72.0	27.46	29.07	91.1	28.52	29.07	82.5
14/06/2018 1:22:49 PM	3611791369	1013.00	28.66	29.08	81.5	30.02	29.08	72.0	27.46	29.08	91.1	28.51	29.08	82.6
14/06/2018 1:22:50 PM	3611791370	1013.00	28.62	29.08	81.8	30.02	29.08	72.0	27.47	29.08	91.0	28.50	29.08	82.7
14/06/2018 1:22:51 PM	3611791371	1013.00	28.64	29.08	81.6	29.99	29.08	72.2	27.48	29.08	90.9	28.50	29.08	82.7
14/06/2018 1:22:52 PM	3611791372	1013.00	28.66	29.08	81.5	30.00	29.08	72.1	27.44	29.08	91.2	28.51	29.08	82.6
14/06/2018 1:22:53 PM	3611791373	1013.00	28.65	29.08	81.5	29.96	29.08	72.4	27.44	29.08	91.2	28.56	29.08	82.2
14/06/2018 1:22:54 PM	3611791374	1013.00	28.66	29.08	81.5	29.99	29.08	72.2	27.44	29.08	91.2	28.52	29.08	82.5
14/06/2018 1:22:55 PM	3611791375	1013.00	28.69	29.08	81.2	30.02	29.08	72.0	27.41	29.08	91.5	28.53	29.08	82.4
14/06/2018 1:22:56 PM	3611791376	1013.00	28.67	29.08	81.4	30.01	29.08	72.1	27.47	29.08	91.0	28.55	29.08	82.3
14/06/2018 1:22:57 PM	3611791377	1013.00	28.69	29.08	81.2	30.03	29.08	71.9	27.50	29.08	90.7	28.55	29.08	82.3
14/06/2018 1:22:58 PM	3611791378	1013.00	28.66	29.08	81.5	29.99	29.08	72.2	27.47	29.08	91.0	28.54	29.08	82.4
14/06/2018 1:22:59 PM	3611791379	1013.00	28.69	29.09	81.2	29.98	29.09	72.3	27.47	29.09	91.0	28.58	29.09	82.0
14/06/2018 1:23:00 PM	3611791380	1013.00	28.71	29.08	81.1	29.99	29.08	72.2	27.45	29.08	91.2	28.59	29.08	82.0
14/06/2018 1:23:01 PM	3611791381	1013.00	28.69	29.08	81.2	29.99	29.08	72.2	27.50	29.08	90.7	28.56	29.08	82.2
14/06/2018 1:23:02 PM	3611791382	1013.00	28.70	29.08	81.2	30.01	29.08	72.1	27.46	29.08	91.1	28.52	29.08	82.5
14/06/2018 1:23:03 PM	3611791383	1013.00	28.70	29.07	81.2	29.98	29.07	72.3	27.45	29.07	91.2	28.61	29.07	81.8
14/06/2018 1:23:04 PM	3611791384	1013.00	28.70	29.07	81.2	29.97	29.07	72.3	27.47	29.07	91.0	28.57	29.07	82.1
14/06/2018 1:23:05 PM	3611791385	1013.00	28.64	29.07	81.6	29.96	29.07	72.4	27.46	29.07	91.1	28.61	29.07	81.8
14/06/2018 1:23:06 PM	3611791386	1013.00	28.70	29.07	81.2	29.99	29.07	72.2	27.44	29.07	91.3	28.55	29.07	82.3
14/06/2018 1:23:07 PM	3611791387	1013.00	28.71	29.07	81.1	30.01	29.07	72.1	27.46	29.07	91.1	28.61	29.07	81.8
14/06/2018 1:23:08 PM	3611791388	1013.00	28.71	29.08	81.1	29.97	29.08	72.3	27.49	29.08	90.8	28.58	29.08	82.1
14/06/2018 1:23:09 PM	3611791389	1013.00	28.69	29.08	81.2	30.00	29.08	72.1	27.50	29.08	90.7	28.60	29.08	81.9
14/06/2018 1:23:10 PM	3611791390	1013.00	28.68	29.08	81.3	30.02	29.08	72.0	27.51	29.08	90.6	28.55	29.08	82.3
14/06/2018 1:23:11 PM	3611791391	1013.00	28.73	29.08	80.9	30.03	29.08	71.9	27.48	29.08	90.9	28.57	29.08	82.1
14/06/2018 1:23:12 PM	3611791392	1013.00	28.70	29.07	81.2	30.02	29.07	72.0	27.49	29.07	90.8	28.58	29.07	82.1
14/06/2018 1:23:13 PM	3611791393	1013.00	28.70	29.08	81.2	30.03	29.08	71.9	27.48	29.08	90.9	28.56	29.08	82.2
14/06/2018 1:23:14 PM	3611791394	1013.00	28.70	29.08	81.2	30.00	29.08	72.1	27.49	29.08	90.8	28.57	29.08	82.1
14/06/2018 1:23:15 PM	3611791395	1013.00	28.76	29.08	80.7	30.03	29.08	71.9	27.49	29.08	90.8	28.60	29.08	81.9
14/06/2018 1:23:16 PM	3611791396	1013.00	28.74	29.07	80.9	30.04	29.07	71.9	27.52	29.07	90.6	28.58	29.07	82.1
14/06/2018 1:23:17 PM	3611791397	1013.00	28.74	29.08	80.9	30.06	29.08	71.8	27.51	29.08	90.6	28.52	29.08	82.5
14/06/2018 1:23:18 PM	3611791398	1013.00	28.73	29.08	80.9	30.07	29.08	71.7	27.51	29.08	90.6	28.57	29.08	82.1
14/06/2018 1:23:19 PM	3611791399	1013.00	28.77	29.08	80.6	30.06	29.08	71.8	27.52	29.08	90.6	28.62	29.08	81.8
14/06/2018 1:23:20 PM	3611791400	1013.00	28.73	29.08	80.9	30.05	29.08	71.8	27.50	29.08	90.7	28.54	29.08	82.4
14/06/2018 1:23:21 PM	3611791401	1013.00	28.76	29.08	80.7	30.06	29.08	71.8	27.50	29.08	90.7	28.59	29.08	82.0
14/06/2018 1:23:22 PM	3611791402	1013.00	28.77	29.08	80.6	30.06	29.08	71.8	27.47	29.08	91.0	28.59	29.08	82.0
14/06/2018 1:23:23 PM	3611791403	1013.00	28.75	29.08	80.8	30.01	29.08	72.1	27.49	29.08	90.8	28.63	29.08	81.7
14/06/2018 1:23:24 PM	3611791404	1013.00	28.79	29.08	80.5	30.04	29.08	71.9	27.50	29.08	90.7	28.61	29.08	81.8
14/06/2018 1:23:25 PM	3611791405	1013.00	28.78	29.08	80.6	30.04	29.08	71.9	27.51	29.08	90.6	28.60	29.08	81.9
14/06/2018 1:23:26 PM	3611791406	1013.00	28.78	29.08	80.6	30.11	29.08	71.4	27.48	29.08	90.9	28.60	29.08	81.9
14/06/2018 1:23:27 PM	3611791407	1013.00	28.82	29.08	80.3	30.03	29.08	71.9	27.53	29.08	90.5	28.63	29.08	81.7
14/06/2018 1:23:28 PM	3611791408	1013.00	28.78	29.08	80.6	30.09	29.08	71.6	27.58	29.08	90.0	28.64	29.08	81.6
14/06/2018 1:23:29 PM	3611791409	1013.00	28.76	29.08	80.7	30.06	29.08	71.8	27.50	29.08	90.7	28.62	29.08	81.8
14/06/2018 1:23:30 PM	3611791410	1013.00	28.75	29.08	80.8	30.08	29.08	71.6	27.57	29.08	90.1	28.64	29.08	81.6
14/06/2018 1:23:31 PM	3611791411	1013.00	28.79	29.08	80.5	30.06	29.08	71.8	27.51	29.08	90.6	28.60	29.08	81.9
14/06/2018 1:23:32 PM	3611791412	1013.00	28.76	29.08	80.7	30.11	29.08	71.4	27.54	29.08	90.4	28.62	29.08	81.8
14/06/2018 1:23:33 PM	3611791413	1013.00	28.76	29.08	80.7	30.06	29.08	71.8	27.50	29.08	90.7	28.62	29.08	81.8
14/06/2018 1:23:34 PM	3611791414	1013.00	28.78	29.08	80.6	30.08	29.08	71.6	27.55	29.08	90.3	28.67	29.08	81.4
14/06/2018 1:23:35 PM	3611791415	1013.00	28.76	29.08	80.7	30.09	29.08	71.6	27.52	29.08	90.6	28.65	29.08	81.5
14/06/2018 1:23:36 PM	3611791416	1013.00	28.80	29.07	80.4	30.10	29.07	71.5	27.53	29.07	90.5	28.67	29.07	81.4
14/06/2018 1:23:37 PM	3611791417	1013.00	28.79	29.07	80.5	30.09	29.07	71.6	27.51	29.07	90.7	28.64	29.07	81.6
14/06/2018 1:23:38 PM	3611791418	1013.00	28.78	29.07	80.6	30.12	29.07	71.4	27.54	29.07	90.4	28.62	29.07	81.8
14/06/2018 1:23:39 PM	3611791419	1013.00	28.81	29.08	80.3	30.11	29.08	71.4	27.58	29.08	90.0	28.66	29.08	81.5
14/06/2018 1:23:40 PM	3611791420	1013.00	28.84	29.08	80.1	30.14	29.08	71.2	27.53	29.08	90.5	28.65	29.08	81.5
14/06/2018 1:23:41 PM	3611791421	1013.00	28.80	29.08	80.4	30.12	29.08	71.4	27.55	29.08	90.3	28.63	29.08	81.7
14/06/2018 1:23:42 PM	3611791422	1013.00	28.79	29.08	80.5	30.14	29.08	71.2	27.54	29.08	90.4	28.70	29.08	81.2
14/06/2018 1:23:43 PM	3611791423	1013.00	28.79	29.07	80.5	30.13	29.07	71.3	27.52	29.07	90.6	28.68	29.07	81.3
14/06/2018 1:23:44 PM	3611791424	1013.00	28.82	29.07	80.3	30.11	29.07	71.4	27.54	29.07	90.4	28.68	29.07	81.3
14/06/2018 1:23:45 PM	3611791425	1013.00	28.82	29.07	80.3	30.16	29.07	71.1	27.57	29.07	90.1	28.69	29.07	81.2
14/06/2018 1:23:46 PM	3611791426	1013.00	28.83	29.07	80.2	30.17	29.07	71.1	27.51	29.07	90.7	28.65	29.07	81.5
14/06/2018 1:23:47 PM	3611791427	1013.00	28.82	29.07	80.3	30.15	29.07	71.2	27.53	29.07	90.5	28.68	29.07	81.3
14/06/2018 1:23:48 PM	3611791428	1013.00	28.84	29.07	80.1	30.14	29.07	71.3	27.54	29.07	90.4	28.74	29.07	80.9
14/06/2018 1:23:49 PM	3611791429	1013.00	28.85	29.07	80.1	30.18	29.07	71.0	27.54	29.07	90.4	28.71	29.07	81.1
14/06/2018 1:23:50 PM	3611791430	1013.00	28.86	29.07	80.0	30.18	29.07	71.0	27.53	29.07	90.5	28.64	29.07	81.6
14/06/2018 1:23:51 PM	3611791431	1013.00	28.85	29.08	80.1	30.18	29.08	71.0	27.57	29.08	90.1	28.71	29.08	81.1
14/06/2018 1:23:52 PM	3611791432	1013.00	28.86	29.08	80.0	30.19	29.08	70.9	27.58	29.08	90.0	28.72	29.08	81.0
14/06/2018 1:23:53 PM	3611791433	1013.00	28.82	29.08	80.3	30.19	29.08	70.9	27.55	29.08	90.3	28.67	29.08	81.4
14/06/2018 1:23:54 PM	3611791434	1013.00	28.83	29.08	80.2	30.19	29.08	70.9	27.56	29.08	90.2	28.72	29.08	81.0
14/06/2018 1:23:55 PM	3611791435	1013.00	28.88	29.07	79.8	30.21	29.07	70.8	27.57	29.07	90.1	28.74	29.07	80.9
14/06/2018 1:23:56 PM	3611791436	1013.00	28.86	29.07	80.0	30.17	29.07	71.1	27.57	29.07	90.1	28.70	29.07	81.2
14/06/2018 1:23:57 PM	3611791437	1013.00	28.87	29.08	79.9	30.21	29.08	70.8	27.55	29.08	90.3	28.69	29.08	81.2
14/06/2018 1:23:58 PM	3611791438	1013.00	28.83	29.08	80.2	30.24	29.08	70.6	27.53	29.08	90.5	28.71	29.08	81.1
14/06/2018 1:23:59 PM	3611791439	1013.00	28.88	29.08	79.8	30.22	29.08	70.7	27.55	29.08	90.3	28.74	29.08	80.9
14/06/2018 1:24:00 PM	3611791440	1013.00	28.86	29.08	80.0	30.24	29.08	70.6	27.59	29.08	90.0	28.68	29.08	81.3
14/06/2018 1:24:01 PM	3611791441	1013.00	28.83	29.08	80.2	30.27	29.08	70.4	27.55	29.08	90.3	28.71	29.08	81.1
14/06/2018 1:24:02 PM	3611791442	1013.00	28.89	29.08	79.8	30.25	29.08	70.5	27.55	29.08	90.3	28.73	29.08	80.9
14/06/2018 1:24:03 PM	3611791443	1013.00	28.85	29.08	80.1	30.25	29.08	70.5	27.54	29.08	90.4	28.76	29.08	80.7
14/06/2018 1:24:04 PM	3611791444	1013.00	28.87	29.08	79.9	30.26	29.08	70.5	27.56	29.08	90.2	28.72	29.08	81.0
14/06/2018 1:24:05 PM	3611791445	1013.00	28.87	29.08	79.9	30.27	29.08	70.4	27.58	29.08	90.0	28.73	29.08	80.9
14/06/2018 1:24:06 PM	3611791446	1013.00	28.92	29.08	79.5	30.29	29.08	70.3	27.62	29.08	89.7	28.71	29.08	81.1
14/06/2018 1:24:07 PM	3611791447	1013.00	28.87	29.08	79.9	30.25	29.08	70.5	27.58	29.08	90.0	28.70	29.08	81.2
14/06/2018 1:24:08 PM	3611791448	1013.00	28.87	29.08	79.9	30.29	29.08	70.3	27.60	29.08	89.9	28.72	29.08	81.0
14/06/2018 1:24:09 PM	3611791449	1013.00	28.90	29.07	79.7	30.26	29.07	70.5	27.59	29.07	90.0	28.73	29.07	81.0
14/06/2018 1:24:10 PM	3611791450	1013.00	28.87	29.07	79.9	30.29	29.07	70.3	27.57	29.07	90.1	28.75	29.07	80.8
14/06/2018 1:24:11 PM	3611791451	1013.00	28.89	29.07	79.8	30.29	29.07	70.3	27.58	29.07	90.1	28.79	29.07	80.5
14/06/2018 1:24:12 PM	3611791452	1013.00	28.90	29.07	79.7	30.31	29.07	70.2	27.59	29.07	90.0	28.72	29.07	81.0
14/06/2018 1:24:13 PM	3611791453	1013.00	28.92	29.07	79.6	30.31	29.07	70.2	27.59	29.07	90.0	28.76	29.07	80.7
14/06/2018 1:24:14 PM	3611791454	1013.00	28.92	29.08	79.5	30.30	29.08	70.2	27.61	29.08	89.8	28.76	29.08	80.7
14/06/2018 1:24:15 PM	3611791455	1013.00	28.94	29.08	79.4	30.28	29.08	70.4	27.60	29.08	89.9	28.71	29.08	81.1
14/06/2018 1:24:16 PM	3611791456	1013.00	28.94	29.08	79.4	30.31	29.08	70.2	27.59	29.08	90.0	28.74	29.08	80.9
14/06/2018 1:24:17 PM	3611791457	1013.00	28.93	29.07	79.5	30.37	29.07	69.8	27.57	29.07	90.1	28.79	29.07	80.5
14/06/2018 1:24:18 PM	3611791458	1013.00	28.93	29.07	79.5	30.33	29.07	70.1	27.58	29.07	90.1	28.76	29.07	80.7
14/06/2018 1:24:19 PM	3611791459	1013.00	28.94	29.07	79.4	30.33	29.07	70.1	27.61	29.07	89.8	28.77	29.07	80.7
14/06/2018 1:24:20 PM	3611791460	1013.00	28.93	29.07	79.5	30.35	29.07	69.9	27.60	29.07	89.9	28.80	29.07	80.4
14/06/2018 1:24:21 PM	3611791461	1013.00	28.96	29.07	79.3	30.35	29.07	69.9	27.59	29.07	90.0	28.80	29.07	80.4
14/06/2018 1:24:22 PM	3611791462	1013.00	28.99	29.07	79.0	30.35	29.07	69.9	27.63	29.07	89.6	28.83	29.07	80.2
14/06/2018 1:24:23 PM	3611791463	1013.00	28.95	29.07	79.3	30.36	29.07	69.9	27.61	29.07	89.8	28.80	29.07	80.4
14/06/2018 1:24:24 PM	3611791464	1013.00	28.98	29.08	79.1	30.37	29.08	69.8	27.58	29.08	90.0	28.81	29.08	80.3
14/06/2018 1:24:25 PM	3611791465	1013.00	28.97	29.08	79.2	30.35	29.08	69.9	27.64	29.08	89.5	28.84	29.08	80.1
14/06/2018 1:24:26 PM	3611791466	1013.00	28.98	29.08	79.1	30.37	29.08	69.8	27.61	29.08	89.8	28.84	29.08	80.1
14/06/2018 1:24:27 PM	3611791467	1013.00	29.01	29.07	78.9	30.36	29.07	69.9	27.59	29.07	90.0	28.87	29.07	79.9
14/06/2018 1:24:28 PM	3611791468	1013.00	28.99	29.07	79.0	30.37	29.07	69.8	27.61	29.07	89.8	28.81	29.07	80.4
14/06/2018 1:24:29 PM	3611791469	1013.00	28.99	29.07	79.0	30.37	29.07	69.8	27.59	29.07	90.0	28.84	29.07	80.1
14/06/2018 1:24:30 PM	3611791470	1013.00	28.98	29.07	79.1	30.39	29.07	69.7	27.64	29.07	89.6	28.85	29.07	80.1
14/06/2018 1:24:31 PM	3611791471	1013.00	28.99	29.07	79.0	30.42	29.07	69.5	27.60	29.07	89.9	28.79	29.07	80.5
14/06/2018 1:24:32 PM	3611791472	1013.00	29.03	29.07	78.8	30.42	29.07	69.5	27.63	29.07	89.6	28.85	29.07	80.1
14/06/2018 1:24:33 PM	3611791473	1013.00	29.05	29.06	78.6	30.41	29.06	69.6	27.64	29.06	89.6	28.86	29.06	80.0
14/06/2018 1:24:34 PM	3611791474	1013.00	29.10	29.06	78.3	30.41	29.06	69.6	27.63	29.06	89.7	28.85	29.06	80.1
14/06/2018 1:24:35 PM	3611791475	1013.00	29.03	29.06	78.8	30.46	29.06	69.3	27.63	29.06	89.7	28.83	29.06	80.2
