Date & time of file creation	14/06/2018 10:20 AM													
Data file path	C:\Users\ameli\Desktop\Diego Barneche\14_06_2018\32_C_new_witrox_12.txt													
														
														
CALIBRATION DATA														
Parameter/Channel	N moving average	LO phase [r.U.]	HI phase [r.U.]	LO oxygen [%air saturation]	HI oxygen [%air saturation]	LO temperature [°C]	HI temperature [°C]	Salinity [‰]						
SDWD0003000199      , CH 1	1	59.08	25.94	0.00	100.00	32.32	32.21	0.000						
SDWD0003000199      , CH 2	1	59.08	25.94	0.00	100.00	32.32	32.21	0.000						
SDWD0003000199      , CH 3	1	59.08	25.94	0.00	100.00	32.32	32.21	0.000						
SDWD0003000199      , CH 4	1	59.08	25.94	0.00	100.00	32.32	32.21	0.000						
														
														
Date &Time [DD-MM-YYYY HH:MM:SS]	Time stamp code	Barometric pressure [hPa]	SDWD0003000199      , CH 1 phase [r.U.]	SDWD0003000199      , CH 1 temp [°C]	SDWD0003000199      , CH 1 O2 [% air saturation]	SDWD0003000199      , CH 2 phase [r.U.]	SDWD0003000199      , CH 2 temp [°C]	SDWD0003000199      , CH 2 O2 [% air saturation]	SDWD0003000199      , CH 3 phase [r.U.]	SDWD0003000199      , CH 3 temp [°C]	SDWD0003000199      , CH 3 O2 [% air saturation]	SDWD0003000199      , CH 4 phase [r.U.]	SDWD0003000199      , CH 4 temp [°C]	SDWD0003000199      , CH 4 O2 [% air saturation]
14/06/2018 10:20:49 AM	3611780449	1013.00	27.02	32.12	90.3	26.85	32.12	91.7	26.46	32.12	95.2	26.26	32.12	97.1
14/06/2018 10:20:50 AM	3611780450	1013.00	27.02	32.12	90.3	26.87	32.12	91.6	26.47	32.12	95.1	26.26	32.12	97.1
14/06/2018 10:20:51 AM	3611780451	1013.00	27.02	32.12	90.3	26.88	32.12	91.5	26.49	32.12	94.9	26.24	32.12	97.3
14/06/2018 10:20:52 AM	3611780452	1013.00	27.00	32.12	90.4	26.89	32.12	91.4	26.47	32.12	95.1	26.20	32.12	97.6
14/06/2018 10:20:53 AM	3611780453	1013.00	27.02	32.12	90.3	26.88	32.12	91.5	26.47	32.12	95.1	26.25	32.12	97.2
14/06/2018 10:20:54 AM	3611780454	1013.00	27.04	32.13	90.1	26.85	32.13	91.7	26.47	32.13	95.1	26.25	32.13	97.2
14/06/2018 10:20:55 AM	3611780455	1013.00	27.03	32.13	90.2	26.84	32.13	91.8	26.50	32.13	94.8	26.21	32.13	97.5
14/06/2018 10:20:56 AM	3611780456	1013.00	27.02	32.13	90.2	26.89	32.13	91.4	26.49	32.13	94.9	26.22	32.13	97.4
14/06/2018 10:20:57 AM	3611780457	1013.00	27.00	32.12	90.4	26.88	32.12	91.5	26.49	32.12	94.9	26.24	32.12	97.3
14/06/2018 10:20:58 AM	3611780458	1013.00	27.03	32.12	90.2	26.93	32.12	91.0	26.45	32.12	95.3	26.22	32.12	97.5
14/06/2018 10:20:59 AM	3611780459	1013.00	27.05	32.12	90.0	26.88	32.12	91.5	26.45	32.12	95.3	26.30	32.12	96.7
14/06/2018 10:21:00 AM	3611780460	1013.00	26.99	32.11	90.5	26.89	32.11	91.4	26.46	32.11	95.2	26.23	32.11	97.4
14/06/2018 10:21:01 AM	3611780461	1013.00	26.99	32.12	90.5	26.85	32.12	91.7	26.46	32.12	95.2	26.28	32.12	96.9
14/06/2018 10:21:02 AM	3611780462	1013.00	27.01	32.12	90.3	26.90	32.12	91.3	26.47	32.12	95.1	26.19	32.12	97.7
14/06/2018 10:21:03 AM	3611780463	1013.00	27.03	32.13	90.2	26.82	32.13	92.0	26.49	32.13	94.9	26.24	32.13	97.3
14/06/2018 10:21:04 AM	3611780464	1013.00	27.01	32.13	90.3	26.86	32.13	91.6	26.47	32.13	95.1	26.27	32.13	97.0
14/06/2018 10:21:05 AM	3611780465	1013.00	27.00	32.13	90.4	26.88	32.13	91.5	26.47	32.13	95.1	26.25	32.13	97.2
14/06/2018 10:21:06 AM	3611780466	1013.00	27.02	32.13	90.2	26.90	32.13	91.3	26.45	32.13	95.3	26.21	32.13	97.5
14/06/2018 10:21:07 AM	3611780467	1013.00	27.03	32.12	90.2	26.84	32.12	91.8	26.47	32.12	95.1	26.26	32.12	97.1
14/06/2018 10:21:08 AM	3611780468	1013.00	27.00	32.12	90.4	26.90	32.12	91.3	26.47	32.12	95.1	26.27	32.12	97.0
14/06/2018 10:21:09 AM	3611780469	1013.00	27.02	32.12	90.3	26.88	32.12	91.5	26.48	32.12	95.0	26.28	32.12	96.9
14/06/2018 10:21:10 AM	3611780470	1013.00	26.99	32.12	90.5	26.87	32.12	91.6	26.47	32.12	95.1	26.26	32.12	97.1
14/06/2018 10:21:11 AM	3611780471	1013.00	27.04	32.12	90.1	26.89	32.12	91.4	26.48	32.12	95.0	26.29	32.12	96.8
14/06/2018 10:21:12 AM	3611780472	1013.00	26.98	32.13	90.6	26.86	32.13	91.6	26.48	32.13	95.0	26.28	32.13	96.9
14/06/2018 10:21:13 AM	3611780473	1013.00	27.03	32.12	90.2	26.84	32.12	91.8	26.44	32.12	95.4	26.23	32.12	97.4
14/06/2018 10:21:14 AM	3611780474	1013.00	27.02	32.12	90.3	26.89	32.12	91.4	26.45	32.12	95.3	26.25	32.12	97.2
14/06/2018 10:21:15 AM	3611780475	1013.00	26.99	32.12	90.5	26.85	32.12	91.7	26.48	32.12	95.0	26.27	32.12	97.0
14/06/2018 10:21:16 AM	3611780476	1013.00	27.08	32.12	89.7	26.85	32.12	91.7	26.48	32.12	95.0	26.30	32.12	96.7
14/06/2018 10:21:17 AM	3611780477	1013.00	27.02	32.12	90.3	26.91	32.12	91.2	26.51	32.12	94.8	26.25	32.12	97.2
14/06/2018 10:21:18 AM	3611780478	1013.00	27.05	32.12	90.0	26.87	32.12	91.6	26.48	32.12	95.0	26.24	32.12	97.3
14/06/2018 10:21:19 AM	3611780479	1013.00	27.01	32.12	90.3	26.89	32.12	91.4	26.47	32.12	95.1	26.19	32.12	97.7
14/06/2018 10:21:20 AM	3611780480	1013.00	27.05	32.12	90.0	26.88	32.12	91.5	26.52	32.12	94.7	26.30	32.12	96.7
14/06/2018 10:21:21 AM	3611780481	1013.00	27.03	32.12	90.2	26.87	32.12	91.6	26.48	32.12	95.0	26.29	32.12	96.8
14/06/2018 10:21:22 AM	3611780482	1013.00	27.03	32.12	90.2	26.90	32.12	91.3	26.48	32.12	95.0	26.30	32.12	96.7
14/06/2018 10:21:23 AM	3611780483	1013.00	27.00	32.12	90.4	26.91	32.12	91.2	26.46	32.12	95.2	26.25	32.12	97.2
14/06/2018 10:21:24 AM	3611780484	1013.00	27.01	32.12	90.3	26.86	32.12	91.6	26.51	32.12	94.8	26.27	32.12	97.0
14/06/2018 10:21:25 AM	3611780485	1013.00	27.07	32.12	89.8	26.88	32.12	91.5	26.48	32.12	95.0	26.26	32.12	97.1
14/06/2018 10:21:26 AM	3611780486	1013.00	27.01	32.12	90.3	26.88	32.12	91.5	26.49	32.12	94.9	26.26	32.12	97.1
14/06/2018 10:21:27 AM	3611780487	1013.00	27.04	32.12	90.1	26.88	32.12	91.5	26.48	32.12	95.0	26.30	32.12	96.7
14/06/2018 10:21:28 AM	3611780488	1013.00	27.06	32.13	89.9	26.91	32.13	91.2	26.47	32.13	95.1	26.27	32.13	97.0
14/06/2018 10:21:29 AM	3611780489	1013.00	27.04	32.13	90.1	26.82	32.13	92.0	26.47	32.13	95.1	26.26	32.13	97.1
14/06/2018 10:21:30 AM	3611780490	1013.00	27.04	32.13	90.1	26.93	32.13	91.0	26.46	32.13	95.2	26.26	32.13	97.1
14/06/2018 10:21:31 AM	3611780491	1013.00	27.04	32.13	90.1	26.89	32.13	91.4	26.48	32.13	95.0	26.27	32.13	97.0
14/06/2018 10:21:32 AM	3611780492	1013.00	27.03	32.13	90.2	26.88	32.13	91.5	26.50	32.13	94.8	26.24	32.13	97.3
14/06/2018 10:21:33 AM	3611780493	1013.00	27.04	32.13	90.1	26.88	32.13	91.5	26.46	32.13	95.2	26.27	32.13	97.0
14/06/2018 10:21:34 AM	3611780494	1013.00	27.06	32.13	89.9	26.92	32.13	91.1	26.48	32.13	95.0	26.33	32.13	96.4
14/06/2018 10:21:35 AM	3611780495	1013.00	27.06	32.13	89.9	26.92	32.13	91.1	26.46	32.13	95.2	26.31	32.13	96.6
14/06/2018 10:21:36 AM	3611780496	1013.00	27.04	32.13	90.1	26.94	32.13	90.9	26.48	32.13	95.0	26.23	32.13	97.3
14/06/2018 10:21:37 AM	3611780497	1013.00	27.05	32.13	90.0	26.90	32.13	91.3	26.51	32.13	94.8	26.26	32.13	97.1
14/06/2018 10:21:38 AM	3611780498	1013.00	27.03	32.13	90.2	26.92	32.13	91.1	26.50	32.13	94.8	26.30	32.13	96.7
14/06/2018 10:21:39 AM	3611780499	1013.00	27.07	32.13	89.8	26.89	32.13	91.4	26.47	32.13	95.1	26.31	32.13	96.6
14/06/2018 10:21:40 AM	3611780500	1013.00	27.06	32.13	89.9	26.90	32.13	91.3	26.48	32.13	95.0	26.34	32.13	96.3
14/06/2018 10:21:41 AM	3611780501	1013.00	27.07	32.13	89.8	26.89	32.13	91.4	26.49	32.13	94.9	26.33	32.13	96.4
14/06/2018 10:21:42 AM	3611780502	1013.00	27.02	32.13	90.2	26.89	32.13	91.4	26.43	32.13	95.5	26.30	32.13	96.7
14/06/2018 10:21:43 AM	3611780503	1013.00	27.11	32.14	89.5	26.92	32.14	91.1	26.46	32.14	95.2	26.23	32.14	97.3
14/06/2018 10:21:44 AM	3611780504	1013.00	27.07	32.13	89.8	26.88	32.13	91.5	26.49	32.13	94.9	26.31	32.13	96.6
14/06/2018 10:21:45 AM	3611780505	1013.00	27.03	32.13	90.2	26.91	32.13	91.2	26.47	32.13	95.1	26.31	32.13	96.6
14/06/2018 10:21:46 AM	3611780506	1013.00	27.07	32.13	89.8	26.92	32.13	91.1	26.48	32.13	95.0	26.31	32.13	96.6
14/06/2018 10:21:47 AM	3611780507	1013.00	27.06	32.13	89.9	26.94	32.13	90.9	26.47	32.13	95.1	26.32	32.13	96.5
14/06/2018 10:21:48 AM	3611780508	1013.00	27.04	32.13	90.1	26.89	32.13	91.4	26.49	32.13	94.9	26.29	32.13	96.8
14/06/2018 10:21:49 AM	3611780509	1013.00	27.04	32.13	90.1	26.91	32.13	91.2	26.47	32.13	95.1	26.36	32.13	96.1
14/06/2018 10:21:50 AM	3611780510	1013.00	27.08	32.12	89.7	26.90	32.12	91.3	26.45	32.12	95.3	26.29	32.12	96.8
14/06/2018 10:21:51 AM	3611780511	1013.00	27.06	32.12	89.9	26.94	32.12	90.9	26.46	32.12	95.2	26.33	32.12	96.4
14/06/2018 10:21:52 AM	3611780512	1013.00	27.08	32.13	89.7	26.92	32.13	91.1	26.48	32.13	95.0	26.33	32.13	96.4
14/06/2018 10:21:53 AM	3611780513	1013.00	27.09	32.12	89.7	26.89	32.12	91.4	26.52	32.12	94.7	26.32	32.12	96.5
14/06/2018 10:21:54 AM	3611780514	1013.00	27.09	32.12	89.7	26.94	32.12	90.9	26.45	32.12	95.3	26.31	32.12	96.6
14/06/2018 10:21:55 AM	3611780515	1013.00	27.09	32.13	89.6	26.89	32.13	91.4	26.45	32.13	95.3	26.32	32.13	96.5
14/06/2018 10:21:56 AM	3611780516	1013.00	27.05	32.13	90.0	26.91	32.13	91.2	26.44	32.13	95.4	26.33	32.13	96.4
14/06/2018 10:21:57 AM	3611780517	1013.00	27.09	32.13	89.6	26.95	32.13	90.8	26.51	32.13	94.8	26.31	32.13	96.6
14/06/2018 10:21:58 AM	3611780518	1013.00	27.10	32.13	89.6	26.94	32.13	90.9	26.50	32.13	94.8	26.33	32.13	96.4
14/06/2018 10:21:59 AM	3611780519	1013.00	27.05	32.13	90.0	26.92	32.13	91.1	26.46	32.13	95.2	26.28	32.13	96.9
14/06/2018 10:22:00 AM	3611780520	1013.00	27.08	32.13	89.7	26.94	32.13	90.9	26.48	32.13	95.0	26.35	32.13	96.2
14/06/2018 10:22:01 AM	3611780521	1013.00	27.08	32.13	89.7	26.93	32.13	91.0	26.48	32.13	95.0	26.34	32.13	96.3
14/06/2018 10:22:02 AM	3611780522	1013.00	27.11	32.13	89.5	26.95	32.13	90.8	26.46	32.13	95.2	26.34	32.13	96.3
14/06/2018 10:22:03 AM	3611780523	1013.00	27.08	32.13	89.7	27.00	32.13	90.4	26.49	32.13	94.9	26.32	32.13	96.5
14/06/2018 10:22:04 AM	3611780524	1013.00	27.11	32.13	89.5	26.95	32.13	90.8	26.47	32.13	95.1	26.32	32.13	96.5
14/06/2018 10:22:05 AM	3611780525	1013.00	27.11	32.13	89.5	26.91	32.13	91.2	26.43	32.13	95.5	26.36	32.13	96.1
14/06/2018 10:22:06 AM	3611780526	1013.00	27.12	32.12	89.4	26.95	32.12	90.9	26.47	32.12	95.1	26.30	32.12	96.7
14/06/2018 10:22:07 AM	3611780527	1013.00	27.11	32.12	89.5	26.99	32.12	90.5	26.49	32.12	94.9	26.41	32.12	95.7
14/06/2018 10:22:08 AM	3611780528	1013.00	27.08	32.12	89.7	26.93	32.12	91.0	26.50	32.12	94.9	26.35	32.12	96.2
14/06/2018 10:22:09 AM	3611780529	1013.00	27.13	32.13	89.3	26.95	32.13	90.8	26.49	32.13	94.9	26.34	32.13	96.3
14/06/2018 10:22:10 AM	3611780530	1013.00	27.12	32.13	89.4	26.96	32.13	90.8	26.53	32.13	94.6	26.33	32.13	96.4
14/06/2018 10:22:11 AM	3611780531	1013.00	27.08	32.12	89.7	26.99	32.12	90.5	26.50	32.12	94.9	26.34	32.12	96.3
14/06/2018 10:22:12 AM	3611780532	1013.00	27.11	32.12	89.5	26.96	32.12	90.8	26.46	32.12	95.2	26.38	32.12	96.0
14/06/2018 10:22:13 AM	3611780533	1013.00	27.11	32.12	89.5	26.97	32.12	90.7	26.46	32.12	95.2	26.34	32.12	96.3
14/06/2018 10:22:14 AM	3611780534	1013.00	27.12	32.12	89.4	26.98	32.12	90.6	26.49	32.12	94.9	26.36	32.12	96.1
14/06/2018 10:22:15 AM	3611780535	1013.00	27.12	32.11	89.4	26.92	32.11	91.1	26.48	32.11	95.1	26.33	32.11	96.4
14/06/2018 10:22:16 AM	3611780536	1013.00	27.14	32.11	89.2	26.96	32.11	90.8	26.48	32.11	95.1	26.39	32.11	95.9
14/06/2018 10:22:17 AM	3611780537	1013.00	27.12	32.11	89.4	26.92	32.11	91.1	26.49	32.11	95.0	26.34	32.11	96.3
14/06/2018 10:22:18 AM	3611780538	1013.00	27.11	32.11	89.5	26.97	32.11	90.7	26.48	32.11	95.1	26.39	32.11	95.9
14/06/2018 10:22:19 AM	3611780539	1013.00	27.13	32.11	89.3	26.97	32.11	90.7	26.48	32.11	95.1	26.41	32.11	95.7
14/06/2018 10:22:20 AM	3611780540	1013.00	27.12	32.11	89.4	26.94	32.11	91.0	26.49	32.11	95.0	26.36	32.11	96.2
14/06/2018 10:22:21 AM	3611780541	1013.00	27.10	32.11	89.6	26.97	32.11	90.7	26.53	32.11	94.6	26.33	32.11	96.4
14/06/2018 10:22:22 AM	3611780542	1013.00	27.07	32.12	89.8	26.95	32.12	90.9	26.46	32.12	95.2	26.34	32.12	96.3
14/06/2018 10:22:23 AM	3611780543	1013.00	27.09	32.12	89.7	26.98	32.12	90.6	26.51	32.12	94.8	26.38	32.12	96.0
14/06/2018 10:22:24 AM	3611780544	1013.00	27.10	32.12	89.6	26.97	32.12	90.7	26.49	32.12	94.9	26.41	32.12	95.7
14/06/2018 10:22:25 AM	3611780545	1013.00	27.11	32.13	89.5	26.97	32.13	90.7	26.47	32.13	95.1	26.37	32.13	96.0
14/06/2018 10:22:26 AM	3611780546	1013.00	27.14	32.13	89.2	26.98	32.13	90.6	26.51	32.13	94.8	26.35	32.13	96.2
14/06/2018 10:22:27 AM	3611780547	1013.00	27.09	32.12	89.7	26.98	32.12	90.6	26.48	32.12	95.0	26.39	32.12	95.9
14/06/2018 10:22:28 AM	3611780548	1013.00	27.10	32.12	89.6	26.98	32.12	90.6	26.49	32.12	94.9	26.31	32.12	96.6
14/06/2018 10:22:29 AM	3611780549	1013.00	27.12	32.12	89.4	26.96	32.12	90.8	26.49	32.12	94.9	26.36	32.12	96.1
14/06/2018 10:22:30 AM	3611780550	1013.00	27.12	32.11	89.4	26.97	32.11	90.7	26.51	32.11	94.8	26.34	32.11	96.3
14/06/2018 10:22:31 AM	3611780551	1013.00	27.10	32.11	89.6	26.98	32.11	90.6	26.51	32.11	94.8	26.40	32.11	95.8
14/06/2018 10:22:32 AM	3611780552	1013.00	27.13	32.11	89.3	27.00	32.11	90.4	26.45	32.11	95.3	26.42	32.11	95.6
14/06/2018 10:22:33 AM	3611780553	1013.00	27.16	32.11	89.1	27.00	32.11	90.4	26.51	32.11	94.8	26.40	32.11	95.8
14/06/2018 10:22:34 AM	3611780554	1013.00	27.11	32.11	89.5	27.02	32.11	90.3	26.48	32.11	95.1	26.41	32.11	95.7
14/06/2018 10:22:35 AM	3611780555	1013.00	27.13	32.11	89.3	26.97	32.11	90.7	26.50	32.11	94.9	26.35	32.11	96.3
14/06/2018 10:22:36 AM	3611780556	1013.00	27.15	32.11	89.2	26.99	32.11	90.5	26.53	32.11	94.6	26.35	32.11	96.3
14/06/2018 10:22:37 AM	3611780557	1013.00	27.14	32.12	89.2	27.01	32.12	90.3	26.49	32.12	94.9	26.41	32.12	95.7
14/06/2018 10:22:38 AM	3611780558	1013.00	27.16	32.12	89.1	26.99	32.12	90.5	26.52	32.12	94.7	26.40	32.12	95.8
14/06/2018 10:22:39 AM	3611780559	1013.00	27.13	32.12	89.3	26.98	32.12	90.6	26.48	32.12	95.0	26.43	32.12	95.5
14/06/2018 10:22:40 AM	3611780560	1013.00	27.12	32.12	89.4	26.98	32.12	90.6	26.53	32.12	94.6	26.45	32.12	95.3
14/06/2018 10:22:41 AM	3611780561	1013.00	27.11	32.12	89.5	26.98	32.12	90.6	26.50	32.12	94.9	26.43	32.12	95.5
14/06/2018 10:22:42 AM	3611780562	1013.00	27.16	32.11	89.1	27.02	32.11	90.3	26.49	32.11	95.0	26.42	32.11	95.6
14/06/2018 10:22:43 AM	3611780563	1013.00	27.14	32.11	89.2	27.01	32.11	90.4	26.54	32.11	94.5	26.43	32.11	95.5
14/06/2018 10:22:44 AM	3611780564	1013.00	27.14	32.11	89.2	27.01	32.11	90.4	26.50	32.11	94.9	26.47	32.11	95.1
14/06/2018 10:22:45 AM	3611780565	1013.00	27.14	32.11	89.2	27.04	32.11	90.1	26.50	32.11	94.9	26.43	32.11	95.5
14/06/2018 10:22:46 AM	3611780566	1013.00	27.16	32.11	89.1	27.00	32.11	90.4	26.53	32.11	94.6	26.46	32.11	95.2
14/06/2018 10:22:47 AM	3611780567	1013.00	27.14	32.11	89.2	26.98	32.11	90.6	26.53	32.11	94.6	26.46	32.11	95.2
14/06/2018 10:22:48 AM	3611780568	1013.00	27.14	32.11	89.2	27.02	32.11	90.3	26.53	32.11	94.6	26.43	32.11	95.5
14/06/2018 10:22:49 AM	3611780569	1013.00	27.16	32.11	89.1	27.01	32.11	90.4	26.48	32.11	95.1	26.47	32.11	95.1
14/06/2018 10:22:50 AM	3611780570	1013.00	27.14	32.11	89.2	26.99	32.11	90.5	26.50	32.11	94.9	26.42	32.11	95.6
14/06/2018 10:22:51 AM	3611780571	1013.00	27.15	32.12	89.1	27.01	32.12	90.3	26.51	32.12	94.8	26.44	32.12	95.4
14/06/2018 10:22:52 AM	3611780572	1013.00	27.16	32.12	89.1	27.03	32.12	90.2	26.52	32.12	94.7	26.46	32.12	95.2
14/06/2018 10:22:53 AM	3611780573	1013.00	27.13	32.11	89.3	27.00	32.11	90.4	26.48	32.11	95.1	26.49	32.11	95.0
14/06/2018 10:22:54 AM	3611780574	1013.00	27.15	32.11	89.2	26.99	32.11	90.5	26.49	32.11	95.0	26.48	32.11	95.1
14/06/2018 10:22:55 AM	3611780575	1013.00	27.17	32.11	89.0	27.00	32.11	90.4	26.49	32.11	95.0	26.54	32.11	94.5
14/06/2018 10:22:56 AM	3611780576	1013.00	27.14	32.11	89.2	26.97	32.11	90.7	26.48	32.11	95.1	26.50	32.11	94.9
14/06/2018 10:22:57 AM	3611780577	1013.00	27.14	32.11	89.2	26.99	32.11	90.5	26.52	32.11	94.7	26.48	32.11	95.1
14/06/2018 10:22:58 AM	3611780578	1013.00	27.14	32.11	89.2	27.03	32.11	90.2	26.50	32.11	94.9	26.42	32.11	95.6
14/06/2018 10:22:59 AM	3611780579	1013.00	27.16	32.11	89.1	26.99	32.11	90.5	26.52	32.11	94.7	26.52	32.11	94.7
14/06/2018 10:23:00 AM	3611780580	1013.00	27.13	32.11	89.3	27.01	32.11	90.4	26.49	32.11	95.0	26.54	32.11	94.5
14/06/2018 10:23:01 AM	3611780581	1013.00	27.15	32.11	89.2	27.03	32.11	90.2	26.56	32.11	94.3	26.54	32.11	94.5
14/06/2018 10:23:02 AM	3611780582	1013.00	27.18	32.11	88.9	27.02	32.11	90.3	26.52	32.11	94.7	26.53	32.11	94.6
14/06/2018 10:23:03 AM	3611780583	1013.00	27.16	32.12	89.1	26.98	32.12	90.6	26.58	32.12	94.1	26.50	32.12	94.9
14/06/2018 10:23:04 AM	3611780584	1013.00	27.19	32.12	88.8	27.01	32.12	90.3	26.53	32.12	94.6	26.46	32.12	95.2
14/06/2018 10:23:05 AM	3611780585	1013.00	27.15	32.12	89.1	27.03	32.12	90.2	26.55	32.12	94.4	26.54	32.12	94.5
14/06/2018 10:23:06 AM	3611780586	1013.00	27.18	32.12	88.9	26.98	32.12	90.6	26.52	32.12	94.7	26.51	32.12	94.8
14/06/2018 10:23:07 AM	3611780587	1013.00	27.22	32.11	88.6	27.03	32.11	90.2	26.53	32.11	94.6	26.53	32.11	94.6
14/06/2018 10:23:08 AM	3611780588	1013.00	27.18	32.10	88.9	27.05	32.10	90.0	26.48	32.10	95.1	26.50	32.10	94.9
14/06/2018 10:23:09 AM	3611780589	1013.00	27.19	32.10	88.8	27.04	32.10	90.1	26.53	32.10	94.6	26.52	32.10	94.7
14/06/2018 10:23:10 AM	3611780590	1013.00	27.17	32.11	89.0	27.00	32.11	90.4	26.52	32.11	94.7	26.52	32.11	94.7
14/06/2018 10:23:11 AM	3611780591	1013.00	27.19	32.10	88.8	27.03	32.10	90.2	26.51	32.10	94.8	26.55	32.10	94.4
14/06/2018 10:23:12 AM	3611780592	1013.00	27.20	32.10	88.8	27.03	32.10	90.2	26.54	32.10	94.5	26.53	32.10	94.6
14/06/2018 10:23:13 AM	3611780593	1013.00	27.20	32.11	88.7	27.04	32.11	90.1	26.54	32.11	94.5	26.49	32.11	95.0
14/06/2018 10:23:14 AM	3611780594	1013.00	27.20	32.11	88.7	27.04	32.11	90.1	26.54	32.11	94.5	26.53	32.11	94.6
14/06/2018 10:23:15 AM	3611780595	1013.00	27.20	32.11	88.7	27.05	32.11	90.0	26.54	32.11	94.5	26.52	32.11	94.7
14/06/2018 10:23:16 AM	3611780596	1013.00	27.20	32.11	88.7	27.00	32.11	90.4	26.52	32.11	94.7	26.54	32.11	94.5
14/06/2018 10:23:17 AM	3611780597	1013.00	27.19	32.11	88.8	27.07	32.11	89.8	26.53	32.11	94.6	26.57	32.11	94.2
14/06/2018 10:23:18 AM	3611780598	1013.00	27.17	32.11	89.0	27.06	32.11	89.9	26.55	32.11	94.4	26.57	32.11	94.2
14/06/2018 10:23:19 AM	3611780599	1013.00	27.21	32.10	88.7	27.02	32.10	90.3	26.54	32.10	94.5	26.52	32.10	94.7
14/06/2018 10:23:20 AM	3611780600	1013.00	27.22	32.10	88.6	27.06	32.10	89.9	26.57	32.10	94.3	26.57	32.10	94.3
14/06/2018 10:23:21 AM	3611780601	1013.00	27.21	32.11	88.7	27.03	32.11	90.2	26.54	32.11	94.5	26.56	32.11	94.3
14/06/2018 10:23:22 AM	3611780602	1013.00	27.24	32.11	88.4	27.02	32.11	90.3	26.59	32.11	94.1	26.52	32.11	94.7
14/06/2018 10:23:23 AM	3611780603	1013.00	27.23	32.11	88.5	27.02	32.11	90.3	26.54	32.11	94.5	26.51	32.11	94.8
14/06/2018 10:23:24 AM	3611780604	1013.00	27.23	32.11	88.5	27.06	32.11	89.9	26.53	32.11	94.6	26.59	32.11	94.1
14/06/2018 10:23:25 AM	3611780605	1013.00	27.26	32.11	88.2	27.02	32.11	90.3	26.52	32.11	94.7	26.52	32.11	94.7
14/06/2018 10:23:26 AM	3611780606	1013.00	27.23	32.10	88.5	27.05	32.10	90.0	26.57	32.10	94.3	26.58	32.10	94.2
14/06/2018 10:23:27 AM	3611780607	1013.00	27.22	32.10	88.6	27.05	32.10	90.0	26.54	32.10	94.5	26.52	32.10	94.7
14/06/2018 10:23:28 AM	3611780608	1013.00	27.23	32.10	88.5	27.02	32.10	90.3	26.56	32.10	94.3	26.55	32.10	94.4
14/06/2018 10:23:29 AM	3611780609	1013.00	27.23	32.10	88.5	27.08	32.10	89.8	26.55	32.10	94.4	26.58	32.10	94.2
14/06/2018 10:23:30 AM	3611780610	1013.00	27.21	32.10	88.7	27.06	32.10	89.9	26.55	32.10	94.4	26.61	32.10	93.9
14/06/2018 10:23:31 AM	3611780611	1013.00	27.23	32.10	88.5	27.07	32.10	89.9	26.57	32.10	94.3	26.57	32.10	94.3
14/06/2018 10:23:32 AM	3611780612	1013.00	27.22	32.10	88.6	27.02	32.10	90.3	26.55	32.10	94.4	26.61	32.10	93.9
14/06/2018 10:23:33 AM	3611780613	1013.00	27.23	32.10	88.5	27.07	32.10	89.9	26.53	32.10	94.6	26.63	32.10	93.7
14/06/2018 10:23:34 AM	3611780614	1013.00	27.24	32.11	88.4	27.07	32.11	89.8	26.54	32.11	94.5	26.56	32.11	94.3
14/06/2018 10:23:35 AM	3611780615	1013.00	27.24	32.11	88.4	27.04	32.11	90.1	26.58	32.11	94.1	26.55	32.11	94.4
14/06/2018 10:23:36 AM	3611780616	1013.00	27.22	32.10	88.6	27.07	32.10	89.9	26.56	32.10	94.3	26.60	32.10	94.0
14/06/2018 10:23:37 AM	3611780617	1013.00	27.26	32.11	88.2	27.05	32.11	90.0	26.53	32.11	94.6	26.59	32.11	94.1
14/06/2018 10:23:38 AM	3611780618	1013.00	27.25	32.10	88.3	27.04	32.10	90.1	26.53	32.10	94.6	26.64	32.10	93.6
14/06/2018 10:23:39 AM	3611780619	1013.00	27.24	32.11	88.4	27.11	32.11	89.5	26.54	32.11	94.5	26.64	32.11	93.6
14/06/2018 10:23:40 AM	3611780620	1013.00	27.22	32.11	88.6	27.09	32.11	89.7	26.62	32.11	93.8	26.61	32.11	93.9
14/06/2018 10:23:41 AM	3611780621	1013.00	27.23	32.11	88.5	27.10	32.11	89.6	26.55	32.11	94.4	26.59	32.11	94.1
14/06/2018 10:23:42 AM	3611780622	1013.00	27.23	32.11	88.5	27.08	32.11	89.8	26.55	32.11	94.4	26.59	32.11	94.1
14/06/2018 10:23:43 AM	3611780623	1013.00	27.26	32.11	88.2	27.05	32.11	90.0	26.53	32.11	94.6	26.59	32.11	94.1
14/06/2018 10:23:44 AM	3611780624	1013.00	27.23	32.11	88.5	27.03	32.11	90.2	26.56	32.11	94.3	26.62	32.11	93.8
14/06/2018 10:23:45 AM	3611780625	1013.00	27.28	32.11	88.1	27.11	32.11	89.5	26.56	32.11	94.3	26.59	32.11	94.1
14/06/2018 10:23:46 AM	3611780626	1013.00	27.26	32.10	88.3	27.07	32.10	89.9	26.54	32.10	94.5	26.59	32.10	94.1
14/06/2018 10:23:47 AM	3611780627	1013.00	27.26	32.10	88.3	27.07	32.10	89.9	26.53	32.10	94.6	26.61	32.10	93.9
14/06/2018 10:23:48 AM	3611780628	1013.00	27.27	32.11	88.2	27.11	32.11	89.5	26.58	32.11	94.1	26.58	32.11	94.1
14/06/2018 10:23:49 AM	3611780629	1013.00	27.26	32.10	88.3	27.12	32.10	89.4	26.59	32.10	94.1	26.61	32.10	93.9
14/06/2018 10:23:50 AM	3611780630	1013.00	27.28	32.10	88.1	27.08	32.10	89.8	26.56	32.10	94.3	26.60	32.10	94.0
14/06/2018 10:23:51 AM	3611780631	1013.00	27.27	32.10	88.2	27.07	32.10	89.9	26.57	32.10	94.3	26.59	32.10	94.1
14/06/2018 10:23:52 AM	3611780632	1013.00	27.28	32.10	88.1	27.11	32.10	89.5	26.52	32.10	94.7	26.58	32.10	94.2
14/06/2018 10:23:53 AM	3611780633	1013.00	27.28	32.10	88.1	27.07	32.10	89.9	26.56	32.10	94.3	26.66	32.10	93.4
14/06/2018 10:23:54 AM	3611780634	1013.00	27.27	32.11	88.2	27.13	32.11	89.3	26.57	32.11	94.2	26.60	32.11	94.0
14/06/2018 10:23:55 AM	3611780635	1013.00	27.28	32.11	88.1	27.14	32.11	89.2	26.58	32.11	94.1	26.64	32.11	93.6
14/06/2018 10:23:56 AM	3611780636	1013.00	27.27	32.12	88.1	27.14	32.12	89.2	26.55	32.12	94.4	26.63	32.12	93.7
14/06/2018 10:23:57 AM	3611780637	1013.00	27.29	32.11	88.0	27.12	32.11	89.4	26.59	32.11	94.1	26.68	32.11	93.2
14/06/2018 10:23:58 AM	3611780638	1013.00	27.28	32.11	88.1	27.07	32.11	89.8	26.55	32.11	94.4	26.67	32.11	93.3
14/06/2018 10:23:59 AM	3611780639	1013.00	27.31	32.11	87.8	27.09	32.11	89.7	26.61	32.11	93.9	26.61	32.11	93.9
14/06/2018 10:24:00 AM	3611780640	1013.00	27.34	32.11	87.6	27.07	32.11	89.8	26.58	32.11	94.1	26.63	32.11	93.7
14/06/2018 10:24:01 AM	3611780641	1013.00	27.34	32.11	87.6	27.12	32.11	89.4	26.56	32.11	94.3	26.64	32.11	93.6
14/06/2018 10:24:02 AM	3611780642	1013.00	27.34	32.11	87.6	27.12	32.11	89.4	26.57	32.11	94.2	26.66	32.11	93.4
14/06/2018 10:24:03 AM	3611780643	1013.00	27.29	32.11	88.0	27.11	32.11	89.5	26.59	32.11	94.1	26.66	32.11	93.4
14/06/2018 10:24:04 AM	3611780644	1013.00	27.33	32.11	87.7	27.14	32.11	89.2	26.61	32.11	93.9	26.66	32.11	93.4
14/06/2018 10:24:05 AM	3611780645	1013.00	27.34	32.11	87.6	27.11	32.11	89.5	26.57	32.11	94.2	26.65	32.11	93.5
14/06/2018 10:24:06 AM	3611780646	1013.00	27.32	32.11	87.7	27.11	32.11	89.5	26.60	32.11	94.0	26.63	32.11	93.7
14/06/2018 10:24:07 AM	3611780647	1013.00	27.35	32.11	87.5	27.08	32.11	89.8	26.56	32.11	94.3	26.73	32.11	92.8
14/06/2018 10:24:08 AM	3611780648	1013.00	27.34	32.10	87.6	27.13	32.10	89.3	26.62	32.10	93.8	26.60	32.10	94.0
14/06/2018 10:24:09 AM	3611780649	1013.00	27.35	32.10	87.5	27.14	32.10	89.3	26.59	32.10	94.1	26.66	32.10	93.4
14/06/2018 10:24:10 AM	3611780650	1013.00	27.34	32.11	87.6	27.13	32.11	89.3	26.59	32.11	94.1	26.66	32.11	93.4
14/06/2018 10:24:11 AM	3611780651	1013.00	27.37	32.11	87.3	27.09	32.11	89.7	26.58	32.11	94.1	26.72	32.11	92.9
14/06/2018 10:24:12 AM	3611780652	1013.00	27.36	32.10	87.4	27.14	32.10	89.3	26.57	32.10	94.3	26.73	32.10	92.8
14/06/2018 10:24:13 AM	3611780653	1013.00	27.36	32.10	87.4	27.10	32.10	89.6	26.57	32.10	94.3	26.71	32.10	93.0
14/06/2018 10:24:14 AM	3611780654	1013.00	27.38	32.10	87.3	27.15	32.10	89.2	26.57	32.10	94.3	26.67	32.10	93.4
14/06/2018 10:24:15 AM	3611780655	1013.00	27.37	32.10	87.3	27.13	32.10	89.3	26.59	32.10	94.1	26.72	32.10	92.9
14/06/2018 10:24:16 AM	3611780656	1013.00	27.40	32.10	87.1	27.13	32.10	89.3	26.57	32.10	94.3	26.75	32.10	92.6
14/06/2018 10:24:17 AM	3611780657	1013.00	27.41	32.11	87.0	27.13	32.11	89.3	26.57	32.11	94.2	26.70	32.11	93.1
14/06/2018 10:24:18 AM	3611780658	1013.00	27.41	32.11	87.0	27.14	32.11	89.2	26.61	32.11	93.9	26.71	32.11	93.0
14/06/2018 10:24:19 AM	3611780659	1013.00	27.37	32.11	87.3	27.14	32.11	89.2	26.60	32.11	94.0	26.70	32.11	93.1
14/06/2018 10:24:20 AM	3611780660	1013.00	27.40	32.10	87.1	27.15	32.10	89.2	26.61	32.10	93.9	26.72	32.10	92.9
14/06/2018 10:24:21 AM	3611780661	1013.00	27.37	32.10	87.3	27.11	32.10	89.5	26.63	32.10	93.7	26.67	32.10	93.4
14/06/2018 10:24:22 AM	3611780662	1013.00	27.43	32.10	86.8	27.12	32.10	89.4	26.59	32.10	94.1	26.74	32.10	92.7
14/06/2018 10:24:23 AM	3611780663	1013.00	27.39	32.11	87.2	27.13	32.11	89.3	26.60	32.11	94.0	26.69	32.11	93.2
14/06/2018 10:24:24 AM	3611780664	1013.00	27.38	32.11	87.2	27.14	32.11	89.2	26.61	32.11	93.9	26.75	32.11	92.6
14/06/2018 10:24:25 AM	3611780665	1013.00	27.39	32.11	87.2	27.11	32.11	89.5	26.58	32.11	94.1	26.74	32.11	92.7
14/06/2018 10:24:26 AM	3611780666	1013.00	27.36	32.11	87.4	27.11	32.11	89.5	26.58	32.11	94.1	26.77	32.11	92.4
14/06/2018 10:24:27 AM	3611780667	1013.00	27.43	32.11	86.8	27.15	32.11	89.2	26.57	32.11	94.2	26.68	32.11	93.2
14/06/2018 10:24:28 AM	3611780668	1013.00	27.41	32.10	87.0	27.12	32.10	89.4	26.60	32.10	94.0	26.73	32.10	92.8
14/06/2018 10:24:29 AM	3611780669	1013.00	27.40	32.10	87.1	27.15	32.10	89.2	26.63	32.10	93.7	26.75	32.10	92.6
14/06/2018 10:24:30 AM	3611780670	1013.00	27.41	32.11	87.0	27.13	32.11	89.3	26.59	32.11	94.1	26.75	32.11	92.6
14/06/2018 10:24:31 AM	3611780671	1013.00	27.42	32.11	86.9	27.16	32.11	89.1	26.60	32.11	94.0	26.76	32.11	92.5
14/06/2018 10:24:32 AM	3611780672	1013.00	27.42	32.11	86.9	27.15	32.11	89.2	26.63	32.11	93.7	26.77	32.11	92.4
14/06/2018 10:24:33 AM	3611780673	1013.00	27.43	32.11	86.8	27.17	32.11	89.0	26.56	32.11	94.3	26.76	32.11	92.5
14/06/2018 10:24:34 AM	3611780674	1013.00	27.47	32.10	86.5	27.18	32.10	88.9	26.58	32.10	94.2	26.69	32.10	93.2
14/06/2018 10:24:35 AM	3611780675	1013.00	27.39	32.10	87.2	27.13	32.10	89.3	26.57	32.10	94.3	26.74	32.10	92.7
14/06/2018 10:24:36 AM	3611780676	1013.00	27.42	32.10	86.9	27.19	32.10	88.8	26.62	32.10	93.8	26.77	32.10	92.5
14/06/2018 10:24:37 AM	3611780677	1013.00	27.43	32.09	86.9	27.14	32.09	89.3	26.59	32.09	94.1	26.77	32.09	92.5
14/06/2018 10:24:38 AM	3611780678	1013.00	27.42	32.10	86.9	27.18	32.10	88.9	26.61	32.10	93.9	26.72	32.10	92.9
14/06/2018 10:24:39 AM	3611780679	1013.00	27.42	32.10	86.9	27.18	32.10	88.9	26.61	32.10	93.9	26.79	32.10	92.3
14/06/2018 10:24:40 AM	3611780680	1013.00	27.44	32.10	86.8	27.22	32.10	88.6	26.60	32.10	94.0	26.78	32.10	92.4
14/06/2018 10:24:41 AM	3611780681	1013.00	27.44	32.10	86.8	27.17	32.10	89.0	26.58	32.10	94.2	26.78	32.10	92.4
14/06/2018 10:24:42 AM	3611780682	1013.00	27.44	32.10	86.8	27.20	32.10	88.8	26.61	32.10	93.9	26.77	32.10	92.5
14/06/2018 10:24:43 AM	3611780683	1013.00	27.44	32.10	86.8	27.18	32.10	88.9	26.56	32.10	94.3	26.77	32.10	92.5
14/06/2018 10:24:44 AM	3611780684	1013.00	27.44	32.10	86.8	27.15	32.10	89.2	26.61	32.10	93.9	26.74	32.10	92.7
14/06/2018 10:24:45 AM	3611780685	1013.00	27.50	32.10	86.3	27.18	32.10	88.9	26.61	32.10	93.9	26.77	32.10	92.5
14/06/2018 10:24:46 AM	3611780686	1013.00	27.42	32.10	86.9	27.15	32.10	89.2	26.62	32.10	93.8	26.80	32.10	92.2
14/06/2018 10:24:47 AM	3611780687	1013.00	27.41	32.10	87.0	27.14	32.10	89.3	26.62	32.10	93.8	26.75	32.10	92.6
14/06/2018 10:24:48 AM	3611780688	1013.00	27.46	32.10	86.6	27.20	32.10	88.8	26.61	32.10	93.9	26.82	32.10	92.0
14/06/2018 10:24:49 AM	3611780689	1013.00	27.44	32.11	86.8	27.19	32.11	88.8	26.62	32.11	93.8	26.78	32.11	92.4
14/06/2018 10:24:50 AM	3611780690	1013.00	27.44	32.10	86.8	27.22	32.10	88.6	26.61	32.10	93.9	26.75	32.10	92.6
14/06/2018 10:24:51 AM	3611780691	1013.00	27.46	32.10	86.6	27.18	32.10	88.9	26.63	32.10	93.7	26.71	32.10	93.0
14/06/2018 10:24:52 AM	3611780692	1013.00	27.46	32.11	86.6	27.22	32.11	88.6	26.61	32.11	93.9	26.78	32.11	92.4
14/06/2018 10:24:53 AM	3611780693	1013.00	27.48	32.11	86.4	27.16	32.11	89.1	26.65	32.11	93.5	26.75	32.11	92.6
14/06/2018 10:24:54 AM	3611780694	1013.00	27.48	32.10	86.4	27.18	32.10	88.9	26.61	32.10	93.9	26.81	32.10	92.1
14/06/2018 10:24:55 AM	3611780695	1013.00	27.42	32.11	86.9	27.18	32.11	88.9	26.62	32.11	93.8	26.80	32.11	92.2
14/06/2018 10:24:56 AM	3611780696	1013.00	27.45	32.10	86.7	27.25	32.10	88.3	26.65	32.10	93.5	26.76	32.10	92.6
14/06/2018 10:24:57 AM	3611780697	1013.00	27.48	32.10	86.4	27.21	32.10	88.7	26.65	32.10	93.5	26.76	32.10	92.6
14/06/2018 10:24:58 AM	3611780698	1013.00	27.46	32.10	86.6	27.18	32.10	88.9	26.64	32.10	93.6	26.78	32.10	92.4
14/06/2018 10:24:59 AM	3611780699	1013.00	27.48	32.10	86.4	27.23	32.10	88.5	26.60	32.10	94.0	26.78	32.10	92.4
14/06/2018 10:25:00 AM	3611780700	1013.00	27.48	32.10	86.4	27.21	32.10	88.7	26.64	32.10	93.6	26.77	32.10	92.5
14/06/2018 10:25:01 AM	3611780701	1013.00	27.49	32.10	86.4	27.19	32.10	88.8	26.65	32.10	93.5	26.74	32.10	92.7
14/06/2018 10:25:02 AM	3611780702	1013.00	27.50	32.10	86.3	27.21	32.10	88.7	26.67	32.10	93.4	26.81	32.10	92.1
14/06/2018 10:25:03 AM	3611780703	1013.00	27.49	32.10	86.4	27.25	32.10	88.3	26.62	32.10	93.8	26.79	32.10	92.3
14/06/2018 10:25:04 AM	3611780704	1013.00	27.48	32.10	86.4	27.23	32.10	88.5	26.59	32.10	94.1	26.83	32.10	91.9
14/06/2018 10:25:05 AM	3611780705	1013.00	27.47	32.10	86.5	27.21	32.10	88.7	26.63	32.10	93.7	26.81	32.10	92.1
14/06/2018 10:25:06 AM	3611780706	1013.00	27.49	32.10	86.4	27.22	32.10	88.6	26.62	32.10	93.8	26.83	32.10	91.9
14/06/2018 10:25:07 AM	3611780707	1013.00	27.49	32.10	86.4	27.24	32.10	88.4	26.66	32.10	93.4	26.89	32.10	91.4
14/06/2018 10:25:08 AM	3611780708	1013.00	27.48	32.10	86.4	27.20	32.10	88.8	26.61	32.10	93.9	26.81	32.10	92.1
14/06/2018 10:25:09 AM	3611780709	1013.00	27.47	32.10	86.5	27.23	32.10	88.5	26.61	32.10	93.9	26.80	32.10	92.2
14/06/2018 10:25:10 AM	3611780710	1013.00	27.50	32.10	86.3	27.22	32.10	88.6	26.63	32.10	93.7	26.83	32.10	91.9
14/06/2018 10:25:11 AM	3611780711	1013.00	27.45	32.09	86.7	27.21	32.09	88.7	26.64	32.09	93.6	26.88	32.09	91.5
14/06/2018 10:25:12 AM	3611780712	1013.00	27.51	32.10	86.2	27.23	32.10	88.5	26.61	32.10	93.9	26.82	32.10	92.0
14/06/2018 10:25:13 AM	3611780713	1013.00	27.56	32.10	85.8	27.25	32.10	88.3	26.63	32.10	93.7	26.85	32.10	91.8
14/06/2018 10:25:14 AM	3611780714	1013.00	27.51	32.10	86.2	27.23	32.10	88.5	26.64	32.10	93.6	26.81	32.10	92.1
14/06/2018 10:25:15 AM	3611780715	1013.00	27.52	32.11	86.1	27.18	32.11	88.9	26.67	32.11	93.3	26.86	32.11	91.7
14/06/2018 10:25:16 AM	3611780716	1013.00	27.49	32.11	86.3	27.24	32.11	88.4	26.61	32.11	93.9	26.78	32.11	92.4
14/06/2018 10:25:17 AM	3611780717	1013.00	27.50	32.10	86.3	27.22	32.10	88.6	26.64	32.10	93.6	26.80	32.10	92.2
14/06/2018 10:25:18 AM	3611780718	1013.00	27.47	32.10	86.5	27.27	32.10	88.2	26.68	32.10	93.3	26.87	32.10	91.6
14/06/2018 10:25:19 AM	3611780719	1013.00	27.49	32.11	86.3	27.23	32.11	88.5	26.61	32.11	93.9	26.87	32.11	91.6
14/06/2018 10:25:20 AM	3611780720	1013.00	27.51	32.11	86.2	27.25	32.11	88.3	26.68	32.11	93.2	26.86	32.11	91.7
14/06/2018 10:25:21 AM	3611780721	1013.00	27.50	32.11	86.3	27.24	32.11	88.4	26.68	32.11	93.2	26.87	32.11	91.6
14/06/2018 10:25:22 AM	3611780722	1013.00	27.49	32.11	86.3	27.24	32.11	88.4	26.66	32.11	93.4	26.88	32.11	91.5
14/06/2018 10:25:23 AM	3611780723	1013.00	27.46	32.11	86.6	27.27	32.11	88.2	26.61	32.11	93.9	26.87	32.11	91.6
14/06/2018 10:25:24 AM	3611780724	1013.00	27.48	32.11	86.4	27.25	32.11	88.3	26.68	32.11	93.2	26.92	32.11	91.1
14/06/2018 10:25:25 AM	3611780725	1013.00	27.50	32.11	86.3	27.29	32.11	88.0	26.63	32.11	93.7	26.88	32.11	91.5
14/06/2018 10:25:26 AM	3611780726	1013.00	27.51	32.11	86.2	27.23	32.11	88.5	26.64	32.11	93.6	26.88	32.11	91.5
14/06/2018 10:25:27 AM	3611780727	1013.00	27.52	32.11	86.1	27.26	32.11	88.2	26.66	32.11	93.4	26.86	32.11	91.7
14/06/2018 10:25:28 AM	3611780728	1013.00	27.51	32.11	86.2	27.26	32.11	88.2	26.64	32.11	93.6	26.88	32.11	91.5
14/06/2018 10:25:29 AM	3611780729	1013.00	27.49	32.11	86.3	27.28	32.11	88.1	26.70	32.11	93.1	26.90	32.11	91.3
14/06/2018 10:25:30 AM	3611780730	1013.00	27.53	32.10	86.0	27.26	32.10	88.3	26.66	32.10	93.4	26.91	32.10	91.2
14/06/2018 10:25:31 AM	3611780731	1013.00	27.52	32.10	86.1	27.34	32.10	87.6	26.62	32.10	93.8	26.93	32.10	91.1
14/06/2018 10:25:32 AM	3611780732	1013.00	27.51	32.10	86.2	27.28	32.10	88.1	26.64	32.10	93.6	26.92	32.10	91.1
14/06/2018 10:25:33 AM	3611780733	1013.00	27.52	32.10	86.1	27.27	32.10	88.2	26.66	32.10	93.4	26.91	32.10	91.2
14/06/2018 10:25:34 AM	3611780734	1013.00	27.52	32.10	86.1	27.27	32.10	88.2	26.73	32.10	92.8	26.86	32.10	91.7
14/06/2018 10:25:35 AM	3611780735	1013.00	27.57	32.11	85.7	27.27	32.11	88.2	26.72	32.11	92.9	26.90	32.11	91.3
14/06/2018 10:25:36 AM	3611780736	1013.00	27.53	32.11	86.0	27.31	32.11	87.8	26.69	32.11	93.2	26.92	32.11	91.1
14/06/2018 10:25:37 AM	3611780737	1013.00	27.54	32.10	86.0	27.28	32.10	88.1	26.67	32.10	93.4	26.94	32.10	91.0
14/06/2018 10:25:38 AM	3611780738	1013.00	27.57	32.10	85.7	27.31	32.10	87.8	26.70	32.10	93.1	26.93	32.10	91.1
14/06/2018 10:25:39 AM	3611780739	1013.00	27.55	32.10	85.9	27.29	32.10	88.0	26.64	32.10	93.6	26.96	32.10	90.8
14/06/2018 10:25:40 AM	3611780740	1013.00	27.55	32.09	85.9	27.31	32.09	87.9	26.70	32.09	93.1	26.92	32.09	91.2
14/06/2018 10:25:41 AM	3611780741	1013.00	27.60	32.10	85.5	27.34	32.10	87.6	26.72	32.10	92.9	26.89	32.10	91.4
14/06/2018 10:25:42 AM	3611780742	1013.00	27.58	32.10	85.6	27.29	32.10	88.0	26.67	32.10	93.4	26.87	32.10	91.6
14/06/2018 10:25:43 AM	3611780743	1013.00	27.59	32.10	85.5	27.28	32.10	88.1	26.66	32.10	93.4	26.94	32.10	91.0
14/06/2018 10:25:44 AM	3611780744	1013.00	27.54	32.11	85.9	27.31	32.11	87.8	26.67	32.11	93.3	26.95	32.11	90.9
14/06/2018 10:25:45 AM	3611780745	1013.00	27.62	32.11	85.3	27.31	32.11	87.8	26.68	32.11	93.2	26.94	32.11	91.0
14/06/2018 10:25:46 AM	3611780746	1013.00	27.57	32.11	85.7	27.32	32.11	87.7	26.71	32.11	93.0	27.01	32.11	90.4
14/06/2018 10:25:47 AM	3611780747	1013.00	27.57	32.11	85.7	27.28	32.11	88.1	26.71	32.11	93.0	26.98	32.11	90.6
14/06/2018 10:25:48 AM	3611780748	1013.00	27.63	32.11	85.2	27.26	32.11	88.2	26.69	32.11	93.2	26.96	32.11	90.8
14/06/2018 10:25:49 AM	3611780749	1013.00	27.59	32.11	85.5	27.28	32.11	88.1	26.70	32.11	93.1	26.96	32.11	90.8
14/06/2018 10:25:50 AM	3611780750	1013.00	27.59	32.10	85.5	27.28	32.10	88.1	26.69	32.10	93.2	26.95	32.10	90.9
14/06/2018 10:25:51 AM	3611780751	1013.00	27.58	32.10	85.6	27.32	32.10	87.8	26.67	32.10	93.4	26.92	32.10	91.1
14/06/2018 10:25:52 AM	3611780752	1013.00	27.60	32.09	85.5	27.30	32.09	87.9	26.69	32.09	93.2	26.97	32.09	90.7
14/06/2018 10:25:53 AM	3611780753	1013.00	27.61	32.09	85.4	27.31	32.09	87.9	26.70	32.09	93.1	26.95	32.09	90.9
14/06/2018 10:25:54 AM	3611780754	1013.00	27.60	32.09	85.5	27.31	32.09	87.9	26.68	32.09	93.3	26.96	32.09	90.8
14/06/2018 10:25:55 AM	3611780755	1013.00	27.60	32.09	85.5	27.33	32.09	87.7	26.67	32.09	93.4	26.98	32.09	90.6
14/06/2018 10:25:56 AM	3611780756	1013.00	27.62	32.09	85.3	27.30	32.09	87.9	26.69	32.09	93.2	26.90	32.09	91.3
14/06/2018 10:25:57 AM	3611780757	1013.00	27.62	32.09	85.3	27.31	32.09	87.9	26.73	32.09	92.8	27.01	32.09	90.4
14/06/2018 10:25:58 AM	3611780758	1013.00	27.60	32.09	85.5	27.32	32.09	87.8	26.70	32.09	93.1	26.95	32.09	90.9
14/06/2018 10:25:59 AM	3611780759	1013.00	27.66	32.09	85.0	27.27	32.09	88.2	26.67	32.09	93.4	26.92	32.09	91.2
14/06/2018 10:26:00 AM	3611780760	1013.00	27.63	32.10	85.2	27.28	32.10	88.1	26.68	32.10	93.3	26.91	32.10	91.2
14/06/2018 10:26:01 AM	3611780761	1013.00	27.63	32.10	85.2	27.33	32.10	87.7	26.74	32.10	92.7	26.98	32.10	90.6
14/06/2018 10:26:02 AM	3611780762	1013.00	27.60	32.09	85.5	27.33	32.09	87.7	26.68	32.09	93.3	26.96	32.09	90.8
14/06/2018 10:26:03 AM	3611780763	1013.00	27.62	32.09	85.3	27.35	32.09	87.5	26.71	32.09	93.0	26.98	32.09	90.6
14/06/2018 10:26:04 AM	3611780764	1013.00	27.63	32.10	85.2	27.32	32.10	87.8	26.67	32.10	93.4	26.98	32.10	90.6
14/06/2018 10:26:05 AM	3611780765	1013.00	27.64	32.09	85.2	27.32	32.09	87.8	26.71	32.09	93.0	27.00	32.09	90.5
14/06/2018 10:26:06 AM	3611780766	1013.00	27.63	32.10	85.2	27.32	32.10	87.8	26.71	32.10	93.0	26.98	32.10	90.6
14/06/2018 10:26:07 AM	3611780767	1013.00	27.61	32.10	85.4	27.33	32.10	87.7	26.68	32.10	93.3	26.99	32.10	90.5
14/06/2018 10:26:08 AM	3611780768	1013.00	27.65	32.10	85.1	27.31	32.10	87.8	26.68	32.10	93.3	27.00	32.10	90.5
14/06/2018 10:26:09 AM	3611780769	1013.00	27.65	32.10	85.1	27.28	32.10	88.1	26.71	32.10	93.0	27.00	32.10	90.5
14/06/2018 10:26:10 AM	3611780770	1013.00	27.69	32.10	84.8	27.33	32.10	87.7	26.73	32.10	92.8	26.96	32.10	90.8
14/06/2018 10:26:11 AM	3611780771	1013.00	27.65	32.09	85.1	27.33	32.09	87.7	26.74	32.09	92.7	26.99	32.09	90.6
14/06/2018 10:26:12 AM	3611780772	1013.00	27.63	32.09	85.2	27.32	32.09	87.8	26.72	32.09	92.9	27.04	32.09	90.1
14/06/2018 10:26:13 AM	3611780773	1013.00	27.67	32.09	84.9	27.33	32.09	87.7	26.75	32.09	92.7	26.99	32.09	90.6
14/06/2018 10:26:14 AM	3611780774	1013.00	27.62	32.09	85.3	27.30	32.09	87.9	26.74	32.09	92.7	27.02	32.09	90.3
14/06/2018 10:26:15 AM	3611780775	1013.00	27.66	32.09	85.0	27.33	32.09	87.7	26.68	32.09	93.3	27.00	32.09	90.5
14/06/2018 10:26:16 AM	3611780776	1013.00	27.67	32.09	84.9	27.32	32.09	87.8	26.69	32.09	93.2	27.01	32.09	90.4
14/06/2018 10:26:17 AM	3611780777	1013.00	27.67	32.09	84.9	27.36	32.09	87.4	26.71	32.09	93.0	27.02	32.09	90.3
14/06/2018 10:26:18 AM	3611780778	1013.00	27.68	32.09	84.8	27.31	32.09	87.9	26.73	32.09	92.8	27.06	32.09	90.0
14/06/2018 10:26:19 AM	3611780779	1013.00	27.70	32.09	84.7	27.34	32.09	87.6	26.73	32.09	92.8	27.04	32.09	90.1
14/06/2018 10:26:20 AM	3611780780	1013.00	27.70	32.09	84.7	27.33	32.09	87.7	26.73	32.09	92.8	27.06	32.09	90.0
14/06/2018 10:26:21 AM	3611780781	1013.00	27.70	32.10	84.7	27.31	32.10	87.8	26.77	32.10	92.5	27.04	32.10	90.1
14/06/2018 10:26:22 AM	3611780782	1013.00	27.68	32.10	84.8	27.34	32.10	87.6	26.74	32.10	92.7	27.08	32.10	89.8
14/06/2018 10:26:23 AM	3611780783	1013.00	27.69	32.10	84.8	27.30	32.10	87.9	26.74	32.10	92.7	27.05	32.10	90.0
14/06/2018 10:26:24 AM	3611780784	1013.00	27.66	32.09	85.0	27.32	32.09	87.8	26.72	32.09	92.9	27.04	32.09	90.1
14/06/2018 10:26:25 AM	3611780785	1013.00	27.66	32.09	85.0	27.30	32.09	87.9	26.76	32.09	92.6	27.06	32.09	90.0
14/06/2018 10:26:26 AM	3611780786	1013.00	27.68	32.09	84.8	27.35	32.09	87.5	26.74	32.09	92.7	27.05	32.09	90.0
14/06/2018 10:26:27 AM	3611780787	1013.00	27.70	32.09	84.7	27.35	32.09	87.5	26.71	32.09	93.0	27.09	32.09	89.7
14/06/2018 10:26:28 AM	3611780788	1013.00	27.68	32.09	84.8	27.37	32.09	87.4	26.76	32.09	92.6	27.10	32.09	89.6
14/06/2018 10:26:29 AM	3611780789	1013.00	27.67	32.09	84.9	27.35	32.09	87.5	26.73	32.09	92.8	27.07	32.09	89.9
14/06/2018 10:26:30 AM	3611780790	1013.00	27.69	32.09	84.8	27.38	32.09	87.3	26.73	32.09	92.8	27.04	32.09	90.1
14/06/2018 10:26:31 AM	3611780791	1013.00	27.71	32.09	84.6	27.33	32.09	87.7	26.73	32.09	92.8	27.06	32.09	90.0
14/06/2018 10:26:32 AM	3611780792	1013.00	27.69	32.09	84.8	27.38	32.09	87.3	26.70	32.09	93.1	27.10	32.09	89.6
14/06/2018 10:26:33 AM	3611780793	1013.00	27.72	32.09	84.5	27.33	32.09	87.7	26.72	32.09	92.9	27.10	32.09	89.6
14/06/2018 10:26:34 AM	3611780794	1013.00	27.70	32.09	84.7	27.34	32.09	87.6	26.74	32.09	92.7	27.08	32.09	89.8
14/06/2018 10:26:35 AM	3611780795	1013.00	27.69	32.09	84.8	27.37	32.09	87.4	26.76	32.09	92.6	27.07	32.09	89.9
14/06/2018 10:26:36 AM	3611780796	1013.00	27.69	32.09	84.8	27.34	32.09	87.6	26.76	32.09	92.6	27.09	32.09	89.7
14/06/2018 10:26:37 AM	3611780797	1013.00	27.70	32.09	84.7	27.36	32.09	87.4	26.72	32.09	92.9	27.07	32.09	89.9
14/06/2018 10:26:38 AM	3611780798	1013.00	27.71	32.09	84.6	27.38	32.09	87.3	26.73	32.09	92.8	27.03	32.09	90.2
14/06/2018 10:26:39 AM	3611780799	1013.00	27.72	32.09	84.5	27.35	32.09	87.5	26.72	32.09	92.9	27.11	32.09	89.5
14/06/2018 10:26:40 AM	3611780800	1013.00	27.70	32.08	84.7	27.38	32.08	87.3	26.74	32.08	92.8	27.09	32.08	89.7
14/06/2018 10:26:41 AM	3611780801	1013.00	27.72	32.09	84.5	27.37	32.09	87.4	26.76	32.09	92.6	27.10	32.09	89.6
14/06/2018 10:26:42 AM	3611780802	1013.00	27.72	32.09	84.5	27.38	32.09	87.3	26.73	32.09	92.8	27.10	32.09	89.6
14/06/2018 10:26:43 AM	3611780803	1013.00	27.74	32.09	84.4	27.39	32.09	87.2	26.76	32.09	92.6	27.15	32.09	89.2
14/06/2018 10:26:44 AM	3611780804	1013.00	27.72	32.09	84.5	27.38	32.09	87.3	26.73	32.09	92.8	27.11	32.09	89.5
14/06/2018 10:26:45 AM	3611780805	1013.00	27.71	32.09	84.6	27.37	32.09	87.4	26.75	32.09	92.7	27.11	32.09	89.5
14/06/2018 10:26:46 AM	3611780806	1013.00	27.72	32.09	84.5	27.35	32.09	87.5	26.71	32.09	93.0	27.14	32.09	89.3
14/06/2018 10:26:47 AM	3611780807	1013.00	27.76	32.09	84.2	27.35	32.09	87.5	26.76	32.09	92.6	27.10	32.09	89.6
14/06/2018 10:26:48 AM	3611780808	1013.00	27.74	32.09	84.4	27.34	32.09	87.6	26.73	32.09	92.8	27.13	32.09	89.4
14/06/2018 10:26:49 AM	3611780809	1013.00	27.74	32.08	84.4	27.36	32.08	87.5	26.75	32.08	92.7	27.17	32.08	89.0
14/06/2018 10:26:50 AM	3611780810	1013.00	27.73	32.08	84.5	27.42	32.08	87.0	26.74	32.08	92.8	27.12	32.08	89.5
14/06/2018 10:26:51 AM	3611780811	1013.00	27.75	32.08	84.3	27.38	32.08	87.3	26.70	32.08	93.1	27.13	32.08	89.4
14/06/2018 10:26:52 AM	3611780812	1013.00	27.75	32.08	84.3	27.37	32.08	87.4	26.78	32.08	92.4	27.09	32.08	89.7
14/06/2018 10:26:53 AM	3611780813	1013.00	27.75	32.07	84.3	27.36	32.07	87.5	26.78	32.07	92.4	27.15	32.07	89.2
14/06/2018 10:26:54 AM	3611780814	1013.00	27.74	32.08	84.4	27.42	32.08	87.0	26.73	32.08	92.8	27.15	32.08	89.2
14/06/2018 10:26:55 AM	3611780815	1013.00	27.73	32.08	84.5	27.40	32.08	87.1	26.76	32.08	92.6	27.13	32.08	89.4
14/06/2018 10:26:56 AM	3611780816	1013.00	27.71	32.08	84.6	27.35	32.08	87.5	26.78	32.08	92.4	27.11	32.08	89.5
14/06/2018 10:26:57 AM	3611780817	1013.00	27.75	32.09	84.3	27.39	32.09	87.2	26.80	32.09	92.2	27.08	32.09	89.8
14/06/2018 10:26:58 AM	3611780818	1013.00	27.74	32.09	84.4	27.39	32.09	87.2	26.77	32.09	92.5	27.19	32.09	88.9
14/06/2018 10:26:59 AM	3611780819	1013.00	27.75	32.09	84.3	27.42	32.09	86.9	26.75	32.09	92.7	27.18	32.09	88.9
14/06/2018 10:27:00 AM	3611780820	1013.00	27.71	32.09	84.6	27.35	32.09	87.5	26.77	32.09	92.5	27.20	32.09	88.8
14/06/2018 10:27:01 AM	3611780821	1013.00	27.76	32.09	84.2	27.44	32.09	86.8	26.76	32.09	92.6	27.17	32.09	89.0
14/06/2018 10:27:02 AM	3611780822	1013.00	27.75	32.09	84.3	27.43	32.09	86.9	26.79	32.09	92.3	27.16	32.09	89.1
14/06/2018 10:27:03 AM	3611780823	1013.00	27.76	32.09	84.2	27.43	32.09	86.9	26.75	32.09	92.7	27.15	32.09	89.2
14/06/2018 10:27:04 AM	3611780824	1013.00	27.74	32.09	84.4	27.42	32.09	86.9	26.76	32.09	92.6	27.16	32.09	89.1
14/06/2018 10:27:05 AM	3611780825	1013.00	27.77	32.08	84.1	27.44	32.08	86.8	26.76	32.08	92.6	27.14	32.08	89.3
14/06/2018 10:27:06 AM	3611780826	1013.00	27.77	32.08	84.1	27.44	32.08	86.8	26.78	32.08	92.4	27.16	32.08	89.1
14/06/2018 10:27:07 AM	3611780827	1013.00	27.79	32.08	84.0	27.42	32.08	87.0	26.77	32.08	92.5	27.16	32.08	89.1
14/06/2018 10:27:08 AM	3611780828	1013.00	27.78	32.08	84.1	27.44	32.08	86.8	26.79	32.08	92.3	27.20	32.08	88.8
14/06/2018 10:27:09 AM	3611780829	1013.00	27.81	32.08	83.8	27.49	32.08	86.4	26.76	32.08	92.6	27.18	32.08	89.0
14/06/2018 10:27:10 AM	3611780830	1013.00	27.75	32.08	84.3	27.42	32.08	87.0	26.76	32.08	92.6	27.25	32.08	88.4
14/06/2018 10:27:11 AM	3611780831	1013.00	27.78	32.08	84.1	27.44	32.08	86.8	26.78	32.08	92.4	27.16	32.08	89.1
14/06/2018 10:27:12 AM	3611780832	1013.00	27.77	32.08	84.1	27.44	32.08	86.8	26.75	32.08	92.7	27.21	32.08	88.7
14/06/2018 10:27:13 AM	3611780833	1013.00	27.78	32.09	84.1	27.48	32.09	86.5	26.76	32.09	92.6	27.20	32.09	88.8
14/06/2018 10:27:14 AM	3611780834	1013.00	27.80	32.09	83.9	27.44	32.09	86.8	26.81	32.09	92.1	27.17	32.09	89.0
14/06/2018 10:27:15 AM	3611780835	1013.00	27.82	32.09	83.7	27.47	32.09	86.5	26.81	32.09	92.1	27.24	32.09	88.4
14/06/2018 10:27:16 AM	3611780836	1013.00	27.80	32.09	83.9	27.46	32.09	86.6	26.79	32.09	92.3	27.15	32.09	89.2
14/06/2018 10:27:17 AM	3611780837	1013.00	27.79	32.10	84.0	27.43	32.10	86.8	26.80	32.10	92.2	27.23	32.10	88.5
14/06/2018 10:27:18 AM	3611780838	1013.00	27.82	32.09	83.7	27.45	32.09	86.7	26.81	32.09	92.1	27.26	32.09	88.3
14/06/2018 10:27:19 AM	3611780839	1013.00	27.80	32.09	83.9	27.49	32.09	86.4	26.77	32.09	92.5	27.24	32.09	88.4
14/06/2018 10:27:20 AM	3611780840	1013.00	27.81	32.09	83.8	27.47	32.09	86.5	26.78	32.09	92.4	27.18	32.09	88.9
14/06/2018 10:27:21 AM	3611780841	1013.00	27.80	32.10	83.9	27.45	32.10	86.7	26.82	32.10	92.0	27.23	32.10	88.5
14/06/2018 10:27:22 AM	3611780842	1013.00	27.81	32.09	83.8	27.43	32.09	86.9	26.80	32.09	92.2	27.21	32.09	88.7
14/06/2018 10:27:23 AM	3611780843	1013.00	27.76	32.09	84.2	27.51	32.09	86.2	26.78	32.09	92.4	27.20	32.09	88.8
14/06/2018 10:27:24 AM	3611780844	1013.00	27.80	32.09	83.9	27.45	32.09	86.7	26.78	32.09	92.4	27.23	32.09	88.5
14/06/2018 10:27:25 AM	3611780845	1013.00	27.79	32.09	84.0	27.46	32.09	86.6	26.80	32.09	92.2	27.24	32.09	88.4
14/06/2018 10:27:26 AM	3611780846	1013.00	27.83	32.09	83.7	27.44	32.09	86.8	26.81	32.09	92.1	27.23	32.09	88.5
14/06/2018 10:27:27 AM	3611780847	1013.00	27.82	32.09	83.7	27.50	32.09	86.3	26.81	32.09	92.1	27.22	32.09	88.6
14/06/2018 10:27:28 AM	3611780848	1013.00	27.80	32.08	83.9	27.47	32.08	86.5	26.78	32.08	92.4	27.25	32.08	88.4
14/06/2018 10:27:29 AM	3611780849	1013.00	27.82	32.08	83.8	27.50	32.08	86.3	26.84	32.08	91.9	27.23	32.08	88.5
14/06/2018 10:27:30 AM	3611780850	1013.00	27.81	32.08	83.8	27.46	32.08	86.6	26.87	32.08	91.6	27.24	32.08	88.4
14/06/2018 10:27:31 AM	3611780851	1013.00	27.85	32.07	83.5	27.50	32.07	86.3	26.77	32.07	92.5	27.20	32.07	88.8
14/06/2018 10:27:32 AM	3611780852	1013.00	27.80	32.08	83.9	27.47	32.08	86.5	26.86	32.08	91.7	27.29	32.08	88.0
14/06/2018 10:27:33 AM	3611780853	1013.00	27.84	32.08	83.6	27.49	32.08	86.4	26.83	32.08	92.0	27.27	32.08	88.2
14/06/2018 10:27:34 AM	3611780854	1013.00	27.80	32.08	83.9	27.44	32.08	86.8	26.85	32.08	91.8	27.32	32.08	87.8
14/06/2018 10:27:35 AM	3611780855	1013.00	27.84	32.09	83.6	27.51	32.09	86.2	26.82	32.09	92.0	27.28	32.09	88.1
14/06/2018 10:27:36 AM	3611780856	1013.00	27.82	32.09	83.7	27.50	32.09	86.3	26.78	32.09	92.4	27.25	32.09	88.4
14/06/2018 10:27:37 AM	3611780857	1013.00	27.81	32.08	83.8	27.47	32.08	86.5	26.83	32.08	92.0	27.27	32.08	88.2
14/06/2018 10:27:38 AM	3611780858	1013.00	27.83	32.09	83.7	27.47	32.09	86.5	26.78	32.09	92.4	27.24	32.09	88.4
14/06/2018 10:27:39 AM	3611780859	1013.00	27.84	32.09	83.6	27.50	32.09	86.3	26.83	32.09	91.9	27.27	32.09	88.2
14/06/2018 10:27:40 AM	3611780860	1013.00	27.86	32.08	83.4	27.50	32.08	86.3	26.78	32.08	92.4	27.27	32.08	88.2
14/06/2018 10:27:41 AM	3611780861	1013.00	27.84	32.08	83.6	27.47	32.08	86.5	26.82	32.08	92.1	27.34	32.08	87.6
14/06/2018 10:27:42 AM	3611780862	1013.00	27.81	32.09	83.8	27.50	32.09	86.3	26.88	32.09	91.5	27.26	32.09	88.3
14/06/2018 10:27:43 AM	3611780863	1013.00	27.87	32.08	83.4	27.51	32.08	86.2	26.82	32.08	92.1	27.28	32.08	88.1
14/06/2018 10:27:44 AM	3611780864	1013.00	27.81	32.08	83.8	27.48	32.08	86.5	26.84	32.08	91.9	27.26	32.08	88.3
14/06/2018 10:27:45 AM	3611780865	1013.00	27.85	32.08	83.5	27.51	32.08	86.2	26.81	32.08	92.1	27.30	32.08	87.9
14/06/2018 10:27:46 AM	3611780866	1013.00	27.83	32.09	83.7	27.51	32.09	86.2	26.79	32.09	92.3	27.25	32.09	88.4
14/06/2018 10:27:47 AM	3611780867	1013.00	27.82	32.09	83.7	27.49	32.09	86.4	26.87	32.09	91.6	27.26	32.09	88.3
14/06/2018 10:27:48 AM	3611780868	1013.00	27.84	32.09	83.6	27.48	32.09	86.5	26.84	32.09	91.9	27.28	32.09	88.1
14/06/2018 10:27:49 AM	3611780869	1013.00	27.83	32.09	83.7	27.47	32.09	86.5	26.84	32.09	91.9	27.29	32.09	88.0
14/06/2018 10:27:50 AM	3611780870	1013.00	27.85	32.09	83.5	27.50	32.09	86.3	26.86	32.09	91.7	27.27	32.09	88.2
14/06/2018 10:27:51 AM	3611780871	1013.00	27.80	32.09	83.9	27.49	32.09	86.4	26.84	32.09	91.9	27.32	32.09	87.8
14/06/2018 10:27:52 AM	3611780872	1013.00	27.79	32.09	84.0	27.57	32.09	85.7	26.88	32.09	91.5	27.26	32.09	88.3
14/06/2018 10:27:53 AM	3611780873	1013.00	27.88	32.09	83.3	27.56	32.09	85.8	26.83	32.09	91.9	27.23	32.09	88.5
14/06/2018 10:27:54 AM	3611780874	1013.00	27.83	32.09	83.7	27.54	32.09	86.0	26.84	32.09	91.9	27.27	32.09	88.2
14/06/2018 10:27:55 AM	3611780875	1013.00	27.82	32.09	83.7	27.55	32.09	85.9	26.82	32.09	92.0	27.27	32.09	88.2
14/06/2018 10:27:56 AM	3611780876	1013.00	27.86	32.10	83.4	27.54	32.10	86.0	26.86	32.10	91.7	27.33	32.10	87.7
14/06/2018 10:27:57 AM	3611780877	1013.00	27.85	32.10	83.5	27.51	32.10	86.2	26.87	32.10	91.6	27.32	32.10	87.8
14/06/2018 10:27:58 AM	3611780878	1013.00	27.84	32.10	83.6	27.56	32.10	85.8	26.84	32.10	91.8	27.24	32.10	88.4
14/06/2018 10:27:59 AM	3611780879	1013.00	27.87	32.10	83.3	27.53	32.10	86.0	26.84	32.10	91.8	27.29	32.10	88.0
14/06/2018 10:28:00 AM	3611780880	1013.00	27.85	32.09	83.5	27.53	32.09	86.0	26.86	32.09	91.7	27.31	32.09	87.9
14/06/2018 10:28:01 AM	3611780881	1013.00	27.86	32.09	83.4	27.51	32.09	86.2	26.88	32.09	91.5	27.30	32.09	87.9
14/06/2018 10:28:02 AM	3611780882	1013.00	27.84	32.09	83.6	27.52	32.09	86.1	26.89	32.09	91.4	27.31	32.09	87.9
14/06/2018 10:28:03 AM	3611780883	1013.00	27.88	32.09	83.3	27.54	32.09	86.0	26.85	32.09	91.8	27.37	32.09	87.4
14/06/2018 10:28:04 AM	3611780884	1013.00	27.86	32.09	83.4	27.57	32.09	85.7	26.84	32.09	91.9	27.34	32.09	87.6
14/06/2018 10:28:05 AM	3611780885	1013.00	27.91	32.09	83.0	27.56	32.09	85.8	26.89	32.09	91.4	27.30	32.09	87.9
14/06/2018 10:28:06 AM	3611780886	1013.00	27.85	32.09	83.5	27.55	32.09	85.9	26.88	32.09	91.5	27.34	32.09	87.6
14/06/2018 10:28:07 AM	3611780887	1013.00	27.87	32.09	83.3	27.53	32.09	86.0	26.89	32.09	91.4	27.33	32.09	87.7
14/06/2018 10:28:08 AM	3611780888	1013.00	27.84	32.09	83.6	27.56	32.09	85.8	26.87	32.09	91.6	27.35	32.09	87.5
14/06/2018 10:28:09 AM	3611780889	1013.00	27.86	32.09	83.4	27.58	32.09	85.6	26.89	32.09	91.4	27.35	32.09	87.5
14/06/2018 10:28:10 AM	3611780890	1013.00	27.90	32.09	83.1	27.56	32.09	85.8	26.86	32.09	91.7	27.37	32.09	87.4
14/06/2018 10:28:11 AM	3611780891	1013.00	27.88	32.09	83.3	27.60	32.09	85.5	26.90	32.09	91.3	27.39	32.09	87.2
14/06/2018 10:28:12 AM	3611780892	1013.00	27.88	32.08	83.3	27.55	32.08	85.9	26.89	32.08	91.4	27.33	32.08	87.7
14/06/2018 10:28:13 AM	3611780893	1013.00	27.87	32.08	83.4	27.57	32.08	85.7	26.91	32.08	91.3	27.35	32.08	87.5
14/06/2018 10:28:14 AM	3611780894	1013.00	27.91	32.08	83.1	27.58	32.08	85.7	26.86	32.08	91.7	27.35	32.08	87.5
14/06/2018 10:28:15 AM	3611780895	1013.00	27.88	32.08	83.3	27.58	32.08	85.7	26.86	32.08	91.7	27.34	32.08	87.6
14/06/2018 10:28:16 AM	3611780896	1013.00	27.90	32.08	83.1	27.62	32.08	85.3	26.89	32.08	91.4	27.39	32.08	87.2
14/06/2018 10:28:17 AM	3611780897	1013.00	27.91	32.08	83.1	27.60	32.08	85.5	26.91	32.08	91.3	27.42	32.08	87.0
14/06/2018 10:28:18 AM	3611780898	1013.00	27.89	32.09	83.2	27.59	32.09	85.6	26.88	32.09	91.5	27.36	32.09	87.4
14/06/2018 10:28:19 AM	3611780899	1013.00	27.93	32.08	82.9	27.59	32.08	85.6	26.90	32.08	91.4	27.39	32.08	87.2
14/06/2018 10:28:20 AM	3611780900	1013.00	27.87	32.09	83.3	27.59	32.09	85.6	26.90	32.09	91.3	27.38	32.09	87.3
14/06/2018 10:28:21 AM	3611780901	1013.00	27.89	32.08	83.2	27.59	32.08	85.6	26.89	32.08	91.4	27.38	32.08	87.3
14/06/2018 10:28:22 AM	3611780902	1013.00	27.89	32.08	83.2	27.60	32.08	85.5	26.90	32.08	91.4	27.38	32.08	87.3
14/06/2018 10:28:23 AM	3611780903	1013.00	27.88	32.08	83.3	27.61	32.08	85.4	26.90	32.08	91.4	27.38	32.08	87.3
14/06/2018 10:28:24 AM	3611780904	1013.00	27.92	32.09	83.0	27.54	32.09	86.0	26.92	32.09	91.2	27.37	32.09	87.4
14/06/2018 10:28:25 AM	3611780905	1013.00	27.89	32.08	83.2	27.62	32.08	85.3	26.92	32.08	91.2	27.41	32.08	87.0
14/06/2018 10:28:26 AM	3611780906	1013.00	27.92	32.09	83.0	27.59	32.09	85.6	26.92	32.09	91.2	27.39	32.09	87.2
14/06/2018 10:28:27 AM	3611780907	1013.00	27.91	32.09	83.0	27.59	32.09	85.6	26.91	32.09	91.2	27.42	32.09	86.9
14/06/2018 10:28:28 AM	3611780908	1013.00	27.88	32.09	83.3	27.59	32.09	85.6	26.91	32.09	91.2	27.41	32.09	87.0
14/06/2018 10:28:29 AM	3611780909	1013.00	27.95	32.09	82.7	27.60	32.09	85.5	26.90	32.09	91.3	27.36	32.09	87.4
14/06/2018 10:28:30 AM	3611780910	1013.00	27.90	32.08	83.1	27.61	32.08	85.4	26.88	32.08	91.5	27.39	32.08	87.2
14/06/2018 10:28:31 AM	3611780911	1013.00	27.88	32.09	83.3	27.61	32.09	85.4	26.96	32.09	90.8	27.42	32.09	86.9
14/06/2018 10:28:32 AM	3611780912	1013.00	27.94	32.08	82.8	27.61	32.08	85.4	26.96	32.08	90.8	27.40	32.08	87.1
14/06/2018 10:28:33 AM	3611780913	1013.00	27.94	32.08	82.8	27.58	32.08	85.7	26.94	32.08	91.0	27.40	32.08	87.1
14/06/2018 10:28:34 AM	3611780914	1013.00	27.95	32.08	82.7	27.63	32.08	85.3	26.93	32.08	91.1	27.41	32.08	87.0
14/06/2018 10:28:35 AM	3611780915	1013.00	27.92	32.09	83.0	27.62	32.09	85.3	26.94	32.09	91.0	27.36	32.09	87.4
14/06/2018 10:28:36 AM	3611780916	1013.00	27.94	32.08	82.8	27.62	32.08	85.3	26.99	32.08	90.6	27.43	32.08	86.9
14/06/2018 10:28:37 AM	3611780917	1013.00	27.97	32.09	82.6	27.61	32.09	85.4	26.88	32.09	91.5	27.40	32.09	87.1
14/06/2018 10:28:38 AM	3611780918	1013.00	27.93	32.09	82.9	27.62	32.09	85.3	26.96	32.09	90.8	27.48	32.09	86.5
14/06/2018 10:28:39 AM	3611780919	1013.00	27.92	32.09	83.0	27.67	32.09	84.9	26.95	32.09	90.9	27.46	32.09	86.6
14/06/2018 10:28:40 AM	3611780920	1013.00	27.93	32.08	82.9	27.63	32.08	85.3	26.94	32.08	91.0	27.41	32.08	87.0
14/06/2018 10:28:41 AM	3611780921	1013.00	27.95	32.09	82.7	27.62	32.09	85.3	26.94	32.09	91.0	27.37	32.09	87.4
14/06/2018 10:28:42 AM	3611780922	1013.00	27.91	32.08	83.1	27.64	32.08	85.2	26.93	32.08	91.1	27.32	32.08	87.8
14/06/2018 10:28:43 AM	3611780923	1013.00	27.94	32.08	82.8	27.60	32.08	85.5	26.97	32.08	90.7	27.43	32.08	86.9
14/06/2018 10:28:44 AM	3611780924	1013.00	27.92	32.08	83.0	27.63	32.08	85.3	26.93	32.08	91.1	27.46	32.08	86.6
14/06/2018 10:28:45 AM	3611780925	1013.00	27.96	32.08	82.7	27.63	32.08	85.3	26.97	32.08	90.7	27.43	32.08	86.9
14/06/2018 10:28:46 AM	3611780926	1013.00	27.96	32.08	82.7	27.66	32.08	85.0	26.98	32.08	90.7	27.44	32.08	86.8
14/06/2018 10:28:47 AM	3611780927	1013.00	27.97	32.08	82.6	27.64	32.08	85.2	26.95	32.08	90.9	27.42	32.08	87.0
14/06/2018 10:28:48 AM	3611780928	1013.00	27.93	32.08	82.9	27.61	32.08	85.4	27.01	32.08	90.4	27.44	32.08	86.8
14/06/2018 10:28:49 AM	3611780929	1013.00	27.96	32.08	82.7	27.64	32.08	85.2	26.96	32.08	90.8	27.42	32.08	87.0
14/06/2018 10:28:50 AM	3611780930	1013.00	27.97	32.08	82.6	27.64	32.08	85.2	26.99	32.08	90.6	27.45	32.08	86.7
14/06/2018 10:28:51 AM	3611780931	1013.00	27.93	32.08	82.9	27.63	32.08	85.3	26.95	32.08	90.9	27.43	32.08	86.9
14/06/2018 10:28:52 AM	3611780932	1013.00	27.95	32.08	82.7	27.66	32.08	85.0	26.97	32.08	90.7	27.44	32.08	86.8
14/06/2018 10:28:53 AM	3611780933	1013.00	27.98	32.08	82.5	27.66	32.08	85.0	26.95	32.08	90.9	27.47	32.08	86.5
14/06/2018 10:28:54 AM	3611780934	1013.00	27.98	32.08	82.5	27.63	32.08	85.3	26.93	32.08	91.1	27.46	32.08	86.6
14/06/2018 10:28:55 AM	3611780935	1013.00	28.00	32.08	82.4	27.65	32.08	85.1	26.96	32.08	90.8	27.50	32.08	86.3
14/06/2018 10:28:56 AM	3611780936	1013.00	27.96	32.08	82.7	27.64	32.08	85.2	26.96	32.08	90.8	27.51	32.08	86.2
14/06/2018 10:28:57 AM	3611780937	1013.00	27.99	32.09	82.4	27.67	32.09	84.9	26.96	32.09	90.8	27.48	32.09	86.5
14/06/2018 10:28:58 AM	3611780938	1013.00	27.99	32.08	82.4	27.67	32.08	84.9	26.96	32.08	90.8	27.52	32.08	86.1
14/06/2018 10:28:59 AM	3611780939	1013.00	27.98	32.08	82.5	27.65	32.08	85.1	26.97	32.08	90.7	27.49	32.08	86.4
14/06/2018 10:29:00 AM	3611780940	1013.00	27.99	32.08	82.4	27.65	32.08	85.1	26.95	32.08	90.9	27.50	32.08	86.3
14/06/2018 10:29:01 AM	3611780941	1013.00	28.01	32.08	82.3	27.66	32.08	85.0	26.97	32.08	90.7	27.50	32.08	86.3
14/06/2018 10:29:02 AM	3611780942	1013.00	27.98	32.09	82.5	27.69	32.09	84.8	26.98	32.09	90.6	27.47	32.09	86.5
14/06/2018 10:29:03 AM	3611780943	1013.00	27.98	32.09	82.5	27.67	32.09	84.9	26.97	32.09	90.7	27.44	32.09	86.8
14/06/2018 10:29:04 AM	3611780944	1013.00	27.98	32.09	82.5	27.65	32.09	85.1	27.00	32.09	90.5	27.46	32.09	86.6
14/06/2018 10:29:05 AM	3611780945	1013.00	28.02	32.10	82.2	27.68	32.10	84.8	26.99	32.10	90.5	27.50	32.10	86.3
14/06/2018 10:29:06 AM	3611780946	1013.00	28.04	32.10	82.0	27.69	32.10	84.8	27.00	32.10	90.5	27.48	32.10	86.4
14/06/2018 10:29:07 AM	3611780947	1013.00	28.00	32.09	82.3	27.70	32.09	84.7	26.97	32.09	90.7	27.44	32.09	86.8
14/06/2018 10:29:08 AM	3611780948	1013.00	27.99	32.09	82.4	27.71	32.09	84.6	26.97	32.09	90.7	27.51	32.09	86.2
14/06/2018 10:29:09 AM	3611780949	1013.00	27.98	32.09	82.5	27.67	32.09	84.9	26.97	32.09	90.7	27.54	32.09	86.0
14/06/2018 10:29:10 AM	3611780950	1013.00	28.02	32.08	82.2	27.70	32.08	84.7	27.02	32.08	90.3	27.46	32.08	86.6
14/06/2018 10:29:11 AM	3611780951	1013.00	28.03	32.08	82.1	27.71	32.08	84.6	26.97	32.08	90.7	27.47	32.08	86.5
14/06/2018 10:29:12 AM	3611780952	1013.00	27.99	32.08	82.4	27.74	32.08	84.4	27.01	32.08	90.4	27.52	32.08	86.1
14/06/2018 10:29:13 AM	3611780953	1013.00	28.02	32.08	82.2	27.69	32.08	84.8	27.02	32.08	90.3	27.47	32.08	86.5
14/06/2018 10:29:14 AM	3611780954	1013.00	28.01	32.08	82.3	27.70	32.08	84.7	27.02	32.08	90.3	27.50	32.08	86.3
14/06/2018 10:29:15 AM	3611780955	1013.00	28.02	32.08	82.2	27.71	32.08	84.6	27.02	32.08	90.3	27.52	32.08	86.1
14/06/2018 10:29:16 AM	3611780956	1013.00	28.05	32.08	82.0	27.69	32.08	84.8	26.98	32.08	90.7	27.57	32.08	85.7
14/06/2018 10:29:17 AM	3611780957	1013.00	28.04	32.08	82.1	27.68	32.08	84.9	27.03	32.08	90.2	27.54	32.08	86.0
14/06/2018 10:29:18 AM	3611780958	1013.00	28.02	32.08	82.2	27.65	32.08	85.1	27.02	32.08	90.3	27.53	32.08	86.1
14/06/2018 10:29:19 AM	3611780959	1013.00	28.04	32.08	82.1	27.67	32.08	84.9	26.99	32.08	90.6	27.49	32.08	86.4
14/06/2018 10:29:20 AM	3611780960	1013.00	28.04	32.08	82.1	27.72	32.08	84.5	27.00	32.08	90.5	27.53	32.08	86.1
14/06/2018 10:29:21 AM	3611780961	1013.00	28.04	32.08	82.1	27.67	32.08	84.9	27.01	32.08	90.4	27.55	32.08	85.9
14/06/2018 10:29:22 AM	3611780962	1013.00	28.06	32.09	81.9	27.70	32.09	84.7	26.99	32.09	90.6	27.50	32.09	86.3
14/06/2018 10:29:23 AM	3611780963	1013.00	28.06	32.09	81.9	27.68	32.09	84.8	27.00	32.09	90.5	27.55	32.09	85.9
14/06/2018 10:29:24 AM	3611780964	1013.00	28.03	32.09	82.1	27.70	32.09	84.7	27.03	32.09	90.2	27.51	32.09	86.2
14/06/2018 10:29:25 AM	3611780965	1013.00	28.07	32.09	81.8	27.69	32.09	84.8	27.02	32.09	90.3	27.49	32.09	86.4
14/06/2018 10:29:26 AM	3611780966	1013.00	28.06	32.08	81.9	27.70	32.08	84.7	27.02	32.08	90.3	27.51	32.08	86.2
14/06/2018 10:29:27 AM	3611780967	1013.00	28.10	32.08	81.6	27.71	32.08	84.6	27.01	32.08	90.4	27.52	32.08	86.1
14/06/2018 10:29:28 AM	3611780968	1013.00	28.06	32.08	81.9	27.75	32.08	84.3	27.02	32.08	90.3	27.53	32.08	86.1
14/06/2018 10:29:29 AM	3611780969	1013.00	28.10	32.08	81.6	27.73	32.08	84.5	27.07	32.08	89.9	27.52	32.08	86.1
14/06/2018 10:29:30 AM	3611780970	1013.00	28.06	32.08	81.9	27.74	32.08	84.4	27.02	32.08	90.3	27.52	32.08	86.1
14/06/2018 10:29:31 AM	3611780971	1013.00	28.08	32.08	81.7	27.73	32.08	84.5	27.02	32.08	90.3	27.58	32.08	85.7
14/06/2018 10:29:32 AM	3611780972	1013.00	28.10	32.08	81.6	27.75	32.08	84.3	27.05	32.08	90.1	27.54	32.08	86.0
14/06/2018 10:29:33 AM	3611780973	1013.00	28.07	32.08	81.8	27.73	32.08	84.5	27.00	32.08	90.5	27.59	32.08	85.6
14/06/2018 10:29:34 AM	3611780974	1013.00	28.06	32.08	81.9	27.77	32.08	84.1	27.08	32.08	89.8	27.55	32.08	85.9
14/06/2018 10:29:35 AM	3611780975	1013.00	28.11	32.08	81.5	27.74	32.08	84.4	27.02	32.08	90.3	27.53	32.08	86.1
14/06/2018 10:29:36 AM	3611780976	1013.00	28.04	32.08	82.1	27.72	32.08	84.5	27.04	32.08	90.1	27.57	32.08	85.7
14/06/2018 10:29:37 AM	3611780977	1013.00	28.10	32.08	81.6	27.74	32.08	84.4	27.02	32.08	90.3	27.56	32.08	85.8
14/06/2018 10:29:38 AM	3611780978	1013.00	28.10	32.09	81.6	27.74	32.09	84.4	27.04	32.09	90.1	27.53	32.09	86.0
14/06/2018 10:29:39 AM	3611780979	1013.00	28.14	32.09	81.3	27.75	32.09	84.3	27.05	32.09	90.0	27.60	32.09	85.5
14/06/2018 10:29:40 AM	3611780980	1013.00	28.11	32.09	81.5	27.74	32.09	84.4	27.06	32.09	90.0	27.55	32.09	85.9
14/06/2018 10:29:41 AM	3611780981	1013.00	28.10	32.08	81.6	27.77	32.08	84.1	27.05	32.08	90.1	27.58	32.08	85.7
14/06/2018 10:29:42 AM	3611780982	1013.00	28.11	32.08	81.5	27.76	32.08	84.2	27.06	32.08	90.0	27.64	32.08	85.2
14/06/2018 10:29:43 AM	3611780983	1013.00	28.09	32.08	81.7	27.75	32.08	84.3	27.02	32.08	90.3	27.61	32.08	85.4
14/06/2018 10:29:44 AM	3611780984	1013.00	28.10	32.08	81.6	27.78	32.08	84.1	27.04	32.08	90.1	27.59	32.08	85.6
14/06/2018 10:29:45 AM	3611780985	1013.00	28.12	32.07	81.5	27.80	32.07	83.9	27.07	32.07	89.9	27.62	32.07	85.4
14/06/2018 10:29:46 AM	3611780986	1013.00	28.11	32.08	81.5	27.76	32.08	84.2	27.06	32.08	90.0	27.59	32.08	85.6
14/06/2018 10:29:47 AM	3611780987	1013.00	28.17	32.08	81.1	27.82	32.08	83.8	27.04	32.08	90.1	27.60	32.08	85.5
14/06/2018 10:29:48 AM	3611780988	1013.00	28.11	32.09	81.5	27.80	32.09	83.9	27.07	32.09	89.9	27.64	32.09	85.2
14/06/2018 10:29:49 AM	3611780989	1013.00	28.14	32.09	81.3	27.81	32.09	83.8	27.02	32.09	90.3	27.60	32.09	85.5
14/06/2018 10:29:50 AM	3611780990	1013.00	28.14	32.09	81.3	27.80	32.09	83.9	27.08	32.09	89.8	27.61	32.09	85.4
14/06/2018 10:29:51 AM	3611780991	1013.00	28.13	32.08	81.4	27.79	32.08	84.0	27.05	32.08	90.1	27.58	32.08	85.7
14/06/2018 10:29:52 AM	3611780992	1013.00	28.15	32.08	81.2	27.81	32.08	83.8	27.01	32.08	90.4	27.61	32.08	85.4
14/06/2018 10:29:53 AM	3611780993	1013.00	28.15	32.08	81.2	27.76	32.08	84.2	27.07	32.08	89.9	27.62	32.08	85.3
14/06/2018 10:29:54 AM	3611780994	1013.00	28.15	32.08	81.2	27.76	32.08	84.2	27.06	32.08	90.0	27.60	32.08	85.5
14/06/2018 10:29:55 AM	3611780995	1013.00	28.17	32.08	81.1	27.84	32.08	83.6	27.06	32.08	90.0	27.64	32.08	85.2
14/06/2018 10:29:56 AM	3611780996	1013.00	28.16	32.08	81.1	27.80	32.08	83.9	27.04	32.08	90.1	27.62	32.08	85.3
14/06/2018 10:29:57 AM	3611780997	1013.00	28.19	32.08	80.9	27.80	32.08	83.9	27.06	32.08	90.0	27.63	32.08	85.3
14/06/2018 10:29:58 AM	3611780998	1013.00	28.17	32.08	81.1	27.83	32.08	83.7	27.05	32.08	90.1	27.65	32.08	85.1
14/06/2018 10:29:59 AM	3611780999	1013.00	28.14	32.08	81.3	27.79	32.08	84.0	27.05	32.08	90.1	27.65	32.08	85.1
14/06/2018 10:30:00 AM	3611781000	1013.00	28.12	32.08	81.4	27.81	32.08	83.8	27.07	32.08	89.9	27.67	32.08	84.9
14/06/2018 10:30:01 AM	3611781001	1013.00	28.20	32.09	80.8	27.76	32.09	84.2	27.09	32.09	89.7	27.65	32.09	85.1
14/06/2018 10:30:02 AM	3611781002	1013.00	28.19	32.09	80.9	27.80	32.09	83.9	27.06	32.09	90.0	27.67	32.09	84.9
14/06/2018 10:30:03 AM	3611781003	1013.00	28.19	32.08	80.9	27.82	32.08	83.8	27.05	32.08	90.1	27.70	32.08	84.7
14/06/2018 10:30:04 AM	3611781004	1013.00	28.18	32.08	81.0	27.86	32.08	83.4	27.11	32.08	89.5	27.63	32.08	85.3
14/06/2018 10:30:05 AM	3611781005	1013.00	28.19	32.08	80.9	27.82	32.08	83.8	27.07	32.08	89.9	27.64	32.08	85.2
14/06/2018 10:30:06 AM	3611781006	1013.00	28.16	32.08	81.1	27.82	32.08	83.8	27.12	32.08	89.5	27.67	32.08	84.9
14/06/2018 10:30:07 AM	3611781007	1013.00	28.18	32.09	81.0	27.82	32.09	83.7	27.08	32.09	89.8	27.66	32.09	85.0
14/06/2018 10:30:08 AM	3611781008	1013.00	28.18	32.09	81.0	27.82	32.09	83.7	27.10	32.09	89.6	27.67	32.09	84.9
14/06/2018 10:30:09 AM	3611781009	1013.00	28.21	32.09	80.8	27.78	32.09	84.1	27.10	32.09	89.6	27.70	32.09	84.7
14/06/2018 10:30:10 AM	3611781010	1013.00	28.20	32.09	80.8	27.86	32.09	83.4	27.07	32.09	89.9	27.68	32.09	84.8
14/06/2018 10:30:11 AM	3611781011	1013.00	28.19	32.08	80.9	27.85	32.08	83.5	27.10	32.08	89.6	27.66	32.08	85.0
14/06/2018 10:30:12 AM	3611781012	1013.00	28.17	32.08	81.1	27.80	32.08	83.9	27.10	32.08	89.6	27.70	32.08	84.7
14/06/2018 10:30:13 AM	3611781013	1013.00	28.21	32.08	80.8	27.86	32.08	83.4	27.08	32.08	89.8	27.66	32.08	85.0
14/06/2018 10:30:14 AM	3611781014	1013.00	28.21	32.08	80.8	27.82	32.08	83.8	27.11	32.08	89.5	27.66	32.08	85.0
14/06/2018 10:30:15 AM	3611781015	1013.00	28.22	32.08	80.7	27.80	32.08	83.9	27.11	32.08	89.5	27.62	32.08	85.3
14/06/2018 10:30:16 AM	3611781016	1013.00	28.22	32.09	80.7	27.79	32.09	84.0	27.10	32.09	89.6	27.74	32.09	84.4
14/06/2018 10:30:17 AM	3611781017	1013.00	28.22	32.08	80.7	27.85	32.08	83.5	27.12	32.08	89.5	27.67	32.08	84.9
14/06/2018 10:30:18 AM	3611781018	1013.00	28.20	32.08	80.8	27.83	32.08	83.7	27.11	32.08	89.5	27.65	32.08	85.1
14/06/2018 10:30:19 AM	3611781019	1013.00	28.23	32.08	80.6	27.84	32.08	83.6	27.14	32.08	89.3	27.68	32.08	84.9
14/06/2018 10:30:20 AM	3611781020	1013.00	28.23	32.08	80.6	27.83	32.08	83.7	27.08	32.08	89.8	27.70	32.08	84.7
14/06/2018 10:30:21 AM	3611781021	1013.00	28.23	32.08	80.6	27.85	32.08	83.5	27.12	32.08	89.5	27.68	32.08	84.9
14/06/2018 10:30:22 AM	3611781022	1013.00	28.21	32.08	80.8	27.84	32.08	83.6	27.11	32.08	89.5	27.67	32.08	84.9
14/06/2018 10:30:23 AM	3611781023	1013.00	28.23	32.08	80.6	27.80	32.08	83.9	27.12	32.08	89.5	27.70	32.08	84.7
14/06/2018 10:30:24 AM	3611781024	1013.00	28.23	32.08	80.6	27.84	32.08	83.6	27.13	32.08	89.4	27.75	32.08	84.3
14/06/2018 10:30:25 AM	3611781025	1013.00	28.22	32.08	80.7	27.87	32.08	83.4	27.12	32.08	89.5	27.71	32.08	84.6
14/06/2018 10:30:26 AM	3611781026	1013.00	28.24	32.08	80.5	27.85	32.08	83.5	27.13	32.08	89.4	27.67	32.08	84.9
14/06/2018 10:30:27 AM	3611781027	1013.00	28.24	32.08	80.5	27.86	32.08	83.4	27.13	32.08	89.4	27.71	32.08	84.6
14/06/2018 10:30:28 AM	3611781028	1013.00	28.23	32.08	80.6	27.85	32.08	83.5	27.11	32.08	89.5	27.73	32.08	84.5
14/06/2018 10:30:29 AM	3611781029	1013.00	28.24	32.08	80.5	27.79	32.08	84.0	27.12	32.08	89.5	27.70	32.08	84.7
14/06/2018 10:30:30 AM	3611781030	1013.00	28.26	32.08	80.4	27.84	32.08	83.6	27.13	32.08	89.4	27.70	32.08	84.7
14/06/2018 10:30:31 AM	3611781031	1013.00	28.28	32.08	80.2	27.83	32.08	83.7	27.14	32.08	89.3	27.72	32.08	84.5
14/06/2018 10:30:32 AM	3611781032	1013.00	28.29	32.08	80.2	27.86	32.08	83.4	27.17	32.08	89.0	27.72	32.08	84.5
14/06/2018 10:30:33 AM	3611781033	1013.00	28.23	32.07	80.6	27.88	32.07	83.3	27.11	32.07	89.6	27.72	32.07	84.6
14/06/2018 10:30:34 AM	3611781034	1013.00	28.26	32.07	80.4	27.82	32.07	83.8	27.14	32.07	89.3	27.72	32.07	84.6
14/06/2018 10:30:35 AM	3611781035	1013.00	28.27	32.07	80.3	27.86	32.07	83.5	27.16	32.07	89.1	27.72	32.07	84.6
14/06/2018 10:30:36 AM	3611781036	1013.00	28.28	32.07	80.3	27.86	32.07	83.5	27.15	32.07	89.2	27.70	32.07	84.7
14/06/2018 10:30:37 AM	3611781037	1013.00	28.26	32.08	80.4	27.88	32.08	83.3	27.14	32.08	89.3	27.78	32.08	84.1
14/06/2018 10:30:38 AM	3611781038	1013.00	28.28	32.08	80.2	27.86	32.08	83.4	27.16	32.08	89.1	27.75	32.08	84.3
14/06/2018 10:30:39 AM	3611781039	1013.00	28.28	32.08	80.2	27.87	32.08	83.4	27.14	32.08	89.3	27.73	32.08	84.5
14/06/2018 10:30:40 AM	3611781040	1013.00	28.27	32.08	80.3	27.88	32.08	83.3	27.15	32.08	89.2	27.74	32.08	84.4
14/06/2018 10:30:41 AM	3611781041	1013.00	28.27	32.08	80.3	27.83	32.08	83.7	27.15	32.08	89.2	27.75	32.08	84.3
14/06/2018 10:30:42 AM	3611781042	1013.00	28.27	32.07	80.3	27.87	32.07	83.4	27.14	32.07	89.3	27.72	32.07	84.6
14/06/2018 10:30:43 AM	3611781043	1013.00	28.24	32.07	80.6	27.86	32.07	83.5	27.17	32.07	89.1	27.74	32.07	84.4
14/06/2018 10:30:44 AM	3611781044	1013.00	28.29	32.08	80.2	27.91	32.08	83.1	27.12	32.08	89.5	27.76	32.08	84.2
14/06/2018 10:30:45 AM	3611781045	1013.00	28.29	32.08	80.2	27.89	32.08	83.2	27.12	32.08	89.5	27.80	32.08	83.9
14/06/2018 10:30:46 AM	3611781046	1013.00	28.27	32.08	80.3	27.89	32.08	83.2	27.16	32.08	89.1	27.71	32.08	84.6
14/06/2018 10:30:47 AM	3611781047	1013.00	28.28	32.08	80.2	27.88	32.08	83.3	27.13	32.08	89.4	27.76	32.08	84.2
14/06/2018 10:30:48 AM	3611781048	1013.00	28.29	32.08	80.2	27.87	32.08	83.4	27.19	32.08	88.9	27.77	32.08	84.1
14/06/2018 10:30:49 AM	3611781049	1013.00	28.33	32.08	79.9	27.86	32.08	83.4	27.18	32.08	89.0	27.74	32.08	84.4
14/06/2018 10:30:50 AM	3611781050	1013.00	28.30	32.08	80.1	27.90	32.08	83.1	27.13	32.08	89.4	27.79	32.08	84.0
14/06/2018 10:30:51 AM	3611781051	1013.00	28.33	32.08	79.9	27.88	32.08	83.3	27.14	32.08	89.3	27.81	32.08	83.8
14/06/2018 10:30:52 AM	3611781052	1013.00	28.32	32.08	80.0	27.85	32.08	83.5	27.15	32.08	89.2	27.74	32.08	84.4
14/06/2018 10:30:53 AM	3611781053	1013.00	28.28	32.08	80.2	27.94	32.08	82.8	27.20	32.08	88.8	27.81	32.08	83.8
14/06/2018 10:30:54 AM	3611781054	1013.00	28.32	32.07	80.0	27.93	32.07	82.9	27.11	32.07	89.6	27.80	32.07	83.9
14/06/2018 10:30:55 AM	3611781055	1013.00	28.33	32.08	79.9	27.85	32.08	83.5	27.17	32.08	89.0	27.81	32.08	83.8
14/06/2018 10:30:56 AM	3611781056	1013.00	28.32	32.08	80.0	27.94	32.08	82.8	27.19	32.08	88.9	27.77	32.08	84.1
14/06/2018 10:30:57 AM	3611781057	1013.00	28.36	32.08	79.7	27.90	32.08	83.1	27.16	32.08	89.1	27.79	32.08	84.0
14/06/2018 10:30:58 AM	3611781058	1013.00	28.31	32.09	80.0	27.90	32.09	83.1	27.19	32.09	88.9	27.81	32.09	83.8
14/06/2018 10:30:59 AM	3611781059	1013.00	28.32	32.09	79.9	27.92	32.09	83.0	27.18	32.09	88.9	27.79	32.09	84.0
14/06/2018 10:31:00 AM	3611781060	1013.00	28.32	32.08	80.0	27.91	32.08	83.1	27.19	32.08	88.9	27.79	32.08	84.0
14/06/2018 10:31:01 AM	3611781061	1013.00	28.32	32.09	79.9	27.93	32.09	82.9	27.17	32.09	89.0	27.83	32.09	83.7
14/06/2018 10:31:02 AM	3611781062	1013.00	28.33	32.08	79.9	27.97	32.08	82.6	27.17	32.08	89.0	27.84	32.08	83.6
14/06/2018 10:31:03 AM	3611781063	1013.00	28.36	32.07	79.7	27.93	32.07	82.9	27.17	32.07	89.1	27.75	32.07	84.3
14/06/2018 10:31:04 AM	3611781064	1013.00	28.36	32.07	79.7	27.96	32.07	82.7	27.16	32.07	89.1	27.82	32.07	83.8
14/06/2018 10:31:05 AM	3611781065	1013.00	28.35	32.07	79.7	27.99	32.07	82.4	27.19	32.07	88.9	27.82	32.07	83.8
14/06/2018 10:31:06 AM	3611781066	1013.00	28.34	32.07	79.8	27.96	32.07	82.7	27.16	32.07	89.1	27.79	32.07	84.0
14/06/2018 10:31:07 AM	3611781067	1013.00	28.34	32.08	79.8	27.95	32.08	82.7	27.18	32.08	89.0	27.76	32.08	84.2
14/06/2018 10:31:08 AM	3611781068	1013.00	28.36	32.08	79.7	27.95	32.08	82.7	27.16	32.08	89.1	27.83	32.08	83.7
14/06/2018 10:31:09 AM	3611781069	1013.00	28.31	32.08	80.0	27.98	32.08	82.5	27.17	32.08	89.0	27.81	32.08	83.8
14/06/2018 10:31:10 AM	3611781070	1013.00	28.35	32.08	79.7	27.97	32.08	82.6	27.17	32.08	89.0	27.82	32.08	83.8
14/06/2018 10:31:11 AM	3611781071	1013.00	28.36	32.08	79.7	27.94	32.08	82.8	27.15	32.08	89.2	27.82	32.08	83.8
14/06/2018 10:31:12 AM	3611781072	1013.00	28.36	32.08	79.7	27.96	32.08	82.7	27.23	32.08	88.5	27.85	32.08	83.5
14/06/2018 10:31:13 AM	3611781073	1013.00	28.38	32.08	79.5	27.98	32.08	82.5	27.21	32.08	88.7	27.83	32.08	83.7
14/06/2018 10:31:14 AM	3611781074	1013.00	28.38	32.08	79.5	28.01	32.08	82.3	27.21	32.08	88.7	27.83	32.08	83.7
14/06/2018 10:31:15 AM	3611781075	1013.00	28.35	32.08	79.7	27.98	32.08	82.5	27.16	32.08	89.1	27.79	32.08	84.0
14/06/2018 10:31:16 AM	3611781076	1013.00	28.37	32.08	79.6	27.95	32.08	82.7	27.24	32.08	88.4	27.83	32.08	83.7
14/06/2018 10:31:17 AM	3611781077	1013.00	28.38	32.08	79.5	27.97	32.08	82.6	27.22	32.08	88.6	27.85	32.08	83.5
14/06/2018 10:31:18 AM	3611781078	1013.00	28.37	32.08	79.6	27.97	32.08	82.6	27.17	32.08	89.0	27.87	32.08	83.4
14/06/2018 10:31:19 AM	3611781079	1013.00	28.39	32.08	79.4	27.97	32.08	82.6	27.18	32.08	89.0	27.86	32.08	83.4
14/06/2018 10:31:20 AM	3611781080	1013.00	28.41	32.09	79.3	27.97	32.09	82.6	27.21	32.09	88.7	27.88	32.09	83.3
14/06/2018 10:31:21 AM	3611781081	1013.00	28.40	32.09	79.3	28.00	32.09	82.3	27.18	32.09	88.9	27.84	32.09	83.6
14/06/2018 10:31:22 AM	3611781082	1013.00	28.40	32.09	79.3	27.97	32.09	82.6	27.21	32.09	88.7	27.84	32.09	83.6
14/06/2018 10:31:23 AM	3611781083	1013.00	28.38	32.09	79.5	28.00	32.09	82.3	27.25	32.09	88.4	27.83	32.09	83.7
14/06/2018 10:31:24 AM	3611781084	1013.00	28.43	32.09	79.1	28.00	32.09	82.3	27.23	32.09	88.5	27.86	32.09	83.4
14/06/2018 10:31:25 AM	3611781085	1013.00	28.39	32.09	79.4	27.97	32.09	82.6	27.24	32.09	88.4	27.84	32.09	83.6
14/06/2018 10:31:26 AM	3611781086	1013.00	28.42	32.09	79.2	27.99	32.09	82.4	27.22	32.09	88.6	27.85	32.09	83.5
14/06/2018 10:31:27 AM	3611781087	1013.00	28.40	32.09	79.3	28.02	32.09	82.2	27.20	32.09	88.8	27.89	32.09	83.2
14/06/2018 10:31:28 AM	3611781088	1013.00	28.41	32.09	79.3	28.00	32.09	82.3	27.19	32.09	88.9	27.87	32.09	83.3
14/06/2018 10:31:29 AM	3611781089	1013.00	28.40	32.09	79.3	28.04	32.09	82.0	27.24	32.09	88.4	27.88	32.09	83.3
14/06/2018 10:31:30 AM	3611781090	1013.00	28.40	32.09	79.3	27.97	32.09	82.6	27.22	32.09	88.6	27.87	32.09	83.3
14/06/2018 10:31:31 AM	3611781091	1013.00	28.41	32.09	79.3	28.02	32.09	82.2	27.24	32.09	88.4	27.91	32.09	83.0
14/06/2018 10:31:32 AM	3611781092	1013.00	28.45	32.10	79.0	28.03	32.10	82.1	27.25	32.10	88.3	27.84	32.10	83.6
14/06/2018 10:31:33 AM	3611781093	1013.00	28.41	32.09	79.3	27.99	32.09	82.4	27.28	32.09	88.1	27.91	32.09	83.0
14/06/2018 10:31:34 AM	3611781094	1013.00	28.39	32.09	79.4	27.99	32.09	82.4	27.28	32.09	88.1	27.94	32.09	82.8
14/06/2018 10:31:35 AM	3611781095	1013.00	28.40	32.09	79.3	28.03	32.09	82.1	27.18	32.09	88.9	27.91	32.09	83.0
14/06/2018 10:31:36 AM	3611781096	1013.00	28.40	32.09	79.3	27.97	32.09	82.6	27.24	32.09	88.4	27.88	32.09	83.3
14/06/2018 10:31:37 AM	3611781097	1013.00	28.43	32.09	79.1	27.99	32.09	82.4	27.24	32.09	88.4	27.92	32.09	83.0
14/06/2018 10:31:38 AM	3611781098	1013.00	28.44	32.09	79.1	28.01	32.09	82.3	27.22	32.09	88.6	27.88	32.09	83.3
14/06/2018 10:31:39 AM	3611781099	1013.00	28.42	32.09	79.2	28.02	32.09	82.2	27.24	32.09	88.4	27.89	32.09	83.2
14/06/2018 10:31:40 AM	3611781100	1013.00	28.40	32.10	79.3	28.03	32.10	82.1	27.22	32.10	88.6	27.86	32.10	83.4
14/06/2018 10:31:41 AM	3611781101	1013.00	28.47	32.10	78.8	27.97	32.10	82.6	27.26	32.10	88.3	27.94	32.10	82.8
14/06/2018 10:31:42 AM	3611781102	1013.00	28.43	32.10	79.1	28.01	32.10	82.3	27.26	32.10	88.3	27.90	32.10	83.1
14/06/2018 10:31:43 AM	3611781103	1013.00	28.46	32.10	78.9	27.99	32.10	82.4	27.24	32.10	88.4	27.89	32.10	83.2
14/06/2018 10:31:44 AM	3611781104	1013.00	28.44	32.10	79.0	28.04	32.10	82.0	27.23	32.10	88.5	27.89	32.10	83.2
14/06/2018 10:31:45 AM	3611781105	1013.00	28.45	32.10	79.0	28.00	32.10	82.3	27.30	32.10	87.9	27.97	32.10	82.6
14/06/2018 10:31:46 AM	3611781106	1013.00	28.46	32.10	78.9	28.01	32.10	82.3	27.29	32.10	88.0	27.97	32.10	82.6
14/06/2018 10:31:47 AM	3611781107	1013.00	28.45	32.09	79.0	28.05	32.09	82.0	27.25	32.09	88.4	27.91	32.09	83.0
14/06/2018 10:31:48 AM	3611781108	1013.00	28.48	32.09	78.8	28.05	32.09	82.0	27.30	32.09	87.9	27.89	32.09	83.2
14/06/2018 10:31:49 AM	3611781109	1013.00	28.46	32.09	78.9	28.01	32.09	82.3	27.27	32.09	88.2	27.90	32.09	83.1
14/06/2018 10:31:50 AM	3611781110	1013.00	28.46	32.09	78.9	28.03	32.09	82.1	27.26	32.09	88.3	27.92	32.09	83.0
14/06/2018 10:31:51 AM	3611781111	1013.00	28.45	32.09	79.0	28.09	32.09	81.7	27.26	32.09	88.3	27.94	32.09	82.8
14/06/2018 10:31:52 AM	3611781112	1013.00	28.49	32.09	78.7	28.02	32.09	82.2	27.26	32.09	88.3	27.94	32.09	82.8
14/06/2018 10:31:53 AM	3611781113	1013.00	28.45	32.10	79.0	28.02	32.10	82.2	27.29	32.10	88.0	27.94	32.10	82.8
14/06/2018 10:31:54 AM	3611781114	1013.00	28.47	32.10	78.8	28.04	32.10	82.0	27.30	32.10	87.9	27.94	32.10	82.8
14/06/2018 10:31:55 AM	3611781115	1013.00	28.48	32.10	78.8	28.02	32.10	82.2	27.31	32.10	87.8	27.94	32.10	82.8
14/06/2018 10:31:56 AM	3611781116	1013.00	28.45	32.09	79.0	28.04	32.09	82.0	27.26	32.09	88.3	27.89	32.09	83.2
14/06/2018 10:31:57 AM	3611781117	1013.00	28.47	32.09	78.8	28.07	32.09	81.8	27.28	32.09	88.1	27.96	32.09	82.7
14/06/2018 10:31:58 AM	3611781118	1013.00	28.48	32.09	78.8	28.10	32.09	81.6	27.30	32.09	87.9	28.00	32.09	82.3
14/06/2018 10:31:59 AM	3611781119	1013.00	28.48	32.09	78.8	28.03	32.09	82.1	27.33	32.09	87.7	27.92	32.09	83.0
14/06/2018 10:32:00 AM	3611781120	1013.00	28.46	32.09	78.9	28.06	32.09	81.9	27.30	32.09	87.9	27.92	32.09	83.0
14/06/2018 10:32:01 AM	3611781121	1013.00	28.48	32.09	78.8	28.07	32.09	81.8	27.27	32.09	88.2	27.94	32.09	82.8
14/06/2018 10:32:02 AM	3611781122	1013.00	28.50	32.09	78.6	28.08	32.09	81.7	27.32	32.09	87.8	27.95	32.09	82.7
14/06/2018 10:32:03 AM	3611781123	1013.00	28.52	32.09	78.5	28.09	32.09	81.7	27.30	32.09	87.9	27.95	32.09	82.7
14/06/2018 10:32:04 AM	3611781124	1013.00	28.52	32.09	78.5	28.07	32.09	81.8	27.31	32.09	87.9	27.99	32.09	82.4
14/06/2018 10:32:05 AM	3611781125	1013.00	28.49	32.08	78.7	28.03	32.08	82.1	27.30	32.08	87.9	27.95	32.08	82.7
14/06/2018 10:32:06 AM	3611781126	1013.00	28.52	32.09	78.5	28.08	32.09	81.7	27.30	32.09	87.9	27.96	32.09	82.7
14/06/2018 10:32:07 AM	3611781127	1013.00	28.49	32.09	78.7	28.10	32.09	81.6	27.30	32.09	87.9	27.97	32.09	82.6
14/06/2018 10:32:08 AM	3611781128	1013.00	28.51	32.09	78.5	28.07	32.09	81.8	27.31	32.09	87.9	27.93	32.09	82.9
14/06/2018 10:32:09 AM	3611781129	1013.00	28.53	32.08	78.4	28.05	32.08	82.0	27.33	32.08	87.7	28.02	32.08	82.2
14/06/2018 10:32:10 AM	3611781130	1013.00	28.53	32.09	78.4	28.11	32.09	81.5	27.29	32.09	88.0	27.97	32.09	82.6
14/06/2018 10:32:11 AM	3611781131	1013.00	28.54	32.09	78.3	28.08	32.09	81.7	27.31	32.09	87.9	28.00	32.09	82.3
14/06/2018 10:32:12 AM	3611781132	1013.00	28.52	32.09	78.5	28.09	32.09	81.7	27.32	32.09	87.8	27.99	32.09	82.4
14/06/2018 10:32:13 AM	3611781133	1013.00	28.53	32.09	78.4	28.08	32.09	81.7	27.28	32.09	88.1	27.98	32.09	82.5
14/06/2018 10:32:14 AM	3611781134	1013.00	28.53	32.09	78.4	28.09	32.09	81.7	27.30	32.09	87.9	27.98	32.09	82.5
14/06/2018 10:32:15 AM	3611781135	1013.00	28.56	32.09	78.2	28.10	32.09	81.6	27.32	32.09	87.8	27.99	32.09	82.4
14/06/2018 10:32:16 AM	3611781136	1013.00	28.52	32.09	78.5	28.09	32.09	81.7	27.32	32.09	87.8	27.94	32.09	82.8
14/06/2018 10:32:17 AM	3611781137	1013.00	28.56	32.08	78.2	28.10	32.08	81.6	27.34	32.08	87.6	27.96	32.08	82.7
14/06/2018 10:32:18 AM	3611781138	1013.00	28.55	32.08	78.3	28.13	32.08	81.4	27.31	32.08	87.9	27.99	32.08	82.4
14/06/2018 10:32:19 AM	3611781139	1013.00	28.57	32.09	78.1	28.12	32.09	81.4	27.35	32.09	87.5	27.98	32.09	82.5
14/06/2018 10:32:20 AM	3611781140	1013.00	28.57	32.08	78.1	28.15	32.08	81.2	27.34	32.08	87.6	27.99	32.08	82.4
14/06/2018 10:32:21 AM	3611781141	1013.00	28.62	32.08	77.8	28.16	32.08	81.1	27.34	32.08	87.6	28.01	32.08	82.3
14/06/2018 10:32:22 AM	3611781142	1013.00	28.63	32.09	77.7	28.14	32.09	81.3	27.33	32.09	87.7	28.01	32.09	82.3
14/06/2018 10:32:23 AM	3611781143	1013.00	28.59	32.09	78.0	28.13	32.09	81.4	27.35	32.09	87.5	27.99	32.09	82.4
14/06/2018 10:32:24 AM	3611781144	1013.00	28.62	32.09	77.8	28.13	32.09	81.4	27.34	32.09	87.6	28.02	32.09	82.2
14/06/2018 10:32:25 AM	3611781145	1013.00	28.63	32.09	77.7	28.17	32.09	81.1	27.34	32.09	87.6	28.00	32.09	82.3
14/06/2018 10:32:26 AM	3611781146	1013.00	28.61	32.09	77.8	28.11	32.09	81.5	27.35	32.09	87.5	28.05	32.09	82.0
14/06/2018 10:32:27 AM	3611781147	1013.00	28.61	32.09	77.8	28.18	32.09	81.0	27.32	32.09	87.8	28.05	32.09	82.0
14/06/2018 10:32:28 AM	3611781148	1013.00	28.63	32.09	77.7	28.17	32.09	81.1	27.35	32.09	87.5	28.01	32.09	82.3
14/06/2018 10:32:29 AM	3611781149	1013.00	28.64	32.08	77.6	28.13	32.08	81.4	27.32	32.08	87.8	28.03	32.08	82.1
14/06/2018 10:32:30 AM	3611781150	1013.00	28.61	32.08	77.8	28.17	32.08	81.1	27.37	32.08	87.4	28.01	32.08	82.3
14/06/2018 10:32:31 AM	3611781151	1013.00	28.63	32.08	77.7	28.16	32.08	81.1	27.35	32.08	87.5	28.04	32.08	82.1
14/06/2018 10:32:32 AM	3611781152	1013.00	28.63	32.08	77.7	28.18	32.08	81.0	27.34	32.08	87.6	28.07	32.08	81.8
14/06/2018 10:32:33 AM	3611781153	1013.00	28.62	32.08	77.8	28.21	32.08	80.8	27.38	32.08	87.3	28.06	32.08	81.9
14/06/2018 10:32:34 AM	3611781154	1013.00	28.65	32.08	77.6	28.19	32.08	80.9	27.37	32.08	87.4	28.07	32.08	81.8
14/06/2018 10:32:35 AM	3611781155	1013.00	28.63	32.08	77.7	28.18	32.08	81.0	27.33	32.08	87.7	28.05	32.08	82.0
14/06/2018 10:32:36 AM	3611781156	1013.00	28.64	32.08	77.6	28.15	32.08	81.2	27.38	32.08	87.3	28.07	32.08	81.8
14/06/2018 10:32:37 AM	3611781157	1013.00	28.66	32.09	77.5	28.19	32.09	80.9	27.35	32.09	87.5	28.06	32.09	81.9
14/06/2018 10:32:38 AM	3611781158	1013.00	28.66	32.09	77.5	28.14	32.09	81.3	27.36	32.09	87.4	28.08	32.09	81.7
14/06/2018 10:32:39 AM	3611781159	1013.00	28.62	32.09	77.8	28.17	32.09	81.1	27.36	32.09	87.4	28.13	32.09	81.4
14/06/2018 10:32:40 AM	3611781160	1013.00	28.63	32.09	77.7	28.16	32.09	81.1	27.39	32.09	87.2	28.06	32.09	81.9
14/06/2018 10:32:41 AM	3611781161	1013.00	28.66	32.09	77.5	28.15	32.09	81.2	27.35	32.09	87.5	28.08	32.09	81.7
14/06/2018 10:32:42 AM	3611781162	1013.00	28.67	32.09	77.4	28.18	32.09	81.0	27.37	32.09	87.4	28.09	32.09	81.7
14/06/2018 10:32:43 AM	3611781163	1013.00	28.69	32.09	77.3	28.12	32.09	81.4	27.31	32.09	87.9	28.08	32.09	81.7
14/06/2018 10:32:44 AM	3611781164	1013.00	28.67	32.09	77.4	28.12	32.09	81.4	27.39	32.09	87.2	28.08	32.09	81.7
14/06/2018 10:32:45 AM	3611781165	1013.00	28.72	32.10	77.0	28.19	32.10	80.9	27.42	32.10	86.9	28.12	32.10	81.4
14/06/2018 10:32:46 AM	3611781166	1013.00	28.69	32.10	77.2	28.14	32.10	81.3	27.35	32.10	87.5	28.09	32.10	81.6
14/06/2018 10:32:47 AM	3611781167	1013.00	28.69	32.10	77.2	28.14	32.10	81.3	27.37	32.10	87.3	28.08	32.10	81.7
14/06/2018 10:32:48 AM	3611781168	1013.00	28.72	32.10	77.0	28.16	32.10	81.1	27.39	32.10	87.2	28.11	32.10	81.5
14/06/2018 10:32:49 AM	3611781169	1013.00	28.70	32.10	77.2	28.15	32.10	81.2	27.38	32.10	87.3	28.08	32.10	81.7
14/06/2018 10:32:50 AM	3611781170	1013.00	28.69	32.10	77.2	28.16	32.10	81.1	27.37	32.10	87.3	28.07	32.10	81.8
14/06/2018 10:32:51 AM	3611781171	1013.00	28.69	32.10	77.2	28.17	32.10	81.0	27.37	32.10	87.3	28.11	32.10	81.5
14/06/2018 10:32:52 AM	3611781172	1013.00	28.74	32.10	76.9	28.19	32.10	80.9	27.41	32.10	87.0	28.14	32.10	81.3
14/06/2018 10:32:53 AM	3611781173	1013.00	28.65	32.10	77.5	28.22	32.10	80.7	27.40	32.10	87.1	28.09	32.10	81.6
14/06/2018 10:32:54 AM	3611781174	1013.00	28.72	32.10	77.0	28.19	32.10	80.9	27.42	32.10	86.9	28.13	32.10	81.3
14/06/2018 10:32:55 AM	3611781175	1013.00	28.72	32.11	77.0	28.16	32.11	81.1	27.41	32.11	87.0	28.11	32.11	81.5
14/06/2018 10:32:56 AM	3611781176	1013.00	28.70	32.11	77.2	28.20	32.11	80.8	27.43	32.11	86.8	28.15	32.11	81.2
14/06/2018 10:32:57 AM	3611781177	1013.00	28.71	32.11	77.1	28.20	32.11	80.8	27.39	32.11	87.2	28.10	32.11	81.6
14/06/2018 10:32:58 AM	3611781178	1013.00	28.72	32.11	77.0	28.20	32.11	80.8	27.40	32.11	87.1	28.12	32.11	81.4
14/06/2018 10:32:59 AM	3611781179	1013.00	28.71	32.11	77.1	28.21	32.11	80.7	27.37	32.11	87.3	28.11	32.11	81.5
14/06/2018 10:33:00 AM	3611781180	1013.00	28.75	32.11	76.8	28.19	32.11	80.9	27.39	32.11	87.2	28.13	32.11	81.3
14/06/2018 10:33:01 AM	3611781181	1013.00	28.71	32.11	77.1	28.21	32.11	80.7	27.47	32.11	86.5	28.10	32.11	81.6
14/06/2018 10:33:02 AM	3611781182	1013.00	28.71	32.11	77.1	28.20	32.11	80.8	27.42	32.11	86.9	28.15	32.11	81.2
14/06/2018 10:33:03 AM	3611781183	1013.00	28.76	32.11	76.7	28.20	32.11	80.8	27.42	32.11	86.9	28.14	32.11	81.3
14/06/2018 10:33:04 AM	3611781184	1013.00	28.72	32.11	77.0	28.25	32.11	80.4	27.41	32.11	87.0	28.09	32.11	81.6
14/06/2018 10:33:05 AM	3611781185	1013.00	28.75	32.11	76.8	28.22	32.11	80.7	27.39	32.11	87.2	28.08	32.11	81.7
14/06/2018 10:33:06 AM	3611781186	1013.00	28.72	32.10	77.0	28.23	32.10	80.6	27.41	32.10	87.0	28.16	32.10	81.1
14/06/2018 10:33:07 AM	3611781187	1013.00	28.75	32.10	76.8	28.23	32.10	80.6	27.41	32.10	87.0	28.13	32.10	81.3
14/06/2018 10:33:08 AM	3611781188	1013.00	28.75	32.11	76.8	28.22	32.11	80.7	27.44	32.11	86.8	28.13	32.11	81.3
14/06/2018 10:33:09 AM	3611781189	1013.00	28.70	32.10	77.2	28.23	32.10	80.6	27.45	32.10	86.7	28.11	32.10	81.5
14/06/2018 10:33:10 AM	3611781190	1013.00	28.77	32.10	76.7	28.23	32.10	80.6	27.35	32.10	87.5	28.21	32.10	80.7
14/06/2018 10:33:11 AM	3611781191	1013.00	28.75	32.10	76.8	28.23	32.10	80.6	27.44	32.10	86.8	28.17	32.10	81.0
14/06/2018 10:33:12 AM	3611781192	1013.00	28.77	32.10	76.7	28.23	32.10	80.6	27.45	32.10	86.7	28.12	32.10	81.4
14/06/2018 10:33:13 AM	3611781193	1013.00	28.74	32.09	76.9	28.26	32.09	80.4	27.37	32.09	87.4	28.18	32.09	81.0
14/06/2018 10:33:14 AM	3611781194	1013.00	28.78	32.09	76.6	28.23	32.09	80.6	27.46	32.09	86.6	28.16	32.09	81.1
14/06/2018 10:33:15 AM	3611781195	1013.00	28.76	32.09	76.8	28.26	32.09	80.4	27.41	32.09	87.0	28.18	32.09	81.0
14/06/2018 10:33:16 AM	3611781196	1013.00	28.77	32.09	76.7	28.24	32.09	80.5	27.47	32.09	86.5	28.15	32.09	81.2
14/06/2018 10:33:17 AM	3611781197	1013.00	28.73	32.09	77.0	28.24	32.09	80.5	27.41	32.09	87.0	28.14	32.09	81.3
14/06/2018 10:33:18 AM	3611781198	1013.00	28.76	32.09	76.8	28.23	32.09	80.6	27.41	32.09	87.0	28.18	32.09	81.0
14/06/2018 10:33:19 AM	3611781199	1013.00	28.77	32.09	76.7	28.22	32.09	80.7	27.43	32.09	86.9	28.22	32.09	80.7
14/06/2018 10:33:20 AM	3611781200	1013.00	28.78	32.09	76.6	28.28	32.09	80.2	27.44	32.09	86.8	28.18	32.09	81.0
14/06/2018 10:33:21 AM	3611781201	1013.00	28.78	32.09	76.6	28.24	32.09	80.5	27.45	32.09	86.7	28.21	32.09	80.8
14/06/2018 10:33:22 AM	3611781202	1013.00	28.77	32.09	76.7	28.30	32.09	80.1	27.42	32.09	86.9	28.19	32.09	80.9
14/06/2018 10:33:23 AM	3611781203	1013.00	28.78	32.09	76.6	28.29	32.09	80.2	27.41	32.09	87.0	28.22	32.09	80.7
14/06/2018 10:33:24 AM	3611781204	1013.00	28.76	32.09	76.8	28.23	32.09	80.6	27.45	32.09	86.7	28.21	32.09	80.8
14/06/2018 10:33:25 AM	3611781205	1013.00	28.78	32.09	76.6	28.29	32.09	80.2	27.45	32.09	86.7	28.26	32.09	80.4
14/06/2018 10:33:26 AM	3611781206	1013.00	28.79	32.09	76.6	28.27	32.09	80.3	27.45	32.09	86.7	28.22	32.09	80.7
14/06/2018 10:33:27 AM	3611781207	1013.00	28.76	32.10	76.8	28.26	32.10	80.4	27.44	32.10	86.8	28.21	32.10	80.7
14/06/2018 10:33:28 AM	3611781208	1013.00	28.81	32.10	76.4	28.27	32.10	80.3	27.42	32.10	86.9	28.22	32.10	80.7
14/06/2018 10:33:29 AM	3611781209	1013.00	28.80	32.11	76.5	28.28	32.11	80.2	27.45	32.11	86.7	28.24	32.11	80.5
14/06/2018 10:33:30 AM	3611781210	1013.00	28.79	32.11	76.5	28.26	32.11	80.4	27.44	32.11	86.8	28.25	32.11	80.4
14/06/2018 10:33:31 AM	3611781211	1013.00	28.80	32.11	76.5	28.27	32.11	80.3	27.47	32.11	86.5	28.19	32.11	80.9
14/06/2018 10:33:32 AM	3611781212	1013.00	28.85	32.11	76.1	28.27	32.11	80.3	27.45	32.11	86.7	28.23	32.11	80.6
14/06/2018 10:33:33 AM	3611781213	1013.00	28.80	32.11	76.5	28.29	32.11	80.1	27.44	32.11	86.8	28.22	32.11	80.7
14/06/2018 10:33:34 AM	3611781214	1013.00	28.82	32.11	76.3	28.30	32.11	80.1	27.41	32.11	87.0	28.23	32.11	80.6
14/06/2018 10:33:35 AM	3611781215	1013.00	28.82	32.11	76.3	28.30	32.11	80.1	27.45	32.11	86.7	28.30	32.11	80.1
14/06/2018 10:33:36 AM	3611781216	1013.00	28.81	32.11	76.4	28.33	32.11	79.8	27.50	32.11	86.3	28.22	32.11	80.7
14/06/2018 10:33:37 AM	3611781217	1013.00	28.82	32.11	76.3	28.33	32.11	79.8	27.46	32.11	86.6	28.22	32.11	80.7
14/06/2018 10:33:38 AM	3611781218	1013.00	28.81	32.11	76.4	28.29	32.11	80.1	27.48	32.11	86.4	28.20	32.11	80.8
14/06/2018 10:33:39 AM	3611781219	1013.00	28.82	32.11	76.3	28.33	32.11	79.8	27.48	32.11	86.4	28.22	32.11	80.7
14/06/2018 10:33:40 AM	3611781220	1013.00	28.83	32.11	76.2	28.31	32.11	80.0	27.49	32.11	86.3	28.21	32.11	80.7
14/06/2018 10:33:41 AM	3611781221	1013.00	28.81	32.12	76.4	28.33	32.12	79.8	27.47	32.12	86.5	28.24	32.12	80.5
14/06/2018 10:33:42 AM	3611781222	1013.00	28.81	32.12	76.4	28.30	32.12	80.0	27.44	32.12	86.7	28.27	32.12	80.3
14/06/2018 10:33:43 AM	3611781223	1013.00	28.86	32.13	76.0	28.32	32.13	79.9	27.50	32.13	86.2	28.26	32.13	80.3
14/06/2018 10:33:44 AM	3611781224	1013.00	28.85	32.12	76.1	28.31	32.12	80.0	27.48	32.12	86.4	28.29	32.12	80.1
14/06/2018 10:33:45 AM	3611781225	1013.00	28.86	32.12	76.0	28.32	32.12	79.9	27.49	32.12	86.3	28.25	32.12	80.4
14/06/2018 10:33:46 AM	3611781226	1013.00	28.89	32.12	75.8	28.31	32.12	80.0	27.47	32.12	86.5	28.29	32.12	80.1
14/06/2018 10:33:47 AM	3611781227	1013.00	28.89	32.11	75.8	28.36	32.11	79.6	27.50	32.11	86.3	28.24	32.11	80.5
14/06/2018 10:33:48 AM	3611781228	1013.00	28.86	32.11	76.0	28.36	32.11	79.6	27.46	32.11	86.6	28.24	32.11	80.5
14/06/2018 10:33:49 AM	3611781229	1013.00	28.88	32.11	75.9	28.39	32.11	79.4	27.51	32.11	86.2	28.21	32.11	80.7
14/06/2018 10:33:50 AM	3611781230	1013.00	28.87	32.11	76.0	28.39	32.11	79.4	27.50	32.11	86.3	28.27	32.11	80.3
14/06/2018 10:33:51 AM	3611781231	1013.00	28.90	32.11	75.8	28.36	32.11	79.6	27.47	32.11	86.5	28.31	32.11	80.0
14/06/2018 10:33:52 AM	3611781232	1013.00	28.89	32.11	75.8	28.36	32.11	79.6	27.50	32.11	86.3	28.29	32.11	80.1
14/06/2018 10:33:53 AM	3611781233	1013.00	28.88	32.11	75.9	28.39	32.11	79.4	27.45	32.11	86.7	28.27	32.11	80.3
14/06/2018 10:33:54 AM	3611781234	1013.00	28.89	32.12	75.8	28.39	32.12	79.4	27.50	32.12	86.2	28.29	32.12	80.1
14/06/2018 10:33:55 AM	3611781235	1013.00	28.92	32.12	75.6	28.41	32.12	79.2	27.50	32.12	86.2	28.29	32.12	80.1
14/06/2018 10:33:56 AM	3611781236	1013.00	28.91	32.12	75.7	28.41	32.12	79.2	27.47	32.12	86.5	28.26	32.12	80.3
14/06/2018 10:33:57 AM	3611781237	1013.00	28.89	32.12	75.8	28.41	32.12	79.2	27.52	32.12	86.1	28.28	32.12	80.2
14/06/2018 10:33:58 AM	3611781238	1013.00	28.91	32.12	75.7	28.36	32.12	79.6	27.55	32.12	85.8	28.25	32.12	80.4
14/06/2018 10:33:59 AM	3611781239	1013.00	28.88	32.11	75.9	28.44	32.11	79.0	27.52	32.11	86.1	28.26	32.11	80.4
14/06/2018 10:34:00 AM	3611781240	1013.00	28.91	32.12	75.7	28.42	32.12	79.2	27.52	32.12	86.1	28.22	32.12	80.6
14/06/2018 10:34:01 AM	3611781241	1013.00	28.92	32.12	75.6	28.39	32.12	79.4	27.50	32.12	86.2	28.29	32.12	80.1
14/06/2018 10:34:02 AM	3611781242	1013.00	28.91	32.12	75.7	28.41	32.12	79.2	27.49	32.12	86.3	28.28	32.12	80.2
14/06/2018 10:34:03 AM	3611781243	1013.00	28.96	32.12	75.3	28.43	32.12	79.1	27.52	32.12	86.1	28.25	32.12	80.4
14/06/2018 10:34:04 AM	3611781244	1013.00	28.96	32.12	75.3	28.42	32.12	79.2	27.51	32.12	86.2	28.32	32.12	79.9
14/06/2018 10:34:05 AM	3611781245	1013.00	28.95	32.12	75.4	28.42	32.12	79.2	27.54	32.12	85.9	28.33	32.12	79.8
14/06/2018 10:34:06 AM	3611781246	1013.00	28.95	32.12	75.4	28.41	32.12	79.2	27.52	32.12	86.1	28.31	32.12	80.0
14/06/2018 10:34:07 AM	3611781247	1013.00	28.95	32.12	75.4	28.41	32.12	79.2	27.51	32.12	86.2	28.33	32.12	79.8
14/06/2018 10:34:08 AM	3611781248	1013.00	28.96	32.12	75.3	28.40	32.12	79.3	27.55	32.12	85.8	28.32	32.12	79.9
14/06/2018 10:34:09 AM	3611781249	1013.00	28.99	32.12	75.1	28.42	32.12	79.2	27.54	32.12	85.9	28.30	32.12	80.0
14/06/2018 10:34:10 AM	3611781250	1013.00	28.96	32.12	75.3	28.43	32.12	79.1	27.52	32.12	86.1	28.33	32.12	79.8
14/06/2018 10:34:11 AM	3611781251	1013.00	28.94	32.12	75.5	28.44	32.12	79.0	27.59	32.12	85.5	28.39	32.12	79.4
14/06/2018 10:34:12 AM	3611781252	1013.00	28.95	32.12	75.4	28.41	32.12	79.2	27.55	32.12	85.8	28.34	32.12	79.7
14/06/2018 10:34:13 AM	3611781253	1013.00	28.96	32.12	75.3	28.42	32.12	79.2	27.55	32.12	85.8	28.32	32.12	79.9
14/06/2018 10:34:14 AM	3611781254	1013.00	29.00	32.12	75.1	28.41	32.12	79.2	27.54	32.12	85.9	28.33	32.12	79.8
14/06/2018 10:34:15 AM	3611781255	1013.00	28.99	32.12	75.1	28.43	32.12	79.1	27.56	32.12	85.8	28.37	32.12	79.5
14/06/2018 10:34:16 AM	3611781256	1013.00	28.98	32.12	75.2	28.42	32.12	79.2	27.54	32.12	85.9	28.38	32.12	79.5
14/06/2018 10:34:17 AM	3611781257	1013.00	28.98	32.12	75.2	28.45	32.12	78.9	27.54	32.12	85.9	28.38	32.12	79.5
14/06/2018 10:34:18 AM	3611781258	1013.00	28.97	32.12	75.3	28.37	32.12	79.5	27.55	32.12	85.8	28.36	32.12	79.6
14/06/2018 10:34:19 AM	3611781259	1013.00	28.98	32.12	75.2	28.43	32.12	79.1	27.55	32.12	85.8	28.39	32.12	79.4
14/06/2018 10:34:20 AM	3611781260	1013.00	28.99	32.12	75.1	28.43	32.12	79.1	27.55	32.12	85.8	28.36	32.12	79.6
14/06/2018 10:34:21 AM	3611781261	1013.00	29.00	32.12	75.1	28.43	32.12	79.1	27.61	32.12	85.4	28.35	32.12	79.7
14/06/2018 10:34:22 AM	3611781262	1013.00	29.03	32.12	74.9	28.41	32.12	79.2	27.58	32.12	85.6	28.37	32.12	79.5
14/06/2018 10:34:23 AM	3611781263	1013.00	29.02	32.13	74.9	28.43	32.13	79.1	27.58	32.13	85.6	28.34	32.13	79.7
14/06/2018 10:34:24 AM	3611781264	1013.00	29.02	32.13	74.9	28.39	32.13	79.4	27.58	32.13	85.6	28.45	32.13	78.9
14/06/2018 10:34:25 AM	3611781265	1013.00	29.02	32.13	74.9	28.42	32.13	79.1	27.57	32.13	85.7	28.35	32.13	79.7
14/06/2018 10:34:26 AM	3611781266	1013.00	29.04	32.13	74.8	28.46	32.13	78.9	27.56	32.13	85.7	28.34	32.13	79.7
14/06/2018 10:34:27 AM	3611781267	1013.00	29.02	32.13	74.9	28.46	32.13	78.9	27.55	32.13	85.8	28.36	32.13	79.6
14/06/2018 10:34:28 AM	3611781268	1013.00	29.02	32.13	74.9	28.46	32.13	78.9	27.60	32.13	85.4	28.35	32.13	79.7
14/06/2018 10:34:29 AM	3611781269	1013.00	29.03	32.12	74.9	28.50	32.12	78.6	27.55	32.12	85.8	28.40	32.12	79.3
14/06/2018 10:34:30 AM	3611781270	1013.00	29.04	32.12	74.8	28.47	32.12	78.8	27.58	32.12	85.6	28.40	32.12	79.3
14/06/2018 10:34:31 AM	3611781271	1013.00	29.04	32.12	74.8	28.47	32.12	78.8	27.62	32.12	85.3	28.38	32.12	79.5
14/06/2018 10:34:32 AM	3611781272	1013.00	29.04	32.12	74.8	28.47	32.12	78.8	27.61	32.12	85.4	28.41	32.12	79.2
14/06/2018 10:34:33 AM	3611781273	1013.00	29.06	32.12	74.6	28.46	32.12	78.9	27.57	32.12	85.7	28.45	32.12	78.9
14/06/2018 10:34:34 AM	3611781274	1013.00	29.04	32.13	74.8	28.42	32.13	79.1	27.59	32.13	85.5	28.42	32.13	79.1
14/06/2018 10:34:35 AM	3611781275	1013.00	29.04	32.13	74.8	28.48	32.13	78.7	27.57	32.13	85.7	28.38	32.13	79.4
14/06/2018 10:34:36 AM	3611781276	1013.00	29.07	32.13	74.6	28.46	32.13	78.9	27.61	32.13	85.3	28.39	32.13	79.4
14/06/2018 10:34:37 AM	3611781277	1013.00	29.06	32.12	74.6	28.52	32.12	78.4	27.62	32.12	85.3	28.36	32.12	79.6
14/06/2018 10:34:38 AM	3611781278	1013.00	29.05	32.13	74.7	28.52	32.13	78.4	27.63	32.13	85.2	28.41	32.13	79.2
14/06/2018 10:34:39 AM	3611781279	1013.00	29.05	32.13	74.7	28.47	32.13	78.8	27.61	32.13	85.3	28.41	32.13	79.2
14/06/2018 10:34:40 AM	3611781280	1013.00	29.09	32.13	74.4	28.51	32.13	78.5	27.62	32.13	85.3	28.41	32.13	79.2
14/06/2018 10:34:41 AM	3611781281	1013.00	29.08	32.13	74.5	28.47	32.13	78.8	27.62	32.13	85.3	28.47	32.13	78.8
14/06/2018 10:34:42 AM	3611781282	1013.00	29.09	32.13	74.4	28.48	32.13	78.7	27.59	32.13	85.5	28.41	32.13	79.2
14/06/2018 10:34:43 AM	3611781283	1013.00	29.08	32.12	74.5	28.45	32.12	78.9	27.59	32.12	85.5	28.40	32.12	79.3
14/06/2018 10:34:44 AM	3611781284	1013.00	29.07	32.12	74.6	28.47	32.12	78.8	27.59	32.12	85.5	28.40	32.12	79.3
14/06/2018 10:34:45 AM	3611781285	1013.00	29.08	32.11	74.5	28.47	32.11	78.8	27.64	32.11	85.1	28.39	32.11	79.4
14/06/2018 10:34:46 AM	3611781286	1013.00	29.09	32.11	74.5	28.51	32.11	78.5	27.62	32.11	85.3	28.44	32.11	79.0
14/06/2018 10:34:47 AM	3611781287	1013.00	29.08	32.11	74.5	28.47	32.11	78.8	27.62	32.11	85.3	28.42	32.11	79.2
14/06/2018 10:34:48 AM	3611781288	1013.00	29.13	32.11	74.2	28.50	32.11	78.6	27.57	32.11	85.7	28.43	32.11	79.1
14/06/2018 10:34:49 AM	3611781289	1013.00	29.11	32.11	74.3	28.50	32.11	78.6	27.60	32.11	85.5	28.41	32.11	79.2
14/06/2018 10:34:50 AM	3611781290	1013.00	29.10	32.12	74.4	28.48	32.12	78.7	27.65	32.12	85.0	28.40	32.12	79.3
14/06/2018 10:34:51 AM	3611781291	1013.00	29.09	32.12	74.4	28.50	32.12	78.6	27.64	32.12	85.1	28.46	32.12	78.9
14/06/2018 10:34:52 AM	3611781292	1013.00	29.11	32.12	74.3	28.49	32.12	78.7	27.64	32.12	85.1	28.45	32.12	78.9
14/06/2018 10:34:53 AM	3611781293	1013.00	29.07	32.13	74.6	28.52	32.13	78.4	27.64	32.13	85.1	28.41	32.13	79.2
14/06/2018 10:34:54 AM	3611781294	1013.00	29.10	32.12	74.4	28.47	32.12	78.8	27.59	32.12	85.5	28.48	32.12	78.7
14/06/2018 10:34:55 AM	3611781295	1013.00	29.07	32.13	74.6	28.50	32.13	78.6	27.66	32.13	84.9	28.46	32.13	78.9
14/06/2018 10:34:56 AM	3611781296	1013.00	29.10	32.13	74.4	28.49	32.13	78.6	27.65	32.13	85.0	28.40	32.13	79.3
14/06/2018 10:34:57 AM	3611781297	1013.00	29.08	32.12	74.5	28.51	32.12	78.5	27.65	32.12	85.0	28.48	32.12	78.7
14/06/2018 10:34:58 AM	3611781298	1013.00	29.11	32.12	74.3	28.51	32.12	78.5	27.62	32.12	85.3	28.49	32.12	78.7
14/06/2018 10:34:59 AM	3611781299	1013.00	29.11	32.13	74.3	28.50	32.13	78.6	27.63	32.13	85.2	28.46	32.13	78.9
14/06/2018 10:35:00 AM	3611781300	1013.00	29.13	32.12	74.2	28.49	32.12	78.7	27.65	32.12	85.0	28.48	32.12	78.7
