Date & time of file creation	6/07/2018 10:14 AM													
Data file path	C:\Users\ameli\Desktop\Diego Barneche\06_07_2018\29_C_old_witrox_21.txt													
														
														
CALIBRATION DATA														
Parameter/Channel	N moving average	LO phase [r.U.]	HI phase [r.U.]	LO oxygen [%air saturation]	HI oxygen [%air saturation]	LO temperature [°C]	HI temperature [°C]	Salinity [‰]						
S WOT 0041 000001   , CH 1	1	60.26	28.75	0.00	100.00	20.21	20.35	0.000						
S WOT 0041 000001   , CH 2	1	60.26	28.75	0.00	100.00	20.21	20.35	0.000						
S WOT 0041 000001   , CH 3	1	60.26	28.75	0.00	100.00	20.21	20.35	0.000						
S WOT 0041 000001   , CH 4	1	60.26	28.75	0.00	100.00	20.21	20.35	0.000						
														
														
Date &Time [DD-MM-YYYY HH:MM:SS]	Time stamp code	Barometric pressure [hPa]	S WOT 0041 000001   , CH 1 phase [r.U.]	S WOT 0041 000001   , CH 1 temp [°C]	S WOT 0041 000001   , CH 1 O2 [% air saturation]	S WOT 0041 000001   , CH 2 phase [r.U.]	S WOT 0041 000001   , CH 2 temp [°C]	S WOT 0041 000001   , CH 2 O2 [% air saturation]	S WOT 0041 000001   , CH 3 phase [r.U.]	S WOT 0041 000001   , CH 3 temp [°C]	S WOT 0041 000001   , CH 3 O2 [% air saturation]	S WOT 0041 000001   , CH 4 phase [r.U.]	S WOT 0041 000001   , CH 4 temp [°C]	S WOT 0041 000001   , CH 4 O2 [% air saturation]
6/07/2018 10:20:42 AM	3613681242	1013.00	26.90	29.40	101.2	26.91	29.40	101.1	26.57	29.40	104.5	NaN	29.40	NaN
6/07/2018 10:20:43 AM	3613681243	1013.00	26.92	29.39	101.0	26.90	29.39	101.2	26.59	29.39	104.3	NaN	29.39	NaN
6/07/2018 10:20:44 AM	3613681244	1013.00	26.92	29.40	101.0	26.91	29.40	101.1	26.59	29.40	104.3	NaN	29.40	NaN
6/07/2018 10:20:45 AM	3613681245	1013.00	26.91	29.40	101.1	26.86	29.40	101.6	26.60	29.40	104.2	NaN	29.40	NaN
6/07/2018 10:20:46 AM	3613681246	1013.00	26.93	29.39	100.9	26.88	29.39	101.4	26.60	29.39	104.2	NaN	29.39	NaN
6/07/2018 10:20:47 AM	3613681247	1013.00	26.93	29.40	100.9	26.89	29.40	101.3	26.56	29.40	104.6	NaN	29.40	NaN
6/07/2018 10:20:48 AM	3613681248	1013.00	26.93	29.40	100.9	26.91	29.40	101.1	26.58	29.40	104.4	NaN	29.40	NaN
6/07/2018 10:20:49 AM	3613681249	1013.00	26.90	29.39	101.2	26.93	29.39	100.9	26.62	29.39	104.0	NaN	29.39	NaN
6/07/2018 10:20:50 AM	3613681250	1013.00	26.92	29.39	101.0	26.88	29.39	101.4	26.59	29.39	104.3	NaN	29.39	NaN
6/07/2018 10:20:51 AM	3613681251	1013.00	26.92	29.39	101.0	26.89	29.39	101.3	26.57	29.39	104.5	NaN	29.39	NaN
6/07/2018 10:20:52 AM	3613681252	1013.00	26.92	29.40	101.0	26.89	29.40	101.3	26.58	29.40	104.4	NaN	29.40	NaN
6/07/2018 10:20:53 AM	3613681253	1013.00	26.91	29.40	101.1	26.89	29.40	101.3	26.59	29.40	104.3	NaN	29.40	NaN
6/07/2018 10:20:54 AM	3613681254	1013.00	26.92	29.39	101.0	26.89	29.39	101.3	26.53	29.39	104.9	NaN	29.39	NaN
6/07/2018 10:20:55 AM	3613681255	1013.00	26.93	29.40	100.9	26.87	29.40	101.5	26.59	29.40	104.3	NaN	29.40	NaN
6/07/2018 10:20:56 AM	3613681256	1013.00	26.90	29.41	101.2	26.94	29.41	100.8	26.57	29.41	104.4	NaN	29.41	NaN
6/07/2018 10:20:57 AM	3613681257	1013.00	26.92	29.41	101.0	26.88	29.41	101.4	26.62	29.41	103.9	NaN	29.41	NaN
6/07/2018 10:20:58 AM	3613681258	1013.00	26.93	29.40	100.9	26.88	29.40	101.4	26.58	29.40	104.4	NaN	29.40	NaN
6/07/2018 10:20:59 AM	3613681259	1013.00	26.92	29.41	101.0	26.89	29.41	101.3	26.62	29.41	103.9	NaN	29.41	NaN
6/07/2018 10:21:00 AM	3613681260	1013.00	26.92	29.41	101.0	26.90	29.41	101.2	26.58	29.41	104.3	NaN	29.41	NaN
6/07/2018 10:21:01 AM	3613681261	1013.00	26.91	29.41	101.1	26.89	29.41	101.3	26.60	29.41	104.1	NaN	29.41	NaN
6/07/2018 10:21:02 AM	3613681262	1013.00	26.93	29.40	100.9	26.91	29.40	101.1	26.64	29.40	103.8	NaN	29.40	NaN
6/07/2018 10:21:03 AM	3613681263	1013.00	26.93	29.40	100.9	26.88	29.40	101.4	26.57	29.40	104.5	NaN	29.40	NaN
6/07/2018 10:21:04 AM	3613681264	1013.00	26.92	29.40	101.0	26.91	29.40	101.1	26.61	29.40	104.1	NaN	29.40	NaN
6/07/2018 10:21:05 AM	3613681265	1013.00	26.93	29.39	100.9	26.88	29.39	101.4	26.58	29.39	104.4	NaN	29.39	NaN
6/07/2018 10:21:06 AM	3613681266	1013.00	26.89	29.40	101.3	26.89	29.40	101.3	26.59	29.40	104.3	NaN	29.40	NaN
6/07/2018 10:21:07 AM	3613681267	1013.00	26.93	29.40	100.9	26.93	29.40	100.9	26.51	29.40	105.1	NaN	29.40	NaN
6/07/2018 10:21:08 AM	3613681268	1013.00	26.91	29.39	101.1	26.87	29.39	101.5	26.60	29.39	104.2	NaN	29.39	NaN
6/07/2018 10:21:09 AM	3613681269	1013.00	26.88	29.39	101.4	26.91	29.39	101.1	26.54	29.39	104.8	NaN	29.39	NaN
6/07/2018 10:21:10 AM	3613681270	1013.00	26.90	29.39	101.2	26.85	29.39	101.7	26.56	29.39	104.6	NaN	29.39	NaN
6/07/2018 10:21:11 AM	3613681271	1013.00	26.93	29.38	101.0	26.90	29.38	101.3	26.59	29.38	104.3	NaN	29.38	NaN
6/07/2018 10:21:12 AM	3613681272	1013.00	26.90	29.38	101.3	26.90	29.38	101.3	26.54	29.38	104.8	NaN	29.38	NaN
6/07/2018 10:21:13 AM	3613681273	1013.00	26.92	29.39	101.0	26.89	29.39	101.3	26.58	29.39	104.4	NaN	29.39	NaN
6/07/2018 10:21:14 AM	3613681274	1013.00	26.89	29.39	101.3	26.89	29.39	101.3	26.62	29.39	104.0	NaN	29.39	NaN
6/07/2018 10:21:15 AM	3613681275	1013.00	26.92	29.41	101.0	26.90	29.41	101.2	26.58	29.41	104.3	NaN	29.41	NaN
6/07/2018 10:21:16 AM	3613681276	1013.00	26.90	29.40	101.2	26.94	29.40	100.8	26.60	29.40	104.2	NaN	29.40	NaN
6/07/2018 10:21:17 AM	3613681277	1013.00	26.93	29.40	100.9	26.91	29.40	101.1	26.66	29.40	103.6	NaN	29.40	NaN
6/07/2018 10:21:18 AM	3613681278	1013.00	26.91	29.40	101.1	26.90	29.40	101.2	26.59	29.40	104.3	NaN	29.40	NaN
6/07/2018 10:21:19 AM	3613681279	1013.00	26.91	29.40	101.1	26.89	29.40	101.3	26.61	29.40	104.1	NaN	29.40	NaN
6/07/2018 10:21:20 AM	3613681280	1013.00	26.92	29.39	101.0	26.89	29.39	101.3	26.55	29.39	104.7	NaN	29.39	NaN
6/07/2018 10:21:21 AM	3613681281	1013.00	26.91	29.40	101.1	26.91	29.40	101.1	26.56	29.40	104.6	NaN	29.40	NaN
6/07/2018 10:21:22 AM	3613681282	1013.00	26.92	29.40	101.0	26.93	29.40	100.9	26.57	29.40	104.5	NaN	29.40	NaN
6/07/2018 10:21:23 AM	3613681283	1013.00	26.93	29.41	100.9	26.88	29.41	101.4	26.59	29.41	104.2	NaN	29.41	NaN
6/07/2018 10:21:24 AM	3613681284	1013.00	26.90	29.40	101.2	26.87	29.40	101.5	26.56	29.40	104.6	NaN	29.40	NaN
6/07/2018 10:21:25 AM	3613681285	1013.00	26.95	29.41	100.7	26.88	29.41	101.4	26.60	29.41	104.1	NaN	29.41	NaN
6/07/2018 10:21:26 AM	3613681286	1013.00	26.91	29.41	101.1	26.91	29.41	101.1	26.60	29.41	104.1	NaN	29.41	NaN
6/07/2018 10:21:27 AM	3613681287	1013.00	26.91	29.40	101.1	26.95	29.40	100.7	26.59	29.40	104.3	NaN	29.40	NaN
6/07/2018 10:21:28 AM	3613681288	1013.00	26.91	29.39	101.1	26.89	29.39	101.3	26.60	29.39	104.2	NaN	29.39	NaN
6/07/2018 10:21:29 AM	3613681289	1013.00	26.93	29.40	100.9	26.93	29.40	100.9	26.61	29.40	104.1	NaN	29.40	NaN
6/07/2018 10:21:30 AM	3613681290	1013.00	26.92	29.39	101.0	26.88	29.39	101.4	26.58	29.39	104.4	NaN	29.39	NaN
6/07/2018 10:21:31 AM	3613681291	1013.00	26.93	29.39	100.9	26.87	29.39	101.5	26.56	29.39	104.6	NaN	29.39	NaN
6/07/2018 10:21:32 AM	3613681292	1013.00	26.91	29.39	101.1	26.88	29.39	101.4	26.61	29.39	104.1	NaN	29.39	NaN
6/07/2018 10:21:33 AM	3613681293	1013.00	26.93	29.40	100.9	26.93	29.40	100.9	26.61	29.40	104.1	NaN	29.40	NaN
6/07/2018 10:21:34 AM	3613681294	1013.00	26.92	29.40	101.0	26.88	29.40	101.4	26.60	29.40	104.2	NaN	29.40	NaN
6/07/2018 10:21:35 AM	3613681295	1013.00	26.92	29.41	101.0	26.88	29.41	101.4	26.57	29.41	104.4	NaN	29.41	NaN
6/07/2018 10:21:36 AM	3613681296	1013.00	26.89	29.41	101.3	26.90	29.41	101.2	26.60	29.41	104.1	NaN	29.41	NaN
6/07/2018 10:21:37 AM	3613681297	1013.00	26.91	29.41	101.1	26.90	29.41	101.2	26.59	29.41	104.2	NaN	29.41	NaN
6/07/2018 10:21:38 AM	3613681298	1013.00	26.91	29.40	101.1	26.92	29.40	101.0	26.64	29.40	103.8	NaN	29.40	NaN
6/07/2018 10:21:39 AM	3613681299	1013.00	26.90	29.41	101.2	26.90	29.41	101.2	26.61	29.41	104.0	NaN	29.41	NaN
6/07/2018 10:21:40 AM	3613681300	1013.00	26.94	29.41	100.8	26.84	29.41	101.8	26.61	29.41	104.0	NaN	29.41	NaN
6/07/2018 10:21:41 AM	3613681301	1013.00	26.94	29.41	100.8	26.88	29.41	101.4	26.59	29.41	104.2	NaN	29.41	NaN
6/07/2018 10:21:42 AM	3613681302	1013.00	26.93	29.41	100.9	26.96	29.41	100.6	26.58	29.41	104.3	NaN	29.41	NaN
6/07/2018 10:21:43 AM	3613681303	1013.00	26.92	29.41	101.0	26.91	29.41	101.1	26.60	29.41	104.1	NaN	29.41	NaN
6/07/2018 10:21:44 AM	3613681304	1013.00	26.90	29.40	101.2	26.90	29.40	101.2	26.62	29.40	104.0	NaN	29.40	NaN
6/07/2018 10:21:45 AM	3613681305	1013.00	26.94	29.40	100.8	26.91	29.40	101.1	26.55	29.40	104.7	NaN	29.40	NaN
6/07/2018 10:21:46 AM	3613681306	1013.00	26.94	29.40	100.8	26.89	29.40	101.3	26.64	29.40	103.8	NaN	29.40	NaN
6/07/2018 10:21:47 AM	3613681307	1013.00	26.92	29.40	101.0	26.86	29.40	101.6	26.55	29.40	104.7	NaN	29.40	NaN
6/07/2018 10:21:48 AM	3613681308	1013.00	26.90	29.41	101.2	26.90	29.41	101.2	26.60	29.41	104.1	NaN	29.41	NaN
6/07/2018 10:21:49 AM	3613681309	1013.00	26.92	29.40	101.0	26.93	29.40	100.9	26.60	29.40	104.2	NaN	29.40	NaN
6/07/2018 10:21:50 AM	3613681310	1013.00	26.92	29.41	101.0	26.91	29.41	101.1	26.63	29.41	103.8	NaN	29.41	NaN
6/07/2018 10:21:51 AM	3613681311	1013.00	26.92	29.41	101.0	26.91	29.41	101.1	26.60	29.41	104.1	NaN	29.41	NaN
6/07/2018 10:21:52 AM	3613681312	1013.00	26.91	29.40	101.1	26.89	29.40	101.3	26.65	29.40	103.7	NaN	29.40	NaN
6/07/2018 10:21:53 AM	3613681313	1013.00	26.92	29.40	101.0	26.90	29.40	101.2	26.61	29.40	104.1	NaN	29.40	NaN
6/07/2018 10:21:54 AM	3613681314	1013.00	26.95	29.41	100.7	26.93	29.41	100.9	26.60	29.41	104.1	NaN	29.41	NaN
6/07/2018 10:21:55 AM	3613681315	1013.00	26.93	29.40	100.9	26.91	29.40	101.1	26.57	29.40	104.5	NaN	29.40	NaN
6/07/2018 10:21:56 AM	3613681316	1013.00	26.90	29.40	101.2	26.88	29.40	101.4	26.57	29.40	104.5	NaN	29.40	NaN
6/07/2018 10:21:57 AM	3613681317	1013.00	26.92	29.40	101.0	26.90	29.40	101.2	26.62	29.40	104.0	NaN	29.40	NaN
6/07/2018 10:21:58 AM	3613681318	1013.00	26.94	29.40	100.8	26.90	29.40	101.2	26.58	29.40	104.4	NaN	29.40	NaN
6/07/2018 10:21:59 AM	3613681319	1013.00	26.91	29.41	101.1	26.94	29.41	100.8	26.60	29.41	104.1	NaN	29.41	NaN
6/07/2018 10:22:00 AM	3613681320	1013.00	26.94	29.40	100.8	26.91	29.40	101.1	26.63	29.40	103.9	NaN	29.40	NaN
6/07/2018 10:22:01 AM	3613681321	1013.00	26.94	29.40	100.8	26.95	29.40	100.7	26.59	29.40	104.3	NaN	29.40	NaN
6/07/2018 10:22:02 AM	3613681322	1013.00	26.91	29.40	101.1	26.90	29.40	101.2	26.63	29.40	103.9	NaN	29.40	NaN
6/07/2018 10:22:03 AM	3613681323	1013.00	26.94	29.39	100.8	26.92	29.39	101.0	26.60	29.39	104.2	NaN	29.39	NaN
6/07/2018 10:22:04 AM	3613681324	1013.00	26.94	29.38	100.9	26.95	29.38	100.8	26.55	29.38	104.7	NaN	29.38	NaN
6/07/2018 10:22:05 AM	3613681325	1013.00	26.93	29.39	100.9	26.94	29.39	100.8	26.58	29.39	104.4	NaN	29.39	NaN
6/07/2018 10:22:06 AM	3613681326	1013.00	26.90	29.39	101.2	26.91	29.39	101.1	26.61	29.39	104.1	NaN	29.39	NaN
6/07/2018 10:22:07 AM	3613681327	1013.00	26.92	29.40	101.0	26.91	29.40	101.1	26.58	29.40	104.4	NaN	29.40	NaN
6/07/2018 10:22:08 AM	3613681328	1013.00	26.92	29.40	101.0	26.91	29.40	101.1	26.65	29.40	103.7	NaN	29.40	NaN
6/07/2018 10:22:09 AM	3613681329	1013.00	26.93	29.39	100.9	26.91	29.39	101.1	26.64	29.39	103.8	NaN	29.39	NaN
6/07/2018 10:22:10 AM	3613681330	1013.00	26.93	29.39	100.9	26.88	29.39	101.4	26.63	29.39	103.9	NaN	29.39	NaN
6/07/2018 10:22:11 AM	3613681331	1013.00	26.92	29.38	101.1	26.95	29.38	100.8	26.62	29.38	104.0	NaN	29.38	NaN
6/07/2018 10:22:12 AM	3613681332	1013.00	26.92	29.38	101.1	26.95	29.38	100.8	26.58	29.38	104.4	NaN	29.38	NaN
6/07/2018 10:22:13 AM	3613681333	1013.00	26.95	29.38	100.8	26.91	29.38	101.2	26.61	29.38	104.1	NaN	29.38	NaN
6/07/2018 10:22:14 AM	3613681334	1013.00	26.92	29.38	101.1	26.94	29.38	100.9	26.60	29.38	104.2	NaN	29.38	NaN
6/07/2018 10:22:15 AM	3613681335	1013.00	26.92	29.38	101.1	26.93	29.38	101.0	26.64	29.38	103.8	NaN	29.38	NaN
6/07/2018 10:22:16 AM	3613681336	1013.00	26.96	29.39	100.7	26.92	29.39	101.0	26.62	29.39	104.0	NaN	29.39	NaN
6/07/2018 10:22:17 AM	3613681337	1013.00	26.93	29.39	100.9	26.94	29.39	100.8	26.60	29.39	104.2	NaN	29.39	NaN
6/07/2018 10:22:18 AM	3613681338	1013.00	26.95	29.38	100.8	26.95	29.38	100.8	26.59	29.38	104.3	NaN	29.38	NaN
6/07/2018 10:22:19 AM	3613681339	1013.00	26.93	29.38	101.0	26.93	29.38	101.0	26.62	29.38	104.0	NaN	29.38	NaN
6/07/2018 10:22:20 AM	3613681340	1013.00	26.92	29.38	101.1	26.95	29.38	100.8	26.64	29.38	103.8	NaN	29.38	NaN
6/07/2018 10:22:21 AM	3613681341	1013.00	26.93	29.38	101.0	26.95	29.38	100.8	26.62	29.38	104.0	NaN	29.38	NaN
6/07/2018 10:22:22 AM	3613681342	1013.00	26.92	29.38	101.1	26.93	29.38	101.0	26.61	29.38	104.1	NaN	29.38	NaN
6/07/2018 10:22:23 AM	3613681343	1013.00	26.92	29.38	101.1	26.95	29.38	100.8	26.61	29.38	104.1	NaN	29.38	NaN
6/07/2018 10:22:24 AM	3613681344	1013.00	26.94	29.39	100.8	26.95	29.39	100.8	26.62	29.39	104.0	NaN	29.39	NaN
6/07/2018 10:22:25 AM	3613681345	1013.00	26.92	29.39	101.0	26.96	29.39	100.7	26.57	29.39	104.5	NaN	29.39	NaN
6/07/2018 10:22:26 AM	3613681346	1013.00	26.95	29.38	100.8	26.93	29.38	101.0	26.62	29.38	104.0	NaN	29.38	NaN
6/07/2018 10:22:27 AM	3613681347	1013.00	26.94	29.38	100.9	26.94	29.38	100.9	26.63	29.38	103.9	NaN	29.38	NaN
6/07/2018 10:22:28 AM	3613681348	1013.00	26.92	29.38	101.1	26.92	29.38	101.1	26.64	29.38	103.8	NaN	29.38	NaN
6/07/2018 10:22:29 AM	3613681349	1013.00	26.95	29.37	100.8	26.95	29.37	100.8	26.65	29.37	103.7	NaN	29.37	NaN
6/07/2018 10:22:30 AM	3613681350	1013.00	26.93	29.38	101.0	26.96	29.38	100.7	26.60	29.38	104.2	NaN	29.38	NaN
6/07/2018 10:22:31 AM	3613681351	1013.00	26.95	29.38	100.8	26.92	29.38	101.1	26.61	29.38	104.1	NaN	29.38	NaN
6/07/2018 10:22:32 AM	3613681352	1013.00	26.94	29.38	100.9	26.97	29.38	100.6	26.62	29.38	104.0	NaN	29.38	NaN
6/07/2018 10:22:33 AM	3613681353	1013.00	26.92	29.37	101.1	26.97	29.37	100.6	26.63	29.37	103.9	NaN	29.37	NaN
6/07/2018 10:22:34 AM	3613681354	1013.00	26.92	29.37	101.1	26.93	29.37	101.0	26.68	29.37	103.4	NaN	29.37	NaN
6/07/2018 10:22:35 AM	3613681355	1013.00	26.94	29.37	100.9	26.95	29.37	100.8	26.61	29.37	104.1	NaN	29.37	NaN
6/07/2018 10:22:36 AM	3613681356	1013.00	26.94	29.37	100.9	26.97	29.37	100.6	26.59	29.37	104.3	NaN	29.37	NaN
6/07/2018 10:22:37 AM	3613681357	1013.00	26.93	29.37	101.0	26.97	29.37	100.6	26.59	29.37	104.3	NaN	29.37	NaN
6/07/2018 10:22:38 AM	3613681358	1013.00	26.92	29.38	101.1	26.95	29.38	100.8	26.65	29.38	103.7	NaN	29.38	NaN
6/07/2018 10:22:39 AM	3613681359	1013.00	26.93	29.38	101.0	26.98	29.38	100.5	26.60	29.38	104.2	NaN	29.38	NaN
6/07/2018 10:22:40 AM	3613681360	1013.00	26.91	29.38	101.2	26.98	29.38	100.5	26.60	29.38	104.2	NaN	29.38	NaN
6/07/2018 10:22:41 AM	3613681361	1013.00	26.95	29.38	100.8	26.97	29.38	100.6	26.61	29.38	104.1	NaN	29.38	NaN
6/07/2018 10:22:42 AM	3613681362	1013.00	26.96	29.38	100.7	26.96	29.38	100.7	26.66	29.38	103.6	NaN	29.38	NaN
6/07/2018 10:22:43 AM	3613681363	1013.00	26.95	29.38	100.8	26.98	29.38	100.5	26.65	29.38	103.7	NaN	29.38	NaN
6/07/2018 10:22:44 AM	3613681364	1013.00	26.93	29.38	101.0	26.97	29.38	100.6	26.64	29.38	103.8	NaN	29.38	NaN
6/07/2018 10:22:45 AM	3613681365	1013.00	26.92	29.38	101.1	26.97	29.38	100.6	26.62	29.38	104.0	NaN	29.38	NaN
6/07/2018 10:22:46 AM	3613681366	1013.00	26.94	29.38	100.9	26.97	29.38	100.6	26.64	29.38	103.8	NaN	29.38	NaN
6/07/2018 10:22:47 AM	3613681367	1013.00	26.95	29.38	100.8	27.02	29.38	100.1	26.65	29.38	103.7	NaN	29.38	NaN
6/07/2018 10:22:48 AM	3613681368	1013.00	26.93	29.38	101.0	27.00	29.38	100.3	26.62	29.38	104.0	NaN	29.38	NaN
6/07/2018 10:22:49 AM	3613681369	1013.00	26.94	29.37	100.9	26.98	29.37	100.5	26.58	29.37	104.4	NaN	29.37	NaN
6/07/2018 10:22:50 AM	3613681370	1013.00	26.92	29.36	101.1	27.02	29.36	100.1	26.62	29.36	104.0	NaN	29.36	NaN
6/07/2018 10:22:51 AM	3613681371	1013.00	26.90	29.36	101.3	26.99	29.36	100.4	26.60	29.36	104.2	NaN	29.36	NaN
6/07/2018 10:22:52 AM	3613681372	1013.00	26.94	29.36	100.9	26.99	29.36	100.4	26.64	29.36	103.8	NaN	29.36	NaN
6/07/2018 10:22:53 AM	3613681373	1013.00	26.94	29.35	100.9	27.02	29.35	100.2	26.62	29.35	104.1	NaN	29.35	NaN
6/07/2018 10:22:54 AM	3613681374	1013.00	26.95	29.36	100.8	26.99	29.36	100.4	26.62	29.36	104.0	NaN	29.36	NaN
6/07/2018 10:22:55 AM	3613681375	1013.00	26.92	29.36	101.1	27.04	29.36	99.9	26.63	29.36	103.9	NaN	29.36	NaN
6/07/2018 10:22:56 AM	3613681376	1013.00	26.93	29.36	101.0	27.03	29.36	100.0	26.63	29.36	103.9	NaN	29.36	NaN
6/07/2018 10:22:57 AM	3613681377	1013.00	26.94	29.36	100.9	27.01	29.36	100.2	26.61	29.36	104.1	NaN	29.36	NaN
6/07/2018 10:22:58 AM	3613681378	1013.00	26.94	29.36	100.9	26.99	29.36	100.4	26.65	29.36	103.7	NaN	29.36	NaN
6/07/2018 10:22:59 AM	3613681379	1013.00	26.92	29.36	101.1	27.04	29.36	99.9	26.61	29.36	104.1	NaN	29.36	NaN
6/07/2018 10:23:00 AM	3613681380	1013.00	26.94	29.36	100.9	27.06	29.36	99.8	26.64	29.36	103.8	NaN	29.36	NaN
6/07/2018 10:23:01 AM	3613681381	1013.00	26.94	29.35	100.9	27.02	29.35	100.2	26.63	29.35	104.0	NaN	29.35	NaN
6/07/2018 10:23:02 AM	3613681382	1013.00	26.92	29.36	101.1	27.00	29.36	100.3	26.66	29.36	103.6	NaN	29.36	NaN
6/07/2018 10:23:03 AM	3613681383	1013.00	26.92	29.36	101.1	27.05	29.36	99.9	26.65	29.36	103.7	NaN	29.36	NaN
6/07/2018 10:23:04 AM	3613681384	1013.00	26.93	29.37	101.0	27.01	29.37	100.2	26.60	29.37	104.2	NaN	29.37	NaN
6/07/2018 10:23:05 AM	3613681385	1013.00	26.91	29.37	101.2	27.02	29.37	100.1	26.66	29.37	103.6	NaN	29.37	NaN
6/07/2018 10:23:06 AM	3613681386	1013.00	26.94	29.37	100.9	27.03	29.37	100.0	26.57	29.37	104.5	NaN	29.37	NaN
6/07/2018 10:23:07 AM	3613681387	1013.00	26.95	29.37	100.8	27.03	29.37	100.0	26.67	29.37	103.5	NaN	29.37	NaN
6/07/2018 10:23:08 AM	3613681388	1013.00	26.93	29.37	101.0	27.04	29.37	99.9	26.62	29.37	104.0	NaN	29.37	NaN
6/07/2018 10:23:09 AM	3613681389	1013.00	26.92	29.36	101.1	27.04	29.36	99.9	26.61	29.36	104.1	NaN	29.36	NaN
6/07/2018 10:23:10 AM	3613681390	1013.00	26.92	29.36	101.1	27.03	29.36	100.0	26.65	29.36	103.7	NaN	29.36	NaN
6/07/2018 10:23:11 AM	3613681391	1013.00	26.94	29.37	100.9	27.07	29.37	99.6	26.65	29.37	103.7	NaN	29.37	NaN
6/07/2018 10:23:12 AM	3613681392	1013.00	26.94	29.37	100.9	27.00	29.37	100.3	26.61	29.37	104.1	NaN	29.37	NaN
6/07/2018 10:23:13 AM	3613681393	1013.00	26.92	29.36	101.1	27.02	29.36	100.1	26.61	29.36	104.1	NaN	29.36	NaN
6/07/2018 10:23:14 AM	3613681394	1013.00	26.93	29.37	101.0	27.06	29.37	99.7	26.59	29.37	104.3	NaN	29.37	NaN
6/07/2018 10:23:15 AM	3613681395	1013.00	26.93	29.37	101.0	27.04	29.37	99.9	26.64	29.37	103.8	NaN	29.37	NaN
6/07/2018 10:23:16 AM	3613681396	1013.00	26.94	29.36	100.9	27.08	29.36	99.6	26.62	29.36	104.0	NaN	29.36	NaN
6/07/2018 10:23:17 AM	3613681397	1013.00	26.94	29.36	100.9	27.05	29.36	99.9	26.61	29.36	104.1	NaN	29.36	NaN
6/07/2018 10:23:18 AM	3613681398	1013.00	26.95	29.35	100.8	27.02	29.35	100.2	26.58	29.35	104.5	NaN	29.35	NaN
6/07/2018 10:23:19 AM	3613681399	1013.00	26.96	29.36	100.7	27.03	29.36	100.0	26.62	29.36	104.0	NaN	29.36	NaN
6/07/2018 10:23:20 AM	3613681400	1013.00	26.94	29.36	100.9	27.03	29.36	100.0	26.67	29.36	103.5	NaN	29.36	NaN
6/07/2018 10:23:21 AM	3613681401	1013.00	26.95	29.36	100.8	27.01	29.36	100.2	26.64	29.36	103.8	NaN	29.36	NaN
6/07/2018 10:23:22 AM	3613681402	1013.00	26.93	29.36	101.0	27.04	29.36	99.9	26.66	29.36	103.6	NaN	29.36	NaN
6/07/2018 10:23:23 AM	3613681403	1013.00	26.95	29.36	100.8	27.04	29.36	99.9	26.64	29.36	103.8	NaN	29.36	NaN
6/07/2018 10:23:24 AM	3613681404	1013.00	26.95	29.35	100.8	27.05	29.35	99.9	26.67	29.35	103.6	NaN	29.35	NaN
6/07/2018 10:23:25 AM	3613681405	1013.00	26.95	29.35	100.8	27.09	29.35	99.5	26.64	29.35	103.9	NaN	29.35	NaN
6/07/2018 10:23:26 AM	3613681406	1013.00	26.92	29.35	101.1	27.05	29.35	99.9	26.60	29.35	104.3	NaN	29.35	NaN
6/07/2018 10:23:27 AM	3613681407	1013.00	26.94	29.34	100.9	27.05	29.34	99.9	26.69	29.34	103.4	NaN	29.34	NaN
6/07/2018 10:23:28 AM	3613681408	1013.00	26.92	29.34	101.1	27.11	29.34	99.3	26.63	29.34	104.0	NaN	29.34	NaN
6/07/2018 10:23:29 AM	3613681409	1013.00	26.97	29.35	100.6	27.05	29.35	99.9	26.63	29.35	104.0	NaN	29.35	NaN
6/07/2018 10:23:30 AM	3613681410	1013.00	26.95	29.35	100.8	27.10	29.35	99.4	26.65	29.35	103.8	NaN	29.35	NaN
6/07/2018 10:23:31 AM	3613681411	1013.00	26.95	29.34	100.8	27.06	29.34	99.8	26.64	29.34	103.9	NaN	29.34	NaN
6/07/2018 10:23:32 AM	3613681412	1013.00	26.96	29.35	100.7	27.13	29.35	99.1	26.66	29.35	103.7	NaN	29.35	NaN
6/07/2018 10:23:33 AM	3613681413	1013.00	26.94	29.35	100.9	27.07	29.35	99.7	26.65	29.35	103.8	NaN	29.35	NaN
6/07/2018 10:23:34 AM	3613681414	1013.00	26.95	29.35	100.8	27.09	29.35	99.5	26.62	29.35	104.1	NaN	29.35	NaN
6/07/2018 10:23:35 AM	3613681415	1013.00	26.95	29.35	100.8	27.12	29.35	99.2	26.66	29.35	103.7	NaN	29.35	NaN
6/07/2018 10:23:36 AM	3613681416	1013.00	26.96	29.35	100.7	27.11	29.35	99.3	26.65	29.35	103.8	NaN	29.35	NaN
6/07/2018 10:23:37 AM	3613681417	1013.00	26.94	29.35	100.9	27.09	29.35	99.5	26.64	29.35	103.9	NaN	29.35	NaN
6/07/2018 10:23:38 AM	3613681418	1013.00	26.95	29.34	100.8	27.08	29.34	99.6	26.62	29.34	104.1	NaN	29.34	NaN
6/07/2018 10:23:39 AM	3613681419	1013.00	26.97	29.34	100.6	27.09	29.34	99.5	26.64	29.34	103.9	NaN	29.34	NaN
6/07/2018 10:23:40 AM	3613681420	1013.00	26.96	29.34	100.7	27.12	29.34	99.2	26.62	29.34	104.1	NaN	29.34	NaN
6/07/2018 10:23:41 AM	3613681421	1013.00	26.94	29.34	100.9	27.11	29.34	99.3	26.67	29.34	103.6	NaN	29.34	NaN
6/07/2018 10:23:42 AM	3613681422	1013.00	26.94	29.34	100.9	27.12	29.34	99.2	26.67	29.34	103.6	NaN	29.34	NaN
6/07/2018 10:23:43 AM	3613681423	1013.00	26.93	29.34	101.0	27.12	29.34	99.2	26.61	29.34	104.2	NaN	29.34	NaN
6/07/2018 10:23:44 AM	3613681424	1013.00	26.93	29.34	101.0	27.09	29.34	99.5	26.66	29.34	103.7	NaN	29.34	NaN
6/07/2018 10:23:45 AM	3613681425	1013.00	26.96	29.34	100.7	27.14	29.34	99.0	26.64	29.34	103.9	NaN	29.34	NaN
6/07/2018 10:23:46 AM	3613681426	1013.00	26.97	29.34	100.6	27.10	29.34	99.4	26.63	29.34	104.0	NaN	29.34	NaN
6/07/2018 10:23:47 AM	3613681427	1013.00	26.93	29.34	101.0	27.14	29.34	99.0	26.61	29.34	104.2	NaN	29.34	NaN
6/07/2018 10:23:48 AM	3613681428	1013.00	26.93	29.34	101.0	27.14	29.34	99.0	26.67	29.34	103.6	NaN	29.34	NaN
6/07/2018 10:23:49 AM	3613681429	1013.00	26.93	29.35	101.0	27.14	29.35	99.0	26.62	29.35	104.1	NaN	29.35	NaN
6/07/2018 10:23:50 AM	3613681430	1013.00	26.95	29.35	100.8	27.11	29.35	99.3	26.62	29.35	104.1	NaN	29.35	NaN
6/07/2018 10:23:51 AM	3613681431	1013.00	26.96	29.35	100.7	27.16	29.35	98.8	26.69	29.35	103.4	NaN	29.35	NaN
6/07/2018 10:23:52 AM	3613681432	1013.00	26.94	29.34	100.9	27.15	29.34	98.9	26.63	29.34	104.0	NaN	29.34	NaN
6/07/2018 10:23:53 AM	3613681433	1013.00	26.92	29.34	101.1	27.17	29.34	98.8	26.65	29.34	103.8	NaN	29.34	NaN
6/07/2018 10:23:54 AM	3613681434	1013.00	26.94	29.33	101.0	27.15	29.33	99.0	26.61	29.33	104.2	NaN	29.33	NaN
6/07/2018 10:23:55 AM	3613681435	1013.00	26.94	29.33	101.0	27.20	29.33	98.5	26.65	29.33	103.8	NaN	29.33	NaN
6/07/2018 10:23:56 AM	3613681436	1013.00	26.93	29.33	101.0	27.16	29.33	98.9	26.63	29.33	104.0	NaN	29.33	NaN
6/07/2018 10:23:57 AM	3613681437	1013.00	26.96	29.33	100.8	27.19	29.33	98.6	26.67	29.33	103.6	NaN	29.33	NaN
6/07/2018 10:23:58 AM	3613681438	1013.00	26.95	29.34	100.8	27.18	29.34	98.7	26.66	29.34	103.7	NaN	29.34	NaN
6/07/2018 10:23:59 AM	3613681439	1013.00	26.98	29.33	100.6	27.20	29.33	98.5	26.65	29.33	103.8	NaN	29.33	NaN
6/07/2018 10:24:00 AM	3613681440	1013.00	26.93	29.34	101.0	27.16	29.34	98.8	26.63	29.34	104.0	NaN	29.34	NaN
6/07/2018 10:24:01 AM	3613681441	1013.00	26.94	29.33	101.0	27.17	29.33	98.8	26.64	29.33	103.9	NaN	29.33	NaN
6/07/2018 10:24:02 AM	3613681442	1013.00	26.94	29.32	101.0	27.17	29.32	98.8	26.65	29.32	103.8	NaN	29.32	NaN
6/07/2018 10:24:03 AM	3613681443	1013.00	26.94	29.33	101.0	27.18	29.33	98.7	26.67	29.33	103.6	NaN	29.33	NaN
6/07/2018 10:24:04 AM	3613681444	1013.00	26.94	29.33	101.0	27.19	29.33	98.6	26.64	29.33	103.9	NaN	29.33	NaN
6/07/2018 10:24:05 AM	3613681445	1013.00	26.96	29.33	100.8	27.21	29.33	98.4	26.61	29.33	104.2	NaN	29.33	NaN
6/07/2018 10:24:06 AM	3613681446	1013.00	26.95	29.34	100.8	27.20	29.34	98.5	26.63	29.34	104.0	NaN	29.34	NaN
6/07/2018 10:24:07 AM	3613681447	1013.00	26.95	29.33	100.9	27.21	29.33	98.4	26.64	29.33	103.9	NaN	29.33	NaN
6/07/2018 10:24:08 AM	3613681448	1013.00	26.96	29.33	100.8	27.21	29.33	98.4	26.59	29.33	104.4	NaN	29.33	NaN
6/07/2018 10:24:09 AM	3613681449	1013.00	26.95	29.34	100.8	27.17	29.34	98.8	26.65	29.34	103.8	NaN	29.34	NaN
6/07/2018 10:24:10 AM	3613681450	1013.00	26.96	29.34	100.7	27.21	29.34	98.4	26.65	29.34	103.8	NaN	29.34	NaN
6/07/2018 10:24:11 AM	3613681451	1013.00	26.97	29.34	100.6	27.23	29.34	98.2	26.66	29.34	103.7	NaN	29.34	NaN
6/07/2018 10:24:12 AM	3613681452	1013.00	26.94	29.34	100.9	27.24	29.34	98.1	26.64	29.34	103.9	NaN	29.34	NaN
6/07/2018 10:24:13 AM	3613681453	1013.00	26.97	29.34	100.6	27.22	29.34	98.3	26.70	29.34	103.3	NaN	29.34	NaN
6/07/2018 10:24:14 AM	3613681454	1013.00	26.95	29.33	100.9	27.22	29.33	98.3	26.65	29.33	103.8	NaN	29.33	NaN
6/07/2018 10:24:15 AM	3613681455	1013.00	26.94	29.33	101.0	27.25	29.33	98.0	26.60	29.33	104.3	NaN	29.33	NaN
6/07/2018 10:24:16 AM	3613681456	1013.00	26.95	29.33	100.9	27.23	29.33	98.2	26.67	29.33	103.6	NaN	29.33	NaN
6/07/2018 10:24:17 AM	3613681457	1013.00	26.97	29.34	100.6	27.27	29.34	97.8	26.67	29.34	103.6	NaN	29.34	NaN
6/07/2018 10:24:18 AM	3613681458	1013.00	26.97	29.33	100.7	27.26	29.33	97.9	26.65	29.33	103.8	NaN	29.33	NaN
6/07/2018 10:24:19 AM	3613681459	1013.00	26.94	29.33	101.0	27.25	29.33	98.0	26.61	29.33	104.2	NaN	29.33	NaN
6/07/2018 10:24:20 AM	3613681460	1013.00	26.97	29.33	100.7	27.28	29.33	97.8	26.66	29.33	103.7	NaN	29.33	NaN
6/07/2018 10:24:21 AM	3613681461	1013.00	26.95	29.33	100.9	27.26	29.33	97.9	26.68	29.33	103.5	NaN	29.33	NaN
6/07/2018 10:24:22 AM	3613681462	1013.00	26.97	29.32	100.7	27.26	29.32	98.0	26.66	29.32	103.7	NaN	29.32	NaN
6/07/2018 10:24:23 AM	3613681463	1013.00	26.96	29.33	100.8	27.26	29.33	97.9	26.62	29.33	104.1	NaN	29.33	NaN
6/07/2018 10:24:24 AM	3613681464	1013.00	26.96	29.34	100.7	27.25	29.34	98.0	26.63	29.34	104.0	NaN	29.34	NaN
6/07/2018 10:24:25 AM	3613681465	1013.00	26.97	29.33	100.7	27.28	29.33	97.8	26.65	29.33	103.8	NaN	29.33	NaN
6/07/2018 10:24:26 AM	3613681466	1013.00	26.95	29.32	100.9	27.27	29.32	97.9	26.64	29.32	103.9	NaN	29.32	NaN
6/07/2018 10:24:27 AM	3613681467	1013.00	26.94	29.32	101.0	27.28	29.32	97.8	26.67	29.32	103.6	NaN	29.32	NaN
6/07/2018 10:24:28 AM	3613681468	1013.00	26.97	29.31	100.7	27.30	29.31	97.6	26.69	29.31	103.4	NaN	29.31	NaN
6/07/2018 10:24:29 AM	3613681469	1013.00	26.94	29.31	101.0	27.34	29.31	97.2	26.66	29.31	103.7	NaN	29.31	NaN
6/07/2018 10:24:30 AM	3613681470	1013.00	26.94	29.32	101.0	27.30	29.32	97.6	26.60	29.32	104.3	NaN	29.32	NaN
6/07/2018 10:24:31 AM	3613681471	1013.00	26.94	29.33	101.0	27.29	29.33	97.7	26.66	29.33	103.7	NaN	29.33	NaN
6/07/2018 10:24:32 AM	3613681472	1013.00	26.94	29.33	101.0	27.32	29.33	97.4	26.62	29.33	104.1	NaN	29.33	NaN
6/07/2018 10:24:33 AM	3613681473	1013.00	26.94	29.33	101.0	27.36	29.33	97.0	26.66	29.33	103.7	NaN	29.33	NaN
6/07/2018 10:24:34 AM	3613681474	1013.00	26.94	29.33	101.0	27.30	29.33	97.6	26.64	29.33	103.9	NaN	29.33	NaN
6/07/2018 10:24:35 AM	3613681475	1013.00	26.95	29.33	100.9	27.33	29.33	97.3	26.70	29.33	103.3	NaN	29.33	NaN
6/07/2018 10:24:36 AM	3613681476	1013.00	26.95	29.33	100.9	27.37	29.33	96.9	26.71	29.33	103.2	NaN	29.33	NaN
6/07/2018 10:24:37 AM	3613681477	1013.00	26.95	29.33	100.9	27.33	29.33	97.3	26.69	29.33	103.4	NaN	29.33	NaN
6/07/2018 10:24:38 AM	3613681478	1013.00	26.97	29.33	100.7	27.34	29.33	97.2	26.68	29.33	103.5	NaN	29.33	NaN
6/07/2018 10:24:39 AM	3613681479	1013.00	26.98	29.33	100.6	27.40	29.33	96.7	26.66	29.33	103.7	NaN	29.33	NaN
6/07/2018 10:24:40 AM	3613681480	1013.00	26.96	29.32	100.8	27.38	29.32	96.8	26.64	29.32	103.9	NaN	29.32	NaN
6/07/2018 10:24:41 AM	3613681481	1013.00	26.95	29.32	100.9	27.36	29.32	97.0	26.66	29.32	103.7	NaN	29.32	NaN
6/07/2018 10:24:42 AM	3613681482	1013.00	26.94	29.32	101.0	27.37	29.32	96.9	26.65	29.32	103.8	NaN	29.32	NaN
6/07/2018 10:24:43 AM	3613681483	1013.00	26.95	29.31	100.9	27.38	29.31	96.9	26.64	29.31	103.9	NaN	29.31	NaN
6/07/2018 10:24:44 AM	3613681484	1013.00	26.93	29.32	101.1	27.41	29.32	96.6	26.62	29.32	104.1	NaN	29.32	NaN
6/07/2018 10:24:45 AM	3613681485	1013.00	26.97	29.32	100.7	27.42	29.32	96.5	26.66	29.32	103.7	NaN	29.32	NaN
6/07/2018 10:24:46 AM	3613681486	1013.00	26.96	29.32	100.8	27.43	29.32	96.4	26.67	29.32	103.6	NaN	29.32	NaN
6/07/2018 10:24:47 AM	3613681487	1013.00	26.96	29.32	100.8	27.46	29.32	96.1	26.69	29.32	103.4	NaN	29.32	NaN
6/07/2018 10:24:48 AM	3613681488	1013.00	26.95	29.32	100.9	27.42	29.32	96.5	26.65	29.32	103.8	NaN	29.32	NaN
6/07/2018 10:24:49 AM	3613681489	1013.00	26.94	29.32	101.0	27.42	29.32	96.5	26.67	29.32	103.6	NaN	29.32	NaN
6/07/2018 10:24:50 AM	3613681490	1013.00	26.96	29.32	100.8	27.43	29.32	96.4	26.64	29.32	103.9	NaN	29.32	NaN
6/07/2018 10:24:51 AM	3613681491	1013.00	26.97	29.32	100.7	27.39	29.32	96.8	26.69	29.32	103.4	NaN	29.32	NaN
6/07/2018 10:24:52 AM	3613681492	1013.00	26.96	29.32	100.8	27.43	29.32	96.4	26.65	29.32	103.8	NaN	29.32	NaN
6/07/2018 10:24:53 AM	3613681493	1013.00	26.97	29.33	100.7	27.40	29.33	96.7	26.69	29.33	103.4	NaN	29.33	NaN
6/07/2018 10:24:54 AM	3613681494	1013.00	26.95	29.32	100.9	27.42	29.32	96.5	26.66	29.32	103.7	NaN	29.32	NaN
6/07/2018 10:24:55 AM	3613681495	1013.00	26.95	29.32	100.9	27.45	29.32	96.2	26.72	29.32	103.1	NaN	29.32	NaN
6/07/2018 10:24:56 AM	3613681496	1013.00	26.95	29.31	100.9	27.45	29.31	96.2	26.64	29.31	103.9	NaN	29.31	NaN
6/07/2018 10:24:57 AM	3613681497	1013.00	27.00	29.31	100.4	27.45	29.31	96.2	26.70	29.31	103.3	NaN	29.31	NaN
6/07/2018 10:24:58 AM	3613681498	1013.00	26.98	29.32	100.6	27.44	29.32	96.3	26.65	29.32	103.8	NaN	29.32	NaN
6/07/2018 10:24:59 AM	3613681499	1013.00	26.99	29.32	100.5	27.48	29.32	95.9	26.68	29.32	103.5	NaN	29.32	NaN
6/07/2018 10:25:00 AM	3613681500	1013.00	26.97	29.33	100.7	27.46	29.33	96.1	26.65	29.33	103.8	NaN	29.33	NaN
6/07/2018 10:25:01 AM	3613681501	1013.00	26.96	29.33	100.8	27.48	29.33	95.9	26.68	29.33	103.5	NaN	29.33	NaN
6/07/2018 10:25:02 AM	3613681502	1013.00	26.99	29.33	100.5	27.49	29.33	95.8	26.67	29.33	103.6	NaN	29.33	NaN
6/07/2018 10:25:03 AM	3613681503	1013.00	26.99	29.32	100.5	27.47	29.32	96.0	26.70	29.32	103.3	NaN	29.32	NaN
6/07/2018 10:25:04 AM	3613681504	1013.00	26.99	29.32	100.5	27.47	29.32	96.0	26.63	29.32	104.0	NaN	29.32	NaN
6/07/2018 10:25:05 AM	3613681505	1013.00	27.00	29.32	100.4	27.50	29.32	95.8	26.72	29.32	103.1	NaN	29.32	NaN
6/07/2018 10:25:06 AM	3613681506	1013.00	26.98	29.32	100.6	27.49	29.32	95.9	26.63	29.32	104.0	NaN	29.32	NaN
6/07/2018 10:25:07 AM	3613681507	1013.00	27.00	29.31	100.4	27.48	29.31	96.0	26.69	29.31	103.4	NaN	29.31	NaN
6/07/2018 10:25:08 AM	3613681508	1013.00	26.98	29.31	100.6	27.51	29.31	95.7	26.66	29.31	103.7	NaN	29.31	NaN
6/07/2018 10:25:09 AM	3613681509	1013.00	27.00	29.32	100.4	27.53	29.32	95.5	26.65	29.32	103.8	NaN	29.32	NaN
6/07/2018 10:25:10 AM	3613681510	1013.00	27.00	29.32	100.4	27.52	29.32	95.6	26.68	29.32	103.5	NaN	29.32	NaN
6/07/2018 10:25:11 AM	3613681511	1013.00	26.99	29.32	100.5	27.51	29.32	95.7	26.69	29.32	103.4	NaN	29.32	NaN
6/07/2018 10:25:12 AM	3613681512	1013.00	26.99	29.33	100.5	27.54	29.33	95.4	26.69	29.33	103.4	NaN	29.33	NaN
6/07/2018 10:25:13 AM	3613681513	1013.00	27.01	29.32	100.3	27.53	29.32	95.5	26.67	29.32	103.6	NaN	29.32	NaN
6/07/2018 10:25:14 AM	3613681514	1013.00	27.01	29.33	100.3	27.52	29.33	95.6	26.64	29.33	103.9	NaN	29.33	NaN
6/07/2018 10:25:15 AM	3613681515	1013.00	27.03	29.33	100.1	27.55	29.33	95.3	26.66	29.33	103.7	NaN	29.33	NaN
6/07/2018 10:25:16 AM	3613681516	1013.00	26.99	29.33	100.5	27.55	29.33	95.3	26.65	29.33	103.8	NaN	29.33	NaN
6/07/2018 10:25:17 AM	3613681517	1013.00	27.03	29.33	100.1	27.57	29.33	95.1	26.65	29.33	103.8	NaN	29.33	NaN
6/07/2018 10:25:18 AM	3613681518	1013.00	27.00	29.33	100.4	27.59	29.33	94.9	26.65	29.33	103.8	NaN	29.33	NaN
6/07/2018 10:25:19 AM	3613681519	1013.00	27.01	29.32	100.3	27.57	29.32	95.1	26.66	29.32	103.7	NaN	29.32	NaN
6/07/2018 10:25:20 AM	3613681520	1013.00	27.01	29.32	100.3	27.55	29.32	95.3	26.65	29.32	103.8	NaN	29.32	NaN
6/07/2018 10:25:21 AM	3613681521	1013.00	27.04	29.32	100.0	27.61	29.32	94.8	26.67	29.32	103.6	NaN	29.32	NaN
6/07/2018 10:25:22 AM	3613681522	1013.00	26.99	29.32	100.5	27.59	29.32	95.0	26.68	29.32	103.5	NaN	29.32	NaN
6/07/2018 10:25:23 AM	3613681523	1013.00	27.01	29.31	100.3	27.65	29.31	94.4	26.71	29.31	103.2	NaN	29.31	NaN
6/07/2018 10:25:24 AM	3613681524	1013.00	27.00	29.31	100.4	27.58	29.31	95.1	26.67	29.31	103.6	NaN	29.31	NaN
6/07/2018 10:25:25 AM	3613681525	1013.00	27.04	29.32	100.0	27.63	29.32	94.6	26.72	29.32	103.1	NaN	29.32	NaN
6/07/2018 10:25:26 AM	3613681526	1013.00	27.04	29.32	100.0	27.63	29.32	94.6	26.66	29.32	103.7	NaN	29.32	NaN
6/07/2018 10:25:27 AM	3613681527	1013.00	27.04	29.32	100.0	27.64	29.32	94.5	26.68	29.32	103.5	NaN	29.32	NaN
6/07/2018 10:25:28 AM	3613681528	1013.00	27.03	29.33	100.1	27.64	29.33	94.5	26.68	29.33	103.5	NaN	29.33	NaN
6/07/2018 10:25:29 AM	3613681529	1013.00	27.03	29.33	100.1	27.66	29.33	94.3	26.67	29.33	103.6	NaN	29.33	NaN
6/07/2018 10:25:30 AM	3613681530	1013.00	27.03	29.33	100.1	27.68	29.33	94.1	26.69	29.33	103.4	NaN	29.33	NaN
6/07/2018 10:25:31 AM	3613681531	1013.00	27.04	29.32	100.0	27.66	29.32	94.3	26.68	29.32	103.5	NaN	29.32	NaN
6/07/2018 10:25:32 AM	3613681532	1013.00	27.04	29.32	100.0	27.67	29.32	94.2	26.66	29.32	103.7	NaN	29.32	NaN
6/07/2018 10:25:33 AM	3613681533	1013.00	27.05	29.32	99.9	27.68	29.32	94.2	26.68	29.32	103.5	NaN	29.32	NaN
6/07/2018 10:25:34 AM	3613681534	1013.00	27.05	29.31	99.9	27.71	29.31	93.9	26.66	29.31	103.7	NaN	29.31	NaN
6/07/2018 10:25:35 AM	3613681535	1013.00	27.04	29.32	100.0	27.73	29.32	93.7	26.66	29.32	103.7	NaN	29.32	NaN
6/07/2018 10:25:36 AM	3613681536	1013.00	27.05	29.32	99.9	27.72	29.32	93.8	26.67	29.32	103.6	NaN	29.32	NaN
6/07/2018 10:25:37 AM	3613681537	1013.00	27.04	29.33	100.0	27.70	29.33	94.0	26.65	29.33	103.8	NaN	29.33	NaN
6/07/2018 10:25:38 AM	3613681538	1013.00	27.05	29.32	99.9	27.73	29.32	93.7	26.66	29.32	103.7	NaN	29.32	NaN
6/07/2018 10:25:39 AM	3613681539	1013.00	27.05	29.32	99.9	27.73	29.32	93.7	26.71	29.32	103.2	NaN	29.32	NaN
6/07/2018 10:25:40 AM	3613681540	1013.00	27.05	29.32	99.9	27.74	29.32	93.6	26.66	29.32	103.7	NaN	29.32	NaN
6/07/2018 10:25:41 AM	3613681541	1013.00	27.05	29.32	99.9	27.72	29.32	93.8	26.69	29.32	103.4	NaN	29.32	NaN
6/07/2018 10:25:42 AM	3613681542	1013.00	27.06	29.32	99.8	27.70	29.32	94.0	26.67	29.32	103.6	NaN	29.32	NaN
6/07/2018 10:25:43 AM	3613681543	1013.00	27.07	29.33	99.7	27.74	29.33	93.6	26.62	29.33	104.1	NaN	29.33	NaN
6/07/2018 10:25:44 AM	3613681544	1013.00	27.05	29.33	99.9	27.73	29.33	93.7	26.69	29.33	103.4	NaN	29.33	NaN
6/07/2018 10:25:45 AM	3613681545	1013.00	27.04	29.33	100.0	27.76	29.33	93.4	26.66	29.33	103.7	NaN	29.33	NaN
6/07/2018 10:25:46 AM	3613681546	1013.00	27.06	29.33	99.8	27.77	29.33	93.4	26.67	29.33	103.6	NaN	29.33	NaN
6/07/2018 10:25:47 AM	3613681547	1013.00	27.09	29.33	99.5	27.76	29.33	93.4	26.63	29.33	104.0	NaN	29.33	NaN
6/07/2018 10:25:48 AM	3613681548	1013.00	27.05	29.33	99.9	27.80	29.33	93.1	26.68	29.33	103.5	NaN	29.33	NaN
6/07/2018 10:25:49 AM	3613681549	1013.00	27.04	29.32	100.0	27.80	29.32	93.1	26.67	29.32	103.6	NaN	29.32	NaN
6/07/2018 10:25:50 AM	3613681550	1013.00	27.05	29.32	99.9	27.77	29.32	93.4	26.64	29.32	103.9	NaN	29.32	NaN
6/07/2018 10:25:51 AM	3613681551	1013.00	27.07	29.32	99.7	27.80	29.32	93.1	26.66	29.32	103.7	NaN	29.32	NaN
6/07/2018 10:25:52 AM	3613681552	1013.00	27.10	29.32	99.4	27.77	29.32	93.4	26.70	29.32	103.3	NaN	29.32	NaN
6/07/2018 10:25:53 AM	3613681553	1013.00	27.07	29.32	99.7	27.81	29.32	93.0	26.67	29.32	103.6	NaN	29.32	NaN
6/07/2018 10:25:54 AM	3613681554	1013.00	27.06	29.32	99.8	27.78	29.32	93.3	26.67	29.32	103.6	NaN	29.32	NaN
6/07/2018 10:25:55 AM	3613681555	1013.00	27.10	29.32	99.4	27.81	29.32	93.0	26.69	29.32	103.4	NaN	29.32	NaN
6/07/2018 10:25:56 AM	3613681556	1013.00	27.07	29.33	99.7	27.82	29.33	92.9	26.67	29.33	103.6	NaN	29.33	NaN
6/07/2018 10:25:57 AM	3613681557	1013.00	27.07	29.32	99.7	27.83	29.32	92.8	26.69	29.32	103.4	NaN	29.32	NaN
6/07/2018 10:25:58 AM	3613681558	1013.00	27.09	29.32	99.5	27.86	29.32	92.6	26.67	29.32	103.6	NaN	29.32	NaN
6/07/2018 10:25:59 AM	3613681559	1013.00	27.10	29.32	99.4	27.86	29.32	92.6	26.65	29.32	103.8	NaN	29.32	NaN
6/07/2018 10:26:00 AM	3613681560	1013.00	27.11	29.31	99.4	27.84	29.31	92.8	26.66	29.31	103.7	NaN	29.31	NaN
6/07/2018 10:26:01 AM	3613681561	1013.00	27.08	29.32	99.6	27.85	29.32	92.7	26.63	29.32	104.0	NaN	29.32	NaN
6/07/2018 10:26:02 AM	3613681562	1013.00	27.11	29.33	99.3	27.84	29.33	92.7	26.69	29.33	103.4	NaN	29.33	NaN
6/07/2018 10:26:03 AM	3613681563	1013.00	27.08	29.31	99.7	27.86	29.31	92.6	26.67	29.31	103.6	NaN	29.31	NaN
6/07/2018 10:26:04 AM	3613681564	1013.00	27.10	29.32	99.4	27.89	29.32	92.3	26.66	29.32	103.7	NaN	29.32	NaN
6/07/2018 10:26:05 AM	3613681565	1013.00	27.09	29.31	99.6	27.86	29.31	92.6	26.69	29.31	103.4	NaN	29.31	NaN
6/07/2018 10:26:06 AM	3613681566	1013.00	27.09	29.31	99.6	27.87	29.31	92.5	26.70	29.31	103.3	NaN	29.31	NaN
6/07/2018 10:26:07 AM	3613681567	1013.00	27.07	29.31	99.7	27.91	29.31	92.2	26.69	29.31	103.4	NaN	29.31	NaN
6/07/2018 10:26:08 AM	3613681568	1013.00	27.10	29.31	99.5	27.90	29.31	92.3	26.68	29.31	103.5	NaN	29.31	NaN
6/07/2018 10:26:09 AM	3613681569	1013.00	27.09	29.30	99.6	27.92	29.30	92.1	26.71	29.30	103.2	NaN	29.30	NaN
6/07/2018 10:26:10 AM	3613681570	1013.00	27.10	29.31	99.5	27.90	29.31	92.3	26.66	29.31	103.7	NaN	29.31	NaN
6/07/2018 10:26:11 AM	3613681571	1013.00	27.09	29.30	99.6	27.96	29.30	91.8	26.65	29.30	103.8	NaN	29.30	NaN
6/07/2018 10:26:12 AM	3613681572	1013.00	27.11	29.30	99.4	27.95	29.30	91.8	26.69	29.30	103.4	NaN	29.30	NaN
6/07/2018 10:26:13 AM	3613681573	1013.00	27.13	29.31	99.2	27.94	29.31	91.9	26.66	29.31	103.7	NaN	29.31	NaN
6/07/2018 10:26:14 AM	3613681574	1013.00	27.11	29.31	99.4	27.98	29.31	91.6	26.71	29.31	103.2	NaN	29.31	NaN
6/07/2018 10:26:15 AM	3613681575	1013.00	27.10	29.31	99.5	27.99	29.31	91.5	26.64	29.31	103.9	NaN	29.31	NaN
6/07/2018 10:26:16 AM	3613681576	1013.00	27.11	29.31	99.4	27.95	29.31	91.8	26.70	29.31	103.3	NaN	29.31	NaN
6/07/2018 10:26:17 AM	3613681577	1013.00	27.12	29.31	99.3	27.97	29.31	91.7	26.70	29.31	103.3	NaN	29.31	NaN
6/07/2018 10:26:18 AM	3613681578	1013.00	27.09	29.31	99.6	27.95	29.31	91.8	26.68	29.31	103.5	NaN	29.31	NaN
6/07/2018 10:26:19 AM	3613681579	1013.00	27.12	29.32	99.3	28.01	29.32	91.3	26.67	29.32	103.6	NaN	29.32	NaN
6/07/2018 10:26:20 AM	3613681580	1013.00	27.16	29.32	98.9	28.01	29.32	91.3	26.70	29.32	103.3	NaN	29.32	NaN
6/07/2018 10:26:21 AM	3613681581	1013.00	27.11	29.32	99.4	27.99	29.32	91.5	26.66	29.32	103.7	NaN	29.32	NaN
6/07/2018 10:26:22 AM	3613681582	1013.00	27.16	29.31	98.9	28.02	29.31	91.2	26.73	29.31	103.0	NaN	29.31	NaN
6/07/2018 10:26:23 AM	3613681583	1013.00	27.11	29.31	99.4	28.02	29.31	91.2	26.71	29.31	103.2	NaN	29.31	NaN
6/07/2018 10:26:24 AM	3613681584	1013.00	27.10	29.31	99.5	28.02	29.31	91.2	26.67	29.31	103.6	NaN	29.31	NaN
6/07/2018 10:26:25 AM	3613681585	1013.00	27.14	29.30	99.1	28.02	29.30	91.2	26.66	29.30	103.7	NaN	29.30	NaN
6/07/2018 10:26:26 AM	3613681586	1013.00	27.13	29.30	99.2	28.05	29.30	91.0	26.68	29.30	103.5	NaN	29.30	NaN
6/07/2018 10:26:27 AM	3613681587	1013.00	27.14	29.30	99.1	28.07	29.30	90.8	26.70	29.30	103.3	NaN	29.30	NaN
6/07/2018 10:26:28 AM	3613681588	1013.00	27.14	29.30	99.1	28.08	29.30	90.7	26.67	29.30	103.6	NaN	29.30	NaN
6/07/2018 10:26:29 AM	3613681589	1013.00	27.15	29.31	99.0	28.07	29.31	90.8	26.67	29.31	103.6	NaN	29.31	NaN
6/07/2018 10:26:30 AM	3613681590	1013.00	27.17	29.31	98.8	28.10	29.31	90.6	26.69	29.31	103.4	NaN	29.31	NaN
6/07/2018 10:26:31 AM	3613681591	1013.00	27.16	29.31	98.9	28.09	29.31	90.6	26.71	29.31	103.2	NaN	29.31	NaN
6/07/2018 10:26:32 AM	3613681592	1013.00	27.18	29.31	98.7	28.14	29.31	90.2	26.67	29.31	103.6	NaN	29.31	NaN
6/07/2018 10:26:33 AM	3613681593	1013.00	27.17	29.31	98.8	28.11	29.31	90.5	26.70	29.31	103.3	NaN	29.31	NaN
6/07/2018 10:26:34 AM	3613681594	1013.00	27.17	29.31	98.8	28.12	29.31	90.4	26.68	29.31	103.5	NaN	29.31	NaN
6/07/2018 10:26:35 AM	3613681595	1013.00	27.16	29.32	98.9	28.12	29.32	90.4	26.69	29.32	103.4	NaN	29.32	NaN
6/07/2018 10:26:36 AM	3613681596	1013.00	27.16	29.32	98.9	28.13	29.32	90.3	26.68	29.32	103.5	NaN	29.32	NaN
6/07/2018 10:26:37 AM	3613681597	1013.00	27.16	29.32	98.9	28.15	29.32	90.1	26.69	29.32	103.4	NaN	29.32	NaN
6/07/2018 10:26:38 AM	3613681598	1013.00	27.19	29.32	98.6	28.14	29.32	90.2	26.69	29.32	103.4	NaN	29.32	NaN
6/07/2018 10:26:39 AM	3613681599	1013.00	27.18	29.31	98.7	28.14	29.31	90.2	26.70	29.31	103.3	NaN	29.31	NaN
6/07/2018 10:26:40 AM	3613681600	1013.00	27.19	29.31	98.6	28.15	29.31	90.1	26.69	29.31	103.4	NaN	29.31	NaN
6/07/2018 10:26:41 AM	3613681601	1013.00	27.18	29.30	98.7	28.18	29.30	89.9	26.70	29.30	103.3	NaN	29.30	NaN
6/07/2018 10:26:42 AM	3613681602	1013.00	27.18	29.30	98.7	28.17	29.30	90.0	26.64	29.30	103.9	NaN	29.30	NaN
6/07/2018 10:26:43 AM	3613681603	1013.00	27.17	29.30	98.8	28.16	29.30	90.1	26.67	29.30	103.6	NaN	29.30	NaN
6/07/2018 10:26:44 AM	3613681604	1013.00	27.22	29.31	98.3	28.19	29.31	89.8	26.74	29.31	102.9	NaN	29.31	NaN
6/07/2018 10:26:45 AM	3613681605	1013.00	27.21	29.31	98.4	28.18	29.31	89.9	26.69	29.31	103.4	NaN	29.31	NaN
6/07/2018 10:26:46 AM	3613681606	1013.00	27.21	29.31	98.4	28.17	29.31	90.0	26.66	29.31	103.7	NaN	29.31	NaN
6/07/2018 10:26:47 AM	3613681607	1013.00	27.21	29.30	98.5	28.21	29.30	89.7	26.70	29.30	103.3	NaN	29.30	NaN
6/07/2018 10:26:48 AM	3613681608	1013.00	27.19	29.30	98.6	28.25	29.30	89.3	26.69	29.30	103.4	NaN	29.30	NaN
6/07/2018 10:26:49 AM	3613681609	1013.00	27.19	29.31	98.6	28.22	29.31	89.6	26.68	29.31	103.5	NaN	29.31	NaN
6/07/2018 10:26:50 AM	3613681610	1013.00	27.18	29.31	98.7	28.26	29.31	89.2	26.69	29.31	103.4	NaN	29.31	NaN
6/07/2018 10:26:51 AM	3613681611	1013.00	27.24	29.31	98.2	28.24	29.31	89.4	26.69	29.31	103.4	NaN	29.31	NaN
6/07/2018 10:26:52 AM	3613681612	1013.00	27.23	29.32	98.2	28.24	29.32	89.4	26.68	29.32	103.5	NaN	29.32	NaN
6/07/2018 10:26:53 AM	3613681613	1013.00	27.24	29.32	98.1	28.23	29.32	89.5	26.68	29.32	103.5	NaN	29.32	NaN
6/07/2018 10:26:54 AM	3613681614	1013.00	27.20	29.32	98.5	28.25	29.32	89.3	26.72	29.32	103.1	NaN	29.32	NaN
6/07/2018 10:26:55 AM	3613681615	1013.00	27.21	29.31	98.4	28.28	29.31	89.1	26.68	29.31	103.5	NaN	29.31	NaN
6/07/2018 10:26:56 AM	3613681616	1013.00	27.21	29.30	98.5	28.29	29.30	89.0	26.67	29.30	103.6	NaN	29.30	NaN
6/07/2018 10:26:57 AM	3613681617	1013.00	27.22	29.31	98.3	28.29	29.31	89.0	26.70	29.31	103.3	NaN	29.31	NaN
6/07/2018 10:26:58 AM	3613681618	1013.00	27.19	29.31	98.6	28.27	29.31	89.1	26.71	29.31	103.2	NaN	29.31	NaN
6/07/2018 10:26:59 AM	3613681619	1013.00	27.23	29.29	98.3	28.30	29.29	88.9	26.69	29.29	103.5	NaN	29.29	NaN
6/07/2018 10:27:00 AM	3613681620	1013.00	27.23	29.30	98.3	28.32	29.30	88.7	26.70	29.30	103.3	NaN	29.30	NaN
6/07/2018 10:27:01 AM	3613681621	1013.00	27.23	29.30	98.3	28.31	29.30	88.8	26.65	29.30	103.8	NaN	29.30	NaN
6/07/2018 10:27:02 AM	3613681622	1013.00	27.23	29.30	98.3	28.32	29.30	88.7	26.70	29.30	103.3	NaN	29.30	NaN
6/07/2018 10:27:03 AM	3613681623	1013.00	27.24	29.29	98.2	28.35	29.29	88.5	26.72	29.29	103.2	NaN	29.29	NaN
6/07/2018 10:27:04 AM	3613681624	1013.00	27.23	29.30	98.3	28.31	29.30	88.8	26.73	29.30	103.0	NaN	29.30	NaN
6/07/2018 10:27:05 AM	3613681625	1013.00	27.23	29.30	98.3	28.33	29.30	88.7	26.70	29.30	103.3	NaN	29.30	NaN
6/07/2018 10:27:06 AM	3613681626	1013.00	27.21	29.30	98.5	28.35	29.30	88.5	26.72	29.30	103.1	NaN	29.30	NaN
6/07/2018 10:27:07 AM	3613681627	1013.00	27.25	29.29	98.1	28.31	29.29	88.8	26.69	29.29	103.5	NaN	29.29	NaN
6/07/2018 10:27:08 AM	3613681628	1013.00	27.24	29.30	98.2	28.33	29.30	88.7	26.67	29.30	103.6	NaN	29.30	NaN
6/07/2018 10:27:09 AM	3613681629	1013.00	27.24	29.29	98.2	28.36	29.29	88.4	26.67	29.29	103.7	NaN	29.29	NaN
6/07/2018 10:27:10 AM	3613681630	1013.00	27.22	29.29	98.4	28.89	29.29	84.2	26.64	29.29	104.0	NaN	29.29	NaN
6/07/2018 10:27:11 AM	3613681631	1013.00	27.22	29.29	98.4	28.35	29.29	88.5	26.68	29.29	103.6	NaN	29.29	NaN
6/07/2018 10:27:12 AM	3613681632	1013.00	27.25	29.29	98.1	28.37	29.29	88.4	26.68	29.29	103.6	NaN	29.29	NaN
6/07/2018 10:27:13 AM	3613681633	1013.00	27.25	29.29	98.1	28.41	29.29	88.0	26.67	29.29	103.7	NaN	29.29	NaN
6/07/2018 10:27:14 AM	3613681634	1013.00	27.25	29.28	98.1	28.40	29.28	88.1	26.67	29.28	103.7	NaN	29.28	NaN
6/07/2018 10:27:15 AM	3613681635	1013.00	27.25	29.28	98.1	28.40	29.28	88.1	26.69	29.28	103.5	NaN	29.28	NaN
6/07/2018 10:27:16 AM	3613681636	1013.00	27.23	29.28	98.3	28.44	29.28	87.8	26.72	29.28	103.2	NaN	29.28	NaN
6/07/2018 10:27:17 AM	3613681637	1013.00	27.26	29.27	98.0	28.40	29.27	88.1	26.69	29.27	103.5	NaN	29.27	NaN
6/07/2018 10:27:18 AM	3613681638	1013.00	27.27	29.27	97.9	28.41	29.27	88.1	26.70	29.27	103.4	NaN	29.27	NaN
6/07/2018 10:27:19 AM	3613681639	1013.00	27.27	29.28	97.9	28.45	29.28	87.7	26.69	29.28	103.5	NaN	29.28	NaN
6/07/2018 10:27:20 AM	3613681640	1013.00	27.26	29.27	98.0	28.45	29.27	87.7	26.68	29.27	103.6	NaN	29.27	NaN
6/07/2018 10:27:21 AM	3613681641	1013.00	27.26	29.27	98.0	28.47	29.27	87.6	26.73	29.27	103.1	NaN	29.27	NaN
6/07/2018 10:27:22 AM	3613681642	1013.00	27.28	29.28	97.8	28.46	29.28	87.6	26.71	29.28	103.3	NaN	29.28	NaN
6/07/2018 10:27:23 AM	3613681643	1013.00	27.27	29.29	97.9	28.49	29.29	87.4	26.69	29.29	103.5	NaN	29.29	NaN
6/07/2018 10:27:24 AM	3613681644	1013.00	27.30	29.29	97.6	28.44	29.29	87.8	26.70	29.29	103.4	NaN	29.29	NaN
6/07/2018 10:27:25 AM	3613681645	1013.00	27.23	29.29	98.3	28.46	29.29	87.6	26.67	29.29	103.7	NaN	29.29	NaN
6/07/2018 10:27:26 AM	3613681646	1013.00	27.29	29.29	97.7	28.51	29.29	87.2	26.66	29.29	103.8	NaN	29.29	NaN
6/07/2018 10:27:27 AM	3613681647	1013.00	27.30	29.30	97.6	28.49	29.30	87.4	26.71	29.30	103.2	NaN	29.30	NaN
6/07/2018 10:27:28 AM	3613681648	1013.00	27.28	29.29	97.8	28.51	29.29	87.2	26.66	29.29	103.8	NaN	29.29	NaN
6/07/2018 10:27:29 AM	3613681649	1013.00	27.28	29.29	97.8	28.52	29.29	87.1	26.68	29.29	103.6	NaN	29.29	NaN
6/07/2018 10:27:30 AM	3613681650	1013.00	27.28	29.30	97.8	28.52	29.30	87.1	26.70	29.30	103.3	NaN	29.30	NaN
6/07/2018 10:27:31 AM	3613681651	1013.00	27.28	29.29	97.8	28.55	29.29	86.9	26.68	29.29	103.6	NaN	29.29	NaN
6/07/2018 10:27:32 AM	3613681652	1013.00	27.26	29.30	98.0	28.52	29.30	87.1	26.71	29.30	103.2	NaN	29.30	NaN
6/07/2018 10:27:33 AM	3613681653	1013.00	27.28	29.31	97.8	28.52	29.31	87.1	26.73	29.31	103.0	NaN	29.31	NaN
6/07/2018 10:27:34 AM	3613681654	1013.00	27.26	29.32	98.0	28.54	29.32	86.9	26.72	29.32	103.1	NaN	29.32	NaN
6/07/2018 10:27:35 AM	3613681655	1013.00	27.30	29.30	97.6	28.55	29.30	86.9	26.68	29.30	103.5	NaN	29.30	NaN
6/07/2018 10:27:36 AM	3613681656	1013.00	27.31	29.30	97.5	28.56	29.30	86.8	26.71	29.30	103.2	NaN	29.30	NaN
6/07/2018 10:27:37 AM	3613681657	1013.00	27.33	29.29	97.4	28.58	29.29	86.7	26.69	29.29	103.5	NaN	29.29	NaN
6/07/2018 10:27:38 AM	3613681658	1013.00	27.31	29.29	97.5	28.58	29.29	86.7	26.69	29.29	103.5	NaN	29.29	NaN
6/07/2018 10:27:39 AM	3613681659	1013.00	27.30	29.28	97.7	28.59	29.28	86.6	26.73	29.28	103.1	NaN	29.28	NaN
6/07/2018 10:27:40 AM	3613681660	1013.00	27.32	29.28	97.5	28.61	29.28	86.4	26.73	29.28	103.1	NaN	29.28	NaN
6/07/2018 10:27:41 AM	3613681661	1013.00	27.33	29.28	97.4	28.58	29.28	86.7	26.73	29.28	103.1	NaN	29.28	NaN
6/07/2018 10:27:42 AM	3613681662	1013.00	27.31	29.27	97.6	28.58	29.27	86.7	26.71	29.27	103.3	NaN	29.27	NaN
6/07/2018 10:27:43 AM	3613681663	1013.00	27.33	29.27	97.4	28.58	29.27	86.7	26.70	29.27	103.4	NaN	29.27	NaN
6/07/2018 10:27:44 AM	3613681664	1013.00	27.33	29.27	97.4	28.65	29.27	86.1	26.72	29.27	103.2	NaN	29.27	NaN
6/07/2018 10:27:45 AM	3613681665	1013.00	27.32	29.26	97.5	28.63	29.26	86.3	26.72	29.26	103.2	NaN	29.26	NaN
6/07/2018 10:27:46 AM	3613681666	1013.00	27.33	29.27	97.4	28.62	29.27	86.4	26.67	29.27	103.7	NaN	29.27	NaN
6/07/2018 10:27:47 AM	3613681667	1013.00	27.35	29.28	97.2	28.65	29.28	86.1	26.72	29.28	103.2	NaN	29.28	NaN
6/07/2018 10:27:48 AM	3613681668	1013.00	27.30	29.28	97.7	28.66	29.28	86.0	26.71	29.28	103.3	NaN	29.28	NaN
6/07/2018 10:27:49 AM	3613681669	1013.00	27.31	29.28	97.6	28.64	29.28	86.2	26.69	29.28	103.5	NaN	29.28	NaN
6/07/2018 10:27:50 AM	3613681670	1013.00	27.33	29.28	97.4	28.67	29.28	86.0	26.69	29.28	103.5	NaN	29.28	NaN
6/07/2018 10:27:51 AM	3613681671	1013.00	27.34	29.27	97.3	28.64	29.27	86.2	26.73	29.27	103.1	NaN	29.27	NaN
6/07/2018 10:27:52 AM	3613681672	1013.00	27.33	29.27	97.4	28.66	29.27	86.1	26.66	29.27	103.8	NaN	29.27	NaN
6/07/2018 10:27:53 AM	3613681673	1013.00	27.34	29.27	97.3	28.67	29.27	86.0	26.66	29.27	103.8	NaN	29.27	NaN
6/07/2018 10:27:54 AM	3613681674	1013.00	27.33	29.27	97.4	28.69	29.27	85.8	26.70	29.27	103.4	NaN	29.27	NaN
6/07/2018 10:27:55 AM	3613681675	1013.00	27.35	29.28	97.2	28.71	29.28	85.6	26.71	29.28	103.3	NaN	29.28	NaN
6/07/2018 10:27:56 AM	3613681676	1013.00	27.36	29.28	97.1	28.72	29.28	85.6	26.71	29.28	103.3	NaN	29.28	NaN
6/07/2018 10:27:57 AM	3613681677	1013.00	27.34	29.28	97.3	28.68	29.28	85.9	26.69	29.28	103.5	NaN	29.28	NaN
6/07/2018 10:27:58 AM	3613681678	1013.00	27.38	29.27	96.9	28.68	29.27	85.9	26.70	29.27	103.4	NaN	29.27	NaN
6/07/2018 10:27:59 AM	3613681679	1013.00	27.38	29.28	96.9	28.72	29.28	85.6	26.70	29.28	103.4	NaN	29.28	NaN
6/07/2018 10:28:00 AM	3613681680	1013.00	27.37	29.28	97.0	28.68	29.28	85.9	26.69	29.28	103.5	NaN	29.28	NaN
6/07/2018 10:28:01 AM	3613681681	1013.00	27.37	29.28	97.0	28.72	29.28	85.6	26.69	29.28	103.5	NaN	29.28	NaN
6/07/2018 10:28:02 AM	3613681682	1013.00	27.38	29.28	96.9	28.72	29.28	85.6	26.69	29.28	103.5	NaN	29.28	NaN
6/07/2018 10:28:03 AM	3613681683	1013.00	27.38	29.28	96.9	28.73	29.28	85.5	26.70	29.28	103.4	NaN	29.28	NaN
6/07/2018 10:28:04 AM	3613681684	1013.00	27.38	29.28	96.9	28.75	29.28	85.3	26.64	29.28	104.0	NaN	29.28	NaN
6/07/2018 10:28:05 AM	3613681685	1013.00	27.37	29.28	97.0	28.74	29.28	85.4	26.70	29.28	103.4	NaN	29.28	NaN
6/07/2018 10:28:06 AM	3613681686	1013.00	27.37	29.29	97.0	28.76	29.29	85.2	26.69	29.29	103.5	NaN	29.29	NaN
6/07/2018 10:28:07 AM	3613681687	1013.00	27.39	29.28	96.8	28.76	29.28	85.3	26.67	29.28	103.7	NaN	29.28	NaN
6/07/2018 10:28:08 AM	3613681688	1013.00	27.39	29.28	96.8	28.76	29.28	85.3	26.71	29.28	103.3	NaN	29.28	NaN
6/07/2018 10:28:09 AM	3613681689	1013.00	27.40	29.28	96.7	28.82	29.28	84.8	26.68	29.28	103.6	NaN	29.28	NaN
6/07/2018 10:28:10 AM	3613681690	1013.00	27.39	29.27	96.8	28.82	29.27	84.8	26.68	29.27	103.6	NaN	29.27	NaN
6/07/2018 10:28:11 AM	3613681691	1013.00	27.40	29.28	96.7	28.77	29.28	85.2	26.75	29.28	102.9	NaN	29.28	NaN
6/07/2018 10:28:12 AM	3613681692	1013.00	27.39	29.28	96.8	28.80	29.28	84.9	26.73	29.28	103.1	NaN	29.28	NaN
6/07/2018 10:28:13 AM	3613681693	1013.00	27.39	29.28	96.8	28.84	29.28	84.6	26.71	29.28	103.3	NaN	29.28	NaN
6/07/2018 10:28:14 AM	3613681694	1013.00	27.42	29.28	96.6	28.79	29.28	85.0	26.71	29.28	103.3	NaN	29.28	NaN
6/07/2018 10:28:15 AM	3613681695	1013.00	27.42	29.28	96.6	28.86	29.28	84.5	26.71	29.28	103.3	NaN	29.28	NaN
6/07/2018 10:28:16 AM	3613681696	1013.00	27.40	29.28	96.7	28.81	29.28	84.9	26.69	29.28	103.5	NaN	29.28	NaN
6/07/2018 10:28:17 AM	3613681697	1013.00	27.43	29.28	96.5	28.80	29.28	84.9	26.71	29.28	103.3	NaN	29.28	NaN
6/07/2018 10:28:18 AM	3613681698	1013.00	27.40	29.28	96.7	28.85	29.28	84.6	26.68	29.28	103.6	NaN	29.28	NaN
6/07/2018 10:28:19 AM	3613681699	1013.00	27.40	29.28	96.7	28.86	29.28	84.5	26.70	29.28	103.4	NaN	29.28	NaN
6/07/2018 10:28:20 AM	3613681700	1013.00	27.41	29.28	96.6	28.87	29.28	84.4	26.70	29.28	103.4	NaN	29.28	NaN
6/07/2018 10:28:21 AM	3613681701	1013.00	27.44	29.27	96.4	28.90	29.27	84.2	26.68	29.27	103.6	NaN	29.27	NaN
6/07/2018 10:28:22 AM	3613681702	1013.00	27.42	29.27	96.6	28.89	29.27	84.3	26.74	29.27	103.0	NaN	29.27	NaN
6/07/2018 10:28:23 AM	3613681703	1013.00	27.42	29.27	96.6	28.88	29.27	84.3	26.72	29.27	103.2	NaN	29.27	NaN
6/07/2018 10:28:24 AM	3613681704	1013.00	27.41	29.27	96.7	28.86	29.27	84.5	26.69	29.27	103.5	NaN	29.27	NaN
6/07/2018 10:28:25 AM	3613681705	1013.00	27.43	29.27	96.5	28.88	29.27	84.3	26.66	29.27	103.8	NaN	29.27	NaN
6/07/2018 10:28:26 AM	3613681706	1013.00	27.45	29.26	96.3	28.87	29.26	84.4	26.71	29.26	103.3	NaN	29.26	NaN
6/07/2018 10:28:27 AM	3613681707	1013.00	27.44	29.27	96.4	28.88	29.27	84.3	26.68	29.27	103.6	NaN	29.27	NaN
6/07/2018 10:28:28 AM	3613681708	1013.00	27.45	29.28	96.3	28.93	29.28	83.9	26.68	29.28	103.6	NaN	29.28	NaN
6/07/2018 10:28:29 AM	3613681709	1013.00	27.45	29.28	96.3	28.93	29.28	83.9	26.70	29.28	103.4	NaN	29.28	NaN
6/07/2018 10:28:30 AM	3613681710	1013.00	27.46	29.28	96.2	28.91	29.28	84.1	26.73	29.28	103.1	NaN	29.28	NaN
6/07/2018 10:28:31 AM	3613681711	1013.00	27.45	29.29	96.3	28.93	29.29	83.9	26.71	29.29	103.3	NaN	29.29	NaN
6/07/2018 10:28:32 AM	3613681712	1013.00	27.46	29.28	96.2	28.92	29.28	84.0	26.66	29.28	103.8	NaN	29.28	NaN
6/07/2018 10:28:33 AM	3613681713	1013.00	27.44	29.28	96.4	28.95	29.28	83.8	26.71	29.28	103.3	NaN	29.28	NaN
6/07/2018 10:28:34 AM	3613681714	1013.00	27.50	29.27	95.8	28.93	29.27	84.0	26.71	29.27	103.3	NaN	29.27	NaN
6/07/2018 10:28:35 AM	3613681715	1013.00	27.46	29.27	96.2	28.93	29.27	84.0	26.73	29.27	103.1	NaN	29.27	NaN
6/07/2018 10:28:36 AM	3613681716	1013.00	27.45	29.27	96.3	28.94	29.27	83.9	26.71	29.27	103.3	NaN	29.27	NaN
6/07/2018 10:28:37 AM	3613681717	1013.00	27.48	29.26	96.0	28.97	29.26	83.7	26.70	29.26	103.4	NaN	29.26	NaN
6/07/2018 10:28:38 AM	3613681718	1013.00	27.46	29.26	96.2	28.94	29.26	83.9	26.75	29.26	102.9	NaN	29.26	NaN
6/07/2018 10:28:39 AM	3613681719	1013.00	27.45	29.27	96.3	28.95	29.27	83.8	26.68	29.27	103.6	NaN	29.27	NaN
6/07/2018 10:28:40 AM	3613681720	1013.00	27.51	29.27	95.8	28.96	29.27	83.7	26.70	29.27	103.4	NaN	29.27	NaN
6/07/2018 10:28:41 AM	3613681721	1013.00	27.47	29.27	96.1	28.99	29.27	83.5	26.73	29.27	103.1	NaN	29.27	NaN
6/07/2018 10:28:42 AM	3613681722	1013.00	27.48	29.29	96.0	28.98	29.29	83.5	26.66	29.29	103.8	NaN	29.29	NaN
6/07/2018 10:28:43 AM	3613681723	1013.00	27.50	29.28	95.8	29.03	29.28	83.2	26.67	29.28	103.7	NaN	29.28	NaN
6/07/2018 10:28:44 AM	3613681724	1013.00	27.49	29.28	95.9	29.01	29.28	83.3	26.72	29.28	103.2	NaN	29.28	NaN
6/07/2018 10:28:45 AM	3613681725	1013.00	27.48	29.27	96.0	29.00	29.27	83.4	26.71	29.27	103.3	NaN	29.27	NaN
6/07/2018 10:28:46 AM	3613681726	1013.00	27.49	29.27	95.9	29.01	29.27	83.3	26.70	29.27	103.4	NaN	29.27	NaN
6/07/2018 10:28:47 AM	3613681727	1013.00	27.50	29.28	95.8	29.01	29.28	83.3	26.68	29.28	103.6	NaN	29.28	NaN
6/07/2018 10:28:48 AM	3613681728	1013.00	27.49	29.27	95.9	29.05	29.27	83.0	26.68	29.27	103.6	NaN	29.27	NaN
6/07/2018 10:28:49 AM	3613681729	1013.00	27.51	29.28	95.7	29.06	29.28	83.0	26.70	29.28	103.4	NaN	29.28	NaN
6/07/2018 10:28:50 AM	3613681730	1013.00	27.50	29.28	95.8	29.06	29.28	83.0	26.71	29.28	103.3	NaN	29.28	NaN
6/07/2018 10:28:51 AM	3613681731	1013.00	27.50	29.27	95.8	29.03	29.27	83.2	26.69	29.27	103.5	NaN	29.27	NaN
6/07/2018 10:28:52 AM	3613681732	1013.00	27.50	29.27	95.8	29.03	29.27	83.2	26.74	29.27	103.0	NaN	29.27	NaN
6/07/2018 10:28:53 AM	3613681733	1013.00	27.51	29.28	95.7	29.01	29.28	83.3	26.70	29.28	103.4	NaN	29.28	NaN
6/07/2018 10:28:54 AM	3613681734	1013.00	27.52	29.28	95.6	29.08	29.28	82.8	26.68	29.28	103.6	NaN	29.28	NaN
6/07/2018 10:28:55 AM	3613681735	1013.00	27.53	29.29	95.5	29.06	29.29	82.9	26.67	29.29	103.7	NaN	29.29	NaN
6/07/2018 10:28:56 AM	3613681736	1013.00	27.53	29.29	95.5	29.05	29.29	83.0	26.69	29.29	103.5	NaN	29.29	NaN
6/07/2018 10:28:57 AM	3613681737	1013.00	27.52	29.29	95.6	29.08	29.29	82.8	26.70	29.29	103.4	NaN	29.29	NaN
6/07/2018 10:28:58 AM	3613681738	1013.00	27.53	29.28	95.6	29.08	29.28	82.8	26.71	29.28	103.3	NaN	29.28	NaN
6/07/2018 10:28:59 AM	3613681739	1013.00	27.50	29.28	95.8	29.09	29.28	82.7	26.71	29.28	103.3	NaN	29.28	NaN
6/07/2018 10:29:00 AM	3613681740	1013.00	27.56	29.28	95.3	29.08	29.28	82.8	26.69	29.28	103.5	NaN	29.28	NaN
6/07/2018 10:29:01 AM	3613681741	1013.00	27.52	29.28	95.6	29.09	29.28	82.7	26.71	29.28	103.3	NaN	29.28	NaN
6/07/2018 10:29:02 AM	3613681742	1013.00	27.54	29.27	95.5	29.12	29.27	82.5	26.68	29.27	103.6	NaN	29.27	NaN
6/07/2018 10:29:03 AM	3613681743	1013.00	27.52	29.27	95.7	29.07	29.27	82.9	26.71	29.27	103.3	NaN	29.27	NaN
6/07/2018 10:29:04 AM	3613681744	1013.00	27.55	29.27	95.4	29.12	29.27	82.5	26.75	29.27	102.9	NaN	29.27	NaN
6/07/2018 10:29:05 AM	3613681745	1013.00	27.56	29.27	95.3	29.13	29.27	82.4	26.68	29.27	103.6	NaN	29.27	NaN
6/07/2018 10:29:06 AM	3613681746	1013.00	27.55	29.27	95.4	29.14	29.27	82.4	26.69	29.27	103.5	NaN	29.27	NaN
6/07/2018 10:29:07 AM	3613681747	1013.00	27.53	29.27	95.6	29.13	29.27	82.4	26.68	29.27	103.6	NaN	29.27	NaN
6/07/2018 10:29:08 AM	3613681748	1013.00	27.56	29.29	95.3	29.14	29.29	82.3	26.74	29.29	103.0	NaN	29.29	NaN
6/07/2018 10:29:09 AM	3613681749	1013.00	27.56	29.28	95.3	29.14	29.28	82.4	26.71	29.28	103.3	NaN	29.28	NaN
6/07/2018 10:29:10 AM	3613681750	1013.00	27.57	29.27	95.2	29.15	29.27	82.3	26.67	29.27	103.7	NaN	29.27	NaN
6/07/2018 10:29:11 AM	3613681751	1013.00	27.56	29.28	95.3	29.13	29.28	82.4	26.69	29.28	103.5	NaN	29.28	NaN
6/07/2018 10:29:12 AM	3613681752	1013.00	27.56	29.28	95.3	29.18	29.28	82.1	26.64	29.28	104.0	NaN	29.28	NaN
6/07/2018 10:29:13 AM	3613681753	1013.00	27.58	29.27	95.1	29.18	29.27	82.1	26.67	29.27	103.7	NaN	29.27	NaN
6/07/2018 10:29:14 AM	3613681754	1013.00	27.55	29.27	95.4	29.15	29.27	82.3	26.74	29.27	103.0	NaN	29.27	NaN
6/07/2018 10:29:15 AM	3613681755	1013.00	27.56	29.28	95.3	29.21	29.28	81.8	26.70	29.28	103.4	NaN	29.28	NaN
6/07/2018 10:29:16 AM	3613681756	1013.00	27.57	29.28	95.2	29.21	29.28	81.8	26.68	29.28	103.6	NaN	29.28	NaN
6/07/2018 10:29:17 AM	3613681757	1013.00	27.58	29.27	95.1	29.23	29.27	81.7	26.67	29.27	103.7	NaN	29.27	NaN
6/07/2018 10:29:18 AM	3613681758	1013.00	27.59	29.27	95.0	29.21	29.27	81.8	26.69	29.27	103.5	NaN	29.27	NaN
6/07/2018 10:29:19 AM	3613681759	1013.00	27.60	29.26	95.0	29.24	29.26	81.6	26.69	29.26	103.5	NaN	29.26	NaN
6/07/2018 10:29:20 AM	3613681760	1013.00	27.59	29.26	95.1	29.23	29.26	81.7	26.72	29.26	103.2	NaN	29.26	NaN
6/07/2018 10:29:21 AM	3613681761	1013.00	27.58	29.23	95.2	29.23	29.23	81.8	26.72	29.23	103.3	NaN	29.23	NaN
6/07/2018 10:29:22 AM	3613681762	1013.00	27.59	29.24	95.1	29.23	29.24	81.7	26.71	29.24	103.4	NaN	29.24	NaN
6/07/2018 10:29:23 AM	3613681763	1013.00	27.60	29.25	95.0	29.21	29.25	81.9	26.70	29.25	103.4	NaN	29.25	NaN
6/07/2018 10:29:24 AM	3613681764	1013.00	27.63	29.26	94.7	29.23	29.26	81.7	26.70	29.26	103.4	NaN	29.26	NaN
6/07/2018 10:29:25 AM	3613681765	1013.00	27.63	29.26	94.7	29.24	29.26	81.6	26.69	29.26	103.5	NaN	29.26	NaN
6/07/2018 10:29:26 AM	3613681766	1013.00	27.58	29.27	95.1	29.26	29.27	81.5	26.70	29.27	103.4	NaN	29.27	NaN
6/07/2018 10:29:27 AM	3613681767	1013.00	27.58	29.28	95.1	29.27	29.28	81.4	26.67	29.28	103.7	NaN	29.28	NaN
6/07/2018 10:29:28 AM	3613681768	1013.00	27.62	29.27	94.8	29.27	29.27	81.4	26.73	29.27	103.1	NaN	29.27	NaN
6/07/2018 10:29:29 AM	3613681769	1013.00	27.61	29.26	94.9	29.28	29.26	81.3	26.71	29.26	103.3	NaN	29.26	NaN
6/07/2018 10:29:30 AM	3613681770	1013.00	27.63	29.26	94.7	29.27	29.26	81.4	26.66	29.26	103.8	NaN	29.26	NaN
6/07/2018 10:29:31 AM	3613681771	1013.00	27.62	29.27	94.8	29.25	29.27	81.5	26.73	29.27	103.1	NaN	29.27	NaN
6/07/2018 10:29:32 AM	3613681772	1013.00	27.65	29.26	94.5	29.30	29.26	81.2	26.72	29.26	103.2	NaN	29.26	NaN
6/07/2018 10:29:33 AM	3613681773	1013.00	27.63	29.27	94.7	29.30	29.27	81.2	26.69	29.27	103.5	NaN	29.27	NaN
6/07/2018 10:29:34 AM	3613681774	1013.00	27.62	29.27	94.8	29.31	29.27	81.1	26.64	29.27	104.0	NaN	29.27	NaN
6/07/2018 10:29:35 AM	3613681775	1013.00	27.63	29.26	94.7	29.29	29.26	81.3	26.71	29.26	103.3	NaN	29.26	NaN
6/07/2018 10:29:36 AM	3613681776	1013.00	27.62	29.26	94.8	29.30	29.26	81.2	26.66	29.26	103.8	NaN	29.26	NaN
6/07/2018 10:29:37 AM	3613681777	1013.00	27.63	29.26	94.7	29.32	29.26	81.0	26.73	29.26	103.1	NaN	29.26	NaN
6/07/2018 10:29:38 AM	3613681778	1013.00	27.66	29.25	94.4	29.32	29.25	81.1	26.70	29.25	103.4	NaN	29.25	NaN
6/07/2018 10:29:39 AM	3613681779	1013.00	27.67	29.26	94.3	29.30	29.26	81.2	26.73	29.26	103.1	NaN	29.26	NaN
6/07/2018 10:29:40 AM	3613681780	1013.00	27.66	29.26	94.4	29.33	29.26	81.0	26.70	29.26	103.4	NaN	29.26	NaN
6/07/2018 10:29:41 AM	3613681781	1013.00	27.66	29.25	94.4	29.34	29.25	80.9	26.73	29.25	103.1	NaN	29.25	NaN
6/07/2018 10:29:42 AM	3613681782	1013.00	27.65	29.26	94.5	29.32	29.26	81.0	26.74	29.26	103.0	NaN	29.26	NaN
6/07/2018 10:29:43 AM	3613681783	1013.00	27.65	29.26	94.5	29.27	29.26	81.4	26.69	29.26	103.5	NaN	29.26	NaN
6/07/2018 10:29:44 AM	3613681784	1013.00	27.67	29.25	94.4	29.34	29.25	80.9	26.71	29.25	103.3	NaN	29.25	NaN
6/07/2018 10:29:45 AM	3613681785	1013.00	27.66	29.26	94.4	29.36	29.26	80.8	26.68	29.26	103.6	NaN	29.26	NaN
6/07/2018 10:29:46 AM	3613681786	1013.00	27.67	29.26	94.3	29.32	29.26	81.0	26.69	29.26	103.5	NaN	29.26	NaN
6/07/2018 10:29:47 AM	3613681787	1013.00	27.68	29.25	94.3	29.34	29.25	80.9	26.75	29.25	102.9	NaN	29.25	NaN
6/07/2018 10:29:48 AM	3613681788	1013.00	27.69	29.25	94.2	29.34	29.25	80.9	26.67	29.25	103.7	NaN	29.25	NaN
6/07/2018 10:29:49 AM	3613681789	1013.00	27.69	29.25	94.2	29.37	29.25	80.7	26.73	29.25	103.1	NaN	29.25	NaN
6/07/2018 10:29:50 AM	3613681790	1013.00	27.67	29.25	94.4	29.34	29.25	80.9	26.71	29.25	103.3	NaN	29.25	NaN
6/07/2018 10:29:51 AM	3613681791	1013.00	27.68	29.26	94.3	29.37	29.26	80.7	26.69	29.26	103.5	NaN	29.26	NaN
6/07/2018 10:29:52 AM	3613681792	1013.00	27.67	29.26	94.3	29.40	29.26	80.5	26.70	29.26	103.4	NaN	29.26	NaN
6/07/2018 10:29:53 AM	3613681793	1013.00	27.70	29.26	94.1	29.38	29.26	80.6	26.71	29.26	103.3	NaN	29.26	NaN
6/07/2018 10:29:54 AM	3613681794	1013.00	27.68	29.27	94.2	29.38	29.27	80.6	26.69	29.27	103.5	NaN	29.27	NaN
6/07/2018 10:29:55 AM	3613681795	1013.00	27.70	29.27	94.1	29.40	29.27	80.4	26.69	29.27	103.5	NaN	29.27	NaN
6/07/2018 10:29:56 AM	3613681796	1013.00	27.67	29.26	94.3	29.40	29.26	80.5	26.68	29.26	103.6	NaN	29.26	NaN
6/07/2018 10:29:57 AM	3613681797	1013.00	27.70	29.26	94.1	29.39	29.26	80.5	26.69	29.26	103.5	NaN	29.26	NaN
6/07/2018 10:29:58 AM	3613681798	1013.00	27.67	29.26	94.3	29.41	29.26	80.4	26.65	29.26	103.9	NaN	29.26	NaN
6/07/2018 10:29:59 AM	3613681799	1013.00	27.71	29.26	94.0	29.44	29.26	80.2	26.69	29.26	103.5	NaN	29.26	NaN
6/07/2018 10:30:00 AM	3613681800	1013.00	27.68	29.26	94.3	29.46	29.26	80.0	26.71	29.26	103.3	NaN	29.26	NaN
6/07/2018 10:30:01 AM	3613681801	1013.00	27.71	29.25	94.0	29.45	29.25	80.1	26.67	29.25	103.7	NaN	29.25	NaN
6/07/2018 10:30:02 AM	3613681802	1013.00	27.70	29.25	94.1	29.44	29.25	80.2	26.70	29.25	103.4	NaN	29.25	NaN
6/07/2018 10:30:03 AM	3613681803	1013.00	27.70	29.24	94.1	29.46	29.24	80.1	26.69	29.24	103.6	NaN	29.24	NaN
6/07/2018 10:30:04 AM	3613681804	1013.00	27.68	29.25	94.3	29.47	29.25	80.0	26.73	29.25	103.1	NaN	29.25	NaN
6/07/2018 10:30:05 AM	3613681805	1013.00	27.71	29.24	94.0	29.47	29.24	80.0	26.68	29.24	103.7	NaN	29.24	NaN
6/07/2018 10:30:06 AM	3613681806	1013.00	27.72	29.24	93.9	29.45	29.24	80.1	26.73	29.24	103.2	NaN	29.24	NaN
6/07/2018 10:30:07 AM	3613681807	1013.00	27.70	29.25	94.1	29.49	29.25	79.8	26.70	29.25	103.4	NaN	29.25	NaN
6/07/2018 10:30:08 AM	3613681808	1013.00	27.73	29.25	93.8	29.48	29.25	79.9	26.75	29.25	102.9	NaN	29.25	NaN
6/07/2018 10:30:09 AM	3613681809	1013.00	27.72	29.25	93.9	29.48	29.25	79.9	26.71	29.25	103.3	NaN	29.25	NaN
6/07/2018 10:30:10 AM	3613681810	1013.00	27.71	29.26	94.0	29.51	29.26	79.7	26.73	29.26	103.1	NaN	29.26	NaN
6/07/2018 10:30:11 AM	3613681811	1013.00	27.71	29.25	94.0	29.50	29.25	79.8	26.71	29.25	103.3	NaN	29.25	NaN
6/07/2018 10:30:12 AM	3613681812	1013.00	27.71	29.25	94.0	29.49	29.25	79.8	26.70	29.25	103.4	NaN	29.25	NaN
6/07/2018 10:30:13 AM	3613681813	1013.00	27.71	29.24	94.0	29.49	29.24	79.8	26.72	29.24	103.3	NaN	29.24	NaN
6/07/2018 10:30:14 AM	3613681814	1013.00	27.74	29.24	93.8	29.52	29.24	79.6	26.71	29.24	103.4	NaN	29.24	NaN
6/07/2018 10:30:15 AM	3613681815	1013.00	27.73	29.25	93.8	29.52	29.25	79.6	26.75	29.25	102.9	NaN	29.25	NaN
6/07/2018 10:30:16 AM	3613681816	1013.00	27.72	29.25	93.9	29.51	29.25	79.7	26.69	29.25	103.5	NaN	29.25	NaN
6/07/2018 10:30:17 AM	3613681817	1013.00	27.72	29.25	93.9	29.53	29.25	79.5	26.75	29.25	102.9	NaN	29.25	NaN
6/07/2018 10:30:18 AM	3613681818	1013.00	27.75	29.26	93.6	29.53	29.26	79.5	26.74	29.26	103.0	NaN	29.26	NaN
6/07/2018 10:30:19 AM	3613681819	1013.00	27.73	29.26	93.8	29.52	29.26	79.6	26.71	29.26	103.3	NaN	29.26	NaN
6/07/2018 10:30:20 AM	3613681820	1013.00	27.72	29.26	93.9	29.51	29.26	79.7	26.74	29.26	103.0	NaN	29.26	NaN
6/07/2018 10:30:21 AM	3613681821	1013.00	27.75	29.27	93.6	29.55	29.27	79.4	26.70	29.27	103.4	NaN	29.27	NaN
6/07/2018 10:30:22 AM	3613681822	1013.00	27.74	29.27	93.7	29.58	29.27	79.1	26.71	29.27	103.3	NaN	29.27	NaN
6/07/2018 10:30:23 AM	3613681823	1013.00	27.74	29.25	93.7	29.55	29.25	79.4	26.71	29.25	103.3	NaN	29.25	NaN
6/07/2018 10:30:24 AM	3613681824	1013.00	27.75	29.25	93.7	29.57	29.25	79.2	26.67	29.25	103.7	NaN	29.25	NaN
6/07/2018 10:30:25 AM	3613681825	1013.00	27.74	29.24	93.8	29.59	29.24	79.1	26.72	29.24	103.3	NaN	29.24	NaN
6/07/2018 10:30:26 AM	3613681826	1013.00	27.73	29.24	93.8	29.61	29.24	79.0	26.69	29.24	103.6	NaN	29.24	NaN
6/07/2018 10:30:27 AM	3613681827	1013.00	27.73	29.23	93.9	29.59	29.23	79.1	26.74	29.23	103.1	NaN	29.23	NaN
6/07/2018 10:30:28 AM	3613681828	1013.00	27.75	29.24	93.7	29.60	29.24	79.0	26.69	29.24	103.6	NaN	29.24	NaN
6/07/2018 10:30:29 AM	3613681829	1013.00	27.75	29.25	93.7	29.63	29.25	78.8	26.71	29.25	103.3	NaN	29.25	NaN
6/07/2018 10:30:30 AM	3613681830	1013.00	27.77	29.25	93.5	29.59	29.25	79.1	26.72	29.25	103.2	NaN	29.25	NaN
6/07/2018 10:30:31 AM	3613681831	1013.00	27.78	29.24	93.4	29.58	29.24	79.2	26.69	29.24	103.6	NaN	29.24	NaN
6/07/2018 10:30:32 AM	3613681832	1013.00	27.75	29.24	93.7	29.65	29.24	78.7	26.71	29.24	103.4	NaN	29.24	NaN
6/07/2018 10:30:33 AM	3613681833	1013.00	27.77	29.24	93.5	29.68	29.24	78.5	26.74	29.24	103.1	NaN	29.24	NaN
6/07/2018 10:30:34 AM	3613681834	1013.00	27.76	29.23	93.6	29.62	29.23	78.9	26.70	29.23	103.5	NaN	29.23	NaN
6/07/2018 10:30:35 AM	3613681835	1013.00	27.75	29.23	93.7	29.67	29.23	78.6	26.72	29.23	103.3	NaN	29.23	NaN
6/07/2018 10:30:36 AM	3613681836	1013.00	27.78	29.24	93.4	29.65	29.24	78.7	26.75	29.24	103.0	NaN	29.24	NaN
6/07/2018 10:30:37 AM	3613681837	1013.00	27.78	29.24	93.4	29.69	29.24	78.4	26.73	29.24	103.2	NaN	29.24	NaN
6/07/2018 10:30:38 AM	3613681838	1013.00	27.76	29.24	93.6	29.69	29.24	78.4	26.75	29.24	103.0	NaN	29.24	NaN
6/07/2018 10:30:39 AM	3613681839	1013.00	27.78	29.24	93.4	29.65	29.24	78.7	26.72	29.24	103.3	NaN	29.24	NaN
6/07/2018 10:30:40 AM	3613681840	1013.00	27.77	29.24	93.5	29.67	29.24	78.6	26.70	29.24	103.5	NaN	29.24	NaN
6/07/2018 10:30:41 AM	3613681841	1013.00	27.78	29.23	93.4	29.67	29.23	78.6	26.70	29.23	103.5	NaN	29.23	NaN
6/07/2018 10:30:42 AM	3613681842	1013.00	27.82	29.23	93.1	29.67	29.23	78.6	26.71	29.23	103.4	NaN	29.23	NaN
6/07/2018 10:30:43 AM	3613681843	1013.00	27.78	29.24	93.4	29.70	29.24	78.3	26.67	29.24	103.8	NaN	29.24	NaN
6/07/2018 10:30:44 AM	3613681844	1013.00	27.78	29.23	93.4	29.72	29.23	78.2	26.72	29.23	103.3	NaN	29.23	NaN
6/07/2018 10:30:45 AM	3613681845	1013.00	27.80	29.24	93.2	29.75	29.24	78.0	26.69	29.24	103.6	NaN	29.24	NaN
6/07/2018 10:30:46 AM	3613681846	1013.00	27.77	29.25	93.5	29.74	29.25	78.0	26.75	29.25	102.9	NaN	29.25	NaN
6/07/2018 10:30:47 AM	3613681847	1013.00	27.78	29.25	93.4	29.74	29.25	78.0	26.73	29.25	103.1	NaN	29.25	NaN
6/07/2018 10:30:48 AM	3613681848	1013.00	27.77	29.24	93.5	29.73	29.24	78.1	26.71	29.24	103.4	NaN	29.24	NaN
6/07/2018 10:30:49 AM	3613681849	1013.00	27.79	29.25	93.3	29.74	29.25	78.0	26.74	29.25	103.0	NaN	29.25	NaN
6/07/2018 10:30:50 AM	3613681850	1013.00	27.80	29.24	93.2	29.73	29.24	78.1	26.70	29.24	103.5	NaN	29.24	NaN
6/07/2018 10:30:51 AM	3613681851	1013.00	27.79	29.24	93.3	29.72	29.24	78.2	26.72	29.24	103.3	NaN	29.24	NaN
6/07/2018 10:30:52 AM	3613681852	1013.00	27.82	29.23	93.1	29.76	29.23	77.9	26.71	29.23	103.4	NaN	29.23	NaN
6/07/2018 10:30:53 AM	3613681853	1013.00	27.79	29.22	93.4	29.78	29.22	77.8	26.73	29.22	103.2	NaN	29.22	NaN
6/07/2018 10:30:54 AM	3613681854	1013.00	27.80	29.23	93.3	29.71	29.23	78.3	26.73	29.23	103.2	NaN	29.23	NaN
6/07/2018 10:30:55 AM	3613681855	1013.00	27.84	29.22	92.9	29.76	29.22	77.9	26.68	29.22	103.7	NaN	29.22	NaN
6/07/2018 10:30:56 AM	3613681856	1013.00	27.81	29.22	93.2	29.78	29.22	77.8	26.69	29.22	103.6	NaN	29.22	NaN
6/07/2018 10:30:57 AM	3613681857	1013.00	27.84	29.22	92.9	29.79	29.22	77.7	26.73	29.22	103.2	NaN	29.22	NaN
6/07/2018 10:30:58 AM	3613681858	1013.00	27.80	29.23	93.3	29.78	29.23	77.8	26.73	29.23	103.2	NaN	29.23	NaN
6/07/2018 10:30:59 AM	3613681859	1013.00	27.80	29.22	93.3	29.75	29.22	78.0	26.72	29.22	103.3	NaN	29.22	NaN
6/07/2018 10:31:00 AM	3613681860	1013.00	27.84	29.23	92.9	29.76	29.23	77.9	26.69	29.23	103.6	NaN	29.23	NaN
6/07/2018 10:31:01 AM	3613681861	1013.00	27.81	29.23	93.2	29.78	29.23	77.8	26.72	29.23	103.3	NaN	29.23	NaN
6/07/2018 10:31:02 AM	3613681862	1013.00	27.82	29.23	93.1	29.81	29.23	77.6	26.74	29.23	103.1	NaN	29.23	NaN
6/07/2018 10:31:03 AM	3613681863	1013.00	27.84	29.23	92.9	29.79	29.23	77.7	26.70	29.23	103.5	NaN	29.23	NaN
6/07/2018 10:31:04 AM	3613681864	1013.00	27.83	29.23	93.0	29.80	29.23	77.7	26.74	29.23	103.1	NaN	29.23	NaN
6/07/2018 10:31:05 AM	3613681865	1013.00	27.84	29.23	92.9	29.81	29.23	77.6	26.71	29.23	103.4	NaN	29.23	NaN
6/07/2018 10:31:06 AM	3613681866	1013.00	27.85	29.23	92.8	29.82	29.23	77.5	26.71	29.23	103.4	NaN	29.23	NaN
6/07/2018 10:31:07 AM	3613681867	1013.00	27.84	29.23	92.9	29.82	29.23	77.5	26.75	29.23	103.0	NaN	29.23	NaN
6/07/2018 10:31:08 AM	3613681868	1013.00	27.82	29.22	93.1	29.81	29.22	77.6	26.71	29.22	103.4	NaN	29.22	NaN
6/07/2018 10:31:09 AM	3613681869	1013.00	27.83	29.22	93.0	29.84	29.22	77.4	26.69	29.22	103.6	NaN	29.22	NaN
6/07/2018 10:31:10 AM	3613681870	1013.00	27.83	29.23	93.0	29.81	29.23	77.6	26.72	29.23	103.3	NaN	29.23	NaN
6/07/2018 10:31:11 AM	3613681871	1013.00	27.87	29.23	92.6	29.82	29.23	77.5	26.75	29.23	103.0	NaN	29.23	NaN
6/07/2018 10:31:12 AM	3613681872	1013.00	27.83	29.23	93.0	29.84	29.23	77.4	26.72	29.23	103.3	NaN	29.23	NaN
6/07/2018 10:31:13 AM	3613681873	1013.00	27.87	29.23	92.6	29.83	29.23	77.4	26.73	29.23	103.2	NaN	29.23	NaN
6/07/2018 10:31:14 AM	3613681874	1013.00	27.86	29.22	92.7	29.85	29.22	77.3	26.76	29.22	102.9	NaN	29.22	NaN
6/07/2018 10:31:15 AM	3613681875	1013.00	27.86	29.21	92.8	29.88	29.21	77.1	26.72	29.21	103.3	NaN	29.21	NaN
6/07/2018 10:31:16 AM	3613681876	1013.00	27.86	29.22	92.7	29.87	29.22	77.2	26.68	29.22	103.7	NaN	29.22	NaN
6/07/2018 10:31:17 AM	3613681877	1013.00	27.86	29.22	92.7	29.91	29.22	76.9	26.67	29.22	103.8	NaN	29.22	NaN
6/07/2018 10:31:18 AM	3613681878	1013.00	27.87	29.22	92.7	29.89	29.22	77.0	26.77	29.22	102.8	NaN	29.22	NaN
6/07/2018 10:31:19 AM	3613681879	1013.00	27.86	29.23	92.7	29.89	29.23	77.0	26.69	29.23	103.6	NaN	29.23	NaN
6/07/2018 10:31:20 AM	3613681880	1013.00	27.89	29.23	92.5	29.89	29.23	77.0	26.74	29.23	103.1	NaN	29.23	NaN
6/07/2018 10:31:21 AM	3613681881	1013.00	27.87	29.22	92.7	29.93	29.22	76.8	26.66	29.22	103.9	NaN	29.22	NaN
6/07/2018 10:31:22 AM	3613681882	1013.00	27.85	29.22	92.8	29.89	29.22	77.0	26.69	29.22	103.6	NaN	29.22	NaN
6/07/2018 10:31:23 AM	3613681883	1013.00	27.87	29.21	92.7	29.92	29.21	76.8	26.72	29.21	103.3	NaN	29.21	NaN
6/07/2018 10:31:24 AM	3613681884	1013.00	27.91	29.22	92.3	29.91	29.22	76.9	26.71	29.22	103.4	NaN	29.22	NaN
6/07/2018 10:31:25 AM	3613681885	1013.00	27.87	29.21	92.7	29.93	29.21	76.8	26.66	29.21	103.9	NaN	29.21	NaN
6/07/2018 10:31:26 AM	3613681886	1013.00	27.92	29.22	92.2	29.90	29.22	77.0	26.73	29.22	103.2	NaN	29.22	NaN
6/07/2018 10:31:27 AM	3613681887	1013.00	27.90	29.22	92.4	29.93	29.22	76.8	26.69	29.22	103.6	NaN	29.22	NaN
6/07/2018 10:31:28 AM	3613681888	1013.00	27.92	29.22	92.2	29.94	29.22	76.7	26.72	29.22	103.3	NaN	29.22	NaN
6/07/2018 10:31:29 AM	3613681889	1013.00	27.90	29.21	92.4	29.91	29.21	76.9	26.70	29.21	103.5	NaN	29.21	NaN
6/07/2018 10:31:30 AM	3613681890	1013.00	27.91	29.22	92.3	29.97	29.22	76.5	26.64	29.22	104.1	NaN	29.22	NaN
6/07/2018 10:31:31 AM	3613681891	1013.00	27.92	29.21	92.2	29.92	29.21	76.8	26.74	29.21	103.1	NaN	29.21	NaN
6/07/2018 10:31:32 AM	3613681892	1013.00	27.90	29.21	92.4	29.95	29.21	76.6	26.72	29.21	103.3	NaN	29.21	NaN
6/07/2018 10:31:33 AM	3613681893	1013.00	27.92	29.21	92.2	29.96	29.21	76.6	26.76	29.21	102.9	NaN	29.21	NaN
6/07/2018 10:31:34 AM	3613681894	1013.00	27.92	29.21	92.2	29.93	29.21	76.8	26.70	29.21	103.5	NaN	29.21	NaN
6/07/2018 10:31:35 AM	3613681895	1013.00	27.93	29.21	92.2	29.97	29.21	76.5	26.70	29.21	103.5	NaN	29.21	NaN
