Date & time of file creation	13/07/2018 10:05 AM													
Data file path	C:\Users\ameli\Desktop\Diego Barneche\2018_07_13\29_C_new_witrox_24.txt													
														
														
CALIBRATION DATA														
Parameter/Channel	N moving average	LO phase [r.U.]	HI phase [r.U.]	LO oxygen [%air saturation]	HI oxygen [%air saturation]	LO temperature [°C]	HI temperature [°C]	Salinity [‰]						
SDWD0003000199      , CH 1	1	59.95	28.09	0.00	100.00	19.94	19.94	0.000						
SDWD0003000199      , CH 2	1	59.95	28.09	0.00	100.00	19.94	19.94	0.000						
SDWD0003000199      , CH 3	1	59.95	28.09	0.00	100.00	19.94	19.94	0.000						
SDWD0003000199      , CH 4	1	59.95	28.09	0.00	100.00	19.94	19.94	0.000						
														
														
Date &Time [DD-MM-YYYY HH:MM:SS]	Time stamp code	Barometric pressure [hPa]	SDWD0003000199      , CH 1 phase [r.U.]	SDWD0003000199      , CH 1 temp [°C]	SDWD0003000199      , CH 1 O2 [% air saturation]	SDWD0003000199      , CH 2 phase [r.U.]	SDWD0003000199      , CH 2 temp [°C]	SDWD0003000199      , CH 2 O2 [% air saturation]	SDWD0003000199      , CH 3 phase [r.U.]	SDWD0003000199      , CH 3 temp [°C]	SDWD0003000199      , CH 3 O2 [% air saturation]	SDWD0003000199      , CH 4 phase [r.U.]	SDWD0003000199      , CH 4 temp [°C]	SDWD0003000199      , CH 4 O2 [% air saturation]
13/07/2018 10:14:50 AM	3614285690	1013.00	NaN	29.13	NaN	27.18	29.13	92.9	26.97	29.13	94.7	26.71	29.13	97.1
13/07/2018 10:14:51 AM	3614285691	1013.00	NaN	29.13	NaN	27.23	29.13	92.4	26.93	29.13	95.1	26.64	29.13	97.8
13/07/2018 10:14:52 AM	3614285692	1013.00	NaN	29.13	NaN	27.22	29.13	92.5	26.98	29.13	94.6	26.67	29.13	97.5
13/07/2018 10:14:53 AM	3614285693	1013.00	NaN	29.13	NaN	27.16	29.13	93.0	26.99	29.13	94.5	26.65	29.13	97.7
13/07/2018 10:14:54 AM	3614285694	1013.00	NaN	29.12	NaN	27.27	29.12	92.1	26.98	29.12	94.6	26.62	29.12	98.0
13/07/2018 10:14:55 AM	3614285695	1013.00	NaN	29.12	NaN	27.12	29.12	93.4	26.95	29.12	94.9	26.63	29.12	97.9
13/07/2018 10:14:56 AM	3614285696	1013.00	NaN	29.13	NaN	27.24	29.13	92.3	26.95	29.13	94.9	26.65	29.13	97.7
13/07/2018 10:14:57 AM	3614285697	1013.00	NaN	29.13	NaN	27.18	29.13	92.9	26.97	29.13	94.7	26.69	29.13	97.3
13/07/2018 10:14:58 AM	3614285698	1013.00	NaN	29.12	NaN	27.22	29.12	92.5	26.95	29.12	94.9	26.63	29.12	97.9
13/07/2018 10:14:59 AM	3614285699	1013.00	NaN	29.13	NaN	27.19	29.13	92.8	26.96	29.13	94.8	26.73	29.13	96.9
13/07/2018 10:15:00 AM	3614285700	1013.00	NaN	29.13	NaN	27.18	29.13	92.9	26.96	29.13	94.8	26.73	29.13	96.9
13/07/2018 10:15:01 AM	3614285701	1013.00	NaN	29.13	NaN	27.16	29.13	93.0	26.97	29.13	94.7	26.67	29.13	97.5
13/07/2018 10:15:02 AM	3614285702	1013.00	NaN	29.13	NaN	27.15	29.13	93.1	26.96	29.13	94.8	26.71	29.13	97.1
13/07/2018 10:15:03 AM	3614285703	1013.00	NaN	29.13	NaN	27.17	29.13	92.9	26.96	29.13	94.8	26.68	29.13	97.4
13/07/2018 10:15:04 AM	3614285704	1013.00	NaN	29.14	NaN	27.22	29.14	92.5	26.97	29.14	94.7	26.71	29.14	97.1
13/07/2018 10:15:05 AM	3614285705	1013.00	NaN	29.14	NaN	27.24	29.14	92.3	26.98	29.14	94.6	26.69	29.14	97.3
13/07/2018 10:15:06 AM	3614285706	1013.00	NaN	29.13	NaN	27.21	29.13	92.6	26.93	29.13	95.1	26.68	29.13	97.4
13/07/2018 10:15:07 AM	3614285707	1013.00	NaN	29.14	NaN	27.18	29.14	92.8	26.94	29.14	95.0	26.67	29.14	97.5
13/07/2018 10:15:08 AM	3614285708	1013.00	NaN	29.13	NaN	27.18	29.13	92.9	26.98	29.13	94.6	26.69	29.13	97.3
13/07/2018 10:15:09 AM	3614285709	1013.00	NaN	29.13	NaN	27.18	29.13	92.9	26.98	29.13	94.6	26.69	29.13	97.3
13/07/2018 10:15:10 AM	3614285710	1013.00	NaN	29.13	NaN	27.24	29.13	92.3	27.01	29.13	94.4	26.63	29.13	97.8
13/07/2018 10:15:11 AM	3614285711	1013.00	NaN	29.13	NaN	27.25	29.13	92.2	26.98	29.13	94.6	26.65	29.13	97.7
13/07/2018 10:15:12 AM	3614285712	1013.00	NaN	29.13	NaN	27.23	29.13	92.4	26.97	29.13	94.7	26.59	29.13	98.2
13/07/2018 10:15:13 AM	3614285713	1013.00	NaN	29.12	NaN	27.17	29.12	93.0	26.93	29.12	95.1	26.72	29.12	97.0
13/07/2018 10:15:14 AM	3614285714	1013.00	NaN	29.13	NaN	27.19	29.13	92.8	26.99	29.13	94.5	26.65	29.13	97.7
13/07/2018 10:15:15 AM	3614285715	1013.00	NaN	29.12	NaN	27.22	29.12	92.5	26.98	29.12	94.6	26.63	29.12	97.9
13/07/2018 10:15:16 AM	3614285716	1013.00	NaN	29.12	NaN	27.20	29.12	92.7	26.98	29.12	94.6	26.73	29.12	96.9
13/07/2018 10:15:17 AM	3614285717	1013.00	NaN	29.12	NaN	27.20	29.12	92.7	26.97	29.12	94.7	26.70	29.12	97.2
13/07/2018 10:15:18 AM	3614285718	1013.00	NaN	29.12	NaN	27.25	29.12	92.3	26.98	29.12	94.6	26.67	29.12	97.5
13/07/2018 10:15:19 AM	3614285719	1013.00	NaN	29.12	NaN	27.22	29.12	92.5	26.97	29.12	94.7	26.72	29.12	97.0
13/07/2018 10:15:20 AM	3614285720	1013.00	NaN	29.13	NaN	27.21	29.13	92.6	26.97	29.13	94.7	26.65	29.13	97.7
13/07/2018 10:15:21 AM	3614285721	1013.00	NaN	29.12	NaN	27.22	29.12	92.5	26.95	29.12	94.9	26.67	29.12	97.5
13/07/2018 10:15:22 AM	3614285722	1013.00	NaN	29.12	NaN	27.21	29.12	92.6	26.97	29.12	94.7	26.68	29.12	97.4
13/07/2018 10:15:23 AM	3614285723	1013.00	NaN	29.12	NaN	27.25	29.12	92.3	26.97	29.12	94.7	26.69	29.12	97.3
13/07/2018 10:15:24 AM	3614285724	1013.00	NaN	29.12	NaN	27.17	29.12	93.0	26.94	29.12	95.0	26.64	29.12	97.8
13/07/2018 10:15:25 AM	3614285725	1013.00	NaN	29.12	NaN	27.23	29.12	92.4	26.96	29.12	94.8	26.66	29.12	97.6
13/07/2018 10:15:26 AM	3614285726	1013.00	NaN	29.11	NaN	27.18	29.11	92.9	26.98	29.11	94.7	26.65	29.11	97.7
13/07/2018 10:15:27 AM	3614285727	1013.00	NaN	29.11	NaN	27.22	29.11	92.5	27.01	29.11	94.4	26.76	29.11	96.7
13/07/2018 10:15:28 AM	3614285728	1013.00	NaN	29.10	NaN	27.21	29.10	92.6	26.96	29.10	94.9	26.63	29.10	97.9
13/07/2018 10:15:29 AM	3614285729	1013.00	NaN	29.10	NaN	27.21	29.10	92.6	26.96	29.10	94.9	26.63	29.10	97.9
13/07/2018 10:15:30 AM	3614285730	1013.00	NaN	29.10	NaN	27.22	29.10	92.5	26.93	29.10	95.1	26.80	29.10	96.3
13/07/2018 10:15:31 AM	3614285731	1013.00	NaN	29.11	NaN	27.22	29.11	92.5	26.94	29.11	95.0	26.66	29.11	97.6
13/07/2018 10:15:32 AM	3614285732	1013.00	NaN	29.11	NaN	27.25	29.11	92.3	26.96	29.11	94.8	26.70	29.11	97.2
13/07/2018 10:15:33 AM	3614285733	1013.00	NaN	29.11	NaN	27.27	29.11	92.1	26.98	29.11	94.7	26.67	29.11	97.5
13/07/2018 10:15:34 AM	3614285734	1013.00	NaN	29.11	NaN	27.25	29.11	92.3	26.96	29.11	94.8	26.66	29.11	97.6
13/07/2018 10:15:35 AM	3614285735	1013.00	NaN	29.11	NaN	27.22	29.11	92.5	26.95	29.11	94.9	26.69	29.11	97.3
13/07/2018 10:15:36 AM	3614285736	1013.00	NaN	29.10	NaN	27.23	29.10	92.5	26.98	29.10	94.7	26.67	29.10	97.5
13/07/2018 10:15:37 AM	3614285737	1013.00	NaN	29.10	NaN	27.25	29.10	92.3	26.98	29.10	94.7	26.68	29.10	97.4
13/07/2018 10:15:38 AM	3614285738	1013.00	NaN	29.11	NaN	27.25	29.11	92.3	26.96	29.11	94.8	26.62	29.11	98.0
13/07/2018 10:15:39 AM	3614285739	1013.00	NaN	29.10	NaN	27.25	29.10	92.3	26.96	29.10	94.9	26.70	29.10	97.2
13/07/2018 10:15:40 AM	3614285740	1013.00	NaN	29.10	NaN	27.27	29.10	92.1	26.99	29.10	94.6	26.77	29.10	96.6
13/07/2018 10:15:41 AM	3614285741	1013.00	NaN	29.10	NaN	27.26	29.10	92.2	26.95	29.10	95.0	26.82	29.10	96.1
13/07/2018 10:15:42 AM	3614285742	1013.00	NaN	29.10	NaN	27.26	29.10	92.2	26.97	29.10	94.8	26.68	29.10	97.4
13/07/2018 10:15:43 AM	3614285743	1013.00	NaN	29.09	NaN	27.25	29.09	92.3	27.00	29.09	94.5	26.71	29.09	97.2
13/07/2018 10:15:44 AM	3614285744	1013.00	NaN	29.09	NaN	27.28	29.09	92.0	26.97	29.09	94.8	26.69	29.09	97.4
13/07/2018 10:15:45 AM	3614285745	1013.00	NaN	29.09	NaN	27.20	29.09	92.7	27.00	29.09	94.5	26.72	29.09	97.1
13/07/2018 10:15:46 AM	3614285746	1013.00	NaN	29.09	NaN	27.28	29.09	92.0	26.99	29.09	94.6	26.69	29.09	97.4
13/07/2018 10:15:47 AM	3614285747	1013.00	NaN	29.09	NaN	27.33	29.09	91.6	26.97	29.09	94.8	26.66	29.09	97.6
13/07/2018 10:15:48 AM	3614285748	1013.00	NaN	29.09	NaN	27.30	29.09	91.9	27.00	29.09	94.5	26.68	29.09	97.4
13/07/2018 10:15:49 AM	3614285749	1013.00	NaN	29.09	NaN	27.32	29.09	91.7	26.98	29.09	94.7	26.69	29.09	97.4
13/07/2018 10:15:50 AM	3614285750	1013.00	NaN	29.09	NaN	27.32	29.09	91.7	26.98	29.09	94.7	26.69	29.09	97.4
13/07/2018 10:15:51 AM	3614285751	1013.00	NaN	29.09	NaN	27.24	29.09	92.4	27.01	29.09	94.4	26.69	29.09	97.4
13/07/2018 10:15:52 AM	3614285752	1013.00	NaN	29.08	NaN	27.25	29.08	92.3	26.97	29.08	94.8	26.71	29.08	97.2
13/07/2018 10:15:53 AM	3614285753	1013.00	NaN	29.08	NaN	27.34	29.08	91.5	27.02	29.08	94.4	26.68	29.08	97.5
13/07/2018 10:15:54 AM	3614285754	1013.00	NaN	29.07	NaN	27.29	29.07	92.0	27.01	29.07	94.5	26.75	29.07	96.8
13/07/2018 10:15:55 AM	3614285755	1013.00	NaN	29.06	NaN	27.25	29.06	92.3	26.98	29.06	94.7	26.74	29.06	96.9
13/07/2018 10:15:56 AM	3614285756	1013.00	NaN	29.06	NaN	27.31	29.06	91.8	26.98	29.06	94.7	26.65	29.06	97.8
13/07/2018 10:15:57 AM	3614285757	1013.00	NaN	29.06	NaN	27.29	29.06	92.0	27.01	29.06	94.5	26.76	29.06	96.8
13/07/2018 10:15:58 AM	3614285758	1013.00	NaN	29.05	NaN	27.30	29.05	91.9	26.96	29.05	94.9	26.67	29.05	97.6
13/07/2018 10:15:59 AM	3614285759	1013.00	NaN	29.05	NaN	27.28	29.05	92.1	26.96	29.05	94.9	26.76	29.05	96.8
13/07/2018 10:16:00 AM	3614285760	1013.00	NaN	29.05	NaN	27.30	29.05	91.9	26.98	29.05	94.8	26.71	29.05	97.2
13/07/2018 10:16:01 AM	3614285761	1013.00	NaN	29.06	NaN	27.28	29.06	92.1	26.99	29.06	94.7	26.67	29.06	97.6
13/07/2018 10:16:02 AM	3614285762	1013.00	NaN	29.06	NaN	27.32	29.06	91.7	26.99	29.06	94.7	26.73	29.06	97.0
13/07/2018 10:16:03 AM	3614285763	1013.00	NaN	29.06	NaN	27.30	29.06	91.9	26.96	29.06	94.9	26.67	29.06	97.6
13/07/2018 10:16:04 AM	3614285764	1013.00	NaN	29.06	NaN	27.27	29.06	92.2	26.99	29.06	94.7	26.70	29.06	97.3
13/07/2018 10:16:05 AM	3614285765	1013.00	NaN	29.05	NaN	27.32	29.05	91.8	26.98	29.05	94.8	26.81	29.05	96.3
13/07/2018 10:16:06 AM	3614285766	1013.00	NaN	29.05	NaN	27.33	29.05	91.7	26.97	29.05	94.8	26.77	29.05	96.7
13/07/2018 10:16:07 AM	3614285767	1013.00	NaN	29.04	NaN	27.29	29.04	92.0	27.00	29.04	94.6	26.68	29.04	97.5
13/07/2018 10:16:08 AM	3614285768	1013.00	NaN	29.04	NaN	27.35	29.04	91.5	26.97	29.04	94.9	26.66	29.04	97.7
13/07/2018 10:16:09 AM	3614285769	1013.00	NaN	29.04	NaN	27.30	29.04	91.9	26.95	29.04	95.0	26.68	29.04	97.5
13/07/2018 10:16:10 AM	3614285770	1013.00	NaN	29.04	NaN	27.34	29.04	91.6	26.99	29.04	94.7	26.69	29.04	97.4
13/07/2018 10:16:11 AM	3614285771	1013.00	NaN	29.03	NaN	27.31	29.03	91.9	26.99	29.03	94.7	26.74	29.03	97.0
13/07/2018 10:16:12 AM	3614285772	1013.00	NaN	29.03	NaN	27.33	29.03	91.7	26.96	29.03	95.0	26.67	29.03	97.6
13/07/2018 10:16:13 AM	3614285773	1013.00	NaN	29.03	NaN	27.32	29.03	91.8	26.97	29.03	94.9	26.63	29.03	98.0
13/07/2018 10:16:14 AM	3614285774	1013.00	NaN	29.03	NaN	27.42	29.03	90.9	26.98	29.03	94.8	26.75	29.03	96.9
13/07/2018 10:16:15 AM	3614285775	1013.00	NaN	29.02	NaN	27.42	29.02	90.9	27.00	29.02	94.6	26.61	29.02	98.2
13/07/2018 10:16:16 AM	3614285776	1013.00	NaN	29.03	NaN	27.38	29.03	91.3	26.96	29.03	95.0	26.75	29.03	96.9
13/07/2018 10:16:17 AM	3614285777	1013.00	NaN	29.02	NaN	27.36	29.02	91.5	26.98	29.02	94.8	26.66	29.02	97.7
13/07/2018 10:16:18 AM	3614285778	1013.00	NaN	29.02	NaN	27.33	29.02	91.7	26.96	29.02	95.0	26.71	29.02	97.3
13/07/2018 10:16:19 AM	3614285779	1013.00	NaN	29.03	NaN	27.32	29.03	91.8	27.02	29.03	94.4	26.67	29.03	97.6
13/07/2018 10:16:20 AM	3614285780	1013.00	NaN	29.02	NaN	27.37	29.02	91.4	27.03	29.02	94.4	26.74	29.02	97.0
13/07/2018 10:16:21 AM	3614285781	1013.00	NaN	29.02	NaN	27.44	29.02	90.8	26.98	29.02	94.8	26.79	29.02	96.5
13/07/2018 10:16:22 AM	3614285782	1013.00	NaN	29.02	NaN	27.38	29.02	91.3	26.99	29.02	94.7	26.68	29.02	97.6
13/07/2018 10:16:23 AM	3614285783	1013.00	NaN	29.02	NaN	27.38	29.02	91.3	26.99	29.02	94.7	26.72	29.02	97.2
13/07/2018 10:16:24 AM	3614285784	1013.00	NaN	29.02	NaN	27.40	29.02	91.1	26.99	29.02	94.7	26.73	29.02	97.1
13/07/2018 10:16:25 AM	3614285785	1013.00	NaN	29.02	NaN	27.40	29.02	91.1	26.99	29.02	94.7	26.73	29.02	97.1
13/07/2018 10:16:26 AM	3614285786	1013.00	NaN	29.01	NaN	27.41	29.01	91.0	26.98	29.01	94.8	26.67	29.01	97.7
13/07/2018 10:16:27 AM	3614285787	1013.00	NaN	29.00	NaN	27.40	29.00	91.1	27.00	29.00	94.7	26.66	29.00	97.8
13/07/2018 10:16:28 AM	3614285788	1013.00	NaN	29.01	NaN	27.41	29.01	91.0	27.01	29.01	94.6	26.65	29.01	97.9
13/07/2018 10:16:29 AM	3614285789	1013.00	NaN	29.00	NaN	27.46	29.00	90.6	27.01	29.00	94.6	26.75	29.00	96.9
13/07/2018 10:16:30 AM	3614285790	1013.00	NaN	29.01	NaN	27.39	29.01	91.2	27.01	29.01	94.6	26.73	29.01	97.1
13/07/2018 10:16:31 AM	3614285791	1013.00	NaN	29.00	NaN	27.37	29.00	91.4	27.00	29.00	94.7	26.81	29.00	96.4
13/07/2018 10:16:32 AM	3614285792	1013.00	NaN	29.01	NaN	27.40	29.01	91.1	26.99	29.01	94.7	26.69	29.01	97.5
13/07/2018 10:16:33 AM	3614285793	1013.00	NaN	29.00	NaN	27.41	29.00	91.1	27.02	29.00	94.5	26.79	29.00	96.6
13/07/2018 10:16:34 AM	3614285794	1013.00	NaN	29.00	NaN	27.40	29.00	91.1	27.01	29.00	94.6	26.68	29.00	97.6
13/07/2018 10:16:35 AM	3614285795	1013.00	NaN	28.99	NaN	27.47	28.99	90.6	26.97	28.99	94.9	26.69	28.99	97.5
13/07/2018 10:16:36 AM	3614285796	1013.00	NaN	29.00	NaN	27.39	29.00	91.2	26.99	29.00	94.7	26.74	29.00	97.0
13/07/2018 10:16:37 AM	3614285797	1013.00	NaN	29.00	NaN	27.45	29.00	90.7	27.00	29.00	94.7	26.77	29.00	96.8
13/07/2018 10:16:38 AM	3614285798	1013.00	NaN	29.00	NaN	27.41	29.00	91.1	27.00	29.00	94.7	26.72	29.00	97.2
13/07/2018 10:16:39 AM	3614285799	1013.00	NaN	29.00	NaN	27.43	29.00	90.9	26.98	29.00	94.8	26.74	29.00	97.0
13/07/2018 10:16:40 AM	3614285800	1013.00	NaN	29.00	NaN	27.42	29.00	91.0	27.00	29.00	94.7	26.76	29.00	96.9
13/07/2018 10:16:41 AM	3614285801	1013.00	NaN	29.00	NaN	27.39	29.00	91.2	27.00	29.00	94.7	26.67	29.00	97.7
13/07/2018 10:16:42 AM	3614285802	1013.00	NaN	29.00	NaN	27.49	29.00	90.4	27.02	29.00	94.5	26.71	29.00	97.3
13/07/2018 10:16:43 AM	3614285803	1013.00	NaN	29.00	NaN	27.42	29.00	91.0	27.00	29.00	94.7	26.72	29.00	97.2
13/07/2018 10:16:44 AM	3614285804	1013.00	NaN	28.99	NaN	27.43	28.99	90.9	27.01	28.99	94.6	26.72	28.99	97.2
13/07/2018 10:16:45 AM	3614285805	1013.00	NaN	28.99	NaN	27.47	28.99	90.6	26.97	28.99	94.9	26.72	28.99	97.2
13/07/2018 10:16:46 AM	3614285806	1013.00	NaN	28.98	NaN	27.37	28.98	91.4	27.00	28.98	94.7	26.76	28.98	96.9
13/07/2018 10:16:47 AM	3614285807	1013.00	NaN	28.98	NaN	27.53	28.98	90.1	27.01	28.98	94.6	26.70	28.98	97.4
13/07/2018 10:16:48 AM	3614285808	1013.00	NaN	28.97	NaN	27.48	28.97	90.5	27.00	28.97	94.7	26.70	28.97	97.5
13/07/2018 10:16:49 AM	3614285809	1013.00	NaN	28.98	NaN	27.44	28.98	90.8	27.02	28.98	94.5	26.68	28.98	97.6
13/07/2018 10:16:50 AM	3614285810	1013.00	NaN	28.98	NaN	27.53	28.98	90.1	26.99	28.98	94.8	26.75	28.98	97.0
13/07/2018 10:16:51 AM	3614285811	1013.00	NaN	28.98	NaN	27.53	28.98	90.1	26.99	28.98	94.8	26.72	28.98	97.3
13/07/2018 10:16:52 AM	3614285812	1013.00	NaN	28.97	NaN	27.42	28.97	91.0	27.02	28.97	94.5	26.72	28.97	97.3
13/07/2018 10:16:53 AM	3614285813	1013.00	NaN	28.97	NaN	27.42	28.97	91.0	27.02	28.97	94.5	26.72	28.97	97.3
13/07/2018 10:16:54 AM	3614285814	1013.00	NaN	28.97	NaN	27.52	28.97	90.2	27.02	28.97	94.5	26.68	28.97	97.6
13/07/2018 10:16:55 AM	3614285815	1013.00	NaN	28.97	NaN	27.48	28.97	90.5	27.05	28.97	94.3	26.73	28.97	97.2
13/07/2018 10:16:56 AM	3614285816	1013.00	NaN	28.97	NaN	27.45	28.97	90.8	27.00	28.97	94.7	26.76	28.97	96.9
13/07/2018 10:16:57 AM	3614285817	1013.00	NaN	28.97	NaN	27.49	28.97	90.4	27.00	28.97	94.7	26.73	28.97	97.2
13/07/2018 10:16:58 AM	3614285818	1013.00	NaN	28.96	NaN	27.51	28.96	90.3	27.02	28.96	94.5	26.70	28.96	97.5
13/07/2018 10:16:59 AM	3614285819	1013.00	NaN	28.96	NaN	27.50	28.96	90.3	27.04	28.96	94.4	26.71	28.96	97.4
13/07/2018 10:17:00 AM	3614285820	1013.00	NaN	28.96	NaN	27.51	28.96	90.3	27.02	28.96	94.5	26.73	28.96	97.2
13/07/2018 10:17:01 AM	3614285821	1013.00	NaN	28.96	NaN	27.49	28.96	90.4	27.04	28.96	94.4	26.67	28.96	97.8
13/07/2018 10:17:02 AM	3614285822	1013.00	NaN	28.95	NaN	27.53	28.95	90.1	27.02	28.95	94.6	26.68	28.95	97.7
13/07/2018 10:17:03 AM	3614285823	1013.00	NaN	28.96	NaN	27.49	28.96	90.4	26.99	28.96	94.8	26.79	28.96	96.6
13/07/2018 10:17:04 AM	3614285824	1013.00	NaN	28.96	NaN	27.55	28.96	89.9	27.01	28.96	94.6	26.69	28.96	97.6
13/07/2018 10:17:05 AM	3614285825	1013.00	NaN	28.95	NaN	27.56	28.95	89.9	27.01	28.95	94.6	26.75	28.95	97.0
13/07/2018 10:17:06 AM	3614285826	1013.00	NaN	28.95	NaN	27.54	28.95	90.0	27.05	28.95	94.3	26.66	28.95	97.9
13/07/2018 10:17:07 AM	3614285827	1013.00	NaN	28.95	NaN	27.53	28.95	90.1	27.02	28.95	94.6	26.77	28.95	96.8
13/07/2018 10:17:08 AM	3614285828	1013.00	NaN	28.95	NaN	27.61	28.95	89.4	27.05	28.95	94.3	26.79	28.95	96.7
13/07/2018 10:17:09 AM	3614285829	1013.00	NaN	28.95	NaN	27.57	28.95	89.8	27.03	28.95	94.5	26.72	28.95	97.3
13/07/2018 10:17:10 AM	3614285830	1013.00	NaN	28.94	NaN	27.54	28.94	90.0	27.04	28.94	94.4	26.67	28.94	97.8
13/07/2018 10:17:11 AM	3614285831	1013.00	NaN	28.95	NaN	27.59	28.95	89.6	27.02	28.95	94.6	26.71	28.95	97.4
13/07/2018 10:17:12 AM	3614285832	1013.00	NaN	28.94	NaN	27.55	28.94	90.0	27.07	28.94	94.1	26.83	28.94	96.3
13/07/2018 10:17:13 AM	3614285833	1013.00	NaN	28.94	NaN	27.59	28.94	89.6	27.00	28.94	94.8	26.79	28.94	96.7
13/07/2018 10:17:14 AM	3614285834	1013.00	NaN	28.94	NaN	27.56	28.94	89.9	27.02	28.94	94.6	26.77	28.94	96.9
13/07/2018 10:17:15 AM	3614285835	1013.00	NaN	28.94	NaN	27.53	28.94	90.1	27.04	28.94	94.4	26.72	28.94	97.3
13/07/2018 10:17:16 AM	3614285836	1013.00	NaN	28.93	NaN	27.53	28.93	90.1	27.04	28.93	94.4	26.79	28.93	96.7
13/07/2018 10:17:17 AM	3614285837	1013.00	NaN	28.94	NaN	27.53	28.94	90.1	27.04	28.94	94.4	26.70	28.94	97.5
13/07/2018 10:17:18 AM	3614285838	1013.00	NaN	28.93	NaN	27.61	28.93	89.5	27.06	28.93	94.2	26.72	28.93	97.3
13/07/2018 10:17:19 AM	3614285839	1013.00	NaN	28.94	NaN	27.66	28.94	89.0	27.02	28.94	94.6	26.77	28.94	96.9
13/07/2018 10:17:20 AM	3614285840	1013.00	NaN	28.93	NaN	27.63	28.93	89.3	27.02	28.93	94.6	26.77	28.93	96.9
13/07/2018 10:17:21 AM	3614285841	1013.00	NaN	28.93	NaN	27.59	28.93	89.6	27.04	28.93	94.4	26.72	28.93	97.3
13/07/2018 10:17:22 AM	3614285842	1013.00	NaN	28.93	NaN	27.62	28.93	89.4	27.04	28.93	94.4	26.69	28.93	97.6
13/07/2018 10:17:23 AM	3614285843	1013.00	NaN	28.93	NaN	27.61	28.93	89.5	27.01	28.93	94.7	26.74	28.93	97.2
13/07/2018 10:17:24 AM	3614285844	1013.00	NaN	28.93	NaN	27.57	28.93	89.8	27.07	28.93	94.1	26.67	28.93	97.8
13/07/2018 10:17:25 AM	3614285845	1013.00	NaN	28.93	NaN	27.63	28.93	89.3	27.03	28.93	94.5	26.75	28.93	97.1
13/07/2018 10:17:26 AM	3614285846	1013.00	NaN	28.93	NaN	27.59	28.93	89.6	27.04	28.93	94.4	26.78	28.93	96.8
13/07/2018 10:17:27 AM	3614285847	1013.00	NaN	28.93	NaN	27.64	28.93	89.2	27.03	28.93	94.5	26.74	28.93	97.2
13/07/2018 10:17:28 AM	3614285848	1013.00	NaN	28.93	NaN	27.66	28.93	89.0	27.03	28.93	94.5	26.74	28.93	97.2
13/07/2018 10:17:29 AM	3614285849	1013.00	NaN	28.93	NaN	27.65	28.93	89.1	27.03	28.93	94.5	26.71	28.93	97.4
13/07/2018 10:17:30 AM	3614285850	1013.00	NaN	28.93	NaN	27.70	28.93	88.7	27.04	28.93	94.4	26.69	28.93	97.6
13/07/2018 10:17:31 AM	3614285851	1013.00	NaN	28.92	NaN	27.69	28.92	88.8	27.04	28.92	94.4	26.73	28.92	97.3
13/07/2018 10:17:32 AM	3614285852	1013.00	NaN	28.92	NaN	27.72	28.92	88.6	27.04	28.92	94.4	26.69	28.92	97.6
13/07/2018 10:17:33 AM	3614285853	1013.00	NaN	28.91	NaN	27.73	28.91	88.5	27.07	28.91	94.2	26.76	28.91	97.0
13/07/2018 10:17:34 AM	3614285854	1013.00	NaN	28.92	NaN	27.66	28.92	89.1	27.05	28.92	94.3	26.77	28.92	96.9
13/07/2018 10:17:35 AM	3614285855	1013.00	NaN	28.92	NaN	27.76	28.92	88.2	27.04	28.92	94.4	26.76	28.92	97.0
13/07/2018 10:17:36 AM	3614285856	1013.00	NaN	28.92	NaN	27.78	28.92	88.1	27.03	28.92	94.5	26.80	28.92	96.6
13/07/2018 10:17:37 AM	3614285857	1013.00	NaN	28.91	NaN	27.77	28.91	88.2	27.06	28.91	94.3	26.76	28.91	97.0
13/07/2018 10:17:38 AM	3614285858	1013.00	NaN	28.91	NaN	27.82	28.91	87.8	27.05	28.91	94.4	26.76	28.91	97.0
13/07/2018 10:17:39 AM	3614285859	1013.00	NaN	28.91	NaN	27.83	28.91	87.7	27.08	28.91	94.1	26.72	28.91	97.4
13/07/2018 10:17:40 AM	3614285860	1013.00	NaN	28.90	NaN	27.80	28.90	87.9	27.08	28.90	94.1	26.74	28.90	97.2
13/07/2018 10:17:41 AM	3614285861	1013.00	NaN	28.90	NaN	27.85	28.90	87.5	27.06	28.90	94.3	26.76	28.90	97.0
13/07/2018 10:17:42 AM	3614285862	1013.00	NaN	28.90	NaN	27.86	28.90	87.4	27.07	28.90	94.2	26.76	28.90	97.0
13/07/2018 10:17:43 AM	3614285863	1013.00	NaN	28.91	NaN	27.86	28.91	87.4	27.08	28.91	94.1	26.73	28.91	97.3
13/07/2018 10:17:44 AM	3614285864	1013.00	NaN	28.90	NaN	27.86	28.90	87.4	27.07	28.90	94.2	26.71	28.90	97.5
13/07/2018 10:17:45 AM	3614285865	1013.00	NaN	28.91	NaN	27.74	28.91	88.4	27.07	28.91	94.2	26.75	28.91	97.1
13/07/2018 10:17:46 AM	3614285866	1013.00	NaN	28.91	NaN	27.84	28.91	87.6	27.10	28.91	93.9	26.77	28.91	96.9
13/07/2018 10:17:47 AM	3614285867	1013.00	NaN	28.91	NaN	27.90	28.91	87.1	27.03	28.91	94.5	26.67	28.91	97.8
13/07/2018 10:17:48 AM	3614285868	1013.00	NaN	28.91	NaN	27.89	28.91	87.2	27.10	28.91	93.9	26.77	28.91	96.9
13/07/2018 10:17:49 AM	3614285869	1013.00	NaN	28.91	NaN	27.88	28.91	87.3	27.09	28.91	94.0	26.74	28.91	97.2
13/07/2018 10:17:50 AM	3614285870	1013.00	NaN	28.91	NaN	27.89	28.91	87.2	27.09	28.91	94.0	26.66	28.91	97.9
13/07/2018 10:17:51 AM	3614285871	1013.00	NaN	28.91	NaN	27.86	28.91	87.4	27.09	28.91	94.0	26.84	28.91	96.3
13/07/2018 10:17:52 AM	3614285872	1013.00	NaN	28.91	NaN	27.85	28.91	87.5	27.09	28.91	94.0	26.68	28.91	97.7
13/07/2018 10:17:53 AM	3614285873	1013.00	NaN	28.91	NaN	27.92	28.91	86.9	27.09	28.91	94.0	26.75	28.91	97.1
13/07/2018 10:17:54 AM	3614285874	1013.00	NaN	28.91	NaN	27.96	28.91	86.6	27.10	28.91	93.9	26.71	28.91	97.5
13/07/2018 10:17:55 AM	3614285875	1013.00	NaN	28.91	NaN	27.91	28.91	87.0	27.11	28.91	93.8	26.79	28.91	96.7
13/07/2018 10:17:56 AM	3614285876	1013.00	NaN	28.91	NaN	28.02	28.91	86.1	27.07	28.91	94.2	26.75	28.91	97.1
13/07/2018 10:17:57 AM	3614285877	1013.00	NaN	28.92	NaN	27.94	28.92	86.8	27.13	28.92	93.6	26.82	28.92	96.4
13/07/2018 10:17:58 AM	3614285878	1013.00	NaN	28.91	NaN	27.98	28.91	86.5	27.10	28.91	93.9	26.80	28.91	96.6
13/07/2018 10:17:59 AM	3614285879	1013.00	NaN	28.91	NaN	28.00	28.91	86.3	27.09	28.91	94.0	26.71	28.91	97.5
13/07/2018 10:18:00 AM	3614285880	1013.00	NaN	28.91	NaN	27.92	28.91	86.9	27.10	28.91	93.9	26.82	28.91	96.4
13/07/2018 10:18:01 AM	3614285881	1013.00	NaN	28.91	NaN	27.99	28.91	86.4	27.12	28.91	93.7	26.76	28.91	97.0
13/07/2018 10:18:02 AM	3614285882	1013.00	NaN	28.91	NaN	27.98	28.91	86.5	27.09	28.91	94.0	26.80	28.91	96.6
13/07/2018 10:18:03 AM	3614285883	1013.00	NaN	28.91	NaN	28.00	28.91	86.3	27.10	28.91	93.9	26.74	28.91	97.2
13/07/2018 10:18:04 AM	3614285884	1013.00	NaN	28.91	NaN	27.97	28.91	86.5	27.11	28.91	93.8	26.72	28.91	97.4
13/07/2018 10:18:05 AM	3614285885	1013.00	NaN	28.91	NaN	28.00	28.91	86.3	27.11	28.91	93.8	26.75	28.91	97.1
13/07/2018 10:18:06 AM	3614285886	1013.00	NaN	28.91	NaN	28.03	28.91	86.1	27.08	28.91	94.1	26.74	28.91	97.2
13/07/2018 10:18:07 AM	3614285887	1013.00	NaN	28.91	NaN	28.02	28.91	86.1	27.10	28.91	93.9	26.83	28.91	96.4
13/07/2018 10:18:08 AM	3614285888	1013.00	NaN	28.92	NaN	28.02	28.92	86.1	27.11	28.92	93.8	26.82	28.92	96.4
13/07/2018 10:18:09 AM	3614285889	1013.00	NaN	28.91	NaN	28.02	28.91	86.1	27.10	28.91	93.9	26.78	28.91	96.8
13/07/2018 10:18:10 AM	3614285890	1013.00	NaN	28.91	NaN	28.03	28.91	86.1	27.13	28.91	93.6	26.75	28.91	97.1
13/07/2018 10:18:11 AM	3614285891	1013.00	NaN	28.91	NaN	28.05	28.91	85.9	27.10	28.91	93.9	26.81	28.91	96.5
13/07/2018 10:18:12 AM	3614285892	1013.00	NaN	28.91	NaN	28.05	28.91	85.9	27.06	28.91	94.3	26.76	28.91	97.0
13/07/2018 10:18:13 AM	3614285893	1013.00	NaN	28.91	NaN	28.04	28.91	86.0	27.12	28.91	93.7	26.77	28.91	96.9
13/07/2018 10:18:14 AM	3614285894	1013.00	NaN	28.91	NaN	28.07	28.91	85.7	27.13	28.91	93.6	26.77	28.91	96.9
13/07/2018 10:18:15 AM	3614285895	1013.00	NaN	28.92	NaN	28.11	28.92	85.4	27.13	28.92	93.6	26.69	28.92	97.6
13/07/2018 10:18:16 AM	3614285896	1013.00	NaN	28.92	NaN	28.08	28.92	85.6	27.10	28.92	93.9	26.87	28.92	96.0
13/07/2018 10:18:17 AM	3614285897	1013.00	NaN	28.92	NaN	28.12	28.92	85.3	27.13	28.92	93.6	26.78	28.92	96.8
13/07/2018 10:18:18 AM	3614285898	1013.00	NaN	28.92	NaN	28.12	28.92	85.3	27.11	28.92	93.8	26.77	28.92	96.9
13/07/2018 10:18:19 AM	3614285899	1013.00	NaN	28.92	NaN	28.05	28.92	85.9	27.09	28.92	94.0	26.78	28.92	96.8
13/07/2018 10:18:20 AM	3614285900	1013.00	NaN	28.92	NaN	28.09	28.92	85.6	27.14	28.92	93.5	26.76	28.92	97.0
13/07/2018 10:18:21 AM	3614285901	1013.00	NaN	28.91	NaN	28.09	28.91	85.6	27.14	28.91	93.6	26.77	28.91	96.9
13/07/2018 10:18:22 AM	3614285902	1013.00	NaN	28.91	NaN	28.06	28.91	85.8	27.14	28.91	93.6	26.71	28.91	97.5
13/07/2018 10:18:23 AM	3614285903	1013.00	NaN	28.91	NaN	28.06	28.91	85.8	27.14	28.91	93.6	26.84	28.91	96.3
13/07/2018 10:18:24 AM	3614285904	1013.00	NaN	28.91	NaN	28.09	28.91	85.6	27.14	28.91	93.6	26.79	28.91	96.7
13/07/2018 10:18:25 AM	3614285905	1013.00	NaN	28.91	NaN	28.09	28.91	85.6	27.12	28.91	93.7	26.74	28.91	97.2
13/07/2018 10:18:26 AM	3614285906	1013.00	NaN	28.91	NaN	28.14	28.91	85.2	27.16	28.91	93.4	26.72	28.91	97.4
13/07/2018 10:18:27 AM	3614285907	1013.00	NaN	28.91	NaN	28.12	28.91	85.3	27.16	28.91	93.4	26.81	28.91	96.5
13/07/2018 10:18:28 AM	3614285908	1013.00	NaN	28.91	NaN	28.15	28.91	85.1	27.14	28.91	93.6	26.81	28.91	96.5
13/07/2018 10:18:29 AM	3614285909	1013.00	NaN	28.91	NaN	28.15	28.91	85.1	27.14	28.91	93.6	26.81	28.91	96.5
13/07/2018 10:18:30 AM	3614285910	1013.00	NaN	28.90	NaN	28.12	28.90	85.3	27.10	28.90	93.9	26.75	28.90	97.1
13/07/2018 10:18:31 AM	3614285911	1013.00	NaN	28.90	NaN	28.12	28.90	85.3	27.16	28.90	93.4	26.84	28.90	96.3
13/07/2018 10:18:32 AM	3614285912	1013.00	NaN	28.90	NaN	28.20	28.90	84.7	27.15	28.90	93.5	26.78	28.90	96.8
13/07/2018 10:18:33 AM	3614285913	1013.00	NaN	28.90	NaN	28.16	28.90	85.0	27.12	28.90	93.7	26.87	28.90	96.0
13/07/2018 10:18:34 AM	3614285914	1013.00	NaN	28.89	NaN	28.18	28.89	84.9	27.13	28.89	93.7	26.80	28.89	96.7
13/07/2018 10:18:35 AM	3614285915	1013.00	NaN	28.88	NaN	28.12	28.88	85.4	27.12	28.88	93.8	26.74	28.88	97.2
13/07/2018 10:18:36 AM	3614285916	1013.00	NaN	28.88	NaN	28.17	28.88	85.0	27.15	28.88	93.5	26.86	28.88	96.1
13/07/2018 10:18:37 AM	3614285917	1013.00	NaN	28.88	NaN	28.19	28.88	84.8	27.16	28.88	93.4	26.79	28.88	96.8
13/07/2018 10:18:38 AM	3614285918	1013.00	NaN	28.88	NaN	28.14	28.88	85.2	27.15	28.88	93.5	26.84	28.88	96.3
13/07/2018 10:18:39 AM	3614285919	1013.00	NaN	28.88	NaN	28.20	28.88	84.7	27.19	28.88	93.2	26.79	28.88	96.8
13/07/2018 10:18:40 AM	3614285920	1013.00	NaN	28.89	NaN	28.18	28.89	84.9	27.18	28.89	93.2	26.76	28.89	97.0
13/07/2018 10:18:41 AM	3614285921	1013.00	NaN	28.89	NaN	28.18	28.89	84.9	27.18	28.89	93.2	26.76	28.89	97.0
13/07/2018 10:18:42 AM	3614285922	1013.00	NaN	28.89	NaN	28.18	28.89	84.9	27.14	28.89	93.6	26.79	28.89	96.8
13/07/2018 10:18:43 AM	3614285923	1013.00	NaN	28.89	NaN	28.21	28.89	84.7	27.19	28.89	93.1	26.72	28.89	97.4
13/07/2018 10:18:44 AM	3614285924	1013.00	NaN	28.89	NaN	28.23	28.89	84.5	27.16	28.89	93.4	26.81	28.89	96.6
13/07/2018 10:18:45 AM	3614285925	1013.00	NaN	28.89	NaN	28.21	28.89	84.7	27.20	28.89	93.1	26.71	28.89	97.5
13/07/2018 10:18:46 AM	3614285926	1013.00	NaN	28.89	NaN	28.21	28.89	84.7	27.19	28.89	93.1	26.80	28.89	96.7
13/07/2018 10:18:47 AM	3614285927	1013.00	NaN	28.89	NaN	28.23	28.89	84.5	27.15	28.89	93.5	26.76	28.89	97.0
13/07/2018 10:18:48 AM	3614285928	1013.00	NaN	28.88	NaN	28.24	28.88	84.4	27.17	28.88	93.3	26.72	28.88	97.4
13/07/2018 10:18:49 AM	3614285929	1013.00	NaN	28.89	NaN	28.28	28.89	84.1	27.15	28.89	93.5	26.80	28.89	96.7
13/07/2018 10:18:50 AM	3614285930	1013.00	NaN	28.88	NaN	28.23	28.88	84.5	27.17	28.88	93.3	26.81	28.88	96.6
13/07/2018 10:18:51 AM	3614285931	1013.00	NaN	28.88	NaN	28.32	28.88	83.8	27.16	28.88	93.4	26.82	28.88	96.5
13/07/2018 10:18:52 AM	3614285932	1013.00	NaN	28.88	NaN	28.23	28.88	84.5	27.19	28.88	93.2	26.84	28.88	96.3
13/07/2018 10:18:53 AM	3614285933	1013.00	NaN	28.88	NaN	28.25	28.88	84.4	27.18	28.88	93.2	26.87	28.88	96.0
13/07/2018 10:18:54 AM	3614285934	1013.00	NaN	28.88	NaN	28.24	28.88	84.4	27.16	28.88	93.4	26.73	28.88	97.3
13/07/2018 10:18:55 AM	3614285935	1013.00	NaN	28.88	NaN	28.26	28.88	84.3	27.17	28.88	93.3	26.84	28.88	96.3
13/07/2018 10:18:56 AM	3614285936	1013.00	NaN	28.88	NaN	28.23	28.88	84.5	27.18	28.88	93.2	26.83	28.88	96.4
13/07/2018 10:18:57 AM	3614285937	1013.00	NaN	28.89	NaN	28.32	28.89	83.8	27.17	28.89	93.3	26.76	28.89	97.0
13/07/2018 10:18:58 AM	3614285938	1013.00	NaN	28.88	NaN	28.27	28.88	84.2	27.16	28.88	93.4	26.79	28.88	96.8
13/07/2018 10:18:59 AM	3614285939	1013.00	NaN	28.88	NaN	28.27	28.88	84.2	27.20	28.88	93.1	26.78	28.88	96.9
13/07/2018 10:19:00 AM	3614285940	1013.00	NaN	28.88	NaN	28.33	28.88	83.7	27.19	28.88	93.2	26.80	28.88	96.7
13/07/2018 10:19:01 AM	3614285941	1013.00	NaN	28.87	NaN	28.29	28.87	84.1	27.20	28.87	93.1	26.82	28.87	96.5
13/07/2018 10:19:02 AM	3614285942	1013.00	NaN	28.87	NaN	28.33	28.87	83.7	27.23	28.87	92.8	26.82	28.87	96.5
13/07/2018 10:19:03 AM	3614285943	1013.00	NaN	28.86	NaN	28.23	28.86	84.5	27.18	28.86	93.3	26.83	28.86	96.4
13/07/2018 10:19:04 AM	3614285944	1013.00	NaN	28.87	NaN	28.30	28.87	84.0	27.19	28.87	93.2	26.80	28.87	96.7
13/07/2018 10:19:05 AM	3614285945	1013.00	NaN	28.86	NaN	28.35	28.86	83.6	27.21	28.86	93.0	26.81	28.86	96.6
13/07/2018 10:19:06 AM	3614285946	1013.00	NaN	28.86	NaN	28.32	28.86	83.8	27.20	28.86	93.1	26.81	28.86	96.6
13/07/2018 10:19:07 AM	3614285947	1013.00	NaN	28.86	NaN	28.31	28.86	83.9	27.23	28.86	92.8	26.75	28.86	97.2
13/07/2018 10:19:08 AM	3614285948	1013.00	NaN	28.86	NaN	28.29	28.86	84.1	27.17	28.86	93.4	26.83	28.86	96.4
13/07/2018 10:19:09 AM	3614285949	1013.00	NaN	28.86	NaN	28.33	28.86	83.8	27.21	28.86	93.0	26.81	28.86	96.6
13/07/2018 10:19:10 AM	3614285950	1013.00	NaN	28.86	NaN	28.29	28.86	84.1	27.21	28.86	93.0	26.79	28.86	96.8
13/07/2018 10:19:11 AM	3614285951	1013.00	NaN	28.86	NaN	28.31	28.86	83.9	27.18	28.86	93.3	26.77	28.86	97.0
13/07/2018 10:19:12 AM	3614285952	1013.00	NaN	28.86	NaN	28.29	28.86	84.1	27.20	28.86	93.1	26.83	28.86	96.4
13/07/2018 10:19:13 AM	3614285953	1013.00	NaN	28.85	NaN	28.32	28.85	83.9	27.23	28.85	92.9	26.82	28.85	96.5
13/07/2018 10:19:14 AM	3614285954	1013.00	NaN	28.84	NaN	28.32	28.84	83.9	27.24	28.84	92.8	26.82	28.84	96.6
13/07/2018 10:19:15 AM	3614285955	1013.00	NaN	28.84	NaN	28.31	28.84	83.9	27.26	28.84	92.6	26.87	28.84	96.1
13/07/2018 10:19:16 AM	3614285956	1013.00	NaN	28.84	NaN	28.28	28.84	84.2	27.25	28.84	92.7	26.78	28.84	96.9
13/07/2018 10:19:17 AM	3614285957	1013.00	NaN	28.84	NaN	28.38	28.84	83.4	27.22	28.84	93.0	26.85	28.84	96.3
13/07/2018 10:19:18 AM	3614285958	1013.00	NaN	28.84	NaN	28.36	28.84	83.6	27.26	28.84	92.6	26.79	28.84	96.8
13/07/2018 10:19:19 AM	3614285959	1013.00	NaN	28.84	NaN	28.35	28.84	83.6	27.24	28.84	92.8	26.79	28.84	96.8
13/07/2018 10:19:20 AM	3614285960	1013.00	NaN	28.84	NaN	28.35	28.84	83.6	27.24	28.84	92.8	26.79	28.84	96.8
13/07/2018 10:19:21 AM	3614285961	1013.00	NaN	28.84	NaN	28.33	28.84	83.8	27.26	28.84	92.6	26.79	28.84	96.8
13/07/2018 10:19:22 AM	3614285962	1013.00	NaN	28.84	NaN	28.37	28.84	83.5	27.20	28.84	93.1	26.84	28.84	96.4
13/07/2018 10:19:23 AM	3614285963	1013.00	NaN	28.83	NaN	28.36	28.83	83.6	27.23	28.83	92.9	26.83	28.83	96.5
13/07/2018 10:19:24 AM	3614285964	1013.00	NaN	28.84	NaN	28.39	28.84	83.3	27.21	28.84	93.0	26.81	28.84	96.6
13/07/2018 10:19:25 AM	3614285965	1013.00	NaN	28.84	NaN	28.36	28.84	83.6	27.25	28.84	92.7	26.85	28.84	96.3
13/07/2018 10:19:26 AM	3614285966	1013.00	NaN	28.84	NaN	28.35	28.84	83.6	27.23	28.84	92.9	26.78	28.84	96.9
13/07/2018 10:19:27 AM	3614285967	1013.00	NaN	28.84	NaN	28.37	28.84	83.5	27.20	28.84	93.1	26.79	28.84	96.8
13/07/2018 10:19:28 AM	3614285968	1013.00	NaN	28.84	NaN	28.44	28.84	82.9	27.22	28.84	93.0	26.79	28.84	96.8
13/07/2018 10:19:29 AM	3614285969	1013.00	NaN	28.83	NaN	28.40	28.83	83.3	27.22	28.83	93.0	26.71	28.83	97.6
13/07/2018 10:19:30 AM	3614285970	1013.00	NaN	28.83	NaN	28.36	28.83	83.6	27.24	28.83	92.8	26.82	28.83	96.6
13/07/2018 10:19:31 AM	3614285971	1013.00	NaN	28.84	NaN	28.40	28.84	83.2	27.26	28.84	92.6	26.84	28.84	96.4
13/07/2018 10:19:32 AM	3614285972	1013.00	NaN	28.83	NaN	28.38	28.83	83.4	27.25	28.83	92.7	26.86	28.83	96.2
13/07/2018 10:19:33 AM	3614285973	1013.00	NaN	28.83	NaN	28.39	28.83	83.3	27.24	28.83	92.8	26.80	28.83	96.8
13/07/2018 10:19:34 AM	3614285974	1013.00	NaN	28.84	NaN	28.38	28.84	83.4	27.29	28.84	92.3	26.79	28.84	96.8
13/07/2018 10:19:35 AM	3614285975	1013.00	NaN	28.83	NaN	28.42	28.83	83.1	27.26	28.83	92.6	26.80	28.83	96.8
13/07/2018 10:19:36 AM	3614285976	1013.00	NaN	28.84	NaN	28.38	28.84	83.4	27.27	28.84	92.5	26.84	28.84	96.4
13/07/2018 10:19:37 AM	3614285977	1013.00	NaN	28.84	NaN	28.44	28.84	82.9	27.27	28.84	92.5	26.86	28.84	96.2
13/07/2018 10:19:38 AM	3614285978	1013.00	NaN	28.83	NaN	28.38	28.83	83.4	27.28	28.83	92.4	26.83	28.83	96.5
13/07/2018 10:19:39 AM	3614285979	1013.00	NaN	28.82	NaN	28.40	28.82	83.3	27.28	28.82	92.5	26.91	28.82	95.8
13/07/2018 10:19:40 AM	3614285980	1013.00	NaN	28.82	NaN	28.42	28.82	83.1	27.27	28.82	92.5	26.98	28.82	95.1
13/07/2018 10:19:41 AM	3614285981	1013.00	NaN	28.82	NaN	28.42	28.82	83.1	27.27	28.82	92.5	26.98	28.82	95.1
13/07/2018 10:19:42 AM	3614285982	1013.00	NaN	28.82	NaN	28.43	28.82	83.0	27.28	28.82	92.5	26.96	28.82	95.3
13/07/2018 10:19:43 AM	3614285983	1013.00	NaN	28.82	NaN	28.44	28.82	83.0	27.26	28.82	92.6	26.93	28.82	95.6
13/07/2018 10:19:44 AM	3614285984	1013.00	NaN	28.82	NaN	28.41	28.82	83.2	27.24	28.82	92.8	26.96	28.82	95.3
13/07/2018 10:19:45 AM	3614285985	1013.00	NaN	28.82	NaN	28.42	28.82	83.1	27.27	28.82	92.5	26.87	28.82	96.1
13/07/2018 10:19:46 AM	3614285986	1013.00	NaN	28.83	NaN	28.37	28.83	83.5	27.28	28.83	92.4	26.95	28.83	95.4
13/07/2018 10:19:47 AM	3614285987	1013.00	NaN	28.82	NaN	28.44	28.82	83.0	27.27	28.82	92.5	26.93	28.82	95.6
13/07/2018 10:19:48 AM	3614285988	1013.00	NaN	28.82	NaN	28.40	28.82	83.3	27.32	28.82	92.1	26.95	28.82	95.4
13/07/2018 10:19:49 AM	3614285989	1013.00	NaN	28.82	NaN	28.45	28.82	82.9	27.30	28.82	92.3	26.98	28.82	95.1
13/07/2018 10:19:50 AM	3614285990	1013.00	NaN	28.81	NaN	28.39	28.81	83.4	27.30	28.81	92.3	26.96	28.81	95.3
13/07/2018 10:19:51 AM	3614285991	1013.00	NaN	28.82	NaN	28.44	28.82	83.0	27.28	28.82	92.5	27.01	28.82	94.9
13/07/2018 10:19:52 AM	3614285992	1013.00	NaN	28.82	NaN	28.43	28.82	83.0	27.28	28.82	92.5	27.03	28.82	94.7
13/07/2018 10:19:53 AM	3614285993	1013.00	NaN	28.81	NaN	28.48	28.81	82.7	27.30	28.81	92.3	26.99	28.81	95.1
13/07/2018 10:19:54 AM	3614285994	1013.00	NaN	28.81	NaN	28.50	28.81	82.5	27.31	28.81	92.2	26.99	28.81	95.1
13/07/2018 10:19:55 AM	3614285995	1013.00	NaN	28.81	NaN	28.46	28.81	82.8	27.31	28.81	92.2	26.97	28.81	95.2
13/07/2018 10:19:56 AM	3614285996	1013.00	NaN	28.81	NaN	28.44	28.81	83.0	27.33	28.81	92.0	26.96	28.81	95.3
13/07/2018 10:19:57 AM	3614285997	1013.00	NaN	28.81	NaN	28.52	28.81	82.4	27.31	28.81	92.2	27.06	28.81	94.4
13/07/2018 10:19:58 AM	3614285998	1013.00	NaN	28.81	NaN	28.44	28.81	83.0	27.29	28.81	92.4	26.99	28.81	95.1
13/07/2018 10:19:59 AM	3614285999	1013.00	NaN	28.81	NaN	28.48	28.81	82.7	27.32	28.81	92.1	27.12	28.81	93.9
13/07/2018 10:20:00 AM	3614286000	1013.00	NaN	28.80	NaN	28.48	28.80	82.7	27.31	28.80	92.2	27.06	28.80	94.4
13/07/2018 10:20:01 AM	3614286001	1013.00	NaN	28.81	NaN	28.46	28.81	82.8	27.33	28.81	92.0	26.98	28.81	95.1
13/07/2018 10:20:02 AM	3614286002	1013.00	NaN	28.81	NaN	28.43	28.81	83.1	27.33	28.81	92.0	27.04	28.81	94.6
13/07/2018 10:20:03 AM	3614286003	1013.00	NaN	28.82	NaN	28.46	28.82	82.8	27.32	28.82	92.1	27.10	28.82	94.0
13/07/2018 10:20:04 AM	3614286004	1013.00	NaN	28.82	NaN	28.45	28.82	82.9	27.32	28.82	92.1	27.05	28.82	94.5
13/07/2018 10:20:05 AM	3614286005	1013.00	NaN	28.82	NaN	28.45	28.82	82.9	27.32	28.82	92.1	27.05	28.82	94.5
13/07/2018 10:20:06 AM	3614286006	1013.00	NaN	28.82	NaN	28.49	28.82	82.6	27.33	28.82	92.0	27.02	28.82	94.8
13/07/2018 10:20:07 AM	3614286007	1013.00	NaN	28.81	NaN	28.51	28.81	82.5	27.33	28.81	92.0	27.05	28.81	94.5
13/07/2018 10:20:08 AM	3614286008	1013.00	NaN	28.80	NaN	28.49	28.80	82.6	27.33	28.80	92.1	27.10	28.80	94.1
13/07/2018 10:20:09 AM	3614286009	1013.00	NaN	28.81	NaN	28.49	28.81	82.6	27.33	28.81	92.0	27.07	28.81	94.3
13/07/2018 10:20:10 AM	3614286010	1013.00	NaN	28.81	NaN	28.49	28.81	82.6	27.31	28.81	92.2	27.02	28.81	94.8
13/07/2018 10:20:11 AM	3614286011	1013.00	NaN	28.81	NaN	28.48	28.81	82.7	27.34	28.81	92.0	27.05	28.81	94.5
13/07/2018 10:20:12 AM	3614286012	1013.00	NaN	28.81	NaN	28.46	28.81	82.8	27.33	28.81	92.0	27.08	28.81	94.2
13/07/2018 10:20:13 AM	3614286013	1013.00	NaN	28.81	NaN	28.48	28.81	82.7	27.33	28.81	92.0	27.03	28.81	94.7
13/07/2018 10:20:14 AM	3614286014	1013.00	NaN	28.80	NaN	28.48	28.80	82.7	27.32	28.80	92.1	27.11	28.80	94.0
13/07/2018 10:20:15 AM	3614286015	1013.00	NaN	28.79	NaN	28.51	28.79	82.5	27.36	28.79	91.8	27.07	28.79	94.4
13/07/2018 10:20:16 AM	3614286016	1013.00	NaN	28.79	NaN	28.50	28.79	82.6	27.34	28.79	92.0	27.14	28.79	93.7
13/07/2018 10:20:17 AM	3614286017	1013.00	NaN	28.79	NaN	28.54	28.79	82.3	27.32	28.79	92.2	27.12	28.79	93.9
13/07/2018 10:20:18 AM	3614286018	1013.00	NaN	28.79	NaN	28.51	28.79	82.5	27.33	28.79	92.1	27.13	28.79	93.8
13/07/2018 10:20:19 AM	3614286019	1013.00	NaN	28.79	NaN	28.57	28.79	82.0	27.35	28.79	91.9	27.22	28.79	93.0
13/07/2018 10:20:20 AM	3614286020	1013.00	NaN	28.79	NaN	28.53	28.79	82.3	27.34	28.79	92.0	27.20	28.79	93.2
13/07/2018 10:20:21 AM	3614286021	1013.00	NaN	28.79	NaN	28.54	28.79	82.3	27.37	28.79	91.7	27.17	28.79	93.5
13/07/2018 10:20:22 AM	3614286022	1013.00	NaN	28.79	NaN	28.54	28.79	82.3	27.33	28.79	92.1	27.12	28.79	93.9
13/07/2018 10:20:23 AM	3614286023	1013.00	NaN	28.79	NaN	28.56	28.79	82.1	27.36	28.79	91.8	27.17	28.79	93.5
13/07/2018 10:20:24 AM	3614286024	1013.00	NaN	28.79	NaN	28.59	28.79	81.9	27.38	28.79	91.6	27.27	28.79	92.6
13/07/2018 10:20:25 AM	3614286025	1013.00	NaN	28.78	NaN	28.60	28.78	81.8	27.37	28.78	91.7	27.21	28.78	93.1
13/07/2018 10:20:26 AM	3614286026	1013.00	NaN	28.78	NaN	28.58	28.78	82.0	27.37	28.78	91.7	27.16	28.78	93.6
13/07/2018 10:20:27 AM	3614286027	1013.00	NaN	28.79	NaN	28.57	28.79	82.0	27.35	28.79	91.9	27.18	28.79	93.4
13/07/2018 10:20:28 AM	3614286028	1013.00	NaN	28.79	NaN	28.59	28.79	81.9	27.38	28.79	91.6	27.12	28.79	93.9
13/07/2018 10:20:29 AM	3614286029	1013.00	NaN	28.79	NaN	28.54	28.79	82.3	27.35	28.79	91.9	27.24	28.79	92.9
13/07/2018 10:20:30 AM	3614286030	1013.00	NaN	28.79	NaN	28.59	28.79	81.9	27.37	28.79	91.7	27.22	28.79	93.0
13/07/2018 10:20:31 AM	3614286031	1013.00	NaN	28.78	NaN	28.60	28.78	81.8	27.42	28.78	91.3	27.24	28.78	92.9
13/07/2018 10:20:32 AM	3614286032	1013.00	NaN	28.78	NaN	28.57	28.78	82.0	27.39	28.78	91.6	27.23	28.78	93.0
13/07/2018 10:20:33 AM	3614286033	1013.00	NaN	28.78	NaN	28.62	28.78	81.7	27.37	28.78	91.7	27.20	28.78	93.2
13/07/2018 10:20:34 AM	3614286034	1013.00	NaN	28.78	NaN	28.59	28.78	81.9	27.38	28.78	91.7	27.29	28.78	92.4
13/07/2018 10:20:35 AM	3614286035	1013.00	NaN	28.78	NaN	28.61	28.78	81.7	27.38	28.78	91.7	27.20	28.78	93.2
13/07/2018 10:20:36 AM	3614286036	1013.00	NaN	28.78	NaN	28.62	28.78	81.7	27.37	28.78	91.7	27.22	28.78	93.0
13/07/2018 10:20:37 AM	3614286037	1013.00	NaN	28.78	NaN	28.62	28.78	81.7	27.37	28.78	91.7	27.22	28.78	93.0
13/07/2018 10:20:38 AM	3614286038	1013.00	NaN	28.78	NaN	28.63	28.78	81.6	27.40	28.78	91.5	27.20	28.78	93.2
13/07/2018 10:20:39 AM	3614286039	1013.00	NaN	28.78	NaN	28.67	28.78	81.3	27.38	28.78	91.7	27.29	28.78	92.4
13/07/2018 10:20:40 AM	3614286040	1013.00	NaN	28.78	NaN	28.63	28.78	81.6	27.39	28.78	91.6	27.21	28.78	93.1
13/07/2018 10:20:41 AM	3614286041	1013.00	NaN	28.78	NaN	28.65	28.78	81.4	27.41	28.78	91.4	27.25	28.78	92.8
13/07/2018 10:20:42 AM	3614286042	1013.00	NaN	28.78	NaN	28.62	28.78	81.7	27.38	28.78	91.7	27.17	28.78	93.5
13/07/2018 10:20:43 AM	3614286043	1013.00	NaN	28.78	NaN	28.63	28.78	81.6	27.43	28.78	91.2	27.25	28.78	92.8
13/07/2018 10:20:44 AM	3614286044	1013.00	NaN	28.78	NaN	28.64	28.78	81.5	27.39	28.78	91.6	27.23	28.78	93.0
13/07/2018 10:20:45 AM	3614286045	1013.00	NaN	28.78	NaN	28.69	28.78	81.1	27.41	28.78	91.4	27.26	28.78	92.7
13/07/2018 10:20:46 AM	3614286046	1013.00	NaN	28.77	NaN	28.64	28.77	81.5	27.42	28.77	91.3	27.20	28.77	93.2
13/07/2018 10:20:47 AM	3614286047	1013.00	NaN	28.77	NaN	28.62	28.77	81.7	27.40	28.77	91.5	27.27	28.77	92.6
13/07/2018 10:20:48 AM	3614286048	1013.00	NaN	28.77	NaN	28.70	28.77	81.1	27.38	28.77	91.7	27.28	28.77	92.5
13/07/2018 10:20:49 AM	3614286049	1013.00	NaN	28.77	NaN	28.63	28.77	81.6	27.42	28.77	91.3	27.32	28.77	92.2
13/07/2018 10:20:50 AM	3614286050	1013.00	NaN	28.78	NaN	28.67	28.78	81.3	27.40	28.78	91.5	27.31	28.78	92.3
13/07/2018 10:20:51 AM	3614286051	1013.00	NaN	28.78	NaN	28.70	28.78	81.1	27.39	28.78	91.6	27.23	28.78	93.0
13/07/2018 10:20:52 AM	3614286052	1013.00	NaN	28.78	NaN	28.66	28.78	81.4	27.45	28.78	91.0	27.35	28.78	91.9
13/07/2018 10:20:53 AM	3614286053	1013.00	NaN	28.78	NaN	28.71	28.78	81.0	27.41	28.78	91.4	27.28	28.78	92.5
13/07/2018 10:20:54 AM	3614286054	1013.00	NaN	28.78	NaN	28.73	28.78	80.8	27.41	28.78	91.4	27.24	28.78	92.9
13/07/2018 10:20:55 AM	3614286055	1013.00	NaN	28.78	NaN	28.70	28.78	81.1	27.42	28.78	91.3	27.35	28.78	91.9
13/07/2018 10:20:56 AM	3614286056	1013.00	NaN	28.78	NaN	28.72	28.78	80.9	27.41	28.78	91.4	27.38	28.78	91.7
13/07/2018 10:20:57 AM	3614286057	1013.00	NaN	28.78	NaN	28.72	28.78	80.9	27.41	28.78	91.4	27.38	28.78	91.7
13/07/2018 10:20:58 AM	3614286058	1013.00	NaN	28.77	NaN	28.80	28.77	80.3	27.40	28.77	91.5	27.32	28.77	92.2
13/07/2018 10:20:59 AM	3614286059	1013.00	NaN	28.77	NaN	28.74	28.77	80.8	27.44	28.77	91.2	27.37	28.77	91.8
13/07/2018 10:21:00 AM	3614286060	1013.00	NaN	28.76	NaN	28.78	28.76	80.5	27.41	28.76	91.4	27.27	28.76	92.6
13/07/2018 10:21:01 AM	3614286061	1013.00	NaN	28.76	NaN	28.77	28.76	80.6	27.46	28.76	91.0	27.36	28.76	91.9
13/07/2018 10:21:02 AM	3614286062	1013.00	NaN	28.76	NaN	28.81	28.76	80.3	27.42	28.76	91.3	27.32	28.76	92.2
13/07/2018 10:21:03 AM	3614286063	1013.00	NaN	28.76	NaN	28.77	28.76	80.6	27.43	28.76	91.3	27.40	28.76	91.5
13/07/2018 10:21:04 AM	3614286064	1013.00	NaN	28.76	NaN	28.73	28.76	80.9	27.44	28.76	91.2	27.42	28.76	91.3
13/07/2018 10:21:05 AM	3614286065	1013.00	NaN	28.77	NaN	28.74	28.77	80.8	27.46	28.77	91.0	27.39	28.77	91.6
13/07/2018 10:21:06 AM	3614286066	1013.00	NaN	28.76	NaN	28.76	28.76	80.6	27.48	28.76	90.8	27.41	28.76	91.4
13/07/2018 10:21:07 AM	3614286067	1013.00	NaN	28.76	NaN	28.75	28.76	80.7	27.45	28.76	91.1	27.37	28.76	91.8
13/07/2018 10:21:08 AM	3614286068	1013.00	NaN	28.76	NaN	28.77	28.76	80.6	27.45	28.76	91.1	27.48	28.76	90.8
13/07/2018 10:21:09 AM	3614286069	1013.00	NaN	28.76	NaN	28.74	28.76	80.8	27.45	28.76	91.1	27.43	28.76	91.3
13/07/2018 10:21:10 AM	3614286070	1013.00	NaN	28.76	NaN	28.77	28.76	80.6	27.44	28.76	91.2	27.34	28.76	92.0
13/07/2018 10:21:11 AM	3614286071	1013.00	NaN	28.76	NaN	28.75	28.76	80.7	27.45	28.76	91.1	27.43	28.76	91.3
13/07/2018 10:21:12 AM	3614286072	1013.00	NaN	28.77	NaN	28.74	28.77	80.8	27.45	28.77	91.1	27.40	28.77	91.5
13/07/2018 10:21:13 AM	3614286073	1013.00	NaN	28.76	NaN	28.71	28.76	81.0	27.44	28.76	91.2	27.36	28.76	91.9
13/07/2018 10:21:14 AM	3614286074	1013.00	NaN	28.77	NaN	28.72	28.77	80.9	27.45	28.77	91.1	27.44	28.77	91.2
13/07/2018 10:21:15 AM	3614286075	1013.00	NaN	28.76	NaN	28.77	28.76	80.6	27.50	28.76	90.7	27.38	28.76	91.7
13/07/2018 10:21:16 AM	3614286076	1013.00	NaN	28.76	NaN	28.72	28.76	80.9	27.48	28.76	90.8	27.43	28.76	91.3
13/07/2018 10:21:17 AM	3614286077	1013.00	NaN	28.76	NaN	28.77	28.76	80.6	27.48	28.76	90.8	27.51	28.76	90.6
13/07/2018 10:21:18 AM	3614286078	1013.00	NaN	28.76	NaN	28.78	28.76	80.5	27.49	28.76	90.7	27.36	28.76	91.9
13/07/2018 10:21:19 AM	3614286079	1013.00	NaN	28.75	NaN	28.75	28.75	80.7	27.46	28.75	91.0	27.46	28.75	91.0
13/07/2018 10:21:20 AM	3614286080	1013.00	NaN	28.75	NaN	28.76	28.75	80.7	27.49	28.75	90.8	27.49	28.75	90.8
13/07/2018 10:21:21 AM	3614286081	1013.00	NaN	28.75	NaN	28.77	28.75	80.6	27.46	28.75	91.0	27.48	28.75	90.8
13/07/2018 10:21:22 AM	3614286082	1013.00	NaN	28.75	NaN	28.78	28.75	80.5	27.51	28.75	90.6	27.38	28.75	91.7
13/07/2018 10:21:23 AM	3614286083	1013.00	NaN	28.75	NaN	28.80	28.75	80.4	27.49	28.75	90.8	27.48	28.75	90.8
13/07/2018 10:21:24 AM	3614286084	1013.00	NaN	28.75	NaN	28.74	28.75	80.8	27.49	28.75	90.8	27.48	28.75	90.8
13/07/2018 10:21:25 AM	3614286085	1013.00	NaN	28.74	NaN	28.78	28.74	80.5	27.48	28.74	90.9	27.46	28.74	91.0
13/07/2018 10:21:26 AM	3614286086	1013.00	NaN	28.74	NaN	28.83	28.74	80.2	27.49	28.74	90.8	27.48	28.74	90.9
13/07/2018 10:21:27 AM	3614286087	1013.00	NaN	28.74	NaN	28.80	28.74	80.4	27.52	28.74	90.5	27.50	28.74	90.7
13/07/2018 10:21:28 AM	3614286088	1013.00	NaN	28.74	NaN	28.80	28.74	80.4	27.51	28.74	90.6	27.54	28.74	90.3
13/07/2018 10:21:29 AM	3614286089	1013.00	NaN	28.74	NaN	28.80	28.74	80.4	27.51	28.74	90.6	27.54	28.74	90.3
13/07/2018 10:21:30 AM	3614286090	1013.00	NaN	28.75	NaN	28.83	28.75	80.1	27.47	28.75	90.9	27.44	28.75	91.2
13/07/2018 10:21:31 AM	3614286091	1013.00	NaN	28.75	NaN	28.81	28.75	80.3	27.52	28.75	90.5	27.46	28.75	91.0
13/07/2018 10:21:32 AM	3614286092	1013.00	NaN	28.75	NaN	28.84	28.75	80.1	27.51	28.75	90.6	27.55	28.75	90.2
13/07/2018 10:21:33 AM	3614286093	1013.00	NaN	28.75	NaN	28.86	28.75	79.9	27.52	28.75	90.5	27.48	28.75	90.8
13/07/2018 10:21:34 AM	3614286094	1013.00	NaN	28.75	NaN	28.85	28.75	80.0	27.50	28.75	90.7	27.54	28.75	90.3
13/07/2018 10:21:35 AM	3614286095	1013.00	NaN	28.75	NaN	28.85	28.75	80.0	27.51	28.75	90.6	27.44	28.75	91.2
13/07/2018 10:21:36 AM	3614286096	1013.00	NaN	28.74	NaN	28.85	28.74	80.0	27.54	28.74	90.3	27.51	28.74	90.6
13/07/2018 10:21:37 AM	3614286097	1013.00	NaN	28.74	NaN	28.85	28.74	80.0	27.54	28.74	90.3	27.51	28.74	90.6
13/07/2018 10:21:38 AM	3614286098	1013.00	NaN	28.74	NaN	28.88	28.74	79.8	27.52	28.74	90.5	27.49	28.74	90.8
13/07/2018 10:21:39 AM	3614286099	1013.00	NaN	28.74	NaN	28.86	28.74	79.9	27.50	28.74	90.7	27.52	28.74	90.5
13/07/2018 10:21:40 AM	3614286100	1013.00	NaN	28.74	NaN	28.91	28.74	79.6	27.53	28.74	90.4	27.54	28.74	90.3
13/07/2018 10:21:41 AM	3614286101	1013.00	NaN	28.74	NaN	28.90	28.74	79.6	27.52	28.74	90.5	27.52	28.74	90.5
13/07/2018 10:21:42 AM	3614286102	1013.00	NaN	28.74	NaN	28.90	28.74	79.6	27.54	28.74	90.3	27.57	28.74	90.1
13/07/2018 10:21:43 AM	3614286103	1013.00	NaN	28.74	NaN	28.85	28.74	80.0	27.58	28.74	90.0	27.53	28.74	90.4
13/07/2018 10:21:44 AM	3614286104	1013.00	NaN	28.74	NaN	28.88	28.74	79.8	27.53	28.74	90.4	27.47	28.74	90.9
13/07/2018 10:21:45 AM	3614286105	1013.00	NaN	28.74	NaN	28.90	28.74	79.6	27.55	28.74	90.3	27.53	28.74	90.4
13/07/2018 10:21:46 AM	3614286106	1013.00	NaN	28.74	NaN	28.94	28.74	79.4	27.55	28.74	90.3	27.61	28.74	89.8
13/07/2018 10:21:47 AM	3614286107	1013.00	NaN	28.74	NaN	28.94	28.74	79.4	27.55	28.74	90.3	27.61	28.74	89.8
13/07/2018 10:21:48 AM	3614286108	1013.00	NaN	28.73	NaN	28.86	28.73	80.0	27.55	28.73	90.3	27.61	28.73	89.8
13/07/2018 10:21:49 AM	3614286109	1013.00	NaN	28.73	NaN	28.86	28.73	80.0	27.55	28.73	90.3	27.61	28.73	89.8
13/07/2018 10:21:50 AM	3614286110	1013.00	NaN	28.72	NaN	28.92	28.72	79.5	27.55	28.72	90.3	27.52	28.72	90.5
13/07/2018 10:21:51 AM	3614286111	1013.00	NaN	28.72	NaN	28.90	28.72	79.7	27.58	28.72	90.0	27.63	28.72	89.6
13/07/2018 10:21:52 AM	3614286112	1013.00	NaN	28.72	NaN	28.90	28.72	79.7	27.54	28.72	90.4	27.61	28.72	89.8
13/07/2018 10:21:53 AM	3614286113	1013.00	NaN	28.72	NaN	28.90	28.72	79.7	27.57	28.72	90.1	27.56	28.72	90.2
13/07/2018 10:21:54 AM	3614286114	1013.00	NaN	28.72	NaN	28.92	28.72	79.5	27.56	28.72	90.2	27.51	28.72	90.6
13/07/2018 10:21:55 AM	3614286115	1013.00	NaN	28.72	NaN	28.90	28.72	79.7	27.59	28.72	89.9	27.62	28.72	89.7
13/07/2018 10:21:56 AM	3614286116	1013.00	NaN	28.73	NaN	28.88	28.73	79.8	27.59	28.73	89.9	27.65	28.73	89.4
13/07/2018 10:21:57 AM	3614286117	1013.00	NaN	28.72	NaN	28.90	28.72	79.7	27.57	28.72	90.1	27.63	28.72	89.6
13/07/2018 10:21:58 AM	3614286118	1013.00	NaN	28.73	NaN	28.98	28.73	79.1	27.59	28.73	89.9	27.65	28.73	89.4
13/07/2018 10:21:59 AM	3614286119	1013.00	NaN	28.72	NaN	28.95	28.72	79.3	27.58	28.72	90.0	27.58	28.72	90.0
13/07/2018 10:22:00 AM	3614286120	1013.00	NaN	28.72	NaN	28.92	28.72	79.5	27.58	28.72	90.0	27.69	28.72	89.1
13/07/2018 10:22:01 AM	3614286121	1013.00	NaN	28.72	NaN	28.92	28.72	79.5	27.58	28.72	90.0	27.69	28.72	89.1
13/07/2018 10:22:02 AM	3614286122	1013.00	NaN	28.72	NaN	28.90	28.72	79.7	27.59	28.72	89.9	27.60	28.72	89.9
13/07/2018 10:22:03 AM	3614286123	1013.00	NaN	28.72	NaN	28.98	28.72	79.1	27.60	28.72	89.9	27.55	28.72	90.3
13/07/2018 10:22:04 AM	3614286124	1013.00	NaN	28.72	NaN	28.96	28.72	79.2	27.58	28.72	90.0	27.62	28.72	89.7
13/07/2018 10:22:05 AM	3614286125	1013.00	NaN	28.72	NaN	28.98	28.72	79.1	27.61	28.72	89.8	27.62	28.72	89.7
13/07/2018 10:22:06 AM	3614286126	1013.00	NaN	28.72	NaN	28.95	28.72	79.3	27.59	28.72	89.9	27.63	28.72	89.6
13/07/2018 10:22:07 AM	3614286127	1013.00	NaN	28.72	NaN	28.95	28.72	79.3	27.59	28.72	89.9	27.67	28.72	89.3
13/07/2018 10:22:08 AM	3614286128	1013.00	NaN	28.72	NaN	28.95	28.72	79.3	27.59	28.72	89.9	27.67	28.72	89.3
13/07/2018 10:22:09 AM	3614286129	1013.00	NaN	28.72	NaN	28.97	28.72	79.2	27.60	28.72	89.9	27.68	28.72	89.2
13/07/2018 10:22:10 AM	3614286130	1013.00	NaN	28.72	NaN	28.93	28.72	79.5	27.60	28.72	89.9	27.70	28.72	89.0
13/07/2018 10:22:11 AM	3614286131	1013.00	NaN	28.72	NaN	28.98	28.72	79.1	27.62	28.72	89.7	27.63	28.72	89.6
13/07/2018 10:22:12 AM	3614286132	1013.00	NaN	28.71	NaN	29.04	28.71	78.7	27.61	28.71	89.8	27.73	28.71	88.8
13/07/2018 10:22:13 AM	3614286133	1013.00	NaN	28.72	NaN	29.03	28.72	78.7	27.62	28.72	89.7	27.68	28.72	89.2
13/07/2018 10:22:14 AM	3614286134	1013.00	NaN	28.72	NaN	29.02	28.72	78.8	27.60	28.72	89.9	27.71	28.72	88.9
13/07/2018 10:22:15 AM	3614286135	1013.00	NaN	28.72	NaN	29.05	28.72	78.6	27.61	28.72	89.8	27.69	28.72	89.1
13/07/2018 10:22:16 AM	3614286136	1013.00	NaN	28.72	NaN	29.05	28.72	78.6	27.64	28.72	89.5	27.77	28.72	88.4
13/07/2018 10:22:17 AM	3614286137	1013.00	NaN	28.71	NaN	29.03	28.71	78.7	27.63	28.71	89.6	27.69	28.71	89.1
13/07/2018 10:22:18 AM	3614286138	1013.00	NaN	28.71	NaN	29.08	28.71	78.4	27.61	28.71	89.8	27.72	28.71	88.9
13/07/2018 10:22:19 AM	3614286139	1013.00	NaN	28.71	NaN	29.02	28.71	78.8	27.66	28.71	89.4	27.71	28.71	89.0
13/07/2018 10:22:20 AM	3614286140	1013.00	NaN	28.71	NaN	29.01	28.71	78.9	27.63	28.71	89.6	27.68	28.71	89.2
13/07/2018 10:22:21 AM	3614286141	1013.00	NaN	28.70	NaN	29.03	28.70	78.8	27.64	28.70	89.6	27.76	28.70	88.6
13/07/2018 10:22:22 AM	3614286142	1013.00	NaN	28.71	NaN	29.06	28.71	78.5	27.65	28.71	89.5	27.69	28.71	89.1
13/07/2018 10:22:23 AM	3614286143	1013.00	NaN	28.71	NaN	29.06	28.71	78.5	27.62	28.71	89.7	27.78	28.71	88.4
13/07/2018 10:22:24 AM	3614286144	1013.00	NaN	28.71	NaN	29.11	28.71	78.2	27.68	28.71	89.2	27.78	28.71	88.4
13/07/2018 10:22:25 AM	3614286145	1013.00	NaN	28.71	NaN	29.08	28.71	78.4	27.65	28.71	89.5	27.77	28.71	88.5
13/07/2018 10:22:26 AM	3614286146	1013.00	NaN	28.72	NaN	29.13	28.72	78.0	27.63	28.72	89.6	27.78	28.72	88.4
13/07/2018 10:22:27 AM	3614286147	1013.00	NaN	28.71	NaN	29.02	28.71	78.8	27.65	28.71	89.5	27.71	28.71	89.0
13/07/2018 10:22:28 AM	3614286148	1013.00	NaN	28.71	NaN	29.10	28.71	78.2	27.65	28.71	89.5	27.74	28.71	88.7
13/07/2018 10:22:29 AM	3614286149	1013.00	NaN	28.71	NaN	29.15	28.71	77.9	27.67	28.71	89.3	27.77	28.71	88.5
13/07/2018 10:22:30 AM	3614286150	1013.00	NaN	28.71	NaN	29.08	28.71	78.4	27.63	28.71	89.6	27.73	28.71	88.8
13/07/2018 10:22:31 AM	3614286151	1013.00	NaN	28.71	NaN	29.14	28.71	78.0	27.66	28.71	89.4	27.74	28.71	88.7
13/07/2018 10:22:32 AM	3614286152	1013.00	NaN	28.71	NaN	29.15	28.71	77.9	27.66	28.71	89.4	27.80	28.71	88.2
13/07/2018 10:22:33 AM	3614286153	1013.00	NaN	28.71	NaN	29.15	28.71	77.9	27.68	28.71	89.2	27.80	28.71	88.2
13/07/2018 10:22:34 AM	3614286154	1013.00	NaN	28.71	NaN	29.14	28.71	78.0	27.65	28.71	89.5	27.74	28.71	88.7
13/07/2018 10:22:35 AM	3614286155	1013.00	NaN	28.70	NaN	29.14	28.70	78.0	27.67	28.70	89.3	27.77	28.70	88.5
13/07/2018 10:22:36 AM	3614286156	1013.00	NaN	28.70	NaN	29.17	28.70	77.8	27.68	28.70	89.2	27.81	28.70	88.1
13/07/2018 10:22:37 AM	3614286157	1013.00	NaN	28.70	NaN	29.18	28.70	77.7	27.67	28.70	89.3	27.81	28.70	88.1
13/07/2018 10:22:38 AM	3614286158	1013.00	NaN	28.70	NaN	29.16	28.70	77.8	27.67	28.70	89.3	27.76	28.70	88.6
13/07/2018 10:22:39 AM	3614286159	1013.00	NaN	28.70	NaN	29.12	28.70	78.1	27.66	28.70	89.4	27.68	28.70	89.2
13/07/2018 10:22:40 AM	3614286160	1013.00	NaN	28.70	NaN	29.16	28.70	77.8	27.69	28.70	89.1	27.81	28.70	88.1
13/07/2018 10:22:41 AM	3614286161	1013.00	NaN	28.70	NaN	29.21	28.70	77.5	27.70	28.70	89.1	27.78	28.70	88.4
13/07/2018 10:22:42 AM	3614286162	1013.00	NaN	28.70	NaN	29.16	28.70	77.8	27.70	28.70	89.1	27.79	28.70	88.3
13/07/2018 10:22:43 AM	3614286163	1013.00	NaN	28.69	NaN	29.14	28.69	78.0	27.69	28.69	89.2	27.81	28.69	88.2
13/07/2018 10:22:44 AM	3614286164	1013.00	NaN	28.69	NaN	29.17	28.69	77.8	27.70	28.69	89.1	27.80	28.69	88.2
13/07/2018 10:22:45 AM	3614286165	1013.00	NaN	28.69	NaN	29.18	28.69	77.7	27.73	28.69	88.8	27.83	28.69	88.0
13/07/2018 10:22:46 AM	3614286166	1013.00	NaN	28.69	NaN	29.22	28.69	77.4	27.69	28.69	89.2	27.85	28.69	87.8
13/07/2018 10:22:47 AM	3614286167	1013.00	NaN	28.69	NaN	29.18	28.69	77.7	27.69	28.69	89.2	27.84	28.69	87.9
13/07/2018 10:22:48 AM	3614286168	1013.00	NaN	28.69	NaN	29.23	28.69	77.4	27.70	28.69	89.1	27.83	28.69	88.0
13/07/2018 10:22:49 AM	3614286169	1013.00	NaN	28.69	NaN	29.17	28.69	77.8	27.69	28.69	89.2	27.84	28.69	87.9
13/07/2018 10:22:50 AM	3614286170	1013.00	NaN	28.69	NaN	29.21	28.69	77.5	27.67	28.69	89.3	27.84	28.69	87.9
13/07/2018 10:22:51 AM	3614286171	1013.00	NaN	28.69	NaN	29.21	28.69	77.5	27.70	28.69	89.1	27.87	28.69	87.7
13/07/2018 10:22:52 AM	3614286172	1013.00	NaN	28.69	NaN	29.19	28.69	77.6	27.70	28.69	89.1	27.82	28.69	88.1
13/07/2018 10:22:53 AM	3614286173	1013.00	NaN	28.69	NaN	29.19	28.69	77.6	27.70	28.69	89.1	27.82	28.69	88.1
13/07/2018 10:22:54 AM	3614286174	1013.00	NaN	28.69	NaN	29.24	28.69	77.3	27.72	28.69	88.9	27.88	28.69	87.6
13/07/2018 10:22:55 AM	3614286175	1013.00	NaN	28.69	NaN	29.21	28.69	77.5	27.71	28.69	89.0	27.87	28.69	87.7
13/07/2018 10:22:56 AM	3614286176	1013.00	NaN	28.69	NaN	29.21	28.69	77.5	27.74	28.69	88.7	27.95	28.69	87.0
13/07/2018 10:22:57 AM	3614286177	1013.00	NaN	28.69	NaN	29.24	28.69	77.3	27.70	28.69	89.1	27.88	28.69	87.6
13/07/2018 10:22:58 AM	3614286178	1013.00	NaN	28.69	NaN	29.17	28.69	77.8	27.73	28.69	88.8	27.88	28.69	87.6
13/07/2018 10:22:59 AM	3614286179	1013.00	NaN	28.69	NaN	29.21	28.69	77.5	27.77	28.69	88.5	27.89	28.69	87.5
13/07/2018 10:23:00 AM	3614286180	1013.00	NaN	28.69	NaN	29.20	28.69	77.6	27.72	28.69	88.9	27.89	28.69	87.5
13/07/2018 10:23:01 AM	3614286181	1013.00	NaN	28.69	NaN	29.27	28.69	77.1	27.76	28.69	88.6	27.91	28.69	87.3
13/07/2018 10:23:02 AM	3614286182	1013.00	NaN	28.69	NaN	29.24	28.69	77.3	27.72	28.69	88.9	27.94	28.69	87.1
13/07/2018 10:23:03 AM	3614286183	1013.00	NaN	28.70	NaN	29.22	28.70	77.4	27.73	28.70	88.8	27.94	28.70	87.1
13/07/2018 10:23:04 AM	3614286184	1013.00	NaN	28.70	NaN	29.27	28.70	77.1	27.74	28.70	88.7	27.91	28.70	87.3
13/07/2018 10:23:05 AM	3614286185	1013.00	NaN	28.69	NaN	29.25	28.69	77.2	27.74	28.69	88.7	27.94	28.69	87.1
13/07/2018 10:23:06 AM	3614286186	1013.00	NaN	28.69	NaN	29.26	28.69	77.1	27.76	28.69	88.6	27.91	28.69	87.3
13/07/2018 10:23:07 AM	3614286187	1013.00	NaN	28.69	NaN	29.23	28.69	77.4	27.78	28.69	88.4	27.85	28.69	87.8
13/07/2018 10:23:08 AM	3614286188	1013.00	NaN	28.69	NaN	29.26	28.69	77.1	27.81	28.69	88.2	27.88	28.69	87.6
13/07/2018 10:23:09 AM	3614286189	1013.00	NaN	28.69	NaN	29.28	28.69	77.0	27.75	28.69	88.7	27.94	28.69	87.1
13/07/2018 10:23:10 AM	3614286190	1013.00	NaN	28.69	NaN	29.22	28.69	77.4	27.77	28.69	88.5	27.97	28.69	86.9
13/07/2018 10:23:11 AM	3614286191	1013.00	NaN	28.69	NaN	29.29	28.69	76.9	27.76	28.69	88.6	27.92	28.69	87.3
13/07/2018 10:23:12 AM	3614286192	1013.00	NaN	28.69	NaN	29.20	28.69	77.6	27.79	28.69	88.3	28.03	28.69	86.4
13/07/2018 10:23:13 AM	3614286193	1013.00	NaN	28.69	NaN	29.20	28.69	77.6	27.79	28.69	88.3	28.03	28.69	86.4
13/07/2018 10:23:14 AM	3614286194	1013.00	NaN	28.70	NaN	29.26	28.70	77.1	27.77	28.70	88.5	27.92	28.70	87.2
13/07/2018 10:23:15 AM	3614286195	1013.00	NaN	28.70	NaN	29.30	28.70	76.8	27.76	28.70	88.6	28.02	28.70	86.4
13/07/2018 10:23:16 AM	3614286196	1013.00	NaN	28.70	NaN	29.25	28.70	77.2	27.78	28.70	88.4	27.96	28.70	86.9
13/07/2018 10:23:17 AM	3614286197	1013.00	NaN	28.70	NaN	29.28	28.70	77.0	27.81	28.70	88.1	27.98	28.70	86.8
13/07/2018 10:23:18 AM	3614286198	1013.00	NaN	28.70	NaN	29.26	28.70	77.1	27.81	28.70	88.1	27.98	28.70	86.8
13/07/2018 10:23:19 AM	3614286199	1013.00	NaN	28.70	NaN	29.26	28.70	77.1	27.81	28.70	88.1	28.00	28.70	86.6
13/07/2018 10:23:20 AM	3614286200	1013.00	NaN	28.71	NaN	29.25	28.71	77.2	27.81	28.71	88.1	27.96	28.71	86.9
13/07/2018 10:23:21 AM	3614286201	1013.00	NaN	28.71	NaN	29.22	28.71	77.4	27.83	28.71	88.0	27.96	28.71	86.9
13/07/2018 10:23:22 AM	3614286202	1013.00	NaN	28.71	NaN	29.28	28.71	77.0	27.82	28.71	88.0	27.99	28.71	86.7
13/07/2018 10:23:23 AM	3614286203	1013.00	NaN	28.71	NaN	29.31	28.71	76.8	27.79	28.71	88.3	27.93	28.71	87.1
13/07/2018 10:23:24 AM	3614286204	1013.00	NaN	28.70	NaN	29.28	28.70	77.0	27.81	28.70	88.1	28.00	28.70	86.6
13/07/2018 10:23:25 AM	3614286205	1013.00	NaN	28.70	NaN	29.30	28.70	76.8	27.83	28.70	88.0	28.00	28.70	86.6
13/07/2018 10:23:26 AM	3614286206	1013.00	NaN	28.70	NaN	29.29	28.70	76.9	27.83	28.70	88.0	28.11	28.70	85.7
13/07/2018 10:23:27 AM	3614286207	1013.00	NaN	28.70	NaN	29.29	28.70	76.9	27.86	28.70	87.7	28.08	28.70	86.0
13/07/2018 10:23:28 AM	3614286208	1013.00	NaN	28.69	NaN	29.29	28.69	76.9	27.86	28.69	87.7	28.03	28.69	86.4
13/07/2018 10:23:29 AM	3614286209	1013.00	NaN	28.69	NaN	29.36	28.69	76.4	27.83	28.69	88.0	28.02	28.69	86.5
13/07/2018 10:23:30 AM	3614286210	1013.00	NaN	28.69	NaN	29.26	28.69	77.1	27.85	28.69	87.8	28.01	28.69	86.5
13/07/2018 10:23:31 AM	3614286211	1013.00	NaN	28.69	NaN	29.29	28.69	76.9	27.80	28.69	88.2	28.05	28.69	86.2
13/07/2018 10:23:32 AM	3614286212	1013.00	NaN	28.69	NaN	29.25	28.69	77.2	27.84	28.69	87.9	27.97	28.69	86.9
13/07/2018 10:23:33 AM	3614286213	1013.00	NaN	28.69	NaN	29.27	28.69	77.1	27.85	28.69	87.8	28.07	28.69	86.0
13/07/2018 10:23:34 AM	3614286214	1013.00	NaN	28.69	NaN	29.26	28.69	77.1	27.82	28.69	88.1	27.98	28.69	86.8
13/07/2018 10:23:35 AM	3614286215	1013.00	NaN	28.69	NaN	29.27	28.69	77.1	27.84	28.69	87.9	27.99	28.69	86.7
13/07/2018 10:23:36 AM	3614286216	1013.00	NaN	28.69	NaN	29.36	28.69	76.4	27.88	28.69	87.6	28.07	28.69	86.0
13/07/2018 10:23:37 AM	3614286217	1013.00	NaN	28.69	NaN	29.35	28.69	76.5	27.89	28.69	87.5	28.13	28.69	85.6
13/07/2018 10:23:38 AM	3614286218	1013.00	NaN	28.69	NaN	29.31	28.69	76.8	27.85	28.69	87.8	28.11	28.69	85.7
13/07/2018 10:23:39 AM	3614286219	1013.00	NaN	28.68	NaN	29.34	28.68	76.6	27.86	28.68	87.8	28.07	28.68	86.1
13/07/2018 10:23:40 AM	3614286220	1013.00	NaN	28.69	NaN	29.30	28.69	76.9	27.90	28.69	87.4	28.13	28.69	85.6
13/07/2018 10:23:41 AM	3614286221	1013.00	NaN	28.68	NaN	29.30	28.68	76.9	27.88	28.68	87.6	28.05	28.68	86.2
13/07/2018 10:23:42 AM	3614286222	1013.00	NaN	28.68	NaN	29.32	28.68	76.7	27.94	28.68	87.1	28.15	28.68	85.4
13/07/2018 10:23:43 AM	3614286223	1013.00	NaN	28.68	NaN	29.32	28.68	76.7	27.88	28.68	87.6	28.12	28.68	85.7
13/07/2018 10:23:44 AM	3614286224	1013.00	NaN	28.68	NaN	29.31	28.68	76.8	27.87	28.68	87.7	28.11	28.68	85.7
13/07/2018 10:23:45 AM	3614286225	1013.00	NaN	28.68	NaN	29.31	28.68	76.8	27.87	28.68	87.7	28.11	28.68	85.7
13/07/2018 10:23:46 AM	3614286226	1013.00	NaN	28.68	NaN	29.35	28.68	76.5	27.93	28.68	87.2	28.13	28.68	85.6
13/07/2018 10:23:47 AM	3614286227	1013.00	NaN	28.68	NaN	29.33	28.68	76.7	27.91	28.68	87.4	28.18	28.68	85.2
13/07/2018 10:23:48 AM	3614286228	1013.00	NaN	28.67	NaN	29.38	28.67	76.3	27.88	28.67	87.6	28.17	28.67	85.3
13/07/2018 10:23:49 AM	3614286229	1013.00	NaN	28.67	NaN	29.35	28.67	76.5	27.89	28.67	87.5	28.10	28.67	85.8
13/07/2018 10:23:50 AM	3614286230	1013.00	NaN	28.67	NaN	29.34	28.67	76.6	27.89	28.67	87.5	28.15	28.67	85.4
13/07/2018 10:23:51 AM	3614286231	1013.00	NaN	28.67	NaN	29.35	28.67	76.5	27.92	28.67	87.3	28.09	28.67	85.9
13/07/2018 10:23:52 AM	3614286232	1013.00	NaN	28.67	NaN	29.35	28.67	76.5	27.92	28.67	87.3	28.11	28.67	85.8
13/07/2018 10:23:53 AM	3614286233	1013.00	NaN	28.68	NaN	29.36	28.68	76.5	27.95	28.68	87.0	28.10	28.68	85.8
13/07/2018 10:23:54 AM	3614286234	1013.00	NaN	28.68	NaN	29.37	28.68	76.4	27.94	28.68	87.1	28.07	28.68	86.1
13/07/2018 10:23:55 AM	3614286235	1013.00	NaN	28.68	NaN	29.38	28.68	76.3	27.93	28.68	87.2	28.16	28.68	85.3
13/07/2018 10:23:56 AM	3614286236	1013.00	NaN	28.68	NaN	29.36	28.68	76.5	27.95	28.68	87.0	28.17	28.68	85.3
13/07/2018 10:23:57 AM	3614286237	1013.00	NaN	28.68	NaN	29.39	28.68	76.3	27.95	28.68	87.0	28.15	28.68	85.4
13/07/2018 10:23:58 AM	3614286238	1013.00	NaN	28.67	NaN	29.33	28.67	76.7	27.94	28.67	87.1	28.10	28.67	85.8
13/07/2018 10:23:59 AM	3614286239	1013.00	NaN	28.67	NaN	29.35	28.67	76.5	27.95	28.67	87.0	28.17	28.67	85.3
13/07/2018 10:24:00 AM	3614286240	1013.00	NaN	28.66	NaN	29.32	28.66	76.8	27.99	28.66	86.7	28.17	28.66	85.3
13/07/2018 10:24:01 AM	3614286241	1013.00	NaN	28.66	NaN	29.36	28.66	76.5	27.97	28.66	86.9	28.19	28.66	85.1
13/07/2018 10:24:02 AM	3614286242	1013.00	NaN	28.66	NaN	29.32	28.66	76.8	27.99	28.66	86.7	28.20	28.66	85.1
13/07/2018 10:24:03 AM	3614286243	1013.00	NaN	28.66	NaN	29.35	28.66	76.6	28.01	28.66	86.6	28.11	28.66	85.8
13/07/2018 10:24:04 AM	3614286244	1013.00	NaN	28.66	NaN	29.39	28.66	76.3	27.98	28.66	86.8	28.14	28.66	85.5
13/07/2018 10:24:05 AM	3614286245	1013.00	NaN	28.66	NaN	29.37	28.66	76.4	27.94	28.66	87.1	28.23	28.66	84.8
13/07/2018 10:24:06 AM	3614286246	1013.00	NaN	28.66	NaN	29.35	28.66	76.6	27.95	28.66	87.1	28.18	28.66	85.2
13/07/2018 10:24:07 AM	3614286247	1013.00	NaN	28.67	NaN	29.29	28.67	77.0	27.97	28.67	86.9	28.20	28.67	85.0
13/07/2018 10:24:08 AM	3614286248	1013.00	NaN	28.67	NaN	29.36	28.67	76.5	27.99	28.67	86.7	28.17	28.67	85.3
13/07/2018 10:24:09 AM	3614286249	1013.00	NaN	28.67	NaN	29.37	28.67	76.4	28.02	28.67	86.5	28.18	28.67	85.2
13/07/2018 10:24:10 AM	3614286250	1013.00	NaN	28.67	NaN	29.37	28.67	76.4	27.99	28.67	86.7	28.17	28.67	85.3
13/07/2018 10:24:11 AM	3614286251	1013.00	NaN	28.67	NaN	29.34	28.67	76.6	28.03	28.67	86.4	28.24	28.67	84.7
13/07/2018 10:24:12 AM	3614286252	1013.00	NaN	28.67	NaN	29.35	28.67	76.5	28.01	28.67	86.6	28.30	28.67	84.3
13/07/2018 10:24:13 AM	3614286253	1013.00	NaN	28.66	NaN	29.32	28.66	76.8	28.00	28.66	86.7	28.25	28.66	84.7
13/07/2018 10:24:14 AM	3614286254	1013.00	NaN	28.66	NaN	29.35	28.66	76.6	28.02	28.66	86.5	28.23	28.66	84.8
13/07/2018 10:24:15 AM	3614286255	1013.00	NaN	28.65	NaN	29.32	28.65	76.8	28.00	28.65	86.7	28.20	28.65	85.1
13/07/2018 10:24:16 AM	3614286256	1013.00	NaN	28.65	NaN	29.33	28.65	76.7	28.01	28.65	86.6	28.23	28.65	84.8
13/07/2018 10:24:17 AM	3614286257	1013.00	NaN	28.65	NaN	29.33	28.65	76.7	28.01	28.65	86.6	28.23	28.65	84.8
13/07/2018 10:24:18 AM	3614286258	1013.00	NaN	28.65	NaN	29.36	28.65	76.5	28.06	28.65	86.2	28.26	28.65	84.6
13/07/2018 10:24:19 AM	3614286259	1013.00	NaN	28.66	NaN	29.34	28.66	76.6	28.03	28.66	86.4	28.22	28.66	84.9
13/07/2018 10:24:20 AM	3614286260	1013.00	NaN	28.66	NaN	29.38	28.66	76.3	28.04	28.66	86.3	28.26	28.66	84.6
13/07/2018 10:24:21 AM	3614286261	1013.00	NaN	28.66	NaN	29.43	28.66	76.0	28.01	28.66	86.6	28.24	28.66	84.7
13/07/2018 10:24:22 AM	3614286262	1013.00	NaN	28.66	NaN	29.39	28.66	76.3	28.03	28.66	86.4	28.26	28.66	84.6
13/07/2018 10:24:23 AM	3614286263	1013.00	NaN	28.66	NaN	29.41	28.66	76.1	28.02	28.66	86.5	28.24	28.66	84.7
13/07/2018 10:24:24 AM	3614286264	1013.00	NaN	28.65	NaN	29.44	28.65	75.9	28.04	28.65	86.3	28.27	28.65	84.5
13/07/2018 10:24:25 AM	3614286265	1013.00	NaN	28.65	NaN	29.44	28.65	75.9	28.04	28.65	86.3	28.27	28.65	84.5
13/07/2018 10:24:26 AM	3614286266	1013.00	NaN	28.65	NaN	29.47	28.65	75.7	28.03	28.65	86.4	28.28	28.65	84.4
13/07/2018 10:24:27 AM	3614286267	1013.00	NaN	28.65	NaN	29.49	28.65	75.6	28.07	28.65	86.1	28.26	28.65	84.6
13/07/2018 10:24:28 AM	3614286268	1013.00	NaN	28.66	NaN	29.40	28.66	76.2	28.05	28.66	86.3	28.28	28.66	84.4
13/07/2018 10:24:29 AM	3614286269	1013.00	NaN	28.66	NaN	29.43	28.66	76.0	28.07	28.66	86.1	28.33	28.66	84.0
13/07/2018 10:24:30 AM	3614286270	1013.00	NaN	28.66	NaN	29.45	28.66	75.9	28.10	28.66	85.9	28.33	28.66	84.0
13/07/2018 10:24:31 AM	3614286271	1013.00	NaN	28.66	NaN	29.48	28.66	75.7	28.07	28.66	86.1	28.29	28.66	84.4
13/07/2018 10:24:32 AM	3614286272	1013.00	NaN	28.67	NaN	29.49	28.67	75.6	28.10	28.67	85.8	28.29	28.67	84.3
13/07/2018 10:24:33 AM	3614286273	1013.00	NaN	28.67	NaN	29.48	28.67	75.6	28.13	28.67	85.6	28.26	28.67	84.6
13/07/2018 10:24:34 AM	3614286274	1013.00	NaN	28.67	NaN	29.43	28.67	76.0	28.08	28.67	86.0	28.34	28.67	84.0
13/07/2018 10:24:35 AM	3614286275	1013.00	NaN	28.66	NaN	29.45	28.66	75.9	28.11	28.66	85.8	28.37	28.66	83.7
13/07/2018 10:24:36 AM	3614286276	1013.00	NaN	28.67	NaN	29.44	28.67	75.9	28.10	28.67	85.8	28.29	28.67	84.3
13/07/2018 10:24:37 AM	3614286277	1013.00	NaN	28.66	NaN	29.46	28.66	75.8	28.13	28.66	85.6	28.31	28.66	84.2
13/07/2018 10:24:38 AM	3614286278	1013.00	NaN	28.66	NaN	29.49	28.66	75.6	28.13	28.66	85.6	28.35	28.66	83.9
13/07/2018 10:24:39 AM	3614286279	1013.00	NaN	28.66	NaN	29.49	28.66	75.6	28.11	28.66	85.8	28.38	28.66	83.7
13/07/2018 10:24:40 AM	3614286280	1013.00	NaN	28.67	NaN	29.51	28.67	75.4	28.10	28.67	85.8	28.32	28.67	84.1
13/07/2018 10:24:41 AM	3614286281	1013.00	NaN	28.66	NaN	29.51	28.66	75.5	28.15	28.66	85.5	28.34	28.66	84.0
13/07/2018 10:24:42 AM	3614286282	1013.00	NaN	28.67	NaN	29.49	28.67	75.6	28.18	28.67	85.2	28.42	28.67	83.3
13/07/2018 10:24:43 AM	3614286283	1013.00	NaN	28.67	NaN	29.52	28.67	75.4	28.15	28.67	85.4	28.45	28.67	83.1
13/07/2018 10:24:44 AM	3614286284	1013.00	NaN	28.67	NaN	29.51	28.67	75.4	28.17	28.67	85.3	28.31	28.67	84.2
13/07/2018 10:24:45 AM	3614286285	1013.00	NaN	28.66	NaN	29.48	28.66	75.7	28.11	28.66	85.8	28.37	28.66	83.7
13/07/2018 10:24:46 AM	3614286286	1013.00	NaN	28.67	NaN	29.51	28.67	75.4	28.13	28.67	85.6	28.37	28.67	83.7
13/07/2018 10:24:47 AM	3614286287	1013.00	NaN	28.67	NaN	29.50	28.67	75.5	28.15	28.67	85.4	28.38	28.67	83.6
13/07/2018 10:24:48 AM	3614286288	1013.00	NaN	28.66	NaN	29.48	28.66	75.7	28.16	28.66	85.4	28.38	28.66	83.7
13/07/2018 10:24:49 AM	3614286289	1013.00	NaN	28.66	NaN	29.48	28.66	75.7	28.15	28.66	85.5	28.42	28.66	83.3
13/07/2018 10:24:50 AM	3614286290	1013.00	NaN	28.66	NaN	29.53	28.66	75.3	28.17	28.66	85.3	28.51	28.66	82.7
13/07/2018 10:24:51 AM	3614286291	1013.00	NaN	28.66	NaN	29.50	28.66	75.5	28.20	28.66	85.1	28.47	28.66	83.0
13/07/2018 10:24:52 AM	3614286292	1013.00	NaN	28.65	NaN	29.52	28.65	75.4	28.18	28.65	85.2	28.45	28.65	83.1
