Date & time of file creation	11/07/2018 10:14 AM													
Data file path	C:\Users\ameli\Desktop\Diego Barneche\2018_07_11\26_C_old_witrox_23.txt													
														
														
CALIBRATION DATA														
Parameter/Channel	N moving average	LO phase [r.U.]	HI phase [r.U.]	LO oxygen [%air saturation]	HI oxygen [%air saturation]	LO temperature [°C]	HI temperature [°C]	Salinity [‰]						
S WOT 0041 000001   , CH 1	1	59.80	27.53	0.00	100.00	26.20	26.13	0.000						
S WOT 0041 000001   , CH 2	1	59.80	27.53	0.00	100.00	26.20	26.13	0.000						
S WOT 0041 000001   , CH 3	1	59.80	27.53	0.00	100.00	26.20	26.13	0.000						
S WOT 0041 000001   , CH 4	1	59.80	27.53	0.00	100.00	26.20	26.13	0.000						
														
														
Date &Time [DD-MM-YYYY HH:MM:SS]	Time stamp code	Barometric pressure [hPa]	S WOT 0041 000001   , CH 1 phase [r.U.]	S WOT 0041 000001   , CH 1 temp [°C]	S WOT 0041 000001   , CH 1 O2 [% air saturation]	S WOT 0041 000001   , CH 2 phase [r.U.]	S WOT 0041 000001   , CH 2 temp [°C]	S WOT 0041 000001   , CH 2 O2 [% air saturation]	S WOT 0041 000001   , CH 3 phase [r.U.]	S WOT 0041 000001   , CH 3 temp [°C]	S WOT 0041 000001   , CH 3 O2 [% air saturation]	S WOT 0041 000001   , CH 4 phase [r.U.]	S WOT 0041 000001   , CH 4 temp [°C]	S WOT 0041 000001   , CH 4 O2 [% air saturation]
11/07/2018 10:20:08 AM	3614113208	1013.00	27.19	26.16	103.2	27.02	26.16	104.9	26.93	26.16	105.8	NaN	26.16	NaN
11/07/2018 10:20:09 AM	3614113209	1013.00	27.17	26.16	103.4	27.03	26.16	104.8	26.93	26.16	105.8	NaN	26.16	NaN
11/07/2018 10:20:10 AM	3614113210	1013.00	27.16	26.17	103.5	27.03	26.17	104.8	26.99	26.17	105.2	NaN	26.17	NaN
11/07/2018 10:20:11 AM	3614113211	1013.00	27.20	26.17	103.1	26.97	26.17	105.4	26.97	26.17	105.4	NaN	26.17	NaN
11/07/2018 10:20:12 AM	3614113212	1013.00	27.16	26.16	103.5	27.03	26.16	104.8	26.98	26.16	105.3	NaN	26.16	NaN
11/07/2018 10:20:13 AM	3614113213	1013.00	27.18	26.17	103.3	27.04	26.17	104.7	26.96	26.17	105.5	NaN	26.17	NaN
11/07/2018 10:20:14 AM	3614113214	1013.00	27.16	26.16	103.5	27.01	26.16	105.0	26.97	26.16	105.4	NaN	26.16	NaN
11/07/2018 10:20:15 AM	3614113215	1013.00	27.21	26.16	103.0	27.03	26.16	104.8	26.93	26.16	105.8	NaN	26.16	NaN
11/07/2018 10:20:16 AM	3614113216	1013.00	27.20	26.17	103.1	27.03	26.17	104.8	26.89	26.17	106.2	NaN	26.17	NaN
11/07/2018 10:20:17 AM	3614113217	1013.00	27.17	26.18	103.4	27.02	26.18	104.8	26.93	26.18	105.7	NaN	26.18	NaN
11/07/2018 10:20:18 AM	3614113218	1013.00	27.18	26.18	103.3	27.03	26.18	104.7	26.94	26.18	105.6	NaN	26.18	NaN
11/07/2018 10:20:19 AM	3614113219	1013.00	27.17	26.18	103.4	27.00	26.18	105.0	26.91	26.18	105.9	NaN	26.18	NaN
11/07/2018 10:20:20 AM	3614113220	1013.00	27.18	26.18	103.3	27.03	26.18	104.7	26.95	26.18	105.5	NaN	26.18	NaN
11/07/2018 10:20:21 AM	3614113221	1013.00	27.20	26.18	103.1	27.02	26.18	104.8	26.99	26.18	105.1	NaN	26.18	NaN
11/07/2018 10:20:22 AM	3614113222	1013.00	27.17	26.17	103.4	27.01	26.17	105.0	26.98	26.17	105.3	NaN	26.17	NaN
11/07/2018 10:20:23 AM	3614113223	1013.00	27.17	26.18	103.4	27.02	26.18	104.8	26.94	26.18	105.6	NaN	26.18	NaN
11/07/2018 10:20:24 AM	3614113224	1013.00	27.18	26.19	103.2	27.07	26.19	104.3	26.93	26.19	105.7	NaN	26.19	NaN
11/07/2018 10:20:25 AM	3614113225	1013.00	27.18	26.19	103.2	27.03	26.19	104.7	26.95	26.19	105.5	NaN	26.19	NaN
11/07/2018 10:20:26 AM	3614113226	1013.00	27.16	26.18	103.5	26.99	26.18	105.1	26.96	26.18	105.4	NaN	26.18	NaN
11/07/2018 10:20:27 AM	3614113227	1013.00	27.19	26.18	103.2	27.04	26.18	104.6	26.99	26.18	105.1	NaN	26.18	NaN
11/07/2018 10:20:28 AM	3614113228	1013.00	27.18	26.17	103.3	27.04	26.17	104.7	26.93	26.17	105.8	NaN	26.17	NaN
11/07/2018 10:20:29 AM	3614113229	1013.00	27.19	26.17	103.2	27.04	26.17	104.7	26.94	26.17	105.7	NaN	26.17	NaN
11/07/2018 10:20:30 AM	3614113230	1013.00	27.19	26.17	103.2	27.02	26.17	104.9	26.94	26.17	105.7	NaN	26.17	NaN
11/07/2018 10:20:31 AM	3614113231	1013.00	27.19	26.18	103.2	27.02	26.18	104.8	26.98	26.18	105.2	NaN	26.18	NaN
11/07/2018 10:20:32 AM	3614113232	1013.00	27.17	26.19	103.3	27.01	26.19	104.9	26.96	26.19	105.4	NaN	26.19	NaN
11/07/2018 10:20:33 AM	3614113233	1013.00	27.16	26.18	103.5	27.04	26.18	104.6	26.92	26.18	105.8	NaN	26.18	NaN
11/07/2018 10:20:34 AM	3614113234	1013.00	27.18	26.18	103.3	27.05	26.18	104.5	26.97	26.18	105.3	NaN	26.18	NaN
11/07/2018 10:20:35 AM	3614113235	1013.00	27.18	26.18	103.3	27.07	26.18	104.3	26.96	26.18	105.4	NaN	26.18	NaN
11/07/2018 10:20:36 AM	3614113236	1013.00	27.19	26.17	103.2	26.99	26.17	105.2	27.00	26.17	105.1	NaN	26.17	NaN
11/07/2018 10:20:37 AM	3614113237	1013.00	27.17	26.17	103.4	27.01	26.17	105.0	26.98	26.17	105.3	NaN	26.17	NaN
11/07/2018 10:20:38 AM	3614113238	1013.00	27.19	26.17	103.2	27.00	26.17	105.1	26.93	26.17	105.8	NaN	26.17	NaN
11/07/2018 10:20:39 AM	3614113239	1013.00	27.18	26.18	103.3	26.99	26.18	105.1	26.94	26.18	105.6	NaN	26.18	NaN
11/07/2018 10:20:40 AM	3614113240	1013.00	27.17	26.18	103.4	27.00	26.18	105.0	26.96	26.18	105.4	NaN	26.18	NaN
11/07/2018 10:20:41 AM	3614113241	1013.00	27.17	26.18	103.4	26.96	26.18	105.4	26.93	26.18	105.7	NaN	26.18	NaN
11/07/2018 10:20:42 AM	3614113242	1013.00	27.17	26.19	103.3	27.05	26.19	104.5	26.99	26.19	105.1	NaN	26.19	NaN
11/07/2018 10:20:43 AM	3614113243	1013.00	27.18	26.19	103.2	27.02	26.19	104.8	26.96	26.19	105.4	NaN	26.19	NaN
11/07/2018 10:20:44 AM	3614113244	1013.00	27.18	26.18	103.3	27.05	26.18	104.5	26.98	26.18	105.2	NaN	26.18	NaN
11/07/2018 10:20:45 AM	3614113245	1013.00	27.18	26.18	103.3	27.03	26.18	104.7	26.97	26.18	105.3	NaN	26.18	NaN
11/07/2018 10:20:46 AM	3614113246	1013.00	27.18	26.18	103.3	27.03	26.18	104.7	27.00	26.18	105.0	NaN	26.18	NaN
11/07/2018 10:20:47 AM	3614113247	1013.00	27.18	26.18	103.3	27.05	26.18	104.5	26.95	26.18	105.5	NaN	26.18	NaN
11/07/2018 10:20:48 AM	3614113248	1013.00	27.18	26.18	103.3	27.06	26.18	104.4	26.95	26.18	105.5	NaN	26.18	NaN
11/07/2018 10:20:49 AM	3614113249	1013.00	27.16	26.19	103.4	27.06	26.19	104.4	26.98	26.19	105.2	NaN	26.19	NaN
11/07/2018 10:20:50 AM	3614113250	1013.00	27.17	26.19	103.3	27.04	26.19	104.6	26.97	26.19	105.3	NaN	26.19	NaN
11/07/2018 10:20:51 AM	3614113251	1013.00	27.17	26.18	103.4	27.05	26.18	104.5	26.96	26.18	105.4	NaN	26.18	NaN
11/07/2018 10:20:52 AM	3614113252	1013.00	27.20	26.19	103.0	27.01	26.19	104.9	26.99	26.19	105.1	NaN	26.19	NaN
11/07/2018 10:20:53 AM	3614113253	1013.00	27.17	26.19	103.3	27.05	26.19	104.5	26.98	26.19	105.2	NaN	26.19	NaN
11/07/2018 10:20:54 AM	3614113254	1013.00	27.18	26.19	103.2	27.02	26.19	104.8	27.01	26.19	104.9	NaN	26.19	NaN
11/07/2018 10:20:55 AM	3614113255	1013.00	27.17	26.18	103.4	27.04	26.18	104.6	27.00	26.18	105.0	NaN	26.18	NaN
11/07/2018 10:20:56 AM	3614113256	1013.00	27.20	26.18	103.1	27.03	26.18	104.7	27.00	26.18	105.0	NaN	26.18	NaN
11/07/2018 10:20:57 AM	3614113257	1013.00	27.18	26.18	103.3	27.06	26.18	104.4	27.02	26.18	104.8	NaN	26.18	NaN
11/07/2018 10:20:58 AM	3614113258	1013.00	27.19	26.18	103.2	27.06	26.18	104.4	27.01	26.18	104.9	NaN	26.18	NaN
11/07/2018 10:20:59 AM	3614113259	1013.00	27.19	26.18	103.2	26.98	26.18	105.2	27.01	26.18	104.9	NaN	26.18	NaN
11/07/2018 10:21:00 AM	3614113260	1013.00	27.17	26.19	103.3	27.03	26.19	104.7	27.02	26.19	104.8	NaN	26.19	NaN
11/07/2018 10:21:01 AM	3614113261	1013.00	27.17	26.19	103.3	27.04	26.19	104.6	26.99	26.19	105.1	NaN	26.19	NaN
11/07/2018 10:21:02 AM	3614113262	1013.00	27.17	26.19	103.3	27.06	26.19	104.4	26.99	26.19	105.1	NaN	26.19	NaN
11/07/2018 10:21:03 AM	3614113263	1013.00	27.20	26.20	103.0	27.02	26.20	104.8	27.02	26.20	104.8	NaN	26.20	NaN
11/07/2018 10:21:04 AM	3614113264	1013.00	27.17	26.19	103.3	27.03	26.19	104.7	27.00	26.19	105.0	NaN	26.19	NaN
11/07/2018 10:21:05 AM	3614113265	1013.00	27.19	26.19	103.1	27.06	26.19	104.4	27.05	26.19	104.5	NaN	26.19	NaN
11/07/2018 10:21:06 AM	3614113266	1013.00	27.21	26.19	103.0	27.02	26.19	104.8	27.02	26.19	104.8	NaN	26.19	NaN
11/07/2018 10:21:07 AM	3614113267	1013.00	27.17	26.20	103.3	27.06	26.20	104.4	26.97	26.20	105.3	NaN	26.20	NaN
11/07/2018 10:21:08 AM	3614113268	1013.00	27.18	26.19	103.2	27.04	26.19	104.6	26.97	26.19	105.3	NaN	26.19	NaN
11/07/2018 10:21:09 AM	3614113269	1013.00	27.20	26.19	103.0	27.05	26.19	104.5	27.01	26.19	104.9	NaN	26.19	NaN
11/07/2018 10:21:10 AM	3614113270	1013.00	27.18	26.19	103.2	27.06	26.19	104.4	27.05	26.19	104.5	NaN	26.19	NaN
11/07/2018 10:21:11 AM	3614113271	1013.00	27.18	26.19	103.2	26.99	26.19	105.1	27.01	26.19	104.9	NaN	26.19	NaN
11/07/2018 10:21:12 AM	3614113272	1013.00	27.17	26.18	103.4	27.02	26.18	104.8	27.01	26.18	104.9	NaN	26.18	NaN
11/07/2018 10:21:13 AM	3614113273	1013.00	27.16	26.18	103.5	27.05	26.18	104.5	26.98	26.18	105.2	NaN	26.18	NaN
11/07/2018 10:21:14 AM	3614113274	1013.00	27.20	26.19	103.0	27.03	26.19	104.7	27.05	26.19	104.5	NaN	26.19	NaN
11/07/2018 10:21:15 AM	3614113275	1013.00	27.19	26.19	103.1	27.05	26.19	104.5	27.06	26.19	104.4	NaN	26.19	NaN
11/07/2018 10:21:16 AM	3614113276	1013.00	27.18	26.19	103.2	27.03	26.19	104.7	27.01	26.19	104.9	NaN	26.19	NaN
11/07/2018 10:21:17 AM	3614113277	1013.00	27.20	26.19	103.0	27.07	26.19	104.3	27.02	26.19	104.8	NaN	26.19	NaN
11/07/2018 10:21:18 AM	3614113278	1013.00	27.21	26.19	103.0	27.01	26.19	104.9	27.02	26.19	104.8	NaN	26.19	NaN
11/07/2018 10:21:19 AM	3614113279	1013.00	27.19	26.20	103.1	27.01	26.20	104.9	27.04	26.20	104.6	NaN	26.20	NaN
11/07/2018 10:21:20 AM	3614113280	1013.00	27.19	26.19	103.1	27.07	26.19	104.3	27.04	26.19	104.6	NaN	26.19	NaN
11/07/2018 10:21:21 AM	3614113281	1013.00	27.19	26.19	103.1	27.02	26.19	104.8	27.01	26.19	104.9	NaN	26.19	NaN
11/07/2018 10:21:22 AM	3614113282	1013.00	27.19	26.19	103.1	27.06	26.19	104.4	27.08	26.19	104.2	NaN	26.19	NaN
11/07/2018 10:21:23 AM	3614113283	1013.00	27.18	26.18	103.3	27.07	26.18	104.3	27.04	26.18	104.6	NaN	26.18	NaN
11/07/2018 10:21:24 AM	3614113284	1013.00	27.18	26.17	103.3	27.08	26.17	104.3	27.04	26.17	104.7	NaN	26.17	NaN
11/07/2018 10:21:25 AM	3614113285	1013.00	27.19	26.18	103.2	27.07	26.18	104.3	27.06	26.18	104.4	NaN	26.18	NaN
11/07/2018 10:21:26 AM	3614113286	1013.00	27.21	26.18	103.0	27.09	26.18	104.1	27.03	26.18	104.7	NaN	26.18	NaN
11/07/2018 10:21:27 AM	3614113287	1013.00	27.17	26.18	103.4	27.04	26.18	104.6	27.05	26.18	104.5	NaN	26.18	NaN
11/07/2018 10:21:28 AM	3614113288	1013.00	27.20	26.18	103.1	27.02	26.18	104.8	27.06	26.18	104.4	NaN	26.18	NaN
11/07/2018 10:21:29 AM	3614113289	1013.00	27.19	26.18	103.2	27.04	26.18	104.6	27.02	26.18	104.8	NaN	26.18	NaN
11/07/2018 10:21:30 AM	3614113290	1013.00	27.21	26.19	103.0	27.09	26.19	104.1	27.03	26.19	104.7	NaN	26.19	NaN
11/07/2018 10:21:31 AM	3614113291	1013.00	27.17	26.19	103.3	27.06	26.19	104.4	27.05	26.19	104.5	NaN	26.19	NaN
11/07/2018 10:21:32 AM	3614113292	1013.00	27.20	26.18	103.1	27.07	26.18	104.3	27.05	26.18	104.5	NaN	26.18	NaN
11/07/2018 10:21:33 AM	3614113293	1013.00	27.18	26.19	103.2	27.02	26.19	104.8	27.07	26.19	104.3	NaN	26.19	NaN
11/07/2018 10:21:34 AM	3614113294	1013.00	27.18	26.19	103.2	27.09	26.19	104.1	27.05	26.19	104.5	NaN	26.19	NaN
11/07/2018 10:21:35 AM	3614113295	1013.00	27.18	26.19	103.2	27.07	26.19	104.3	27.03	26.19	104.7	NaN	26.19	NaN
11/07/2018 10:21:36 AM	3614113296	1013.00	27.18	26.19	103.2	27.11	26.19	103.9	27.06	26.19	104.4	NaN	26.19	NaN
11/07/2018 10:21:37 AM	3614113297	1013.00	27.20	26.19	103.0	27.06	26.19	104.4	27.09	26.19	104.1	NaN	26.19	NaN
11/07/2018 10:21:38 AM	3614113298	1013.00	27.18	26.19	103.2	27.05	26.19	104.5	27.04	26.19	104.6	NaN	26.19	NaN
11/07/2018 10:21:39 AM	3614113299	1013.00	27.21	26.19	103.0	27.08	26.19	104.2	27.02	26.19	104.8	NaN	26.19	NaN
11/07/2018 10:21:40 AM	3614113300	1013.00	27.24	26.19	102.7	27.11	26.19	103.9	27.09	26.19	104.1	NaN	26.19	NaN
11/07/2018 10:21:41 AM	3614113301	1013.00	27.18	26.20	103.2	27.08	26.20	104.2	27.07	26.20	104.3	NaN	26.20	NaN
11/07/2018 10:21:42 AM	3614113302	1013.00	27.19	26.18	103.2	27.02	26.18	104.8	27.07	26.18	104.3	NaN	26.18	NaN
11/07/2018 10:21:43 AM	3614113303	1013.00	27.20	26.18	103.1	27.07	26.18	104.3	27.07	26.18	104.3	NaN	26.18	NaN
11/07/2018 10:21:44 AM	3614113304	1013.00	27.19	26.18	103.2	27.05	26.18	104.5	27.06	26.18	104.4	NaN	26.18	NaN
11/07/2018 10:21:45 AM	3614113305	1013.00	27.18	26.16	103.3	27.07	26.16	104.4	27.03	26.16	104.8	NaN	26.16	NaN
11/07/2018 10:21:46 AM	3614113306	1013.00	27.19	26.17	103.2	27.11	26.17	104.0	27.06	26.17	104.5	NaN	26.17	NaN
11/07/2018 10:21:47 AM	3614113307	1013.00	27.21	26.17	103.0	27.05	26.17	104.6	27.04	26.17	104.7	NaN	26.17	NaN
11/07/2018 10:21:48 AM	3614113308	1013.00	27.20	26.17	103.1	27.05	26.17	104.6	27.05	26.17	104.6	NaN	26.17	NaN
11/07/2018 10:21:49 AM	3614113309	1013.00	27.20	26.18	103.1	27.08	26.18	104.2	27.08	26.18	104.2	NaN	26.18	NaN
11/07/2018 10:21:50 AM	3614113310	1013.00	27.19	26.18	103.2	27.04	26.18	104.6	27.10	26.18	104.0	NaN	26.18	NaN
11/07/2018 10:21:51 AM	3614113311	1013.00	27.21	26.18	103.0	27.04	26.18	104.6	27.09	26.18	104.1	NaN	26.18	NaN
11/07/2018 10:21:52 AM	3614113312	1013.00	27.18	26.18	103.3	27.10	26.18	104.0	27.06	26.18	104.4	NaN	26.18	NaN
11/07/2018 10:21:53 AM	3614113313	1013.00	27.21	26.18	103.0	27.09	26.18	104.1	27.07	26.18	104.3	NaN	26.18	NaN
11/07/2018 10:21:54 AM	3614113314	1013.00	27.21	26.17	103.0	27.16	26.17	103.5	27.07	26.17	104.4	NaN	26.17	NaN
11/07/2018 10:21:55 AM	3614113315	1013.00	27.18	26.17	103.3	27.08	26.17	104.3	27.04	26.17	104.7	NaN	26.17	NaN
11/07/2018 10:21:56 AM	3614113316	1013.00	27.19	26.17	103.2	27.11	26.17	104.0	27.05	26.17	104.6	NaN	26.17	NaN
11/07/2018 10:21:57 AM	3614113317	1013.00	27.22	26.17	102.9	27.05	26.17	104.6	27.05	26.17	104.6	NaN	26.17	NaN
11/07/2018 10:21:58 AM	3614113318	1013.00	27.22	26.17	102.9	27.10	26.17	104.1	27.07	26.17	104.4	NaN	26.17	NaN
11/07/2018 10:21:59 AM	3614113319	1013.00	27.19	26.17	103.2	27.09	26.17	104.2	27.13	26.17	103.8	NaN	26.17	NaN
11/07/2018 10:22:00 AM	3614113320	1013.00	27.20	26.18	103.1	27.10	26.18	104.0	27.07	26.18	104.3	NaN	26.18	NaN
11/07/2018 10:22:01 AM	3614113321	1013.00	27.22	26.18	102.9	27.09	26.18	104.1	27.08	26.18	104.2	NaN	26.18	NaN
11/07/2018 10:22:02 AM	3614113322	1013.00	27.22	26.18	102.9	27.10	26.18	104.0	27.03	26.18	104.7	NaN	26.18	NaN
11/07/2018 10:22:03 AM	3614113323	1013.00	27.18	26.19	103.2	27.11	26.19	103.9	27.12	26.19	103.8	NaN	26.19	NaN
11/07/2018 10:22:04 AM	3614113324	1013.00	27.22	26.18	102.9	27.08	26.18	104.2	27.09	26.18	104.1	NaN	26.18	NaN
11/07/2018 10:22:05 AM	3614113325	1013.00	27.23	26.18	102.8	27.08	26.18	104.2	27.12	26.18	103.9	NaN	26.18	NaN
11/07/2018 10:22:06 AM	3614113326	1013.00	27.22	26.19	102.9	27.11	26.19	103.9	27.12	26.19	103.8	NaN	26.19	NaN
11/07/2018 10:22:07 AM	3614113327	1013.00	27.19	26.18	103.2	27.11	26.18	103.9	27.09	26.18	104.1	NaN	26.18	NaN
11/07/2018 10:22:08 AM	3614113328	1013.00	27.22	26.18	102.9	27.16	26.18	103.5	27.11	26.18	103.9	NaN	26.18	NaN
11/07/2018 10:22:09 AM	3614113329	1013.00	27.21	26.19	103.0	27.14	26.19	103.6	27.14	26.19	103.6	NaN	26.19	NaN
11/07/2018 10:22:10 AM	3614113330	1013.00	27.23	26.19	102.8	27.10	26.19	104.0	27.13	26.19	103.7	NaN	26.19	NaN
11/07/2018 10:22:11 AM	3614113331	1013.00	27.22	26.19	102.9	27.10	26.19	104.0	27.11	26.19	103.9	NaN	26.19	NaN
11/07/2018 10:22:12 AM	3614113332	1013.00	27.20	26.19	103.0	27.09	26.19	104.1	27.15	26.19	103.5	NaN	26.19	NaN
11/07/2018 10:22:13 AM	3614113333	1013.00	27.22	26.18	102.9	27.04	26.18	104.6	27.12	26.18	103.9	NaN	26.18	NaN
11/07/2018 10:22:14 AM	3614113334	1013.00	27.20	26.18	103.1	27.16	26.18	103.5	27.11	26.18	103.9	NaN	26.18	NaN
11/07/2018 10:22:15 AM	3614113335	1013.00	27.22	26.17	102.9	27.10	26.17	104.1	27.13	26.17	103.8	NaN	26.17	NaN
11/07/2018 10:22:16 AM	3614113336	1013.00	27.21	26.17	103.0	27.13	26.17	103.8	27.13	26.17	103.8	NaN	26.17	NaN
11/07/2018 10:22:17 AM	3614113337	1013.00	27.22	26.17	102.9	27.13	26.17	103.8	27.15	26.17	103.6	NaN	26.17	NaN
11/07/2018 10:22:18 AM	3614113338	1013.00	27.21	26.17	103.0	27.15	26.17	103.6	27.15	26.17	103.6	NaN	26.17	NaN
11/07/2018 10:22:19 AM	3614113339	1013.00	27.20	26.17	103.1	27.15	26.17	103.6	27.19	26.17	103.2	NaN	26.17	NaN
11/07/2018 10:22:20 AM	3614113340	1013.00	27.21	26.17	103.0	27.11	26.17	104.0	27.20	26.17	103.1	NaN	26.17	NaN
11/07/2018 10:22:21 AM	3614113341	1013.00	27.21	26.17	103.0	27.11	26.17	104.0	27.19	26.17	103.2	NaN	26.17	NaN
11/07/2018 10:22:22 AM	3614113342	1013.00	27.23	26.17	102.8	27.15	26.17	103.6	27.13	26.17	103.8	NaN	26.17	NaN
11/07/2018 10:22:23 AM	3614113343	1013.00	27.21	26.17	103.0	27.13	26.17	103.8	27.19	26.17	103.2	NaN	26.17	NaN
11/07/2018 10:22:24 AM	3614113344	1013.00	27.23	26.16	102.8	27.09	26.16	104.2	27.16	26.16	103.5	NaN	26.16	NaN
11/07/2018 10:22:25 AM	3614113345	1013.00	27.20	26.16	103.1	27.16	26.16	103.5	27.17	26.16	103.4	NaN	26.16	NaN
11/07/2018 10:22:26 AM	3614113346	1013.00	27.25	26.16	102.6	27.16	26.16	103.5	27.16	26.16	103.5	NaN	26.16	NaN
11/07/2018 10:22:27 AM	3614113347	1013.00	27.24	26.16	102.7	27.12	26.16	103.9	27.17	26.16	103.4	NaN	26.16	NaN
11/07/2018 10:22:28 AM	3614113348	1013.00	27.24	26.17	102.7	27.19	26.17	103.2	27.20	26.17	103.1	NaN	26.17	NaN
11/07/2018 10:22:29 AM	3614113349	1013.00	27.22	26.17	102.9	27.15	26.17	103.6	27.18	26.17	103.3	NaN	26.17	NaN
11/07/2018 10:22:30 AM	3614113350	1013.00	27.22	26.18	102.9	27.12	26.18	103.9	27.22	26.18	102.9	NaN	26.18	NaN
11/07/2018 10:22:31 AM	3614113351	1013.00	27.23	26.18	102.8	27.14	26.18	103.7	27.15	26.18	103.6	NaN	26.18	NaN
11/07/2018 10:22:32 AM	3614113352	1013.00	27.23	26.17	102.8	27.12	26.17	103.9	27.22	26.17	102.9	NaN	26.17	NaN
11/07/2018 10:22:33 AM	3614113353	1013.00	27.21	26.17	103.0	27.10	26.17	104.1	27.20	26.17	103.1	NaN	26.17	NaN
11/07/2018 10:22:34 AM	3614113354	1013.00	27.23	26.18	102.8	27.13	26.18	103.8	27.22	26.18	102.9	NaN	26.18	NaN
11/07/2018 10:22:35 AM	3614113355	1013.00	27.20	26.18	103.1	27.11	26.18	103.9	27.23	26.18	102.8	NaN	26.18	NaN
11/07/2018 10:22:36 AM	3614113356	1013.00	27.26	26.18	102.5	27.11	26.18	103.9	27.21	26.18	103.0	NaN	26.18	NaN
11/07/2018 10:22:37 AM	3614113357	1013.00	27.23	26.18	102.8	27.13	26.18	103.8	27.25	26.18	102.6	NaN	26.18	NaN
11/07/2018 10:22:38 AM	3614113358	1013.00	27.23	26.18	102.8	27.19	26.18	103.2	27.19	26.18	103.2	NaN	26.18	NaN
11/07/2018 10:22:39 AM	3614113359	1013.00	27.22	26.18	102.9	27.18	26.18	103.3	27.23	26.18	102.8	NaN	26.18	NaN
11/07/2018 10:22:40 AM	3614113360	1013.00	27.28	26.16	102.3	27.12	26.16	103.9	27.24	26.16	102.7	NaN	26.16	NaN
11/07/2018 10:22:41 AM	3614113361	1013.00	27.22	26.17	102.9	27.15	26.17	103.6	27.26	26.17	102.5	NaN	26.17	NaN
11/07/2018 10:22:42 AM	3614113362	1013.00	27.23	26.17	102.8	27.14	26.17	103.7	27.22	26.17	102.9	NaN	26.17	NaN
11/07/2018 10:22:43 AM	3614113363	1013.00	27.22	26.17	102.9	27.15	26.17	103.6	27.26	26.17	102.5	NaN	26.17	NaN
11/07/2018 10:22:44 AM	3614113364	1013.00	27.24	26.17	102.7	27.14	26.17	103.7	27.23	26.17	102.8	NaN	26.17	NaN
11/07/2018 10:22:45 AM	3614113365	1013.00	27.24	26.18	102.7	27.12	26.18	103.9	27.25	26.18	102.6	NaN	26.18	NaN
11/07/2018 10:22:46 AM	3614113366	1013.00	27.23	26.18	102.8	27.12	26.18	103.9	27.27	26.18	102.4	NaN	26.18	NaN
11/07/2018 10:22:47 AM	3614113367	1013.00	27.24	26.18	102.7	27.20	26.18	103.1	27.24	26.18	102.7	NaN	26.18	NaN
11/07/2018 10:22:48 AM	3614113368	1013.00	27.24	26.18	102.7	27.17	26.18	103.4	27.26	26.18	102.5	NaN	26.18	NaN
11/07/2018 10:22:49 AM	3614113369	1013.00	27.25	26.18	102.6	27.13	26.18	103.8	27.21	26.18	103.0	NaN	26.18	NaN
11/07/2018 10:22:50 AM	3614113370	1013.00	27.26	26.18	102.5	27.16	26.18	103.5	27.23	26.18	102.8	NaN	26.18	NaN
11/07/2018 10:22:51 AM	3614113371	1013.00	27.23	26.18	102.8	27.14	26.18	103.7	27.25	26.18	102.6	NaN	26.18	NaN
11/07/2018 10:22:52 AM	3614113372	1013.00	27.25	26.18	102.6	27.18	26.18	103.3	27.25	26.18	102.6	NaN	26.18	NaN
11/07/2018 10:22:53 AM	3614113373	1013.00	27.26	26.18	102.5	27.16	26.18	103.5	27.27	26.18	102.4	NaN	26.18	NaN
11/07/2018 10:22:54 AM	3614113374	1013.00	27.24	26.18	102.7	27.16	26.18	103.5	27.25	26.18	102.6	NaN	26.18	NaN
11/07/2018 10:22:55 AM	3614113375	1013.00	27.26	26.18	102.5	27.15	26.18	103.6	27.30	26.18	102.1	NaN	26.18	NaN
11/07/2018 10:22:56 AM	3614113376	1013.00	27.25	26.18	102.6	27.15	26.18	103.6	27.25	26.18	102.6	NaN	26.18	NaN
11/07/2018 10:22:57 AM	3614113377	1013.00	27.25	26.19	102.6	27.16	26.19	103.4	27.26	26.19	102.5	NaN	26.19	NaN
11/07/2018 10:22:58 AM	3614113378	1013.00	27.24	26.19	102.7	27.14	26.19	103.6	27.26	26.19	102.5	NaN	26.19	NaN
11/07/2018 10:22:59 AM	3614113379	1013.00	27.24	26.19	102.7	27.16	26.19	103.4	27.28	26.19	102.3	NaN	26.19	NaN
11/07/2018 10:23:00 AM	3614113380	1013.00	27.26	26.19	102.5	27.17	26.19	103.3	27.26	26.19	102.5	NaN	26.19	NaN
11/07/2018 10:23:01 AM	3614113381	1013.00	27.24	26.18	102.7	27.22	26.18	102.9	27.27	26.18	102.4	NaN	26.18	NaN
11/07/2018 10:23:02 AM	3614113382	1013.00	27.25	26.18	102.6	27.19	26.18	103.2	27.26	26.18	102.5	NaN	26.18	NaN
11/07/2018 10:23:03 AM	3614113383	1013.00	27.26	26.17	102.5	27.14	26.17	103.7	27.30	26.17	102.1	NaN	26.17	NaN
11/07/2018 10:23:04 AM	3614113384	1013.00	27.26	26.17	102.5	27.22	26.17	102.9	27.28	26.17	102.3	NaN	26.17	NaN
11/07/2018 10:23:05 AM	3614113385	1013.00	27.26	26.17	102.5	27.18	26.17	103.3	27.28	26.17	102.3	NaN	26.17	NaN
11/07/2018 10:23:06 AM	3614113386	1013.00	27.28	26.17	102.3	27.18	26.17	103.3	27.28	26.17	102.3	NaN	26.17	NaN
11/07/2018 10:23:07 AM	3614113387	1013.00	27.25	26.17	102.6	27.16	26.17	103.5	27.31	26.17	102.0	NaN	26.17	NaN
11/07/2018 10:23:08 AM	3614113388	1013.00	27.28	26.17	102.3	27.19	26.17	103.2	27.26	26.17	102.5	NaN	26.17	NaN
11/07/2018 10:23:09 AM	3614113389	1013.00	27.29	26.17	102.2	27.20	26.17	103.1	27.31	26.17	102.0	NaN	26.17	NaN
11/07/2018 10:23:10 AM	3614113390	1013.00	27.28	26.18	102.3	27.19	26.18	103.2	27.31	26.18	102.0	NaN	26.18	NaN
11/07/2018 10:23:11 AM	3614113391	1013.00	27.27	26.17	102.4	27.16	26.17	103.5	27.37	26.17	101.4	NaN	26.17	NaN
11/07/2018 10:23:12 AM	3614113392	1013.00	27.27	26.18	102.4	27.18	26.18	103.3	27.35	26.18	101.6	NaN	26.18	NaN
11/07/2018 10:23:13 AM	3614113393	1013.00	27.29	26.17	102.2	27.22	26.17	102.9	27.34	26.17	101.7	NaN	26.17	NaN
11/07/2018 10:23:14 AM	3614113394	1013.00	27.26	26.17	102.5	27.18	26.17	103.3	27.35	26.17	101.6	NaN	26.17	NaN
11/07/2018 10:23:15 AM	3614113395	1013.00	27.29	26.18	102.2	27.21	26.18	103.0	27.33	26.18	101.8	NaN	26.18	NaN
11/07/2018 10:23:16 AM	3614113396	1013.00	27.28	26.17	102.3	27.23	26.17	102.8	27.33	26.17	101.8	NaN	26.17	NaN
11/07/2018 10:23:17 AM	3614113397	1013.00	27.27	26.16	102.4	27.19	26.16	103.2	27.33	26.16	101.8	NaN	26.16	NaN
11/07/2018 10:23:18 AM	3614113398	1013.00	27.26	26.17	102.5	27.22	26.17	102.9	27.34	26.17	101.7	NaN	26.17	NaN
11/07/2018 10:23:19 AM	3614113399	1013.00	27.28	26.16	102.3	27.16	26.16	103.5	27.34	26.16	101.8	NaN	26.16	NaN
11/07/2018 10:23:20 AM	3614113400	1013.00	27.25	26.15	102.6	27.22	26.15	102.9	27.36	26.15	101.6	NaN	26.15	NaN
11/07/2018 10:23:21 AM	3614113401	1013.00	27.27	26.16	102.4	27.22	26.16	102.9	27.37	26.16	101.5	NaN	26.16	NaN
11/07/2018 10:23:22 AM	3614113402	1013.00	27.26	26.16	102.5	27.23	26.16	102.8	27.36	26.16	101.6	NaN	26.16	NaN
11/07/2018 10:23:23 AM	3614113403	1013.00	27.29	26.17	102.2	27.26	26.17	102.5	27.39	26.17	101.3	NaN	26.17	NaN
11/07/2018 10:23:24 AM	3614113404	1013.00	27.25	26.17	102.6	27.19	26.17	103.2	27.43	26.17	100.9	NaN	26.17	NaN
11/07/2018 10:23:25 AM	3614113405	1013.00	27.27	26.18	102.4	27.24	26.18	102.7	27.44	26.18	100.8	NaN	26.18	NaN
11/07/2018 10:23:26 AM	3614113406	1013.00	27.25	26.18	102.6	27.26	26.18	102.5	27.39	26.18	101.2	NaN	26.18	NaN
11/07/2018 10:23:27 AM	3614113407	1013.00	27.28	26.18	102.3	27.18	26.18	103.3	27.41	26.18	101.0	NaN	26.18	NaN
11/07/2018 10:23:28 AM	3614113408	1013.00	27.29	26.17	102.2	27.18	26.17	103.3	27.40	26.17	101.2	NaN	26.17	NaN
11/07/2018 10:23:29 AM	3614113409	1013.00	27.29	26.17	102.2	27.25	26.17	102.6	27.43	26.17	100.9	NaN	26.17	NaN
11/07/2018 10:23:30 AM	3614113410	1013.00	27.26	26.17	102.5	27.30	26.17	102.1	27.42	26.17	101.0	NaN	26.17	NaN
11/07/2018 10:23:31 AM	3614113411	1013.00	27.30	26.17	102.1	27.22	26.17	102.9	27.42	26.17	101.0	NaN	26.17	NaN
11/07/2018 10:23:32 AM	3614113412	1013.00	27.29	26.17	102.2	27.27	26.17	102.4	27.41	26.17	101.1	NaN	26.17	NaN
11/07/2018 10:23:33 AM	3614113413	1013.00	27.29	26.17	102.2	27.28	26.17	102.3	27.44	26.17	100.8	NaN	26.17	NaN
11/07/2018 10:23:34 AM	3614113414	1013.00	27.28	26.18	102.3	27.24	26.18	102.7	27.40	26.18	101.1	NaN	26.18	NaN
11/07/2018 10:23:35 AM	3614113415	1013.00	27.29	26.17	102.2	27.26	26.17	102.5	27.43	26.17	100.9	NaN	26.17	NaN
11/07/2018 10:23:36 AM	3614113416	1013.00	27.27	26.18	102.4	27.26	26.18	102.5	27.42	26.18	101.0	NaN	26.18	NaN
11/07/2018 10:23:37 AM	3614113417	1013.00	27.29	26.18	102.2	27.28	26.18	102.3	27.44	26.18	100.8	NaN	26.18	NaN
11/07/2018 10:23:38 AM	3614113418	1013.00	27.29	26.17	102.2	27.29	26.17	102.2	27.47	26.17	100.5	NaN	26.17	NaN
11/07/2018 10:23:39 AM	3614113419	1013.00	27.30	26.17	102.1	27.25	26.17	102.6	27.46	26.17	100.6	NaN	26.17	NaN
11/07/2018 10:23:40 AM	3614113420	1013.00	27.31	26.17	102.0	27.28	26.17	102.3	27.48	26.17	100.4	NaN	26.17	NaN
11/07/2018 10:23:41 AM	3614113421	1013.00	27.29	26.17	102.2	27.27	26.17	102.4	27.43	26.17	100.9	NaN	26.17	NaN
11/07/2018 10:23:42 AM	3614113422	1013.00	27.30	26.17	102.1	27.31	26.17	102.0	27.45	26.17	100.7	NaN	26.17	NaN
11/07/2018 10:23:43 AM	3614113423	1013.00	27.30	26.18	102.1	27.29	26.18	102.2	27.47	26.18	100.5	NaN	26.18	NaN
11/07/2018 10:23:44 AM	3614113424	1013.00	27.29	26.18	102.2	27.30	26.18	102.1	27.47	26.18	100.5	NaN	26.18	NaN
11/07/2018 10:23:45 AM	3614113425	1013.00	27.30	26.17	102.1	27.23	26.17	102.8	27.46	26.17	100.6	NaN	26.17	NaN
11/07/2018 10:23:46 AM	3614113426	1013.00	27.31	26.18	102.0	27.25	26.18	102.6	27.45	26.18	100.7	NaN	26.18	NaN
11/07/2018 10:23:47 AM	3614113427	1013.00	27.30	26.17	102.1	27.23	26.17	102.8	27.47	26.17	100.5	NaN	26.17	NaN
11/07/2018 10:23:48 AM	3614113428	1013.00	27.30	26.17	102.1	27.26	26.17	102.5	27.47	26.17	100.5	NaN	26.17	NaN
11/07/2018 10:23:49 AM	3614113429	1013.00	27.30	26.17	102.1	27.28	26.17	102.3	27.52	26.17	100.0	NaN	26.17	NaN
11/07/2018 10:23:50 AM	3614113430	1013.00	27.27	26.18	102.4	27.27	26.18	102.4	27.48	26.18	100.4	NaN	26.18	NaN
11/07/2018 10:23:51 AM	3614113431	1013.00	27.32	26.17	101.9	27.26	26.17	102.5	27.51	26.17	100.1	NaN	26.17	NaN
11/07/2018 10:23:52 AM	3614113432	1013.00	27.30	26.18	102.1	27.27	26.18	102.4	27.49	26.18	100.3	NaN	26.18	NaN
11/07/2018 10:23:53 AM	3614113433	1013.00	27.31	26.17	102.0	27.28	26.17	102.3	27.53	26.17	99.9	NaN	26.17	NaN
11/07/2018 10:23:54 AM	3614113434	1013.00	27.31	26.17	102.0	27.31	26.17	102.0	27.47	26.17	100.5	NaN	26.17	NaN
11/07/2018 10:23:55 AM	3614113435	1013.00	27.32	26.17	101.9	27.30	26.17	102.1	27.51	26.17	100.1	NaN	26.17	NaN
11/07/2018 10:23:56 AM	3614113436	1013.00	27.34	26.16	101.8	27.27	26.16	102.4	27.51	26.16	100.1	NaN	26.16	NaN
11/07/2018 10:23:57 AM	3614113437	1013.00	27.31	26.16	102.0	27.28	26.16	102.3	27.48	26.16	100.4	NaN	26.16	NaN
11/07/2018 10:23:58 AM	3614113438	1013.00	27.33	26.17	101.8	27.29	26.17	102.2	27.48	26.17	100.4	NaN	26.17	NaN
11/07/2018 10:23:59 AM	3614113439	1013.00	27.31	26.17	102.0	27.32	26.17	101.9	27.47	26.17	100.5	NaN	26.17	NaN
11/07/2018 10:24:00 AM	3614113440	1013.00	27.31	26.17	102.0	27.30	26.17	102.1	27.55	26.17	99.7	NaN	26.17	NaN
11/07/2018 10:24:01 AM	3614113441	1013.00	27.33	26.17	101.8	27.27	26.17	102.4	27.56	26.17	99.6	NaN	26.17	NaN
11/07/2018 10:24:02 AM	3614113442	1013.00	27.32	26.17	101.9	27.29	26.17	102.2	27.54	26.17	99.8	NaN	26.17	NaN
11/07/2018 10:24:03 AM	3614113443	1013.00	27.31	26.16	102.0	27.28	26.16	102.3	27.56	26.16	99.7	NaN	26.16	NaN
11/07/2018 10:24:04 AM	3614113444	1013.00	27.31	26.16	102.0	27.24	26.16	102.7	27.52	26.16	100.0	NaN	26.16	NaN
11/07/2018 10:24:05 AM	3614113445	1013.00	27.32	26.17	101.9	27.32	26.17	101.9	27.52	26.17	100.0	NaN	26.17	NaN
11/07/2018 10:24:06 AM	3614113446	1013.00	27.32	26.17	101.9	27.31	26.17	102.0	27.52	26.17	100.0	NaN	26.17	NaN
11/07/2018 10:24:07 AM	3614113447	1013.00	27.31	26.16	102.0	27.30	26.16	102.1	27.52	26.16	100.0	NaN	26.16	NaN
11/07/2018 10:24:08 AM	3614113448	1013.00	27.33	26.17	101.8	27.32	26.17	101.9	27.51	26.17	100.1	NaN	26.17	NaN
11/07/2018 10:24:09 AM	3614113449	1013.00	27.34	26.17	101.7	27.34	26.17	101.7	27.51	26.17	100.1	NaN	26.17	NaN
11/07/2018 10:24:10 AM	3614113450	1013.00	27.33	26.17	101.8	27.35	26.17	101.6	27.52	26.17	100.0	NaN	26.17	NaN
11/07/2018 10:24:11 AM	3614113451	1013.00	27.33	26.16	101.8	27.30	26.16	102.1	27.55	26.16	99.8	NaN	26.16	NaN
11/07/2018 10:24:12 AM	3614113452	1013.00	27.31	26.17	102.0	27.38	26.17	101.3	27.54	26.17	99.8	NaN	26.17	NaN
11/07/2018 10:24:13 AM	3614113453	1013.00	27.33	26.18	101.8	27.30	26.18	102.1	27.52	26.18	100.0	NaN	26.18	NaN
11/07/2018 10:24:14 AM	3614113454	1013.00	27.34	26.18	101.7	27.33	26.18	101.8	27.57	26.18	99.5	NaN	26.18	NaN
11/07/2018 10:24:15 AM	3614113455	1013.00	27.33	26.18	101.8	27.34	26.18	101.7	27.57	26.18	99.5	NaN	26.18	NaN
11/07/2018 10:24:16 AM	3614113456	1013.00	27.34	26.18	101.7	27.32	26.18	101.9	27.58	26.18	99.4	NaN	26.18	NaN
11/07/2018 10:24:17 AM	3614113457	1013.00	27.33	26.18	101.8	27.31	26.18	102.0	27.55	26.18	99.7	NaN	26.18	NaN
11/07/2018 10:24:18 AM	3614113458	1013.00	27.33	26.17	101.8	27.33	26.17	101.8	27.57	26.17	99.6	NaN	26.17	NaN
11/07/2018 10:24:19 AM	3614113459	1013.00	27.34	26.18	101.7	27.33	26.18	101.8	27.58	26.18	99.4	NaN	26.18	NaN
11/07/2018 10:24:20 AM	3614113460	1013.00	27.34	26.17	101.7	27.37	26.17	101.4	27.54	26.17	99.8	NaN	26.17	NaN
11/07/2018 10:24:21 AM	3614113461	1013.00	27.35	26.18	101.6	27.35	26.18	101.6	27.54	26.18	99.8	NaN	26.18	NaN
11/07/2018 10:24:22 AM	3614113462	1013.00	27.36	26.18	101.5	27.30	26.18	102.1	27.55	26.18	99.7	NaN	26.18	NaN
11/07/2018 10:24:23 AM	3614113463	1013.00	27.36	26.18	101.5	27.37	26.18	101.4	27.58	26.18	99.4	NaN	26.18	NaN
11/07/2018 10:24:24 AM	3614113464	1013.00	27.37	26.18	101.4	27.37	26.18	101.4	27.57	26.18	99.5	NaN	26.18	NaN
11/07/2018 10:24:25 AM	3614113465	1013.00	27.37	26.17	101.4	27.38	26.17	101.3	27.56	26.17	99.6	NaN	26.17	NaN
11/07/2018 10:24:26 AM	3614113466	1013.00	27.36	26.16	101.6	27.38	26.16	101.4	27.59	26.16	99.4	NaN	26.16	NaN
11/07/2018 10:24:27 AM	3614113467	1013.00	27.34	26.16	101.8	27.33	26.16	101.8	27.60	26.16	99.3	NaN	26.16	NaN
11/07/2018 10:24:28 AM	3614113468	1013.00	27.34	26.17	101.7	27.37	26.17	101.4	27.61	26.17	99.2	NaN	26.17	NaN
11/07/2018 10:24:29 AM	3614113469	1013.00	27.39	26.16	101.3	27.35	26.16	101.7	27.60	26.16	99.3	NaN	26.16	NaN
11/07/2018 10:24:30 AM	3614113470	1013.00	27.38	26.16	101.4	27.34	26.16	101.8	27.57	26.16	99.6	NaN	26.16	NaN
11/07/2018 10:24:31 AM	3614113471	1013.00	27.35	26.17	101.6	27.38	26.17	101.3	27.66	26.17	98.7	NaN	26.17	NaN
11/07/2018 10:24:32 AM	3614113472	1013.00	27.35	26.17	101.6	27.36	26.17	101.5	27.61	26.17	99.2	NaN	26.17	NaN
11/07/2018 10:24:33 AM	3614113473	1013.00	27.37	26.17	101.4	27.35	26.17	101.6	27.56	26.17	99.6	NaN	26.17	NaN
11/07/2018 10:24:34 AM	3614113474	1013.00	27.35	26.18	101.6	27.40	26.18	101.1	27.62	26.18	99.1	NaN	26.18	NaN
11/07/2018 10:24:35 AM	3614113475	1013.00	27.35	26.19	101.6	27.37	26.19	101.4	27.60	26.19	99.2	NaN	26.19	NaN
11/07/2018 10:24:36 AM	3614113476	1013.00	27.39	26.18	101.2	27.34	26.18	101.7	27.59	26.18	99.4	NaN	26.18	NaN
11/07/2018 10:24:37 AM	3614113477	1013.00	27.36	26.18	101.5	27.39	26.18	101.2	27.58	26.18	99.4	NaN	26.18	NaN
11/07/2018 10:24:38 AM	3614113478	1013.00	27.40	26.17	101.2	27.39	26.17	101.3	27.63	26.17	99.0	NaN	26.17	NaN
11/07/2018 10:24:39 AM	3614113479	1013.00	27.39	26.16	101.3	27.40	26.16	101.2	27.63	26.16	99.0	NaN	26.16	NaN
11/07/2018 10:24:40 AM	3614113480	1013.00	27.37	26.16	101.5	27.41	26.16	101.1	27.65	26.16	98.8	NaN	26.16	NaN
11/07/2018 10:24:41 AM	3614113481	1013.00	27.38	26.16	101.4	27.38	26.16	101.4	27.60	26.16	99.3	NaN	26.16	NaN
11/07/2018 10:24:42 AM	3614113482	1013.00	27.37	26.15	101.5	27.38	26.15	101.4	27.62	26.15	99.1	NaN	26.15	NaN
11/07/2018 10:24:43 AM	3614113483	1013.00	27.39	26.17	101.3	27.41	26.17	101.1	27.59	26.17	99.4	NaN	26.17	NaN
11/07/2018 10:24:44 AM	3614113484	1013.00	27.37	26.17	101.4	27.37	26.17	101.4	27.61	26.17	99.2	NaN	26.17	NaN
11/07/2018 10:24:45 AM	3614113485	1013.00	27.41	26.18	101.0	27.40	26.18	101.1	27.62	26.18	99.1	NaN	26.18	NaN
11/07/2018 10:24:46 AM	3614113486	1013.00	27.40	26.18	101.1	27.36	26.18	101.5	27.63	26.18	99.0	NaN	26.18	NaN
11/07/2018 10:24:47 AM	3614113487	1013.00	27.37	26.18	101.4	27.43	26.18	100.9	27.57	26.18	99.5	NaN	26.18	NaN
11/07/2018 10:24:48 AM	3614113488	1013.00	27.41	26.17	101.1	27.37	26.17	101.4	27.60	26.17	99.3	NaN	26.17	NaN
11/07/2018 10:24:49 AM	3614113489	1013.00	27.39	26.17	101.3	27.42	26.17	101.0	27.60	26.17	99.3	NaN	26.17	NaN
11/07/2018 10:24:50 AM	3614113490	1013.00	27.40	26.17	101.2	27.42	26.17	101.0	27.62	26.17	99.1	NaN	26.17	NaN
11/07/2018 10:24:51 AM	3614113491	1013.00	27.43	26.18	100.9	27.44	26.18	100.8	27.60	26.18	99.3	NaN	26.18	NaN
11/07/2018 10:24:52 AM	3614113492	1013.00	27.40	26.17	101.2	27.40	26.17	101.2	27.63	26.17	99.0	NaN	26.17	NaN
11/07/2018 10:24:53 AM	3614113493	1013.00	27.39	26.16	101.3	27.43	26.16	100.9	27.61	26.16	99.2	NaN	26.16	NaN
11/07/2018 10:24:54 AM	3614113494	1013.00	27.40	26.16	101.2	27.41	26.16	101.1	27.61	26.16	99.2	NaN	26.16	NaN
11/07/2018 10:24:55 AM	3614113495	1013.00	27.39	26.15	101.3	27.38	26.15	101.4	27.61	26.15	99.2	NaN	26.15	NaN
11/07/2018 10:24:56 AM	3614113496	1013.00	27.40	26.14	101.2	27.40	26.14	101.2	27.63	26.14	99.0	NaN	26.14	NaN
11/07/2018 10:24:57 AM	3614113497	1013.00	27.38	26.15	101.4	27.41	26.15	101.1	27.67	26.15	98.7	NaN	26.15	NaN
11/07/2018 10:24:58 AM	3614113498	1013.00	27.42	26.15	101.0	27.43	26.15	100.9	27.66	26.15	98.8	NaN	26.15	NaN
11/07/2018 10:24:59 AM	3614113499	1013.00	27.41	26.14	101.1	27.42	26.14	101.0	27.66	26.14	98.8	NaN	26.14	NaN
11/07/2018 10:25:00 AM	3614113500	1013.00	27.41	26.16	101.1	27.40	26.16	101.2	27.65	26.16	98.8	NaN	26.16	NaN
11/07/2018 10:25:01 AM	3614113501	1013.00	27.41	26.17	101.1	27.46	26.17	100.6	27.63	26.17	99.0	NaN	26.17	NaN
11/07/2018 10:25:02 AM	3614113502	1013.00	27.41	26.17	101.1	27.43	26.17	100.9	27.65	26.17	98.8	NaN	26.17	NaN
11/07/2018 10:25:03 AM	3614113503	1013.00	27.42	26.17	101.0	27.43	26.17	100.9	27.71	26.17	98.3	NaN	26.17	NaN
11/07/2018 10:25:04 AM	3614113504	1013.00	27.43	26.17	100.9	27.46	26.17	100.6	27.69	26.17	98.4	NaN	26.17	NaN
11/07/2018 10:25:05 AM	3614113505	1013.00	27.42	26.17	101.0	27.42	26.17	101.0	27.68	26.17	98.5	NaN	26.17	NaN
11/07/2018 10:25:06 AM	3614113506	1013.00	27.41	26.16	101.1	27.43	26.16	100.9	27.66	26.16	98.7	NaN	26.16	NaN
11/07/2018 10:25:07 AM	3614113507	1013.00	27.42	26.16	101.0	27.45	26.16	100.7	27.68	26.16	98.6	NaN	26.16	NaN
11/07/2018 10:25:08 AM	3614113508	1013.00	27.42	26.17	101.0	27.41	26.17	101.1	27.68	26.17	98.5	NaN	26.17	NaN
11/07/2018 10:25:09 AM	3614113509	1013.00	27.43	26.17	100.9	27.41	26.17	101.1	27.71	26.17	98.3	NaN	26.17	NaN
11/07/2018 10:25:10 AM	3614113510	1013.00	27.41	26.17	101.1	27.47	26.17	100.5	27.67	26.17	98.6	NaN	26.17	NaN
11/07/2018 10:25:11 AM	3614113511	1013.00	27.46	26.18	100.6	27.46	26.18	100.6	27.66	26.18	98.7	NaN	26.18	NaN
11/07/2018 10:25:12 AM	3614113512	1013.00	27.45	26.17	100.7	27.42	26.17	101.0	27.64	26.17	98.9	NaN	26.17	NaN
11/07/2018 10:25:13 AM	3614113513	1013.00	27.45	26.17	100.7	27.39	26.17	101.3	27.71	26.17	98.3	NaN	26.17	NaN
11/07/2018 10:25:14 AM	3614113514	1013.00	27.44	26.16	100.8	27.47	26.16	100.5	27.68	26.16	98.6	NaN	26.16	NaN
11/07/2018 10:25:15 AM	3614113515	1013.00	27.43	26.16	100.9	27.42	26.16	101.0	27.69	26.16	98.5	NaN	26.16	NaN
11/07/2018 10:25:16 AM	3614113516	1013.00	27.42	26.16	101.0	27.44	26.16	100.8	27.70	26.16	98.4	NaN	26.16	NaN
11/07/2018 10:25:17 AM	3614113517	1013.00	27.45	26.16	100.7	27.44	26.16	100.8	27.67	26.16	98.6	NaN	26.16	NaN
11/07/2018 10:25:18 AM	3614113518	1013.00	27.46	26.18	100.6	27.48	26.18	100.4	27.67	26.18	98.6	NaN	26.18	NaN
11/07/2018 10:25:19 AM	3614113519	1013.00	27.43	26.19	100.8	27.49	26.19	100.3	27.69	26.19	98.4	NaN	26.19	NaN
11/07/2018 10:25:20 AM	3614113520	1013.00	27.45	26.17	100.7	27.45	26.17	100.7	27.71	26.17	98.3	NaN	26.17	NaN
11/07/2018 10:25:21 AM	3614113521	1013.00	27.44	26.17	100.8	27.47	26.17	100.5	27.73	26.17	98.1	NaN	26.17	NaN
11/07/2018 10:25:22 AM	3614113522	1013.00	27.46	26.16	100.6	27.47	26.16	100.5	27.69	26.16	98.5	NaN	26.16	NaN
11/07/2018 10:25:23 AM	3614113523	1013.00	27.47	26.16	100.5	27.44	26.16	100.8	27.73	26.16	98.1	NaN	26.16	NaN
11/07/2018 10:25:24 AM	3614113524	1013.00	27.44	26.16	100.8	27.47	26.16	100.5	27.69	26.16	98.5	NaN	26.16	NaN
11/07/2018 10:25:25 AM	3614113525	1013.00	27.47	26.17	100.5	27.50	26.17	100.2	27.70	26.17	98.4	NaN	26.17	NaN
11/07/2018 10:25:26 AM	3614113526	1013.00	27.44	26.17	100.8	27.44	26.17	100.8	27.73	26.17	98.1	NaN	26.17	NaN
11/07/2018 10:25:27 AM	3614113527	1013.00	27.44	26.18	100.8	27.45	26.18	100.7	27.69	26.18	98.4	NaN	26.18	NaN
11/07/2018 10:25:28 AM	3614113528	1013.00	27.47	26.17	100.5	27.45	26.17	100.7	27.74	26.17	98.0	NaN	26.17	NaN
11/07/2018 10:25:29 AM	3614113529	1013.00	27.48	26.17	100.4	27.46	26.17	100.6	27.76	26.17	97.8	NaN	26.17	NaN
11/07/2018 10:25:30 AM	3614113530	1013.00	27.45	26.17	100.7	27.48	26.17	100.4	27.74	26.17	98.0	NaN	26.17	NaN
11/07/2018 10:25:31 AM	3614113531	1013.00	27.46	26.16	100.6	27.47	26.16	100.5	27.75	26.16	97.9	NaN	26.16	NaN
11/07/2018 10:25:32 AM	3614113532	1013.00	27.47	26.16	100.5	27.44	26.16	100.8	27.73	26.16	98.1	NaN	26.16	NaN
11/07/2018 10:25:33 AM	3614113533	1013.00	27.46	26.17	100.6	27.46	26.17	100.6	27.73	26.17	98.1	NaN	26.17	NaN
11/07/2018 10:25:34 AM	3614113534	1013.00	27.48	26.16	100.4	27.51	26.16	100.1	27.75	26.16	97.9	NaN	26.16	NaN
11/07/2018 10:25:35 AM	3614113535	1013.00	27.47	26.16	100.5	27.47	26.16	100.5	27.74	26.16	98.0	NaN	26.16	NaN
11/07/2018 10:25:36 AM	3614113536	1013.00	27.44	26.17	100.8	27.45	26.17	100.7	27.75	26.17	97.9	NaN	26.17	NaN
11/07/2018 10:25:37 AM	3614113537	1013.00	27.47	26.17	100.5	27.51	26.17	100.1	27.79	26.17	97.5	NaN	26.17	NaN
11/07/2018 10:25:38 AM	3614113538	1013.00	27.50	26.16	100.2	27.49	26.16	100.3	27.76	26.16	97.8	NaN	26.16	NaN
11/07/2018 10:25:39 AM	3614113539	1013.00	27.48	26.16	100.4	27.52	26.16	100.0	27.78	26.16	97.6	NaN	26.16	NaN
11/07/2018 10:25:40 AM	3614113540	1013.00	27.46	26.16	100.6	27.54	26.16	99.9	27.76	26.16	97.8	NaN	26.16	NaN
11/07/2018 10:25:41 AM	3614113541	1013.00	27.49	26.16	100.3	27.49	26.16	100.3	27.83	26.16	97.2	NaN	26.16	NaN
11/07/2018 10:25:42 AM	3614113542	1013.00	27.49	26.16	100.3	27.48	26.16	100.4	27.77	26.16	97.7	NaN	26.16	NaN
11/07/2018 10:25:43 AM	3614113543	1013.00	27.47	26.16	100.5	27.52	26.16	100.0	27.82	26.16	97.3	NaN	26.16	NaN
11/07/2018 10:25:44 AM	3614113544	1013.00	27.50	26.16	100.2	27.47	26.16	100.5	27.81	26.16	97.4	NaN	26.16	NaN
11/07/2018 10:25:45 AM	3614113545	1013.00	27.47	26.16	100.5	27.50	26.16	100.2	27.79	26.16	97.5	NaN	26.16	NaN
11/07/2018 10:25:46 AM	3614113546	1013.00	27.49	26.16	100.3	27.53	26.16	99.9	27.78	26.16	97.6	NaN	26.16	NaN
11/07/2018 10:25:47 AM	3614113547	1013.00	27.49	26.15	100.3	27.56	26.15	99.7	27.84	26.15	97.1	NaN	26.15	NaN
11/07/2018 10:25:48 AM	3614113548	1013.00	27.47	26.16	100.5	27.51	26.16	100.1	27.78	26.16	97.6	NaN	26.16	NaN
11/07/2018 10:25:49 AM	3614113549	1013.00	27.52	26.16	100.0	27.46	26.16	100.6	27.84	26.16	97.1	NaN	26.16	NaN
11/07/2018 10:25:50 AM	3614113550	1013.00	27.50	26.15	100.2	27.52	26.15	100.1	27.83	26.15	97.2	NaN	26.15	NaN
11/07/2018 10:25:51 AM	3614113551	1013.00	27.50	26.16	100.2	27.53	26.16	99.9	27.82	26.16	97.3	NaN	26.16	NaN
11/07/2018 10:25:52 AM	3614113552	1013.00	27.49	26.17	100.3	27.54	26.17	99.8	27.86	26.17	96.9	NaN	26.17	NaN
11/07/2018 10:25:53 AM	3614113553	1013.00	27.50	26.16	100.2	27.50	26.16	100.2	27.85	26.16	97.0	NaN	26.16	NaN
11/07/2018 10:25:54 AM	3614113554	1013.00	27.51	26.17	100.1	27.56	26.17	99.6	27.81	26.17	97.3	NaN	26.17	NaN
11/07/2018 10:25:55 AM	3614113555	1013.00	27.51	26.18	100.1	27.54	26.18	99.8	27.81	26.18	97.3	NaN	26.18	NaN
11/07/2018 10:25:56 AM	3614113556	1013.00	27.49	26.17	100.3	27.55	26.17	99.7	27.81	26.17	97.3	NaN	26.17	NaN
11/07/2018 10:25:57 AM	3614113557	1013.00	27.52	26.17	100.0	27.56	26.17	99.6	27.85	26.17	97.0	NaN	26.17	NaN
11/07/2018 10:25:58 AM	3614113558	1013.00	27.53	26.17	99.9	27.51	26.17	100.1	27.85	26.17	97.0	NaN	26.17	NaN
11/07/2018 10:25:59 AM	3614113559	1013.00	27.48	26.17	100.4	27.58	26.17	99.5	27.87	26.17	96.8	NaN	26.17	NaN
11/07/2018 10:26:00 AM	3614113560	1013.00	27.51	26.17	100.1	27.59	26.17	99.4	27.83	26.17	97.2	NaN	26.17	NaN
11/07/2018 10:26:01 AM	3614113561	1013.00	27.52	26.16	100.0	27.55	26.16	99.8	27.88	26.16	96.7	NaN	26.16	NaN
11/07/2018 10:26:02 AM	3614113562	1013.00	27.53	26.15	100.0	27.55	26.15	99.8	27.86	26.15	96.9	NaN	26.15	NaN
11/07/2018 10:26:03 AM	3614113563	1013.00	27.52	26.15	100.1	27.58	26.15	99.5	27.85	26.15	97.0	NaN	26.15	NaN
11/07/2018 10:26:04 AM	3614113564	1013.00	27.50	26.15	100.2	27.56	26.15	99.7	27.87	26.15	96.8	NaN	26.15	NaN
11/07/2018 10:26:05 AM	3614113565	1013.00	27.52	26.15	100.1	27.57	26.15	99.6	27.91	26.15	96.5	NaN	26.15	NaN
11/07/2018 10:26:06 AM	3614113566	1013.00	27.52	26.16	100.0	27.58	26.16	99.5	27.91	26.16	96.5	NaN	26.16	NaN
11/07/2018 10:26:07 AM	3614113567	1013.00	27.53	26.16	99.9	27.55	26.16	99.8	27.88	26.16	96.7	NaN	26.16	NaN
11/07/2018 10:26:08 AM	3614113568	1013.00	27.53	26.16	99.9	27.54	26.16	99.9	27.87	26.16	96.8	NaN	26.16	NaN
11/07/2018 10:26:09 AM	3614113569	1013.00	27.53	26.16	99.9	27.59	26.16	99.4	27.88	26.16	96.7	NaN	26.16	NaN
11/07/2018 10:26:10 AM	3614113570	1013.00	27.54	26.16	99.9	27.56	26.16	99.7	27.86	26.16	96.9	NaN	26.16	NaN
11/07/2018 10:26:11 AM	3614113571	1013.00	27.51	26.16	100.1	27.57	26.16	99.6	27.89	26.16	96.6	NaN	26.16	NaN
11/07/2018 10:26:12 AM	3614113572	1013.00	27.55	26.16	99.8	27.56	26.16	99.7	27.87	26.16	96.8	NaN	26.16	NaN
11/07/2018 10:26:13 AM	3614113573	1013.00	27.53	26.16	99.9	27.56	26.16	99.7	27.84	26.16	97.1	NaN	26.16	NaN
11/07/2018 10:26:14 AM	3614113574	1013.00	27.51	26.16	100.1	27.58	26.16	99.5	27.89	26.16	96.6	NaN	26.16	NaN
11/07/2018 10:26:15 AM	3614113575	1013.00	27.54	26.16	99.9	27.62	26.16	99.1	27.90	26.16	96.5	NaN	26.16	NaN
11/07/2018 10:26:16 AM	3614113576	1013.00	27.52	26.16	100.0	27.57	26.16	99.6	27.89	26.16	96.6	NaN	26.16	NaN
11/07/2018 10:26:17 AM	3614113577	1013.00	27.54	26.17	99.8	27.62	26.17	99.1	27.93	26.17	96.3	NaN	26.17	NaN
11/07/2018 10:26:18 AM	3614113578	1013.00	27.54	26.16	99.9	27.57	26.16	99.6	27.91	26.16	96.5	NaN	26.16	NaN
11/07/2018 10:26:19 AM	3614113579	1013.00	27.55	26.16	99.8	27.60	26.16	99.3	27.91	26.16	96.5	NaN	26.16	NaN
11/07/2018 10:26:20 AM	3614113580	1013.00	27.55	26.17	99.7	27.57	26.17	99.6	27.91	26.17	96.4	NaN	26.17	NaN
11/07/2018 10:26:21 AM	3614113581	1013.00	27.56	26.17	99.6	27.58	26.17	99.5	27.91	26.17	96.4	NaN	26.17	NaN
11/07/2018 10:26:22 AM	3614113582	1013.00	27.56	26.16	99.7	27.62	26.16	99.1	27.89	26.16	96.6	NaN	26.16	NaN
11/07/2018 10:26:23 AM	3614113583	1013.00	27.54	26.16	99.9	27.58	26.16	99.5	27.96	26.16	96.0	NaN	26.16	NaN
11/07/2018 10:26:24 AM	3614113584	1013.00	27.56	26.16	99.7	27.62	26.16	99.1	27.94	26.16	96.2	NaN	26.16	NaN
11/07/2018 10:26:25 AM	3614113585	1013.00	27.57	26.16	99.6	27.60	26.16	99.3	27.92	26.16	96.4	NaN	26.16	NaN
11/07/2018 10:26:26 AM	3614113586	1013.00	27.57	26.16	99.6	27.63	26.16	99.0	27.96	26.16	96.0	NaN	26.16	NaN
11/07/2018 10:26:27 AM	3614113587	1013.00	27.56	26.16	99.7	27.60	26.16	99.3	27.95	26.16	96.1	NaN	26.16	NaN
11/07/2018 10:26:28 AM	3614113588	1013.00	27.59	26.16	99.4	27.63	26.16	99.0	27.95	26.16	96.1	NaN	26.16	NaN
11/07/2018 10:26:29 AM	3614113589	1013.00	27.56	26.16	99.7	27.65	26.16	98.8	27.96	26.16	96.0	NaN	26.16	NaN
11/07/2018 10:26:30 AM	3614113590	1013.00	27.55	26.15	99.8	27.62	26.15	99.1	27.93	26.15	96.3	NaN	26.15	NaN
11/07/2018 10:26:31 AM	3614113591	1013.00	27.56	26.16	99.7	27.65	26.16	98.8	27.92	26.16	96.4	NaN	26.16	NaN
11/07/2018 10:26:32 AM	3614113592	1013.00	27.56	26.16	99.7	27.64	26.16	98.9	27.96	26.16	96.0	NaN	26.16	NaN
11/07/2018 10:26:33 AM	3614113593	1013.00	27.57	26.16	99.6	27.64	26.16	98.9	27.98	26.16	95.8	NaN	26.16	NaN
11/07/2018 10:26:34 AM	3614113594	1013.00	27.58	26.17	99.5	27.65	26.17	98.8	27.99	26.17	95.7	NaN	26.17	NaN
11/07/2018 10:26:35 AM	3614113595	1013.00	27.58	26.17	99.5	27.68	26.17	98.5	27.98	26.17	95.8	NaN	26.17	NaN
11/07/2018 10:26:36 AM	3614113596	1013.00	27.57	26.18	99.5	27.63	26.18	99.0	28.04	26.18	95.3	NaN	26.18	NaN
11/07/2018 10:26:37 AM	3614113597	1013.00	27.59	26.17	99.4	27.67	26.17	98.6	28.00	26.17	95.6	NaN	26.17	NaN
11/07/2018 10:26:38 AM	3614113598	1013.00	27.57	26.17	99.6	27.63	26.17	99.0	27.99	26.17	95.7	NaN	26.17	NaN
11/07/2018 10:26:39 AM	3614113599	1013.00	27.57	26.18	99.5	27.66	26.18	98.7	28.02	26.18	95.4	NaN	26.18	NaN
11/07/2018 10:26:40 AM	3614113600	1013.00	27.59	26.17	99.4	27.65	26.17	98.8	28.04	26.17	95.3	NaN	26.17	NaN
11/07/2018 10:26:41 AM	3614113601	1013.00	27.57	26.17	99.6	27.62	26.17	99.1	28.02	26.17	95.5	NaN	26.17	NaN
11/07/2018 10:26:42 AM	3614113602	1013.00	27.58	26.17	99.5	27.74	26.17	98.0	28.02	26.17	95.5	NaN	26.17	NaN
11/07/2018 10:26:43 AM	3614113603	1013.00	27.60	26.17	99.3	27.64	26.17	98.9	28.03	26.17	95.4	NaN	26.17	NaN
11/07/2018 10:26:44 AM	3614113604	1013.00	27.60	26.16	99.3	27.69	26.16	98.5	28.02	26.16	95.5	NaN	26.16	NaN
11/07/2018 10:26:45 AM	3614113605	1013.00	27.59	26.16	99.4	27.71	26.16	98.3	28.04	26.16	95.3	NaN	26.16	NaN
11/07/2018 10:26:46 AM	3614113606	1013.00	27.57	26.17	99.6	27.71	26.17	98.3	28.06	26.17	95.1	NaN	26.17	NaN
11/07/2018 10:26:47 AM	3614113607	1013.00	27.63	26.17	99.0	27.67	26.17	98.6	28.00	26.17	95.6	NaN	26.17	NaN
11/07/2018 10:26:48 AM	3614113608	1013.00	27.59	26.16	99.4	27.71	26.16	98.3	28.07	26.16	95.0	NaN	26.16	NaN
11/07/2018 10:26:49 AM	3614113609	1013.00	27.61	26.16	99.2	27.69	26.16	98.5	28.07	26.16	95.0	NaN	26.16	NaN
11/07/2018 10:26:50 AM	3614113610	1013.00	27.61	26.16	99.2	27.70	26.16	98.4	28.04	26.16	95.3	NaN	26.16	NaN
11/07/2018 10:26:51 AM	3614113611	1013.00	27.60	26.15	99.3	27.68	26.15	98.6	28.05	26.15	95.2	NaN	26.15	NaN
11/07/2018 10:26:52 AM	3614113612	1013.00	27.59	26.15	99.4	27.68	26.15	98.6	28.07	26.15	95.1	NaN	26.15	NaN
11/07/2018 10:26:53 AM	3614113613	1013.00	27.61	26.16	99.2	27.70	26.16	98.4	28.04	26.16	95.3	NaN	26.16	NaN
11/07/2018 10:26:54 AM	3614113614	1013.00	27.63	26.15	99.0	27.71	26.15	98.3	28.09	26.15	94.9	NaN	26.15	NaN
11/07/2018 10:26:55 AM	3614113615	1013.00	27.63	26.16	99.0	27.69	26.16	98.5	28.09	26.16	94.9	NaN	26.16	NaN
11/07/2018 10:26:56 AM	3614113616	1013.00	27.63	26.16	99.0	27.70	26.16	98.4	28.12	26.16	94.6	NaN	26.16	NaN
11/07/2018 10:26:57 AM	3614113617	1013.00	27.62	26.16	99.1	27.70	26.16	98.4	28.06	26.16	95.1	NaN	26.16	NaN
11/07/2018 10:26:58 AM	3614113618	1013.00	27.62	26.16	99.1	27.61	26.16	99.2	28.11	26.16	94.7	NaN	26.16	NaN
11/07/2018 10:26:59 AM	3614113619	1013.00	27.62	26.17	99.1	27.68	26.17	98.5	28.12	26.17	94.6	NaN	26.17	NaN
11/07/2018 10:27:00 AM	3614113620	1013.00	27.62	26.17	99.1	27.72	26.17	98.2	28.09	26.17	94.8	NaN	26.17	NaN
11/07/2018 10:27:01 AM	3614113621	1013.00	27.63	26.17	99.0	27.77	26.17	97.7	28.10	26.17	94.8	NaN	26.17	NaN
11/07/2018 10:27:02 AM	3614113622	1013.00	27.62	26.17	99.1	27.71	26.17	98.3	28.15	26.17	94.3	NaN	26.17	NaN
11/07/2018 10:27:03 AM	3614113623	1013.00	27.62	26.17	99.1	27.69	26.17	98.4	28.17	26.17	94.1	NaN	26.17	NaN
11/07/2018 10:27:04 AM	3614113624	1013.00	27.62	26.16	99.1	27.73	26.16	98.1	28.10	26.16	94.8	NaN	26.16	NaN
11/07/2018 10:27:05 AM	3614113625	1013.00	27.66	26.16	98.7	27.71	26.16	98.3	28.17	26.16	94.2	NaN	26.16	NaN
11/07/2018 10:27:06 AM	3614113626	1013.00	27.63	26.16	99.0	27.74	26.16	98.0	28.15	26.16	94.3	NaN	26.16	NaN
11/07/2018 10:27:07 AM	3614113627	1013.00	27.64	26.16	98.9	27.74	26.16	98.0	28.17	26.16	94.2	NaN	26.16	NaN
11/07/2018 10:27:08 AM	3614113628	1013.00	27.63	26.16	99.0	27.75	26.16	97.9	28.19	26.16	94.0	NaN	26.16	NaN
11/07/2018 10:27:09 AM	3614113629	1013.00	27.64	26.16	98.9	27.71	26.16	98.3	28.17	26.16	94.2	NaN	26.16	NaN
11/07/2018 10:27:10 AM	3614113630	1013.00	27.64	26.15	98.9	27.73	26.15	98.1	28.14	26.15	94.4	NaN	26.15	NaN
11/07/2018 10:27:11 AM	3614113631	1013.00	27.65	26.16	98.8	27.75	26.16	97.9	28.17	26.16	94.2	NaN	26.16	NaN
11/07/2018 10:27:12 AM	3614113632	1013.00	27.64	26.16	98.9	27.74	26.16	98.0	28.16	26.16	94.2	NaN	26.16	NaN
11/07/2018 10:27:13 AM	3614113633	1013.00	27.65	26.16	98.8	27.74	26.16	98.0	28.17	26.16	94.2	NaN	26.16	NaN
11/07/2018 10:27:14 AM	3614113634	1013.00	27.67	26.17	98.6	27.74	26.17	98.0	28.17	26.17	94.1	NaN	26.17	NaN
11/07/2018 10:27:15 AM	3614113635	1013.00	27.66	26.18	98.7	27.74	26.18	98.0	28.21	26.18	93.8	NaN	26.18	NaN
11/07/2018 10:27:16 AM	3614113636	1013.00	27.66	26.17	98.7	27.77	26.17	97.7	28.17	26.17	94.1	NaN	26.17	NaN
11/07/2018 10:27:17 AM	3614113637	1013.00	27.65	26.17	98.8	27.75	26.17	97.9	28.21	26.17	93.8	NaN	26.17	NaN
11/07/2018 10:27:18 AM	3614113638	1013.00	27.67	26.18	98.6	27.74	26.18	98.0	28.19	26.18	94.0	NaN	26.18	NaN
11/07/2018 10:27:19 AM	3614113639	1013.00	27.65	26.17	98.8	27.75	26.17	97.9	28.21	26.17	93.8	NaN	26.17	NaN
11/07/2018 10:27:20 AM	3614113640	1013.00	27.65	26.17	98.8	27.73	26.17	98.1	28.18	26.17	94.1	NaN	26.17	NaN
11/07/2018 10:27:21 AM	3614113641	1013.00	27.66	26.17	98.7	27.78	26.17	97.6	28.19	26.17	94.0	NaN	26.17	NaN
11/07/2018 10:27:22 AM	3614113642	1013.00	27.67	26.17	98.6	27.77	26.17	97.7	28.20	26.17	93.9	NaN	26.17	NaN
11/07/2018 10:27:23 AM	3614113643	1013.00	27.67	26.17	98.6	27.80	26.17	97.4	28.22	26.17	93.7	NaN	26.17	NaN
11/07/2018 10:27:24 AM	3614113644	1013.00	27.67	26.18	98.6	27.76	26.18	97.8	28.20	26.18	93.9	NaN	26.18	NaN
11/07/2018 10:27:25 AM	3614113645	1013.00	27.66	26.18	98.7	27.81	26.18	97.3	28.18	26.18	94.0	NaN	26.18	NaN
11/07/2018 10:27:26 AM	3614113646	1013.00	27.65	26.18	98.8	27.79	26.18	97.5	28.21	26.18	93.8	NaN	26.18	NaN
11/07/2018 10:27:27 AM	3614113647	1013.00	27.67	26.18	98.6	27.77	26.18	97.7	28.22	26.18	93.7	NaN	26.18	NaN
11/07/2018 10:27:28 AM	3614113648	1013.00	27.64	26.18	98.9	27.84	26.18	97.1	28.21	26.18	93.8	NaN	26.18	NaN
11/07/2018 10:27:29 AM	3614113649	1013.00	27.69	26.17	98.4	27.82	26.17	97.3	28.25	26.17	93.4	NaN	26.17	NaN
11/07/2018 10:27:30 AM	3614113650	1013.00	27.68	26.16	98.6	27.79	26.16	97.5	28.25	26.16	93.5	NaN	26.16	NaN
11/07/2018 10:27:31 AM	3614113651	1013.00	27.66	26.16	98.7	27.78	26.16	97.6	28.23	26.16	93.6	NaN	26.16	NaN
11/07/2018 10:27:32 AM	3614113652	1013.00	27.67	26.15	98.7	27.83	26.15	97.2	28.27	26.15	93.3	NaN	26.15	NaN
11/07/2018 10:27:33 AM	3614113653	1013.00	27.68	26.14	98.6	27.83	26.14	97.2	28.24	26.14	93.6	NaN	26.14	NaN
11/07/2018 10:27:34 AM	3614113654	1013.00	27.69	26.15	98.5	27.79	26.15	97.6	28.24	26.15	93.6	NaN	26.15	NaN
11/07/2018 10:27:35 AM	3614113655	1013.00	27.67	26.15	98.7	27.81	26.15	97.4	28.23	26.15	93.7	NaN	26.15	NaN
11/07/2018 10:27:36 AM	3614113656	1013.00	27.69	26.14	98.5	27.80	26.14	97.5	28.31	26.14	93.0	NaN	26.14	NaN
11/07/2018 10:27:37 AM	3614113657	1013.00	27.67	26.15	98.7	27.79	26.15	97.6	28.23	26.15	93.7	NaN	26.15	NaN
11/07/2018 10:27:38 AM	3614113658	1013.00	27.71	26.15	98.3	27.84	26.15	97.1	28.26	26.15	93.4	NaN	26.15	NaN
11/07/2018 10:27:39 AM	3614113659	1013.00	27.70	26.15	98.4	27.79	26.15	97.6	28.27	26.15	93.3	NaN	26.15	NaN
11/07/2018 10:27:40 AM	3614113660	1013.00	27.68	26.15	98.6	27.80	26.15	97.5	28.25	26.15	93.5	NaN	26.15	NaN
11/07/2018 10:27:41 AM	3614113661	1013.00	27.67	26.16	98.6	27.86	26.16	96.9	28.26	26.16	93.4	NaN	26.16	NaN
11/07/2018 10:27:42 AM	3614113662	1013.00	27.70	26.16	98.4	27.81	26.16	97.4	28.25	26.16	93.5	NaN	26.16	NaN
11/07/2018 10:27:43 AM	3614113663	1013.00	27.71	26.15	98.3	27.84	26.15	97.1	28.26	26.15	93.4	NaN	26.15	NaN
11/07/2018 10:27:44 AM	3614113664	1013.00	27.70	26.15	98.4	27.79	26.15	97.6	28.27	26.15	93.3	NaN	26.15	NaN
11/07/2018 10:27:45 AM	3614113665	1013.00	27.73	26.15	98.1	27.83	26.15	97.2	28.24	26.15	93.6	NaN	26.15	NaN
11/07/2018 10:27:46 AM	3614113666	1013.00	27.70	26.15	98.4	27.83	26.15	97.2	28.29	26.15	93.1	NaN	26.15	NaN
11/07/2018 10:27:47 AM	3614113667	1013.00	27.71	26.15	98.3	27.86	26.15	96.9	28.29	26.15	93.1	NaN	26.15	NaN
11/07/2018 10:27:48 AM	3614113668	1013.00	27.70	26.15	98.4	27.82	26.15	97.3	28.27	26.15	93.3	NaN	26.15	NaN
11/07/2018 10:27:49 AM	3614113669	1013.00	27.70	26.15	98.4	27.83	26.15	97.2	28.32	26.15	92.9	NaN	26.15	NaN
11/07/2018 10:27:50 AM	3614113670	1013.00	27.70	26.16	98.4	27.84	26.16	97.1	28.28	26.16	93.2	NaN	26.16	NaN
11/07/2018 10:27:51 AM	3614113671	1013.00	27.69	26.16	98.5	27.85	26.16	97.0	28.31	26.16	92.9	NaN	26.16	NaN
11/07/2018 10:27:52 AM	3614113672	1013.00	27.73	26.16	98.1	27.86	26.16	96.9	28.31	26.16	92.9	NaN	26.16	NaN
11/07/2018 10:27:53 AM	3614113673	1013.00	27.74	26.16	98.0	27.88	26.16	96.7	28.25	26.16	93.5	NaN	26.16	NaN
11/07/2018 10:27:54 AM	3614113674	1013.00	27.69	26.16	98.5	27.83	26.16	97.2	28.25	26.16	93.5	NaN	26.16	NaN
11/07/2018 10:27:55 AM	3614113675	1013.00	27.72	26.16	98.2	27.87	26.16	96.8	28.30	26.16	93.0	NaN	26.16	NaN
11/07/2018 10:27:56 AM	3614113676	1013.00	27.74	26.16	98.0	27.85	26.16	97.0	28.28	26.16	93.2	NaN	26.16	NaN
11/07/2018 10:27:57 AM	3614113677	1013.00	27.74	26.16	98.0	27.87	26.16	96.8	28.30	26.16	93.0	NaN	26.16	NaN
11/07/2018 10:27:58 AM	3614113678	1013.00	27.73	26.16	98.1	27.82	26.16	97.3	28.31	26.16	92.9	NaN	26.16	NaN
11/07/2018 10:27:59 AM	3614113679	1013.00	27.71	26.17	98.3	27.90	26.17	96.5	28.28	26.17	93.2	NaN	26.17	NaN
11/07/2018 10:28:00 AM	3614113680	1013.00	27.72	26.17	98.2	27.87	26.17	96.8	28.32	26.17	92.8	NaN	26.17	NaN
11/07/2018 10:28:01 AM	3614113681	1013.00	27.73	26.16	98.1	27.94	26.16	96.2	28.30	26.16	93.0	NaN	26.16	NaN
11/07/2018 10:28:02 AM	3614113682	1013.00	27.75	26.16	97.9	27.87	26.16	96.8	28.34	26.16	92.7	NaN	26.16	NaN
11/07/2018 10:28:03 AM	3614113683	1013.00	27.75	26.16	97.9	27.87	26.16	96.8	28.33	26.16	92.8	NaN	26.16	NaN
11/07/2018 10:28:04 AM	3614113684	1013.00	27.74	26.16	98.0	27.84	26.16	97.1	28.33	26.16	92.8	NaN	26.16	NaN
11/07/2018 10:28:05 AM	3614113685	1013.00	27.75	26.16	97.9	27.93	26.16	96.3	28.33	26.16	92.8	NaN	26.16	NaN
11/07/2018 10:28:06 AM	3614113686	1013.00	27.75	26.16	97.9	27.93	26.16	96.3	28.33	26.16	92.8	NaN	26.16	NaN
11/07/2018 10:28:07 AM	3614113687	1013.00	27.75	26.17	97.9	27.87	26.17	96.8	28.31	26.17	92.9	NaN	26.17	NaN
11/07/2018 10:28:08 AM	3614113688	1013.00	27.75	26.16	97.9	27.91	26.16	96.5	28.32	26.16	92.9	NaN	26.16	NaN
11/07/2018 10:28:09 AM	3614113689	1013.00	27.76	26.15	97.8	27.93	26.15	96.3	28.36	26.15	92.5	NaN	26.15	NaN
11/07/2018 10:28:10 AM	3614113690	1013.00	27.76	26.15	97.8	27.90	26.15	96.6	28.33	26.15	92.8	NaN	26.15	NaN
11/07/2018 10:28:11 AM	3614113691	1013.00	27.76	26.14	97.9	27.91	26.14	96.5	28.34	26.14	92.7	NaN	26.14	NaN
11/07/2018 10:28:12 AM	3614113692	1013.00	27.74	26.13	98.1	27.92	26.13	96.4	28.36	26.13	92.6	NaN	26.13	NaN
11/07/2018 10:28:13 AM	3614113693	1013.00	27.77	26.14	97.8	27.91	26.14	96.5	28.36	26.14	92.6	NaN	26.14	NaN
11/07/2018 10:28:14 AM	3614113694	1013.00	27.75	26.15	97.9	27.95	26.15	96.1	28.36	26.15	92.5	NaN	26.15	NaN
11/07/2018 10:28:15 AM	3614113695	1013.00	27.78	26.14	97.7	27.89	26.14	96.7	28.36	26.14	92.6	NaN	26.14	NaN
11/07/2018 10:28:16 AM	3614113696	1013.00	27.76	26.15	97.8	27.90	26.15	96.6	28.37	26.15	92.5	NaN	26.15	NaN
11/07/2018 10:28:17 AM	3614113697	1013.00	27.76	26.15	97.8	27.85	26.15	97.0	28.31	26.15	93.0	NaN	26.15	NaN
11/07/2018 10:28:18 AM	3614113698	1013.00	27.79	26.15	97.6	27.94	26.15	96.2	28.35	26.15	92.6	NaN	26.15	NaN
11/07/2018 10:28:19 AM	3614113699	1013.00	27.75	26.15	97.9	27.93	26.15	96.3	28.36	26.15	92.5	NaN	26.15	NaN
11/07/2018 10:28:20 AM	3614113700	1013.00	27.78	26.15	97.7	27.90	26.15	96.6	28.40	26.15	92.2	NaN	26.15	NaN
11/07/2018 10:28:21 AM	3614113701	1013.00	27.79	26.15	97.6	27.91	26.15	96.5	28.43	26.15	91.9	NaN	26.15	NaN
11/07/2018 10:28:22 AM	3614113702	1013.00	27.79	26.15	97.6	27.97	26.15	95.9	28.35	26.15	92.6	NaN	26.15	NaN
11/07/2018 10:28:23 AM	3614113703	1013.00	27.78	26.15	97.7	27.89	26.15	96.7	28.33	26.15	92.8	NaN	26.15	NaN
11/07/2018 10:28:24 AM	3614113704	1013.00	27.79	26.15	97.6	27.92	26.15	96.4	28.35	26.15	92.6	NaN	26.15	NaN
11/07/2018 10:28:25 AM	3614113705	1013.00	27.82	26.16	97.3	27.98	26.16	95.8	28.35	26.16	92.6	NaN	26.16	NaN
11/07/2018 10:28:26 AM	3614113706	1013.00	27.80	26.16	97.5	27.95	26.16	96.1	28.40	26.16	92.2	NaN	26.16	NaN
11/07/2018 10:28:27 AM	3614113707	1013.00	27.77	26.16	97.7	27.93	26.16	96.3	28.45	26.16	91.8	NaN	26.16	NaN
11/07/2018 10:28:28 AM	3614113708	1013.00	27.82	26.15	97.3	27.93	26.15	96.3	28.41	26.15	92.1	NaN	26.15	NaN
11/07/2018 10:28:29 AM	3614113709	1013.00	27.79	26.15	97.6	27.96	26.15	96.0	28.42	26.15	92.0	NaN	26.15	NaN
11/07/2018 10:28:30 AM	3614113710	1013.00	27.80	26.15	97.5	27.97	26.15	95.9	28.38	26.15	92.4	NaN	26.15	NaN
11/07/2018 10:28:31 AM	3614113711	1013.00	27.81	26.15	97.4	27.96	26.15	96.0	28.41	26.15	92.1	NaN	26.15	NaN
11/07/2018 10:28:32 AM	3614113712	1013.00	27.81	26.16	97.4	27.91	26.16	96.5	28.40	26.16	92.2	NaN	26.16	NaN
11/07/2018 10:28:33 AM	3614113713	1013.00	27.79	26.16	97.5	28.03	26.16	95.4	28.42	26.16	92.0	NaN	26.16	NaN
11/07/2018 10:28:34 AM	3614113714	1013.00	27.83	26.15	97.2	27.95	26.15	96.1	28.44	26.15	91.9	NaN	26.15	NaN
11/07/2018 10:28:35 AM	3614113715	1013.00	27.79	26.15	97.6	27.93	26.15	96.3	28.42	26.15	92.0	NaN	26.15	NaN
11/07/2018 10:28:36 AM	3614113716	1013.00	27.84	26.15	97.1	27.97	26.15	95.9	28.43	26.15	91.9	NaN	26.15	NaN
11/07/2018 10:28:37 AM	3614113717	1013.00	27.80	26.15	97.5	28.01	26.15	95.6	28.47	26.15	91.6	NaN	26.15	NaN
11/07/2018 10:28:38 AM	3614113718	1013.00	27.83	26.15	97.2	27.99	26.15	95.8	28.42	26.15	92.0	NaN	26.15	NaN
11/07/2018 10:28:39 AM	3614113719	1013.00	27.84	26.15	97.1	28.01	26.15	95.6	28.43	26.15	91.9	NaN	26.15	NaN
11/07/2018 10:28:40 AM	3614113720	1013.00	27.83	26.15	97.2	27.99	26.15	95.8	28.44	26.15	91.9	NaN	26.15	NaN
11/07/2018 10:28:41 AM	3614113721	1013.00	27.82	26.15	97.3	28.00	26.15	95.7	28.45	26.15	91.8	NaN	26.15	NaN
11/07/2018 10:28:42 AM	3614113722	1013.00	27.82	26.15	97.3	28.02	26.15	95.5	28.47	26.15	91.6	NaN	26.15	NaN
11/07/2018 10:28:43 AM	3614113723	1013.00	27.84	26.15	97.1	28.02	26.15	95.5	28.46	26.15	91.7	NaN	26.15	NaN
11/07/2018 10:28:44 AM	3614113724	1013.00	27.85	26.15	97.0	27.98	26.15	95.8	28.46	26.15	91.7	NaN	26.15	NaN
11/07/2018 10:28:45 AM	3614113725	1013.00	27.82	26.14	97.3	27.96	26.14	96.0	28.45	26.14	91.8	NaN	26.14	NaN
11/07/2018 10:28:46 AM	3614113726	1013.00	27.85	26.15	97.0	27.96	26.15	96.0	28.46	26.15	91.7	NaN	26.15	NaN
11/07/2018 10:28:47 AM	3614113727	1013.00	27.84	26.15	97.1	28.01	26.15	95.6	28.48	26.15	91.5	NaN	26.15	NaN
11/07/2018 10:28:48 AM	3614113728	1013.00	27.81	26.15	97.4	28.01	26.15	95.6	28.48	26.15	91.5	NaN	26.15	NaN
11/07/2018 10:28:49 AM	3614113729	1013.00	27.85	26.15	97.0	27.94	26.15	96.2	28.43	26.15	91.9	NaN	26.15	NaN
11/07/2018 10:28:50 AM	3614113730	1013.00	27.84	26.17	97.1	27.99	26.17	95.7	28.45	26.17	91.7	NaN	26.17	NaN
11/07/2018 10:28:51 AM	3614113731	1013.00	27.86	26.17	96.9	28.03	26.17	95.4	28.48	26.17	91.5	NaN	26.17	NaN
11/07/2018 10:28:52 AM	3614113732	1013.00	27.86	26.16	96.9	28.01	26.16	95.6	28.43	26.16	91.9	NaN	26.16	NaN
11/07/2018 10:28:53 AM	3614113733	1013.00	27.86	26.16	96.9	28.03	26.16	95.4	28.47	26.16	91.6	NaN	26.16	NaN
11/07/2018 10:28:54 AM	3614113734	1013.00	27.86	26.17	96.9	28.04	26.17	95.3	28.51	26.17	91.2	NaN	26.17	NaN
11/07/2018 10:28:55 AM	3614113735	1013.00	27.86	26.16	96.9	28.05	26.16	95.2	28.49	26.16	91.4	NaN	26.16	NaN
11/07/2018 10:28:56 AM	3614113736	1013.00	27.88	26.16	96.7	28.06	26.16	95.1	28.49	26.16	91.4	NaN	26.16	NaN
11/07/2018 10:28:57 AM	3614113737	1013.00	27.85	26.17	97.0	28.07	26.17	95.0	28.51	26.17	91.2	NaN	26.17	NaN
11/07/2018 10:28:58 AM	3614113738	1013.00	27.86	26.16	96.9	28.07	26.16	95.0	28.51	26.16	91.3	NaN	26.16	NaN
11/07/2018 10:28:59 AM	3614113739	1013.00	27.88	26.15	96.7	28.07	26.15	95.1	28.50	26.15	91.4	NaN	26.15	NaN
11/07/2018 10:29:00 AM	3614113740	1013.00	27.88	26.15	96.7	28.09	26.15	94.9	28.50	26.15	91.4	NaN	26.15	NaN
11/07/2018 10:29:01 AM	3614113741	1013.00	27.89	26.15	96.7	28.06	26.15	95.1	28.47	26.15	91.6	NaN	26.15	NaN
11/07/2018 10:29:02 AM	3614113742	1013.00	27.86	26.15	96.9	28.02	26.15	95.5	28.52	26.15	91.2	NaN	26.15	NaN
11/07/2018 10:29:03 AM	3614113743	1013.00	27.86	26.15	96.9	28.09	26.15	94.9	28.52	26.15	91.2	NaN	26.15	NaN
11/07/2018 10:29:04 AM	3614113744	1013.00	27.86	26.15	96.9	28.09	26.15	94.9	28.51	26.15	91.3	NaN	26.15	NaN
11/07/2018 10:29:05 AM	3614113745	1013.00	27.88	26.16	96.7	28.07	26.16	95.0	28.54	26.16	91.0	NaN	26.16	NaN
11/07/2018 10:29:06 AM	3614113746	1013.00	27.89	26.16	96.6	28.06	26.16	95.1	28.51	26.16	91.3	NaN	26.16	NaN
11/07/2018 10:29:07 AM	3614113747	1013.00	27.88	26.16	96.7	28.07	26.16	95.0	28.59	26.16	90.6	NaN	26.16	NaN
11/07/2018 10:29:08 AM	3614113748	1013.00	27.90	26.16	96.5	28.05	26.16	95.2	28.54	26.16	91.0	NaN	26.16	NaN
11/07/2018 10:29:09 AM	3614113749	1013.00	27.89	26.16	96.6	28.05	26.16	95.2	28.55	26.16	90.9	NaN	26.16	NaN
11/07/2018 10:29:10 AM	3614113750	1013.00	27.91	26.16	96.5	28.06	26.16	95.1	28.58	26.16	90.7	NaN	26.16	NaN
11/07/2018 10:29:11 AM	3614113751	1013.00	27.87	26.16	96.8	28.04	26.16	95.3	28.57	26.16	90.7	NaN	26.16	NaN
11/07/2018 10:29:12 AM	3614113752	1013.00	27.91	26.15	96.5	28.08	26.15	95.0	28.58	26.15	90.7	NaN	26.15	NaN
11/07/2018 10:29:13 AM	3614113753	1013.00	27.89	26.16	96.6	28.07	26.16	95.0	28.59	26.16	90.6	NaN	26.16	NaN
11/07/2018 10:29:14 AM	3614113754	1013.00	27.87	26.16	96.8	28.08	26.16	94.9	28.59	26.16	90.6	NaN	26.16	NaN
11/07/2018 10:29:15 AM	3614113755	1013.00	27.90	26.16	96.5	28.09	26.16	94.9	28.59	26.16	90.6	NaN	26.16	NaN
11/07/2018 10:29:16 AM	3614113756	1013.00	27.94	26.16	96.2	28.14	26.16	94.4	28.56	26.16	90.8	NaN	26.16	NaN
11/07/2018 10:29:17 AM	3614113757	1013.00	27.90	26.16	96.5	28.11	26.16	94.7	28.56	26.16	90.8	NaN	26.16	NaN
11/07/2018 10:29:18 AM	3614113758	1013.00	27.92	26.15	96.4	28.08	26.15	95.0	28.59	26.15	90.6	NaN	26.15	NaN
11/07/2018 10:29:19 AM	3614113759	1013.00	27.94	26.15	96.2	28.08	26.15	95.0	28.59	26.15	90.6	NaN	26.15	NaN
11/07/2018 10:29:20 AM	3614113760	1013.00	27.90	26.14	96.6	28.14	26.14	94.5	28.63	26.14	90.3	NaN	26.14	NaN
11/07/2018 10:29:21 AM	3614113761	1013.00	27.91	26.15	96.5	28.12	26.15	94.6	28.60	26.15	90.5	NaN	26.15	NaN
11/07/2018 10:29:22 AM	3614113762	1013.00	27.94	26.15	96.2	28.12	26.15	94.6	28.58	26.15	90.7	NaN	26.15	NaN
11/07/2018 10:29:23 AM	3614113763	1013.00	27.91	26.16	96.5	28.14	26.16	94.4	28.60	26.16	90.5	NaN	26.16	NaN
11/07/2018 10:29:24 AM	3614113764	1013.00	27.92	26.16	96.4	28.15	26.16	94.3	28.60	26.16	90.5	NaN	26.16	NaN
11/07/2018 10:29:25 AM	3614113765	1013.00	27.93	26.17	96.3	28.18	26.17	94.1	28.60	26.17	90.5	NaN	26.17	NaN
11/07/2018 10:29:26 AM	3614113766	1013.00	27.92	26.17	96.4	28.14	26.17	94.4	28.61	26.17	90.4	NaN	26.17	NaN
11/07/2018 10:29:27 AM	3614113767	1013.00	27.94	26.16	96.2	28.19	26.16	94.0	28.61	26.16	90.4	NaN	26.16	NaN
11/07/2018 10:29:28 AM	3614113768	1013.00	27.92	26.16	96.4	28.15	26.16	94.3	28.58	26.16	90.7	NaN	26.16	NaN
11/07/2018 10:29:29 AM	3614113769	1013.00	27.94	26.16	96.2	28.20	26.16	93.9	28.64	26.16	90.2	NaN	26.16	NaN
11/07/2018 10:29:30 AM	3614113770	1013.00	27.94	26.15	96.2	28.12	26.15	94.6	28.63	26.15	90.3	NaN	26.15	NaN
11/07/2018 10:29:31 AM	3614113771	1013.00	27.94	26.16	96.2	28.15	26.16	94.3	28.64	26.16	90.2	NaN	26.16	NaN
11/07/2018 10:29:32 AM	3614113772	1013.00	27.94	26.16	96.2	28.12	26.16	94.6	28.60	26.16	90.5	NaN	26.16	NaN
11/07/2018 10:29:33 AM	3614113773	1013.00	27.94	26.17	96.2	28.18	26.17	94.1	28.64	26.17	90.2	NaN	26.17	NaN
11/07/2018 10:29:34 AM	3614113774	1013.00	27.96	26.16	96.0	28.14	26.16	94.4	28.66	26.16	90.0	NaN	26.16	NaN
11/07/2018 10:29:35 AM	3614113775	1013.00	27.94	26.17	96.2	28.19	26.17	94.0	28.64	26.17	90.2	NaN	26.17	NaN
11/07/2018 10:29:36 AM	3614113776	1013.00	27.93	26.16	96.3	28.16	26.16	94.2	28.62	26.16	90.3	NaN	26.16	NaN
11/07/2018 10:29:37 AM	3614113777	1013.00	27.96	26.16	96.0	28.17	26.16	94.2	28.65	26.16	90.1	NaN	26.16	NaN
11/07/2018 10:29:38 AM	3614113778	1013.00	27.92	26.16	96.4	28.16	26.16	94.2	28.64	26.16	90.2	NaN	26.16	NaN
11/07/2018 10:29:39 AM	3614113779	1013.00	27.97	26.16	95.9	28.17	26.16	94.2	28.67	26.16	89.9	NaN	26.16	NaN
11/07/2018 10:29:40 AM	3614113780	1013.00	27.96	26.15	96.0	28.15	26.15	94.3	28.65	26.15	90.1	NaN	26.15	NaN
11/07/2018 10:29:41 AM	3614113781	1013.00	27.97	26.16	95.9	28.16	26.16	94.2	28.64	26.16	90.2	NaN	26.16	NaN
11/07/2018 10:29:42 AM	3614113782	1013.00	27.98	26.16	95.8	28.21	26.16	93.8	28.65	26.16	90.1	NaN	26.16	NaN
11/07/2018 10:29:43 AM	3614113783	1013.00	27.99	26.16	95.7	28.22	26.16	93.7	28.64	26.16	90.2	NaN	26.16	NaN
11/07/2018 10:29:44 AM	3614113784	1013.00	27.98	26.15	95.8	28.17	26.15	94.2	28.65	26.15	90.1	NaN	26.15	NaN
11/07/2018 10:29:45 AM	3614113785	1013.00	27.96	26.16	96.0	28.17	26.16	94.2	28.64	26.16	90.2	NaN	26.16	NaN
11/07/2018 10:29:46 AM	3614113786	1013.00	27.97	26.16	95.9	28.22	26.16	93.7	28.70	26.16	89.7	NaN	26.16	NaN
11/07/2018 10:29:47 AM	3614113787	1013.00	27.98	26.15	95.8	28.21	26.15	93.8	28.67	26.15	89.9	NaN	26.15	NaN
11/07/2018 10:29:48 AM	3614113788	1013.00	27.98	26.15	95.8	28.24	26.15	93.6	28.67	26.15	89.9	NaN	26.15	NaN
11/07/2018 10:29:49 AM	3614113789	1013.00	27.98	26.16	95.8	28.18	26.16	94.1	28.67	26.16	89.9	NaN	26.16	NaN
11/07/2018 10:29:50 AM	3614113790	1013.00	28.00	26.16	95.7	28.23	26.16	93.6	28.66	26.16	90.0	NaN	26.16	NaN
11/07/2018 10:29:51 AM	3614113791	1013.00	28.00	26.16	95.7	28.25	26.16	93.5	28.68	26.16	89.8	NaN	26.16	NaN
11/07/2018 10:29:52 AM	3614113792	1013.00	28.02	26.16	95.5	28.23	26.16	93.6	28.68	26.16	89.8	NaN	26.16	NaN
11/07/2018 10:29:53 AM	3614113793	1013.00	28.01	26.16	95.6	28.20	26.16	93.9	28.68	26.16	89.8	NaN	26.16	NaN
11/07/2018 10:29:54 AM	3614113794	1013.00	27.98	26.15	95.8	28.24	26.15	93.6	28.67	26.15	89.9	NaN	26.15	NaN
11/07/2018 10:29:55 AM	3614113795	1013.00	28.00	26.16	95.7	28.23	26.16	93.6	28.66	26.16	90.0	NaN	26.16	NaN
11/07/2018 10:29:56 AM	3614113796	1013.00	28.00	26.16	95.7	28.21	26.16	93.8	28.71	26.16	89.6	NaN	26.16	NaN
11/07/2018 10:29:57 AM	3614113797	1013.00	28.02	26.16	95.5	28.29	26.16	93.1	28.68	26.16	89.8	NaN	26.16	NaN
11/07/2018 10:29:58 AM	3614113798	1013.00	27.99	26.16	95.7	28.24	26.16	93.6	28.70	26.16	89.7	NaN	26.16	NaN
11/07/2018 10:29:59 AM	3614113799	1013.00	27.99	26.17	95.7	28.21	26.17	93.8	28.68	26.17	89.8	NaN	26.17	NaN
11/07/2018 10:30:00 AM	3614113800	1013.00	28.01	26.17	95.5	28.26	26.17	93.4	28.66	26.17	90.0	NaN	26.17	NaN
11/07/2018 10:30:01 AM	3614113801	1013.00	28.02	26.16	95.5	28.23	26.16	93.6	28.66	26.16	90.0	NaN	26.16	NaN
11/07/2018 10:30:02 AM	3614113802	1013.00	28.01	26.16	95.6	28.25	26.16	93.5	28.71	26.16	89.6	NaN	26.16	NaN
11/07/2018 10:30:03 AM	3614113803	1013.00	28.03	26.16	95.4	28.26	26.16	93.4	28.72	26.16	89.5	NaN	26.16	NaN
11/07/2018 10:30:04 AM	3614113804	1013.00	28.02	26.16	95.5	28.29	26.16	93.1	28.68	26.16	89.8	NaN	26.16	NaN
11/07/2018 10:30:05 AM	3614113805	1013.00	28.03	26.16	95.4	28.26	26.16	93.4	28.71	26.16	89.6	NaN	26.16	NaN
11/07/2018 10:30:06 AM	3614113806	1013.00	28.01	26.16	95.6	28.31	26.16	92.9	28.69	26.16	89.8	NaN	26.16	NaN
11/07/2018 10:30:07 AM	3614113807	1013.00	28.02	26.16	95.5	28.25	26.16	93.5	28.70	26.16	89.7	NaN	26.16	NaN
11/07/2018 10:30:08 AM	3614113808	1013.00	28.04	26.16	95.3	28.30	26.16	93.0	28.70	26.16	89.7	NaN	26.16	NaN
11/07/2018 10:30:09 AM	3614113809	1013.00	28.03	26.16	95.4	28.28	26.16	93.2	28.69	26.16	89.8	NaN	26.16	NaN
11/07/2018 10:30:10 AM	3614113810	1013.00	28.05	26.16	95.2	28.30	26.16	93.0	28.71	26.16	89.6	NaN	26.16	NaN
11/07/2018 10:30:11 AM	3614113811	1013.00	28.04	26.16	95.3	28.34	26.16	92.7	28.74	26.16	89.3	NaN	26.16	NaN
11/07/2018 10:30:12 AM	3614113812	1013.00	28.04	26.15	95.3	28.25	26.15	93.5	28.71	26.15	89.6	NaN	26.15	NaN
11/07/2018 10:30:13 AM	3614113813	1013.00	28.05	26.15	95.2	28.31	26.15	93.0	28.73	26.15	89.4	NaN	26.15	NaN
11/07/2018 10:30:14 AM	3614113814	1013.00	28.03	26.15	95.4	28.32	26.15	92.9	28.76	26.15	89.2	NaN	26.15	NaN
11/07/2018 10:30:15 AM	3614113815	1013.00	28.07	26.15	95.1	28.28	26.15	93.2	28.72	26.15	89.5	NaN	26.15	NaN
11/07/2018 10:30:16 AM	3614113816	1013.00	28.06	26.15	95.1	28.27	26.15	93.3	28.77	26.15	89.1	NaN	26.15	NaN
11/07/2018 10:30:17 AM	3614113817	1013.00	28.07	26.16	95.0	28.31	26.16	92.9	28.77	26.16	89.1	NaN	26.16	NaN
11/07/2018 10:30:18 AM	3614113818	1013.00	28.05	26.16	95.2	28.31	26.16	92.9	28.77	26.16	89.1	NaN	26.16	NaN
11/07/2018 10:30:19 AM	3614113819	1013.00	28.07	26.16	95.0	28.29	26.16	93.1	28.73	26.16	89.4	NaN	26.16	NaN
11/07/2018 10:30:20 AM	3614113820	1013.00	28.05	26.16	95.2	28.30	26.16	93.0	28.78	26.16	89.0	NaN	26.16	NaN
11/07/2018 10:30:21 AM	3614113821	1013.00	28.07	26.16	95.0	28.34	26.16	92.7	28.79	26.16	88.9	NaN	26.16	NaN
11/07/2018 10:30:22 AM	3614113822	1013.00	28.06	26.16	95.1	28.33	26.16	92.8	28.75	26.16	89.3	NaN	26.16	NaN
11/07/2018 10:30:23 AM	3614113823	1013.00	28.04	26.16	95.3	28.34	26.16	92.7	28.79	26.16	88.9	NaN	26.16	NaN
11/07/2018 10:30:24 AM	3614113824	1013.00	28.06	26.16	95.1	28.33	26.16	92.8	28.79	26.16	88.9	NaN	26.16	NaN
11/07/2018 10:30:25 AM	3614113825	1013.00	28.05	26.16	95.2	28.37	26.16	92.4	28.83	26.16	88.6	NaN	26.16	NaN
11/07/2018 10:30:26 AM	3614113826	1013.00	28.06	26.16	95.1	28.34	26.16	92.7	28.74	26.16	89.3	NaN	26.16	NaN
11/07/2018 10:30:27 AM	3614113827	1013.00	28.08	26.15	95.0	28.37	26.15	92.5	28.77	26.15	89.1	NaN	26.15	NaN
11/07/2018 10:30:28 AM	3614113828	1013.00	28.08	26.16	94.9	28.36	26.16	92.5	28.78	26.16	89.0	NaN	26.16	NaN
11/07/2018 10:30:29 AM	3614113829	1013.00	28.07	26.16	95.0	28.36	26.16	92.5	28.79	26.16	88.9	NaN	26.16	NaN
11/07/2018 10:30:30 AM	3614113830	1013.00	28.08	26.16	94.9	28.34	26.16	92.7	28.77	26.16	89.1	NaN	26.16	NaN
11/07/2018 10:30:31 AM	3614113831	1013.00	28.09	26.16	94.9	28.36	26.16	92.5	28.81	26.16	88.8	NaN	26.16	NaN
11/07/2018 10:30:32 AM	3614113832	1013.00	28.08	26.16	94.9	28.29	26.16	93.1	28.82	26.16	88.7	NaN	26.16	NaN
11/07/2018 10:30:33 AM	3614113833	1013.00	28.11	26.16	94.7	28.34	26.16	92.7	28.84	26.16	88.5	NaN	26.16	NaN
11/07/2018 10:30:34 AM	3614113834	1013.00	28.11	26.15	94.7	28.36	26.15	92.5	28.77	26.15	89.1	NaN	26.15	NaN
11/07/2018 10:30:35 AM	3614113835	1013.00	28.10	26.15	94.8	28.35	26.15	92.6	28.82	26.15	88.7	NaN	26.15	NaN
11/07/2018 10:30:36 AM	3614113836	1013.00	28.11	26.15	94.7	28.40	26.15	92.2	28.78	26.15	89.0	NaN	26.15	NaN
11/07/2018 10:30:37 AM	3614113837	1013.00	28.13	26.15	94.5	28.40	26.15	92.2	28.83	26.15	88.6	NaN	26.15	NaN
11/07/2018 10:30:38 AM	3614113838	1013.00	28.12	26.15	94.6	28.36	26.15	92.5	28.86	26.15	88.4	NaN	26.15	NaN
11/07/2018 10:30:39 AM	3614113839	1013.00	28.13	26.16	94.5	28.32	26.16	92.9	28.84	26.16	88.5	NaN	26.16	NaN
11/07/2018 10:30:40 AM	3614113840	1013.00	28.15	26.16	94.3	28.36	26.16	92.5	28.84	26.16	88.5	NaN	26.16	NaN
11/07/2018 10:30:41 AM	3614113841	1013.00	28.15	26.15	94.3	28.39	26.15	92.3	28.84	26.15	88.5	NaN	26.15	NaN
11/07/2018 10:30:42 AM	3614113842	1013.00	28.13	26.16	94.5	28.39	26.16	92.3	28.86	26.16	88.4	NaN	26.16	NaN
11/07/2018 10:30:43 AM	3614113843	1013.00	28.12	26.16	94.6	28.39	26.16	92.3	28.87	26.16	88.3	NaN	26.16	NaN
11/07/2018 10:30:44 AM	3614113844	1013.00	28.13	26.16	94.5	28.37	26.16	92.4	28.86	26.16	88.4	NaN	26.16	NaN
11/07/2018 10:30:45 AM	3614113845	1013.00	28.15	26.15	94.3	28.42	26.15	92.0	28.89	26.15	88.1	NaN	26.15	NaN
11/07/2018 10:30:46 AM	3614113846	1013.00	28.16	26.15	94.3	28.38	26.15	92.4	28.88	26.15	88.2	NaN	26.15	NaN
11/07/2018 10:30:47 AM	3614113847	1013.00	28.14	26.15	94.4	28.35	26.15	92.6	28.89	26.15	88.1	NaN	26.15	NaN
11/07/2018 10:30:48 AM	3614113848	1013.00	28.14	26.15	94.4	28.39	26.15	92.3	28.87	26.15	88.3	NaN	26.15	NaN
11/07/2018 10:30:49 AM	3614113849	1013.00	28.15	26.15	94.3	28.36	26.15	92.5	28.87	26.15	88.3	NaN	26.15	NaN
11/07/2018 10:30:50 AM	3614113850	1013.00	28.16	26.14	94.3	28.42	26.14	92.0	28.87	26.14	88.3	NaN	26.14	NaN
11/07/2018 10:30:51 AM	3614113851	1013.00	28.18	26.14	94.1	28.37	26.14	92.5	28.86	26.14	88.4	NaN	26.14	NaN
11/07/2018 10:30:52 AM	3614113852	1013.00	28.17	26.14	94.2	28.44	26.14	91.9	28.92	26.14	87.9	NaN	26.14	NaN
11/07/2018 10:30:53 AM	3614113853	1013.00	28.18	26.14	94.1	28.44	26.14	91.9	28.89	26.14	88.2	NaN	26.14	NaN
11/07/2018 10:30:54 AM	3614113854	1013.00	28.19	26.14	94.0	28.40	26.14	92.2	28.88	26.14	88.2	NaN	26.14	NaN
11/07/2018 10:30:55 AM	3614113855	1013.00	28.19	26.15	94.0	28.42	26.15	92.0	28.92	26.15	87.9	NaN	26.15	NaN
11/07/2018 10:30:56 AM	3614113856	1013.00	28.20	26.15	93.9	28.45	26.15	91.8	28.93	26.15	87.8	NaN	26.15	NaN
11/07/2018 10:30:57 AM	3614113857	1013.00	28.17	26.16	94.2	28.38	26.16	92.3	28.94	26.16	87.7	NaN	26.16	NaN
11/07/2018 10:30:58 AM	3614113858	1013.00	28.16	26.15	94.3	28.44	26.15	91.9	28.93	26.15	87.8	NaN	26.15	NaN
11/07/2018 10:30:59 AM	3614113859	1013.00	28.19	26.15	94.0	28.46	26.15	91.7	28.94	26.15	87.7	NaN	26.15	NaN
11/07/2018 10:31:00 AM	3614113860	1013.00	28.18	26.15	94.1	28.43	26.15	91.9	28.98	26.15	87.4	NaN	26.15	NaN
11/07/2018 10:31:01 AM	3614113861	1013.00	28.18	26.16	94.1	28.39	26.16	92.3	28.98	26.16	87.4	NaN	26.16	NaN
11/07/2018 10:31:02 AM	3614113862	1013.00	28.20	26.16	93.9	28.41	26.16	92.1	28.91	26.16	88.0	NaN	26.16	NaN
11/07/2018 10:31:03 AM	3614113863	1013.00	28.21	26.16	93.8	28.41	26.16	92.1	28.95	26.16	87.6	NaN	26.16	NaN
11/07/2018 10:31:04 AM	3614113864	1013.00	28.20	26.17	93.9	28.44	26.17	91.8	28.99	26.17	87.3	NaN	26.17	NaN
11/07/2018 10:31:05 AM	3614113865	1013.00	28.20	26.16	93.9	28.40	26.16	92.2	28.98	26.16	87.4	NaN	26.16	NaN
11/07/2018 10:31:06 AM	3614113866	1013.00	28.22	26.16	93.7	28.42	26.16	92.0	28.97	26.16	87.5	NaN	26.16	NaN
11/07/2018 10:31:07 AM	3614113867	1013.00	28.20	26.15	93.9	28.41	26.15	92.1	29.00	26.15	87.3	NaN	26.15	NaN
11/07/2018 10:31:08 AM	3614113868	1013.00	28.20	26.15	93.9	28.44	26.15	91.9	28.99	26.15	87.3	NaN	26.15	NaN
11/07/2018 10:31:09 AM	3614113869	1013.00	28.22	26.16	93.7	28.42	26.16	92.0	29.01	26.16	87.2	NaN	26.16	NaN
11/07/2018 10:31:10 AM	3614113870	1013.00	28.21	26.17	93.8	28.47	26.17	91.6	29.02	26.17	87.1	NaN	26.17	NaN
11/07/2018 10:31:11 AM	3614113871	1013.00	28.23	26.16	93.6	28.46	26.16	91.7	29.02	26.16	87.1	NaN	26.16	NaN
11/07/2018 10:31:12 AM	3614113872	1013.00	28.23	26.16	93.6	28.47	26.16	91.6	29.02	26.16	87.1	NaN	26.16	NaN
11/07/2018 10:31:13 AM	3614113873	1013.00	28.22	26.15	93.7	28.43	26.15	91.9	29.03	26.15	87.0	NaN	26.15	NaN
11/07/2018 10:31:14 AM	3614113874	1013.00	28.25	26.14	93.5	28.50	26.14	91.4	29.05	26.14	86.9	NaN	26.14	NaN
11/07/2018 10:31:15 AM	3614113875	1013.00	28.23	26.14	93.7	28.47	26.14	91.6	29.02	26.14	87.1	NaN	26.14	NaN
11/07/2018 10:31:16 AM	3614113876	1013.00	28.23	26.14	93.7	28.49	26.14	91.5	29.05	26.14	86.9	NaN	26.14	NaN
11/07/2018 10:31:17 AM	3614113877	1013.00	28.21	26.14	93.8	28.44	26.14	91.9	29.03	26.14	87.0	NaN	26.14	NaN
11/07/2018 10:31:18 AM	3614113878	1013.00	28.26	26.14	93.4	28.46	26.14	91.7	29.04	26.14	87.0	NaN	26.14	NaN
11/07/2018 10:31:19 AM	3614113879	1013.00	28.24	26.15	93.6	28.46	26.15	91.7	29.04	26.15	86.9	NaN	26.15	NaN
11/07/2018 10:31:20 AM	3614113880	1013.00	28.24	26.15	93.6	28.48	26.15	91.5	29.03	26.15	87.0	NaN	26.15	NaN
11/07/2018 10:31:21 AM	3614113881	1013.00	28.24	26.15	93.6	28.45	26.15	91.8	29.05	26.15	86.9	NaN	26.15	NaN
11/07/2018 10:31:22 AM	3614113882	1013.00	28.25	26.16	93.5	28.48	26.16	91.5	29.08	26.16	86.6	NaN	26.16	NaN
11/07/2018 10:31:23 AM	3614113883	1013.00	28.26	26.16	93.4	28.49	26.16	91.4	29.02	26.16	87.1	NaN	26.16	NaN
11/07/2018 10:31:24 AM	3614113884	1013.00	28.25	26.16	93.5	28.49	26.16	91.4	29.11	26.16	86.4	NaN	26.16	NaN
11/07/2018 10:31:25 AM	3614113885	1013.00	28.25	26.15	93.5	28.46	26.15	91.7	29.06	26.15	86.8	NaN	26.15	NaN
11/07/2018 10:31:26 AM	3614113886	1013.00	28.26	26.15	93.4	28.48	26.15	91.5	29.10	26.15	86.5	NaN	26.15	NaN
11/07/2018 10:31:27 AM	3614113887	1013.00	28.27	26.14	93.3	28.48	26.14	91.5	29.10	26.14	86.5	NaN	26.14	NaN
11/07/2018 10:31:28 AM	3614113888	1013.00	28.26	26.15	93.4	28.53	26.15	91.1	29.15	26.15	86.1	NaN	26.15	NaN
11/07/2018 10:31:29 AM	3614113889	1013.00	28.28	26.14	93.2	28.49	26.14	91.5	29.09	26.14	86.6	NaN	26.14	NaN
11/07/2018 10:31:30 AM	3614113890	1013.00	28.27	26.15	93.3	28.53	26.15	91.1	29.14	26.15	86.2	NaN	26.15	NaN
11/07/2018 10:31:31 AM	3614113891	1013.00	28.31	26.15	93.0	28.50	26.15	91.4	29.15	26.15	86.1	NaN	26.15	NaN
11/07/2018 10:31:32 AM	3614113892	1013.00	28.30	26.15	93.0	28.51	26.15	91.3	29.10	26.15	86.5	NaN	26.15	NaN
11/07/2018 10:31:33 AM	3614113893	1013.00	28.27	26.15	93.3	28.51	26.15	91.3	29.12	26.15	86.3	NaN	26.15	NaN
11/07/2018 10:31:34 AM	3614113894	1013.00	28.28	26.16	93.2	28.51	26.16	91.3	29.13	26.16	86.2	NaN	26.16	NaN
11/07/2018 10:31:35 AM	3614113895	1013.00	28.29	26.16	93.1	28.49	26.16	91.4	29.16	26.16	86.0	NaN	26.16	NaN
11/07/2018 10:31:36 AM	3614113896	1013.00	28.30	26.16	93.0	28.51	26.16	91.3	29.16	26.16	86.0	NaN	26.16	NaN
11/07/2018 10:31:37 AM	3614113897	1013.00	28.29	26.16	93.1	28.53	26.16	91.1	29.13	26.16	86.2	NaN	26.16	NaN
11/07/2018 10:31:38 AM	3614113898	1013.00	28.31	26.16	92.9	28.54	26.16	91.0	29.12	26.16	86.3	NaN	26.16	NaN
11/07/2018 10:31:39 AM	3614113899	1013.00	28.29	26.16	93.1	28.53	26.16	91.1	29.17	26.16	85.9	NaN	26.16	NaN
11/07/2018 10:31:40 AM	3614113900	1013.00	28.35	26.15	92.6	28.56	26.15	90.8	29.16	26.15	86.0	NaN	26.15	NaN
11/07/2018 10:31:41 AM	3614113901	1013.00	28.31	26.15	93.0	28.53	26.15	91.1	29.18	26.15	85.8	NaN	26.15	NaN
11/07/2018 10:31:42 AM	3614113902	1013.00	28.29	26.15	93.1	28.58	26.15	90.7	29.18	26.15	85.8	NaN	26.15	NaN
11/07/2018 10:31:43 AM	3614113903	1013.00	28.30	26.14	93.1	28.54	26.14	91.0	29.19	26.14	85.8	NaN	26.14	NaN
11/07/2018 10:31:44 AM	3614113904	1013.00	28.31	26.15	93.0	28.57	26.15	90.8	29.19	26.15	85.8	NaN	26.15	NaN
11/07/2018 10:31:45 AM	3614113905	1013.00	28.34	26.15	92.7	28.52	26.15	91.2	29.21	26.15	85.6	NaN	26.15	NaN
11/07/2018 10:31:46 AM	3614113906	1013.00	28.31	26.15	93.0	28.56	26.15	90.8	29.18	26.15	85.8	NaN	26.15	NaN
11/07/2018 10:31:47 AM	3614113907	1013.00	28.31	26.15	93.0	28.58	26.15	90.7	29.17	26.15	85.9	NaN	26.15	NaN
11/07/2018 10:31:48 AM	3614113908	1013.00	28.33	26.15	92.8	28.51	26.15	91.3	29.19	26.15	85.8	NaN	26.15	NaN
11/07/2018 10:31:49 AM	3614113909	1013.00	28.32	26.16	92.9	28.57	26.16	90.7	29.15	26.16	86.1	NaN	26.16	NaN
11/07/2018 10:31:50 AM	3614113910	1013.00	28.32	26.16	92.9	28.55	26.16	90.9	29.19	26.16	85.8	NaN	26.16	NaN
11/07/2018 10:31:51 AM	3614113911	1013.00	28.35	26.15	92.6	28.55	26.15	90.9	29.18	26.15	85.8	NaN	26.15	NaN
11/07/2018 10:31:52 AM	3614113912	1013.00	28.34	26.16	92.7	28.57	26.16	90.7	29.19	26.16	85.8	NaN	26.16	NaN
11/07/2018 10:31:53 AM	3614113913	1013.00	28.34	26.16	92.7	28.56	26.16	90.8	29.24	26.16	85.4	NaN	26.16	NaN
11/07/2018 10:31:54 AM	3614113914	1013.00	28.36	26.16	92.5	28.58	26.16	90.7	29.24	26.16	85.4	NaN	26.16	NaN
11/07/2018 10:31:55 AM	3614113915	1013.00	28.37	26.16	92.4	28.62	26.16	90.3	29.22	26.16	85.5	NaN	26.16	NaN
11/07/2018 10:31:56 AM	3614113916	1013.00	28.35	26.16	92.6	28.53	26.16	91.1	29.20	26.16	85.7	NaN	26.16	NaN
11/07/2018 10:31:57 AM	3614113917	1013.00	28.36	26.16	92.5	28.56	26.16	90.8	29.23	26.16	85.4	NaN	26.16	NaN
11/07/2018 10:31:58 AM	3614113918	1013.00	28.35	26.16	92.6	28.57	26.16	90.7	29.20	26.16	85.7	NaN	26.16	NaN
11/07/2018 10:31:59 AM	3614113919	1013.00	28.37	26.16	92.4	28.56	26.16	90.8	29.23	26.16	85.4	NaN	26.16	NaN
11/07/2018 10:32:00 AM	3614113920	1013.00	28.37	26.16	92.4	28.58	26.16	90.7	29.22	26.16	85.5	NaN	26.16	NaN
11/07/2018 10:32:01 AM	3614113921	1013.00	28.37	26.16	92.4	28.52	26.16	91.2	29.21	26.16	85.6	NaN	26.16	NaN
11/07/2018 10:32:02 AM	3614113922	1013.00	28.37	26.16	92.4	28.62	26.16	90.3	29.23	26.16	85.4	NaN	26.16	NaN
11/07/2018 10:32:03 AM	3614113923	1013.00	28.38	26.16	92.3	28.61	26.16	90.4	29.21	26.16	85.6	NaN	26.16	NaN
11/07/2018 10:32:04 AM	3614113924	1013.00	28.38	26.15	92.4	28.60	26.15	90.5	29.24	26.15	85.4	NaN	26.15	NaN
11/07/2018 10:32:05 AM	3614113925	1013.00	28.38	26.15	92.4	28.57	26.15	90.8	29.20	26.15	85.7	NaN	26.15	NaN
11/07/2018 10:32:06 AM	3614113926	1013.00	28.38	26.14	92.4	28.65	26.14	90.1	29.25	26.14	85.3	NaN	26.14	NaN
11/07/2018 10:32:07 AM	3614113927	1013.00	28.39	26.15	92.3	28.62	26.15	90.3	29.21	26.15	85.6	NaN	26.15	NaN
11/07/2018 10:32:08 AM	3614113928	1013.00	28.38	26.14	92.4	28.57	26.14	90.8	29.21	26.14	85.6	NaN	26.14	NaN
11/07/2018 10:32:09 AM	3614113929	1013.00	28.39	26.15	92.3	28.59	26.15	90.6	29.24	26.15	85.4	NaN	26.15	NaN
11/07/2018 10:32:10 AM	3614113930	1013.00	28.39	26.15	92.3	28.58	26.15	90.7	29.21	26.15	85.6	NaN	26.15	NaN
11/07/2018 10:32:11 AM	3614113931	1013.00	28.40	26.15	92.2	28.62	26.15	90.3	29.23	26.15	85.5	NaN	26.15	NaN
11/07/2018 10:32:12 AM	3614113932	1013.00	28.41	26.15	92.1	28.61	26.15	90.4	29.27	26.15	85.1	NaN	26.15	NaN
11/07/2018 10:32:13 AM	3614113933	1013.00	28.42	26.15	92.0	28.59	26.15	90.6	29.25	26.15	85.3	NaN	26.15	NaN
11/07/2018 10:32:14 AM	3614113934	1013.00	28.42	26.15	92.0	28.63	26.15	90.3	29.22	26.15	85.5	NaN	26.15	NaN
11/07/2018 10:32:15 AM	3614113935	1013.00	28.42	26.16	92.0	28.59	26.16	90.6	29.23	26.16	85.4	NaN	26.16	NaN
11/07/2018 10:32:16 AM	3614113936	1013.00	28.45	26.16	91.8	28.63	26.16	90.3	29.22	26.16	85.5	NaN	26.16	NaN
11/07/2018 10:32:17 AM	3614113937	1013.00	28.42	26.15	92.0	28.61	26.15	90.4	29.24	26.15	85.4	NaN	26.15	NaN
11/07/2018 10:32:18 AM	3614113938	1013.00	28.43	26.15	91.9	28.64	26.15	90.2	29.27	26.15	85.1	NaN	26.15	NaN
11/07/2018 10:32:19 AM	3614113939	1013.00	28.44	26.14	91.9	28.65	26.14	90.1	29.27	26.14	85.2	NaN	26.14	NaN
11/07/2018 10:32:20 AM	3614113940	1013.00	28.42	26.14	92.0	28.64	26.14	90.2	29.26	26.14	85.2	NaN	26.14	NaN
11/07/2018 10:32:21 AM	3614113941	1013.00	28.43	26.15	91.9	28.68	26.15	89.9	29.26	26.15	85.2	NaN	26.15	NaN
11/07/2018 10:32:22 AM	3614113942	1013.00	28.43	26.15	91.9	28.65	26.15	90.1	29.22	26.15	85.5	NaN	26.15	NaN
11/07/2018 10:32:23 AM	3614113943	1013.00	28.42	26.15	92.0	28.66	26.15	90.0	29.24	26.15	85.4	NaN	26.15	NaN
11/07/2018 10:32:24 AM	3614113944	1013.00	28.43	26.16	91.9	28.63	26.16	90.3	29.26	26.16	85.2	NaN	26.16	NaN
11/07/2018 10:32:25 AM	3614113945	1013.00	28.44	26.16	91.8	28.65	26.16	90.1	29.25	26.16	85.3	NaN	26.16	NaN
11/07/2018 10:32:26 AM	3614113946	1013.00	28.42	26.16	92.0	28.63	26.16	90.3	29.31	26.16	84.8	NaN	26.16	NaN
11/07/2018 10:32:27 AM	3614113947	1013.00	28.45	26.16	91.8	28.65	26.16	90.1	29.28	26.16	85.1	NaN	26.16	NaN
11/07/2018 10:32:28 AM	3614113948	1013.00	28.46	26.16	91.7	28.66	26.16	90.0	29.22	26.16	85.5	NaN	26.16	NaN
11/07/2018 10:32:29 AM	3614113949	1013.00	28.45	26.16	91.8	28.60	26.16	90.5	29.27	26.16	85.1	NaN	26.16	NaN
11/07/2018 10:32:30 AM	3614113950	1013.00	28.43	26.16	91.9	28.70	26.16	89.7	29.29	26.16	85.0	NaN	26.16	NaN
11/07/2018 10:32:31 AM	3614113951	1013.00	28.47	26.16	91.6	28.70	26.16	89.7	29.23	26.16	85.4	NaN	26.16	NaN
11/07/2018 10:32:32 AM	3614113952	1013.00	28.43	26.16	91.9	28.68	26.16	89.8	29.28	26.16	85.1	NaN	26.16	NaN
11/07/2018 10:32:33 AM	3614113953	1013.00	28.45	26.15	91.8	28.70	26.15	89.7	29.28	26.15	85.1	NaN	26.15	NaN
11/07/2018 10:32:34 AM	3614113954	1013.00	28.49	26.15	91.4	28.68	26.15	89.9	29.25	26.15	85.3	NaN	26.15	NaN
11/07/2018 10:32:35 AM	3614113955	1013.00	28.45	26.15	91.8	28.70	26.15	89.7	29.29	26.15	85.0	NaN	26.15	NaN
11/07/2018 10:32:36 AM	3614113956	1013.00	28.46	26.14	91.7	28.66	26.14	90.0	29.34	26.14	84.6	NaN	26.14	NaN
11/07/2018 10:32:37 AM	3614113957	1013.00	28.47	26.15	91.6	28.66	26.15	90.0	29.31	26.15	84.8	NaN	26.15	NaN
11/07/2018 10:32:38 AM	3614113958	1013.00	28.47	26.15	91.6	28.69	26.15	89.8	29.24	26.15	85.4	NaN	26.15	NaN
11/07/2018 10:32:39 AM	3614113959	1013.00	28.49	26.14	91.5	28.68	26.14	89.9	29.29	26.14	85.0	NaN	26.14	NaN
11/07/2018 10:32:40 AM	3614113960	1013.00	28.48	26.15	91.5	28.69	26.15	89.8	29.27	26.15	85.1	NaN	26.15	NaN
11/07/2018 10:32:41 AM	3614113961	1013.00	28.52	26.15	91.2	28.67	26.15	89.9	29.28	26.15	85.1	NaN	26.15	NaN
11/07/2018 10:32:42 AM	3614113962	1013.00	28.49	26.14	91.5	28.73	26.14	89.5	29.31	26.14	84.9	NaN	26.14	NaN
11/07/2018 10:32:43 AM	3614113963	1013.00	28.49	26.15	91.4	28.70	26.15	89.7	29.29	26.15	85.0	NaN	26.15	NaN
11/07/2018 10:32:44 AM	3614113964	1013.00	28.50	26.15	91.4	28.70	26.15	89.7	29.28	26.15	85.1	NaN	26.15	NaN
11/07/2018 10:32:45 AM	3614113965	1013.00	28.50	26.15	91.4	28.70	26.15	89.7	29.30	26.15	84.9	NaN	26.15	NaN
11/07/2018 10:32:46 AM	3614113966	1013.00	28.49	26.16	91.4	28.73	26.16	89.4	29.34	26.16	84.6	NaN	26.16	NaN
11/07/2018 10:32:47 AM	3614113967	1013.00	28.52	26.15	91.2	28.73	26.15	89.4	29.30	26.15	84.9	NaN	26.15	NaN
11/07/2018 10:32:48 AM	3614113968	1013.00	28.50	26.15	91.4	28.71	26.15	89.6	29.36	26.15	84.5	NaN	26.15	NaN
11/07/2018 10:32:49 AM	3614113969	1013.00	28.50	26.15	91.4	28.75	26.15	89.3	29.33	26.15	84.7	NaN	26.15	NaN
11/07/2018 10:32:50 AM	3614113970	1013.00	28.52	26.14	91.2	28.72	26.14	89.5	29.34	26.14	84.6	NaN	26.14	NaN
11/07/2018 10:32:51 AM	3614113971	1013.00	28.52	26.14	91.2	28.74	26.14	89.4	29.35	26.14	84.5	NaN	26.14	NaN
11/07/2018 10:32:52 AM	3614113972	1013.00	28.51	26.14	91.3	28.70	26.14	89.7	29.34	26.14	84.6	NaN	26.14	NaN
11/07/2018 10:32:53 AM	3614113973	1013.00	28.54	26.14	91.0	28.80	26.14	88.9	29.37	26.14	84.4	NaN	26.14	NaN
