Date & time of file creation	11/07/2018 10:35 AM													
Data file path	C:\Users\ameli\Desktop\Diego Barneche\2018_07_11\26_C_old_witrox_22.txt													
														
														
CALIBRATION DATA														
Parameter/Channel	N moving average	LO phase [r.U.]	HI phase [r.U.]	LO oxygen [%air saturation]	HI oxygen [%air saturation]	LO temperature [°C]	HI temperature [°C]	Salinity [‰]						
S WOT 0041 000001   , CH 1	1	59.80	27.53	0.00	100.00	26.20	26.13	0.000						
S WOT 0041 000001   , CH 2	1	59.80	27.53	0.00	100.00	26.20	26.13	0.000						
S WOT 0041 000001   , CH 3	1	59.80	27.53	0.00	100.00	26.20	26.13	0.000						
S WOT 0041 000001   , CH 4	1	59.80	27.53	0.00	100.00	26.20	26.13	0.000						
														
														
Date &Time [DD-MM-YYYY HH:MM:SS]	Time stamp code	Barometric pressure [hPa]	S WOT 0041 000001   , CH 1 phase [r.U.]	S WOT 0041 000001   , CH 1 temp [°C]	S WOT 0041 000001   , CH 1 O2 [% air saturation]	S WOT 0041 000001   , CH 2 phase [r.U.]	S WOT 0041 000001   , CH 2 temp [°C]	S WOT 0041 000001   , CH 2 O2 [% air saturation]	S WOT 0041 000001   , CH 3 phase [r.U.]	S WOT 0041 000001   , CH 3 temp [°C]	S WOT 0041 000001   , CH 3 O2 [% air saturation]	S WOT 0041 000001   , CH 4 phase [r.U.]	S WOT 0041 000001   , CH 4 temp [°C]	S WOT 0041 000001   , CH 4 O2 [% air saturation]
11/07/2018 10:35:56 AM	3614114156	1013.00	27.13	26.46	103.2	27.08	26.46	103.7	27.18	26.46	102.8	27.01	26.46	104.4
11/07/2018 10:35:57 AM	3614114157	1013.00	27.10	26.46	103.5	27.07	26.46	103.8	27.15	26.46	103.1	27.00	26.46	104.5
11/07/2018 10:35:58 AM	3614114158	1013.00	27.10	26.14	104.1	27.08	26.14	104.3	27.16	26.14	103.5	27.01	26.14	105.0
11/07/2018 10:35:59 AM	3614114159	1013.00	27.12	26.14	103.9	27.05	26.14	104.6	27.16	26.14	103.5	27.01	26.14	105.0
11/07/2018 10:36:00 AM	3614114160	1013.00	27.11	26.15	104.0	27.05	26.15	104.6	27.17	26.15	103.4	27.00	26.15	105.1
11/07/2018 10:36:01 AM	3614114161	1013.00	27.10	26.14	104.1	27.11	26.14	104.0	27.16	26.14	103.5	26.99	26.14	105.2
11/07/2018 10:36:02 AM	3614114162	1013.00	27.15	26.14	103.6	27.04	26.14	104.7	27.17	26.14	103.4	27.01	26.14	105.0
11/07/2018 10:36:03 AM	3614114163	1013.00	27.12	26.13	103.9	27.02	26.13	104.9	27.17	26.13	103.5	27.03	26.13	104.8
11/07/2018 10:36:04 AM	3614114164	1013.00	27.11	26.14	104.0	27.07	26.14	104.4	27.16	26.14	103.5	27.02	26.14	104.9
11/07/2018 10:36:05 AM	3614114165	1013.00	27.09	26.12	104.3	27.07	26.12	104.5	27.18	26.12	103.4	27.00	26.12	105.2
11/07/2018 10:36:06 AM	3614114166	1013.00	27.08	26.12	104.4	27.09	26.12	104.3	27.15	26.12	103.7	27.00	26.12	105.2
11/07/2018 10:36:07 AM	3614114167	1013.00	27.09	26.13	104.2	27.09	26.13	104.2	27.16	26.13	103.5	26.98	26.13	105.3
11/07/2018 10:36:08 AM	3614114168	1013.00	27.10	26.13	104.1	27.14	26.13	103.7	27.18	26.13	103.4	27.02	26.13	104.9
11/07/2018 10:36:09 AM	3614114169	1013.00	27.12	26.13	103.9	27.09	26.13	104.2	27.16	26.13	103.5	27.02	26.13	104.9
11/07/2018 10:36:10 AM	3614114170	1013.00	27.08	26.13	104.3	27.09	26.13	104.2	27.17	26.13	103.5	27.00	26.13	105.1
11/07/2018 10:36:11 AM	3614114171	1013.00	27.09	26.13	104.2	27.00	26.13	105.1	27.16	26.13	103.5	27.00	26.13	105.1
11/07/2018 10:36:12 AM	3614114172	1013.00	27.11	26.13	104.0	27.09	26.13	104.2	27.15	26.13	103.6	27.03	26.13	104.8
11/07/2018 10:36:13 AM	3614114173	1013.00	27.10	26.13	104.1	27.11	26.13	104.0	27.20	26.13	103.2	27.02	26.13	104.9
11/07/2018 10:36:14 AM	3614114174	1013.00	27.10	26.14	104.1	27.07	26.14	104.4	27.17	26.14	103.4	27.02	26.14	104.9
11/07/2018 10:36:15 AM	3614114175	1013.00	27.11	26.14	104.0	27.08	26.14	104.3	27.19	26.14	103.2	27.00	26.14	105.1
11/07/2018 10:36:16 AM	3614114176	1013.00	27.11	26.14	104.0	27.07	26.14	104.4	27.16	26.14	103.5	27.04	26.14	104.7
11/07/2018 10:36:17 AM	3614114177	1013.00	27.08	26.14	104.3	27.06	26.14	104.5	27.12	26.14	103.9	27.01	26.14	105.0
11/07/2018 10:36:18 AM	3614114178	1013.00	27.13	26.14	103.8	27.06	26.14	104.5	27.19	26.14	103.2	27.02	26.14	104.9
11/07/2018 10:36:19 AM	3614114179	1013.00	27.12	26.13	103.9	27.05	26.13	104.6	27.20	26.13	103.2	27.03	26.13	104.8
11/07/2018 10:36:20 AM	3614114180	1013.00	27.12	26.13	103.9	27.12	26.13	103.9	27.15	26.13	103.6	27.01	26.13	105.0
11/07/2018 10:36:21 AM	3614114181	1013.00	27.09	26.12	104.3	27.09	26.12	104.3	27.15	26.12	103.7	26.99	26.12	105.3
11/07/2018 10:36:22 AM	3614114182	1013.00	27.12	26.13	103.9	27.08	26.13	104.3	27.13	26.13	103.8	27.01	26.13	105.0
11/07/2018 10:36:23 AM	3614114183	1013.00	27.12	26.13	103.9	27.08	26.13	104.3	27.18	26.13	103.4	27.02	26.13	104.9
11/07/2018 10:36:24 AM	3614114184	1013.00	27.12	26.13	103.9	27.12	26.13	103.9	27.21	26.13	103.1	27.02	26.13	104.9
11/07/2018 10:36:25 AM	3614114185	1013.00	27.12	26.13	103.9	27.12	26.13	103.9	27.17	26.13	103.5	27.02	26.13	104.9
11/07/2018 10:36:26 AM	3614114186	1013.00	27.10	26.14	104.1	27.09	26.14	104.2	27.17	26.14	103.4	27.00	26.14	105.1
11/07/2018 10:36:27 AM	3614114187	1013.00	27.08	26.13	104.3	27.08	26.13	104.3	27.17	26.13	103.5	27.00	26.13	105.1
11/07/2018 10:36:28 AM	3614114188	1013.00	27.10	26.14	104.1	27.12	26.14	103.9	27.19	26.14	103.2	27.02	26.14	104.9
11/07/2018 10:36:29 AM	3614114189	1013.00	27.11	26.14	104.0	27.13	26.14	103.8	27.19	26.14	103.2	27.03	26.14	104.8
11/07/2018 10:36:30 AM	3614114190	1013.00	27.12	26.14	103.9	27.05	26.14	104.6	27.22	26.14	102.9	27.00	26.14	105.1
11/07/2018 10:36:31 AM	3614114191	1013.00	27.12	26.14	103.9	27.11	26.14	104.0	27.20	26.14	103.1	27.02	26.14	104.9
11/07/2018 10:36:32 AM	3614114192	1013.00	27.12	26.14	103.9	27.16	26.14	103.5	27.18	26.14	103.3	27.02	26.14	104.9
11/07/2018 10:36:33 AM	3614114193	1013.00	27.13	26.13	103.8	27.12	26.13	103.9	27.23	26.13	102.9	27.03	26.13	104.8
11/07/2018 10:36:34 AM	3614114194	1013.00	27.13	26.13	103.8	27.13	26.13	103.8	27.22	26.13	103.0	27.03	26.13	104.8
11/07/2018 10:36:35 AM	3614114195	1013.00	27.11	26.13	104.0	27.12	26.13	103.9	27.20	26.13	103.2	27.01	26.13	105.0
11/07/2018 10:36:36 AM	3614114196	1013.00	27.12	26.14	103.9	27.15	26.14	103.6	27.23	26.14	102.8	27.03	26.14	104.8
11/07/2018 10:36:37 AM	3614114197	1013.00	27.10	26.14	104.1	27.15	26.14	103.6	27.17	26.14	103.4	27.04	26.14	104.7
11/07/2018 10:36:38 AM	3614114198	1013.00	27.13	26.14	103.8	27.11	26.14	104.0	27.21	26.14	103.0	27.04	26.14	104.7
11/07/2018 10:36:39 AM	3614114199	1013.00	27.12	26.14	103.9	27.13	26.14	103.8	27.25	26.14	102.7	26.96	26.14	105.5
11/07/2018 10:36:40 AM	3614114200	1013.00	27.10	26.14	104.1	27.12	26.14	103.9	27.19	26.14	103.2	27.03	26.14	104.8
11/07/2018 10:36:41 AM	3614114201	1013.00	27.12	26.14	103.9	27.13	26.14	103.8	27.19	26.14	103.2	27.02	26.14	104.9
11/07/2018 10:36:42 AM	3614114202	1013.00	27.11	26.14	104.0	27.13	26.14	103.8	27.22	26.14	102.9	27.04	26.14	104.7
11/07/2018 10:36:43 AM	3614114203	1013.00	27.12	26.14	103.9	27.12	26.14	103.9	27.21	26.14	103.0	27.02	26.14	104.9
11/07/2018 10:36:44 AM	3614114204	1013.00	27.15	26.15	103.6	27.11	26.15	104.0	27.22	26.15	102.9	27.03	26.15	104.8
11/07/2018 10:36:45 AM	3614114205	1013.00	27.12	26.15	103.9	27.16	26.15	103.5	27.19	26.15	103.2	27.00	26.15	105.1
11/07/2018 10:36:46 AM	3614114206	1013.00	27.15	26.15	103.6	27.15	26.15	103.6	27.21	26.15	103.0	27.01	26.15	105.0
11/07/2018 10:36:47 AM	3614114207	1013.00	27.14	26.15	103.7	27.14	26.15	103.7	27.22	26.15	102.9	27.02	26.15	104.9
11/07/2018 10:36:48 AM	3614114208	1013.00	27.16	26.15	103.5	27.16	26.15	103.5	27.24	26.15	102.7	26.99	26.15	105.2
11/07/2018 10:36:49 AM	3614114209	1013.00	27.16	26.14	103.5	27.19	26.14	103.2	27.19	26.14	103.2	27.02	26.14	104.9
11/07/2018 10:36:50 AM	3614114210	1013.00	27.16	26.14	103.5	27.13	26.14	103.8	27.23	26.14	102.8	27.03	26.14	104.8
11/07/2018 10:36:51 AM	3614114211	1013.00	27.15	26.13	103.6	27.17	26.13	103.5	27.22	26.13	103.0	27.02	26.13	104.9
11/07/2018 10:36:52 AM	3614114212	1013.00	27.18	26.14	103.3	27.16	26.14	103.5	27.22	26.14	102.9	27.03	26.14	104.8
11/07/2018 10:36:53 AM	3614114213	1013.00	27.15	26.14	103.6	27.16	26.14	103.5	27.21	26.14	103.0	27.04	26.14	104.7
11/07/2018 10:36:54 AM	3614114214	1013.00	27.18	26.15	103.3	27.18	26.15	103.3	27.21	26.15	103.0	27.00	26.15	105.1
11/07/2018 10:36:55 AM	3614114215	1013.00	27.16	26.15	103.5	27.16	26.15	103.5	27.26	26.15	102.5	27.01	26.15	105.0
11/07/2018 10:36:56 AM	3614114216	1013.00	27.16	26.16	103.5	27.16	26.16	103.5	27.23	26.16	102.8	27.01	26.16	105.0
11/07/2018 10:36:57 AM	3614114217	1013.00	27.18	26.15	103.3	27.21	26.15	103.0	27.24	26.15	102.7	27.03	26.15	104.8
11/07/2018 10:36:58 AM	3614114218	1013.00	27.17	26.15	103.4	27.23	26.15	102.8	27.26	26.15	102.5	27.00	26.15	105.1
11/07/2018 10:36:59 AM	3614114219	1013.00	27.15	26.14	103.6	27.19	26.14	103.2	27.23	26.14	102.8	27.00	26.14	105.1
11/07/2018 10:37:00 AM	3614114220	1013.00	27.16	26.14	103.5	27.22	26.14	102.9	27.26	26.14	102.6	27.02	26.14	104.9
11/07/2018 10:37:01 AM	3614114221	1013.00	27.17	26.14	103.4	27.25	26.14	102.7	27.27	26.14	102.5	27.01	26.14	105.0
11/07/2018 10:37:02 AM	3614114222	1013.00	27.16	26.15	103.5	27.19	26.15	103.2	27.28	26.15	102.3	27.03	26.15	104.8
11/07/2018 10:37:03 AM	3614114223	1013.00	27.17	26.15	103.4	27.20	26.15	103.1	27.28	26.15	102.3	27.03	26.15	104.8
11/07/2018 10:37:04 AM	3614114224	1013.00	27.18	26.15	103.3	27.17	26.15	103.4	27.27	26.15	102.4	27.00	26.15	105.1
11/07/2018 10:37:05 AM	3614114225	1013.00	27.16	26.14	103.5	27.15	26.14	103.6	27.26	26.14	102.6	27.01	26.14	105.0
11/07/2018 10:37:06 AM	3614114226	1013.00	27.20	26.14	103.1	27.21	26.14	103.0	27.31	26.14	102.1	27.01	26.14	105.0
11/07/2018 10:37:07 AM	3614114227	1013.00	27.18	26.14	103.3	27.20	26.14	103.1	27.27	26.14	102.5	27.03	26.14	104.8
11/07/2018 10:37:08 AM	3614114228	1013.00	27.23	26.14	102.8	27.21	26.14	103.0	27.28	26.14	102.4	26.97	26.14	105.4
11/07/2018 10:37:09 AM	3614114229	1013.00	27.20	26.14	103.1	27.23	26.14	102.8	27.30	26.14	102.2	27.01	26.14	105.0
11/07/2018 10:37:10 AM	3614114230	1013.00	27.22	26.15	102.9	27.23	26.15	102.8	27.33	26.15	101.9	27.02	26.15	104.9
11/07/2018 10:37:11 AM	3614114231	1013.00	27.20	26.14	103.1	27.24	26.14	102.8	27.31	26.14	102.1	27.02	26.14	104.9
11/07/2018 10:37:12 AM	3614114232	1013.00	27.19	26.14	103.2	27.23	26.14	102.8	27.31	26.14	102.1	26.99	26.14	105.2
11/07/2018 10:37:13 AM	3614114233	1013.00	27.19	26.15	103.2	27.28	26.15	102.3	27.31	26.15	102.1	27.02	26.15	104.9
11/07/2018 10:37:14 AM	3614114234	1013.00	27.20	26.15	103.1	27.23	26.15	102.8	27.32	26.15	102.0	27.02	26.15	104.9
11/07/2018 10:37:15 AM	3614114235	1013.00	27.16	26.14	103.5	27.22	26.14	102.9	27.30	26.14	102.2	27.02	26.14	104.9
11/07/2018 10:37:16 AM	3614114236	1013.00	27.20	26.14	103.1	27.28	26.14	102.4	27.33	26.14	101.9	27.03	26.14	104.8
11/07/2018 10:37:17 AM	3614114237	1013.00	27.19	26.14	103.2	27.29	26.14	102.3	27.39	26.14	101.3	27.01	26.14	105.0
11/07/2018 10:37:18 AM	3614114238	1013.00	27.20	26.14	103.1	27.24	26.14	102.8	27.37	26.14	101.5	27.02	26.14	104.9
11/07/2018 10:37:19 AM	3614114239	1013.00	27.22	26.14	102.9	27.35	26.14	101.7	27.34	26.14	101.8	27.03	26.14	104.8
11/07/2018 10:37:20 AM	3614114240	1013.00	27.19	26.15	103.2	27.31	26.15	102.1	27.34	26.15	101.8	27.02	26.15	104.9
11/07/2018 10:37:21 AM	3614114241	1013.00	27.22	26.15	102.9	27.28	26.15	102.3	27.38	26.15	101.4	27.03	26.15	104.8
11/07/2018 10:37:22 AM	3614114242	1013.00	27.21	26.14	103.0	27.28	26.14	102.4	27.38	26.14	101.4	27.04	26.14	104.7
11/07/2018 10:37:23 AM	3614114243	1013.00	27.21	26.15	103.0	27.30	26.15	102.2	27.39	26.15	101.3	27.03	26.15	104.8
11/07/2018 10:37:24 AM	3614114244	1013.00	27.21	26.15	103.0	27.33	26.15	101.9	27.37	26.15	101.5	27.02	26.15	104.9
11/07/2018 10:37:25 AM	3614114245	1013.00	27.21	26.15	103.0	27.34	26.15	101.8	27.38	26.15	101.4	27.01	26.15	105.0
11/07/2018 10:37:26 AM	3614114246	1013.00	27.23	26.15	102.8	27.29	26.15	102.2	27.41	26.15	101.1	27.03	26.15	104.8
11/07/2018 10:37:27 AM	3614114247	1013.00	27.23	26.15	102.8	27.33	26.15	101.9	27.39	26.15	101.3	27.02	26.15	104.9
11/07/2018 10:37:28 AM	3614114248	1013.00	27.22	26.15	102.9	27.34	26.15	101.8	27.37	26.15	101.5	27.03	26.15	104.8
11/07/2018 10:37:29 AM	3614114249	1013.00	27.21	26.16	103.0	27.33	26.16	101.8	27.40	26.16	101.2	26.97	26.16	105.4
11/07/2018 10:37:30 AM	3614114250	1013.00	27.20	26.15	103.1	27.31	26.15	102.1	27.35	26.15	101.7	27.02	26.15	104.9
11/07/2018 10:37:31 AM	3614114251	1013.00	27.24	26.15	102.7	27.37	26.15	101.5	27.42	26.15	101.0	27.01	26.15	105.0
11/07/2018 10:37:32 AM	3614114252	1013.00	27.20	26.15	103.1	27.33	26.15	101.9	27.40	26.15	101.2	27.01	26.15	105.0
11/07/2018 10:37:33 AM	3614114253	1013.00	27.26	26.15	102.5	27.33	26.15	101.9	27.40	26.15	101.2	27.01	26.15	105.0
11/07/2018 10:37:34 AM	3614114254	1013.00	27.24	26.16	102.7	27.34	26.16	101.8	27.43	26.16	100.9	26.98	26.16	105.3
11/07/2018 10:37:35 AM	3614114255	1013.00	27.24	26.16	102.7	27.33	26.16	101.8	27.40	26.16	101.2	27.03	26.16	104.8
11/07/2018 10:37:36 AM	3614114256	1013.00	27.22	26.16	102.9	27.37	26.16	101.5	27.39	26.16	101.3	27.02	26.16	104.9
11/07/2018 10:37:37 AM	3614114257	1013.00	27.25	26.16	102.6	27.37	26.16	101.5	27.46	26.16	100.6	27.02	26.16	104.9
11/07/2018 10:37:38 AM	3614114258	1013.00	27.26	26.16	102.5	27.39	26.16	101.3	27.44	26.16	100.8	27.02	26.16	104.9
11/07/2018 10:37:39 AM	3614114259	1013.00	27.25	26.15	102.6	27.35	26.15	101.7	27.40	26.15	101.2	27.01	26.15	105.0
11/07/2018 10:37:40 AM	3614114260	1013.00	27.21	26.16	103.0	27.34	26.16	101.8	27.44	26.16	100.8	26.98	26.16	105.3
11/07/2018 10:37:41 AM	3614114261	1013.00	27.23	26.16	102.8	27.38	26.16	101.4	27.46	26.16	100.6	27.01	26.16	105.0
11/07/2018 10:37:42 AM	3614114262	1013.00	27.27	26.16	102.4	27.41	26.16	101.1	27.48	26.16	100.4	27.00	26.16	105.1
11/07/2018 10:37:43 AM	3614114263	1013.00	27.25	26.16	102.6	27.39	26.16	101.3	27.46	26.16	100.6	27.02	26.16	104.9
11/07/2018 10:37:44 AM	3614114264	1013.00	27.25	26.16	102.6	27.38	26.16	101.4	27.42	26.16	101.0	27.03	26.16	104.8
11/07/2018 10:37:45 AM	3614114265	1013.00	27.27	26.15	102.4	27.38	26.15	101.4	27.46	26.15	100.6	27.00	26.15	105.1
11/07/2018 10:37:46 AM	3614114266	1013.00	27.26	26.16	102.5	27.41	26.16	101.1	27.46	26.16	100.6	27.03	26.16	104.8
11/07/2018 10:37:47 AM	3614114267	1013.00	27.28	26.16	102.3	27.42	26.16	101.0	27.42	26.16	101.0	27.02	26.16	104.9
11/07/2018 10:37:48 AM	3614114268	1013.00	27.29	26.14	102.3	27.42	26.14	101.0	27.45	26.14	100.7	27.01	26.14	105.0
11/07/2018 10:37:49 AM	3614114269	1013.00	27.26	26.15	102.5	27.45	26.15	100.7	27.47	26.15	100.5	27.01	26.15	105.0
11/07/2018 10:37:50 AM	3614114270	1013.00	27.28	26.15	102.3	27.44	26.15	100.8	27.49	26.15	100.3	27.03	26.15	104.8
11/07/2018 10:37:51 AM	3614114271	1013.00	27.30	26.15	102.2	27.43	26.15	100.9	27.46	26.15	100.6	27.04	26.15	104.7
11/07/2018 10:37:52 AM	3614114272	1013.00	27.31	26.16	102.0	27.38	26.16	101.4	27.46	26.16	100.6	27.00	26.16	105.1
11/07/2018 10:37:53 AM	3614114273	1013.00	27.28	26.17	102.3	27.41	26.17	101.1	27.50	26.17	100.2	27.02	26.17	104.9
11/07/2018 10:37:54 AM	3614114274	1013.00	27.30	26.16	102.1	27.45	26.16	100.7	27.53	26.16	99.9	27.03	26.16	104.8
11/07/2018 10:37:55 AM	3614114275	1013.00	27.30	26.16	102.1	27.43	26.16	100.9	27.50	26.16	100.2	26.99	26.16	105.2
11/07/2018 10:37:56 AM	3614114276	1013.00	27.31	26.16	102.0	27.40	26.16	101.2	27.51	26.16	100.1	27.03	26.16	104.8
11/07/2018 10:37:57 AM	3614114277	1013.00	27.32	26.16	101.9	27.37	26.16	101.5	27.49	26.16	100.3	27.02	26.16	104.9
11/07/2018 10:37:58 AM	3614114278	1013.00	27.30	26.15	102.2	27.43	26.15	100.9	27.57	26.15	99.6	27.01	26.15	105.0
11/07/2018 10:37:59 AM	3614114279	1013.00	27.33	26.16	101.8	27.42	26.16	101.0	27.54	26.16	99.9	27.01	26.16	105.0
11/07/2018 10:38:00 AM	3614114280	1013.00	27.30	26.16	102.1	27.42	26.16	101.0	27.54	26.16	99.9	26.99	26.16	105.2
11/07/2018 10:38:01 AM	3614114281	1013.00	27.29	26.15	102.2	27.41	26.15	101.1	27.52	26.15	100.1	27.01	26.15	105.0
11/07/2018 10:38:02 AM	3614114282	1013.00	27.33	26.15	101.9	27.40	26.15	101.2	27.57	26.15	99.6	27.01	26.15	105.0
11/07/2018 10:38:03 AM	3614114283	1013.00	27.31	26.16	102.0	27.44	26.16	100.8	27.56	26.16	99.7	27.00	26.16	105.1
11/07/2018 10:38:04 AM	3614114284	1013.00	27.32	26.16	101.9	27.43	26.16	100.9	27.58	26.16	99.5	27.03	26.16	104.8
11/07/2018 10:38:05 AM	3614114285	1013.00	27.33	26.16	101.8	27.52	26.16	100.0	27.58	26.16	99.5	27.01	26.16	105.0
11/07/2018 10:38:06 AM	3614114286	1013.00	27.32	26.16	101.9	27.45	26.16	100.7	27.55	26.16	99.8	27.02	26.16	104.9
11/07/2018 10:38:07 AM	3614114287	1013.00	27.34	26.16	101.8	27.48	26.16	100.4	27.58	26.16	99.5	27.00	26.16	105.1
11/07/2018 10:38:08 AM	3614114288	1013.00	27.33	26.16	101.8	27.47	26.16	100.5	27.59	26.16	99.4	27.03	26.16	104.8
11/07/2018 10:38:09 AM	3614114289	1013.00	27.34	26.15	101.8	27.51	26.15	100.2	27.57	26.15	99.6	27.01	26.15	105.0
11/07/2018 10:38:10 AM	3614114290	1013.00	27.34	26.16	101.8	27.49	26.16	100.3	27.54	26.16	99.9	27.00	26.16	105.1
11/07/2018 10:38:11 AM	3614114291	1013.00	27.35	26.16	101.7	27.45	26.16	100.7	27.62	26.16	99.1	26.98	26.16	105.3
11/07/2018 10:38:12 AM	3614114292	1013.00	27.36	26.16	101.6	27.51	26.16	100.1	27.62	26.16	99.1	27.02	26.16	104.9
11/07/2018 10:38:13 AM	3614114293	1013.00	27.34	26.16	101.8	27.50	26.16	100.2	27.61	26.16	99.2	27.01	26.16	105.0
11/07/2018 10:38:14 AM	3614114294	1013.00	27.35	26.16	101.7	27.48	26.16	100.4	27.63	26.16	99.0	27.02	26.16	104.9
11/07/2018 10:38:15 AM	3614114295	1013.00	27.36	26.16	101.6	27.53	26.16	99.9	27.60	26.16	99.3	27.02	26.16	104.9
11/07/2018 10:38:16 AM	3614114296	1013.00	27.35	26.16	101.7	27.51	26.16	100.1	27.65	26.16	98.8	27.01	26.16	105.0
11/07/2018 10:38:17 AM	3614114297	1013.00	27.36	26.16	101.6	27.55	26.16	99.8	27.63	26.16	99.0	26.99	26.16	105.2
11/07/2018 10:38:18 AM	3614114298	1013.00	27.36	26.16	101.6	27.53	26.16	99.9	27.63	26.16	99.0	27.02	26.16	104.9
11/07/2018 10:38:19 AM	3614114299	1013.00	27.37	26.15	101.5	27.57	26.15	99.6	27.65	26.15	98.8	26.99	26.15	105.2
11/07/2018 10:38:20 AM	3614114300	1013.00	27.37	26.15	101.5	27.53	26.15	100.0	27.68	26.15	98.6	27.01	26.15	105.0
11/07/2018 10:38:21 AM	3614114301	1013.00	27.37	26.15	101.5	27.53	26.15	100.0	27.67	26.15	98.7	27.02	26.15	104.9
11/07/2018 10:38:22 AM	3614114302	1013.00	27.35	26.15	101.7	27.52	26.15	100.1	27.67	26.15	98.7	27.04	26.15	104.7
11/07/2018 10:38:23 AM	3614114303	1013.00	27.36	26.15	101.6	27.57	26.15	99.6	27.66	26.15	98.8	27.00	26.15	105.1
11/07/2018 10:38:24 AM	3614114304	1013.00	27.34	26.15	101.8	27.60	26.15	99.3	27.69	26.15	98.5	27.04	26.15	104.7
11/07/2018 10:38:25 AM	3614114305	1013.00	27.37	26.16	101.5	27.56	26.16	99.7	27.70	26.16	98.4	27.02	26.16	104.9
11/07/2018 10:38:26 AM	3614114306	1013.00	27.42	26.15	101.0	27.57	26.15	99.6	27.69	26.15	98.5	27.02	26.15	104.9
11/07/2018 10:38:27 AM	3614114307	1013.00	27.38	26.15	101.4	27.58	26.15	99.5	27.66	26.15	98.8	27.00	26.15	105.1
11/07/2018 10:38:28 AM	3614114308	1013.00	27.38	26.15	101.4	27.57	26.15	99.6	27.71	26.15	98.3	27.00	26.15	105.1
11/07/2018 10:38:29 AM	3614114309	1013.00	27.38	26.15	101.4	27.56	26.15	99.7	27.71	26.15	98.3	27.05	26.15	104.6
11/07/2018 10:38:30 AM	3614114310	1013.00	27.42	26.16	101.0	27.60	26.16	99.3	27.70	26.16	98.4	26.99	26.16	105.2
11/07/2018 10:38:31 AM	3614114311	1013.00	27.41	26.16	101.1	27.57	26.16	99.6	27.74	26.16	98.0	26.99	26.16	105.2
11/07/2018 10:38:32 AM	3614114312	1013.00	27.42	26.17	101.0	27.60	26.17	99.3	27.74	26.17	98.0	27.04	26.17	104.7
11/07/2018 10:38:33 AM	3614114313	1013.00	27.41	26.16	101.1	27.62	26.16	99.1	27.76	26.16	97.8	26.99	26.16	105.2
11/07/2018 10:38:34 AM	3614114314	1013.00	27.41	26.16	101.1	27.56	26.16	99.7	27.71	26.16	98.3	27.01	26.16	105.0
11/07/2018 10:38:35 AM	3614114315	1013.00	27.43	26.16	100.9	27.60	26.16	99.3	27.72	26.16	98.2	27.04	26.16	104.7
11/07/2018 10:38:36 AM	3614114316	1013.00	27.39	26.16	101.3	27.63	26.16	99.0	27.71	26.16	98.3	27.01	26.16	105.0
11/07/2018 10:38:37 AM	3614114317	1013.00	27.38	26.15	101.4	27.66	26.15	98.8	27.76	26.15	97.8	27.01	26.15	105.0
11/07/2018 10:38:38 AM	3614114318	1013.00	27.40	26.16	101.2	27.57	26.16	99.6	27.72	26.16	98.2	27.00	26.16	105.1
11/07/2018 10:38:39 AM	3614114319	1013.00	27.41	26.15	101.1	27.57	26.15	99.6	27.75	26.15	97.9	27.03	26.15	104.8
11/07/2018 10:38:40 AM	3614114320	1013.00	27.41	26.15	101.1	27.68	26.15	98.6	27.77	26.15	97.7	27.03	26.15	104.8
11/07/2018 10:38:41 AM	3614114321	1013.00	27.41	26.15	101.1	27.66	26.15	98.8	27.71	26.15	98.3	27.01	26.15	105.0
11/07/2018 10:38:42 AM	3614114322	1013.00	27.40	26.15	101.2	27.64	26.15	98.9	27.71	26.15	98.3	27.02	26.15	104.9
11/07/2018 10:38:43 AM	3614114323	1013.00	27.46	26.16	100.6	27.65	26.16	98.8	27.73	26.16	98.1	27.02	26.16	104.9
11/07/2018 10:38:44 AM	3614114324	1013.00	27.41	26.16	101.1	27.66	26.16	98.7	27.74	26.16	98.0	27.01	26.16	105.0
11/07/2018 10:38:45 AM	3614114325	1013.00	27.43	26.16	100.9	27.63	26.16	99.0	27.78	26.16	97.6	27.03	26.16	104.8
11/07/2018 10:38:46 AM	3614114326	1013.00	27.44	26.15	100.8	27.65	26.15	98.8	27.79	26.15	97.6	27.02	26.15	104.9
11/07/2018 10:38:47 AM	3614114327	1013.00	27.43	26.16	100.9	27.60	26.16	99.3	27.76	26.16	97.8	27.02	26.16	104.9
11/07/2018 10:38:48 AM	3614114328	1013.00	27.40	26.15	101.2	27.64	26.15	98.9	27.77	26.15	97.7	27.00	26.15	105.1
11/07/2018 10:38:49 AM	3614114329	1013.00	27.44	26.15	100.8	27.63	26.15	99.0	27.82	26.15	97.3	27.00	26.15	105.1
11/07/2018 10:38:50 AM	3614114330	1013.00	27.44	26.15	100.8	27.68	26.15	98.6	27.81	26.15	97.4	27.02	26.15	104.9
11/07/2018 10:38:51 AM	3614114331	1013.00	27.42	26.16	101.0	27.66	26.16	98.7	27.81	26.16	97.4	27.04	26.16	104.7
11/07/2018 10:38:52 AM	3614114332	1013.00	27.45	26.16	100.7	27.70	26.16	98.4	27.82	26.16	97.3	27.01	26.16	105.0
11/07/2018 10:38:53 AM	3614114333	1013.00	27.44	26.16	100.8	27.74	26.16	98.0	27.83	26.16	97.2	27.02	26.16	104.9
11/07/2018 10:38:54 AM	3614114334	1013.00	27.43	26.16	100.9	27.67	26.16	98.6	27.83	26.16	97.2	27.01	26.16	105.0
11/07/2018 10:38:55 AM	3614114335	1013.00	27.45	26.16	100.7	27.66	26.16	98.7	27.84	26.16	97.1	27.00	26.16	105.1
11/07/2018 10:38:56 AM	3614114336	1013.00	27.45	26.16	100.7	27.68	26.16	98.6	27.84	26.16	97.1	27.02	26.16	104.9
11/07/2018 10:38:57 AM	3614114337	1013.00	27.45	26.16	100.7	27.72	26.16	98.2	27.84	26.16	97.1	27.04	26.16	104.7
11/07/2018 10:38:58 AM	3614114338	1013.00	27.47	26.16	100.5	27.69	26.16	98.5	27.87	26.16	96.8	27.02	26.16	104.9
11/07/2018 10:38:59 AM	3614114339	1013.00	27.46	26.16	100.6	27.69	26.16	98.5	27.87	26.16	96.8	27.01	26.16	105.0
11/07/2018 10:39:00 AM	3614114340	1013.00	27.46	26.17	100.6	27.70	26.17	98.4	27.91	26.17	96.4	27.06	26.17	104.5
11/07/2018 10:39:01 AM	3614114341	1013.00	27.48	26.17	100.4	27.73	26.17	98.1	27.90	26.17	96.5	27.02	26.17	104.9
11/07/2018 10:39:02 AM	3614114342	1013.00	27.45	26.17	100.7	27.72	26.17	98.2	27.89	26.17	96.6	27.01	26.17	105.0
11/07/2018 10:39:03 AM	3614114343	1013.00	27.49	26.17	100.3	27.68	26.17	98.5	27.91	26.17	96.4	27.00	26.17	105.1
11/07/2018 10:39:04 AM	3614114344	1013.00	27.47	26.17	100.5	27.74	26.17	98.0	27.90	26.17	96.5	27.03	26.17	104.8
11/07/2018 10:39:05 AM	3614114345	1013.00	27.47	26.16	100.5	27.80	26.16	97.5	27.90	26.16	96.5	27.03	26.16	104.8
11/07/2018 10:39:06 AM	3614114346	1013.00	27.45	26.16	100.7	27.82	26.16	97.3	27.91	26.16	96.5	27.02	26.16	104.9
11/07/2018 10:39:07 AM	3614114347	1013.00	27.50	26.17	100.2	27.80	26.17	97.4	27.92	26.17	96.4	27.02	26.17	104.9
11/07/2018 10:39:08 AM	3614114348	1013.00	27.49	26.16	100.3	27.77	26.16	97.7	27.87	26.16	96.8	27.00	26.16	105.1
11/07/2018 10:39:09 AM	3614114349	1013.00	27.51	26.17	100.1	27.82	26.17	97.3	27.90	26.17	96.5	27.01	26.17	105.0
11/07/2018 10:39:10 AM	3614114350	1013.00	27.51	26.16	100.1	27.81	26.16	97.4	27.89	26.16	96.6	27.02	26.16	104.9
11/07/2018 10:39:11 AM	3614114351	1013.00	27.50	26.16	100.2	27.77	26.16	97.7	27.93	26.16	96.3	26.99	26.16	105.2
11/07/2018 10:39:12 AM	3614114352	1013.00	27.52	26.15	100.1	27.83	26.15	97.2	27.93	26.15	96.3	27.02	26.15	104.9
11/07/2018 10:39:13 AM	3614114353	1013.00	27.52	26.16	100.0	27.84	26.16	97.1	27.92	26.16	96.4	27.00	26.16	105.1
11/07/2018 10:39:14 AM	3614114354	1013.00	27.51	26.16	100.1	27.81	26.16	97.4	27.96	26.16	96.0	27.03	26.16	104.8
11/07/2018 10:39:15 AM	3614114355	1013.00	27.51	26.16	100.1	27.79	26.16	97.5	27.90	26.16	96.5	27.00	26.16	105.1
11/07/2018 10:39:16 AM	3614114356	1013.00	27.51	26.16	100.1	27.80	26.16	97.5	27.97	26.16	95.9	27.01	26.16	105.0
11/07/2018 10:39:17 AM	3614114357	1013.00	27.50	26.17	100.2	27.79	26.17	97.5	27.95	26.17	96.1	27.02	26.17	104.9
11/07/2018 10:39:18 AM	3614114358	1013.00	27.54	26.16	99.9	27.77	26.16	97.7	27.95	26.16	96.1	27.02	26.16	104.9
11/07/2018 10:39:19 AM	3614114359	1013.00	27.51	26.16	100.1	27.82	26.16	97.3	27.94	26.16	96.2	27.01	26.16	105.0
11/07/2018 10:39:20 AM	3614114360	1013.00	27.53	26.16	99.9	27.81	26.16	97.4	27.94	26.16	96.2	27.03	26.16	104.8
11/07/2018 10:39:21 AM	3614114361	1013.00	27.53	26.17	99.9	27.86	26.17	96.9	27.94	26.17	96.2	27.01	26.17	105.0
11/07/2018 10:39:22 AM	3614114362	1013.00	27.52	26.16	100.0	27.82	26.16	97.3	27.93	26.16	96.3	27.04	26.16	104.7
11/07/2018 10:39:23 AM	3614114363	1013.00	27.52	26.17	100.0	27.86	26.17	96.9	27.99	26.17	95.7	27.03	26.17	104.8
11/07/2018 10:39:24 AM	3614114364	1013.00	27.53	26.17	99.9	27.88	26.17	96.7	27.95	26.17	96.1	27.00	26.17	105.1
11/07/2018 10:39:25 AM	3614114365	1013.00	27.52	26.17	100.0	27.88	26.17	96.7	27.99	26.17	95.7	27.02	26.17	104.9
11/07/2018 10:39:26 AM	3614114366	1013.00	27.53	26.16	99.9	27.84	26.16	97.1	27.97	26.16	95.9	27.03	26.16	104.8
11/07/2018 10:39:27 AM	3614114367	1013.00	27.52	26.16	100.0	27.88	26.16	96.7	27.93	26.16	96.3	27.02	26.16	104.9
11/07/2018 10:39:28 AM	3614114368	1013.00	27.56	26.16	99.7	27.90	26.16	96.5	27.95	26.16	96.1	27.01	26.16	105.0
11/07/2018 10:39:29 AM	3614114369	1013.00	27.54	26.16	99.9	27.90	26.16	96.5	28.03	26.16	95.4	27.02	26.16	104.9
11/07/2018 10:39:30 AM	3614114370	1013.00	27.51	26.15	100.2	27.91	26.15	96.5	27.97	26.15	95.9	27.01	26.15	105.0
11/07/2018 10:39:31 AM	3614114371	1013.00	27.56	26.16	99.7	27.90	26.16	96.5	27.99	26.16	95.7	27.03	26.16	104.8
11/07/2018 10:39:32 AM	3614114372	1013.00	27.53	26.16	99.9	27.90	26.16	96.5	27.96	26.16	96.0	27.00	26.16	105.1
11/07/2018 10:39:33 AM	3614114373	1013.00	27.55	26.15	99.8	27.89	26.15	96.7	27.99	26.15	95.8	27.02	26.15	104.9
11/07/2018 10:39:34 AM	3614114374	1013.00	27.52	26.16	100.0	27.85	26.16	97.0	28.03	26.16	95.4	27.03	26.16	104.8
11/07/2018 10:39:35 AM	3614114375	1013.00	27.56	26.15	99.7	27.87	26.15	96.8	28.03	26.15	95.4	26.99	26.15	105.2
11/07/2018 10:39:36 AM	3614114376	1013.00	27.54	26.16	99.9	27.86	26.16	96.9	27.96	26.16	96.0	27.02	26.16	104.9
11/07/2018 10:39:37 AM	3614114377	1013.00	27.53	26.16	99.9	27.93	26.16	96.3	27.99	26.16	95.7	27.05	26.16	104.6
11/07/2018 10:39:38 AM	3614114378	1013.00	27.57	26.16	99.6	27.88	26.16	96.7	28.03	26.16	95.4	27.03	26.16	104.8
11/07/2018 10:39:39 AM	3614114379	1013.00	27.54	26.16	99.9	27.92	26.16	96.4	27.98	26.16	95.8	27.01	26.16	105.0
11/07/2018 10:39:40 AM	3614114380	1013.00	27.55	26.16	99.8	27.91	26.16	96.5	28.00	26.16	95.7	27.02	26.16	104.9
11/07/2018 10:39:41 AM	3614114381	1013.00	27.57	26.15	99.6	27.94	26.15	96.2	28.05	26.15	95.2	26.97	26.15	105.4
11/07/2018 10:39:42 AM	3614114382	1013.00	27.55	26.16	99.8	27.93	26.16	96.3	28.02	26.16	95.5	27.02	26.16	104.9
11/07/2018 10:39:43 AM	3614114383	1013.00	27.59	26.15	99.4	27.92	26.15	96.4	28.05	26.15	95.2	27.02	26.15	104.9
11/07/2018 10:39:44 AM	3614114384	1013.00	27.57	26.16	99.6	27.90	26.16	96.5	28.02	26.16	95.5	27.01	26.16	105.0
11/07/2018 10:39:45 AM	3614114385	1013.00	27.59	26.15	99.4	27.97	26.15	95.9	28.02	26.15	95.5	26.99	26.15	105.2
11/07/2018 10:39:46 AM	3614114386	1013.00	27.59	26.16	99.4	27.99	26.16	95.7	28.07	26.16	95.0	26.99	26.16	105.2
11/07/2018 10:39:47 AM	3614114387	1013.00	27.59	26.16	99.4	27.97	26.16	95.9	28.06	26.16	95.1	27.01	26.16	105.0
11/07/2018 10:39:48 AM	3614114388	1013.00	27.56	26.16	99.7	27.93	26.16	96.3	28.04	26.16	95.3	27.04	26.16	104.7
11/07/2018 10:39:49 AM	3614114389	1013.00	27.56	26.16	99.7	28.00	26.16	95.7	28.07	26.16	95.0	27.01	26.16	105.0
11/07/2018 10:39:50 AM	3614114390	1013.00	27.58	26.17	99.5	27.95	26.17	96.1	28.06	26.17	95.1	27.03	26.17	104.8
11/07/2018 10:39:51 AM	3614114391	1013.00	27.57	26.17	99.6	28.02	26.17	95.5	28.09	26.17	94.8	27.01	26.17	105.0
11/07/2018 10:39:52 AM	3614114392	1013.00	27.59	26.17	99.4	28.01	26.17	95.5	28.07	26.17	95.0	27.01	26.17	105.0
11/07/2018 10:39:53 AM	3614114393	1013.00	27.58	26.17	99.5	28.03	26.17	95.4	28.09	26.17	94.8	27.02	26.17	104.9
11/07/2018 10:39:54 AM	3614114394	1013.00	27.61	26.16	99.2	28.02	26.16	95.5	28.12	26.16	94.6	27.01	26.16	105.0
11/07/2018 10:39:55 AM	3614114395	1013.00	27.62	26.15	99.1	28.06	26.15	95.1	28.11	26.15	94.7	27.01	26.15	105.0
11/07/2018 10:39:56 AM	3614114396	1013.00	27.62	26.15	99.1	28.00	26.15	95.7	28.12	26.15	94.6	27.00	26.15	105.1
11/07/2018 10:39:57 AM	3614114397	1013.00	27.61	26.15	99.2	28.03	26.15	95.4	28.10	26.15	94.8	27.03	26.15	104.8
11/07/2018 10:39:58 AM	3614114398	1013.00	27.62	26.15	99.1	28.05	26.15	95.2	28.12	26.15	94.6	27.04	26.15	104.7
11/07/2018 10:39:59 AM	3614114399	1013.00	27.61	26.16	99.2	28.03	26.16	95.4	28.14	26.16	94.4	27.04	26.16	104.7
11/07/2018 10:40:00 AM	3614114400	1013.00	27.62	26.16	99.1	28.01	26.16	95.6	28.12	26.16	94.6	27.03	26.16	104.8
11/07/2018 10:40:01 AM	3614114401	1013.00	27.63	26.15	99.0	28.09	26.15	94.9	28.16	26.15	94.3	27.02	26.15	104.9
11/07/2018 10:40:02 AM	3614114402	1013.00	27.64	26.15	98.9	28.07	26.15	95.1	28.16	26.15	94.3	27.01	26.15	105.0
11/07/2018 10:40:03 AM	3614114403	1013.00	27.63	26.15	99.0	28.07	26.15	95.1	28.17	26.15	94.2	27.00	26.15	105.1
11/07/2018 10:40:04 AM	3614114404	1013.00	27.63	26.15	99.0	28.00	26.15	95.7	28.17	26.15	94.2	27.05	26.15	104.6
11/07/2018 10:40:05 AM	3614114405	1013.00	27.63	26.15	99.0	28.05	26.15	95.2	28.17	26.15	94.2	27.04	26.15	104.7
11/07/2018 10:40:06 AM	3614114406	1013.00	27.63	26.16	99.0	28.05	26.16	95.2	28.19	26.16	94.0	27.01	26.16	105.0
11/07/2018 10:40:07 AM	3614114407	1013.00	27.63	26.16	99.0	28.10	26.16	94.8	28.16	26.16	94.2	27.01	26.16	105.0
11/07/2018 10:40:08 AM	3614114408	1013.00	27.64	26.16	98.9	28.13	26.16	94.5	28.15	26.16	94.3	27.02	26.16	104.9
11/07/2018 10:40:09 AM	3614114409	1013.00	27.65	26.16	98.8	28.07	26.16	95.0	28.18	26.16	94.1	27.01	26.16	105.0
11/07/2018 10:40:10 AM	3614114410	1013.00	27.64	26.15	98.9	28.15	26.15	94.3	28.19	26.15	94.0	27.03	26.15	104.8
11/07/2018 10:40:11 AM	3614114411	1013.00	27.62	26.15	99.1	28.09	26.15	94.9	28.18	26.15	94.1	27.01	26.15	105.0
11/07/2018 10:40:12 AM	3614114412	1013.00	27.61	26.15	99.2	28.09	26.15	94.9	28.23	26.15	93.7	27.04	26.15	104.7
11/07/2018 10:40:13 AM	3614114413	1013.00	27.62	26.15	99.1	28.14	26.15	94.4	28.22	26.15	93.7	27.01	26.15	105.0
11/07/2018 10:40:14 AM	3614114414	1013.00	27.68	26.16	98.6	28.11	26.16	94.7	28.20	26.16	93.9	27.02	26.16	104.9
11/07/2018 10:40:15 AM	3614114415	1013.00	27.66	26.16	98.7	28.11	26.16	94.7	28.24	26.16	93.6	27.01	26.16	105.0
11/07/2018 10:40:16 AM	3614114416	1013.00	27.67	26.16	98.6	28.15	26.16	94.3	28.29	26.16	93.1	27.00	26.16	105.1
11/07/2018 10:40:17 AM	3614114417	1013.00	27.65	26.17	98.8	28.14	26.17	94.4	28.22	26.17	93.7	27.00	26.17	105.1
11/07/2018 10:40:18 AM	3614114418	1013.00	27.68	26.16	98.6	28.13	26.16	94.5	28.26	26.16	93.4	27.03	26.16	104.8
11/07/2018 10:40:19 AM	3614114419	1013.00	27.68	26.16	98.6	28.16	26.16	94.2	28.27	26.16	93.3	27.00	26.16	105.1
11/07/2018 10:40:20 AM	3614114420	1013.00	27.66	26.16	98.7	28.17	26.16	94.2	28.28	26.16	93.2	27.02	26.16	104.9
11/07/2018 10:40:21 AM	3614114421	1013.00	27.66	26.16	98.7	28.18	26.16	94.1	28.29	26.16	93.1	27.02	26.16	104.9
11/07/2018 10:40:22 AM	3614114422	1013.00	27.66	26.16	98.7	28.15	26.16	94.3	28.30	26.16	93.0	27.04	26.16	104.7
11/07/2018 10:40:23 AM	3614114423	1013.00	27.68	26.15	98.6	28.15	26.15	94.3	28.27	26.15	93.3	27.00	26.15	105.1
11/07/2018 10:40:24 AM	3614114424	1013.00	27.67	26.15	98.7	28.18	26.15	94.1	28.31	26.15	93.0	27.04	26.15	104.7
11/07/2018 10:40:25 AM	3614114425	1013.00	27.69	26.15	98.5	28.17	26.15	94.2	28.33	26.15	92.8	27.03	26.15	104.8
11/07/2018 10:40:26 AM	3614114426	1013.00	27.66	26.15	98.8	28.23	26.15	93.7	28.31	26.15	93.0	27.02	26.15	104.9
11/07/2018 10:40:27 AM	3614114427	1013.00	27.67	26.14	98.7	28.17	26.14	94.2	28.31	26.14	93.0	27.03	26.14	104.8
11/07/2018 10:40:28 AM	3614114428	1013.00	27.69	26.15	98.5	28.21	26.15	93.8	28.33	26.15	92.8	27.00	26.15	105.1
11/07/2018 10:40:29 AM	3614114429	1013.00	27.68	26.15	98.6	28.21	26.15	93.8	28.36	26.15	92.5	27.01	26.15	105.0
11/07/2018 10:40:30 AM	3614114430	1013.00	27.68	26.15	98.6	28.17	26.15	94.2	28.34	26.15	92.7	27.03	26.15	104.8
11/07/2018 10:40:31 AM	3614114431	1013.00	27.70	26.16	98.4	28.19	26.16	94.0	28.34	26.16	92.7	27.05	26.16	104.6
11/07/2018 10:40:32 AM	3614114432	1013.00	27.70	26.16	98.4	28.21	26.16	93.8	28.30	26.16	93.0	27.02	26.16	104.9
11/07/2018 10:40:33 AM	3614114433	1013.00	27.72	26.17	98.2	28.24	26.17	93.5	28.38	26.17	92.3	27.05	26.17	104.6
11/07/2018 10:40:34 AM	3614114434	1013.00	27.73	26.17	98.1	28.20	26.17	93.9	28.36	26.17	92.5	26.98	26.17	105.3
11/07/2018 10:40:35 AM	3614114435	1013.00	27.70	26.17	98.4	28.23	26.17	93.6	28.38	26.17	92.3	27.04	26.17	104.7
11/07/2018 10:40:36 AM	3614114436	1013.00	27.73	26.16	98.1	28.23	26.16	93.6	28.35	26.16	92.6	27.01	26.16	105.0
11/07/2018 10:40:37 AM	3614114437	1013.00	27.74	26.17	98.0	28.19	26.17	94.0	28.40	26.17	92.2	27.03	26.17	104.8
11/07/2018 10:40:38 AM	3614114438	1013.00	27.71	26.16	98.3	28.20	26.16	93.9	28.38	26.16	92.3	27.02	26.16	104.9
11/07/2018 10:40:39 AM	3614114439	1013.00	27.73	26.16	98.1	28.25	26.16	93.5	28.41	26.16	92.1	27.02	26.16	104.9
11/07/2018 10:40:40 AM	3614114440	1013.00	27.71	26.16	98.3	28.16	26.16	94.2	28.38	26.16	92.3	27.00	26.16	105.1
11/07/2018 10:40:41 AM	3614114441	1013.00	27.72	26.17	98.2	28.24	26.17	93.5	28.39	26.17	92.2	27.05	26.17	104.6
11/07/2018 10:40:42 AM	3614114442	1013.00	27.73	26.17	98.1	28.23	26.17	93.6	28.46	26.17	91.7	26.99	26.17	105.2
11/07/2018 10:40:43 AM	3614114443	1013.00	27.73	26.17	98.1	28.21	26.17	93.8	28.44	26.17	91.8	27.01	26.17	105.0
11/07/2018 10:40:44 AM	3614114444	1013.00	27.74	26.17	98.0	28.23	26.17	93.6	28.44	26.17	91.8	27.02	26.17	104.9
11/07/2018 10:40:45 AM	3614114445	1013.00	27.70	26.17	98.4	28.20	26.17	93.9	28.44	26.17	91.8	27.00	26.17	105.1
11/07/2018 10:40:46 AM	3614114446	1013.00	27.74	26.16	98.0	28.19	26.16	94.0	28.44	26.16	91.8	27.03	26.16	104.8
11/07/2018 10:40:47 AM	3614114447	1013.00	27.73	26.16	98.1	28.22	26.16	93.7	28.44	26.16	91.8	27.02	26.16	104.9
11/07/2018 10:40:48 AM	3614114448	1013.00	27.77	26.16	97.7	28.27	26.16	93.3	28.42	26.16	92.0	27.01	26.16	105.0
11/07/2018 10:40:49 AM	3614114449	1013.00	27.77	26.17	97.7	28.26	26.17	93.4	28.46	26.17	91.7	27.03	26.17	104.8
11/07/2018 10:40:50 AM	3614114450	1013.00	27.77	26.17	97.7	28.26	26.17	93.4	28.48	26.17	91.5	27.00	26.17	105.1
11/07/2018 10:40:51 AM	3614114451	1013.00	27.78	26.17	97.6	28.23	26.17	93.6	28.47	26.17	91.6	27.04	26.17	104.7
11/07/2018 10:40:52 AM	3614114452	1013.00	27.77	26.16	97.7	28.22	26.16	93.7	28.46	26.16	91.7	27.05	26.16	104.6
11/07/2018 10:40:53 AM	3614114453	1013.00	27.77	26.17	97.7	28.28	26.17	93.2	28.48	26.17	91.5	27.04	26.17	104.7
11/07/2018 10:40:54 AM	3614114454	1013.00	27.76	26.16	97.8	28.30	26.16	93.0	28.49	26.16	91.4	27.03	26.16	104.8
11/07/2018 10:40:55 AM	3614114455	1013.00	27.79	26.16	97.5	28.23	26.16	93.6	28.50	26.16	91.3	27.03	26.16	104.8
11/07/2018 10:40:56 AM	3614114456	1013.00	27.77	26.16	97.7	28.28	26.16	93.2	28.49	26.16	91.4	27.03	26.16	104.8
11/07/2018 10:40:57 AM	3614114457	1013.00	27.76	26.16	97.8	28.28	26.16	93.2	28.52	26.16	91.2	27.03	26.16	104.8
11/07/2018 10:40:58 AM	3614114458	1013.00	27.79	26.15	97.6	28.28	26.15	93.2	28.52	26.15	91.2	27.02	26.15	104.9
11/07/2018 10:40:59 AM	3614114459	1013.00	27.84	26.15	97.1	28.26	26.15	93.4	28.51	26.15	91.3	27.03	26.15	104.8
11/07/2018 10:41:00 AM	3614114460	1013.00	27.81	26.15	97.4	28.31	26.15	93.0	28.55	26.15	90.9	27.04	26.15	104.7
11/07/2018 10:41:01 AM	3614114461	1013.00	27.82	26.14	97.3	28.29	26.14	93.2	28.55	26.14	90.9	27.01	26.14	105.0
11/07/2018 10:41:02 AM	3614114462	1013.00	27.80	26.14	97.5	28.25	26.14	93.5	28.52	26.14	91.2	27.02	26.14	104.9
11/07/2018 10:41:03 AM	3614114463	1013.00	27.82	26.15	97.3	28.30	26.15	93.0	28.55	26.15	90.9	27.02	26.15	104.9
11/07/2018 10:41:04 AM	3614114464	1013.00	27.83	26.15	97.2	28.31	26.15	93.0	28.53	26.15	91.1	27.00	26.15	105.1
11/07/2018 10:41:05 AM	3614114465	1013.00	27.84	26.16	97.1	28.29	26.16	93.1	28.54	26.16	91.0	27.02	26.16	104.9
11/07/2018 10:41:06 AM	3614114466	1013.00	27.83	26.17	97.2	28.30	26.17	93.0	28.58	26.17	90.6	27.03	26.17	104.8
11/07/2018 10:41:07 AM	3614114467	1013.00	27.82	26.17	97.3	28.33	26.17	92.8	28.57	26.17	90.7	27.03	26.17	104.8
11/07/2018 10:41:08 AM	3614114468	1013.00	27.82	26.16	97.3	28.34	26.16	92.7	28.58	26.16	90.7	26.98	26.16	105.3
11/07/2018 10:41:09 AM	3614114469	1013.00	27.86	26.15	96.9	28.35	26.15	92.6	28.54	26.15	91.0	27.03	26.15	104.8
11/07/2018 10:41:10 AM	3614114470	1013.00	27.86	26.15	96.9	28.32	26.15	92.9	28.55	26.15	90.9	27.04	26.15	104.7
11/07/2018 10:41:11 AM	3614114471	1013.00	27.85	26.15	97.0	28.33	26.15	92.8	28.53	26.15	91.1	27.02	26.15	104.9
11/07/2018 10:41:12 AM	3614114472	1013.00	27.86	26.15	96.9	28.35	26.15	92.6	28.55	26.15	90.9	27.02	26.15	104.9
11/07/2018 10:41:13 AM	3614114473	1013.00	27.86	26.15	96.9	28.33	26.15	92.8	28.54	26.15	91.0	27.00	26.15	105.1
11/07/2018 10:41:14 AM	3614114474	1013.00	27.85	26.15	97.0	28.37	26.15	92.5	28.52	26.15	91.2	27.03	26.15	104.8
11/07/2018 10:41:15 AM	3614114475	1013.00	27.85	26.16	97.0	28.37	26.16	92.4	28.54	26.16	91.0	27.00	26.16	105.1
11/07/2018 10:41:16 AM	3614114476	1013.00	27.88	26.16	96.7	28.36	26.16	92.5	28.52	26.16	91.2	27.01	26.16	105.0
11/07/2018 10:41:17 AM	3614114477	1013.00	27.86	26.15	96.9	28.39	26.15	92.3	28.56	26.15	90.8	27.04	26.15	104.7
11/07/2018 10:41:18 AM	3614114478	1013.00	27.86	26.16	96.9	28.40	26.16	92.2	28.60	26.16	90.5	27.01	26.16	105.0
11/07/2018 10:41:19 AM	3614114479	1013.00	27.84	26.15	97.1	28.41	26.15	92.1	28.58	26.15	90.7	27.01	26.15	105.0
11/07/2018 10:41:20 AM	3614114480	1013.00	27.87	26.16	96.8	28.37	26.16	92.4	28.57	26.16	90.7	27.03	26.16	104.8
11/07/2018 10:41:21 AM	3614114481	1013.00	27.88	26.16	96.7	28.39	26.16	92.3	28.58	26.16	90.7	27.00	26.16	105.1
11/07/2018 10:41:22 AM	3614114482	1013.00	27.89	26.16	96.6	28.34	26.16	92.7	28.58	26.16	90.7	27.07	26.16	104.4
11/07/2018 10:41:23 AM	3614114483	1013.00	27.91	26.16	96.5	28.38	26.16	92.3	28.61	26.16	90.4	27.01	26.16	105.0
11/07/2018 10:41:24 AM	3614114484	1013.00	27.88	26.17	96.7	28.40	26.17	92.2	28.61	26.17	90.4	27.01	26.17	105.0
11/07/2018 10:41:25 AM	3614114485	1013.00	27.88	26.16	96.7	28.42	26.16	92.0	28.63	26.16	90.3	26.99	26.16	105.2
11/07/2018 10:41:26 AM	3614114486	1013.00	27.90	26.16	96.5	28.39	26.16	92.3	28.60	26.16	90.5	27.02	26.16	104.9
11/07/2018 10:41:27 AM	3614114487	1013.00	27.91	26.17	96.4	28.40	26.17	92.2	28.59	26.17	90.6	27.02	26.17	104.9
11/07/2018 10:41:28 AM	3614114488	1013.00	27.94	26.17	96.2	28.40	26.17	92.2	28.57	26.17	90.7	27.03	26.17	104.8
11/07/2018 10:41:29 AM	3614114489	1013.00	27.90	26.17	96.5	28.41	26.17	92.1	28.60	26.17	90.5	27.01	26.17	105.0
11/07/2018 10:41:30 AM	3614114490	1013.00	27.90	26.16	96.5	28.45	26.16	91.8	28.61	26.16	90.4	26.99	26.16	105.2
11/07/2018 10:41:31 AM	3614114491	1013.00	27.91	26.15	96.5	28.42	26.15	92.0	28.63	26.15	90.3	27.02	26.15	104.9
11/07/2018 10:41:32 AM	3614114492	1013.00	27.93	26.16	96.3	28.40	26.16	92.2	28.63	26.16	90.3	27.02	26.16	104.9
11/07/2018 10:41:33 AM	3614114493	1013.00	27.90	26.15	96.6	28.46	26.15	91.7	28.61	26.15	90.4	27.03	26.15	104.8
11/07/2018 10:41:34 AM	3614114494	1013.00	27.93	26.15	96.3	28.43	26.15	91.9	28.60	26.15	90.5	27.03	26.15	104.8
11/07/2018 10:41:35 AM	3614114495	1013.00	27.91	26.15	96.5	28.46	26.15	91.7	28.63	26.15	90.3	27.01	26.15	105.0
11/07/2018 10:41:36 AM	3614114496	1013.00	27.96	26.16	96.0	28.46	26.16	91.7	28.62	26.16	90.3	27.04	26.16	104.7
11/07/2018 10:41:37 AM	3614114497	1013.00	27.93	26.15	96.3	28.45	26.15	91.8	28.62	26.15	90.3	27.01	26.15	105.0
11/07/2018 10:41:38 AM	3614114498	1013.00	27.94	26.16	96.2	28.45	26.16	91.8	28.65	26.16	90.1	27.04	26.16	104.7
11/07/2018 10:41:39 AM	3614114499	1013.00	27.94	26.17	96.2	28.45	26.17	91.7	28.66	26.17	90.0	27.00	26.17	105.1
11/07/2018 10:41:40 AM	3614114500	1013.00	27.94	26.17	96.2	28.50	26.17	91.3	28.66	26.17	90.0	27.01	26.17	105.0
11/07/2018 10:41:41 AM	3614114501	1013.00	27.97	26.17	95.9	28.49	26.17	91.4	28.67	26.17	89.9	27.05	26.17	104.6
11/07/2018 10:41:42 AM	3614114502	1013.00	27.95	26.17	96.1	28.44	26.17	91.8	28.70	26.17	89.7	27.03	26.17	104.8
11/07/2018 10:41:43 AM	3614114503	1013.00	27.97	26.17	95.9	28.50	26.17	91.3	28.67	26.17	89.9	27.02	26.17	104.9
11/07/2018 10:41:44 AM	3614114504	1013.00	27.96	26.17	96.0	28.54	26.17	91.0	28.68	26.17	89.8	27.02	26.17	104.9
11/07/2018 10:41:45 AM	3614114505	1013.00	27.95	26.17	96.1	28.55	26.17	90.9	28.72	26.17	89.5	27.04	26.17	104.7
11/07/2018 10:41:46 AM	3614114506	1013.00	27.96	26.18	96.0	28.55	26.18	90.9	28.69	26.18	89.7	27.02	26.18	104.8
11/07/2018 10:41:47 AM	3614114507	1013.00	27.93	26.17	96.3	28.55	26.17	90.9	28.69	26.17	89.7	27.05	26.17	104.6
11/07/2018 10:41:48 AM	3614114508	1013.00	27.95	26.17	96.1	28.53	26.17	91.1	28.72	26.17	89.5	26.98	26.17	105.3
11/07/2018 10:41:49 AM	3614114509	1013.00	27.94	26.17	96.2	28.54	26.17	91.0	28.75	26.17	89.2	27.01	26.17	105.0
11/07/2018 10:41:50 AM	3614114510	1013.00	27.98	26.17	95.8	28.55	26.17	90.9	28.73	26.17	89.4	27.04	26.17	104.7
11/07/2018 10:41:51 AM	3614114511	1013.00	27.94	26.17	96.2	28.56	26.17	90.8	28.73	26.17	89.4	27.00	26.17	105.1
11/07/2018 10:41:52 AM	3614114512	1013.00	27.96	26.17	96.0	28.54	26.17	91.0	28.75	26.17	89.2	27.04	26.17	104.7
11/07/2018 10:41:53 AM	3614114513	1013.00	27.97	26.17	95.9	28.54	26.17	91.0	28.80	26.17	88.8	27.03	26.17	104.8
11/07/2018 10:41:54 AM	3614114514	1013.00	27.96	26.17	96.0	28.55	26.17	90.9	28.78	26.17	89.0	27.02	26.17	104.9
11/07/2018 10:41:55 AM	3614114515	1013.00	28.01	26.16	95.6	28.55	26.16	90.9	28.79	26.16	88.9	27.02	26.16	104.9
11/07/2018 10:41:56 AM	3614114516	1013.00	27.99	26.17	95.7	28.57	26.17	90.7	28.78	26.17	89.0	27.05	26.17	104.6
11/07/2018 10:41:57 AM	3614114517	1013.00	28.01	26.17	95.5	28.55	26.17	90.9	28.82	26.17	88.7	27.02	26.17	104.9
11/07/2018 10:41:58 AM	3614114518	1013.00	27.98	26.17	95.8	28.59	26.17	90.6	28.80	26.17	88.8	27.01	26.17	105.0
11/07/2018 10:41:59 AM	3614114519	1013.00	27.98	26.18	95.8	28.59	26.18	90.6	28.80	26.18	88.8	27.03	26.18	104.7
11/07/2018 10:42:00 AM	3614114520	1013.00	27.99	26.17	95.7	28.62	26.17	90.3	28.83	26.17	88.6	27.02	26.17	104.9
11/07/2018 10:42:01 AM	3614114521	1013.00	27.97	26.17	95.9	28.65	26.17	90.1	28.85	26.17	88.4	27.02	26.17	104.9
11/07/2018 10:42:02 AM	3614114522	1013.00	28.02	26.17	95.5	28.67	26.17	89.9	28.87	26.17	88.3	27.04	26.17	104.7
11/07/2018 10:42:03 AM	3614114523	1013.00	28.01	26.17	95.5	28.62	26.17	90.3	28.86	26.17	88.4	27.00	26.17	105.1
11/07/2018 10:42:04 AM	3614114524	1013.00	28.00	26.16	95.7	28.67	26.16	89.9	28.88	26.16	88.2	27.03	26.16	104.8
11/07/2018 10:42:05 AM	3614114525	1013.00	27.98	26.17	95.8	28.64	26.17	90.2	28.86	26.17	88.4	27.04	26.17	104.7
11/07/2018 10:42:06 AM	3614114526	1013.00	28.02	26.17	95.5	28.63	26.17	90.2	28.89	26.17	88.1	27.03	26.17	104.8
11/07/2018 10:42:07 AM	3614114527	1013.00	28.01	26.17	95.5	28.64	26.17	90.2	28.89	26.17	88.1	27.01	26.17	105.0
11/07/2018 10:42:08 AM	3614114528	1013.00	28.01	26.17	95.5	28.69	26.17	89.7	28.94	26.17	87.7	27.04	26.17	104.7
11/07/2018 10:42:09 AM	3614114529	1013.00	28.02	26.16	95.5	28.68	26.16	89.8	28.92	26.16	87.9	27.01	26.16	105.0
11/07/2018 10:42:10 AM	3614114530	1013.00	28.00	26.16	95.7	28.71	26.16	89.6	28.93	26.16	87.8	27.03	26.16	104.8
11/07/2018 10:42:11 AM	3614114531	1013.00	28.02	26.16	95.5	28.62	26.16	90.3	28.92	26.16	87.9	27.02	26.16	104.9
11/07/2018 10:42:12 AM	3614114532	1013.00	28.02	26.16	95.5	28.67	26.16	89.9	28.94	26.16	87.7	27.04	26.16	104.7
11/07/2018 10:42:13 AM	3614114533	1013.00	28.03	26.16	95.4	28.70	26.16	89.7	28.92	26.16	87.9	27.00	26.16	105.1
11/07/2018 10:42:14 AM	3614114534	1013.00	28.05	26.17	95.2	28.68	26.17	89.8	28.94	26.17	87.7	27.00	26.17	105.1
11/07/2018 10:42:15 AM	3614114535	1013.00	28.03	26.17	95.4	28.66	26.17	90.0	28.91	26.17	88.0	27.01	26.17	105.0
11/07/2018 10:42:16 AM	3614114536	1013.00	28.04	26.17	95.3	28.73	26.17	89.4	28.87	26.17	88.3	27.03	26.17	104.8
11/07/2018 10:42:17 AM	3614114537	1013.00	28.02	26.17	95.5	28.71	26.17	89.6	28.93	26.17	87.8	27.04	26.17	104.7
11/07/2018 10:42:18 AM	3614114538	1013.00	28.02	26.18	95.4	28.73	26.18	89.4	28.93	26.18	87.8	27.04	26.18	104.6
11/07/2018 10:42:19 AM	3614114539	1013.00	28.03	26.18	95.4	28.73	26.18	89.4	28.92	26.18	87.9	27.01	26.18	104.9
11/07/2018 10:42:20 AM	3614114540	1013.00	28.02	26.17	95.5	28.74	26.17	89.3	28.92	26.17	87.9	27.03	26.17	104.8
11/07/2018 10:42:21 AM	3614114541	1013.00	28.06	26.17	95.1	28.74	26.17	89.3	28.96	26.17	87.6	27.01	26.17	105.0
11/07/2018 10:42:22 AM	3614114542	1013.00	28.05	26.17	95.2	28.78	26.17	89.0	28.91	26.17	88.0	27.03	26.17	104.8
11/07/2018 10:42:23 AM	3614114543	1013.00	28.02	26.17	95.5	28.76	26.17	89.2	28.92	26.17	87.9	27.07	26.17	104.4
11/07/2018 10:42:24 AM	3614114544	1013.00	28.05	26.17	95.2	28.72	26.17	89.5	28.95	26.17	87.6	27.01	26.17	105.0
11/07/2018 10:42:25 AM	3614114545	1013.00	28.06	26.17	95.1	28.80	26.17	88.8	28.95	26.17	87.6	27.01	26.17	105.0
11/07/2018 10:42:26 AM	3614114546	1013.00	28.03	26.17	95.4	28.76	26.17	89.2	28.94	26.17	87.7	27.02	26.17	104.9
11/07/2018 10:42:27 AM	3614114547	1013.00	28.06	26.18	95.1	28.78	26.18	89.0	28.93	26.18	87.8	27.03	26.18	104.7
11/07/2018 10:42:28 AM	3614114548	1013.00	28.03	26.17	95.4	28.79	26.17	88.9	28.96	26.17	87.6	27.02	26.17	104.9
11/07/2018 10:42:29 AM	3614114549	1013.00	28.05	26.17	95.2	28.80	26.17	88.8	28.93	26.17	87.8	27.02	26.17	104.9
11/07/2018 10:42:30 AM	3614114550	1013.00	28.06	26.17	95.1	28.76	26.17	89.2	29.00	26.17	87.2	26.99	26.17	105.2
11/07/2018 10:42:31 AM	3614114551	1013.00	28.04	26.17	95.3	28.80	26.17	88.8	28.97	26.17	87.5	27.04	26.17	104.7
11/07/2018 10:42:32 AM	3614114552	1013.00	28.06	26.17	95.1	28.83	26.17	88.6	28.98	26.17	87.4	27.04	26.17	104.7
11/07/2018 10:42:33 AM	3614114553	1013.00	28.05	26.17	95.2	28.84	26.17	88.5	28.98	26.17	87.4	27.03	26.17	104.8
11/07/2018 10:42:34 AM	3614114554	1013.00	28.08	26.17	94.9	28.79	26.17	88.9	28.99	26.17	87.3	27.03	26.17	104.8
11/07/2018 10:42:35 AM	3614114555	1013.00	28.05	26.16	95.2	28.84	26.16	88.5	28.99	26.16	87.3	27.02	26.16	104.9
11/07/2018 10:42:36 AM	3614114556	1013.00	28.04	26.16	95.3	28.79	26.16	88.9	29.04	26.16	86.9	27.02	26.16	104.9
11/07/2018 10:42:37 AM	3614114557	1013.00	28.06	26.16	95.1	28.84	26.16	88.5	28.99	26.16	87.3	27.05	26.16	104.6
11/07/2018 10:42:38 AM	3614114558	1013.00	28.08	26.16	94.9	28.79	26.16	88.9	28.98	26.16	87.4	27.03	26.16	104.8
11/07/2018 10:42:39 AM	3614114559	1013.00	28.09	26.17	94.8	28.81	26.17	88.8	28.98	26.17	87.4	27.02	26.17	104.9
11/07/2018 10:42:40 AM	3614114560	1013.00	28.08	26.18	94.9	28.83	26.18	88.6	28.98	26.18	87.4	27.01	26.18	104.9
11/07/2018 10:42:41 AM	3614114561	1013.00	28.08	26.18	94.9	28.80	26.18	88.8	29.03	26.18	87.0	26.99	26.18	105.1
11/07/2018 10:42:42 AM	3614114562	1013.00	28.06	26.17	95.1	28.86	26.17	88.4	29.00	26.17	87.2	27.05	26.17	104.6
11/07/2018 10:42:43 AM	3614114563	1013.00	28.09	26.17	94.8	28.83	26.17	88.6	29.01	26.17	87.2	27.03	26.17	104.8
11/07/2018 10:42:44 AM	3614114564	1013.00	28.11	26.17	94.7	28.81	26.17	88.8	28.98	26.17	87.4	27.02	26.17	104.9
11/07/2018 10:42:45 AM	3614114565	1013.00	28.11	26.17	94.7	28.87	26.17	88.3	29.00	26.17	87.2	27.04	26.17	104.7
11/07/2018 10:42:46 AM	3614114566	1013.00	28.10	26.17	94.8	28.84	26.17	88.5	29.02	26.17	87.1	27.04	26.17	104.7
11/07/2018 10:42:47 AM	3614114567	1013.00	28.10	26.16	94.8	28.88	26.16	88.2	29.00	26.16	87.2	27.04	26.16	104.7
11/07/2018 10:42:48 AM	3614114568	1013.00	28.08	26.16	94.9	28.85	26.16	88.5	29.00	26.16	87.2	27.02	26.16	104.9
11/07/2018 10:42:49 AM	3614114569	1013.00	28.12	26.16	94.6	28.84	26.16	88.5	29.00	26.16	87.2	27.02	26.16	104.9
11/07/2018 10:42:50 AM	3614114570	1013.00	28.11	26.15	94.7	28.88	26.15	88.2	28.99	26.15	87.3	27.01	26.15	105.0
11/07/2018 10:42:51 AM	3614114571	1013.00	28.09	26.16	94.9	28.86	26.16	88.4	29.00	26.16	87.2	27.03	26.16	104.8
11/07/2018 10:42:52 AM	3614114572	1013.00	28.11	26.16	94.7	28.84	26.16	88.5	29.01	26.16	87.2	27.02	26.16	104.9
11/07/2018 10:42:53 AM	3614114573	1013.00	28.11	26.16	94.7	28.86	26.16	88.4	29.02	26.16	87.1	27.04	26.16	104.7
11/07/2018 10:42:54 AM	3614114574	1013.00	28.11	26.17	94.7	28.88	26.17	88.2	29.00	26.17	87.2	27.03	26.17	104.8
11/07/2018 10:42:55 AM	3614114575	1013.00	28.12	26.18	94.6	28.82	26.18	88.7	29.02	26.18	87.1	27.00	26.18	105.0
11/07/2018 10:42:56 AM	3614114576	1013.00	28.12	26.18	94.6	28.82	26.18	88.7	29.00	26.18	87.2	27.02	26.18	104.8
11/07/2018 10:42:57 AM	3614114577	1013.00	28.14	26.19	94.4	28.83	26.19	88.6	29.04	26.19	86.9	27.03	26.19	104.7
11/07/2018 10:42:58 AM	3614114578	1013.00	28.12	26.18	94.6	28.85	26.18	88.4	29.04	26.18	86.9	27.03	26.18	104.7
11/07/2018 10:42:59 AM	3614114579	1013.00	28.14	26.19	94.4	28.87	26.19	88.2	29.06	26.19	86.7	27.03	26.19	104.7
11/07/2018 10:43:00 AM	3614114580	1013.00	28.16	26.19	94.2	28.83	26.19	88.6	29.03	26.19	87.0	27.02	26.19	104.8
11/07/2018 10:43:01 AM	3614114581	1013.00	28.12	26.18	94.6	28.93	26.18	87.8	29.03	26.18	87.0	27.01	26.18	104.9
11/07/2018 10:43:02 AM	3614114582	1013.00	28.13	26.18	94.5	28.90	26.18	88.0	29.05	26.18	86.8	27.01	26.18	104.9
11/07/2018 10:43:03 AM	3614114583	1013.00	28.13	26.17	94.5	28.89	26.17	88.1	29.03	26.17	87.0	27.05	26.17	104.6
11/07/2018 10:43:04 AM	3614114584	1013.00	28.14	26.17	94.4	28.90	26.17	88.0	29.03	26.17	87.0	27.02	26.17	104.9
11/07/2018 10:43:05 AM	3614114585	1013.00	28.15	26.17	94.3	28.91	26.17	88.0	29.03	26.17	87.0	26.98	26.17	105.3
11/07/2018 10:43:06 AM	3614114586	1013.00	28.14	26.17	94.4	28.89	26.17	88.1	29.04	26.17	86.9	27.01	26.17	105.0
11/07/2018 10:43:07 AM	3614114587	1013.00	28.15	26.18	94.3	28.94	26.18	87.7	29.05	26.18	86.8	27.01	26.18	104.9
11/07/2018 10:43:08 AM	3614114588	1013.00	28.16	26.18	94.2	28.93	26.18	87.8	29.01	26.18	87.1	27.01	26.18	104.9
11/07/2018 10:43:09 AM	3614114589	1013.00	28.16	26.18	94.2	28.95	26.18	87.6	29.06	26.18	86.7	27.00	26.18	105.0
11/07/2018 10:43:10 AM	3614114590	1013.00	28.15	26.17	94.3	28.96	26.17	87.6	29.04	26.17	86.9	27.02	26.17	104.9
11/07/2018 10:43:11 AM	3614114591	1013.00	28.16	26.18	94.2	28.91	26.18	87.9	29.09	26.18	86.5	27.06	26.18	104.4
11/07/2018 10:43:12 AM	3614114592	1013.00	28.19	26.17	94.0	28.96	26.17	87.6	29.06	26.17	86.8	27.00	26.17	105.1
11/07/2018 10:43:13 AM	3614114593	1013.00	28.19	26.18	94.0	28.95	26.18	87.6	29.09	26.18	86.5	27.03	26.18	104.7
11/07/2018 10:43:14 AM	3614114594	1013.00	28.17	26.19	94.1	28.97	26.19	87.4	29.09	26.19	86.5	27.03	26.19	104.7
11/07/2018 10:43:15 AM	3614114595	1013.00	28.18	26.18	94.0	28.97	26.18	87.5	29.09	26.18	86.5	27.00	26.18	105.0
11/07/2018 10:43:16 AM	3614114596	1013.00	28.19	26.19	93.9	28.92	26.19	87.8	29.06	26.19	86.7	27.03	26.19	104.7
11/07/2018 10:43:17 AM	3614114597	1013.00	28.18	26.19	94.0	28.97	26.19	87.4	29.09	26.19	86.5	27.07	26.19	104.3
11/07/2018 10:43:18 AM	3614114598	1013.00	28.20	26.18	93.9	28.93	26.18	87.8	29.11	26.18	86.3	27.02	26.18	104.8
11/07/2018 10:43:19 AM	3614114599	1013.00	28.22	26.18	93.7	28.98	26.18	87.4	29.14	26.18	86.1	27.02	26.18	104.8
11/07/2018 10:43:20 AM	3614114600	1013.00	28.22	26.18	93.7	28.97	26.18	87.5	29.09	26.18	86.5	27.05	26.18	104.5
11/07/2018 10:43:21 AM	3614114601	1013.00	28.21	26.17	93.8	29.03	26.17	87.0	29.14	26.17	86.1	27.02	26.17	104.9
11/07/2018 10:43:22 AM	3614114602	1013.00	28.19	26.17	94.0	28.98	26.17	87.4	29.16	26.17	86.0	27.02	26.17	104.9
11/07/2018 10:43:23 AM	3614114603	1013.00	28.20	26.17	93.9	29.00	26.17	87.2	29.15	26.17	86.1	27.03	26.17	104.8
11/07/2018 10:43:24 AM	3614114604	1013.00	28.21	26.17	93.8	28.98	26.17	87.4	29.14	26.17	86.1	27.01	26.17	105.0
11/07/2018 10:43:25 AM	3614114605	1013.00	28.23	26.18	93.6	29.01	26.18	87.1	29.19	26.18	85.7	27.04	26.18	104.6
11/07/2018 10:43:26 AM	3614114606	1013.00	28.24	26.18	93.5	28.99	26.18	87.3	29.14	26.18	86.1	27.03	26.18	104.7
11/07/2018 10:43:27 AM	3614114607	1013.00	28.21	26.17	93.8	28.98	26.17	87.4	29.18	26.17	85.8	27.02	26.17	104.9
11/07/2018 10:43:28 AM	3614114608	1013.00	28.24	26.18	93.5	28.98	26.18	87.4	29.18	26.18	85.8	27.02	26.18	104.8
11/07/2018 10:43:29 AM	3614114609	1013.00	28.22	26.17	93.7	29.01	26.17	87.2	29.22	26.17	85.5	27.03	26.17	104.8
11/07/2018 10:43:30 AM	3614114610	1013.00	28.25	26.17	93.4	29.04	26.17	86.9	29.19	26.17	85.7	27.00	26.17	105.1
11/07/2018 10:43:31 AM	3614114611	1013.00	28.24	26.18	93.5	29.05	26.18	86.8	29.24	26.18	85.3	27.00	26.18	105.0
11/07/2018 10:43:32 AM	3614114612	1013.00	28.24	26.18	93.5	29.04	26.18	86.9	29.21	26.18	85.6	27.02	26.18	104.8
11/07/2018 10:43:33 AM	3614114613	1013.00	28.22	26.18	93.7	29.00	26.18	87.2	29.23	26.18	85.4	27.04	26.18	104.6
11/07/2018 10:43:34 AM	3614114614	1013.00	28.27	26.18	93.3	29.04	26.18	86.9	29.24	26.18	85.3	27.03	26.18	104.7
11/07/2018 10:43:35 AM	3614114615	1013.00	28.23	26.18	93.6	29.01	26.18	87.1	29.23	26.18	85.4	27.05	26.18	104.5
11/07/2018 10:43:36 AM	3614114616	1013.00	28.24	26.18	93.5	29.01	26.18	87.1	29.24	26.18	85.3	27.02	26.18	104.8
11/07/2018 10:43:37 AM	3614114617	1013.00	28.23	26.17	93.6	29.04	26.17	86.9	29.23	26.17	85.4	27.03	26.17	104.8
11/07/2018 10:43:38 AM	3614114618	1013.00	28.25	26.17	93.4	29.07	26.17	86.7	29.24	26.17	85.4	27.00	26.17	105.1
11/07/2018 10:43:39 AM	3614114619	1013.00	28.24	26.17	93.5	29.03	26.17	87.0	29.27	26.17	85.1	27.01	26.17	105.0
11/07/2018 10:43:40 AM	3614114620	1013.00	28.26	26.17	93.4	29.07	26.17	86.7	29.27	26.17	85.1	27.01	26.17	105.0
11/07/2018 10:43:41 AM	3614114621	1013.00	28.23	26.16	93.6	29.07	26.16	86.7	29.29	26.16	85.0	27.03	26.16	104.8
11/07/2018 10:43:42 AM	3614114622	1013.00	28.25	26.17	93.4	29.05	26.17	86.8	29.24	26.17	85.4	27.05	26.17	104.6
11/07/2018 10:43:43 AM	3614114623	1013.00	28.24	26.17	93.5	29.02	26.17	87.1	29.26	26.17	85.2	27.01	26.17	105.0
11/07/2018 10:43:44 AM	3614114624	1013.00	28.25	26.17	93.4	29.10	26.17	86.4	29.29	26.17	85.0	27.03	26.17	104.8
11/07/2018 10:43:45 AM	3614114625	1013.00	28.27	26.17	93.3	29.06	26.17	86.8	29.28	26.17	85.0	27.03	26.17	104.8
11/07/2018 10:43:46 AM	3614114626	1013.00	28.27	26.18	93.3	29.08	26.18	86.6	29.31	26.18	84.8	27.02	26.18	104.8
11/07/2018 10:43:47 AM	3614114627	1013.00	28.28	26.17	93.2	29.10	26.17	86.4	29.27	26.17	85.1	27.02	26.17	104.9
11/07/2018 10:43:48 AM	3614114628	1013.00	28.27	26.17	93.3	29.06	26.17	86.8	29.31	26.17	84.8	27.06	26.17	104.5
11/07/2018 10:43:49 AM	3614114629	1013.00	28.29	26.17	93.1	29.05	26.17	86.8	29.29	26.17	85.0	27.02	26.17	104.9
11/07/2018 10:43:50 AM	3614114630	1013.00	28.27	26.18	93.3	29.07	26.18	86.7	29.31	26.18	84.8	27.04	26.18	104.6
11/07/2018 10:43:51 AM	3614114631	1013.00	28.26	26.17	93.4	29.08	26.17	86.6	29.32	26.17	84.7	27.02	26.17	104.9
11/07/2018 10:43:52 AM	3614114632	1013.00	28.26	26.17	93.4	29.06	26.17	86.8	29.35	26.17	84.5	27.03	26.17	104.8
11/07/2018 10:43:53 AM	3614114633	1013.00	28.29	26.18	93.1	29.09	26.18	86.5	29.35	26.18	84.5	27.04	26.18	104.6
11/07/2018 10:43:54 AM	3614114634	1013.00	28.31	26.18	92.9	29.12	26.18	86.3	29.32	26.18	84.7	27.05	26.18	104.5
11/07/2018 10:43:55 AM	3614114635	1013.00	28.28	26.18	93.2	29.09	26.18	86.5	29.32	26.18	84.7	27.04	26.18	104.6
11/07/2018 10:43:56 AM	3614114636	1013.00	28.29	26.18	93.1	29.11	26.18	86.3	29.33	26.18	84.6	27.01	26.18	104.9
11/07/2018 10:43:57 AM	3614114637	1013.00	28.30	26.18	93.0	29.12	26.18	86.3	29.34	26.18	84.6	27.04	26.18	104.6
11/07/2018 10:43:58 AM	3614114638	1013.00	28.29	26.17	93.1	29.09	26.17	86.5	29.31	26.17	84.8	27.04	26.17	104.7
11/07/2018 10:43:59 AM	3614114639	1013.00	28.28	26.16	93.2	29.07	26.16	86.7	29.34	26.16	84.6	27.04	26.16	104.7
11/07/2018 10:44:00 AM	3614114640	1013.00	28.31	26.16	92.9	29.12	26.16	86.3	29.31	26.16	84.8	27.05	26.16	104.6
11/07/2018 10:44:01 AM	3614114641	1013.00	28.31	26.17	92.9	29.13	26.17	86.2	29.36	26.17	84.4	27.03	26.17	104.8
11/07/2018 10:44:02 AM	3614114642	1013.00	28.31	26.17	92.9	29.10	26.17	86.4	29.34	26.17	84.6	27.03	26.17	104.8
11/07/2018 10:44:03 AM	3614114643	1013.00	28.34	26.17	92.7	29.13	26.17	86.2	29.34	26.17	84.6	27.00	26.17	105.1
11/07/2018 10:44:04 AM	3614114644	1013.00	28.33	26.17	92.8	29.08	26.17	86.6	29.37	26.17	84.4	27.03	26.17	104.8
11/07/2018 10:44:05 AM	3614114645	1013.00	28.32	26.17	92.8	29.13	26.17	86.2	29.36	26.17	84.4	27.01	26.17	105.0
11/07/2018 10:44:06 AM	3614114646	1013.00	28.33	26.18	92.7	29.10	26.18	86.4	29.37	26.18	84.3	27.04	26.18	104.6
11/07/2018 10:44:07 AM	3614114647	1013.00	28.37	26.17	92.4	29.15	26.17	86.1	29.35	26.17	84.5	27.02	26.17	104.9
11/07/2018 10:44:08 AM	3614114648	1013.00	28.35	26.18	92.6	29.14	26.18	86.1	29.36	26.18	84.4	27.02	26.18	104.8
11/07/2018 10:44:09 AM	3614114649	1013.00	28.33	26.18	92.7	29.14	26.18	86.1	29.39	26.18	84.2	27.04	26.18	104.6
11/07/2018 10:44:10 AM	3614114650	1013.00	28.34	26.17	92.7	29.14	26.17	86.1	29.37	26.17	84.4	27.05	26.17	104.6
11/07/2018 10:44:11 AM	3614114651	1013.00	28.35	26.17	92.6	29.14	26.17	86.1	29.37	26.17	84.4	27.00	26.17	105.1
11/07/2018 10:44:12 AM	3614114652	1013.00	28.35	26.18	92.6	29.18	26.18	85.8	29.36	26.18	84.4	27.02	26.18	104.8
11/07/2018 10:44:13 AM	3614114653	1013.00	28.36	26.18	92.5	29.15	26.18	86.0	29.40	26.18	84.1	27.03	26.18	104.7
11/07/2018 10:44:14 AM	3614114654	1013.00	28.37	26.18	92.4	29.19	26.18	85.7	29.37	26.18	84.3	27.04	26.18	104.6
11/07/2018 10:44:15 AM	3614114655	1013.00	28.36	26.18	92.5	29.17	26.18	85.9	29.45	26.18	83.7	27.02	26.18	104.8
11/07/2018 10:44:16 AM	3614114656	1013.00	28.36	26.18	92.5	29.17	26.18	85.9	29.41	26.18	84.0	27.04	26.18	104.6
11/07/2018 10:44:17 AM	3614114657	1013.00	28.38	26.18	92.3	29.22	26.18	85.5	29.42	26.18	84.0	27.05	26.18	104.5
11/07/2018 10:44:18 AM	3614114658	1013.00	28.37	26.17	92.4	29.18	26.17	85.8	29.40	26.17	84.1	27.03	26.17	104.8
11/07/2018 10:44:19 AM	3614114659	1013.00	28.39	26.18	92.2	29.19	26.18	85.7	29.45	26.18	83.7	27.01	26.18	104.9
11/07/2018 10:44:20 AM	3614114660	1013.00	28.36	26.18	92.5	29.22	26.18	85.5	29.46	26.18	83.7	27.02	26.18	104.8
11/07/2018 10:44:21 AM	3614114661	1013.00	28.38	26.17	92.3	29.22	26.17	85.5	29.46	26.17	83.7	27.03	26.17	104.8
11/07/2018 10:44:22 AM	3614114662	1013.00	28.38	26.17	92.3	29.17	26.17	85.9	29.47	26.17	83.6	27.01	26.17	105.0
11/07/2018 10:44:23 AM	3614114663	1013.00	28.37	26.18	92.4	29.19	26.18	85.7	29.50	26.18	83.4	27.02	26.18	104.8
11/07/2018 10:44:24 AM	3614114664	1013.00	28.38	26.18	92.3	29.20	26.18	85.6	29.52	26.18	83.2	27.03	26.18	104.7
11/07/2018 10:44:25 AM	3614114665	1013.00	28.36	26.17	92.5	29.20	26.17	85.7	29.49	26.17	83.4	27.04	26.17	104.7
11/07/2018 10:44:26 AM	3614114666	1013.00	28.39	26.17	92.2	29.17	26.17	85.9	29.51	26.17	83.3	27.03	26.17	104.8
11/07/2018 10:44:27 AM	3614114667	1013.00	28.37	26.17	92.4	29.18	26.17	85.8	29.46	26.17	83.7	27.02	26.17	104.9
11/07/2018 10:44:28 AM	3614114668	1013.00	28.36	26.18	92.5	29.21	26.18	85.6	29.51	26.18	83.3	27.05	26.18	104.5
11/07/2018 10:44:29 AM	3614114669	1013.00	28.38	26.18	92.3	29.24	26.18	85.3	29.47	26.18	83.6	27.03	26.18	104.7
11/07/2018 10:44:30 AM	3614114670	1013.00	28.39	26.18	92.2	29.24	26.18	85.3	29.51	26.18	83.3	27.02	26.18	104.8
11/07/2018 10:44:31 AM	3614114671	1013.00	28.39	26.19	92.2	29.21	26.19	85.6	29.52	26.19	83.2	27.06	26.19	104.4
11/07/2018 10:44:32 AM	3614114672	1013.00	28.42	26.19	92.0	29.21	26.19	85.6	29.55	26.19	83.0	27.01	26.19	104.9
11/07/2018 10:44:33 AM	3614114673	1013.00	28.41	26.18	92.1	29.23	26.18	85.4	29.57	26.18	82.8	27.02	26.18	104.8
11/07/2018 10:44:34 AM	3614114674	1013.00	28.39	26.18	92.2	29.23	26.18	85.4	29.53	26.18	83.1	27.05	26.18	104.5
11/07/2018 10:44:35 AM	3614114675	1013.00	28.36	26.17	92.5	29.21	26.17	85.6	29.56	26.17	82.9	26.99	26.17	105.2
11/07/2018 10:44:36 AM	3614114676	1013.00	28.39	26.16	92.3	29.21	26.16	85.6	29.59	26.16	82.7	27.03	26.16	104.8
11/07/2018 10:44:37 AM	3614114677	1013.00	28.41	26.17	92.1	29.26	26.17	85.2	29.58	26.17	82.8	27.04	26.17	104.7
11/07/2018 10:44:38 AM	3614114678	1013.00	28.40	26.16	92.2	29.21	26.16	85.6	29.57	26.16	82.9	27.02	26.16	104.9
11/07/2018 10:44:39 AM	3614114679	1013.00	28.41	26.16	92.1	29.24	26.16	85.4	29.55	26.16	83.0	27.03	26.16	104.8
11/07/2018 10:44:40 AM	3614114680	1013.00	28.41	26.17	92.1	29.26	26.17	85.2	29.58	26.17	82.8	27.02	26.17	104.9
11/07/2018 10:44:41 AM	3614114681	1013.00	28.40	26.18	92.1	29.28	26.18	85.0	29.58	26.18	82.8	27.02	26.18	104.8
11/07/2018 10:44:42 AM	3614114682	1013.00	28.41	26.17	92.1	29.29	26.17	85.0	29.60	26.17	82.6	27.05	26.17	104.6
11/07/2018 10:44:43 AM	3614114683	1013.00	28.41	26.18	92.1	29.29	26.18	85.0	29.61	26.18	82.5	27.03	26.18	104.7
11/07/2018 10:44:44 AM	3614114684	1013.00	28.42	26.19	92.0	29.28	26.19	85.0	29.65	26.19	82.2	27.01	26.19	104.9
11/07/2018 10:44:45 AM	3614114685	1013.00	28.42	26.19	92.0	29.28	26.19	85.0	29.61	26.19	82.5	27.04	26.19	104.6
11/07/2018 10:44:46 AM	3614114686	1013.00	28.41	26.18	92.1	29.30	26.18	84.9	29.64	26.18	82.3	27.06	26.18	104.4
11/07/2018 10:44:47 AM	3614114687	1013.00	28.43	26.19	91.9	29.28	26.19	85.0	29.66	26.19	82.1	27.06	26.19	104.4
11/07/2018 10:44:48 AM	3614114688	1013.00	28.45	26.18	91.7	29.29	26.18	85.0	29.64	26.18	82.3	27.03	26.18	104.7
11/07/2018 10:44:49 AM	3614114689	1013.00	28.43	26.18	91.9	29.26	26.18	85.2	29.66	26.18	82.2	27.02	26.18	104.8
11/07/2018 10:44:50 AM	3614114690	1013.00	28.44	26.19	91.8	29.29	26.19	84.9	29.66	26.19	82.1	27.00	26.19	105.0
11/07/2018 10:44:51 AM	3614114691	1013.00	28.42	26.18	92.0	29.28	26.18	85.0	29.67	26.18	82.1	27.01	26.18	104.9
11/07/2018 10:44:52 AM	3614114692	1013.00	28.44	26.18	91.8	29.28	26.18	85.0	29.65	26.18	82.2	27.00	26.18	105.0
11/07/2018 10:44:53 AM	3614114693	1013.00	28.41	26.18	92.1	29.32	26.18	84.7	29.65	26.18	82.2	27.04	26.18	104.6
11/07/2018 10:44:54 AM	3614114694	1013.00	28.46	26.17	91.7	29.32	26.17	84.7	29.67	26.17	82.1	27.04	26.17	104.7
11/07/2018 10:44:55 AM	3614114695	1013.00	28.45	26.17	91.7	29.30	26.17	84.9	29.66	26.17	82.2	27.02	26.17	104.9
11/07/2018 10:44:56 AM	3614114696	1013.00	28.45	26.17	91.7	29.27	26.17	85.1	29.74	26.17	81.6	27.02	26.17	104.9
11/07/2018 10:44:57 AM	3614114697	1013.00	28.44	26.18	91.8	29.33	26.18	84.6	29.75	26.18	81.5	27.02	26.18	104.8
11/07/2018 10:44:58 AM	3614114698	1013.00	28.44	26.18	91.8	29.33	26.18	84.6	29.76	26.18	81.4	27.01	26.18	104.9
11/07/2018 10:44:59 AM	3614114699	1013.00	28.47	26.18	91.6	29.30	26.18	84.9	29.72	26.18	81.7	27.00	26.18	105.0
11/07/2018 10:45:00 AM	3614114700	1013.00	28.46	26.19	91.6	29.29	26.19	84.9	29.75	26.19	81.5	27.03	26.19	104.7
11/07/2018 10:45:01 AM	3614114701	1013.00	28.46	26.18	91.6	29.31	26.18	84.8	29.74	26.18	81.6	27.03	26.18	104.7
11/07/2018 10:45:02 AM	3614114702	1013.00	28.46	26.19	91.6	29.31	26.19	84.8	29.74	26.19	81.6	27.02	26.19	104.8
11/07/2018 10:45:03 AM	3614114703	1013.00	28.47	26.19	91.5	29.30	26.19	84.9	29.78	26.19	81.3	27.03	26.19	104.7
11/07/2018 10:45:04 AM	3614114704	1013.00	28.48	26.19	91.5	29.33	26.19	84.6	29.79	26.19	81.2	27.01	26.19	104.9
11/07/2018 10:45:05 AM	3614114705	1013.00	28.47	26.19	91.5	29.31	26.19	84.8	29.79	26.19	81.2	27.00	26.19	105.0
11/07/2018 10:45:06 AM	3614114706	1013.00	28.47	26.19	91.5	29.30	26.19	84.9	29.81	26.19	81.0	27.04	26.19	104.6
11/07/2018 10:45:07 AM	3614114707	1013.00	28.48	26.18	91.5	29.34	26.18	84.6	29.82	26.18	81.0	27.04	26.18	104.6
11/07/2018 10:45:08 AM	3614114708	1013.00	28.49	26.18	91.4	29.30	26.18	84.9	29.79	26.18	81.2	27.05	26.18	104.5
11/07/2018 10:45:09 AM	3614114709	1013.00	28.47	26.17	91.6	29.32	26.17	84.7	29.82	26.17	81.0	27.06	26.17	104.5
11/07/2018 10:45:10 AM	3614114710	1013.00	28.48	26.18	91.5	29.33	26.18	84.6	29.82	26.18	81.0	27.03	26.18	104.7
11/07/2018 10:45:11 AM	3614114711	1013.00	28.49	26.17	91.4	29.32	26.17	84.7	29.83	26.17	80.9	27.03	26.17	104.8
11/07/2018 10:45:12 AM	3614114712	1013.00	28.49	26.18	91.4	29.32	26.18	84.7	29.83	26.18	80.9	27.01	26.18	104.9
11/07/2018 10:45:13 AM	3614114713	1013.00	28.50	26.18	91.3	29.36	26.18	84.4	29.86	26.18	80.7	27.00	26.18	105.0
11/07/2018 10:45:14 AM	3614114714	1013.00	28.51	26.19	91.2	29.36	26.19	84.4	29.83	26.19	80.9	27.06	26.19	104.4
11/07/2018 10:45:15 AM	3614114715	1013.00	28.50	26.18	91.3	29.32	26.18	84.7	29.86	26.18	80.7	27.01	26.18	104.9
11/07/2018 10:45:16 AM	3614114716	1013.00	28.47	26.18	91.6	29.33	26.18	84.6	29.88	26.18	80.6	27.03	26.18	104.7
