Date & time of file creation	11/07/2018 1:35 PM													
Data file path	C:\Users\ameli\Desktop\Diego Barneche\2018_07_11\32_C_old_witrox_22.txt													
														
														
CALIBRATION DATA														
Parameter/Channel	N moving average	LO phase [r.U.]	HI phase [r.U.]	LO oxygen [%air saturation]	HI oxygen [%air saturation]	LO temperature [°C]	HI temperature [°C]	Salinity [‰]						
S WOT 0041 000001   , CH 1	1	59.80	27.53	0.00	100.00	26.20	26.13	0.000						
S WOT 0041 000001   , CH 2	1	59.80	27.53	0.00	100.00	26.20	26.13	0.000						
S WOT 0041 000001   , CH 3	1	59.80	27.53	0.00	100.00	26.20	26.13	0.000						
S WOT 0041 000001   , CH 4	1	59.80	27.53	0.00	100.00	26.20	26.13	0.000						
														
														
Date &Time [DD-MM-YYYY HH:MM:SS]	Time stamp code	Barometric pressure [hPa]	S WOT 0041 000001   , CH 1 phase [r.U.]	S WOT 0041 000001   , CH 1 temp [°C]	S WOT 0041 000001   , CH 1 O2 [% air saturation]	S WOT 0041 000001   , CH 2 phase [r.U.]	S WOT 0041 000001   , CH 2 temp [°C]	S WOT 0041 000001   , CH 2 O2 [% air saturation]	S WOT 0041 000001   , CH 3 phase [r.U.]	S WOT 0041 000001   , CH 3 temp [°C]	S WOT 0041 000001   , CH 3 O2 [% air saturation]	S WOT 0041 000001   , CH 4 phase [r.U.]	S WOT 0041 000001   , CH 4 temp [°C]	S WOT 0041 000001   , CH 4 O2 [% air saturation]
11/07/2018 1:36:17 PM	3614124977	1013.00	26.39	32.24	100.4	26.28	32.24	101.5	NaN	32.24	NaN	26.16	32.24	102.7
11/07/2018 1:36:18 PM	3614124978	1013.00	26.37	32.24	100.6	26.28	32.24	101.5	NaN	32.24	NaN	26.12	32.24	103.1
11/07/2018 1:36:19 PM	3614124979	1013.00	26.37	32.24	100.6	26.30	32.24	101.3	NaN	32.24	NaN	26.18	32.24	102.5
11/07/2018 1:36:20 PM	3614124980	1013.00	26.33	32.24	101.0	26.28	32.24	101.5	NaN	32.24	NaN	26.19	32.24	102.4
11/07/2018 1:36:21 PM	3614124981	1013.00	26.37	32.25	100.6	26.24	32.25	101.8	NaN	32.25	NaN	26.17	32.25	102.5
11/07/2018 1:36:22 PM	3614124982	1013.00	26.33	32.24	101.0	26.28	32.24	101.5	NaN	32.24	NaN	26.20	32.24	102.3
11/07/2018 1:36:23 PM	3614124983	1013.00	26.34	32.24	100.9	26.36	32.24	100.7	NaN	32.24	NaN	26.19	32.24	102.4
11/07/2018 1:36:24 PM	3614124984	1013.00	26.36	32.24	100.7	26.27	32.24	101.6	NaN	32.24	NaN	26.16	32.24	102.7
11/07/2018 1:36:25 PM	3614124985	1013.00	26.35	32.24	100.8	26.26	32.24	101.7	NaN	32.24	NaN	26.17	32.24	102.6
11/07/2018 1:36:26 PM	3614124986	1013.00	26.35	32.24	100.8	26.31	32.24	101.2	NaN	32.24	NaN	26.19	32.24	102.4
11/07/2018 1:36:27 PM	3614124987	1013.00	26.36	32.25	100.7	26.27	32.25	101.5	NaN	32.25	NaN	26.19	32.25	102.3
11/07/2018 1:36:28 PM	3614124988	1013.00	26.34	32.24	100.9	26.27	32.24	101.6	NaN	32.24	NaN	26.16	32.24	102.7
11/07/2018 1:36:29 PM	3614124989	1013.00	26.32	32.25	101.1	26.26	32.25	101.6	NaN	32.25	NaN	26.12	32.25	103.0
11/07/2018 1:36:30 PM	3614124990	1013.00	26.35	32.25	100.8	26.26	32.25	101.6	NaN	32.25	NaN	26.14	32.25	102.8
11/07/2018 1:36:31 PM	3614124991	1013.00	26.38	32.24	100.5	26.32	32.24	101.1	NaN	32.24	NaN	26.19	32.24	102.4
11/07/2018 1:36:32 PM	3614124992	1013.00	26.35	32.24	100.8	26.28	32.24	101.5	NaN	32.24	NaN	26.14	32.24	102.9
11/07/2018 1:36:33 PM	3614124993	1013.00	26.33	32.24	101.0	26.30	32.24	101.3	NaN	32.24	NaN	26.17	32.24	102.6
11/07/2018 1:36:34 PM	3614124994	1013.00	26.35	32.24	100.8	26.28	32.24	101.5	NaN	32.24	NaN	26.18	32.24	102.5
11/07/2018 1:36:35 PM	3614124995	1013.00	26.37	32.24	100.6	26.29	32.24	101.4	NaN	32.24	NaN	26.15	32.24	102.8
11/07/2018 1:36:36 PM	3614124996	1013.00	26.37	32.24	100.6	26.28	32.24	101.5	NaN	32.24	NaN	26.15	32.24	102.8
11/07/2018 1:36:37 PM	3614124997	1013.00	26.37	32.24	100.6	26.25	32.24	101.8	NaN	32.24	NaN	26.16	32.24	102.7
11/07/2018 1:36:38 PM	3614124998	1013.00	26.35	32.24	100.8	26.34	32.24	100.9	NaN	32.24	NaN	26.19	32.24	102.4
11/07/2018 1:36:39 PM	3614124999	1013.00	26.35	32.24	100.8	26.25	32.24	101.8	NaN	32.24	NaN	26.18	32.24	102.5
11/07/2018 1:36:40 PM	3614125000	1013.00	26.37	32.24	100.6	26.26	32.24	101.7	NaN	32.24	NaN	26.15	32.24	102.8
11/07/2018 1:36:41 PM	3614125001	1013.00	26.36	32.24	100.7	26.29	32.24	101.4	NaN	32.24	NaN	26.15	32.24	102.8
11/07/2018 1:36:42 PM	3614125002	1013.00	26.39	32.23	100.4	26.33	32.23	101.0	NaN	32.23	NaN	26.14	32.23	102.9
11/07/2018 1:36:43 PM	3614125003	1013.00	26.36	32.23	100.7	26.33	32.23	101.0	NaN	32.23	NaN	26.19	32.23	102.4
11/07/2018 1:36:44 PM	3614125004	1013.00	26.38	32.24	100.5	26.30	32.24	101.3	NaN	32.24	NaN	26.13	32.24	103.0
11/07/2018 1:36:45 PM	3614125005	1013.00	26.39	32.23	100.4	26.34	32.23	100.9	NaN	32.23	NaN	26.17	32.23	102.6
11/07/2018 1:36:46 PM	3614125006	1013.00	26.39	32.24	100.4	26.27	32.24	101.6	NaN	32.24	NaN	26.15	32.24	102.8
11/07/2018 1:36:47 PM	3614125007	1013.00	26.41	32.23	100.2	26.32	32.23	101.1	NaN	32.23	NaN	26.18	32.23	102.5
11/07/2018 1:36:48 PM	3614125008	1013.00	26.38	32.24	100.5	26.27	32.24	101.6	NaN	32.24	NaN	26.16	32.24	102.7
11/07/2018 1:36:49 PM	3614125009	1013.00	26.38	32.23	100.5	26.32	32.23	101.1	NaN	32.23	NaN	26.16	32.23	102.7
11/07/2018 1:36:50 PM	3614125010	1013.00	26.38	32.23	100.5	26.23	32.23	102.0	NaN	32.23	NaN	26.14	32.23	102.9
11/07/2018 1:36:51 PM	3614125011	1013.00	26.36	32.23	100.7	26.37	32.23	100.6	NaN	32.23	NaN	26.18	32.23	102.5
11/07/2018 1:36:52 PM	3614125012	1013.00	26.41	32.23	100.2	26.30	32.23	101.3	NaN	32.23	NaN	26.18	32.23	102.5
11/07/2018 1:36:53 PM	3614125013	1013.00	26.41	32.23	100.2	26.28	32.23	101.5	NaN	32.23	NaN	26.16	32.23	102.7
11/07/2018 1:36:54 PM	3614125014	1013.00	26.40	32.23	100.3	26.30	32.23	101.3	NaN	32.23	NaN	26.19	32.23	102.4
11/07/2018 1:36:55 PM	3614125015	1013.00	26.41	32.23	100.2	26.22	32.23	102.1	NaN	32.23	NaN	26.16	32.23	102.7
11/07/2018 1:36:56 PM	3614125016	1013.00	26.43	32.23	100.0	26.27	32.23	101.6	NaN	32.23	NaN	26.18	32.23	102.5
11/07/2018 1:36:57 PM	3614125017	1013.00	26.40	32.24	100.3	26.30	32.24	101.3	NaN	32.24	NaN	26.18	32.24	102.5
11/07/2018 1:36:58 PM	3614125018	1013.00	26.40	32.23	100.3	26.27	32.23	101.6	NaN	32.23	NaN	26.18	32.23	102.5
11/07/2018 1:36:59 PM	3614125019	1013.00	26.38	32.23	100.5	26.25	32.23	101.8	NaN	32.23	NaN	26.13	32.23	103.0
11/07/2018 1:37:00 PM	3614125020	1013.00	26.40	32.22	100.3	26.31	32.22	101.2	NaN	32.22	NaN	26.19	32.22	102.4
11/07/2018 1:37:01 PM	3614125021	1013.00	26.41	32.22	100.2	26.30	32.22	101.3	NaN	32.22	NaN	26.15	32.22	102.8
11/07/2018 1:37:02 PM	3614125022	1013.00	26.45	32.22	99.8	26.30	32.22	101.3	NaN	32.22	NaN	26.17	32.22	102.6
11/07/2018 1:37:03 PM	3614125023	1013.00	26.43	32.23	100.0	26.35	32.23	100.8	NaN	32.23	NaN	26.13	32.23	103.0
11/07/2018 1:37:04 PM	3614125024	1013.00	26.43	32.23	100.0	26.29	32.23	101.4	NaN	32.23	NaN	26.18	32.23	102.5
11/07/2018 1:37:05 PM	3614125025	1013.00	26.45	32.23	99.8	26.27	32.23	101.6	NaN	32.23	NaN	26.21	32.23	102.2
11/07/2018 1:37:06 PM	3614125026	1013.00	26.45	32.23	99.8	26.29	32.23	101.4	NaN	32.23	NaN	26.16	32.23	102.7
11/07/2018 1:37:07 PM	3614125027	1013.00	26.46	32.23	99.7	26.30	32.23	101.3	NaN	32.23	NaN	26.18	32.23	102.5
11/07/2018 1:37:08 PM	3614125028	1013.00	26.46	32.23	99.7	26.30	32.23	101.3	NaN	32.23	NaN	26.16	32.23	102.7
11/07/2018 1:37:09 PM	3614125029	1013.00	26.49	32.24	99.4	26.40	32.24	100.3	NaN	32.24	NaN	26.16	32.24	102.7
11/07/2018 1:37:10 PM	3614125030	1013.00	26.46	32.24	99.7	26.37	32.24	100.6	NaN	32.24	NaN	26.17	32.24	102.6
11/07/2018 1:37:11 PM	3614125031	1013.00	26.48	32.24	99.5	26.28	32.24	101.5	NaN	32.24	NaN	26.15	32.24	102.8
11/07/2018 1:37:12 PM	3614125032	1013.00	26.51	32.24	99.2	26.28	32.24	101.5	NaN	32.24	NaN	26.13	32.24	103.0
11/07/2018 1:37:13 PM	3614125033	1013.00	26.48	32.24	99.5	26.37	32.24	100.6	NaN	32.24	NaN	26.16	32.24	102.7
11/07/2018 1:37:14 PM	3614125034	1013.00	26.45	32.23	99.8	26.35	32.23	100.8	NaN	32.23	NaN	26.14	32.23	102.9
11/07/2018 1:37:15 PM	3614125035	1013.00	26.50	32.23	99.4	26.30	32.23	101.3	NaN	32.23	NaN	26.16	32.23	102.7
11/07/2018 1:37:16 PM	3614125036	1013.00	26.48	32.23	99.5	26.30	32.23	101.3	NaN	32.23	NaN	26.14	32.23	102.9
11/07/2018 1:37:17 PM	3614125037	1013.00	26.50	32.23	99.4	26.36	32.23	100.7	NaN	32.23	NaN	26.17	32.23	102.6
11/07/2018 1:37:18 PM	3614125038	1013.00	26.49	32.23	99.4	26.36	32.23	100.7	NaN	32.23	NaN	26.17	32.23	102.6
11/07/2018 1:37:19 PM	3614125039	1013.00	26.46	32.23	99.7	26.33	32.23	101.0	NaN	32.23	NaN	26.18	32.23	102.5
11/07/2018 1:37:20 PM	3614125040	1013.00	26.50	32.23	99.4	26.35	32.23	100.8	NaN	32.23	NaN	26.16	32.23	102.7
11/07/2018 1:37:21 PM	3614125041	1013.00	26.52	32.24	99.1	26.42	32.24	100.1	NaN	32.24	NaN	26.20	32.24	102.3
11/07/2018 1:37:22 PM	3614125042	1013.00	26.50	32.24	99.3	26.38	32.24	100.5	NaN	32.24	NaN	26.18	32.24	102.5
11/07/2018 1:37:23 PM	3614125043	1013.00	26.52	32.25	99.1	26.39	32.25	100.4	NaN	32.25	NaN	26.14	32.25	102.8
11/07/2018 1:37:24 PM	3614125044	1013.00	26.53	32.25	99.0	26.30	32.25	101.3	NaN	32.25	NaN	26.14	32.25	102.8
11/07/2018 1:37:25 PM	3614125045	1013.00	26.52	32.24	99.1	26.35	32.24	100.8	NaN	32.24	NaN	26.14	32.24	102.9
11/07/2018 1:37:26 PM	3614125046	1013.00	26.51	32.24	99.2	26.36	32.24	100.7	NaN	32.24	NaN	26.16	32.24	102.7
11/07/2018 1:37:27 PM	3614125047	1013.00	26.50	32.24	99.3	26.37	32.24	100.6	NaN	32.24	NaN	26.17	32.24	102.6
11/07/2018 1:37:28 PM	3614125048	1013.00	26.51	32.23	99.3	26.43	32.23	100.0	NaN	32.23	NaN	26.21	32.23	102.2
11/07/2018 1:37:29 PM	3614125049	1013.00	26.48	32.23	99.5	26.40	32.23	100.3	NaN	32.23	NaN	26.20	32.23	102.3
11/07/2018 1:37:30 PM	3614125050	1013.00	26.51	32.24	99.2	26.40	32.24	100.3	NaN	32.24	NaN	26.16	32.24	102.7
11/07/2018 1:37:31 PM	3614125051	1013.00	26.51	32.24	99.2	26.36	32.24	100.7	NaN	32.24	NaN	26.18	32.24	102.5
11/07/2018 1:37:32 PM	3614125052	1013.00	26.51	32.24	99.2	26.42	32.24	100.1	NaN	32.24	NaN	26.19	32.24	102.4
11/07/2018 1:37:33 PM	3614125053	1013.00	26.52	32.24	99.1	26.34	32.24	100.9	NaN	32.24	NaN	26.14	32.24	102.9
11/07/2018 1:37:34 PM	3614125054	1013.00	26.52	32.23	99.2	26.44	32.23	99.9	NaN	32.23	NaN	26.18	32.23	102.5
11/07/2018 1:37:35 PM	3614125055	1013.00	26.52	32.24	99.1	26.36	32.24	100.7	NaN	32.24	NaN	26.17	32.24	102.6
11/07/2018 1:37:36 PM	3614125056	1013.00	26.55	32.24	98.9	26.42	32.24	100.1	NaN	32.24	NaN	26.12	32.24	103.1
11/07/2018 1:37:37 PM	3614125057	1013.00	26.56	32.24	98.8	26.43	32.24	100.0	NaN	32.24	NaN	26.18	32.24	102.5
11/07/2018 1:37:38 PM	3614125058	1013.00	26.54	32.24	99.0	26.37	32.24	100.6	NaN	32.24	NaN	26.17	32.24	102.6
11/07/2018 1:37:39 PM	3614125059	1013.00	26.57	32.24	98.7	26.39	32.24	100.4	NaN	32.24	NaN	26.17	32.24	102.6
11/07/2018 1:37:40 PM	3614125060	1013.00	26.57	32.24	98.7	26.42	32.24	100.1	NaN	32.24	NaN	26.15	32.24	102.8
11/07/2018 1:37:41 PM	3614125061	1013.00	26.59	32.24	98.5	26.42	32.24	100.1	NaN	32.24	NaN	26.18	32.24	102.5
11/07/2018 1:37:42 PM	3614125062	1013.00	26.62	32.24	98.2	26.45	32.24	99.8	NaN	32.24	NaN	26.19	32.24	102.4
11/07/2018 1:37:43 PM	3614125063	1013.00	26.59	32.24	98.5	26.39	32.24	100.4	NaN	32.24	NaN	26.17	32.24	102.6
11/07/2018 1:37:44 PM	3614125064	1013.00	26.61	32.24	98.3	26.41	32.24	100.2	NaN	32.24	NaN	26.18	32.24	102.5
11/07/2018 1:37:45 PM	3614125065	1013.00	26.62	32.23	98.2	26.46	32.23	99.7	NaN	32.23	NaN	26.17	32.23	102.6
11/07/2018 1:37:46 PM	3614125066	1013.00	26.62	32.22	98.2	26.43	32.22	100.0	NaN	32.22	NaN	26.17	32.22	102.6
11/07/2018 1:37:47 PM	3614125067	1013.00	26.63	32.23	98.1	26.45	32.23	99.8	NaN	32.23	NaN	26.17	32.23	102.6
11/07/2018 1:37:48 PM	3614125068	1013.00	26.64	32.24	98.0	26.51	32.24	99.2	NaN	32.24	NaN	26.15	32.24	102.8
11/07/2018 1:37:49 PM	3614125069	1013.00	26.64	32.24	98.0	26.51	32.24	99.2	NaN	32.24	NaN	26.16	32.24	102.7
11/07/2018 1:37:50 PM	3614125070	1013.00	26.62	32.25	98.2	26.45	32.25	99.8	NaN	32.25	NaN	26.17	32.25	102.5
11/07/2018 1:37:51 PM	3614125071	1013.00	26.64	32.24	98.0	26.45	32.24	99.8	NaN	32.24	NaN	26.17	32.24	102.6
11/07/2018 1:37:52 PM	3614125072	1013.00	26.63	32.24	98.1	26.46	32.24	99.7	NaN	32.24	NaN	26.19	32.24	102.4
11/07/2018 1:37:53 PM	3614125073	1013.00	26.62	32.23	98.2	26.50	32.23	99.4	NaN	32.23	NaN	26.20	32.23	102.3
11/07/2018 1:37:54 PM	3614125074	1013.00	26.64	32.23	98.0	26.42	32.23	100.1	NaN	32.23	NaN	26.16	32.23	102.7
11/07/2018 1:37:55 PM	3614125075	1013.00	26.65	32.24	97.9	26.46	32.24	99.7	NaN	32.24	NaN	26.14	32.24	102.9
11/07/2018 1:37:56 PM	3614125076	1013.00	26.65	32.24	97.9	26.47	32.24	99.6	NaN	32.24	NaN	26.15	32.24	102.8
11/07/2018 1:37:57 PM	3614125077	1013.00	26.67	32.23	97.7	26.49	32.23	99.4	NaN	32.23	NaN	26.15	32.23	102.8
11/07/2018 1:37:58 PM	3614125078	1013.00	26.66	32.24	97.8	26.46	32.24	99.7	NaN	32.24	NaN	26.16	32.24	102.7
11/07/2018 1:37:59 PM	3614125079	1013.00	26.68	32.24	97.6	26.49	32.24	99.4	NaN	32.24	NaN	26.15	32.24	102.8
11/07/2018 1:38:00 PM	3614125080	1013.00	26.67	32.24	97.7	26.52	32.24	99.1	NaN	32.24	NaN	26.15	32.24	102.8
11/07/2018 1:38:01 PM	3614125081	1013.00	26.70	32.24	97.4	26.47	32.24	99.6	NaN	32.24	NaN	26.14	32.24	102.9
11/07/2018 1:38:02 PM	3614125082	1013.00	26.66	32.24	97.8	26.54	32.24	99.0	NaN	32.24	NaN	26.15	32.24	102.8
11/07/2018 1:38:03 PM	3614125083	1013.00	26.67	32.24	97.7	26.51	32.24	99.2	NaN	32.24	NaN	26.16	32.24	102.7
11/07/2018 1:38:04 PM	3614125084	1013.00	26.68	32.24	97.6	26.50	32.24	99.3	NaN	32.24	NaN	26.15	32.24	102.8
11/07/2018 1:38:05 PM	3614125085	1013.00	26.68	32.24	97.6	26.50	32.24	99.3	NaN	32.24	NaN	26.19	32.24	102.4
11/07/2018 1:38:06 PM	3614125086	1013.00	26.69	32.25	97.5	26.51	32.25	99.2	NaN	32.25	NaN	26.18	32.25	102.4
11/07/2018 1:38:07 PM	3614125087	1013.00	26.70	32.24	97.4	26.56	32.24	98.8	NaN	32.24	NaN	26.16	32.24	102.7
11/07/2018 1:38:08 PM	3614125088	1013.00	26.72	32.24	97.3	26.46	32.24	99.7	NaN	32.24	NaN	26.21	32.24	102.2
11/07/2018 1:38:09 PM	3614125089	1013.00	26.69	32.23	97.6	26.54	32.23	99.0	NaN	32.23	NaN	26.19	32.23	102.4
11/07/2018 1:38:10 PM	3614125090	1013.00	26.70	32.23	97.5	26.53	32.23	99.1	NaN	32.23	NaN	26.16	32.23	102.7
11/07/2018 1:38:11 PM	3614125091	1013.00	26.72	32.23	97.3	26.56	32.23	98.8	NaN	32.23	NaN	26.16	32.23	102.7
11/07/2018 1:38:12 PM	3614125092	1013.00	26.73	32.23	97.2	26.54	32.23	99.0	NaN	32.23	NaN	26.17	32.23	102.6
11/07/2018 1:38:13 PM	3614125093	1013.00	26.71	32.24	97.4	26.53	32.24	99.1	NaN	32.24	NaN	26.15	32.24	102.8
11/07/2018 1:38:14 PM	3614125094	1013.00	26.74	32.24	97.1	26.51	32.24	99.2	NaN	32.24	NaN	26.15	32.24	102.8
11/07/2018 1:38:15 PM	3614125095	1013.00	26.75	32.24	97.0	26.55	32.24	98.9	NaN	32.24	NaN	26.14	32.24	102.9
11/07/2018 1:38:16 PM	3614125096	1013.00	26.75	32.24	97.0	26.52	32.24	99.1	NaN	32.24	NaN	26.17	32.24	102.6
11/07/2018 1:38:17 PM	3614125097	1013.00	26.77	32.23	96.8	26.56	32.23	98.8	NaN	32.23	NaN	26.19	32.23	102.4
11/07/2018 1:38:18 PM	3614125098	1013.00	26.76	32.23	96.9	26.53	32.23	99.1	NaN	32.23	NaN	26.13	32.23	103.0
11/07/2018 1:38:19 PM	3614125099	1013.00	26.78	32.24	96.7	26.53	32.24	99.1	NaN	32.24	NaN	26.16	32.24	102.7
11/07/2018 1:38:20 PM	3614125100	1013.00	26.79	32.24	96.6	26.56	32.24	98.8	NaN	32.24	NaN	26.16	32.24	102.7
11/07/2018 1:38:21 PM	3614125101	1013.00	26.78	32.24	96.7	26.56	32.24	98.8	NaN	32.24	NaN	26.16	32.24	102.7
11/07/2018 1:38:22 PM	3614125102	1013.00	26.78	32.24	96.7	26.62	32.24	98.2	NaN	32.24	NaN	26.16	32.24	102.7
11/07/2018 1:38:23 PM	3614125103	1013.00	26.80	32.24	96.5	26.57	32.24	98.7	NaN	32.24	NaN	26.16	32.24	102.7
11/07/2018 1:38:24 PM	3614125104	1013.00	26.80	32.24	96.5	26.61	32.24	98.3	NaN	32.24	NaN	26.19	32.24	102.4
11/07/2018 1:38:25 PM	3614125105	1013.00	26.82	32.23	96.4	26.61	32.23	98.3	NaN	32.23	NaN	26.18	32.23	102.5
11/07/2018 1:38:26 PM	3614125106	1013.00	26.80	32.23	96.5	26.60	32.23	98.4	NaN	32.23	NaN	26.18	32.23	102.5
11/07/2018 1:38:27 PM	3614125107	1013.00	26.82	32.23	96.4	26.58	32.23	98.6	NaN	32.23	NaN	26.20	32.23	102.3
11/07/2018 1:38:28 PM	3614125108	1013.00	26.84	32.24	96.2	26.62	32.24	98.2	NaN	32.24	NaN	26.15	32.24	102.8
11/07/2018 1:38:29 PM	3614125109	1013.00	26.84	32.24	96.2	26.64	32.24	98.0	NaN	32.24	NaN	26.17	32.24	102.6
11/07/2018 1:38:30 PM	3614125110	1013.00	26.86	32.24	96.0	26.63	32.24	98.1	NaN	32.24	NaN	26.16	32.24	102.7
11/07/2018 1:38:31 PM	3614125111	1013.00	26.85	32.25	96.0	26.57	32.25	98.7	NaN	32.25	NaN	26.17	32.25	102.5
11/07/2018 1:38:32 PM	3614125112	1013.00	26.85	32.25	96.0	26.62	32.25	98.2	NaN	32.25	NaN	26.17	32.25	102.5
11/07/2018 1:38:33 PM	3614125113	1013.00	26.87	32.24	95.9	26.68	32.24	97.6	NaN	32.24	NaN	26.16	32.24	102.7
11/07/2018 1:38:34 PM	3614125114	1013.00	26.89	32.24	95.7	26.59	32.24	98.5	NaN	32.24	NaN	26.17	32.24	102.6
11/07/2018 1:38:35 PM	3614125115	1013.00	26.88	32.24	95.8	26.66	32.24	97.8	NaN	32.24	NaN	26.18	32.24	102.5
11/07/2018 1:38:36 PM	3614125116	1013.00	26.86	32.23	96.0	26.62	32.23	98.2	NaN	32.23	NaN	26.16	32.23	102.7
11/07/2018 1:38:37 PM	3614125117	1013.00	26.90	32.23	95.6	26.65	32.23	97.9	NaN	32.23	NaN	26.17	32.23	102.6
11/07/2018 1:38:38 PM	3614125118	1013.00	26.91	32.23	95.5	26.65	32.23	97.9	NaN	32.23	NaN	26.17	32.23	102.6
11/07/2018 1:38:39 PM	3614125119	1013.00	26.89	32.25	95.7	26.61	32.25	98.3	NaN	32.25	NaN	26.18	32.25	102.4
11/07/2018 1:38:40 PM	3614125120	1013.00	26.92	32.24	95.4	26.63	32.24	98.1	NaN	32.24	NaN	26.17	32.24	102.6
11/07/2018 1:38:41 PM	3614125121	1013.00	26.92	32.24	95.4	26.60	32.24	98.4	NaN	32.24	NaN	26.18	32.24	102.5
11/07/2018 1:38:42 PM	3614125122	1013.00	26.94	32.25	95.2	26.62	32.25	98.2	NaN	32.25	NaN	26.18	32.25	102.4
11/07/2018 1:38:43 PM	3614125123	1013.00	26.92	32.25	95.4	26.65	32.25	97.9	NaN	32.25	NaN	26.17	32.25	102.5
11/07/2018 1:38:44 PM	3614125124	1013.00	26.92	32.24	95.4	26.63	32.24	98.1	NaN	32.24	NaN	26.16	32.24	102.7
11/07/2018 1:38:45 PM	3614125125	1013.00	26.98	32.24	94.9	26.67	32.24	97.7	NaN	32.24	NaN	26.17	32.24	102.6
11/07/2018 1:38:46 PM	3614125126	1013.00	26.94	32.23	95.3	26.63	32.23	98.1	NaN	32.23	NaN	26.18	32.23	102.5
11/07/2018 1:38:47 PM	3614125127	1013.00	26.95	32.23	95.2	26.62	32.23	98.2	NaN	32.23	NaN	26.17	32.23	102.6
11/07/2018 1:38:48 PM	3614125128	1013.00	26.94	32.22	95.3	26.62	32.22	98.2	NaN	32.22	NaN	26.16	32.22	102.7
11/07/2018 1:38:49 PM	3614125129	1013.00	26.94	32.22	95.3	26.69	32.22	97.6	NaN	32.22	NaN	26.20	32.22	102.3
11/07/2018 1:38:50 PM	3614125130	1013.00	26.99	32.22	94.8	26.65	32.22	97.9	NaN	32.22	NaN	26.18	32.22	102.5
11/07/2018 1:38:51 PM	3614125131	1013.00	26.96	32.23	95.1	26.63	32.23	98.1	NaN	32.23	NaN	26.16	32.23	102.7
11/07/2018 1:38:52 PM	3614125132	1013.00	26.99	32.22	94.8	26.70	32.22	97.5	NaN	32.22	NaN	26.15	32.22	102.8
11/07/2018 1:38:53 PM	3614125133	1013.00	26.98	32.24	94.9	26.65	32.24	97.9	NaN	32.24	NaN	26.18	32.24	102.5
11/07/2018 1:38:54 PM	3614125134	1013.00	26.99	32.24	94.8	26.64	32.24	98.0	NaN	32.24	NaN	26.15	32.24	102.8
11/07/2018 1:38:55 PM	3614125135	1013.00	26.99	32.24	94.8	26.67	32.24	97.7	NaN	32.24	NaN	26.19	32.24	102.4
11/07/2018 1:38:56 PM	3614125136	1013.00	27.03	32.23	94.4	26.69	32.23	97.6	NaN	32.23	NaN	26.19	32.23	102.4
11/07/2018 1:38:57 PM	3614125137	1013.00	27.03	32.23	94.4	26.70	32.23	97.5	NaN	32.23	NaN	26.19	32.23	102.4
11/07/2018 1:38:58 PM	3614125138	1013.00	27.02	32.23	94.5	26.69	32.23	97.6	NaN	32.23	NaN	26.16	32.23	102.7
11/07/2018 1:38:59 PM	3614125139	1013.00	27.04	32.22	94.4	26.69	32.22	97.6	NaN	32.22	NaN	26.18	32.22	102.5
11/07/2018 1:39:00 PM	3614125140	1013.00	27.05	32.23	94.3	26.72	32.23	97.3	NaN	32.23	NaN	26.17	32.23	102.6
11/07/2018 1:39:01 PM	3614125141	1013.00	27.04	32.24	94.3	26.71	32.24	97.4	NaN	32.24	NaN	26.14	32.24	102.9
11/07/2018 1:39:02 PM	3614125142	1013.00	27.04	32.23	94.4	26.69	32.23	97.6	NaN	32.23	NaN	26.20	32.23	102.3
11/07/2018 1:39:03 PM	3614125143	1013.00	27.07	32.23	94.1	26.71	32.23	97.4	NaN	32.23	NaN	26.19	32.23	102.4
11/07/2018 1:39:04 PM	3614125144	1013.00	27.06	32.23	94.2	26.68	32.23	97.7	NaN	32.23	NaN	26.14	32.23	102.9
11/07/2018 1:39:05 PM	3614125145	1013.00	27.08	32.23	94.0	26.70	32.23	97.5	NaN	32.23	NaN	26.18	32.23	102.5
11/07/2018 1:39:06 PM	3614125146	1013.00	27.10	32.23	93.8	26.72	32.23	97.3	NaN	32.23	NaN	26.16	32.23	102.7
11/07/2018 1:39:07 PM	3614125147	1013.00	27.10	32.23	93.8	26.75	32.23	97.0	NaN	32.23	NaN	26.19	32.23	102.4
11/07/2018 1:39:08 PM	3614125148	1013.00	27.12	32.23	93.6	26.71	32.23	97.4	NaN	32.23	NaN	26.19	32.23	102.4
11/07/2018 1:39:09 PM	3614125149	1013.00	27.11	32.23	93.7	26.73	32.23	97.2	NaN	32.23	NaN	26.21	32.23	102.2
11/07/2018 1:39:10 PM	3614125150	1013.00	27.16	32.24	93.3	26.69	32.24	97.5	NaN	32.24	NaN	26.17	32.24	102.6
11/07/2018 1:39:11 PM	3614125151	1013.00	27.16	32.23	93.3	26.75	32.23	97.0	NaN	32.23	NaN	26.16	32.23	102.7
11/07/2018 1:39:12 PM	3614125152	1013.00	27.14	32.23	93.5	26.70	32.23	97.5	NaN	32.23	NaN	26.17	32.23	102.6
11/07/2018 1:39:13 PM	3614125153	1013.00	27.14	32.23	93.5	26.75	32.23	97.0	NaN	32.23	NaN	26.15	32.23	102.8
11/07/2018 1:39:14 PM	3614125154	1013.00	27.20	32.23	92.9	26.72	32.23	97.3	NaN	32.23	NaN	26.16	32.23	102.7
11/07/2018 1:39:15 PM	3614125155	1013.00	27.18	32.23	93.1	26.70	32.23	97.5	NaN	32.23	NaN	26.18	32.23	102.5
11/07/2018 1:39:16 PM	3614125156	1013.00	27.20	32.23	92.9	26.70	32.23	97.5	NaN	32.23	NaN	26.20	32.23	102.3
11/07/2018 1:39:17 PM	3614125157	1013.00	27.15	32.22	93.4	26.74	32.22	97.1	NaN	32.22	NaN	26.18	32.22	102.5
11/07/2018 1:39:18 PM	3614125158	1013.00	27.18	32.23	93.1	26.72	32.23	97.3	NaN	32.23	NaN	26.19	32.23	102.4
11/07/2018 1:39:19 PM	3614125159	1013.00	27.19	32.24	93.0	26.72	32.24	97.3	NaN	32.24	NaN	26.16	32.24	102.7
11/07/2018 1:39:20 PM	3614125160	1013.00	27.19	32.24	93.0	26.75	32.24	97.0	NaN	32.24	NaN	26.16	32.24	102.7
11/07/2018 1:39:21 PM	3614125161	1013.00	27.19	32.24	93.0	26.76	32.24	96.9	NaN	32.24	NaN	26.17	32.24	102.6
11/07/2018 1:39:22 PM	3614125162	1013.00	27.19	32.24	93.0	26.72	32.24	97.3	NaN	32.24	NaN	26.14	32.24	102.9
11/07/2018 1:39:23 PM	3614125163	1013.00	27.18	32.24	93.1	26.71	32.24	97.4	NaN	32.24	NaN	26.16	32.24	102.7
11/07/2018 1:39:24 PM	3614125164	1013.00	27.26	32.23	92.4	26.75	32.23	97.0	NaN	32.23	NaN	26.16	32.23	102.7
11/07/2018 1:39:25 PM	3614125165	1013.00	27.21	32.23	92.8	26.73	32.23	97.2	NaN	32.23	NaN	26.17	32.23	102.6
11/07/2018 1:39:26 PM	3614125166	1013.00	27.24	32.23	92.6	26.71	32.23	97.4	NaN	32.23	NaN	26.20	32.23	102.3
11/07/2018 1:39:27 PM	3614125167	1013.00	27.23	32.23	92.7	26.76	32.23	96.9	NaN	32.23	NaN	26.21	32.23	102.2
11/07/2018 1:39:28 PM	3614125168	1013.00	27.22	32.22	92.8	26.73	32.22	97.2	NaN	32.22	NaN	26.16	32.22	102.7
11/07/2018 1:39:29 PM	3614125169	1013.00	27.23	32.23	92.7	26.75	32.23	97.0	NaN	32.23	NaN	26.17	32.23	102.6
11/07/2018 1:39:30 PM	3614125170	1013.00	27.25	32.23	92.5	26.75	32.23	97.0	NaN	32.23	NaN	26.15	32.23	102.8
11/07/2018 1:39:31 PM	3614125171	1013.00	27.23	32.24	92.7	26.76	32.24	96.9	NaN	32.24	NaN	26.19	32.24	102.4
11/07/2018 1:39:32 PM	3614125172	1013.00	27.23	32.24	92.7	26.75	32.24	97.0	NaN	32.24	NaN	26.22	32.24	102.1
11/07/2018 1:39:33 PM	3614125173	1013.00	27.28	32.24	92.2	26.76	32.24	96.9	NaN	32.24	NaN	26.16	32.24	102.7
11/07/2018 1:39:34 PM	3614125174	1013.00	27.26	32.24	92.4	26.76	32.24	96.9	NaN	32.24	NaN	26.19	32.24	102.4
11/07/2018 1:39:35 PM	3614125175	1013.00	27.25	32.24	92.5	26.80	32.24	96.5	NaN	32.24	NaN	26.19	32.24	102.4
11/07/2018 1:39:36 PM	3614125176	1013.00	27.26	32.23	92.4	26.81	32.23	96.4	NaN	32.23	NaN	26.18	32.23	102.5
11/07/2018 1:39:37 PM	3614125177	1013.00	27.26	32.23	92.4	26.78	32.23	96.7	NaN	32.23	NaN	26.17	32.23	102.6
11/07/2018 1:39:38 PM	3614125178	1013.00	27.24	32.23	92.6	26.82	32.23	96.4	NaN	32.23	NaN	26.17	32.23	102.6
11/07/2018 1:39:39 PM	3614125179	1013.00	27.26	32.23	92.4	26.86	32.23	96.0	NaN	32.23	NaN	26.17	32.23	102.6
11/07/2018 1:39:40 PM	3614125180	1013.00	27.28	32.24	92.2	26.75	32.24	97.0	NaN	32.24	NaN	26.19	32.24	102.4
11/07/2018 1:39:41 PM	3614125181	1013.00	27.28	32.24	92.2	26.84	32.24	96.2	NaN	32.24	NaN	26.20	32.24	102.3
11/07/2018 1:39:42 PM	3614125182	1013.00	27.28	32.24	92.2	26.84	32.24	96.2	NaN	32.24	NaN	26.18	32.24	102.5
11/07/2018 1:39:43 PM	3614125183	1013.00	27.28	32.24	92.2	26.81	32.24	96.4	NaN	32.24	NaN	26.19	32.24	102.4
11/07/2018 1:39:44 PM	3614125184	1013.00	27.32	32.24	91.9	26.78	32.24	96.7	NaN	32.24	NaN	26.14	32.24	102.9
11/07/2018 1:39:45 PM	3614125185	1013.00	27.30	32.24	92.0	26.88	32.24	95.8	NaN	32.24	NaN	26.20	32.24	102.3
11/07/2018 1:39:46 PM	3614125186	1013.00	27.29	32.24	92.1	26.80	32.24	96.5	NaN	32.24	NaN	26.20	32.24	102.3
11/07/2018 1:39:47 PM	3614125187	1013.00	27.29	32.23	92.1	26.82	32.23	96.4	NaN	32.23	NaN	26.16	32.23	102.7
11/07/2018 1:39:48 PM	3614125188	1013.00	27.32	32.24	91.9	26.83	32.24	96.2	NaN	32.24	NaN	26.18	32.24	102.5
11/07/2018 1:39:49 PM	3614125189	1013.00	27.36	32.23	91.5	26.83	32.23	96.3	NaN	32.23	NaN	26.16	32.23	102.7
11/07/2018 1:39:50 PM	3614125190	1013.00	27.36	32.23	91.5	26.81	32.23	96.4	NaN	32.23	NaN	26.18	32.23	102.5
11/07/2018 1:39:51 PM	3614125191	1013.00	27.36	32.23	91.5	26.90	32.23	95.6	NaN	32.23	NaN	26.18	32.23	102.5
11/07/2018 1:39:52 PM	3614125192	1013.00	27.38	32.23	91.4	26.81	32.23	96.4	NaN	32.23	NaN	26.15	32.23	102.8
11/07/2018 1:39:53 PM	3614125193	1013.00	27.38	32.24	91.4	26.90	32.24	95.6	NaN	32.24	NaN	26.16	32.24	102.7
11/07/2018 1:39:54 PM	3614125194	1013.00	27.39	32.23	91.3	26.87	32.23	95.9	NaN	32.23	NaN	26.21	32.23	102.2
11/07/2018 1:39:55 PM	3614125195	1013.00	27.42	32.23	91.0	26.84	32.23	96.2	NaN	32.23	NaN	26.19	32.23	102.4
11/07/2018 1:39:56 PM	3614125196	1013.00	27.38	32.23	91.4	26.89	32.23	95.7	NaN	32.23	NaN	26.15	32.23	102.8
11/07/2018 1:39:57 PM	3614125197	1013.00	27.43	32.23	90.9	26.91	32.23	95.5	NaN	32.23	NaN	26.17	32.23	102.6
11/07/2018 1:39:58 PM	3614125198	1013.00	27.43	32.23	90.9	26.89	32.23	95.7	NaN	32.23	NaN	26.17	32.23	102.6
11/07/2018 1:39:59 PM	3614125199	1013.00	27.41	32.24	91.1	26.86	32.24	96.0	NaN	32.24	NaN	26.20	32.24	102.3
11/07/2018 1:40:00 PM	3614125200	1013.00	27.45	32.24	90.8	26.98	32.24	94.9	NaN	32.24	NaN	26.15	32.24	102.8
11/07/2018 1:40:01 PM	3614125201	1013.00	27.48	32.24	90.5	26.88	32.24	95.8	NaN	32.24	NaN	26.19	32.24	102.4
11/07/2018 1:40:02 PM	3614125202	1013.00	27.49	32.25	90.4	26.90	32.25	95.6	NaN	32.25	NaN	26.15	32.25	102.7
11/07/2018 1:40:03 PM	3614125203	1013.00	27.49	32.25	90.4	26.90	32.25	95.6	NaN	32.25	NaN	26.17	32.25	102.5
11/07/2018 1:40:04 PM	3614125204	1013.00	27.49	32.25	90.4	26.92	32.25	95.4	NaN	32.25	NaN	26.16	32.25	102.6
11/07/2018 1:40:05 PM	3614125205	1013.00	27.51	32.24	90.2	26.93	32.24	95.3	NaN	32.24	NaN	26.17	32.24	102.6
11/07/2018 1:40:06 PM	3614125206	1013.00	27.51	32.24	90.2	26.91	32.24	95.5	NaN	32.24	NaN	26.18	32.24	102.5
11/07/2018 1:40:07 PM	3614125207	1013.00	27.51	32.24	90.2	26.95	32.24	95.1	NaN	32.24	NaN	26.15	32.24	102.8
11/07/2018 1:40:08 PM	3614125208	1013.00	27.56	32.24	89.8	26.87	32.24	95.9	NaN	32.24	NaN	26.22	32.24	102.1
11/07/2018 1:40:09 PM	3614125209	1013.00	27.53	32.23	90.1	26.94	32.23	95.3	NaN	32.23	NaN	26.17	32.23	102.6
11/07/2018 1:40:10 PM	3614125210	1013.00	27.56	32.24	89.8	26.98	32.24	94.9	NaN	32.24	NaN	26.17	32.24	102.6
11/07/2018 1:40:11 PM	3614125211	1013.00	27.55	32.23	89.9	26.94	32.23	95.3	NaN	32.23	NaN	26.18	32.23	102.5
11/07/2018 1:40:12 PM	3614125212	1013.00	27.55	32.23	89.9	26.97	32.23	95.0	NaN	32.23	NaN	26.18	32.23	102.5
11/07/2018 1:40:13 PM	3614125213	1013.00	27.56	32.24	89.8	26.98	32.24	94.9	NaN	32.24	NaN	26.16	32.24	102.7
11/07/2018 1:40:14 PM	3614125214	1013.00	27.57	32.23	89.7	26.90	32.23	95.6	NaN	32.23	NaN	26.17	32.23	102.6
11/07/2018 1:40:15 PM	3614125215	1013.00	27.58	32.24	89.6	26.94	32.24	95.2	NaN	32.24	NaN	26.18	32.24	102.5
11/07/2018 1:40:16 PM	3614125216	1013.00	27.59	32.24	89.6	26.93	32.24	95.3	NaN	32.24	NaN	26.16	32.24	102.7
11/07/2018 1:40:17 PM	3614125217	1013.00	27.57	32.24	89.7	26.96	32.24	95.1	NaN	32.24	NaN	26.19	32.24	102.4
11/07/2018 1:40:18 PM	3614125218	1013.00	27.58	32.24	89.6	26.99	32.24	94.8	NaN	32.24	NaN	26.18	32.24	102.5
11/07/2018 1:40:19 PM	3614125219	1013.00	27.58	32.24	89.6	26.98	32.24	94.9	NaN	32.24	NaN	26.17	32.24	102.6
11/07/2018 1:40:20 PM	3614125220	1013.00	27.58	32.24	89.6	26.98	32.24	94.9	NaN	32.24	NaN	26.16	32.24	102.7
11/07/2018 1:40:21 PM	3614125221	1013.00	27.59	32.24	89.6	26.96	32.24	95.1	NaN	32.24	NaN	26.17	32.24	102.6
11/07/2018 1:40:22 PM	3614125222	1013.00	27.58	32.24	89.6	26.96	32.24	95.1	NaN	32.24	NaN	26.17	32.24	102.6
11/07/2018 1:40:23 PM	3614125223	1013.00	27.58	32.23	89.7	26.94	32.23	95.3	NaN	32.23	NaN	26.21	32.23	102.2
11/07/2018 1:40:24 PM	3614125224	1013.00	27.58	32.24	89.6	27.01	32.24	94.6	NaN	32.24	NaN	26.18	32.24	102.5
11/07/2018 1:40:25 PM	3614125225	1013.00	27.60	32.24	89.5	26.99	32.24	94.8	NaN	32.24	NaN	26.18	32.24	102.5
11/07/2018 1:40:26 PM	3614125226	1013.00	27.59	32.24	89.6	26.99	32.24	94.8	NaN	32.24	NaN	26.17	32.24	102.6
11/07/2018 1:40:27 PM	3614125227	1013.00	27.58	32.24	89.6	27.06	32.24	94.2	NaN	32.24	NaN	26.15	32.24	102.8
11/07/2018 1:40:28 PM	3614125228	1013.00	27.57	32.24	89.7	27.03	32.24	94.4	NaN	32.24	NaN	26.17	32.24	102.6
11/07/2018 1:40:29 PM	3614125229	1013.00	27.59	32.24	89.6	27.03	32.24	94.4	NaN	32.24	NaN	26.17	32.24	102.6
11/07/2018 1:40:30 PM	3614125230	1013.00	27.61	32.24	89.4	27.08	32.24	94.0	NaN	32.24	NaN	26.19	32.24	102.4
11/07/2018 1:40:31 PM	3614125231	1013.00	27.56	32.25	89.8	27.00	32.25	94.7	NaN	32.25	NaN	26.18	32.25	102.4
11/07/2018 1:40:32 PM	3614125232	1013.00	27.57	32.26	89.7	27.05	32.26	94.2	NaN	32.26	NaN	26.18	32.26	102.4
11/07/2018 1:40:33 PM	3614125233	1013.00	27.57	32.25	89.7	27.07	32.25	94.1	NaN	32.25	NaN	26.16	32.25	102.6
11/07/2018 1:40:34 PM	3614125234	1013.00	27.62	32.25	89.3	27.04	32.25	94.3	NaN	32.25	NaN	26.19	32.25	102.3
11/07/2018 1:40:35 PM	3614125235	1013.00	27.61	32.25	89.4	27.06	32.25	94.1	NaN	32.25	NaN	26.18	32.25	102.4
11/07/2018 1:40:36 PM	3614125236	1013.00	27.60	32.24	89.5	27.10	32.24	93.8	NaN	32.24	NaN	26.17	32.24	102.6
11/07/2018 1:40:37 PM	3614125237	1013.00	27.64	32.24	89.1	27.04	32.24	94.3	NaN	32.24	NaN	26.18	32.24	102.5
11/07/2018 1:40:38 PM	3614125238	1013.00	27.65	32.24	89.1	27.06	32.24	94.2	NaN	32.24	NaN	26.16	32.24	102.7
11/07/2018 1:40:39 PM	3614125239	1013.00	27.62	32.24	89.3	27.07	32.24	94.1	NaN	32.24	NaN	26.17	32.24	102.6
11/07/2018 1:40:40 PM	3614125240	1013.00	27.62	32.24	89.3	27.10	32.24	93.8	NaN	32.24	NaN	26.18	32.24	102.5
11/07/2018 1:40:41 PM	3614125241	1013.00	27.62	32.24	89.3	27.09	32.24	93.9	NaN	32.24	NaN	26.17	32.24	102.6
11/07/2018 1:40:42 PM	3614125242	1013.00	27.66	32.23	89.0	27.09	32.23	93.9	NaN	32.23	NaN	26.18	32.23	102.5
11/07/2018 1:40:43 PM	3614125243	1013.00	27.63	32.24	89.2	27.14	32.24	93.4	NaN	32.24	NaN	26.18	32.24	102.5
11/07/2018 1:40:44 PM	3614125244	1013.00	27.68	32.24	88.8	27.09	32.24	93.9	NaN	32.24	NaN	26.16	32.24	102.7
11/07/2018 1:40:45 PM	3614125245	1013.00	27.68	32.24	88.8	27.17	32.24	93.2	NaN	32.24	NaN	26.18	32.24	102.5
11/07/2018 1:40:46 PM	3614125246	1013.00	27.66	32.24	89.0	27.11	32.24	93.7	NaN	32.24	NaN	26.14	32.24	102.9
11/07/2018 1:40:47 PM	3614125247	1013.00	27.67	32.23	88.9	27.20	32.23	92.9	NaN	32.23	NaN	26.17	32.23	102.6
11/07/2018 1:40:48 PM	3614125248	1013.00	27.72	32.23	88.5	27.11	32.23	93.7	NaN	32.23	NaN	26.16	32.23	102.7
11/07/2018 1:40:49 PM	3614125249	1013.00	27.70	32.23	88.7	27.14	32.23	93.5	NaN	32.23	NaN	26.14	32.23	102.9
11/07/2018 1:40:50 PM	3614125250	1013.00	27.70	32.23	88.7	27.18	32.23	93.1	NaN	32.23	NaN	26.14	32.23	102.9
11/07/2018 1:40:51 PM	3614125251	1013.00	27.70	32.24	88.6	27.11	32.24	93.7	NaN	32.24	NaN	26.17	32.24	102.6
11/07/2018 1:40:52 PM	3614125252	1013.00	27.71	32.24	88.6	27.17	32.24	93.2	NaN	32.24	NaN	26.17	32.24	102.6
11/07/2018 1:40:53 PM	3614125253	1013.00	27.72	32.24	88.5	27.16	32.24	93.3	NaN	32.24	NaN	26.17	32.24	102.6
11/07/2018 1:40:54 PM	3614125254	1013.00	27.74	32.25	88.3	27.14	32.25	93.4	NaN	32.25	NaN	26.17	32.25	102.5
11/07/2018 1:40:55 PM	3614125255	1013.00	27.71	32.24	88.6	27.08	32.24	94.0	NaN	32.24	NaN	26.19	32.24	102.4
11/07/2018 1:40:56 PM	3614125256	1013.00	27.72	32.24	88.5	27.17	32.24	93.2	NaN	32.24	NaN	26.17	32.24	102.6
11/07/2018 1:40:57 PM	3614125257	1013.00	27.75	32.26	88.2	27.14	32.26	93.4	NaN	32.26	NaN	26.18	32.26	102.4
11/07/2018 1:40:58 PM	3614125258	1013.00	27.76	32.25	88.1	27.16	32.25	93.3	NaN	32.25	NaN	26.21	32.25	102.1
11/07/2018 1:40:59 PM	3614125259	1013.00	27.75	32.25	88.2	27.18	32.25	93.1	NaN	32.25	NaN	26.17	32.25	102.5
11/07/2018 1:41:00 PM	3614125260	1013.00	27.75	32.24	88.2	27.09	32.24	93.9	NaN	32.24	NaN	26.15	32.24	102.8
11/07/2018 1:41:01 PM	3614125261	1013.00	27.75	32.24	88.2	27.14	32.24	93.4	NaN	32.24	NaN	26.15	32.24	102.8
11/07/2018 1:41:02 PM	3614125262	1013.00	27.76	32.24	88.1	27.19	32.24	93.0	NaN	32.24	NaN	26.16	32.24	102.7
11/07/2018 1:41:03 PM	3614125263	1013.00	27.77	32.23	88.1	27.16	32.23	93.3	NaN	32.23	NaN	26.18	32.23	102.5
11/07/2018 1:41:04 PM	3614125264	1013.00	27.78	32.23	88.0	27.15	32.23	93.4	NaN	32.23	NaN	26.20	32.23	102.3
11/07/2018 1:41:05 PM	3614125265	1013.00	27.76	32.24	88.1	27.16	32.24	93.3	NaN	32.24	NaN	26.16	32.24	102.7
11/07/2018 1:41:06 PM	3614125266	1013.00	27.78	32.24	88.0	27.16	32.24	93.3	NaN	32.24	NaN	26.18	32.24	102.5
11/07/2018 1:41:07 PM	3614125267	1013.00	27.77	32.24	88.1	27.18	32.24	93.1	NaN	32.24	NaN	26.17	32.24	102.6
11/07/2018 1:41:08 PM	3614125268	1013.00	27.74	32.25	88.3	27.21	32.25	92.8	NaN	32.25	NaN	26.18	32.25	102.4
11/07/2018 1:41:09 PM	3614125269	1013.00	27.79	32.25	87.9	27.25	32.25	92.5	NaN	32.25	NaN	26.21	32.25	102.1
11/07/2018 1:41:10 PM	3614125270	1013.00	27.79	32.25	87.9	27.19	32.25	93.0	NaN	32.25	NaN	26.21	32.25	102.1
11/07/2018 1:41:11 PM	3614125271	1013.00	27.79	32.25	87.9	27.23	32.25	92.6	NaN	32.25	NaN	26.18	32.25	102.4
11/07/2018 1:41:12 PM	3614125272	1013.00	27.82	32.25	87.6	27.17	32.25	93.2	NaN	32.25	NaN	26.18	32.25	102.4
11/07/2018 1:41:13 PM	3614125273	1013.00	27.79	32.24	87.9	27.25	32.24	92.5	NaN	32.24	NaN	26.18	32.24	102.5
11/07/2018 1:41:14 PM	3614125274	1013.00	27.83	32.24	87.6	27.23	32.24	92.7	NaN	32.24	NaN	26.20	32.24	102.3
11/07/2018 1:41:15 PM	3614125275	1013.00	27.82	32.24	87.7	27.21	32.24	92.8	NaN	32.24	NaN	26.19	32.24	102.4
11/07/2018 1:41:16 PM	3614125276	1013.00	27.85	32.23	87.4	27.22	32.23	92.8	NaN	32.23	NaN	26.15	32.23	102.8
11/07/2018 1:41:17 PM	3614125277	1013.00	27.84	32.23	87.5	27.22	32.23	92.8	NaN	32.23	NaN	26.19	32.23	102.4
11/07/2018 1:41:18 PM	3614125278	1013.00	27.84	32.22	87.5	27.24	32.22	92.6	NaN	32.22	NaN	26.21	32.22	102.2
11/07/2018 1:41:19 PM	3614125279	1013.00	27.83	32.23	87.6	27.25	32.23	92.5	NaN	32.23	NaN	26.19	32.23	102.4
11/07/2018 1:41:20 PM	3614125280	1013.00	27.83	32.23	87.6	27.26	32.23	92.4	NaN	32.23	NaN	26.16	32.23	102.7
11/07/2018 1:41:21 PM	3614125281	1013.00	27.81	32.23	87.8	27.30	32.23	92.1	NaN	32.23	NaN	26.16	32.23	102.7
11/07/2018 1:41:22 PM	3614125282	1013.00	27.85	32.24	87.4	27.25	32.24	92.5	NaN	32.24	NaN	26.21	32.24	102.2
11/07/2018 1:41:23 PM	3614125283	1013.00	27.85	32.25	87.4	27.24	32.25	92.6	NaN	32.25	NaN	26.16	32.25	102.6
11/07/2018 1:41:24 PM	3614125284	1013.00	27.85	32.25	87.4	27.27	32.25	92.3	NaN	32.25	NaN	26.21	32.25	102.1
11/07/2018 1:41:25 PM	3614125285	1013.00	27.83	32.25	87.6	27.32	32.25	91.9	NaN	32.25	NaN	26.18	32.25	102.4
11/07/2018 1:41:26 PM	3614125286	1013.00	27.87	32.25	87.2	27.27	32.25	92.3	NaN	32.25	NaN	26.18	32.25	102.4
11/07/2018 1:41:27 PM	3614125287	1013.00	27.85	32.24	87.4	27.23	32.24	92.7	NaN	32.24	NaN	26.18	32.24	102.5
11/07/2018 1:41:28 PM	3614125288	1013.00	27.85	32.24	87.4	27.29	32.24	92.1	NaN	32.24	NaN	26.18	32.24	102.5
11/07/2018 1:41:29 PM	3614125289	1013.00	27.85	32.24	87.4	27.27	32.24	92.3	NaN	32.24	NaN	26.19	32.24	102.4
11/07/2018 1:41:30 PM	3614125290	1013.00	27.87	32.24	87.2	27.26	32.24	92.4	NaN	32.24	NaN	26.18	32.24	102.5
11/07/2018 1:41:31 PM	3614125291	1013.00	27.88	32.24	87.2	27.22	32.24	92.7	NaN	32.24	NaN	26.18	32.24	102.5
11/07/2018 1:41:32 PM	3614125292	1013.00	27.87	32.25	87.2	27.32	32.25	91.9	NaN	32.25	NaN	26.16	32.25	102.6
11/07/2018 1:41:33 PM	3614125293	1013.00	27.90	32.25	87.0	27.29	32.25	92.1	NaN	32.25	NaN	26.19	32.25	102.3
11/07/2018 1:41:34 PM	3614125294	1013.00	27.87	32.24	87.2	27.29	32.24	92.1	NaN	32.24	NaN	26.19	32.24	102.4
11/07/2018 1:41:35 PM	3614125295	1013.00	27.89	32.24	87.1	27.34	32.24	91.7	NaN	32.24	NaN	26.21	32.24	102.2
11/07/2018 1:41:36 PM	3614125296	1013.00	27.90	32.24	87.0	27.30	32.24	92.0	NaN	32.24	NaN	26.16	32.24	102.7
11/07/2018 1:41:37 PM	3614125297	1013.00	27.90	32.24	87.0	27.32	32.24	91.9	NaN	32.24	NaN	26.20	32.24	102.3
11/07/2018 1:41:38 PM	3614125298	1013.00	27.92	32.25	86.8	27.29	32.25	92.1	NaN	32.25	NaN	26.17	32.25	102.5
11/07/2018 1:41:39 PM	3614125299	1013.00	27.91	32.24	86.9	27.30	32.24	92.0	NaN	32.24	NaN	26.19	32.24	102.4
11/07/2018 1:41:40 PM	3614125300	1013.00	27.91	32.24	86.9	27.33	32.24	91.8	NaN	32.24	NaN	26.23	32.24	102.0
11/07/2018 1:41:41 PM	3614125301	1013.00	27.93	32.24	86.8	27.31	32.24	92.0	NaN	32.24	NaN	26.20	32.24	102.3
11/07/2018 1:41:42 PM	3614125302	1013.00	27.95	32.25	86.6	27.32	32.25	91.9	NaN	32.25	NaN	26.15	32.25	102.7
11/07/2018 1:41:43 PM	3614125303	1013.00	27.99	32.25	86.3	27.36	32.25	91.5	NaN	32.25	NaN	26.19	32.25	102.3
11/07/2018 1:41:44 PM	3614125304	1013.00	28.01	32.26	86.1	27.34	32.26	91.7	NaN	32.26	NaN	26.14	32.26	102.8
11/07/2018 1:41:45 PM	3614125305	1013.00	27.99	32.25	86.3	27.35	32.25	91.6	NaN	32.25	NaN	26.17	32.25	102.5
11/07/2018 1:41:46 PM	3614125306	1013.00	27.99	32.25	86.3	27.36	32.25	91.5	NaN	32.25	NaN	26.20	32.25	102.2
11/07/2018 1:41:47 PM	3614125307	1013.00	28.01	32.25	86.1	27.38	32.25	91.3	NaN	32.25	NaN	26.18	32.25	102.4
11/07/2018 1:41:48 PM	3614125308	1013.00	28.06	32.24	85.7	27.30	32.24	92.0	NaN	32.24	NaN	26.18	32.24	102.5
11/07/2018 1:41:49 PM	3614125309	1013.00	28.04	32.24	85.9	27.38	32.24	91.4	NaN	32.24	NaN	26.17	32.24	102.6
11/07/2018 1:41:50 PM	3614125310	1013.00	28.04	32.24	85.9	27.33	32.24	91.8	NaN	32.24	NaN	26.18	32.24	102.5
11/07/2018 1:41:51 PM	3614125311	1013.00	28.07	32.25	85.6	27.36	32.25	91.5	NaN	32.25	NaN	26.20	32.25	102.2
11/07/2018 1:41:52 PM	3614125312	1013.00	28.05	32.25	85.8	27.35	32.25	91.6	NaN	32.25	NaN	26.18	32.25	102.4
11/07/2018 1:41:53 PM	3614125313	1013.00	28.07	32.26	85.6	27.37	32.26	91.4	NaN	32.26	NaN	26.18	32.26	102.4
11/07/2018 1:41:54 PM	3614125314	1013.00	28.06	32.25	85.7	27.41	32.25	91.1	NaN	32.25	NaN	26.18	32.25	102.4
11/07/2018 1:41:55 PM	3614125315	1013.00	28.07	32.26	85.6	27.37	32.26	91.4	NaN	32.26	NaN	26.18	32.26	102.4
11/07/2018 1:41:56 PM	3614125316	1013.00	28.09	32.25	85.5	27.41	32.25	91.1	NaN	32.25	NaN	26.18	32.25	102.4
11/07/2018 1:41:57 PM	3614125317	1013.00	28.08	32.25	85.5	27.41	32.25	91.1	NaN	32.25	NaN	26.17	32.25	102.5
11/07/2018 1:41:58 PM	3614125318	1013.00	28.05	32.25	85.8	27.36	32.25	91.5	NaN	32.25	NaN	26.15	32.25	102.7
11/07/2018 1:41:59 PM	3614125319	1013.00	28.10	32.25	85.4	27.40	32.25	91.2	NaN	32.25	NaN	26.20	32.25	102.2
11/07/2018 1:42:00 PM	3614125320	1013.00	28.08	32.25	85.5	27.41	32.25	91.1	NaN	32.25	NaN	26.20	32.25	102.2
11/07/2018 1:42:01 PM	3614125321	1013.00	28.09	32.25	85.5	27.41	32.25	91.1	NaN	32.25	NaN	26.18	32.25	102.4
11/07/2018 1:42:02 PM	3614125322	1013.00	28.06	32.25	85.7	27.35	32.25	91.6	NaN	32.25	NaN	26.21	32.25	102.1
11/07/2018 1:42:03 PM	3614125323	1013.00	28.10	32.25	85.4	27.38	32.25	91.3	NaN	32.25	NaN	26.19	32.25	102.3
11/07/2018 1:42:04 PM	3614125324	1013.00	28.08	32.25	85.5	27.38	32.25	91.3	NaN	32.25	NaN	26.16	32.25	102.6
11/07/2018 1:42:05 PM	3614125325	1013.00	28.09	32.25	85.5	27.39	32.25	91.2	NaN	32.25	NaN	26.18	32.25	102.4
11/07/2018 1:42:06 PM	3614125326	1013.00	28.13	32.26	85.1	27.43	32.26	90.9	NaN	32.26	NaN	26.17	32.26	102.5
11/07/2018 1:42:07 PM	3614125327	1013.00	28.11	32.26	85.3	27.42	32.26	91.0	NaN	32.26	NaN	26.18	32.26	102.4
11/07/2018 1:42:08 PM	3614125328	1013.00	28.15	32.27	85.0	27.40	32.27	91.1	NaN	32.27	NaN	26.20	32.27	102.2
11/07/2018 1:42:09 PM	3614125329	1013.00	28.12	32.26	85.2	27.43	32.26	90.9	NaN	32.26	NaN	26.20	32.26	102.2
11/07/2018 1:42:10 PM	3614125330	1013.00	28.14	32.26	85.1	27.37	32.26	91.4	NaN	32.26	NaN	26.19	32.26	102.3
11/07/2018 1:42:11 PM	3614125331	1013.00	28.16	32.26	84.9	27.46	32.26	90.6	NaN	32.26	NaN	26.18	32.26	102.4
11/07/2018 1:42:12 PM	3614125332	1013.00	28.13	32.25	85.1	27.41	32.25	91.1	NaN	32.25	NaN	26.19	32.25	102.3
11/07/2018 1:42:13 PM	3614125333	1013.00	28.15	32.24	85.0	27.43	32.24	90.9	NaN	32.24	NaN	26.16	32.24	102.7
11/07/2018 1:42:14 PM	3614125334	1013.00	28.14	32.25	85.1	27.40	32.25	91.2	NaN	32.25	NaN	26.17	32.25	102.5
11/07/2018 1:42:15 PM	3614125335	1013.00	28.16	32.24	84.9	27.42	32.24	91.0	NaN	32.24	NaN	26.19	32.24	102.4
11/07/2018 1:42:16 PM	3614125336	1013.00	28.18	32.24	84.8	27.45	32.24	90.8	NaN	32.24	NaN	26.22	32.24	102.1
11/07/2018 1:42:17 PM	3614125337	1013.00	28.17	32.25	84.8	27.52	32.25	90.1	NaN	32.25	NaN	26.18	32.25	102.4
11/07/2018 1:42:18 PM	3614125338	1013.00	28.18	32.25	84.8	27.49	32.25	90.4	NaN	32.25	NaN	26.21	32.25	102.1
11/07/2018 1:42:19 PM	3614125339	1013.00	28.17	32.25	84.8	27.45	32.25	90.7	NaN	32.25	NaN	26.19	32.25	102.3
11/07/2018 1:42:20 PM	3614125340	1013.00	28.17	32.24	84.8	27.48	32.24	90.5	NaN	32.24	NaN	26.18	32.24	102.5
11/07/2018 1:42:21 PM	3614125341	1013.00	28.20	32.25	84.6	27.53	32.25	90.1	NaN	32.25	NaN	26.20	32.25	102.2
11/07/2018 1:42:22 PM	3614125342	1013.00	28.21	32.25	84.5	27.46	32.25	90.6	NaN	32.25	NaN	26.17	32.25	102.5
11/07/2018 1:42:23 PM	3614125343	1013.00	28.25	32.24	84.2	27.51	32.24	90.2	NaN	32.24	NaN	26.19	32.24	102.4
11/07/2018 1:42:24 PM	3614125344	1013.00	28.25	32.25	84.2	27.40	32.25	91.2	NaN	32.25	NaN	26.18	32.25	102.4
11/07/2018 1:42:25 PM	3614125345	1013.00	28.25	32.25	84.2	27.45	32.25	90.7	NaN	32.25	NaN	26.18	32.25	102.4
11/07/2018 1:42:26 PM	3614125346	1013.00	28.27	32.24	84.1	27.48	32.24	90.5	NaN	32.24	NaN	26.15	32.24	102.8
11/07/2018 1:42:27 PM	3614125347	1013.00	28.26	32.24	84.1	27.48	32.24	90.5	NaN	32.24	NaN	26.19	32.24	102.4
11/07/2018 1:42:28 PM	3614125348	1013.00	28.28	32.25	84.0	27.51	32.25	90.2	NaN	32.25	NaN	26.16	32.25	102.6
11/07/2018 1:42:29 PM	3614125349	1013.00	28.27	32.24	84.1	27.47	32.24	90.6	NaN	32.24	NaN	26.19	32.24	102.4
11/07/2018 1:42:30 PM	3614125350	1013.00	28.30	32.24	83.8	27.46	32.24	90.7	NaN	32.24	NaN	26.22	32.24	102.1
11/07/2018 1:42:31 PM	3614125351	1013.00	28.29	32.24	83.9	27.48	32.24	90.5	NaN	32.24	NaN	26.20	32.24	102.3
11/07/2018 1:42:32 PM	3614125352	1013.00	28.30	32.24	83.8	27.48	32.24	90.5	NaN	32.24	NaN	26.17	32.24	102.6
11/07/2018 1:42:33 PM	3614125353	1013.00	28.32	32.23	83.7	27.52	32.23	90.2	NaN	32.23	NaN	26.19	32.23	102.4
11/07/2018 1:42:34 PM	3614125354	1013.00	28.33	32.24	83.6	27.47	32.24	90.6	NaN	32.24	NaN	26.22	32.24	102.1
11/07/2018 1:42:35 PM	3614125355	1013.00	28.36	32.23	83.4	27.50	32.23	90.3	NaN	32.23	NaN	26.21	32.23	102.2
11/07/2018 1:42:36 PM	3614125356	1013.00	28.34	32.24	83.5	27.47	32.24	90.6	NaN	32.24	NaN	26.21	32.24	102.2
11/07/2018 1:42:37 PM	3614125357	1013.00	28.35	32.24	83.4	27.51	32.24	90.2	NaN	32.24	NaN	26.19	32.24	102.4
11/07/2018 1:42:38 PM	3614125358	1013.00	28.34	32.25	83.5	27.46	32.25	90.6	NaN	32.25	NaN	26.19	32.25	102.3
11/07/2018 1:42:39 PM	3614125359	1013.00	28.35	32.26	83.4	27.53	32.26	90.0	NaN	32.26	NaN	26.19	32.26	102.3
11/07/2018 1:42:40 PM	3614125360	1013.00	28.36	32.26	83.3	27.45	32.26	90.7	NaN	32.26	NaN	26.15	32.26	102.7
11/07/2018 1:42:41 PM	3614125361	1013.00	28.38	32.26	83.2	27.48	32.26	90.5	NaN	32.26	NaN	26.20	32.26	102.2
11/07/2018 1:42:42 PM	3614125362	1013.00	28.41	32.26	83.0	27.49	32.26	90.4	NaN	32.26	NaN	26.18	32.26	102.4
11/07/2018 1:42:43 PM	3614125363	1013.00	28.39	32.26	83.1	27.52	32.26	90.1	NaN	32.26	NaN	26.20	32.26	102.2
11/07/2018 1:42:44 PM	3614125364	1013.00	28.40	32.25	83.0	27.48	32.25	90.5	NaN	32.25	NaN	26.21	32.25	102.1
11/07/2018 1:42:45 PM	3614125365	1013.00	28.41	32.25	83.0	27.54	32.25	90.0	NaN	32.25	NaN	26.21	32.25	102.1
11/07/2018 1:42:46 PM	3614125366	1013.00	28.38	32.25	83.2	27.53	32.25	90.1	NaN	32.25	NaN	26.15	32.25	102.7
11/07/2018 1:42:47 PM	3614125367	1013.00	28.41	32.25	83.0	27.51	32.25	90.2	NaN	32.25	NaN	26.18	32.25	102.4
11/07/2018 1:42:48 PM	3614125368	1013.00	28.40	32.24	83.1	27.52	32.24	90.2	NaN	32.24	NaN	26.20	32.24	102.3
11/07/2018 1:42:49 PM	3614125369	1013.00	28.42	32.24	82.9	27.55	32.24	89.9	NaN	32.24	NaN	26.18	32.24	102.5
11/07/2018 1:42:50 PM	3614125370	1013.00	28.39	32.24	83.1	27.54	32.24	90.0	NaN	32.24	NaN	26.20	32.24	102.3
11/07/2018 1:42:51 PM	3614125371	1013.00	28.43	32.24	82.8	27.56	32.24	89.8	NaN	32.24	NaN	26.19	32.24	102.4
11/07/2018 1:42:52 PM	3614125372	1013.00	28.41	32.23	83.0	27.58	32.23	89.7	NaN	32.23	NaN	26.22	32.23	102.1
11/07/2018 1:42:53 PM	3614125373	1013.00	28.41	32.24	83.0	27.52	32.24	90.2	NaN	32.24	NaN	26.19	32.24	102.4
11/07/2018 1:42:54 PM	3614125374	1013.00	28.45	32.23	82.7	27.53	32.23	90.1	NaN	32.23	NaN	26.20	32.23	102.3
11/07/2018 1:42:55 PM	3614125375	1013.00	28.42	32.24	82.9	27.56	32.24	89.8	NaN	32.24	NaN	26.18	32.24	102.5
11/07/2018 1:42:56 PM	3614125376	1013.00	28.43	32.23	82.8	27.52	32.23	90.2	NaN	32.23	NaN	26.20	32.23	102.3
11/07/2018 1:42:57 PM	3614125377	1013.00	28.47	32.24	82.5	27.54	32.24	90.0	NaN	32.24	NaN	26.19	32.24	102.4
11/07/2018 1:42:58 PM	3614125378	1013.00	28.47	32.24	82.5	27.54	32.24	90.0	NaN	32.24	NaN	26.22	32.24	102.1
11/07/2018 1:42:59 PM	3614125379	1013.00	28.47	32.24	82.5	27.56	32.24	89.8	NaN	32.24	NaN	26.20	32.24	102.3
11/07/2018 1:43:00 PM	3614125380	1013.00	28.49	32.24	82.4	27.58	32.24	89.6	NaN	32.24	NaN	26.18	32.24	102.5
11/07/2018 1:43:01 PM	3614125381	1013.00	28.49	32.25	82.4	27.53	32.25	90.1	NaN	32.25	NaN	26.16	32.25	102.6
11/07/2018 1:43:02 PM	3614125382	1013.00	28.47	32.24	82.5	27.60	32.24	89.5	NaN	32.24	NaN	26.20	32.24	102.3
11/07/2018 1:43:03 PM	3614125383	1013.00	28.51	32.24	82.2	27.58	32.24	89.6	NaN	32.24	NaN	26.16	32.24	102.7
11/07/2018 1:43:04 PM	3614125384	1013.00	28.49	32.24	82.4	27.55	32.24	89.9	NaN	32.24	NaN	26.20	32.24	102.3
11/07/2018 1:43:05 PM	3614125385	1013.00	28.46	32.24	82.6	27.58	32.24	89.6	NaN	32.24	NaN	26.20	32.24	102.3
11/07/2018 1:43:06 PM	3614125386	1013.00	28.51	32.24	82.2	27.60	32.24	89.5	NaN	32.24	NaN	26.22	32.24	102.1
11/07/2018 1:43:07 PM	3614125387	1013.00	28.49	32.25	82.4	27.53	32.25	90.1	NaN	32.25	NaN	26.22	32.25	102.0
11/07/2018 1:43:08 PM	3614125388	1013.00	28.50	32.25	82.3	27.60	32.25	89.5	NaN	32.25	NaN	26.16	32.25	102.6
11/07/2018 1:43:09 PM	3614125389	1013.00	28.49	32.26	82.3	27.60	32.26	89.4	NaN	32.26	NaN	26.17	32.26	102.5
11/07/2018 1:43:10 PM	3614125390	1013.00	28.52	32.25	82.1	27.59	32.25	89.5	NaN	32.25	NaN	26.17	32.25	102.5
11/07/2018 1:43:11 PM	3614125391	1013.00	28.55	32.25	81.9	27.59	32.25	89.5	NaN	32.25	NaN	26.16	32.25	102.6
11/07/2018 1:43:12 PM	3614125392	1013.00	28.56	32.25	81.8	27.57	32.25	89.7	NaN	32.25	NaN	26.20	32.25	102.2
11/07/2018 1:43:13 PM	3614125393	1013.00	28.56	32.24	81.8	27.67	32.24	88.9	NaN	32.24	NaN	26.19	32.24	102.4
11/07/2018 1:43:14 PM	3614125394	1013.00	28.57	32.25	81.8	27.63	32.25	89.2	NaN	32.25	NaN	26.20	32.25	102.2
11/07/2018 1:43:15 PM	3614125395	1013.00	28.56	32.25	81.8	27.61	32.25	89.4	NaN	32.25	NaN	26.19	32.25	102.3
11/07/2018 1:43:16 PM	3614125396	1013.00	28.56	32.25	81.8	27.65	32.25	89.0	NaN	32.25	NaN	26.20	32.25	102.2
11/07/2018 1:43:17 PM	3614125397	1013.00	28.60	32.25	81.5	27.64	32.25	89.1	NaN	32.25	NaN	26.21	32.25	102.1
11/07/2018 1:43:18 PM	3614125398	1013.00	28.59	32.25	81.6	27.61	32.25	89.4	NaN	32.25	NaN	26.21	32.25	102.1
11/07/2018 1:43:19 PM	3614125399	1013.00	28.59	32.25	81.6	27.62	32.25	89.3	NaN	32.25	NaN	26.20	32.25	102.2
11/07/2018 1:43:20 PM	3614125400	1013.00	28.60	32.25	81.5	27.63	32.25	89.2	NaN	32.25	NaN	26.18	32.25	102.4
11/07/2018 1:43:21 PM	3614125401	1013.00	28.60	32.24	81.5	27.59	32.24	89.6	NaN	32.24	NaN	26.20	32.24	102.3
11/07/2018 1:43:22 PM	3614125402	1013.00	28.60	32.25	81.5	27.65	32.25	89.0	NaN	32.25	NaN	26.15	32.25	102.7
11/07/2018 1:43:23 PM	3614125403	1013.00	28.62	32.25	81.4	27.65	32.25	89.0	NaN	32.25	NaN	26.17	32.25	102.5
11/07/2018 1:43:24 PM	3614125404	1013.00	28.61	32.24	81.5	27.65	32.24	89.1	NaN	32.24	NaN	26.21	32.24	102.2
11/07/2018 1:43:25 PM	3614125405	1013.00	28.58	32.23	81.7	27.68	32.23	88.8	NaN	32.23	NaN	26.19	32.23	102.4
11/07/2018 1:43:26 PM	3614125406	1013.00	28.62	32.24	81.4	27.68	32.24	88.8	NaN	32.24	NaN	26.20	32.24	102.3
11/07/2018 1:43:27 PM	3614125407	1013.00	28.63	32.24	81.3	27.69	32.24	88.7	NaN	32.24	NaN	26.18	32.24	102.5
11/07/2018 1:43:28 PM	3614125408	1013.00	28.62	32.24	81.4	27.65	32.24	89.1	NaN	32.24	NaN	26.19	32.24	102.4
11/07/2018 1:43:29 PM	3614125409	1013.00	28.66	32.24	81.1	27.65	32.24	89.1	NaN	32.24	NaN	26.22	32.24	102.1
11/07/2018 1:43:30 PM	3614125410	1013.00	28.64	32.25	81.2	27.71	32.25	88.5	NaN	32.25	NaN	26.16	32.25	102.6
11/07/2018 1:43:31 PM	3614125411	1013.00	28.71	32.25	80.7	27.67	32.25	88.9	NaN	32.25	NaN	26.18	32.25	102.4
11/07/2018 1:43:32 PM	3614125412	1013.00	28.71	32.25	80.7	27.66	32.25	89.0	NaN	32.25	NaN	26.14	32.25	102.8
11/07/2018 1:43:33 PM	3614125413	1013.00	28.71	32.25	80.7	27.67	32.25	88.9	NaN	32.25	NaN	26.20	32.25	102.2
11/07/2018 1:43:34 PM	3614125414	1013.00	28.72	32.25	80.6	27.68	32.25	88.8	NaN	32.25	NaN	26.19	32.25	102.3
11/07/2018 1:43:35 PM	3614125415	1013.00	28.72	32.24	80.7	27.65	32.24	89.1	NaN	32.24	NaN	26.18	32.24	102.5
11/07/2018 1:43:36 PM	3614125416	1013.00	28.73	32.24	80.6	27.69	32.24	88.7	NaN	32.24	NaN	26.20	32.24	102.3
