Date & time of file creation	12/07/2018 12:55 PM													
Data file path	C:\Users\ameli\Desktop\Diego Barneche\2018_07_12\29_C_new_witrox_23.txt													
														
														
CALIBRATION DATA														
Parameter/Channel	N moving average	LO phase [r.U.]	HI phase [r.U.]	LO oxygen [%air saturation]	HI oxygen [%air saturation]	LO temperature [°C]	HI temperature [°C]	Salinity [‰]						
SDWD0003000199      , CH 1	1	59.07	26.14	0.00	100.00	31.83	31.84	0.000						
SDWD0003000199      , CH 2	1	59.07	26.14	0.00	100.00	31.83	31.84	0.000						
SDWD0003000199      , CH 3	1	59.07	26.14	0.00	100.00	31.83	31.84	0.000						
SDWD0003000199      , CH 4	1	59.07	26.14	0.00	100.00	31.83	31.84	0.000						
														
														
Date &Time [DD-MM-YYYY HH:MM:SS]	Time stamp code	Barometric pressure [hPa]	SDWD0003000199      , CH 1 phase [r.U.]	SDWD0003000199      , CH 1 temp [°C]	SDWD0003000199      , CH 1 O2 [% air saturation]	SDWD0003000199      , CH 2 phase [r.U.]	SDWD0003000199      , CH 2 temp [°C]	SDWD0003000199      , CH 2 O2 [% air saturation]	SDWD0003000199      , CH 3 phase [r.U.]	SDWD0003000199      , CH 3 temp [°C]	SDWD0003000199      , CH 3 O2 [% air saturation]	SDWD0003000199      , CH 4 phase [r.U.]	SDWD0003000199      , CH 4 temp [°C]	SDWD0003000199      , CH 4 O2 [% air saturation]
12/07/2018 12:59:41 PM	3614209181	1013.00	27.16	29.07	95.0	27.09	29.07	95.6	27.03	29.07	96.2	26.82	29.07	98.1
12/07/2018 12:59:42 PM	3614209182	1013.00	27.16	29.07	95.0	27.16	29.07	95.0	27.00	29.07	96.5	26.81	29.07	98.2
12/07/2018 12:59:43 PM	3614209183	1013.00	27.16	29.07	95.0	27.16	29.07	95.0	27.06	29.07	95.9	26.77	29.07	98.6
12/07/2018 12:59:44 PM	3614209184	1013.00	27.11	29.07	95.5	27.13	29.07	95.3	27.02	29.07	96.3	26.81	29.07	98.2
12/07/2018 12:59:45 PM	3614209185	1013.00	27.15	29.07	95.1	27.17	29.07	94.9	27.01	29.07	96.4	26.80	29.07	98.3
12/07/2018 12:59:46 PM	3614209186	1013.00	27.10	29.07	95.5	27.21	29.07	94.6	27.04	29.07	96.1	26.84	29.07	97.9
12/07/2018 12:59:47 PM	3614209187	1013.00	27.15	29.07	95.1	27.22	29.07	94.5	27.01	29.07	96.4	26.78	29.07	98.5
12/07/2018 12:59:48 PM	3614209188	1013.00	27.11	29.07	95.5	27.15	29.07	95.1	26.99	29.07	96.6	26.73	29.07	99.0
12/07/2018 12:59:49 PM	3614209189	1013.00	27.08	29.08	95.7	27.17	29.08	94.9	26.99	29.08	96.5	26.80	29.08	98.3
12/07/2018 12:59:50 PM	3614209190	1013.00	27.03	29.07	96.2	27.18	29.07	94.8	27.01	29.07	96.4	26.77	29.07	98.6
12/07/2018 12:59:51 PM	3614209191	1013.00	27.13	29.07	95.3	27.18	29.07	94.8	27.05	29.07	96.0	26.71	29.07	99.2
12/07/2018 12:59:52 PM	3614209192	1013.00	27.14	29.07	95.2	27.17	29.07	94.9	27.01	29.07	96.4	26.81	29.07	98.2
12/07/2018 12:59:53 PM	3614209193	1013.00	27.10	29.07	95.5	27.16	29.07	95.0	27.05	29.07	96.0	26.77	29.07	98.6
12/07/2018 12:59:54 PM	3614209194	1013.00	27.14	29.08	95.2	27.19	29.08	94.7	27.02	29.08	96.3	26.77	29.08	98.6
12/07/2018 12:59:55 PM	3614209195	1013.00	27.07	29.08	95.8	27.14	29.08	95.2	27.05	29.08	96.0	26.84	29.08	97.9
12/07/2018 12:59:56 PM	3614209196	1013.00	27.12	29.08	95.3	27.19	29.08	94.7	27.00	29.08	96.4	26.78	29.08	98.5
12/07/2018 12:59:57 PM	3614209197	1013.00	27.12	29.09	95.3	27.19	29.09	94.7	27.03	29.09	96.2	26.79	29.09	98.4
12/07/2018 12:59:58 PM	3614209198	1013.00	27.09	29.09	95.6	27.21	29.09	94.5	27.05	29.09	96.0	26.82	29.09	98.1
12/07/2018 12:59:59 PM	3614209199	1013.00	27.12	29.08	95.3	27.18	29.08	94.8	27.00	29.08	96.4	26.76	29.08	98.7
12/07/2018 1:00:00 PM	3614209200	1013.00	27.16	29.08	95.0	27.20	29.08	94.6	27.06	29.08	95.9	26.81	29.08	98.2
12/07/2018 1:00:01 PM	3614209201	1013.00	27.12	29.08	95.3	27.15	29.08	95.1	27.02	29.08	96.3	26.76	29.08	98.7
12/07/2018 1:00:02 PM	3614209202	1013.00	27.23	29.08	94.4	27.19	29.08	94.7	26.98	29.08	96.6	26.76	29.08	98.7
12/07/2018 1:00:03 PM	3614209203	1013.00	27.07	29.08	95.8	27.18	29.08	94.8	27.02	29.08	96.3	26.86	29.08	97.7
12/07/2018 1:00:04 PM	3614209204	1013.00	27.17	29.08	94.9	27.23	29.08	94.4	27.03	29.08	96.2	26.74	29.08	98.9
12/07/2018 1:00:05 PM	3614209205	1013.00	27.17	29.08	94.9	27.23	29.08	94.4	27.04	29.08	96.1	26.76	29.08	98.7
12/07/2018 1:00:06 PM	3614209206	1013.00	27.14	29.07	95.2	27.11	29.07	95.5	27.00	29.07	96.5	26.78	29.07	98.5
12/07/2018 1:00:07 PM	3614209207	1013.00	27.08	29.07	95.7	27.22	29.07	94.5	27.06	29.07	95.9	26.79	29.07	98.4
12/07/2018 1:00:08 PM	3614209208	1013.00	27.05	29.07	96.0	27.17	29.07	94.9	27.02	29.07	96.3	26.87	29.07	97.7
12/07/2018 1:00:09 PM	3614209209	1013.00	27.12	29.07	95.4	27.22	29.07	94.5	27.02	29.07	96.3	26.82	29.07	98.1
12/07/2018 1:00:10 PM	3614209210	1013.00	27.10	29.07	95.5	27.18	29.07	94.8	27.03	29.07	96.2	26.85	29.07	97.8
12/07/2018 1:00:11 PM	3614209211	1013.00	27.14	29.08	95.2	27.15	29.08	95.1	26.98	29.08	96.6	26.72	29.08	99.1
12/07/2018 1:00:12 PM	3614209212	1013.00	27.18	29.08	94.8	27.22	29.08	94.5	27.01	29.08	96.4	26.78	29.08	98.5
12/07/2018 1:00:13 PM	3614209213	1013.00	27.24	29.08	94.3	27.25	29.08	94.2	27.02	29.08	96.3	26.78	29.08	98.5
12/07/2018 1:00:14 PM	3614209214	1013.00	27.12	29.08	95.3	27.19	29.08	94.7	27.08	29.08	95.7	26.85	29.08	97.8
12/07/2018 1:00:15 PM	3614209215	1013.00	27.17	29.08	94.9	27.23	29.08	94.4	27.05	29.08	96.0	26.77	29.08	98.6
12/07/2018 1:00:16 PM	3614209216	1013.00	27.15	29.07	95.1	27.22	29.07	94.5	27.02	29.07	96.3	26.81	29.07	98.2
12/07/2018 1:00:17 PM	3614209217	1013.00	27.16	29.07	95.0	27.23	29.07	94.4	27.02	29.07	96.3	26.80	29.07	98.3
12/07/2018 1:00:18 PM	3614209218	1013.00	27.09	29.07	95.6	27.23	29.07	94.4	27.03	29.07	96.2	26.83	29.07	98.0
12/07/2018 1:00:19 PM	3614209219	1013.00	27.12	29.07	95.4	27.19	29.07	94.7	27.03	29.07	96.2	26.81	29.07	98.2
12/07/2018 1:00:20 PM	3614209220	1013.00	27.15	29.07	95.1	27.20	29.07	94.6	27.05	29.07	96.0	26.80	29.07	98.3
12/07/2018 1:00:21 PM	3614209221	1013.00	27.21	29.07	94.6	27.20	29.07	94.6	26.97	29.07	96.7	26.82	29.07	98.1
12/07/2018 1:00:22 PM	3614209222	1013.00	27.20	29.07	94.6	27.21	29.07	94.6	27.04	29.07	96.1	26.77	29.07	98.6
12/07/2018 1:00:23 PM	3614209223	1013.00	27.18	29.07	94.8	27.30	29.07	93.8	27.01	29.07	96.4	26.79	29.07	98.4
12/07/2018 1:00:24 PM	3614209224	1013.00	27.15	29.07	95.1	27.19	29.07	94.7	27.04	29.07	96.1	26.87	29.07	97.7
12/07/2018 1:00:25 PM	3614209225	1013.00	27.14	29.07	95.2	27.19	29.07	94.7	27.03	29.07	96.2	26.83	29.07	98.0
12/07/2018 1:00:26 PM	3614209226	1013.00	27.15	29.07	95.1	27.22	29.07	94.5	27.04	29.07	96.1	26.77	29.07	98.6
12/07/2018 1:00:27 PM	3614209227	1013.00	27.13	29.07	95.3	27.24	29.07	94.3	27.00	29.07	96.5	26.84	29.07	97.9
12/07/2018 1:00:28 PM	3614209228	1013.00	27.19	29.07	94.7	27.22	29.07	94.5	27.05	29.07	96.0	26.85	29.07	97.8
12/07/2018 1:00:29 PM	3614209229	1013.00	27.13	29.07	95.3	27.26	29.07	94.1	27.01	29.07	96.4	26.88	29.07	97.6
12/07/2018 1:00:30 PM	3614209230	1013.00	27.27	29.07	94.0	27.23	29.07	94.4	27.04	29.07	96.1	26.85	29.07	97.8
12/07/2018 1:00:31 PM	3614209231	1013.00	27.12	29.07	95.4	27.21	29.07	94.6	27.01	29.07	96.4	26.88	29.07	97.6
12/07/2018 1:00:32 PM	3614209232	1013.00	27.14	29.07	95.2	27.28	29.07	93.9	27.03	29.07	96.2	26.90	29.07	97.4
12/07/2018 1:00:33 PM	3614209233	1013.00	27.21	29.07	94.6	27.22	29.07	94.5	26.99	29.07	96.6	26.77	29.07	98.6
12/07/2018 1:00:34 PM	3614209234	1013.00	27.19	29.07	94.7	27.20	29.07	94.6	27.00	29.07	96.5	26.79	29.07	98.4
12/07/2018 1:00:35 PM	3614209235	1013.00	27.11	29.07	95.5	27.27	29.07	94.0	27.05	29.07	96.0	26.82	29.07	98.1
12/07/2018 1:00:36 PM	3614209236	1013.00	27.17	29.07	94.9	27.25	29.07	94.2	27.01	29.07	96.4	26.91	29.07	97.3
12/07/2018 1:00:37 PM	3614209237	1013.00	27.17	29.06	94.9	27.22	29.06	94.5	27.00	29.06	96.5	26.82	29.06	98.1
12/07/2018 1:00:38 PM	3614209238	1013.00	27.16	29.06	95.0	27.27	29.06	94.0	27.01	29.06	96.4	26.87	29.06	97.7
12/07/2018 1:00:39 PM	3614209239	1013.00	27.25	29.07	94.2	27.28	29.07	93.9	27.01	29.07	96.4	26.81	29.07	98.2
12/07/2018 1:00:40 PM	3614209240	1013.00	27.16	29.07	95.0	27.34	29.07	93.4	27.04	29.07	96.1	26.83	29.07	98.0
12/07/2018 1:00:41 PM	3614209241	1013.00	27.22	29.08	94.5	27.23	29.08	94.4	27.03	29.08	96.2	26.77	29.08	98.6
12/07/2018 1:00:42 PM	3614209242	1013.00	27.26	29.08	94.1	27.32	29.08	93.6	27.02	29.08	96.3	26.88	29.08	97.6
12/07/2018 1:00:43 PM	3614209243	1013.00	27.22	29.08	94.5	27.28	29.08	93.9	27.02	29.08	96.3	26.86	29.08	97.7
12/07/2018 1:00:44 PM	3614209244	1013.00	27.20	29.08	94.6	27.30	29.08	93.7	27.02	29.08	96.3	26.88	29.08	97.6
12/07/2018 1:00:45 PM	3614209245	1013.00	27.14	29.08	95.2	27.29	29.08	93.8	26.99	29.08	96.5	26.89	29.08	97.5
12/07/2018 1:00:46 PM	3614209246	1013.00	27.14	29.08	95.2	27.33	29.08	93.5	27.02	29.08	96.3	26.80	29.08	98.3
12/07/2018 1:00:47 PM	3614209247	1013.00	27.10	29.08	95.5	27.28	29.08	93.9	27.03	29.08	96.2	26.88	29.08	97.6
12/07/2018 1:00:48 PM	3614209248	1013.00	27.16	29.08	95.0	27.31	29.08	93.7	27.03	29.08	96.2	26.80	29.08	98.3
12/07/2018 1:00:49 PM	3614209249	1013.00	27.19	29.08	94.7	27.32	29.08	93.6	27.04	29.08	96.1	26.86	29.08	97.7
12/07/2018 1:00:50 PM	3614209250	1013.00	27.20	29.08	94.6	27.27	29.08	94.0	27.01	29.08	96.4	26.88	29.08	97.6
12/07/2018 1:00:51 PM	3614209251	1013.00	27.21	29.08	94.5	27.28	29.08	93.9	27.03	29.08	96.2	26.90	29.08	97.4
12/07/2018 1:00:52 PM	3614209252	1013.00	27.12	29.08	95.3	27.36	29.08	93.2	27.03	29.08	96.2	26.89	29.08	97.5
12/07/2018 1:00:53 PM	3614209253	1013.00	27.28	29.08	93.9	27.30	29.08	93.7	27.06	29.08	95.9	26.92	29.08	97.2
12/07/2018 1:00:54 PM	3614209254	1013.00	27.20	29.08	94.6	27.30	29.08	93.7	27.02	29.08	96.3	26.88	29.08	97.6
12/07/2018 1:00:55 PM	3614209255	1013.00	27.14	29.07	95.2	27.33	29.07	93.5	27.03	29.07	96.2	26.90	29.07	97.4
12/07/2018 1:00:56 PM	3614209256	1013.00	27.33	29.07	93.5	27.30	29.07	93.8	27.08	29.07	95.7	26.88	29.07	97.6
12/07/2018 1:00:57 PM	3614209257	1013.00	27.15	29.07	95.1	27.33	29.07	93.5	27.03	29.07	96.2	26.95	29.07	96.9
12/07/2018 1:00:58 PM	3614209258	1013.00	27.18	29.06	94.8	27.33	29.06	93.5	27.04	29.06	96.1	26.90	29.06	97.4
12/07/2018 1:00:59 PM	3614209259	1013.00	27.25	29.06	94.2	27.33	29.06	93.5	27.03	29.06	96.2	26.89	29.06	97.5
12/07/2018 1:01:00 PM	3614209260	1013.00	27.23	29.07	94.4	27.35	29.07	93.3	27.03	29.07	96.2	26.88	29.07	97.6
12/07/2018 1:01:01 PM	3614209261	1013.00	27.24	29.07	94.3	27.33	29.07	93.5	27.05	29.07	96.0	26.88	29.07	97.6
12/07/2018 1:01:02 PM	3614209262	1013.00	27.21	29.07	94.6	27.32	29.07	93.6	27.06	29.07	95.9	26.91	29.07	97.3
12/07/2018 1:01:03 PM	3614209263	1013.00	27.20	29.07	94.6	27.32	29.07	93.6	27.07	29.07	95.8	26.90	29.07	97.4
12/07/2018 1:01:04 PM	3614209264	1013.00	27.29	29.07	93.8	27.35	29.07	93.3	27.00	29.07	96.5	27.02	29.07	96.3
12/07/2018 1:01:05 PM	3614209265	1013.00	27.23	29.06	94.4	27.38	29.06	93.1	27.06	29.06	95.9	26.90	29.06	97.4
12/07/2018 1:01:06 PM	3614209266	1013.00	27.19	29.07	94.7	27.33	29.07	93.5	27.05	29.07	96.0	26.91	29.07	97.3
12/07/2018 1:01:07 PM	3614209267	1013.00	27.23	29.07	94.4	27.33	29.07	93.5	27.03	29.07	96.2	26.94	29.07	97.0
12/07/2018 1:01:08 PM	3614209268	1013.00	27.15	29.06	95.1	27.40	29.06	92.9	27.03	29.06	96.2	26.95	29.06	96.9
12/07/2018 1:01:09 PM	3614209269	1013.00	27.31	29.06	93.7	27.35	29.06	93.3	27.03	29.06	96.2	26.87	29.06	97.7
12/07/2018 1:01:10 PM	3614209270	1013.00	27.25	29.06	94.2	27.41	29.06	92.8	27.04	29.06	96.1	26.93	29.06	97.1
12/07/2018 1:01:11 PM	3614209271	1013.00	27.28	29.06	93.9	27.43	29.06	92.6	27.00	29.06	96.5	26.94	29.06	97.0
12/07/2018 1:01:12 PM	3614209272	1013.00	27.23	29.06	94.4	27.36	29.06	93.2	27.02	29.06	96.3	26.88	29.06	97.6
12/07/2018 1:01:13 PM	3614209273	1013.00	27.27	29.07	94.0	27.35	29.07	93.3	27.03	29.07	96.2	26.95	29.07	96.9
12/07/2018 1:01:14 PM	3614209274	1013.00	27.25	29.07	94.2	27.43	29.07	92.6	27.03	29.07	96.2	26.97	29.07	96.7
12/07/2018 1:01:15 PM	3614209275	1013.00	27.25	29.07	94.2	27.43	29.07	92.6	27.06	29.07	95.9	26.97	29.07	96.7
12/07/2018 1:01:16 PM	3614209276	1013.00	27.27	29.07	94.0	27.37	29.07	93.1	27.06	29.07	95.9	26.97	29.07	96.7
12/07/2018 1:01:17 PM	3614209277	1013.00	27.25	29.07	94.2	27.43	29.07	92.6	26.97	29.07	96.7	27.00	29.07	96.5
12/07/2018 1:01:18 PM	3614209278	1013.00	27.30	29.07	93.8	27.38	29.07	93.0	27.03	29.07	96.2	26.93	29.07	97.1
12/07/2018 1:01:19 PM	3614209279	1013.00	27.29	29.06	93.9	27.40	29.06	92.9	27.04	29.06	96.1	26.96	29.06	96.8
12/07/2018 1:01:20 PM	3614209280	1013.00	27.24	29.06	94.3	27.41	29.06	92.8	27.01	29.06	96.4	26.96	29.06	96.8
12/07/2018 1:01:21 PM	3614209281	1013.00	27.30	29.06	93.8	27.40	29.06	92.9	27.04	29.06	96.1	27.00	29.06	96.5
12/07/2018 1:01:22 PM	3614209282	1013.00	27.33	29.06	93.5	27.43	29.06	92.6	27.04	29.06	96.1	26.98	29.06	96.7
12/07/2018 1:01:23 PM	3614209283	1013.00	27.29	29.06	93.9	27.41	29.06	92.8	27.01	29.06	96.4	27.01	29.06	96.4
12/07/2018 1:01:24 PM	3614209284	1013.00	27.26	29.06	94.1	27.45	29.06	92.5	27.02	29.06	96.3	27.00	29.06	96.5
12/07/2018 1:01:25 PM	3614209285	1013.00	27.29	29.06	93.9	27.45	29.06	92.5	27.05	29.06	96.0	26.96	29.06	96.8
12/07/2018 1:01:26 PM	3614209286	1013.00	27.33	29.06	93.5	27.44	29.06	92.5	27.04	29.06	96.1	27.03	29.06	96.2
12/07/2018 1:01:27 PM	3614209287	1013.00	27.31	29.06	93.7	27.39	29.06	93.0	27.02	29.06	96.3	27.00	29.06	96.5
12/07/2018 1:01:28 PM	3614209288	1013.00	27.35	29.06	93.3	27.44	29.06	92.5	27.04	29.06	96.1	26.98	29.06	96.7
12/07/2018 1:01:29 PM	3614209289	1013.00	27.32	29.06	93.6	27.45	29.06	92.5	27.04	29.06	96.1	27.02	29.06	96.3
12/07/2018 1:01:30 PM	3614209290	1013.00	27.38	29.07	93.0	27.42	29.07	92.7	27.05	29.07	96.0	27.08	29.07	95.7
12/07/2018 1:01:31 PM	3614209291	1013.00	27.34	29.07	93.4	27.42	29.07	92.7	27.03	29.07	96.2	27.00	29.07	96.5
12/07/2018 1:01:32 PM	3614209292	1013.00	27.40	29.07	92.9	27.43	29.07	92.6	27.08	29.07	95.7	27.02	29.07	96.3
12/07/2018 1:01:33 PM	3614209293	1013.00	27.27	29.06	94.0	27.41	29.06	92.8	27.09	29.06	95.7	26.94	29.06	97.0
12/07/2018 1:01:34 PM	3614209294	1013.00	27.28	29.06	93.9	27.46	29.06	92.4	27.02	29.06	96.3	26.98	29.06	96.7
12/07/2018 1:01:35 PM	3614209295	1013.00	27.39	29.06	93.0	27.41	29.06	92.8	27.05	29.06	96.0	27.02	29.06	96.3
12/07/2018 1:01:36 PM	3614209296	1013.00	27.27	29.06	94.0	27.47	29.06	92.3	27.07	29.06	95.8	26.98	29.06	96.7
12/07/2018 1:01:37 PM	3614209297	1013.00	27.37	29.06	93.2	27.46	29.06	92.4	27.05	29.06	96.0	26.97	29.06	96.8
12/07/2018 1:01:38 PM	3614209298	1013.00	27.32	29.06	93.6	27.45	29.06	92.5	27.06	29.06	95.9	27.03	29.06	96.2
12/07/2018 1:01:39 PM	3614209299	1013.00	27.41	29.06	92.8	27.41	29.06	92.8	27.05	29.06	96.0	27.00	29.06	96.5
12/07/2018 1:01:40 PM	3614209300	1013.00	27.33	29.06	93.5	27.51	29.06	91.9	27.09	29.06	95.7	27.01	29.06	96.4
12/07/2018 1:01:41 PM	3614209301	1013.00	27.41	29.06	92.8	27.52	29.06	91.8	27.05	29.06	96.0	26.98	29.06	96.7
12/07/2018 1:01:42 PM	3614209302	1013.00	27.30	29.05	93.8	27.48	29.05	92.2	27.07	29.05	95.9	27.08	29.05	95.8
12/07/2018 1:01:43 PM	3614209303	1013.00	27.38	29.06	93.1	27.47	29.06	92.3	27.07	29.06	95.8	26.99	29.06	96.6
12/07/2018 1:01:44 PM	3614209304	1013.00	27.40	29.06	92.9	27.48	29.06	92.2	27.12	29.06	95.4	27.06	29.06	95.9
12/07/2018 1:01:45 PM	3614209305	1013.00	27.31	29.06	93.7	27.53	29.06	91.8	27.09	29.06	95.7	27.07	29.06	95.8
12/07/2018 1:01:46 PM	3614209306	1013.00	27.36	29.05	93.3	27.44	29.05	92.6	27.09	29.05	95.7	27.05	29.05	96.0
12/07/2018 1:01:47 PM	3614209307	1013.00	27.36	29.06	93.2	27.51	29.06	91.9	27.10	29.06	95.6	27.07	29.06	95.8
12/07/2018 1:01:48 PM	3614209308	1013.00	27.42	29.06	92.7	27.51	29.06	91.9	27.07	29.06	95.8	27.05	29.06	96.0
12/07/2018 1:01:49 PM	3614209309	1013.00	27.28	29.06	93.9	27.48	29.06	92.2	27.04	29.06	96.1	27.08	29.06	95.7
12/07/2018 1:01:50 PM	3614209310	1013.00	27.41	29.06	92.8	27.49	29.06	92.1	27.07	29.06	95.8	27.04	29.06	96.1
12/07/2018 1:01:51 PM	3614209311	1013.00	27.35	29.06	93.3	27.53	29.06	91.8	27.07	29.06	95.8	27.01	29.06	96.4
12/07/2018 1:01:52 PM	3614209312	1013.00	27.41	29.06	92.8	27.48	29.06	92.2	27.07	29.06	95.8	27.09	29.06	95.7
12/07/2018 1:01:53 PM	3614209313	1013.00	27.36	29.06	93.2	27.48	29.06	92.2	27.03	29.06	96.2	27.12	29.06	95.4
12/07/2018 1:01:54 PM	3614209314	1013.00	27.45	29.07	92.4	27.52	29.07	91.8	27.05	29.07	96.0	27.08	29.07	95.7
12/07/2018 1:01:55 PM	3614209315	1013.00	27.41	29.06	92.8	27.55	29.06	91.6	27.05	29.06	96.0	27.12	29.06	95.4
12/07/2018 1:01:56 PM	3614209316	1013.00	27.47	29.06	92.3	27.49	29.06	92.1	27.08	29.06	95.7	27.02	29.06	96.3
12/07/2018 1:01:57 PM	3614209317	1013.00	27.41	29.06	92.8	27.58	29.06	91.3	27.09	29.06	95.7	27.09	29.06	95.7
12/07/2018 1:01:58 PM	3614209318	1013.00	27.47	29.06	92.3	27.53	29.06	91.8	27.05	29.06	96.0	27.10	29.06	95.6
12/07/2018 1:01:59 PM	3614209319	1013.00	27.42	29.06	92.7	27.62	29.06	91.0	27.07	29.06	95.8	27.11	29.06	95.5
12/07/2018 1:02:00 PM	3614209320	1013.00	27.40	29.06	92.9	27.56	29.06	91.5	27.07	29.06	95.8	27.15	29.06	95.1
12/07/2018 1:02:01 PM	3614209321	1013.00	27.40	29.07	92.9	27.55	29.07	91.6	27.09	29.07	95.6	27.05	29.07	96.0
12/07/2018 1:02:02 PM	3614209322	1013.00	27.37	29.07	93.1	27.58	29.07	91.3	27.06	29.07	95.9	27.14	29.07	95.2
12/07/2018 1:02:03 PM	3614209323	1013.00	27.42	29.07	92.7	27.55	29.07	91.6	27.08	29.07	95.7	27.14	29.07	95.2
12/07/2018 1:02:04 PM	3614209324	1013.00	27.42	29.06	92.7	27.55	29.06	91.6	27.09	29.06	95.7	27.19	29.06	94.8
12/07/2018 1:02:05 PM	3614209325	1013.00	27.40	29.06	92.9	27.59	29.06	91.2	27.12	29.06	95.4	27.03	29.06	96.2
12/07/2018 1:02:06 PM	3614209326	1013.00	27.35	29.06	93.3	27.56	29.06	91.5	27.11	29.06	95.5	27.10	29.06	95.6
12/07/2018 1:02:07 PM	3614209327	1013.00	27.47	29.06	92.3	27.58	29.06	91.3	27.09	29.06	95.7	27.13	29.06	95.3
12/07/2018 1:02:08 PM	3614209328	1013.00	27.45	29.07	92.4	27.60	29.07	91.1	27.10	29.07	95.5	27.09	29.07	95.6
12/07/2018 1:02:09 PM	3614209329	1013.00	27.50	29.06	92.0	27.56	29.06	91.5	27.07	29.06	95.8	27.14	29.06	95.2
12/07/2018 1:02:10 PM	3614209330	1013.00	27.39	29.07	93.0	27.62	29.07	91.0	27.09	29.07	95.6	27.11	29.07	95.5
12/07/2018 1:02:11 PM	3614209331	1013.00	27.43	29.07	92.6	27.64	29.07	90.8	27.06	29.07	95.9	27.14	29.07	95.2
12/07/2018 1:02:12 PM	3614209332	1013.00	27.45	29.07	92.4	27.64	29.07	90.8	27.07	29.07	95.8	27.15	29.07	95.1
12/07/2018 1:02:13 PM	3614209333	1013.00	27.39	29.06	93.0	27.58	29.06	91.3	27.10	29.06	95.6	27.16	29.06	95.0
12/07/2018 1:02:14 PM	3614209334	1013.00	27.45	29.06	92.5	27.62	29.06	91.0	27.13	29.06	95.3	27.20	29.06	94.7
12/07/2018 1:02:15 PM	3614209335	1013.00	27.43	29.06	92.6	27.65	29.06	90.7	27.09	29.06	95.7	27.16	29.06	95.0
12/07/2018 1:02:16 PM	3614209336	1013.00	27.48	29.06	92.2	27.64	29.06	90.8	27.12	29.06	95.4	27.15	29.06	95.1
12/07/2018 1:02:17 PM	3614209337	1013.00	27.49	29.06	92.1	27.65	29.06	90.7	27.08	29.06	95.7	27.14	29.06	95.2
12/07/2018 1:02:18 PM	3614209338	1013.00	27.45	29.06	92.5	27.62	29.06	91.0	27.12	29.06	95.4	27.12	29.06	95.4
12/07/2018 1:02:19 PM	3614209339	1013.00	27.46	29.06	92.4	27.59	29.06	91.2	27.11	29.06	95.5	27.12	29.06	95.4
12/07/2018 1:02:20 PM	3614209340	1013.00	27.41	29.06	92.8	27.66	29.06	90.6	27.06	29.06	95.9	27.17	29.06	94.9
12/07/2018 1:02:21 PM	3614209341	1013.00	27.51	29.06	91.9	27.67	29.06	90.6	27.08	29.06	95.7	27.20	29.06	94.7
12/07/2018 1:02:22 PM	3614209342	1013.00	27.50	29.06	92.0	27.65	29.06	90.7	27.13	29.06	95.3	27.24	29.06	94.3
12/07/2018 1:02:23 PM	3614209343	1013.00	27.44	29.06	92.5	27.69	29.06	90.4	27.14	29.06	95.2	27.16	29.06	95.0
12/07/2018 1:02:24 PM	3614209344	1013.00	27.50	29.05	92.0	27.66	29.05	90.7	27.11	29.05	95.5	27.21	29.05	94.6
12/07/2018 1:02:25 PM	3614209345	1013.00	27.52	29.05	91.9	27.65	29.05	90.7	27.09	29.05	95.7	27.19	29.05	94.8
12/07/2018 1:02:26 PM	3614209346	1013.00	27.52	29.05	91.9	27.68	29.05	90.5	27.14	29.05	95.2	27.20	29.05	94.7
12/07/2018 1:02:27 PM	3614209347	1013.00	27.48	29.05	92.2	27.69	29.05	90.4	27.07	29.05	95.9	27.26	29.05	94.1
12/07/2018 1:02:28 PM	3614209348	1013.00	27.49	29.05	92.1	27.69	29.05	90.4	27.13	29.05	95.3	27.22	29.05	94.5
12/07/2018 1:02:29 PM	3614209349	1013.00	27.54	29.05	91.7	27.68	29.05	90.5	27.14	29.05	95.2	27.26	29.05	94.1
12/07/2018 1:02:30 PM	3614209350	1013.00	27.49	29.05	92.1	27.66	29.05	90.7	27.10	29.05	95.6	27.25	29.05	94.2
12/07/2018 1:02:31 PM	3614209351	1013.00	27.57	29.05	91.4	27.72	29.05	90.2	27.11	29.05	95.5	27.29	29.05	93.9
12/07/2018 1:02:32 PM	3614209352	1013.00	27.46	29.05	92.4	27.70	29.05	90.3	27.11	29.05	95.5	27.20	29.05	94.7
12/07/2018 1:02:33 PM	3614209353	1013.00	27.47	29.05	92.3	27.69	29.05	90.4	27.14	29.05	95.2	27.29	29.05	93.9
12/07/2018 1:02:34 PM	3614209354	1013.00	27.51	29.05	91.9	27.63	29.05	90.9	27.15	29.05	95.1	27.24	29.05	94.3
12/07/2018 1:02:35 PM	3614209355	1013.00	27.55	29.05	91.6	27.70	29.05	90.3	27.15	29.05	95.1	27.30	29.05	93.8
12/07/2018 1:02:36 PM	3614209356	1013.00	27.60	29.05	91.2	27.65	29.05	90.7	27.14	29.05	95.2	27.35	29.05	93.3
12/07/2018 1:02:37 PM	3614209357	1013.00	27.47	29.05	92.3	27.77	29.05	89.7	27.14	29.05	95.2	27.26	29.05	94.1
12/07/2018 1:02:38 PM	3614209358	1013.00	27.47	29.06	92.3	27.69	29.06	90.4	27.12	29.06	95.4	27.27	29.06	94.0
12/07/2018 1:02:39 PM	3614209359	1013.00	27.58	29.05	91.3	27.70	29.05	90.3	27.13	29.05	95.3	27.31	29.05	93.7
12/07/2018 1:02:40 PM	3614209360	1013.00	27.53	29.06	91.8	27.66	29.06	90.6	27.17	29.06	94.9	27.31	29.06	93.7
12/07/2018 1:02:41 PM	3614209361	1013.00	27.60	29.06	91.2	27.69	29.06	90.4	27.17	29.06	94.9	27.37	29.06	93.2
12/07/2018 1:02:42 PM	3614209362	1013.00	27.58	29.06	91.3	27.67	29.06	90.6	27.17	29.06	94.9	27.33	29.06	93.5
12/07/2018 1:02:43 PM	3614209363	1013.00	27.60	29.06	91.2	27.67	29.06	90.6	27.13	29.06	95.3	27.26	29.06	94.1
12/07/2018 1:02:44 PM	3614209364	1013.00	27.60	29.06	91.2	27.69	29.06	90.4	27.13	29.06	95.3	27.29	29.06	93.9
12/07/2018 1:02:45 PM	3614209365	1013.00	27.61	29.05	91.1	27.70	29.05	90.3	27.12	29.05	95.4	27.38	29.05	93.1
12/07/2018 1:02:46 PM	3614209366	1013.00	27.63	29.05	90.9	27.70	29.05	90.3	27.13	29.05	95.3	27.32	29.05	93.6
12/07/2018 1:02:47 PM	3614209367	1013.00	27.61	29.05	91.1	27.77	29.05	89.7	27.15	29.05	95.1	27.30	29.05	93.8
12/07/2018 1:02:48 PM	3614209368	1013.00	27.60	29.05	91.2	27.81	29.05	89.4	27.17	29.05	94.9	27.37	29.05	93.2
12/07/2018 1:02:49 PM	3614209369	1013.00	27.63	29.05	90.9	27.72	29.05	90.2	27.16	29.05	95.0	27.39	29.05	93.0
12/07/2018 1:02:50 PM	3614209370	1013.00	27.57	29.05	91.4	27.73	29.05	90.1	27.14	29.05	95.2	27.36	29.05	93.3
12/07/2018 1:02:51 PM	3614209371	1013.00	27.61	29.05	91.1	27.75	29.05	89.9	27.17	29.05	94.9	27.39	29.05	93.0
12/07/2018 1:02:52 PM	3614209372	1013.00	27.63	29.05	90.9	27.76	29.05	89.8	27.19	29.05	94.8	27.33	29.05	93.5
12/07/2018 1:02:53 PM	3614209373	1013.00	27.60	29.05	91.2	27.73	29.05	90.1	27.19	29.05	94.8	27.33	29.05	93.5
12/07/2018 1:02:54 PM	3614209374	1013.00	27.62	29.05	91.0	27.72	29.05	90.2	27.17	29.05	94.9	27.37	29.05	93.2
12/07/2018 1:02:55 PM	3614209375	1013.00	27.61	29.05	91.1	27.75	29.05	89.9	27.13	29.05	95.3	27.40	29.05	92.9
12/07/2018 1:02:56 PM	3614209376	1013.00	27.61	29.05	91.1	27.77	29.05	89.7	27.11	29.05	95.5	27.44	29.05	92.6
12/07/2018 1:02:57 PM	3614209377	1013.00	27.65	29.05	90.7	27.75	29.05	89.9	27.16	29.05	95.0	27.40	29.05	92.9
12/07/2018 1:02:58 PM	3614209378	1013.00	27.65	29.06	90.7	27.77	29.06	89.7	27.16	29.06	95.0	27.35	29.06	93.3
12/07/2018 1:02:59 PM	3614209379	1013.00	27.68	29.06	90.5	27.76	29.06	89.8	27.17	29.06	94.9	27.40	29.06	92.9
12/07/2018 1:03:00 PM	3614209380	1013.00	27.66	29.06	90.6	27.76	29.06	89.8	27.15	29.06	95.1	27.36	29.06	93.2
12/07/2018 1:03:01 PM	3614209381	1013.00	27.65	29.06	90.7	27.80	29.06	89.5	27.20	29.06	94.7	27.42	29.06	92.7
12/07/2018 1:03:02 PM	3614209382	1013.00	27.71	29.06	90.2	27.78	29.06	89.6	27.11	29.06	95.5	27.43	29.06	92.6
12/07/2018 1:03:03 PM	3614209383	1013.00	27.71	29.05	90.2	27.74	29.05	90.0	27.19	29.05	94.8	27.44	29.05	92.6
12/07/2018 1:03:04 PM	3614209384	1013.00	27.69	29.05	90.4	27.77	29.05	89.7	27.21	29.05	94.6	27.46	29.05	92.4
12/07/2018 1:03:05 PM	3614209385	1013.00	27.69	29.05	90.4	27.84	29.05	89.1	27.16	29.05	95.0	27.49	29.05	92.1
12/07/2018 1:03:06 PM	3614209386	1013.00	27.76	29.05	89.8	27.76	29.05	89.8	27.18	29.05	94.9	27.47	29.05	92.3
12/07/2018 1:03:07 PM	3614209387	1013.00	27.67	29.05	90.6	27.75	29.05	89.9	27.22	29.05	94.5	27.46	29.05	92.4
12/07/2018 1:03:08 PM	3614209388	1013.00	27.64	29.05	90.8	27.78	29.05	89.7	27.14	29.05	95.2	27.47	29.05	92.3
12/07/2018 1:03:09 PM	3614209389	1013.00	27.68	29.05	90.5	27.80	29.05	89.5	27.19	29.05	94.8	27.48	29.05	92.2
12/07/2018 1:03:10 PM	3614209390	1013.00	27.67	29.06	90.6	27.77	29.06	89.7	27.22	29.06	94.5	27.49	29.06	92.1
12/07/2018 1:03:11 PM	3614209391	1013.00	27.71	29.05	90.2	27.81	29.05	89.4	27.17	29.05	94.9	27.50	29.05	92.0
12/07/2018 1:03:12 PM	3614209392	1013.00	27.64	29.06	90.8	27.81	29.06	89.4	27.21	29.06	94.6	27.48	29.06	92.2
12/07/2018 1:03:13 PM	3614209393	1013.00	27.71	29.06	90.2	27.76	29.06	89.8	27.19	29.06	94.8	27.51	29.06	91.9
12/07/2018 1:03:14 PM	3614209394	1013.00	27.72	29.05	90.2	27.82	29.05	89.3	27.16	29.05	95.0	27.43	29.05	92.6
12/07/2018 1:03:15 PM	3614209395	1013.00	27.71	29.05	90.2	27.77	29.05	89.7	27.21	29.05	94.6	27.55	29.05	91.6
12/07/2018 1:03:16 PM	3614209396	1013.00	27.68	29.05	90.5	27.81	29.05	89.4	27.14	29.05	95.2	27.50	29.05	92.0
12/07/2018 1:03:17 PM	3614209397	1013.00	27.75	29.05	89.9	27.84	29.05	89.1	27.23	29.05	94.4	27.54	29.05	91.7
12/07/2018 1:03:18 PM	3614209398	1013.00	27.73	29.05	90.1	27.86	29.05	89.0	27.18	29.05	94.9	27.49	29.05	92.1
12/07/2018 1:03:19 PM	3614209399	1013.00	27.76	29.05	89.8	27.85	29.05	89.1	27.18	29.05	94.9	27.59	29.05	91.3
12/07/2018 1:03:20 PM	3614209400	1013.00	27.73	29.05	90.1	27.75	29.05	89.9	27.20	29.05	94.7	27.47	29.05	92.3
12/07/2018 1:03:21 PM	3614209401	1013.00	27.70	29.05	90.3	27.87	29.05	88.9	27.21	29.05	94.6	27.51	29.05	91.9
12/07/2018 1:03:22 PM	3614209402	1013.00	27.75	29.05	89.9	27.81	29.05	89.4	27.21	29.05	94.6	27.56	29.05	91.5
12/07/2018 1:03:23 PM	3614209403	1013.00	27.67	29.05	90.6	27.89	29.05	88.7	27.22	29.05	94.5	27.56	29.05	91.5
12/07/2018 1:03:24 PM	3614209404	1013.00	27.69	29.04	90.4	27.83	29.04	89.2	27.21	29.04	94.6	27.54	29.04	91.7
12/07/2018 1:03:25 PM	3614209405	1013.00	27.78	29.05	89.7	27.89	29.05	88.7	27.24	29.05	94.3	27.52	29.05	91.9
12/07/2018 1:03:26 PM	3614209406	1013.00	27.78	29.05	89.7	27.86	29.05	89.0	27.22	29.05	94.5	27.54	29.05	91.7
12/07/2018 1:03:27 PM	3614209407	1013.00	27.76	29.05	89.8	27.88	29.05	88.8	27.22	29.05	94.5	27.54	29.05	91.7
12/07/2018 1:03:28 PM	3614209408	1013.00	27.76	29.05	89.8	27.88	29.05	88.8	27.18	29.05	94.9	27.58	29.05	91.3
12/07/2018 1:03:29 PM	3614209409	1013.00	27.82	29.06	89.3	27.86	29.06	89.0	27.19	29.06	94.8	27.54	29.06	91.7
12/07/2018 1:03:30 PM	3614209410	1013.00	27.67	29.05	90.6	27.85	29.05	89.1	27.21	29.05	94.6	27.57	29.05	91.4
12/07/2018 1:03:31 PM	3614209411	1013.00	27.74	29.04	90.0	27.84	29.04	89.2	27.26	29.04	94.2	27.52	29.04	91.9
12/07/2018 1:03:32 PM	3614209412	1013.00	27.76	29.05	89.8	27.82	29.05	89.3	27.25	29.05	94.2	27.57	29.05	91.4
12/07/2018 1:03:33 PM	3614209413	1013.00	27.74	29.04	90.0	27.88	29.04	88.8	27.18	29.04	94.9	27.61	29.04	91.1
12/07/2018 1:03:34 PM	3614209414	1013.00	27.85	29.04	89.1	27.83	29.04	89.2	27.19	29.04	94.8	27.53	29.04	91.8
12/07/2018 1:03:35 PM	3614209415	1013.00	27.85	29.04	89.1	27.83	29.04	89.2	27.22	29.04	94.5	27.57	29.04	91.4
12/07/2018 1:03:36 PM	3614209416	1013.00	27.79	29.04	89.6	27.91	29.04	88.6	27.25	29.04	94.2	27.52	29.04	91.9
12/07/2018 1:03:37 PM	3614209417	1013.00	27.79	29.04	89.6	27.87	29.04	88.9	27.26	29.04	94.2	27.53	29.04	91.8
12/07/2018 1:03:38 PM	3614209418	1013.00	27.77	29.03	89.8	27.91	29.03	88.6	27.22	29.03	94.5	27.64	29.03	90.9
12/07/2018 1:03:39 PM	3614209419	1013.00	27.82	29.03	89.3	27.91	29.03	88.6	27.26	29.03	94.2	27.62	29.03	91.0
12/07/2018 1:03:40 PM	3614209420	1013.00	27.82	29.04	89.3	27.92	29.04	88.5	27.25	29.04	94.2	27.63	29.04	90.9
12/07/2018 1:03:41 PM	3614209421	1013.00	27.82	29.04	89.3	27.87	29.04	88.9	27.22	29.04	94.5	27.58	29.04	91.4
12/07/2018 1:03:42 PM	3614209422	1013.00	27.79	29.05	89.6	27.94	29.05	88.3	27.25	29.05	94.2	27.64	29.05	90.8
12/07/2018 1:03:43 PM	3614209423	1013.00	27.88	29.05	88.8	27.96	29.05	88.2	27.26	29.05	94.1	27.59	29.05	91.3
12/07/2018 1:03:44 PM	3614209424	1013.00	27.77	29.05	89.7	27.91	29.05	88.6	27.23	29.05	94.4	27.67	29.05	90.6
12/07/2018 1:03:45 PM	3614209425	1013.00	27.87	29.05	88.9	27.93	29.05	88.4	27.26	29.05	94.1	27.64	29.05	90.8
12/07/2018 1:03:46 PM	3614209426	1013.00	27.89	29.05	88.7	27.92	29.05	88.5	27.25	29.05	94.2	27.66	29.05	90.7
12/07/2018 1:03:47 PM	3614209427	1013.00	27.91	29.05	88.6	27.95	29.05	88.2	27.26	29.05	94.1	27.59	29.05	91.3
12/07/2018 1:03:48 PM	3614209428	1013.00	27.86	29.05	89.0	27.96	29.05	88.2	27.24	29.05	94.3	27.62	29.05	91.0
12/07/2018 1:03:49 PM	3614209429	1013.00	27.91	29.05	88.6	27.98	29.05	88.0	27.25	29.05	94.2	27.64	29.05	90.8
12/07/2018 1:03:50 PM	3614209430	1013.00	27.83	29.05	89.2	27.97	29.05	88.1	27.28	29.05	94.0	27.58	29.05	91.3
12/07/2018 1:03:51 PM	3614209431	1013.00	27.88	29.05	88.8	28.04	29.05	87.5	27.27	29.05	94.1	27.65	29.05	90.7
12/07/2018 1:03:52 PM	3614209432	1013.00	27.95	29.05	88.2	27.97	29.05	88.1	27.25	29.05	94.2	27.65	29.05	90.7
12/07/2018 1:03:53 PM	3614209433	1013.00	27.84	29.05	89.1	28.03	29.05	87.6	27.25	29.05	94.2	27.59	29.05	91.3
12/07/2018 1:03:54 PM	3614209434	1013.00	27.83	29.05	89.2	28.02	29.05	87.7	27.31	29.05	93.7	27.66	29.05	90.7
12/07/2018 1:03:55 PM	3614209435	1013.00	27.91	29.05	88.6	27.97	29.05	88.1	27.31	29.05	93.7	27.70	29.05	90.3
12/07/2018 1:03:56 PM	3614209436	1013.00	27.86	29.05	89.0	28.00	29.05	87.8	27.26	29.05	94.1	27.66	29.05	90.7
12/07/2018 1:03:57 PM	3614209437	1013.00	27.85	29.04	89.1	28.06	29.04	87.4	27.30	29.04	93.8	27.63	29.04	90.9
12/07/2018 1:03:58 PM	3614209438	1013.00	27.91	29.04	88.6	28.01	29.04	87.8	27.25	29.04	94.2	27.68	29.04	90.5
12/07/2018 1:03:59 PM	3614209439	1013.00	27.89	29.04	88.7	28.03	29.04	87.6	27.29	29.04	93.9	27.65	29.04	90.8
12/07/2018 1:04:00 PM	3614209440	1013.00	27.92	29.04	88.5	28.00	29.04	87.8	27.29	29.04	93.9	27.69	29.04	90.4
12/07/2018 1:04:01 PM	3614209441	1013.00	27.92	29.03	88.5	27.99	29.03	87.9	27.28	29.03	94.0	27.65	29.03	90.8
12/07/2018 1:04:02 PM	3614209442	1013.00	27.87	29.04	88.9	28.05	29.04	87.4	27.26	29.04	94.2	27.67	29.04	90.6
12/07/2018 1:04:03 PM	3614209443	1013.00	27.90	29.03	88.7	28.00	29.03	87.9	27.27	29.03	94.1	27.70	29.03	90.4
12/07/2018 1:04:04 PM	3614209444	1013.00	27.88	29.03	88.8	28.00	29.03	87.9	27.26	29.03	94.2	27.72	29.03	90.2
12/07/2018 1:04:05 PM	3614209445	1013.00	27.92	29.04	88.5	28.04	29.04	87.5	27.30	29.04	93.8	27.72	29.04	90.2
12/07/2018 1:04:06 PM	3614209446	1013.00	27.88	29.04	88.8	28.01	29.04	87.8	27.30	29.04	93.8	27.79	29.04	89.6
12/07/2018 1:04:07 PM	3614209447	1013.00	27.93	29.04	88.4	27.99	29.04	87.9	27.29	29.04	93.9	27.73	29.04	90.1
12/07/2018 1:04:08 PM	3614209448	1013.00	27.96	29.04	88.2	28.02	29.04	87.7	27.31	29.04	93.7	27.76	29.04	89.8
12/07/2018 1:04:09 PM	3614209449	1013.00	27.95	29.04	88.3	28.06	29.04	87.4	27.33	29.04	93.5	27.78	29.04	89.7
12/07/2018 1:04:10 PM	3614209450	1013.00	28.02	29.04	87.7	28.05	29.04	87.4	27.30	29.04	93.8	27.72	29.04	90.2
12/07/2018 1:04:11 PM	3614209451	1013.00	27.93	29.04	88.4	28.06	29.04	87.4	27.29	29.04	93.9	27.77	29.04	89.7
12/07/2018 1:04:12 PM	3614209452	1013.00	28.00	29.04	87.8	28.07	29.04	87.3	27.27	29.04	94.1	27.85	29.04	89.1
12/07/2018 1:04:13 PM	3614209453	1013.00	27.99	29.04	87.9	28.03	29.04	87.6	27.30	29.04	93.8	27.86	29.04	89.0
12/07/2018 1:04:14 PM	3614209454	1013.00	27.97	29.04	88.1	28.02	29.04	87.7	27.29	29.04	93.9	27.77	29.04	89.7
12/07/2018 1:04:15 PM	3614209455	1013.00	28.02	29.05	87.7	28.07	29.05	87.3	27.31	29.05	93.7	27.82	29.05	89.3
12/07/2018 1:04:16 PM	3614209456	1013.00	28.08	29.05	87.2	28.07	29.05	87.3	27.31	29.05	93.7	27.78	29.05	89.7
12/07/2018 1:04:17 PM	3614209457	1013.00	27.96	29.04	88.2	28.08	29.04	87.2	27.32	29.04	93.6	27.73	29.04	90.1
12/07/2018 1:04:18 PM	3614209458	1013.00	28.11	29.04	87.0	28.08	29.04	87.2	27.31	29.04	93.7	27.87	29.04	88.9
12/07/2018 1:04:19 PM	3614209459	1013.00	28.01	29.03	87.8	28.02	29.03	87.7	27.37	29.03	93.2	27.81	29.03	89.4
12/07/2018 1:04:20 PM	3614209460	1013.00	27.95	29.03	88.3	28.08	29.03	87.2	27.30	29.03	93.8	27.86	29.03	89.0
12/07/2018 1:04:21 PM	3614209461	1013.00	27.94	29.03	88.4	28.09	29.03	87.1	27.38	29.03	93.1	27.82	29.03	89.3
12/07/2018 1:04:22 PM	3614209462	1013.00	28.04	29.03	87.5	28.03	29.03	87.6	27.30	29.03	93.8	27.89	29.03	88.8
12/07/2018 1:04:23 PM	3614209463	1013.00	27.96	29.04	88.2	28.05	29.04	87.4	27.30	29.04	93.8	27.82	29.04	89.3
12/07/2018 1:04:24 PM	3614209464	1013.00	28.02	29.05	87.7	28.06	29.05	87.3	27.37	29.05	93.2	27.90	29.05	88.7
12/07/2018 1:04:25 PM	3614209465	1013.00	27.98	29.05	88.0	28.11	29.05	86.9	27.32	29.05	93.6	27.86	29.05	89.0
12/07/2018 1:04:26 PM	3614209466	1013.00	28.05	29.04	87.4	28.10	29.04	87.0	27.33	29.04	93.5	27.91	29.04	88.6
12/07/2018 1:04:27 PM	3614209467	1013.00	28.03	29.05	87.6	28.03	29.05	87.6	27.38	29.05	93.1	27.92	29.05	88.5
12/07/2018 1:04:28 PM	3614209468	1013.00	27.97	29.04	88.1	28.10	29.04	87.0	27.35	29.04	93.4	27.87	29.04	88.9
12/07/2018 1:04:29 PM	3614209469	1013.00	27.98	29.04	88.0	28.15	29.04	86.6	27.33	29.04	93.5	27.91	29.04	88.6
12/07/2018 1:04:30 PM	3614209470	1013.00	28.03	29.04	87.6	28.16	29.04	86.5	27.35	29.04	93.4	27.96	29.04	88.2
12/07/2018 1:04:31 PM	3614209471	1013.00	28.06	29.04	87.4	28.08	29.04	87.2	27.43	29.04	92.7	27.88	29.04	88.8
12/07/2018 1:04:32 PM	3614209472	1013.00	28.01	29.04	87.8	28.15	29.04	86.6	27.32	29.04	93.6	27.93	29.04	88.4
12/07/2018 1:04:33 PM	3614209473	1013.00	28.06	29.04	87.4	28.15	29.04	86.6	27.35	29.04	93.4	27.91	29.04	88.6
12/07/2018 1:04:34 PM	3614209474	1013.00	27.98	29.04	88.0	28.16	29.04	86.5	27.35	29.04	93.4	27.90	29.04	88.7
12/07/2018 1:04:35 PM	3614209475	1013.00	28.05	29.04	87.4	28.06	29.04	87.4	27.37	29.04	93.2	27.91	29.04	88.6
12/07/2018 1:04:36 PM	3614209476	1013.00	28.05	29.04	87.4	28.13	29.04	86.8	27.41	29.04	92.8	27.95	29.04	88.3
12/07/2018 1:04:37 PM	3614209477	1013.00	28.04	29.04	87.5	28.13	29.04	86.8	27.36	29.04	93.3	27.92	29.04	88.5
12/07/2018 1:04:38 PM	3614209478	1013.00	28.03	29.04	87.6	28.18	29.04	86.4	27.38	29.04	93.1	27.88	29.04	88.8
12/07/2018 1:04:39 PM	3614209479	1013.00	28.12	29.04	86.9	28.14	29.04	86.7	27.35	29.04	93.4	27.92	29.04	88.5
12/07/2018 1:04:40 PM	3614209480	1013.00	27.99	29.04	87.9	28.11	29.04	87.0	27.35	29.04	93.4	27.99	29.04	87.9
12/07/2018 1:04:41 PM	3614209481	1013.00	28.08	29.04	87.2	28.21	29.04	86.1	27.36	29.04	93.3	27.93	29.04	88.4
12/07/2018 1:04:42 PM	3614209482	1013.00	28.10	29.04	87.0	28.15	29.04	86.6	27.39	29.04	93.0	27.93	29.04	88.4
12/07/2018 1:04:43 PM	3614209483	1013.00	28.10	29.04	87.0	28.19	29.04	86.3	27.38	29.04	93.1	27.96	29.04	88.2
12/07/2018 1:04:44 PM	3614209484	1013.00	28.05	29.03	87.5	28.19	29.03	86.3	27.39	29.03	93.0	27.96	29.03	88.2
12/07/2018 1:04:45 PM	3614209485	1013.00	28.07	29.03	87.3	28.22	29.03	86.1	27.36	29.03	93.3	27.98	29.03	88.0
12/07/2018 1:04:46 PM	3614209486	1013.00	28.08	29.03	87.2	28.26	29.03	85.8	27.40	29.03	92.9	28.01	29.03	87.8
12/07/2018 1:04:47 PM	3614209487	1013.00	28.11	29.03	87.0	28.23	29.03	86.0	27.38	29.03	93.1	28.07	29.03	87.3
12/07/2018 1:04:48 PM	3614209488	1013.00	28.13	29.04	86.8	28.23	29.04	86.0	27.39	29.04	93.0	28.06	29.04	87.4
12/07/2018 1:04:49 PM	3614209489	1013.00	28.07	29.04	87.3	28.23	29.04	86.0	27.39	29.04	93.0	28.06	29.04	87.4
12/07/2018 1:04:50 PM	3614209490	1013.00	28.08	29.04	87.2	28.25	29.04	85.8	27.40	29.04	92.9	28.06	29.04	87.4
12/07/2018 1:04:51 PM	3614209491	1013.00	28.17	29.05	86.5	28.22	29.05	86.1	27.41	29.05	92.8	28.06	29.05	87.3
12/07/2018 1:04:52 PM	3614209492	1013.00	28.14	29.05	86.7	28.27	29.05	85.7	27.40	29.05	92.9	28.08	29.05	87.2
12/07/2018 1:04:53 PM	3614209493	1013.00	28.05	29.04	87.4	28.24	29.04	85.9	27.38	29.04	93.1	28.06	29.04	87.4
12/07/2018 1:04:54 PM	3614209494	1013.00	28.10	29.04	87.0	28.23	29.04	86.0	27.41	29.04	92.8	28.06	29.04	87.4
12/07/2018 1:04:55 PM	3614209495	1013.00	28.11	29.04	87.0	28.26	29.04	85.8	27.41	29.04	92.8	28.06	29.04	87.4
12/07/2018 1:04:56 PM	3614209496	1013.00	28.20	29.04	86.2	28.24	29.04	85.9	27.43	29.04	92.7	28.13	29.04	86.8
12/07/2018 1:04:57 PM	3614209497	1013.00	28.09	29.03	87.1	28.16	29.03	86.6	27.39	29.03	93.0	28.16	29.03	86.6
12/07/2018 1:04:58 PM	3614209498	1013.00	28.09	29.03	87.1	28.25	29.03	85.8	27.39	29.03	93.0	28.15	29.03	86.6
12/07/2018 1:04:59 PM	3614209499	1013.00	28.11	29.04	87.0	28.29	29.04	85.5	27.41	29.04	92.8	28.15	29.04	86.6
12/07/2018 1:05:00 PM	3614209500	1013.00	28.17	29.04	86.5	28.26	29.04	85.8	27.44	29.04	92.6	28.20	29.04	86.2
12/07/2018 1:05:01 PM	3614209501	1013.00	28.10	29.04	87.0	28.30	29.04	85.4	27.42	29.04	92.7	28.15	29.04	86.6
12/07/2018 1:05:02 PM	3614209502	1013.00	28.14	29.04	86.7	28.26	29.04	85.8	27.44	29.04	92.6	28.10	29.04	87.0
12/07/2018 1:05:03 PM	3614209503	1013.00	28.10	29.04	87.0	28.31	29.04	85.4	27.42	29.04	92.7	28.10	29.04	87.0
12/07/2018 1:05:04 PM	3614209504	1013.00	28.13	29.04	86.8	28.21	29.04	86.1	27.43	29.04	92.7	28.18	29.04	86.4
12/07/2018 1:05:05 PM	3614209505	1013.00	28.17	29.04	86.5	28.25	29.04	85.8	27.43	29.04	92.7	28.12	29.04	86.9
12/07/2018 1:05:06 PM	3614209506	1013.00	28.15	29.03	86.6	28.28	29.03	85.6	27.44	29.03	92.6	28.14	29.03	86.7
12/07/2018 1:05:07 PM	3614209507	1013.00	28.17	29.03	86.5	28.30	29.03	85.4	27.42	29.03	92.8	28.11	29.03	87.0
12/07/2018 1:05:08 PM	3614209508	1013.00	28.16	29.03	86.6	28.28	29.03	85.6	27.46	29.03	92.4	28.12	29.03	86.9
12/07/2018 1:05:09 PM	3614209509	1013.00	28.22	29.04	86.1	28.27	29.04	85.7	27.49	29.04	92.1	28.16	29.04	86.5
12/07/2018 1:05:10 PM	3614209510	1013.00	28.11	29.04	87.0	28.32	29.04	85.3	27.42	29.04	92.7	28.22	29.04	86.1
12/07/2018 1:05:11 PM	3614209511	1013.00	28.14	29.04	86.7	28.27	29.04	85.7	27.43	29.04	92.7	28.03	29.04	87.6
12/07/2018 1:05:12 PM	3614209512	1013.00	28.21	29.05	86.1	28.31	29.05	85.3	27.43	29.05	92.6	28.18	29.05	86.4
12/07/2018 1:05:13 PM	3614209513	1013.00	28.17	29.05	86.5	28.29	29.05	85.5	27.45	29.05	92.5	28.16	29.05	86.5
12/07/2018 1:05:14 PM	3614209514	1013.00	28.16	29.05	86.5	28.36	29.05	84.9	27.44	29.05	92.6	28.18	29.05	86.4
12/07/2018 1:05:15 PM	3614209515	1013.00	28.17	29.05	86.5	28.31	29.05	85.3	27.45	29.05	92.5	28.14	29.05	86.7
12/07/2018 1:05:16 PM	3614209516	1013.00	28.21	29.04	86.1	28.27	29.04	85.7	27.45	29.04	92.5	28.22	29.04	86.1
12/07/2018 1:05:17 PM	3614209517	1013.00	28.27	29.04	85.7	28.31	29.04	85.4	27.46	29.04	92.4	28.23	29.04	86.0
12/07/2018 1:05:18 PM	3614209518	1013.00	28.22	29.04	86.1	28.30	29.04	85.4	27.44	29.04	92.6	28.23	29.04	86.0
12/07/2018 1:05:19 PM	3614209519	1013.00	28.20	29.04	86.2	28.29	29.04	85.5	27.47	29.04	92.3	28.17	29.04	86.5
12/07/2018 1:05:20 PM	3614209520	1013.00	28.18	29.04	86.4	28.33	29.04	85.2	27.46	29.04	92.4	28.19	29.04	86.3
12/07/2018 1:05:21 PM	3614209521	1013.00	28.24	29.04	85.9	28.31	29.04	85.4	27.46	29.04	92.4	28.16	29.04	86.5
12/07/2018 1:05:22 PM	3614209522	1013.00	28.20	29.04	86.2	28.33	29.04	85.2	27.50	29.04	92.1	28.20	29.04	86.2
12/07/2018 1:05:23 PM	3614209523	1013.00	28.18	29.03	86.4	28.35	29.03	85.1	27.46	29.03	92.4	28.31	29.03	85.4
12/07/2018 1:05:24 PM	3614209524	1013.00	28.21	29.03	86.2	28.35	29.03	85.1	27.46	29.03	92.4	28.19	29.03	86.3
12/07/2018 1:05:25 PM	3614209525	1013.00	28.15	29.03	86.6	28.33	29.03	85.2	27.46	29.03	92.4	28.26	29.03	85.8
12/07/2018 1:05:26 PM	3614209526	1013.00	28.18	29.03	86.4	28.35	29.03	85.1	27.46	29.03	92.4	28.30	29.03	85.4
12/07/2018 1:05:27 PM	3614209527	1013.00	28.22	29.03	86.1	28.35	29.03	85.1	27.48	29.03	92.2	28.23	29.03	86.0
12/07/2018 1:05:28 PM	3614209528	1013.00	28.21	29.03	86.2	28.32	29.03	85.3	27.48	29.03	92.2	28.23	29.03	86.0
12/07/2018 1:05:29 PM	3614209529	1013.00	28.24	29.03	85.9	28.35	29.03	85.1	27.51	29.03	92.0	28.25	29.03	85.8
12/07/2018 1:05:30 PM	3614209530	1013.00	28.22	29.03	86.1	28.40	29.03	84.7	27.46	29.03	92.4	28.27	29.03	85.7
12/07/2018 1:05:31 PM	3614209531	1013.00	28.25	29.03	85.8	28.35	29.03	85.1	27.46	29.03	92.4	28.26	29.03	85.8
12/07/2018 1:05:32 PM	3614209532	1013.00	28.18	29.03	86.4	28.41	29.03	84.6	27.48	29.03	92.2	28.25	29.03	85.8
12/07/2018 1:05:33 PM	3614209533	1013.00	28.21	29.03	86.2	28.42	29.03	84.5	27.50	29.03	92.1	28.21	29.03	86.2
12/07/2018 1:05:34 PM	3614209534	1013.00	28.30	29.03	85.4	28.38	29.03	84.8	27.49	29.03	92.2	28.29	29.03	85.5
12/07/2018 1:05:35 PM	3614209535	1013.00	28.22	29.03	86.1	28.42	29.03	84.5	27.48	29.03	92.2	28.33	29.03	85.2
12/07/2018 1:05:36 PM	3614209536	1013.00	28.34	29.03	85.1	28.40	29.03	84.7	27.47	29.03	92.3	28.31	29.03	85.4
12/07/2018 1:05:37 PM	3614209537	1013.00	28.28	29.03	85.6	28.46	29.03	84.2	27.48	29.03	92.2	28.33	29.03	85.2
12/07/2018 1:05:38 PM	3614209538	1013.00	28.28	29.04	85.6	28.42	29.04	84.5	27.48	29.04	92.2	28.33	29.04	85.2
12/07/2018 1:05:39 PM	3614209539	1013.00	28.22	29.04	86.1	28.47	29.04	84.1	27.52	29.04	91.9	28.31	29.04	85.4
12/07/2018 1:05:40 PM	3614209540	1013.00	28.23	29.04	86.0	28.45	29.04	84.3	27.47	29.04	92.3	28.30	29.04	85.4
12/07/2018 1:05:41 PM	3614209541	1013.00	28.31	29.04	85.4	28.42	29.04	84.5	27.49	29.04	92.1	28.31	29.04	85.4
12/07/2018 1:05:42 PM	3614209542	1013.00	28.33	29.04	85.2	28.40	29.04	84.6	27.48	29.04	92.2	28.34	29.04	85.1
12/07/2018 1:05:43 PM	3614209543	1013.00	28.35	29.04	85.0	28.46	29.04	84.2	27.50	29.04	92.1	28.34	29.04	85.1
12/07/2018 1:05:44 PM	3614209544	1013.00	28.31	29.04	85.4	28.42	29.04	84.5	27.48	29.04	92.2	28.32	29.04	85.3
12/07/2018 1:05:45 PM	3614209545	1013.00	28.32	29.04	85.3	28.51	29.04	83.8	27.53	29.04	91.8	28.28	29.04	85.6
12/07/2018 1:05:46 PM	3614209546	1013.00	28.32	29.04	85.3	28.56	29.04	83.4	27.52	29.04	91.9	28.35	29.04	85.0
12/07/2018 1:05:47 PM	3614209547	1013.00	28.39	29.04	84.7	28.45	29.04	84.3	27.54	29.04	91.7	28.31	29.04	85.4
12/07/2018 1:05:48 PM	3614209548	1013.00	28.26	29.04	85.8	28.44	29.04	84.3	27.49	29.04	92.1	28.29	29.04	85.5
12/07/2018 1:05:49 PM	3614209549	1013.00	28.33	29.04	85.2	28.47	29.04	84.1	27.50	29.04	92.1	28.34	29.04	85.1
12/07/2018 1:05:50 PM	3614209550	1013.00	28.32	29.04	85.3	28.47	29.04	84.1	27.49	29.04	92.1	28.36	29.04	85.0
12/07/2018 1:05:51 PM	3614209551	1013.00	28.31	29.05	85.3	28.47	29.05	84.1	27.51	29.05	91.9	28.32	29.05	85.3
12/07/2018 1:05:52 PM	3614209552	1013.00	28.32	29.04	85.3	28.54	29.04	83.6	27.52	29.04	91.9	28.37	29.04	84.9
12/07/2018 1:05:53 PM	3614209553	1013.00	28.38	29.04	84.8	28.51	29.04	83.8	27.53	29.04	91.8	28.43	29.04	84.4
12/07/2018 1:05:54 PM	3614209554	1013.00	28.36	29.04	85.0	28.49	29.04	83.9	27.52	29.04	91.9	28.37	29.04	84.9
12/07/2018 1:05:55 PM	3614209555	1013.00	28.40	29.04	84.6	28.52	29.04	83.7	27.49	29.04	92.1	28.45	29.04	84.3
12/07/2018 1:05:56 PM	3614209556	1013.00	28.37	29.04	84.9	28.50	29.04	83.9	27.54	29.04	91.7	28.36	29.04	85.0
12/07/2018 1:05:57 PM	3614209557	1013.00	28.45	29.04	84.3	28.54	29.04	83.6	27.56	29.04	91.5	28.44	29.04	84.3
12/07/2018 1:05:58 PM	3614209558	1013.00	28.42	29.04	84.5	28.52	29.04	83.7	27.54	29.04	91.7	28.43	29.04	84.4
12/07/2018 1:05:59 PM	3614209559	1013.00	28.34	29.04	85.1	28.54	29.04	83.6	27.55	29.04	91.6	28.43	29.04	84.4
12/07/2018 1:06:00 PM	3614209560	1013.00	28.38	29.04	84.8	28.47	29.04	84.1	27.55	29.04	91.6	28.36	29.04	85.0
12/07/2018 1:06:01 PM	3614209561	1013.00	28.43	29.04	84.4	28.57	29.04	83.3	27.57	29.04	91.4	28.41	29.04	84.6
12/07/2018 1:06:02 PM	3614209562	1013.00	28.34	29.04	85.1	28.46	29.04	84.2	27.54	29.04	91.7	28.44	29.04	84.3
12/07/2018 1:06:03 PM	3614209563	1013.00	28.38	29.03	84.8	28.48	29.03	84.0	27.53	29.03	91.8	28.39	29.03	84.7
12/07/2018 1:06:04 PM	3614209564	1013.00	28.31	29.03	85.4	28.54	29.03	83.6	27.55	29.03	91.6	28.40	29.03	84.7
12/07/2018 1:06:05 PM	3614209565	1013.00	28.37	29.03	84.9	28.54	29.03	83.6	27.52	29.03	91.9	28.47	29.03	84.1
12/07/2018 1:06:06 PM	3614209566	1013.00	28.42	29.03	84.5	28.49	29.03	84.0	27.53	29.03	91.8	28.42	29.03	84.5
12/07/2018 1:06:07 PM	3614209567	1013.00	28.45	29.03	84.3	28.52	29.03	83.7	27.56	29.03	91.5	28.48	29.03	84.0
12/07/2018 1:06:08 PM	3614209568	1013.00	28.41	29.03	84.6	28.53	29.03	83.7	27.55	29.03	91.6	28.50	29.03	83.9
12/07/2018 1:06:09 PM	3614209569	1013.00	28.47	29.03	84.1	28.51	29.03	83.8	27.55	29.03	91.6	28.46	29.03	84.2
12/07/2018 1:06:10 PM	3614209570	1013.00	28.47	29.03	84.1	28.54	29.03	83.6	27.55	29.03	91.6	28.43	29.03	84.4
12/07/2018 1:06:11 PM	3614209571	1013.00	28.54	29.03	83.6	28.51	29.03	83.8	27.56	29.03	91.5	28.44	29.03	84.4
12/07/2018 1:06:12 PM	3614209572	1013.00	28.48	29.03	84.0	28.53	29.03	83.7	27.62	29.03	91.0	28.48	29.03	84.0
12/07/2018 1:06:13 PM	3614209573	1013.00	28.37	29.03	84.9	28.58	29.03	83.3	27.59	29.03	91.3	28.43	29.03	84.4
12/07/2018 1:06:14 PM	3614209574	1013.00	28.46	29.04	84.2	28.59	29.04	83.2	27.58	29.04	91.4	28.48	29.04	84.0
12/07/2018 1:06:15 PM	3614209575	1013.00	28.54	29.04	83.6	28.55	29.04	83.5	27.57	29.04	91.4	28.48	29.04	84.0
12/07/2018 1:06:16 PM	3614209576	1013.00	28.48	29.04	84.0	28.53	29.04	83.6	27.60	29.04	91.2	28.43	29.04	84.4
12/07/2018 1:06:17 PM	3614209577	1013.00	28.50	29.04	83.9	28.51	29.04	83.8	27.56	29.04	91.5	28.42	29.04	84.5
12/07/2018 1:06:18 PM	3614209578	1013.00	28.57	29.04	83.3	28.53	29.04	83.6	27.56	29.04	91.5	28.47	29.04	84.1
12/07/2018 1:06:19 PM	3614209579	1013.00	28.49	29.03	84.0	28.58	29.03	83.3	27.57	29.03	91.5	28.47	29.03	84.1
12/07/2018 1:06:20 PM	3614209580	1013.00	28.51	29.04	83.8	28.54	29.04	83.6	27.60	29.04	91.2	28.46	29.04	84.2
12/07/2018 1:06:21 PM	3614209581	1013.00	28.49	29.04	83.9	28.63	29.04	82.9	27.54	29.04	91.7	28.44	29.04	84.3
12/07/2018 1:06:22 PM	3614209582	1013.00	28.52	29.04	83.7	28.57	29.04	83.3	27.58	29.04	91.4	28.48	29.04	84.0
12/07/2018 1:06:23 PM	3614209583	1013.00	28.54	29.04	83.6	28.60	29.04	83.1	27.60	29.04	91.2	28.43	29.04	84.4
12/07/2018 1:06:24 PM	3614209584	1013.00	28.50	29.04	83.9	28.58	29.04	83.3	27.57	29.04	91.4	28.48	29.04	84.0
12/07/2018 1:06:25 PM	3614209585	1013.00	28.50	29.04	83.9	28.57	29.04	83.3	27.59	29.04	91.3	28.49	29.04	83.9
12/07/2018 1:06:26 PM	3614209586	1013.00	28.50	29.04	83.9	28.55	29.04	83.5	27.55	29.04	91.6	28.51	29.04	83.8
12/07/2018 1:06:27 PM	3614209587	1013.00	28.48	29.05	84.0	28.55	29.05	83.5	27.63	29.05	90.9	28.53	29.05	83.6
12/07/2018 1:06:28 PM	3614209588	1013.00	28.49	29.04	83.9	28.53	29.04	83.6	27.57	29.04	91.4	28.48	29.04	84.0
12/07/2018 1:06:29 PM	3614209589	1013.00	28.57	29.04	83.3	28.55	29.04	83.5	27.62	29.04	91.0	28.52	29.04	83.7
12/07/2018 1:06:30 PM	3614209590	1013.00	28.55	29.04	83.5	28.62	29.04	83.0	27.61	29.04	91.1	28.52	29.04	83.7
12/07/2018 1:06:31 PM	3614209591	1013.00	28.57	29.04	83.3	28.60	29.04	83.1	27.61	29.04	91.1	28.56	29.04	83.4
12/07/2018 1:06:32 PM	3614209592	1013.00	28.51	29.03	83.8	28.62	29.03	83.0	27.61	29.03	91.1	28.50	29.03	83.9
12/07/2018 1:06:33 PM	3614209593	1013.00	28.48	29.03	84.0	28.58	29.03	83.3	27.64	29.03	90.9	28.55	29.03	83.5
12/07/2018 1:06:34 PM	3614209594	1013.00	28.55	29.04	83.5	28.57	29.04	83.3	27.63	29.04	90.9	28.60	29.04	83.1
12/07/2018 1:06:35 PM	3614209595	1013.00	28.49	29.04	83.9	28.53	29.04	83.6	27.63	29.04	90.9	28.59	29.04	83.2
12/07/2018 1:06:36 PM	3614209596	1013.00	28.56	29.04	83.4	28.57	29.04	83.3	27.62	29.04	91.0	28.50	29.04	83.9
12/07/2018 1:06:37 PM	3614209597	1013.00	28.52	29.05	83.7	28.64	29.05	82.8	27.63	29.05	90.9	28.60	29.05	83.1
12/07/2018 1:06:38 PM	3614209598	1013.00	28.54	29.04	83.6	28.60	29.04	83.1	27.60	29.04	91.2	28.54	29.04	83.6
12/07/2018 1:06:39 PM	3614209599	1013.00	28.64	29.04	82.8	28.59	29.04	83.2	27.63	29.04	90.9	28.56	29.04	83.4
12/07/2018 1:06:40 PM	3614209600	1013.00	28.58	29.04	83.3	28.59	29.04	83.2	27.62	29.04	91.0	28.51	29.04	83.8
12/07/2018 1:06:41 PM	3614209601	1013.00	28.63	29.04	82.9	28.65	29.04	82.7	27.63	29.04	90.9	28.60	29.04	83.1
12/07/2018 1:06:42 PM	3614209602	1013.00	28.56	29.03	83.4	28.58	29.03	83.3	27.64	29.03	90.9	28.57	29.03	83.3
12/07/2018 1:06:43 PM	3614209603	1013.00	28.52	29.03	83.7	28.57	29.03	83.3	27.63	29.03	90.9	28.59	29.03	83.2
12/07/2018 1:06:44 PM	3614209604	1013.00	28.65	29.04	82.7	28.63	29.04	82.9	27.64	29.04	90.8	28.63	29.04	82.9
12/07/2018 1:06:45 PM	3614209605	1013.00	28.56	29.04	83.4	28.65	29.04	82.7	27.64	29.04	90.8	28.67	29.04	82.6
12/07/2018 1:06:46 PM	3614209606	1013.00	28.60	29.04	83.1	28.64	29.04	82.8	27.65	29.04	90.8	28.64	29.04	82.8
12/07/2018 1:06:47 PM	3614209607	1013.00	28.59	29.04	83.2	28.70	29.04	82.3	27.65	29.04	90.8	28.61	29.04	83.0
12/07/2018 1:06:48 PM	3614209608	1013.00	28.57	29.05	83.3	28.67	29.05	82.6	27.66	29.05	90.7	28.66	29.05	82.6
12/07/2018 1:06:49 PM	3614209609	1013.00	28.58	29.05	83.2	28.66	29.05	82.6	27.66	29.05	90.7	28.61	29.05	83.0
12/07/2018 1:06:50 PM	3614209610	1013.00	28.55	29.04	83.5	28.68	29.04	82.5	27.65	29.04	90.8	28.68	29.04	82.5
12/07/2018 1:06:51 PM	3614209611	1013.00	28.59	29.04	83.2	28.68	29.04	82.5	27.68	29.04	90.5	28.64	29.04	82.8
12/07/2018 1:06:52 PM	3614209612	1013.00	28.61	29.04	83.0	28.67	29.04	82.6	27.66	29.04	90.7	28.72	29.04	82.2
12/07/2018 1:06:53 PM	3614209613	1013.00	28.59	29.03	83.2	28.71	29.03	82.3	27.66	29.03	90.7	28.70	29.03	82.4
12/07/2018 1:06:54 PM	3614209614	1013.00	28.59	29.03	83.2	28.68	29.03	82.5	27.66	29.03	90.7	28.64	29.03	82.8
12/07/2018 1:06:55 PM	3614209615	1013.00	28.56	29.03	83.4	28.69	29.03	82.4	27.67	29.03	90.6	28.65	29.03	82.7
12/07/2018 1:06:56 PM	3614209616	1013.00	28.62	29.03	83.0	28.64	29.03	82.8	27.64	29.03	90.9	28.70	29.03	82.4
12/07/2018 1:06:57 PM	3614209617	1013.00	28.58	29.03	83.3	28.71	29.03	82.3	27.72	29.03	90.2	28.70	29.03	82.4
12/07/2018 1:06:58 PM	3614209618	1013.00	28.60	29.04	83.1	28.68	29.04	82.5	27.66	29.04	90.7	28.70	29.04	82.3
12/07/2018 1:06:59 PM	3614209619	1013.00	28.61	29.04	83.0	28.63	29.04	82.9	27.66	29.04	90.7	28.69	29.04	82.4
12/07/2018 1:07:00 PM	3614209620	1013.00	28.58	29.04	83.3	28.64	29.04	82.8	27.71	29.04	90.3	28.74	29.04	82.0
12/07/2018 1:07:01 PM	3614209621	1013.00	28.68	29.04	82.5	28.68	29.04	82.5	27.66	29.04	90.7	28.68	29.04	82.5
12/07/2018 1:07:02 PM	3614209622	1013.00	28.62	29.03	83.0	28.67	29.03	82.6	27.67	29.03	90.6	28.77	29.03	81.8
12/07/2018 1:07:03 PM	3614209623	1013.00	28.68	29.03	82.5	28.67	29.03	82.6	27.71	29.03	90.3	28.67	29.03	82.6
12/07/2018 1:07:04 PM	3614209624	1013.00	28.65	29.02	82.8	28.72	29.02	82.2	27.67	29.02	90.6	28.72	29.02	82.2
12/07/2018 1:07:05 PM	3614209625	1013.00	28.68	29.03	82.5	28.70	29.03	82.4	27.70	29.03	90.4	28.73	29.03	82.1
12/07/2018 1:07:06 PM	3614209626	1013.00	28.59	29.03	83.2	28.77	29.03	81.8	27.70	29.03	90.4	28.74	29.03	82.1
12/07/2018 1:07:07 PM	3614209627	1013.00	28.67	29.02	82.6	28.70	29.02	82.4	27.72	29.02	90.2	28.68	29.02	82.5
12/07/2018 1:07:08 PM	3614209628	1013.00	28.76	29.02	81.9	28.76	29.02	81.9	27.66	29.02	90.7	28.77	29.02	81.8
12/07/2018 1:07:09 PM	3614209629	1013.00	28.77	29.02	81.8	28.76	29.02	81.9	27.66	29.02	90.7	28.75	29.02	82.0
12/07/2018 1:07:10 PM	3614209630	1013.00	28.68	29.02	82.5	28.75	29.02	82.0	27.70	29.02	90.4	28.78	29.02	81.8
12/07/2018 1:07:11 PM	3614209631	1013.00	28.67	29.02	82.6	28.78	29.02	81.8	27.65	29.02	90.8	28.67	29.02	82.6
12/07/2018 1:07:12 PM	3614209632	1013.00	28.72	29.03	82.2	28.72	29.03	82.2	27.70	29.03	90.4	28.72	29.03	82.2
12/07/2018 1:07:13 PM	3614209633	1013.00	28.72	29.04	82.2	28.80	29.04	81.6	27.72	29.04	90.2	28.71	29.04	82.3
12/07/2018 1:07:14 PM	3614209634	1013.00	28.79	29.04	81.7	28.75	29.04	82.0	27.73	29.04	90.1	28.72	29.04	82.2
12/07/2018 1:07:15 PM	3614209635	1013.00	28.72	29.04	82.2	28.81	29.04	81.5	27.69	29.04	90.4	28.66	29.04	82.6
12/07/2018 1:07:16 PM	3614209636	1013.00	28.68	29.04	82.5	28.82	29.04	81.4	27.71	29.04	90.3	28.69	29.04	82.4
12/07/2018 1:07:17 PM	3614209637	1013.00	28.73	29.04	82.1	28.79	29.04	81.7	27.70	29.04	90.3	28.77	29.04	81.8
12/07/2018 1:07:18 PM	3614209638	1013.00	28.77	29.04	81.8	28.78	29.04	81.7	27.69	29.04	90.4	28.80	29.04	81.6
12/07/2018 1:07:19 PM	3614209639	1013.00	28.72	29.04	82.2	28.78	29.04	81.7	27.73	29.04	90.1	28.79	29.04	81.7
12/07/2018 1:07:20 PM	3614209640	1013.00	28.71	29.04	82.3	28.83	29.04	81.4	27.76	29.04	89.8	28.75	29.04	82.0
12/07/2018 1:07:21 PM	3614209641	1013.00	28.84	29.04	81.3	28.80	29.04	81.6	27.72	29.04	90.2	28.79	29.04	81.7
12/07/2018 1:07:22 PM	3614209642	1013.00	28.76	29.04	81.9	28.78	29.04	81.7	27.71	29.04	90.3	28.85	29.04	81.2
12/07/2018 1:07:23 PM	3614209643	1013.00	28.83	29.03	81.4	28.81	29.03	81.5	27.72	29.03	90.2	28.86	29.03	81.2
12/07/2018 1:07:24 PM	3614209644	1013.00	28.77	29.03	81.8	28.81	29.03	81.5	27.78	29.03	89.7	28.82	29.03	81.5
12/07/2018 1:07:25 PM	3614209645	1013.00	28.82	29.04	81.4	28.80	29.04	81.6	27.72	29.04	90.2	28.81	29.04	81.5
12/07/2018 1:07:26 PM	3614209646	1013.00	28.73	29.03	82.1	28.86	29.03	81.2	27.72	29.03	90.2	28.86	29.03	81.2
12/07/2018 1:07:27 PM	3614209647	1013.00	28.76	29.04	81.9	28.85	29.04	81.2	27.74	29.04	90.0	28.85	29.04	81.2
12/07/2018 1:07:28 PM	3614209648	1013.00	28.81	29.04	81.5	28.87	29.04	81.1	27.74	29.04	90.0	28.89	29.04	80.9
12/07/2018 1:07:29 PM	3614209649	1013.00	28.86	29.04	81.1	28.86	29.04	81.1	27.75	29.04	89.9	28.89	29.04	80.9
12/07/2018 1:07:30 PM	3614209650	1013.00	28.82	29.04	81.4	28.88	29.04	81.0	27.74	29.04	90.0	28.87	29.04	81.1
12/07/2018 1:07:31 PM	3614209651	1013.00	28.82	29.04	81.4	28.87	29.04	81.1	27.74	29.04	90.0	28.84	29.04	81.3
12/07/2018 1:07:32 PM	3614209652	1013.00	28.73	29.04	82.1	28.91	29.04	80.8	27.74	29.04	90.0	28.89	29.04	80.9
12/07/2018 1:07:33 PM	3614209653	1013.00	28.80	29.04	81.6	28.89	29.04	80.9	27.70	29.04	90.3	28.85	29.04	81.2
12/07/2018 1:07:34 PM	3614209654	1013.00	28.82	29.04	81.4	28.87	29.04	81.1	27.73	29.04	90.1	28.85	29.04	81.2
12/07/2018 1:07:35 PM	3614209655	1013.00	28.79	29.04	81.7	28.86	29.04	81.1	27.73	29.04	90.1	28.88	29.04	81.0
12/07/2018 1:07:36 PM	3614209656	1013.00	28.75	29.04	82.0	28.88	29.04	81.0	27.75	29.04	89.9	28.83	29.04	81.4
12/07/2018 1:07:37 PM	3614209657	1013.00	28.81	29.04	81.5	28.92	29.04	80.7	27.77	29.04	89.7	28.87	29.04	81.1
12/07/2018 1:07:38 PM	3614209658	1013.00	28.84	29.04	81.3	28.89	29.04	80.9	27.79	29.04	89.6	28.93	29.04	80.6
12/07/2018 1:07:39 PM	3614209659	1013.00	28.89	29.04	80.9	28.89	29.04	80.9	27.75	29.04	89.9	28.86	29.04	81.1
12/07/2018 1:07:40 PM	3614209660	1013.00	28.91	29.03	80.8	28.93	29.03	80.6	27.74	29.03	90.0	28.87	29.03	81.1
12/07/2018 1:07:41 PM	3614209661	1013.00	28.81	29.03	81.5	28.93	29.03	80.6	27.76	29.03	89.8	28.82	29.03	81.5
12/07/2018 1:07:42 PM	3614209662	1013.00	28.87	29.03	81.1	28.92	29.03	80.7	27.75	29.03	89.9	28.85	29.03	81.2
12/07/2018 1:07:43 PM	3614209663	1013.00	28.89	29.02	81.0	28.97	29.02	80.4	27.77	29.02	89.8	28.92	29.02	80.7
12/07/2018 1:07:44 PM	3614209664	1013.00	28.80	29.02	81.6	28.87	29.02	81.1	27.74	29.02	90.0	28.96	29.02	80.4
12/07/2018 1:07:45 PM	3614209665	1013.00	28.94	29.02	80.6	28.92	29.02	80.7	27.76	29.02	89.9	28.90	29.02	80.9
12/07/2018 1:07:46 PM	3614209666	1013.00	28.83	29.02	81.4	28.93	29.02	80.7	27.76	29.02	89.9	28.94	29.02	80.6
12/07/2018 1:07:47 PM	3614209667	1013.00	28.86	29.03	81.2	28.93	29.03	80.6	27.76	29.03	89.8	28.98	29.03	80.3
12/07/2018 1:07:48 PM	3614209668	1013.00	28.89	29.03	80.9	28.86	29.03	81.2	27.80	29.03	89.5	28.96	29.03	80.4
12/07/2018 1:07:49 PM	3614209669	1013.00	28.89	29.03	80.9	28.93	29.03	80.6	27.77	29.03	89.8	28.99	29.03	80.2
12/07/2018 1:07:50 PM	3614209670	1013.00	28.90	29.03	80.9	28.99	29.03	80.2	27.81	29.03	89.4	28.91	29.03	80.8
12/07/2018 1:07:51 PM	3614209671	1013.00	28.87	29.03	81.1	28.97	29.03	80.3	27.79	29.03	89.6	28.97	29.03	80.3
12/07/2018 1:07:52 PM	3614209672	1013.00	28.83	29.03	81.4	29.00	29.03	80.1	27.80	29.03	89.5	28.96	29.03	80.4
12/07/2018 1:07:53 PM	3614209673	1013.00	28.91	29.03	80.8	28.94	29.03	80.6	27.78	29.03	89.7	28.92	29.03	80.7
12/07/2018 1:07:54 PM	3614209674	1013.00	28.82	29.03	81.5	28.96	29.03	80.4	27.82	29.03	89.3	28.87	29.03	81.1
12/07/2018 1:07:55 PM	3614209675	1013.00	28.91	29.03	80.8	28.96	29.03	80.4	27.77	29.03	89.8	28.96	29.03	80.4
12/07/2018 1:07:56 PM	3614209676	1013.00	28.92	29.04	80.7	28.97	29.04	80.3	27.80	29.04	89.5	28.93	29.04	80.6
12/07/2018 1:07:57 PM	3614209677	1013.00	28.94	29.03	80.6	28.98	29.03	80.3	27.77	29.03	89.8	29.01	29.03	80.1
12/07/2018 1:07:58 PM	3614209678	1013.00	28.92	29.03	80.7	28.99	29.03	80.2	27.78	29.03	89.7	28.91	29.03	80.8
12/07/2018 1:07:59 PM	3614209679	1013.00	29.01	29.03	80.1	29.02	29.03	80.0	27.83	29.03	89.3	29.00	29.03	80.1
12/07/2018 1:08:00 PM	3614209680	1013.00	28.92	29.03	80.7	29.04	29.03	79.8	27.83	29.03	89.3	29.00	29.03	80.1
12/07/2018 1:08:01 PM	3614209681	1013.00	28.93	29.03	80.6	28.99	29.03	80.2	27.85	29.03	89.1	29.00	29.03	80.1
12/07/2018 1:08:02 PM	3614209682	1013.00	28.94	29.03	80.6	29.03	29.03	79.9	27.78	29.03	89.7	29.03	29.03	79.9
12/07/2018 1:08:03 PM	3614209683	1013.00	28.95	29.03	80.5	29.04	29.03	79.8	27.81	29.03	89.4	28.96	29.03	80.4
12/07/2018 1:08:04 PM	3614209684	1013.00	28.94	29.04	80.6	29.02	29.04	80.0	27.81	29.04	89.4	29.04	29.04	79.8
12/07/2018 1:08:05 PM	3614209685	1013.00	28.97	29.04	80.3	29.06	29.04	79.7	27.82	29.04	89.3	28.98	29.04	80.3
12/07/2018 1:08:06 PM	3614209686	1013.00	29.00	29.04	80.1	29.02	29.04	80.0	27.81	29.04	89.4	29.02	29.04	80.0
12/07/2018 1:08:07 PM	3614209687	1013.00	28.99	29.04	80.2	29.08	29.04	79.5	27.84	29.04	89.2	28.98	29.04	80.3
12/07/2018 1:08:08 PM	3614209688	1013.00	29.05	29.04	79.8	29.03	29.04	79.9	27.80	29.04	89.5	28.99	29.04	80.2
12/07/2018 1:08:09 PM	3614209689	1013.00	28.98	29.03	80.3	29.09	29.03	79.5	27.85	29.03	89.1	29.01	29.03	80.1
12/07/2018 1:08:10 PM	3614209690	1013.00	28.98	29.03	80.3	29.09	29.03	79.5	27.83	29.03	89.3	29.03	29.03	79.9
12/07/2018 1:08:11 PM	3614209691	1013.00	28.97	29.03	80.3	29.07	29.03	79.6	27.83	29.03	89.3	28.99	29.03	80.2
12/07/2018 1:08:12 PM	3614209692	1013.00	29.02	29.03	80.0	29.04	29.03	79.8	27.82	29.03	89.3	28.93	29.03	80.6
12/07/2018 1:08:13 PM	3614209693	1013.00	29.03	29.04	79.9	29.09	29.04	79.5	27.79	29.04	89.6	28.95	29.04	80.5
12/07/2018 1:08:14 PM	3614209694	1013.00	29.03	29.04	79.9	29.09	29.04	79.5	27.85	29.04	89.1	28.98	29.04	80.3
12/07/2018 1:08:15 PM	3614209695	1013.00	29.04	29.04	79.8	29.08	29.04	79.5	27.84	29.04	89.2	29.01	29.04	80.0
12/07/2018 1:08:16 PM	3614209696	1013.00	28.96	29.04	80.4	29.13	29.04	79.2	27.83	29.04	89.2	29.03	29.04	79.9
12/07/2018 1:08:17 PM	3614209697	1013.00	29.06	29.03	79.7	29.08	29.03	79.5	27.86	29.03	89.0	29.01	29.03	80.1
12/07/2018 1:08:18 PM	3614209698	1013.00	29.10	29.02	79.4	29.11	29.02	79.3	27.84	29.02	89.2	29.04	29.02	79.9
12/07/2018 1:08:19 PM	3614209699	1013.00	29.00	29.03	80.1	29.09	29.03	79.5	27.85	29.03	89.1	28.99	29.03	80.2
12/07/2018 1:08:20 PM	3614209700	1013.00	29.01	29.03	80.1	29.10	29.03	79.4	27.87	29.03	88.9	29.05	29.03	79.8
12/07/2018 1:08:21 PM	3614209701	1013.00	29.04	29.04	79.8	29.16	29.04	79.0	27.83	29.04	89.2	29.11	29.04	79.3
12/07/2018 1:08:22 PM	3614209702	1013.00	29.03	29.04	79.9	29.07	29.04	79.6	27.86	29.04	89.0	29.06	29.04	79.7
12/07/2018 1:08:23 PM	3614209703	1013.00	29.04	29.04	79.8	29.06	29.04	79.7	27.84	29.04	89.2	29.03	29.04	79.9
12/07/2018 1:08:24 PM	3614209704	1013.00	29.05	29.03	79.8	29.06	29.03	79.7	27.86	29.03	89.0	29.02	29.03	80.0
12/07/2018 1:08:25 PM	3614209705	1013.00	29.03	29.03	79.9	29.03	29.03	79.9	27.88	29.03	88.8	29.00	29.03	80.1
12/07/2018 1:08:26 PM	3614209706	1013.00	29.11	29.02	79.3	29.11	29.02	79.3	27.87	29.02	88.9	29.10	29.02	79.4
12/07/2018 1:08:27 PM	3614209707	1013.00	29.08	29.02	79.6	29.06	29.02	79.7	27.88	29.02	88.9	29.10	29.02	79.4
12/07/2018 1:08:28 PM	3614209708	1013.00	29.08	29.02	79.6	29.10	29.02	79.4	27.88	29.02	88.9	29.16	29.02	79.0
12/07/2018 1:08:29 PM	3614209709	1013.00	29.11	29.02	79.3	29.08	29.02	79.6	27.85	29.02	89.1	29.10	29.02	79.4
