Date & time of file creation	12/07/2018 10:17 AM													
Data file path	C:\Users\ameli\Desktop\Diego Barneche\2018_07_12\32_C_new_witrox_24.txt													
														
														
CALIBRATION DATA														
Parameter/Channel	N moving average	LO phase [r.U.]	HI phase [r.U.]	LO oxygen [%air saturation]	HI oxygen [%air saturation]	LO temperature [°C]	HI temperature [°C]	Salinity [‰]						
SDWD0003000199      , CH 1	1	59.07	26.14	0.00	100.00	31.83	31.84	0.000						
SDWD0003000199      , CH 2	1	59.07	26.14	0.00	100.00	31.83	31.84	0.000						
SDWD0003000199      , CH 3	1	59.07	26.14	0.00	100.00	31.83	31.84	0.000						
SDWD0003000199      , CH 4	1	59.07	26.14	0.00	100.00	31.83	31.84	0.000						
														
														
Date &Time [DD-MM-YYYY HH:MM:SS]	Time stamp code	Barometric pressure [hPa]	SDWD0003000199      , CH 1 phase [r.U.]	SDWD0003000199      , CH 1 temp [°C]	SDWD0003000199      , CH 1 O2 [% air saturation]	SDWD0003000199      , CH 2 phase [r.U.]	SDWD0003000199      , CH 2 temp [°C]	SDWD0003000199      , CH 2 O2 [% air saturation]	SDWD0003000199      , CH 3 phase [r.U.]	SDWD0003000199      , CH 3 temp [°C]	SDWD0003000199      , CH 3 O2 [% air saturation]	SDWD0003000199      , CH 4 phase [r.U.]	SDWD0003000199      , CH 4 temp [°C]	SDWD0003000199      , CH 4 O2 [% air saturation]
12/07/2018 10:17:43 AM	3614199463	1013.00	26.82	32.09	93.3	26.65	32.09	94.8	26.59	32.09	95.3	26.17	32.09	99.3
12/07/2018 10:17:44 AM	3614199464	1013.00	26.83	32.08	93.2	26.69	32.08	94.5	26.57	32.08	95.5	26.11	32.08	99.9
12/07/2018 10:17:45 AM	3614199465	1013.00	26.80	32.09	93.4	26.70	32.09	94.3	26.54	32.09	95.8	26.17	32.09	99.3
12/07/2018 10:17:46 AM	3614199466	1013.00	26.78	32.08	93.6	26.62	32.08	95.1	26.58	32.08	95.5	26.16	32.08	99.4
12/07/2018 10:17:47 AM	3614199467	1013.00	26.84	32.08	93.1	26.70	32.08	94.4	26.61	32.08	95.2	26.13	32.08	99.7
12/07/2018 10:17:48 AM	3614199468	1013.00	26.82	32.09	93.3	26.68	32.09	94.5	26.59	32.09	95.3	26.10	32.09	100.0
12/07/2018 10:17:49 AM	3614199469	1013.00	26.81	32.09	93.4	26.67	32.09	94.6	26.56	32.09	95.6	26.19	32.09	99.1
12/07/2018 10:17:50 AM	3614199470	1013.00	26.81	32.09	93.4	26.66	32.09	94.7	26.54	32.09	95.8	26.24	32.09	98.6
12/07/2018 10:17:51 AM	3614199471	1013.00	26.79	32.09	93.5	26.68	32.09	94.5	26.54	32.09	95.8	26.13	32.09	99.7
12/07/2018 10:17:52 AM	3614199472	1013.00	26.81	32.09	93.4	26.69	32.09	94.4	26.60	32.09	95.3	26.13	32.09	99.7
12/07/2018 10:17:53 AM	3614199473	1013.00	26.81	32.09	93.4	26.70	32.09	94.3	26.60	32.09	95.3	26.19	32.09	99.1
12/07/2018 10:17:54 AM	3614199474	1013.00	26.82	32.09	93.3	26.67	32.09	94.6	26.57	32.09	95.5	26.11	32.09	99.9
12/07/2018 10:17:55 AM	3614199475	1013.00	26.79	32.09	93.5	26.76	32.09	93.8	26.57	32.09	95.5	26.15	32.09	99.5
12/07/2018 10:17:56 AM	3614199476	1013.00	26.79	32.09	93.5	26.67	32.09	94.6	26.57	32.09	95.5	26.12	32.09	99.8
12/07/2018 10:17:57 AM	3614199477	1013.00	26.84	32.08	93.1	26.69	32.08	94.5	26.61	32.08	95.2	26.15	32.08	99.5
12/07/2018 10:17:58 AM	3614199478	1013.00	26.85	32.08	93.0	26.77	32.08	93.7	26.57	32.08	95.5	26.13	32.08	99.7
12/07/2018 10:17:59 AM	3614199479	1013.00	26.83	32.08	93.2	26.69	32.08	94.5	26.59	32.08	95.4	26.18	32.08	99.2
12/07/2018 10:18:00 AM	3614199480	1013.00	26.84	32.08	93.1	26.68	32.08	94.5	26.54	32.08	95.8	26.13	32.08	99.7
12/07/2018 10:18:01 AM	3614199481	1013.00	26.80	32.09	93.4	26.63	32.09	95.0	26.59	32.09	95.3	26.10	32.09	100.0
12/07/2018 10:18:02 AM	3614199482	1013.00	26.78	32.10	93.6	26.70	32.10	94.3	26.60	32.10	95.2	26.16	32.10	99.4
12/07/2018 10:18:03 AM	3614199483	1013.00	26.78	32.09	93.6	26.70	32.09	94.3	26.59	32.09	95.3	26.19	32.09	99.1
12/07/2018 10:18:04 AM	3614199484	1013.00	26.81	32.09	93.4	26.64	32.09	94.9	26.56	32.09	95.6	26.15	32.09	99.5
12/07/2018 10:18:05 AM	3614199485	1013.00	26.82	32.09	93.3	26.67	32.09	94.6	26.58	32.09	95.4	26.20	32.09	99.0
12/07/2018 10:18:06 AM	3614199486	1013.00	26.83	32.09	93.2	26.69	32.09	94.4	26.56	32.09	95.6	26.13	32.09	99.7
12/07/2018 10:18:07 AM	3614199487	1013.00	26.83	32.08	93.2	26.67	32.08	94.6	26.56	32.08	95.6	26.16	32.08	99.4
12/07/2018 10:18:08 AM	3614199488	1013.00	26.86	32.08	92.9	26.72	32.08	94.2	26.55	32.08	95.7	26.21	32.08	98.9
12/07/2018 10:18:09 AM	3614199489	1013.00	26.84	32.08	93.1	26.64	32.08	94.9	26.60	32.08	95.3	26.12	32.08	99.8
12/07/2018 10:18:10 AM	3614199490	1013.00	26.77	32.08	93.7	26.66	32.08	94.7	26.57	32.08	95.5	26.09	32.08	100.1
12/07/2018 10:18:11 AM	3614199491	1013.00	26.85	32.08	93.0	26.63	32.08	95.0	26.59	32.08	95.4	26.18	32.08	99.2
12/07/2018 10:18:12 AM	3614199492	1013.00	26.86	32.09	92.9	26.71	32.09	94.3	26.55	32.09	95.7	26.12	32.09	99.8
12/07/2018 10:18:13 AM	3614199493	1013.00	26.87	32.09	92.8	26.76	32.09	93.8	26.55	32.09	95.7	26.18	32.09	99.2
12/07/2018 10:18:14 AM	3614199494	1013.00	26.80	32.09	93.4	26.71	32.09	94.3	26.56	32.09	95.6	26.18	32.09	99.2
12/07/2018 10:18:15 AM	3614199495	1013.00	26.79	32.09	93.5	26.67	32.09	94.6	26.55	32.09	95.7	26.26	32.09	98.4
12/07/2018 10:18:16 AM	3614199496	1013.00	26.85	32.09	93.0	26.76	32.09	93.8	26.59	32.09	95.3	26.15	32.09	99.5
12/07/2018 10:18:17 AM	3614199497	1013.00	26.88	32.08	92.8	26.68	32.08	94.5	26.56	32.08	95.6	26.26	32.08	98.4
12/07/2018 10:18:18 AM	3614199498	1013.00	26.84	32.08	93.1	26.72	32.08	94.2	26.63	32.08	95.0	26.06	32.08	100.4
12/07/2018 10:18:19 AM	3614199499	1013.00	26.85	32.08	93.0	26.76	32.08	93.8	26.57	32.08	95.5	26.14	32.08	99.6
12/07/2018 10:18:20 AM	3614199500	1013.00	26.86	32.08	92.9	26.75	32.08	93.9	26.58	32.08	95.5	26.19	32.08	99.1
12/07/2018 10:18:21 AM	3614199501	1013.00	26.85	32.08	93.0	26.69	32.08	94.5	26.56	32.08	95.6	26.10	32.08	100.0
12/07/2018 10:18:22 AM	3614199502	1013.00	26.85	32.09	93.0	26.69	32.09	94.4	26.57	32.09	95.5	26.20	32.09	99.0
12/07/2018 10:18:23 AM	3614199503	1013.00	26.86	32.10	92.9	26.70	32.10	94.3	26.59	32.10	95.3	26.21	32.10	98.9
12/07/2018 10:18:24 AM	3614199504	1013.00	26.86	32.10	92.9	26.76	32.10	93.8	26.59	32.10	95.3	26.13	32.10	99.7
12/07/2018 10:18:25 AM	3614199505	1013.00	26.82	32.10	93.3	26.74	32.10	94.0	26.60	32.10	95.2	26.14	32.10	99.6
12/07/2018 10:18:26 AM	3614199506	1013.00	26.85	32.10	93.0	26.70	32.10	94.3	26.54	32.10	95.8	26.18	32.10	99.2
12/07/2018 10:18:27 AM	3614199507	1013.00	26.90	32.10	92.5	26.78	32.10	93.6	26.56	32.10	95.6	26.14	32.10	99.6
12/07/2018 10:18:28 AM	3614199508	1013.00	26.84	32.09	93.1	26.75	32.09	93.9	26.61	32.09	95.2	26.26	32.09	98.4
12/07/2018 10:18:29 AM	3614199509	1013.00	26.88	32.09	92.7	26.75	32.09	93.9	26.56	32.09	95.6	26.21	32.09	98.9
12/07/2018 10:18:30 AM	3614199510	1013.00	26.83	32.09	93.2	26.68	32.09	94.5	26.57	32.09	95.5	26.18	32.09	99.2
12/07/2018 10:18:31 AM	3614199511	1013.00	26.87	32.09	92.8	26.74	32.09	94.0	26.57	32.09	95.5	26.16	32.09	99.4
12/07/2018 10:18:32 AM	3614199512	1013.00	26.88	32.09	92.7	26.73	32.09	94.1	26.54	32.09	95.8	26.19	32.09	99.1
12/07/2018 10:18:33 AM	3614199513	1013.00	26.90	32.09	92.6	26.74	32.09	94.0	26.53	32.09	95.9	26.17	32.09	99.3
12/07/2018 10:18:34 AM	3614199514	1013.00	26.87	32.10	92.8	26.73	32.10	94.1	26.60	32.10	95.2	26.19	32.10	99.1
12/07/2018 10:18:35 AM	3614199515	1013.00	26.90	32.10	92.5	26.70	32.10	94.3	26.58	32.10	95.4	26.16	32.10	99.4
12/07/2018 10:18:36 AM	3614199516	1013.00	26.91	32.10	92.5	26.75	32.10	93.9	26.60	32.10	95.2	26.24	32.10	98.6
12/07/2018 10:18:37 AM	3614199517	1013.00	26.87	32.10	92.8	26.69	32.10	94.4	26.58	32.10	95.4	26.19	32.10	99.1
12/07/2018 10:18:38 AM	3614199518	1013.00	26.91	32.09	92.5	26.77	32.09	93.7	26.59	32.09	95.3	26.21	32.09	98.9
12/07/2018 10:18:39 AM	3614199519	1013.00	26.92	32.09	92.4	26.75	32.09	93.9	26.57	32.09	95.5	26.17	32.09	99.3
12/07/2018 10:18:40 AM	3614199520	1013.00	26.94	32.09	92.2	26.78	32.09	93.6	26.54	32.09	95.8	26.24	32.09	98.6
12/07/2018 10:18:41 AM	3614199521	1013.00	26.85	32.10	93.0	26.77	32.10	93.7	26.58	32.10	95.4	26.22	32.10	98.8
12/07/2018 10:18:42 AM	3614199522	1013.00	26.86	32.10	92.9	26.77	32.10	93.7	26.58	32.10	95.4	26.25	32.10	98.5
12/07/2018 10:18:43 AM	3614199523	1013.00	26.87	32.09	92.8	26.78	32.09	93.6	26.62	32.09	95.1	26.28	32.09	98.2
12/07/2018 10:18:44 AM	3614199524	1013.00	26.91	32.10	92.5	26.74	32.10	94.0	26.58	32.10	95.4	26.21	32.10	98.9
12/07/2018 10:18:45 AM	3614199525	1013.00	26.88	32.09	92.7	26.80	32.09	93.4	26.58	32.09	95.4	26.16	32.09	99.4
12/07/2018 10:18:46 AM	3614199526	1013.00	26.90	32.09	92.6	26.72	32.09	94.2	26.58	32.09	95.4	26.31	32.09	98.0
12/07/2018 10:18:47 AM	3614199527	1013.00	26.94	32.09	92.2	26.77	32.09	93.7	26.58	32.09	95.4	26.25	32.09	98.5
12/07/2018 10:18:48 AM	3614199528	1013.00	26.89	32.09	92.6	26.74	32.09	94.0	26.59	32.09	95.3	26.25	32.09	98.5
12/07/2018 10:18:49 AM	3614199529	1013.00	26.92	32.09	92.4	26.73	32.09	94.1	26.57	32.09	95.5	26.24	32.09	98.6
12/07/2018 10:18:50 AM	3614199530	1013.00	26.89	32.09	92.6	26.75	32.09	93.9	26.61	32.09	95.2	26.21	32.09	98.9
12/07/2018 10:18:51 AM	3614199531	1013.00	26.92	32.09	92.4	26.71	32.09	94.3	26.60	32.09	95.3	26.20	32.09	99.0
12/07/2018 10:18:52 AM	3614199532	1013.00	26.94	32.09	92.2	26.82	32.09	93.3	26.57	32.09	95.5	26.27	32.09	98.3
12/07/2018 10:18:53 AM	3614199533	1013.00	26.91	32.09	92.5	26.74	32.09	94.0	26.57	32.09	95.5	26.15	32.09	99.5
12/07/2018 10:18:54 AM	3614199534	1013.00	26.91	32.09	92.5	26.82	32.09	93.3	26.54	32.09	95.8	26.23	32.09	98.7
12/07/2018 10:18:55 AM	3614199535	1013.00	26.93	32.09	92.3	26.79	32.09	93.5	26.59	32.09	95.3	26.25	32.09	98.5
12/07/2018 10:18:56 AM	3614199536	1013.00	26.95	32.09	92.1	26.83	32.09	93.2	26.59	32.09	95.3	26.24	32.09	98.6
12/07/2018 10:18:57 AM	3614199537	1013.00	26.91	32.08	92.5	26.76	32.08	93.8	26.59	32.08	95.4	26.28	32.08	98.3
12/07/2018 10:18:58 AM	3614199538	1013.00	26.97	32.08	92.0	26.81	32.08	93.4	26.60	32.08	95.3	26.27	32.08	98.4
12/07/2018 10:18:59 AM	3614199539	1013.00	26.97	32.08	92.0	26.81	32.08	93.4	26.60	32.08	95.3	26.21	32.08	98.9
12/07/2018 10:19:00 AM	3614199540	1013.00	26.97	32.08	92.0	26.79	32.08	93.6	26.58	32.08	95.5	26.23	32.08	98.7
12/07/2018 10:19:01 AM	3614199541	1013.00	26.96	32.08	92.0	26.80	32.08	93.5	26.62	32.08	95.1	26.29	32.08	98.2
12/07/2018 10:19:02 AM	3614199542	1013.00	26.98	32.08	91.9	26.82	32.08	93.3	26.60	32.08	95.3	26.29	32.08	98.2
12/07/2018 10:19:03 AM	3614199543	1013.00	26.99	32.08	91.8	26.80	32.08	93.5	26.54	32.08	95.8	26.29	32.08	98.2
12/07/2018 10:19:04 AM	3614199544	1013.00	26.96	32.08	92.0	26.81	32.08	93.4	26.59	32.08	95.4	26.35	32.08	97.6
12/07/2018 10:19:05 AM	3614199545	1013.00	26.97	32.08	92.0	26.76	32.08	93.8	26.59	32.08	95.4	26.28	32.08	98.3
12/07/2018 10:19:06 AM	3614199546	1013.00	26.99	32.08	91.8	26.75	32.08	93.9	26.63	32.08	95.0	26.33	32.08	97.8
12/07/2018 10:19:07 AM	3614199547	1013.00	26.95	32.09	92.1	26.80	32.09	93.4	26.65	32.09	94.8	26.28	32.09	98.2
12/07/2018 10:19:08 AM	3614199548	1013.00	27.02	32.09	91.5	26.84	32.09	93.1	26.59	32.09	95.3	26.31	32.09	98.0
12/07/2018 10:19:09 AM	3614199549	1013.00	26.99	32.08	91.8	26.80	32.08	93.5	26.58	32.08	95.5	26.31	32.08	98.0
12/07/2018 10:19:10 AM	3614199550	1013.00	26.98	32.08	91.9	26.83	32.08	93.2	26.59	32.08	95.4	26.31	32.08	98.0
12/07/2018 10:19:11 AM	3614199551	1013.00	26.96	32.08	92.0	26.78	32.08	93.6	26.61	32.08	95.2	26.29	32.08	98.2
12/07/2018 10:19:12 AM	3614199552	1013.00	26.97	32.08	92.0	26.78	32.08	93.6	26.62	32.08	95.1	26.34	32.08	97.7
12/07/2018 10:19:13 AM	3614199553	1013.00	27.00	32.08	91.7	26.75	32.08	93.9	26.59	32.08	95.4	26.29	32.08	98.2
12/07/2018 10:19:14 AM	3614199554	1013.00	26.97	32.08	92.0	26.85	32.08	93.0	26.62	32.08	95.1	26.33	32.08	97.8
12/07/2018 10:19:15 AM	3614199555	1013.00	26.98	32.09	91.9	26.86	32.09	92.9	26.65	32.09	94.8	26.35	32.09	97.6
12/07/2018 10:19:16 AM	3614199556	1013.00	27.02	32.09	91.5	26.81	32.09	93.4	26.61	32.09	95.2	26.33	32.09	97.8
12/07/2018 10:19:17 AM	3614199557	1013.00	27.00	32.09	91.7	26.87	32.09	92.8	26.60	32.09	95.3	26.29	32.09	98.1
12/07/2018 10:19:18 AM	3614199558	1013.00	27.05	32.08	91.3	26.80	32.08	93.5	26.61	32.08	95.2	26.40	32.08	97.1
12/07/2018 10:19:19 AM	3614199559	1013.00	27.01	32.08	91.6	26.83	32.08	93.2	26.61	32.08	95.2	26.39	32.08	97.2
12/07/2018 10:19:20 AM	3614199560	1013.00	27.06	32.08	91.2	26.82	32.08	93.3	26.58	32.08	95.5	26.40	32.08	97.1
12/07/2018 10:19:21 AM	3614199561	1013.00	27.05	32.08	91.3	26.86	32.08	92.9	26.59	32.08	95.4	26.36	32.08	97.5
12/07/2018 10:19:22 AM	3614199562	1013.00	27.02	32.08	91.5	26.87	32.08	92.8	26.62	32.08	95.1	26.37	32.08	97.4
12/07/2018 10:19:23 AM	3614199563	1013.00	27.04	32.08	91.4	26.87	32.08	92.8	26.66	32.08	94.7	26.46	32.08	96.6
12/07/2018 10:19:24 AM	3614199564	1013.00	27.01	32.08	91.6	26.82	32.08	93.3	26.60	32.08	95.3	26.28	32.08	98.3
12/07/2018 10:19:25 AM	3614199565	1013.00	27.06	32.08	91.2	26.89	32.08	92.7	26.62	32.08	95.1	26.41	32.08	97.0
12/07/2018 10:19:26 AM	3614199566	1013.00	27.02	32.09	91.5	26.89	32.09	92.6	26.61	32.09	95.2	26.42	32.09	96.9
12/07/2018 10:19:27 AM	3614199567	1013.00	27.05	32.09	91.2	26.86	32.09	92.9	26.60	32.09	95.3	26.42	32.09	96.9
12/07/2018 10:19:28 AM	3614199568	1013.00	27.08	32.09	91.0	26.85	32.09	93.0	26.61	32.09	95.2	26.40	32.09	97.1
12/07/2018 10:19:29 AM	3614199569	1013.00	27.07	32.09	91.1	26.92	32.09	92.4	26.62	32.09	95.1	26.39	32.09	97.2
12/07/2018 10:19:30 AM	3614199570	1013.00	27.06	32.09	91.2	26.88	32.09	92.7	26.61	32.09	95.2	26.40	32.09	97.1
12/07/2018 10:19:31 AM	3614199571	1013.00	27.05	32.09	91.2	26.91	32.09	92.5	26.64	32.09	94.9	26.45	32.09	96.6
12/07/2018 10:19:32 AM	3614199572	1013.00	27.06	32.08	91.2	26.92	32.08	92.4	26.63	32.08	95.0	26.47	32.08	96.5
12/07/2018 10:19:33 AM	3614199573	1013.00	27.03	32.08	91.4	26.88	32.08	92.8	26.66	32.08	94.7	26.44	32.08	96.8
12/07/2018 10:19:34 AM	3614199574	1013.00	27.07	32.08	91.1	26.89	32.08	92.7	26.64	32.08	94.9	26.40	32.08	97.1
12/07/2018 10:19:35 AM	3614199575	1013.00	27.06	32.09	91.2	26.93	32.09	92.3	26.63	32.09	95.0	26.44	32.09	96.7
12/07/2018 10:19:36 AM	3614199576	1013.00	27.06	32.09	91.2	26.95	32.09	92.1	26.59	32.09	95.3	26.38	32.09	97.3
12/07/2018 10:19:37 AM	3614199577	1013.00	27.09	32.09	90.9	26.88	32.09	92.7	26.64	32.09	94.9	26.46	32.09	96.5
12/07/2018 10:19:38 AM	3614199578	1013.00	27.07	32.09	91.1	26.97	32.09	91.9	26.66	32.09	94.7	26.44	32.09	96.7
12/07/2018 10:19:39 AM	3614199579	1013.00	27.09	32.09	90.9	26.91	32.09	92.5	26.61	32.09	95.2	26.49	32.09	96.3
12/07/2018 10:19:40 AM	3614199580	1013.00	27.08	32.09	91.0	26.94	32.09	92.2	26.65	32.09	94.8	26.54	32.09	95.8
12/07/2018 10:19:41 AM	3614199581	1013.00	27.08	32.08	91.0	26.94	32.08	92.2	26.63	32.08	95.0	26.51	32.08	96.1
12/07/2018 10:19:42 AM	3614199582	1013.00	27.06	32.08	91.2	26.90	32.08	92.6	26.66	32.08	94.7	26.52	32.08	96.0
12/07/2018 10:19:43 AM	3614199583	1013.00	27.16	32.09	90.3	26.96	32.09	92.0	26.65	32.09	94.8	26.51	32.09	96.1
12/07/2018 10:19:44 AM	3614199584	1013.00	27.12	32.08	90.7	26.99	32.08	91.8	26.62	32.08	95.1	26.46	32.08	96.6
12/07/2018 10:19:45 AM	3614199585	1013.00	27.12	32.09	90.6	26.93	32.09	92.3	26.63	32.09	95.0	26.48	32.09	96.4
12/07/2018 10:19:46 AM	3614199586	1013.00	27.14	32.09	90.5	26.90	32.09	92.6	26.64	32.09	94.9	26.55	32.09	95.7
12/07/2018 10:19:47 AM	3614199587	1013.00	27.14	32.09	90.5	26.93	32.09	92.3	26.67	32.09	94.6	26.53	32.09	95.9
12/07/2018 10:19:48 AM	3614199588	1013.00	27.15	32.09	90.4	26.94	32.09	92.2	26.63	32.09	95.0	26.55	32.09	95.7
12/07/2018 10:19:49 AM	3614199589	1013.00	27.13	32.09	90.6	26.91	32.09	92.5	26.66	32.09	94.7	26.53	32.09	95.9
12/07/2018 10:19:50 AM	3614199590	1013.00	27.11	32.08	90.7	26.94	32.08	92.2	26.65	32.08	94.8	26.59	32.08	95.4
12/07/2018 10:19:51 AM	3614199591	1013.00	27.13	32.08	90.6	26.97	32.08	92.0	26.66	32.08	94.7	26.57	32.08	95.5
12/07/2018 10:19:52 AM	3614199592	1013.00	27.15	32.08	90.4	26.95	32.08	92.1	26.68	32.08	94.5	26.55	32.08	95.7
12/07/2018 10:19:53 AM	3614199593	1013.00	27.10	32.08	90.8	26.92	32.08	92.4	26.69	32.08	94.5	26.53	32.08	95.9
12/07/2018 10:19:54 AM	3614199594	1013.00	27.19	32.07	90.1	26.96	32.07	92.1	26.67	32.07	94.7	26.55	32.07	95.7
12/07/2018 10:19:55 AM	3614199595	1013.00	27.17	32.08	90.2	26.98	32.08	91.9	26.66	32.08	94.7	26.58	32.08	95.5
12/07/2018 10:19:56 AM	3614199596	1013.00	27.15	32.08	90.4	27.00	32.08	91.7	26.67	32.08	94.6	26.64	32.08	94.9
12/07/2018 10:19:57 AM	3614199597	1013.00	27.11	32.08	90.7	27.00	32.08	91.7	26.67	32.08	94.6	26.62	32.08	95.1
12/07/2018 10:19:58 AM	3614199598	1013.00	27.22	32.08	89.8	27.01	32.08	91.6	26.66	32.08	94.7	26.58	32.08	95.5
12/07/2018 10:19:59 AM	3614199599	1013.00	27.13	32.08	90.6	27.04	32.08	91.4	26.64	32.08	94.9	26.59	32.08	95.4
12/07/2018 10:20:00 AM	3614199600	1013.00	27.23	32.08	89.7	27.04	32.08	91.4	26.72	32.08	94.2	26.62	32.08	95.1
12/07/2018 10:20:01 AM	3614199601	1013.00	27.16	32.08	90.3	27.03	32.08	91.4	26.66	32.08	94.7	26.58	32.08	95.5
12/07/2018 10:20:02 AM	3614199602	1013.00	27.17	32.08	90.2	27.05	32.08	91.3	26.65	32.08	94.8	26.65	32.08	94.8
12/07/2018 10:20:03 AM	3614199603	1013.00	27.19	32.08	90.1	27.03	32.08	91.4	26.70	32.08	94.4	26.58	32.08	95.5
12/07/2018 10:20:04 AM	3614199604	1013.00	27.23	32.08	89.7	27.08	32.08	91.0	26.70	32.08	94.4	26.63	32.08	95.0
12/07/2018 10:20:05 AM	3614199605	1013.00	27.22	32.08	89.8	27.08	32.08	91.0	26.70	32.08	94.4	26.65	32.08	94.8
12/07/2018 10:20:06 AM	3614199606	1013.00	27.20	32.08	90.0	27.04	32.08	91.4	26.70	32.08	94.4	26.70	32.08	94.4
12/07/2018 10:20:07 AM	3614199607	1013.00	27.18	32.08	90.1	27.03	32.08	91.4	26.67	32.08	94.6	26.73	32.08	94.1
12/07/2018 10:20:08 AM	3614199608	1013.00	27.23	32.08	89.7	27.09	32.08	90.9	26.70	32.08	94.4	26.69	32.08	94.5
12/07/2018 10:20:09 AM	3614199609	1013.00	27.25	32.08	89.5	27.09	32.08	90.9	26.68	32.08	94.5	26.68	32.08	94.5
12/07/2018 10:20:10 AM	3614199610	1013.00	27.22	32.08	89.8	27.02	32.08	91.5	26.71	32.08	94.3	26.67	32.08	94.6
12/07/2018 10:20:11 AM	3614199611	1013.00	27.22	32.08	89.8	27.02	32.08	91.5	26.68	32.08	94.5	26.68	32.08	94.5
12/07/2018 10:20:12 AM	3614199612	1013.00	27.24	32.07	89.6	27.03	32.07	91.5	26.70	32.07	94.4	26.73	32.07	94.1
12/07/2018 10:20:13 AM	3614199613	1013.00	27.20	32.07	90.0	27.02	32.07	91.5	26.70	32.07	94.4	26.68	32.07	94.6
12/07/2018 10:20:14 AM	3614199614	1013.00	27.27	32.07	89.4	27.15	32.07	90.4	26.75	32.07	93.9	26.75	32.07	93.9
12/07/2018 10:20:15 AM	3614199615	1013.00	27.27	32.07	89.4	27.14	32.07	90.5	26.71	32.07	94.3	26.75	32.07	93.9
12/07/2018 10:20:16 AM	3614199616	1013.00	27.20	32.08	90.0	27.09	32.08	90.9	26.72	32.08	94.2	26.73	32.08	94.1
12/07/2018 10:20:17 AM	3614199617	1013.00	27.21	32.08	89.9	27.06	32.08	91.2	26.71	32.08	94.3	26.74	32.08	94.0
12/07/2018 10:20:18 AM	3614199618	1013.00	27.27	32.08	89.4	27.07	32.08	91.1	26.72	32.08	94.2	26.73	32.08	94.1
12/07/2018 10:20:19 AM	3614199619	1013.00	27.24	32.09	89.6	27.06	32.09	91.2	26.72	32.09	94.2	26.77	32.09	93.7
12/07/2018 10:20:20 AM	3614199620	1013.00	27.25	32.09	89.5	27.15	32.09	90.4	26.70	32.09	94.3	26.72	32.09	94.2
12/07/2018 10:20:21 AM	3614199621	1013.00	27.26	32.08	89.5	27.09	32.08	90.9	26.69	32.08	94.5	26.82	32.08	93.3
12/07/2018 10:20:22 AM	3614199622	1013.00	27.29	32.08	89.2	27.11	32.08	90.7	26.75	32.08	93.9	26.76	32.08	93.8
12/07/2018 10:20:23 AM	3614199623	1013.00	27.24	32.08	89.6	27.08	32.08	91.0	26.68	32.08	94.5	26.80	32.08	93.5
12/07/2018 10:20:24 AM	3614199624	1013.00	27.25	32.08	89.5	27.07	32.08	91.1	26.78	32.08	93.6	26.85	32.08	93.0
12/07/2018 10:20:25 AM	3614199625	1013.00	27.23	32.08	89.7	27.07	32.08	91.1	26.74	32.08	94.0	26.81	32.08	93.4
12/07/2018 10:20:26 AM	3614199626	1013.00	27.29	32.08	89.2	27.10	32.08	90.8	26.71	32.08	94.3	26.78	32.08	93.6
12/07/2018 10:20:27 AM	3614199627	1013.00	27.29	32.08	89.2	27.13	32.08	90.6	26.73	32.08	94.1	26.84	32.08	93.1
12/07/2018 10:20:28 AM	3614199628	1013.00	27.28	32.09	89.3	27.13	32.09	90.6	26.75	32.09	93.9	26.78	32.09	93.6
12/07/2018 10:20:29 AM	3614199629	1013.00	27.34	32.09	88.8	27.11	32.09	90.7	26.74	32.09	94.0	26.82	32.09	93.3
12/07/2018 10:20:30 AM	3614199630	1013.00	27.32	32.09	88.9	27.15	32.09	90.4	26.75	32.09	93.9	26.90	32.09	92.6
12/07/2018 10:20:31 AM	3614199631	1013.00	27.32	32.09	88.9	27.13	32.09	90.6	26.74	32.09	94.0	26.83	32.09	93.2
12/07/2018 10:20:32 AM	3614199632	1013.00	27.30	32.09	89.1	27.19	32.09	90.0	26.75	32.09	93.9	26.83	32.09	93.2
12/07/2018 10:20:33 AM	3614199633	1013.00	27.32	32.09	88.9	27.10	32.09	90.8	26.70	32.09	94.3	26.90	32.09	92.6
12/07/2018 10:20:34 AM	3614199634	1013.00	27.32	32.09	88.9	27.15	32.09	90.4	26.77	32.09	93.7	26.88	32.09	92.7
12/07/2018 10:20:35 AM	3614199635	1013.00	27.31	32.09	89.0	27.14	32.09	90.5	26.78	32.09	93.6	26.82	32.09	93.3
12/07/2018 10:20:36 AM	3614199636	1013.00	27.31	32.09	89.0	27.16	32.09	90.3	26.80	32.09	93.4	26.88	32.09	92.7
12/07/2018 10:20:37 AM	3614199637	1013.00	27.36	32.09	88.6	27.15	32.09	90.4	26.79	32.09	93.5	26.87	32.09	92.8
12/07/2018 10:20:38 AM	3614199638	1013.00	27.25	32.09	89.5	27.21	32.09	89.9	26.80	32.09	93.4	26.81	32.09	93.4
12/07/2018 10:20:39 AM	3614199639	1013.00	27.29	32.08	89.2	27.16	32.08	90.3	26.76	32.08	93.8	26.88	32.08	92.8
12/07/2018 10:20:40 AM	3614199640	1013.00	27.34	32.08	88.8	27.25	32.08	89.5	26.78	32.08	93.6	26.88	32.08	92.8
12/07/2018 10:20:41 AM	3614199641	1013.00	27.30	32.08	89.1	27.18	32.08	90.1	26.78	32.08	93.6	26.86	32.08	92.9
12/07/2018 10:20:42 AM	3614199642	1013.00	27.33	32.09	88.9	27.30	32.09	89.1	26.82	32.09	93.3	26.89	32.09	92.6
12/07/2018 10:20:43 AM	3614199643	1013.00	27.37	32.09	88.5	27.20	32.09	90.0	26.80	32.09	93.4	26.91	32.09	92.5
12/07/2018 10:20:44 AM	3614199644	1013.00	27.33	32.09	88.9	27.15	32.09	90.4	26.77	32.09	93.7	26.78	32.09	93.6
12/07/2018 10:20:45 AM	3614199645	1013.00	27.38	32.08	88.5	27.18	32.08	90.1	26.78	32.08	93.6	26.86	32.08	92.9
12/07/2018 10:20:46 AM	3614199646	1013.00	27.37	32.08	88.5	27.15	32.08	90.4	26.78	32.08	93.6	26.88	32.08	92.8
12/07/2018 10:20:47 AM	3614199647	1013.00	27.36	32.08	88.6	27.22	32.08	89.8	26.78	32.08	93.6	26.85	32.08	93.0
12/07/2018 10:20:48 AM	3614199648	1013.00	27.35	32.08	88.7	27.17	32.08	90.2	26.81	32.08	93.4	26.89	32.08	92.7
12/07/2018 10:20:49 AM	3614199649	1013.00	27.35	32.08	88.7	27.21	32.08	89.9	26.80	32.08	93.5	26.90	32.08	92.6
12/07/2018 10:20:50 AM	3614199650	1013.00	27.41	32.08	88.2	27.25	32.08	89.5	26.80	32.08	93.5	26.88	32.08	92.8
12/07/2018 10:20:51 AM	3614199651	1013.00	27.36	32.09	88.6	27.22	32.09	89.8	26.80	32.09	93.4	26.96	32.09	92.0
12/07/2018 10:20:52 AM	3614199652	1013.00	27.36	32.08	88.6	27.31	32.08	89.0	26.84	32.08	93.1	26.98	32.08	91.9
12/07/2018 10:20:53 AM	3614199653	1013.00	27.43	32.08	88.0	27.27	32.08	89.4	26.78	32.08	93.6	26.91	32.08	92.5
12/07/2018 10:20:54 AM	3614199654	1013.00	27.41	32.08	88.2	27.23	32.08	89.7	26.80	32.08	93.5	26.94	32.08	92.2
12/07/2018 10:20:55 AM	3614199655	1013.00	27.34	32.08	88.8	27.27	32.08	89.4	26.83	32.08	93.2	26.91	32.08	92.5
12/07/2018 10:20:56 AM	3614199656	1013.00	27.37	32.08	88.5	27.24	32.08	89.6	26.84	32.08	93.1	26.88	32.08	92.8
12/07/2018 10:20:57 AM	3614199657	1013.00	27.38	32.08	88.5	27.20	32.08	90.0	26.83	32.08	93.2	26.92	32.08	92.4
12/07/2018 10:20:58 AM	3614199658	1013.00	27.41	32.08	88.2	27.26	32.08	89.5	26.83	32.08	93.2	26.95	32.08	92.1
12/07/2018 10:20:59 AM	3614199659	1013.00	27.35	32.08	88.7	27.26	32.08	89.5	26.85	32.08	93.0	27.00	32.08	91.7
12/07/2018 10:21:00 AM	3614199660	1013.00	27.41	32.08	88.2	27.26	32.08	89.5	26.83	32.08	93.2	26.95	32.08	92.1
12/07/2018 10:21:01 AM	3614199661	1013.00	27.43	32.08	88.0	27.28	32.08	89.3	26.83	32.08	93.2	26.96	32.08	92.0
12/07/2018 10:21:02 AM	3614199662	1013.00	27.40	32.08	88.3	27.21	32.08	89.9	26.85	32.08	93.0	26.94	32.08	92.2
12/07/2018 10:21:03 AM	3614199663	1013.00	27.41	32.08	88.2	27.24	32.08	89.6	26.84	32.08	93.1	26.93	32.08	92.3
12/07/2018 10:21:04 AM	3614199664	1013.00	27.44	32.08	88.0	27.30	32.08	89.1	26.89	32.08	92.7	26.96	32.08	92.0
12/07/2018 10:21:05 AM	3614199665	1013.00	27.41	32.08	88.2	27.28	32.08	89.3	26.85	32.08	93.0	26.92	32.08	92.4
12/07/2018 10:21:06 AM	3614199666	1013.00	27.41	32.08	88.2	27.30	32.08	89.1	26.86	32.08	92.9	27.05	32.08	91.3
12/07/2018 10:21:07 AM	3614199667	1013.00	27.39	32.08	88.4	27.26	32.08	89.5	26.87	32.08	92.8	27.01	32.08	91.6
12/07/2018 10:21:08 AM	3614199668	1013.00	27.42	32.07	88.1	27.26	32.07	89.5	26.85	32.07	93.0	27.02	32.07	91.5
12/07/2018 10:21:09 AM	3614199669	1013.00	27.43	32.08	88.0	27.28	32.08	89.3	26.86	32.08	92.9	26.96	32.08	92.0
12/07/2018 10:21:10 AM	3614199670	1013.00	27.45	32.08	87.9	27.30	32.08	89.1	26.86	32.08	92.9	26.97	32.08	92.0
12/07/2018 10:21:11 AM	3614199671	1013.00	27.47	32.08	87.7	27.22	32.08	89.8	26.90	32.08	92.6	27.03	32.08	91.4
12/07/2018 10:21:12 AM	3614199672	1013.00	27.47	32.08	87.7	27.27	32.08	89.4	26.86	32.08	92.9	27.00	32.08	91.7
12/07/2018 10:21:13 AM	3614199673	1013.00	27.50	32.09	87.4	27.25	32.09	89.5	26.86	32.09	92.9	26.91	32.09	92.5
12/07/2018 10:21:14 AM	3614199674	1013.00	27.50	32.09	87.4	27.32	32.09	88.9	26.86	32.09	92.9	27.02	32.09	91.5
12/07/2018 10:21:15 AM	3614199675	1013.00	27.44	32.09	87.9	27.27	32.09	89.4	26.88	32.09	92.7	27.00	32.09	91.7
12/07/2018 10:21:16 AM	3614199676	1013.00	27.48	32.09	87.6	27.32	32.09	88.9	26.88	32.09	92.7	27.02	32.09	91.5
12/07/2018 10:21:17 AM	3614199677	1013.00	27.49	32.09	87.5	27.33	32.09	88.9	26.86	32.09	92.9	27.08	32.09	91.0
12/07/2018 10:21:18 AM	3614199678	1013.00	27.48	32.09	87.6	27.31	32.09	89.0	26.89	32.09	92.6	27.02	32.09	91.5
12/07/2018 10:21:19 AM	3614199679	1013.00	27.50	32.09	87.4	27.32	32.09	88.9	26.87	32.09	92.8	27.03	32.09	91.4
12/07/2018 10:21:20 AM	3614199680	1013.00	27.49	32.08	87.5	27.30	32.08	89.1	26.89	32.08	92.7	27.12	32.08	90.7
12/07/2018 10:21:21 AM	3614199681	1013.00	27.50	32.08	87.5	27.33	32.08	88.9	26.88	32.08	92.8	27.06	32.08	91.2
12/07/2018 10:21:22 AM	3614199682	1013.00	27.55	32.08	87.1	27.35	32.08	88.7	26.91	32.08	92.5	27.09	32.08	90.9
12/07/2018 10:21:23 AM	3614199683	1013.00	27.51	32.08	87.4	27.40	32.08	88.3	26.90	32.08	92.6	27.07	32.08	91.1
12/07/2018 10:21:24 AM	3614199684	1013.00	27.51	32.08	87.4	27.41	32.08	88.2	26.90	32.08	92.6	27.08	32.08	91.0
12/07/2018 10:21:25 AM	3614199685	1013.00	27.49	32.08	87.5	27.39	32.08	88.4	26.89	32.08	92.7	27.15	32.08	90.4
12/07/2018 10:21:26 AM	3614199686	1013.00	27.51	32.08	87.4	27.36	32.08	88.6	26.92	32.08	92.4	27.10	32.08	90.8
12/07/2018 10:21:27 AM	3614199687	1013.00	27.50	32.08	87.5	27.43	32.08	88.0	26.92	32.08	92.4	27.16	32.08	90.3
12/07/2018 10:21:28 AM	3614199688	1013.00	27.53	32.08	87.2	27.43	32.08	88.0	26.94	32.08	92.2	27.07	32.08	91.1
12/07/2018 10:21:29 AM	3614199689	1013.00	27.55	32.08	87.1	27.41	32.08	88.2	26.95	32.08	92.1	27.10	32.08	90.8
12/07/2018 10:21:30 AM	3614199690	1013.00	27.51	32.08	87.4	27.41	32.08	88.2	26.91	32.08	92.5	27.20	32.08	90.0
12/07/2018 10:21:31 AM	3614199691	1013.00	27.49	32.09	87.5	27.38	32.09	88.4	26.94	32.09	92.2	27.19	32.09	90.0
12/07/2018 10:21:32 AM	3614199692	1013.00	27.53	32.09	87.2	27.36	32.09	88.6	26.93	32.09	92.3	27.16	32.09	90.3
12/07/2018 10:21:33 AM	3614199693	1013.00	27.57	32.09	86.9	27.42	32.09	88.1	26.93	32.09	92.3	27.22	32.09	89.8
12/07/2018 10:21:34 AM	3614199694	1013.00	27.53	32.09	87.2	27.44	32.09	87.9	26.96	32.09	92.0	27.17	32.09	90.2
12/07/2018 10:21:35 AM	3614199695	1013.00	27.50	32.09	87.4	27.45	32.09	87.9	26.93	32.09	92.3	27.19	32.09	90.0
12/07/2018 10:21:36 AM	3614199696	1013.00	27.58	32.09	86.8	27.48	32.09	87.6	26.97	32.09	91.9	27.22	32.09	89.8
12/07/2018 10:21:37 AM	3614199697	1013.00	27.52	32.09	87.3	27.46	32.09	87.8	26.96	32.09	92.0	27.14	32.09	90.5
12/07/2018 10:21:38 AM	3614199698	1013.00	27.48	32.10	87.6	27.47	32.10	87.7	26.99	32.10	91.8	27.22	32.10	89.8
12/07/2018 10:21:39 AM	3614199699	1013.00	27.55	32.10	87.0	27.46	32.10	87.8	26.97	32.10	91.9	27.25	32.10	89.5
12/07/2018 10:21:40 AM	3614199700	1013.00	27.55	32.10	87.0	27.57	32.10	86.9	26.96	32.10	92.0	27.23	32.10	89.7
12/07/2018 10:21:41 AM	3614199701	1013.00	27.60	32.10	86.6	27.49	32.10	87.5	26.95	32.10	92.1	27.17	32.10	90.2
12/07/2018 10:21:42 AM	3614199702	1013.00	27.54	32.10	87.1	27.56	32.10	86.9	27.00	32.10	91.7	27.22	32.10	89.8
12/07/2018 10:21:43 AM	3614199703	1013.00	27.60	32.09	86.6	27.54	32.09	87.1	26.98	32.09	91.9	27.26	32.09	89.4
12/07/2018 10:21:44 AM	3614199704	1013.00	27.57	32.09	86.9	27.47	32.09	87.7	26.97	32.09	91.9	27.25	32.09	89.5
12/07/2018 10:21:45 AM	3614199705	1013.00	27.58	32.09	86.8	27.47	32.09	87.7	26.95	32.09	92.1	27.24	32.09	89.6
12/07/2018 10:21:46 AM	3614199706	1013.00	27.57	32.09	86.9	27.50	32.09	87.4	26.99	32.09	91.8	27.28	32.09	89.3
12/07/2018 10:21:47 AM	3614199707	1013.00	27.64	32.09	86.3	27.51	32.09	87.4	27.00	32.09	91.7	27.24	32.09	89.6
12/07/2018 10:21:48 AM	3614199708	1013.00	27.57	32.09	86.9	27.55	32.09	87.0	27.03	32.09	91.4	27.21	32.09	89.9
12/07/2018 10:21:49 AM	3614199709	1013.00	27.62	32.10	86.5	27.53	32.10	87.2	27.02	32.10	91.5	27.29	32.10	89.2
12/07/2018 10:21:50 AM	3614199710	1013.00	27.63	32.10	86.4	27.54	32.10	87.1	26.96	32.10	92.0	27.29	32.10	89.2
12/07/2018 10:21:51 AM	3614199711	1013.00	27.63	32.10	86.4	27.59	32.10	86.7	26.96	32.10	92.0	27.31	32.10	89.0
12/07/2018 10:21:52 AM	3614199712	1013.00	27.63	32.10	86.4	27.57	32.10	86.9	26.99	32.10	91.8	27.26	32.10	89.4
12/07/2018 10:21:53 AM	3614199713	1013.00	27.66	32.09	86.1	27.53	32.09	87.2	27.01	32.09	91.6	27.27	32.09	89.4
12/07/2018 10:21:54 AM	3614199714	1013.00	27.68	32.09	86.0	27.58	32.09	86.8	27.01	32.09	91.6	27.31	32.09	89.0
12/07/2018 10:21:55 AM	3614199715	1013.00	27.66	32.10	86.1	27.50	32.10	87.4	27.01	32.10	91.6	27.34	32.10	88.8
12/07/2018 10:21:56 AM	3614199716	1013.00	27.66	32.10	86.1	27.55	32.10	87.0	27.00	32.10	91.7	27.33	32.10	88.8
12/07/2018 10:21:57 AM	3614199717	1013.00	27.68	32.09	86.0	27.57	32.09	86.9	27.02	32.09	91.5	27.35	32.09	88.7
12/07/2018 10:21:58 AM	3614199718	1013.00	27.68	32.09	86.0	27.61	32.09	86.5	27.04	32.09	91.3	27.33	32.09	88.9
12/07/2018 10:21:59 AM	3614199719	1013.00	27.66	32.09	86.1	27.61	32.09	86.5	27.01	32.09	91.6	27.39	32.09	88.4
12/07/2018 10:22:00 AM	3614199720	1013.00	27.69	32.09	85.9	27.56	32.09	87.0	27.06	32.09	91.2	27.36	32.09	88.6
12/07/2018 10:22:01 AM	3614199721	1013.00	27.69	32.09	85.9	27.59	32.09	86.7	27.10	32.09	90.8	27.40	32.09	88.3
12/07/2018 10:22:02 AM	3614199722	1013.00	27.71	32.09	85.7	27.60	32.09	86.6	27.06	32.09	91.2	27.37	32.09	88.5
12/07/2018 10:22:03 AM	3614199723	1013.00	27.68	32.09	86.0	27.56	32.09	87.0	27.06	32.09	91.2	27.31	32.09	89.0
12/07/2018 10:22:04 AM	3614199724	1013.00	27.73	32.08	85.6	27.62	32.08	86.5	27.09	32.08	90.9	27.38	32.08	88.5
12/07/2018 10:22:05 AM	3614199725	1013.00	27.71	32.08	85.8	27.62	32.08	86.5	27.08	32.08	91.0	27.37	32.08	88.5
12/07/2018 10:22:06 AM	3614199726	1013.00	27.71	32.08	85.8	27.62	32.08	86.5	27.08	32.08	91.0	27.35	32.08	88.7
12/07/2018 10:22:07 AM	3614199727	1013.00	27.69	32.09	85.9	27.63	32.09	86.4	27.08	32.09	91.0	27.32	32.09	88.9
12/07/2018 10:22:08 AM	3614199728	1013.00	27.66	32.09	86.1	27.61	32.09	86.5	27.10	32.09	90.8	27.32	32.09	88.9
12/07/2018 10:22:09 AM	3614199729	1013.00	27.75	32.09	85.4	27.66	32.09	86.1	27.09	32.09	90.9	27.42	32.09	88.1
12/07/2018 10:22:10 AM	3614199730	1013.00	27.73	32.08	85.6	27.67	32.08	86.1	27.07	32.08	91.1	27.32	32.08	89.0
12/07/2018 10:22:11 AM	3614199731	1013.00	27.75	32.08	85.4	27.70	32.08	85.8	27.06	32.08	91.2	27.37	32.08	88.5
12/07/2018 10:22:12 AM	3614199732	1013.00	27.70	32.08	85.8	27.67	32.08	86.1	27.08	32.08	91.0	27.38	32.08	88.5
12/07/2018 10:22:13 AM	3614199733	1013.00	27.69	32.08	85.9	27.70	32.08	85.8	27.15	32.08	90.4	27.37	32.08	88.5
12/07/2018 10:22:14 AM	3614199734	1013.00	27.69	32.07	85.9	27.66	32.07	86.2	27.08	32.07	91.0	27.38	32.07	88.5
12/07/2018 10:22:15 AM	3614199735	1013.00	27.72	32.08	85.7	27.66	32.08	86.2	27.12	32.08	90.7	27.41	32.08	88.2
12/07/2018 10:22:16 AM	3614199736	1013.00	27.73	32.08	85.6	27.71	32.08	85.8	27.12	32.08	90.7	27.38	32.08	88.5
12/07/2018 10:22:17 AM	3614199737	1013.00	27.69	32.08	85.9	27.69	32.08	85.9	27.11	32.08	90.7	27.40	32.08	88.3
12/07/2018 10:22:18 AM	3614199738	1013.00	27.71	32.08	85.8	27.69	32.08	85.9	27.15	32.08	90.4	27.41	32.08	88.2
12/07/2018 10:22:19 AM	3614199739	1013.00	27.77	32.07	85.3	27.70	32.07	85.8	27.09	32.07	90.9	27.45	32.07	87.9
12/07/2018 10:22:20 AM	3614199740	1013.00	27.72	32.07	85.7	27.69	32.07	85.9	27.11	32.07	90.8	27.44	32.07	88.0
12/07/2018 10:22:21 AM	3614199741	1013.00	27.74	32.07	85.5	27.72	32.07	85.7	27.12	32.07	90.7	27.45	32.07	87.9
12/07/2018 10:22:22 AM	3614199742	1013.00	27.75	32.07	85.4	27.67	32.07	86.1	27.18	32.07	90.2	27.50	32.07	87.5
12/07/2018 10:22:23 AM	3614199743	1013.00	27.69	32.07	85.9	27.69	32.07	85.9	27.11	32.07	90.8	27.53	32.07	87.2
12/07/2018 10:22:24 AM	3614199744	1013.00	27.73	32.08	85.6	27.73	32.08	85.6	27.13	32.08	90.6	27.50	32.08	87.5
12/07/2018 10:22:25 AM	3614199745	1013.00	27.74	32.08	85.5	27.78	32.08	85.2	27.14	32.08	90.5	27.50	32.08	87.5
12/07/2018 10:22:26 AM	3614199746	1013.00	27.75	32.08	85.4	27.70	32.08	85.8	27.17	32.08	90.2	27.46	32.08	87.8
12/07/2018 10:22:27 AM	3614199747	1013.00	27.77	32.08	85.3	27.70	32.08	85.8	27.17	32.08	90.2	27.43	32.08	88.0
12/07/2018 10:22:28 AM	3614199748	1013.00	27.79	32.08	85.1	27.77	32.08	85.3	27.15	32.08	90.4	27.52	32.08	87.3
12/07/2018 10:22:29 AM	3614199749	1013.00	27.79	32.09	85.1	27.72	32.09	85.7	27.17	32.09	90.2	27.50	32.09	87.4
12/07/2018 10:22:30 AM	3614199750	1013.00	27.76	32.08	85.4	27.75	32.08	85.4	27.18	32.08	90.1	27.53	32.08	87.2
12/07/2018 10:22:31 AM	3614199751	1013.00	27.73	32.08	85.6	27.79	32.08	85.1	27.21	32.08	89.9	27.56	32.08	87.0
12/07/2018 10:22:32 AM	3614199752	1013.00	27.80	32.08	85.0	27.79	32.08	85.1	27.18	32.08	90.1	27.58	32.08	86.8
12/07/2018 10:22:33 AM	3614199753	1013.00	27.78	32.08	85.2	27.68	32.08	86.0	27.19	32.08	90.1	27.55	32.08	87.1
12/07/2018 10:22:34 AM	3614199754	1013.00	27.76	32.08	85.4	27.78	32.08	85.2	27.17	32.08	90.2	27.56	32.08	87.0
12/07/2018 10:22:35 AM	3614199755	1013.00	27.78	32.07	85.2	27.76	32.07	85.4	27.23	32.07	89.7	27.56	32.07	87.0
12/07/2018 10:22:36 AM	3614199756	1013.00	27.82	32.07	84.9	27.80	32.07	85.0	27.23	32.07	89.7	27.62	32.07	86.5
12/07/2018 10:22:37 AM	3614199757	1013.00	27.79	32.07	85.1	27.80	32.07	85.0	27.20	32.07	90.0	27.61	32.07	86.6
12/07/2018 10:22:38 AM	3614199758	1013.00	27.78	32.07	85.2	27.81	32.07	85.0	27.19	32.07	90.1	27.58	32.07	86.8
12/07/2018 10:22:39 AM	3614199759	1013.00	27.82	32.07	84.9	27.79	32.07	85.1	27.20	32.07	90.0	27.63	32.07	86.4
12/07/2018 10:22:40 AM	3614199760	1013.00	27.82	32.08	84.9	27.80	32.08	85.0	27.19	32.08	90.1	27.62	32.08	86.5
12/07/2018 10:22:41 AM	3614199761	1013.00	27.83	32.07	84.8	27.81	32.07	85.0	27.19	32.07	90.1	27.63	32.07	86.4
12/07/2018 10:22:42 AM	3614199762	1013.00	27.80	32.07	85.0	27.84	32.07	84.7	27.22	32.07	89.8	27.71	32.07	85.8
12/07/2018 10:22:43 AM	3614199763	1013.00	27.81	32.07	85.0	27.83	32.07	84.8	27.24	32.07	89.6	27.70	32.07	85.8
12/07/2018 10:22:44 AM	3614199764	1013.00	27.85	32.06	84.7	27.79	32.06	85.1	27.22	32.06	89.8	27.69	32.06	85.9
12/07/2018 10:22:45 AM	3614199765	1013.00	27.83	32.06	84.8	27.81	32.06	85.0	27.25	32.06	89.6	27.71	32.06	85.8
12/07/2018 10:22:46 AM	3614199766	1013.00	27.85	32.06	84.7	27.83	32.06	84.8	27.23	32.06	89.7	27.71	32.06	85.8
12/07/2018 10:22:47 AM	3614199767	1013.00	27.88	32.07	84.4	27.88	32.07	84.4	27.25	32.07	89.6	27.72	32.07	85.7
12/07/2018 10:22:48 AM	3614199768	1013.00	27.81	32.07	85.0	27.78	32.07	85.2	27.26	32.07	89.5	27.72	32.07	85.7
12/07/2018 10:22:49 AM	3614199769	1013.00	27.88	32.07	84.4	27.89	32.07	84.3	27.30	32.07	89.1	27.71	32.07	85.8
12/07/2018 10:22:50 AM	3614199770	1013.00	27.83	32.07	84.8	27.91	32.07	84.2	27.23	32.07	89.7	27.67	32.07	86.1
12/07/2018 10:22:51 AM	3614199771	1013.00	27.82	32.07	84.9	27.83	32.07	84.8	27.27	32.07	89.4	27.75	32.07	85.4
12/07/2018 10:22:52 AM	3614199772	1013.00	27.84	32.07	84.7	27.94	32.07	83.9	27.29	32.07	89.2	27.69	32.07	85.9
12/07/2018 10:22:53 AM	3614199773	1013.00	27.89	32.07	84.3	27.83	32.07	84.8	27.27	32.07	89.4	27.73	32.07	85.6
12/07/2018 10:22:54 AM	3614199774	1013.00	27.83	32.07	84.8	27.89	32.07	84.3	27.28	32.07	89.3	27.73	32.07	85.6
12/07/2018 10:22:55 AM	3614199775	1013.00	27.87	32.07	84.5	27.90	32.07	84.3	27.31	32.07	89.1	27.77	32.07	85.3
12/07/2018 10:22:56 AM	3614199776	1013.00	27.87	32.07	84.5	27.87	32.07	84.5	27.28	32.07	89.3	27.72	32.07	85.7
12/07/2018 10:22:57 AM	3614199777	1013.00	27.83	32.07	84.8	27.85	32.07	84.7	27.26	32.07	89.5	27.76	32.07	85.4
12/07/2018 10:22:58 AM	3614199778	1013.00	27.82	32.08	84.9	27.91	32.08	84.2	27.31	32.08	89.0	27.78	32.08	85.2
12/07/2018 10:22:59 AM	3614199779	1013.00	27.84	32.08	84.7	27.86	32.08	84.6	27.34	32.08	88.8	27.81	32.08	85.0
12/07/2018 10:23:00 AM	3614199780	1013.00	27.88	32.08	84.4	27.93	32.08	84.0	27.33	32.08	88.9	27.76	32.08	85.4
12/07/2018 10:23:01 AM	3614199781	1013.00	27.85	32.08	84.6	27.92	32.08	84.1	27.33	32.08	88.9	27.80	32.08	85.0
12/07/2018 10:23:02 AM	3614199782	1013.00	27.83	32.08	84.8	27.94	32.08	83.9	27.31	32.08	89.0	27.80	32.08	85.0
12/07/2018 10:23:03 AM	3614199783	1013.00	27.92	32.07	84.1	27.94	32.07	83.9	27.27	32.07	89.4	27.87	32.07	84.5
12/07/2018 10:23:04 AM	3614199784	1013.00	27.89	32.08	84.3	27.90	32.08	84.2	27.32	32.08	89.0	27.80	32.08	85.0
12/07/2018 10:23:05 AM	3614199785	1013.00	27.89	32.08	84.3	27.94	32.08	83.9	27.31	32.08	89.0	27.79	32.08	85.1
12/07/2018 10:23:06 AM	3614199786	1013.00	27.90	32.08	84.2	27.99	32.08	83.5	27.33	32.08	88.9	27.87	32.08	84.5
12/07/2018 10:23:07 AM	3614199787	1013.00	27.87	32.08	84.5	28.03	32.08	83.2	27.31	32.08	89.0	27.84	32.08	84.7
12/07/2018 10:23:08 AM	3614199788	1013.00	27.93	32.09	84.0	27.93	32.09	84.0	27.35	32.09	88.7	27.82	32.09	84.9
12/07/2018 10:23:09 AM	3614199789	1013.00	27.92	32.08	84.1	28.00	32.08	83.5	27.35	32.08	88.7	27.87	32.08	84.5
12/07/2018 10:23:10 AM	3614199790	1013.00	27.98	32.08	83.6	27.98	32.08	83.6	27.32	32.08	89.0	27.88	32.08	84.4
12/07/2018 10:23:11 AM	3614199791	1013.00	28.00	32.08	83.5	28.00	32.08	83.5	27.35	32.08	88.7	27.85	32.08	84.6
12/07/2018 10:23:12 AM	3614199792	1013.00	27.92	32.09	84.1	27.99	32.09	83.5	27.37	32.09	88.5	27.87	32.09	84.5
12/07/2018 10:23:13 AM	3614199793	1013.00	27.97	32.09	83.7	28.02	32.09	83.3	27.37	32.09	88.5	27.80	32.09	85.0
12/07/2018 10:23:14 AM	3614199794	1013.00	27.99	32.09	83.5	28.02	32.09	83.3	27.40	32.09	88.3	27.84	32.09	84.7
12/07/2018 10:23:15 AM	3614199795	1013.00	27.99	32.09	83.5	28.03	32.09	83.2	27.39	32.09	88.4	27.90	32.09	84.2
12/07/2018 10:23:16 AM	3614199796	1013.00	27.97	32.09	83.7	28.04	32.09	83.1	27.35	32.09	88.7	27.92	32.09	84.1
12/07/2018 10:23:17 AM	3614199797	1013.00	27.98	32.09	83.6	28.04	32.09	83.1	27.38	32.09	88.4	27.94	32.09	83.9
12/07/2018 10:23:18 AM	3614199798	1013.00	28.00	32.09	83.4	28.04	32.09	83.1	27.38	32.09	88.4	27.95	32.09	83.8
12/07/2018 10:23:19 AM	3614199799	1013.00	27.95	32.10	83.8	28.06	32.10	83.0	27.39	32.10	88.3	27.95	32.10	83.8
12/07/2018 10:23:20 AM	3614199800	1013.00	28.02	32.10	83.3	28.04	32.10	83.1	27.38	32.10	88.4	27.98	32.10	83.6
12/07/2018 10:23:21 AM	3614199801	1013.00	27.98	32.10	83.6	28.03	32.10	83.2	27.41	32.10	88.2	27.88	32.10	84.4
12/07/2018 10:23:22 AM	3614199802	1013.00	28.01	32.09	83.4	28.09	32.09	82.8	27.38	32.09	88.4	27.92	32.09	84.1
12/07/2018 10:23:23 AM	3614199803	1013.00	27.96	32.09	83.8	28.05	32.09	83.1	27.39	32.09	88.4	27.88	32.09	84.4
12/07/2018 10:23:24 AM	3614199804	1013.00	27.97	32.09	83.7	28.06	32.09	83.0	27.38	32.09	88.4	27.96	32.09	83.8
12/07/2018 10:23:25 AM	3614199805	1013.00	28.00	32.10	83.4	28.07	32.10	82.9	27.44	32.10	87.9	27.97	32.10	83.7
12/07/2018 10:23:26 AM	3614199806	1013.00	27.97	32.09	83.7	28.06	32.09	83.0	27.42	32.09	88.1	28.03	32.09	83.2
12/07/2018 10:23:27 AM	3614199807	1013.00	28.05	32.10	83.0	28.08	32.10	82.8	27.43	32.10	88.0	27.96	32.10	83.7
12/07/2018 10:23:28 AM	3614199808	1013.00	27.98	32.10	83.6	28.09	32.10	82.7	27.43	32.10	88.0	27.99	32.10	83.5
12/07/2018 10:23:29 AM	3614199809	1013.00	28.01	32.09	83.4	28.08	32.09	82.8	27.44	32.09	87.9	27.95	32.09	83.8
12/07/2018 10:23:30 AM	3614199810	1013.00	28.01	32.08	83.4	28.04	32.08	83.2	27.45	32.08	87.9	28.03	32.08	83.2
12/07/2018 10:23:31 AM	3614199811	1013.00	28.00	32.09	83.4	28.07	32.09	82.9	27.39	32.09	88.4	28.03	32.09	83.2
12/07/2018 10:23:32 AM	3614199812	1013.00	28.05	32.08	83.1	28.08	32.08	82.8	27.48	32.08	87.6	28.03	32.08	83.2
12/07/2018 10:23:33 AM	3614199813	1013.00	28.07	32.09	82.9	28.03	32.09	83.2	27.45	32.09	87.9	28.01	32.09	83.4
12/07/2018 10:23:34 AM	3614199814	1013.00	28.03	32.09	83.2	28.09	32.09	82.8	27.46	32.09	87.8	28.02	32.09	83.3
12/07/2018 10:23:35 AM	3614199815	1013.00	28.02	32.09	83.3	28.05	32.09	83.1	27.47	32.09	87.7	28.02	32.09	83.3
12/07/2018 10:23:36 AM	3614199816	1013.00	28.06	32.09	83.0	28.03	32.09	83.2	27.51	32.09	87.4	28.08	32.09	82.8
12/07/2018 10:23:37 AM	3614199817	1013.00	28.09	32.10	82.7	28.09	32.10	82.7	27.49	32.10	87.5	28.07	32.10	82.9
12/07/2018 10:23:38 AM	3614199818	1013.00	28.04	32.09	83.1	28.07	32.09	82.9	27.47	32.09	87.7	28.09	32.09	82.8
12/07/2018 10:23:39 AM	3614199819	1013.00	28.06	32.09	83.0	28.08	32.09	82.8	27.47	32.09	87.7	28.06	32.09	83.0
12/07/2018 10:23:40 AM	3614199820	1013.00	28.10	32.09	82.7	28.14	32.09	82.4	27.48	32.09	87.6	28.07	32.09	82.9
12/07/2018 10:23:41 AM	3614199821	1013.00	28.12	32.10	82.5	28.08	32.10	82.8	27.51	32.10	87.4	28.07	32.10	82.9
12/07/2018 10:23:42 AM	3614199822	1013.00	28.03	32.09	83.2	28.10	32.09	82.7	27.51	32.09	87.4	28.08	32.09	82.8
12/07/2018 10:23:43 AM	3614199823	1013.00	28.10	32.09	82.7	28.09	32.09	82.8	27.51	32.09	87.4	28.16	32.09	82.2
12/07/2018 10:23:44 AM	3614199824	1013.00	28.14	32.09	82.4	28.11	32.09	82.6	27.51	32.09	87.4	28.10	32.09	82.7
12/07/2018 10:23:45 AM	3614199825	1013.00	28.14	32.09	82.4	28.03	32.09	83.2	27.50	32.09	87.4	28.15	32.09	82.3
12/07/2018 10:23:46 AM	3614199826	1013.00	28.12	32.08	82.5	28.11	32.08	82.6	27.54	32.08	87.1	28.16	32.08	82.2
12/07/2018 10:23:47 AM	3614199827	1013.00	28.12	32.09	82.5	28.08	32.09	82.8	27.53	32.09	87.2	28.07	32.09	82.9
12/07/2018 10:23:48 AM	3614199828	1013.00	28.11	32.08	82.6	28.07	32.08	82.9	27.55	32.08	87.1	28.19	32.08	82.0
12/07/2018 10:23:49 AM	3614199829	1013.00	28.18	32.08	82.1	28.07	32.08	82.9	27.53	32.08	87.2	28.18	32.08	82.1
12/07/2018 10:23:50 AM	3614199830	1013.00	28.14	32.09	82.4	28.07	32.09	82.9	27.54	32.09	87.1	28.18	32.09	82.1
12/07/2018 10:23:51 AM	3614199831	1013.00	28.14	32.09	82.4	28.10	32.09	82.7	27.53	32.09	87.2	28.20	32.09	81.9
12/07/2018 10:23:52 AM	3614199832	1013.00	28.12	32.09	82.5	28.06	32.09	83.0	27.55	32.09	87.0	28.16	32.09	82.2
12/07/2018 10:23:53 AM	3614199833	1013.00	28.19	32.09	82.0	28.09	32.09	82.8	27.55	32.09	87.0	28.22	32.09	81.8
12/07/2018 10:23:54 AM	3614199834	1013.00	28.19	32.09	82.0	28.08	32.09	82.8	27.56	32.09	87.0	28.23	32.09	81.7
12/07/2018 10:23:55 AM	3614199835	1013.00	28.19	32.09	82.0	28.11	32.09	82.6	27.55	32.09	87.0	28.27	32.09	81.4
12/07/2018 10:23:56 AM	3614199836	1013.00	28.15	32.08	82.3	28.08	32.08	82.8	27.57	32.08	86.9	28.27	32.08	81.4
12/07/2018 10:23:57 AM	3614199837	1013.00	28.22	32.08	81.8	28.10	32.08	82.7	27.58	32.08	86.8	28.29	32.08	81.2
12/07/2018 10:23:58 AM	3614199838	1013.00	28.20	32.09	81.9	28.06	32.09	83.0	27.60	32.09	86.6	28.30	32.09	81.2
12/07/2018 10:23:59 AM	3614199839	1013.00	28.21	32.08	81.9	28.07	32.08	82.9	27.57	32.08	86.9	28.23	32.08	81.7
12/07/2018 10:24:00 AM	3614199840	1013.00	28.19	32.08	82.0	28.13	32.08	82.5	27.60	32.08	86.6	28.30	32.08	81.2
12/07/2018 10:24:01 AM	3614199841	1013.00	28.17	32.08	82.2	28.12	32.08	82.5	27.59	32.08	86.7	28.30	32.08	81.2
12/07/2018 10:24:02 AM	3614199842	1013.00	28.18	32.08	82.1	28.09	32.08	82.8	27.62	32.08	86.5	28.36	32.08	80.7
12/07/2018 10:24:03 AM	3614199843	1013.00	28.20	32.08	81.9	28.13	32.08	82.5	27.61	32.08	86.6	28.28	32.08	81.3
12/07/2018 10:24:04 AM	3614199844	1013.00	28.22	32.09	81.8	28.12	32.09	82.5	27.61	32.09	86.5	28.35	32.09	80.8
12/07/2018 10:24:05 AM	3614199845	1013.00	28.21	32.08	81.9	28.08	32.08	82.8	27.61	32.08	86.6	28.30	32.08	81.2
12/07/2018 10:24:06 AM	3614199846	1013.00	28.23	32.09	81.7	28.09	32.09	82.8	27.61	32.09	86.5	28.27	32.09	81.4
12/07/2018 10:24:07 AM	3614199847	1013.00	28.26	32.09	81.5	28.12	32.09	82.5	27.66	32.09	86.1	28.31	32.09	81.1
12/07/2018 10:24:08 AM	3614199848	1013.00	28.20	32.08	81.9	28.15	32.08	82.3	27.64	32.08	86.3	28.30	32.08	81.2
12/07/2018 10:24:09 AM	3614199849	1013.00	28.23	32.08	81.7	28.16	32.08	82.2	27.64	32.08	86.3	28.27	32.08	81.4
12/07/2018 10:24:10 AM	3614199850	1013.00	28.24	32.09	81.6	28.16	32.09	82.2	27.64	32.09	86.3	28.33	32.09	80.9
12/07/2018 10:24:11 AM	3614199851	1013.00	28.25	32.09	81.5	28.19	32.09	82.0	27.66	32.09	86.1	28.32	32.09	81.0
12/07/2018 10:24:12 AM	3614199852	1013.00	28.25	32.08	81.5	28.15	32.08	82.3	27.66	32.08	86.2	28.33	32.08	80.9
12/07/2018 10:24:13 AM	3614199853	1013.00	28.26	32.09	81.5	28.15	32.09	82.3	27.68	32.09	86.0	28.36	32.09	80.7
12/07/2018 10:24:14 AM	3614199854	1013.00	28.25	32.09	81.5	28.18	32.09	82.1	27.65	32.09	86.2	28.37	32.09	80.6
12/07/2018 10:24:15 AM	3614199855	1013.00	28.27	32.09	81.4	28.23	32.09	81.7	27.67	32.09	86.1	28.32	32.09	81.0
12/07/2018 10:24:16 AM	3614199856	1013.00	28.28	32.09	81.3	28.17	32.09	82.1	27.71	32.09	85.7	28.30	32.09	81.2
12/07/2018 10:24:17 AM	3614199857	1013.00	28.31	32.10	81.1	28.23	32.10	81.7	27.71	32.10	85.7	28.35	32.10	80.8
12/07/2018 10:24:18 AM	3614199858	1013.00	28.25	32.10	81.5	28.23	32.10	81.7	27.70	32.10	85.8	28.32	32.10	81.0
12/07/2018 10:24:19 AM	3614199859	1013.00	28.27	32.10	81.4	28.24	32.10	81.6	27.72	32.10	85.6	28.38	32.10	80.5
12/07/2018 10:24:20 AM	3614199860	1013.00	28.29	32.10	81.2	28.23	32.10	81.7	27.70	32.10	85.8	28.38	32.10	80.5
12/07/2018 10:24:21 AM	3614199861	1013.00	28.29	32.09	81.2	28.23	32.09	81.7	27.72	32.09	85.7	28.38	32.09	80.6
12/07/2018 10:24:22 AM	3614199862	1013.00	28.28	32.09	81.3	28.28	32.09	81.3	27.69	32.09	85.9	28.40	32.09	80.4
12/07/2018 10:24:23 AM	3614199863	1013.00	28.26	32.09	81.5	28.23	32.09	81.7	27.67	32.09	86.1	28.47	32.09	79.9
12/07/2018 10:24:24 AM	3614199864	1013.00	28.29	32.09	81.2	28.25	32.09	81.5	27.73	32.09	85.6	28.42	32.09	80.3
12/07/2018 10:24:25 AM	3614199865	1013.00	28.31	32.09	81.1	28.30	32.09	81.2	27.72	32.09	85.7	28.44	32.09	80.1
12/07/2018 10:24:26 AM	3614199866	1013.00	28.33	32.09	80.9	28.29	32.09	81.2	27.71	32.09	85.7	28.46	32.09	80.0
12/07/2018 10:24:27 AM	3614199867	1013.00	28.24	32.09	81.6	28.33	32.09	80.9	27.74	32.09	85.5	28.43	32.09	80.2
12/07/2018 10:24:28 AM	3614199868	1013.00	28.30	32.09	81.2	28.30	32.09	81.2	27.73	32.09	85.6	28.51	32.09	79.6
12/07/2018 10:24:29 AM	3614199869	1013.00	28.34	32.10	80.8	28.31	32.10	81.1	27.75	32.10	85.4	28.51	32.10	79.6
12/07/2018 10:24:30 AM	3614199870	1013.00	28.33	32.10	80.9	28.33	32.10	80.9	27.75	32.10	85.4	28.55	32.10	79.3
12/07/2018 10:24:31 AM	3614199871	1013.00	28.33	32.10	80.9	28.30	32.10	81.1	27.74	32.10	85.5	28.56	32.10	79.2
12/07/2018 10:24:32 AM	3614199872	1013.00	28.33	32.10	80.9	28.32	32.10	81.0	27.76	32.10	85.3	28.54	32.10	79.4
12/07/2018 10:24:33 AM	3614199873	1013.00	28.37	32.10	80.6	28.37	32.10	80.6	27.79	32.10	85.1	28.58	32.10	79.1
12/07/2018 10:24:34 AM	3614199874	1013.00	28.37	32.10	80.6	28.35	32.10	80.8	27.74	32.10	85.5	28.49	32.10	79.7
12/07/2018 10:24:35 AM	3614199875	1013.00	28.37	32.10	80.6	28.33	32.10	80.9	27.77	32.10	85.2	28.53	32.10	79.4
12/07/2018 10:24:36 AM	3614199876	1013.00	28.36	32.09	80.7	28.35	32.09	80.8	27.82	32.09	84.9	28.54	32.09	79.4
