Date & time of file creation	12/07/2018 10:25 AM													
Data file path	C:\Users\ameli\Desktop\Diego Barneche\2018_07_12\32_C_new_witrox_23.txt													
														
														
CALIBRATION DATA														
Parameter/Channel	N moving average	LO phase [r.U.]	HI phase [r.U.]	LO oxygen [%air saturation]	HI oxygen [%air saturation]	LO temperature [°C]	HI temperature [°C]	Salinity [‰]						
SDWD0003000199      , CH 1	1	59.07	26.14	0.00	100.00	31.83	31.84	0.000						
SDWD0003000199      , CH 2	1	59.07	26.14	0.00	100.00	31.83	31.84	0.000						
SDWD0003000199      , CH 3	1	59.07	26.14	0.00	100.00	31.83	31.84	0.000						
SDWD0003000199      , CH 4	1	59.07	26.14	0.00	100.00	31.83	31.84	0.000						
														
														
Date &Time [DD-MM-YYYY HH:MM:SS]	Time stamp code	Barometric pressure [hPa]	SDWD0003000199      , CH 1 phase [r.U.]	SDWD0003000199      , CH 1 temp [°C]	SDWD0003000199      , CH 1 O2 [% air saturation]	SDWD0003000199      , CH 2 phase [r.U.]	SDWD0003000199      , CH 2 temp [°C]	SDWD0003000199      , CH 2 O2 [% air saturation]	SDWD0003000199      , CH 3 phase [r.U.]	SDWD0003000199      , CH 3 temp [°C]	SDWD0003000199      , CH 3 O2 [% air saturation]	SDWD0003000199      , CH 4 phase [r.U.]	SDWD0003000199      , CH 4 temp [°C]	SDWD0003000199      , CH 4 O2 [% air saturation]
12/07/2018 10:26:29 AM	3614199989	1013.00	25.74	32.09	103.5	25.77	32.09	103.2	25.69	32.09	104.1	25.76	32.09	103.3
12/07/2018 10:26:30 AM	3614199990	1013.00	25.71	32.09	103.9	25.79	32.09	103.0	25.66	32.09	104.4	25.77	32.09	103.2
12/07/2018 10:26:31 AM	3614199991	1013.00	25.70	32.09	104.0	25.74	32.09	103.5	25.69	32.09	104.1	25.76	32.09	103.3
12/07/2018 10:26:32 AM	3614199992	1013.00	25.72	32.09	103.8	25.77	32.09	103.2	25.70	32.09	104.0	25.78	32.09	103.1
12/07/2018 10:26:33 AM	3614199993	1013.00	25.77	32.09	103.2	25.77	32.09	103.2	25.68	32.09	104.2	25.78	32.09	103.1
12/07/2018 10:26:34 AM	3614199994	1013.00	25.74	32.08	103.6	25.78	32.08	103.2	25.67	32.08	104.3	25.75	32.08	103.5
12/07/2018 10:26:35 AM	3614199995	1013.00	25.73	32.09	103.7	25.77	32.09	103.2	25.67	32.09	104.3	25.77	32.09	103.2
12/07/2018 10:26:36 AM	3614199996	1013.00	25.74	32.08	103.6	25.76	32.08	103.4	25.68	32.08	104.2	25.77	32.08	103.3
12/07/2018 10:26:37 AM	3614199997	1013.00	25.73	32.08	103.7	25.77	32.08	103.3	25.69	32.08	104.1	25.74	32.08	103.6
12/07/2018 10:26:38 AM	3614199998	1013.00	25.73	32.08	103.7	25.77	32.08	103.3	25.69	32.08	104.1	25.79	32.08	103.1
12/07/2018 10:26:39 AM	3614199999	1013.00	25.75	32.09	103.4	25.77	32.09	103.2	25.69	32.09	104.1	25.78	32.09	103.1
12/07/2018 10:26:40 AM	3614200000	1013.00	25.74	32.08	103.6	25.77	32.08	103.3	25.71	32.08	103.9	25.77	32.08	103.3
12/07/2018 10:26:41 AM	3614200001	1013.00	25.72	32.09	103.8	25.79	32.09	103.0	25.70	32.09	104.0	25.77	32.09	103.2
12/07/2018 10:26:42 AM	3614200002	1013.00	25.71	32.09	103.9	25.76	32.09	103.3	25.68	32.09	104.2	25.75	32.09	103.4
12/07/2018 10:26:43 AM	3614200003	1013.00	25.73	32.09	103.7	25.79	32.09	103.0	25.69	32.09	104.1	25.76	32.09	103.3
12/07/2018 10:26:44 AM	3614200004	1013.00	25.68	32.09	104.2	25.78	32.09	103.1	25.74	32.09	103.5	25.73	32.09	103.7
12/07/2018 10:26:45 AM	3614200005	1013.00	25.70	32.09	104.0	25.72	32.09	103.8	25.68	32.09	104.2	25.75	32.09	103.4
12/07/2018 10:26:46 AM	3614200006	1013.00	25.73	32.09	103.7	25.77	32.09	103.2	25.70	32.09	104.0	25.78	32.09	103.1
12/07/2018 10:26:47 AM	3614200007	1013.00	25.71	32.09	103.9	25.82	32.09	102.7	25.71	32.09	103.9	25.76	32.09	103.3
12/07/2018 10:26:48 AM	3614200008	1013.00	25.70	32.09	104.0	25.79	32.09	103.0	25.70	32.09	104.0	25.75	32.09	103.4
12/07/2018 10:26:49 AM	3614200009	1013.00	25.69	32.09	104.1	25.75	32.09	103.4	25.71	32.09	103.9	25.79	32.09	103.0
12/07/2018 10:26:50 AM	3614200010	1013.00	25.73	32.09	103.7	25.76	32.09	103.3	25.74	32.09	103.5	25.76	32.09	103.3
12/07/2018 10:26:51 AM	3614200011	1013.00	25.73	32.09	103.7	25.78	32.09	103.1	25.71	32.09	103.9	25.78	32.09	103.1
12/07/2018 10:26:52 AM	3614200012	1013.00	25.69	32.09	104.1	25.79	32.09	103.0	25.71	32.09	103.9	25.76	32.09	103.3
12/07/2018 10:26:53 AM	3614200013	1013.00	25.73	32.09	103.7	25.72	32.09	103.8	25.68	32.09	104.2	25.77	32.09	103.2
12/07/2018 10:26:54 AM	3614200014	1013.00	25.70	32.09	104.0	25.75	32.09	103.4	25.71	32.09	103.9	25.76	32.09	103.3
12/07/2018 10:26:55 AM	3614200015	1013.00	25.73	32.10	103.6	25.76	32.10	103.3	25.69	32.10	104.0	25.76	32.10	103.3
12/07/2018 10:26:56 AM	3614200016	1013.00	25.74	32.10	103.5	25.77	32.10	103.2	25.69	32.10	104.0	25.80	32.10	102.9
12/07/2018 10:26:57 AM	3614200017	1013.00	25.76	32.10	103.3	25.78	32.10	103.1	25.71	32.10	103.8	25.78	32.10	103.1
12/07/2018 10:26:58 AM	3614200018	1013.00	25.70	32.11	103.9	25.83	32.11	102.6	25.74	32.11	103.5	25.77	32.11	103.2
12/07/2018 10:26:59 AM	3614200019	1013.00	25.72	32.11	103.7	25.77	32.11	103.2	25.70	32.11	103.9	25.79	32.11	103.0
12/07/2018 10:27:00 AM	3614200020	1013.00	25.68	32.11	104.1	25.76	32.11	103.3	25.71	32.11	103.8	25.78	32.11	103.1
12/07/2018 10:27:01 AM	3614200021	1013.00	25.74	32.11	103.5	25.79	32.11	103.0	25.71	32.11	103.8	25.76	32.11	103.3
12/07/2018 10:27:02 AM	3614200022	1013.00	25.77	32.11	103.2	25.75	32.11	103.4	25.66	32.11	104.3	25.78	32.11	103.1
12/07/2018 10:27:03 AM	3614200023	1013.00	25.74	32.10	103.5	25.79	32.10	103.0	25.71	32.10	103.8	25.77	32.10	103.2
12/07/2018 10:27:04 AM	3614200024	1013.00	25.75	32.10	103.4	25.74	32.10	103.5	25.70	32.10	103.9	25.80	32.10	102.9
12/07/2018 10:27:05 AM	3614200025	1013.00	25.73	32.10	103.6	25.77	32.10	103.2	25.71	32.10	103.8	25.80	32.10	102.9
12/07/2018 10:27:06 AM	3614200026	1013.00	25.75	32.10	103.4	25.73	32.10	103.6	25.73	32.10	103.6	25.76	32.10	103.3
12/07/2018 10:27:07 AM	3614200027	1013.00	25.73	32.10	103.6	25.80	32.10	102.9	25.70	32.10	103.9	25.77	32.10	103.2
12/07/2018 10:27:08 AM	3614200028	1013.00	25.80	32.09	102.9	25.77	32.09	103.2	25.68	32.09	104.2	25.79	32.09	103.0
12/07/2018 10:27:09 AM	3614200029	1013.00	25.76	32.10	103.3	25.78	32.10	103.1	25.70	32.10	103.9	25.76	32.10	103.3
12/07/2018 10:27:10 AM	3614200030	1013.00	25.76	32.10	103.3	25.75	32.10	103.4	25.72	32.10	103.7	25.79	32.10	103.0
12/07/2018 10:27:11 AM	3614200031	1013.00	25.74	32.10	103.5	25.78	32.10	103.1	25.73	32.10	103.6	25.76	32.10	103.3
12/07/2018 10:27:12 AM	3614200032	1013.00	25.73	32.11	103.6	25.75	32.11	103.4	25.73	32.11	103.6	25.79	32.11	103.0
12/07/2018 10:27:13 AM	3614200033	1013.00	25.72	32.11	103.7	25.74	32.11	103.5	25.73	32.11	103.6	25.75	32.11	103.4
12/07/2018 10:27:14 AM	3614200034	1013.00	25.76	32.10	103.3	25.78	32.10	103.1	25.73	32.10	103.6	25.77	32.10	103.2
12/07/2018 10:27:15 AM	3614200035	1013.00	25.72	32.11	103.7	25.80	32.11	102.9	25.75	32.11	103.4	25.80	32.11	102.9
12/07/2018 10:27:16 AM	3614200036	1013.00	25.77	32.10	103.2	25.77	32.10	103.2	25.75	32.10	103.4	25.78	32.10	103.1
12/07/2018 10:27:17 AM	3614200037	1013.00	25.76	32.10	103.3	25.80	32.10	102.9	25.76	32.10	103.3	25.79	32.10	103.0
12/07/2018 10:27:18 AM	3614200038	1013.00	25.73	32.09	103.7	25.83	32.09	102.6	25.77	32.09	103.2	25.77	32.09	103.2
12/07/2018 10:27:19 AM	3614200039	1013.00	25.77	32.10	103.2	25.78	32.10	103.1	25.73	32.10	103.6	25.78	32.10	103.1
12/07/2018 10:27:20 AM	3614200040	1013.00	25.78	32.09	103.1	25.81	32.09	102.8	25.75	32.09	103.4	25.78	32.09	103.1
12/07/2018 10:27:21 AM	3614200041	1013.00	25.73	32.09	103.7	25.80	32.09	102.9	25.76	32.09	103.3	25.77	32.09	103.2
12/07/2018 10:27:22 AM	3614200042	1013.00	25.73	32.10	103.6	25.79	32.10	103.0	25.74	32.10	103.5	25.81	32.10	102.8
12/07/2018 10:27:23 AM	3614200043	1013.00	25.74	32.10	103.5	25.78	32.10	103.1	25.75	32.10	103.4	25.79	32.10	103.0
12/07/2018 10:27:24 AM	3614200044	1013.00	25.74	32.10	103.5	25.83	32.10	102.6	25.76	32.10	103.3	25.80	32.10	102.9
12/07/2018 10:27:25 AM	3614200045	1013.00	25.73	32.11	103.6	25.83	32.11	102.6	25.75	32.11	103.4	25.80	32.11	102.9
12/07/2018 10:27:26 AM	3614200046	1013.00	25.78	32.11	103.1	25.84	32.11	102.5	25.74	32.11	103.5	25.79	32.11	103.0
12/07/2018 10:27:27 AM	3614200047	1013.00	25.75	32.10	103.4	25.80	32.10	102.9	25.77	32.10	103.2	25.78	32.10	103.1
12/07/2018 10:27:28 AM	3614200048	1013.00	25.76	32.10	103.3	25.80	32.10	102.9	25.76	32.10	103.3	25.80	32.10	102.9
12/07/2018 10:27:29 AM	3614200049	1013.00	25.75	32.10	103.4	25.86	32.10	102.3	25.75	32.10	103.4	25.80	32.10	102.9
12/07/2018 10:27:30 AM	3614200050	1013.00	25.78	32.09	103.1	25.85	32.09	102.4	25.76	32.09	103.3	25.79	32.09	103.0
12/07/2018 10:27:31 AM	3614200051	1013.00	25.78	32.09	103.1	25.85	32.09	102.4	25.77	32.09	103.2	25.80	32.09	102.9
12/07/2018 10:27:32 AM	3614200052	1013.00	25.77	32.09	103.2	25.84	32.09	102.5	25.77	32.09	103.2	25.82	32.09	102.7
12/07/2018 10:27:33 AM	3614200053	1013.00	25.77	32.09	103.2	25.78	32.09	103.1	25.78	32.09	103.1	25.82	32.09	102.7
12/07/2018 10:27:34 AM	3614200054	1013.00	25.74	32.10	103.5	25.82	32.10	102.7	25.76	32.10	103.3	25.83	32.10	102.6
12/07/2018 10:27:35 AM	3614200055	1013.00	25.78	32.10	103.1	25.85	32.10	102.4	25.79	32.10	103.0	25.81	32.10	102.8
12/07/2018 10:27:36 AM	3614200056	1013.00	25.79	32.11	103.0	25.82	32.11	102.7	25.76	32.11	103.3	25.81	32.11	102.8
12/07/2018 10:27:37 AM	3614200057	1013.00	25.80	32.10	102.9	25.83	32.10	102.6	25.79	32.10	103.0	25.82	32.10	102.7
12/07/2018 10:27:38 AM	3614200058	1013.00	25.76	32.10	103.3	25.81	32.10	102.8	25.77	32.10	103.2	25.81	32.10	102.8
12/07/2018 10:27:39 AM	3614200059	1013.00	25.78	32.10	103.1	25.81	32.10	102.8	25.79	32.10	103.0	25.78	32.10	103.1
12/07/2018 10:27:40 AM	3614200060	1013.00	25.78	32.09	103.1	25.87	32.09	102.2	25.78	32.09	103.1	25.79	32.09	103.0
12/07/2018 10:27:41 AM	3614200061	1013.00	25.80	32.09	102.9	25.85	32.09	102.4	25.80	32.09	102.9	25.81	32.09	102.8
12/07/2018 10:27:42 AM	3614200062	1013.00	25.84	32.10	102.5	25.85	32.10	102.4	25.81	32.10	102.8	25.83	32.10	102.6
12/07/2018 10:27:43 AM	3614200063	1013.00	25.80	32.10	102.9	25.84	32.10	102.5	25.80	32.10	102.9	25.82	32.10	102.7
12/07/2018 10:27:44 AM	3614200064	1013.00	25.77	32.10	103.2	25.81	32.10	102.8	25.80	32.10	102.9	25.82	32.10	102.7
12/07/2018 10:27:45 AM	3614200065	1013.00	25.78	32.11	103.1	25.84	32.11	102.5	25.82	32.11	102.7	25.81	32.11	102.8
12/07/2018 10:27:46 AM	3614200066	1013.00	25.78	32.11	103.1	25.86	32.11	102.3	25.81	32.11	102.8	25.83	32.11	102.6
12/07/2018 10:27:47 AM	3614200067	1013.00	25.77	32.10	103.2	25.85	32.10	102.4	25.80	32.10	102.9	25.82	32.10	102.7
12/07/2018 10:27:48 AM	3614200068	1013.00	25.82	32.10	102.7	25.89	32.10	102.0	25.81	32.10	102.8	25.85	32.10	102.4
12/07/2018 10:27:49 AM	3614200069	1013.00	25.81	32.10	102.8	25.87	32.10	102.2	25.82	32.10	102.7	25.82	32.10	102.7
12/07/2018 10:27:50 AM	3614200070	1013.00	25.81	32.09	102.8	25.85	32.09	102.4	25.83	32.09	102.6	25.85	32.09	102.4
12/07/2018 10:27:51 AM	3614200071	1013.00	25.84	32.09	102.5	25.91	32.09	101.8	25.83	32.09	102.6	25.84	32.09	102.5
12/07/2018 10:27:52 AM	3614200072	1013.00	25.82	32.10	102.7	25.90	32.10	101.9	25.82	32.10	102.7	25.87	32.10	102.2
12/07/2018 10:27:53 AM	3614200073	1013.00	25.82	32.10	102.7	25.86	32.10	102.3	25.83	32.10	102.6	25.86	32.10	102.3
12/07/2018 10:27:54 AM	3614200074	1013.00	25.84	32.11	102.5	25.91	32.11	101.8	25.84	32.11	102.5	25.84	32.11	102.5
12/07/2018 10:27:55 AM	3614200075	1013.00	25.84	32.11	102.5	25.89	32.11	102.0	25.84	32.11	102.5	25.84	32.11	102.5
12/07/2018 10:27:56 AM	3614200076	1013.00	25.81	32.11	102.8	25.90	32.11	101.9	25.86	32.11	102.3	25.88	32.11	102.1
12/07/2018 10:27:57 AM	3614200077	1013.00	25.83	32.11	102.6	25.92	32.11	101.7	25.84	32.11	102.5	25.86	32.11	102.3
12/07/2018 10:27:58 AM	3614200078	1013.00	25.84	32.11	102.5	25.93	32.11	101.6	25.85	32.11	102.4	25.85	32.11	102.4
12/07/2018 10:27:59 AM	3614200079	1013.00	25.84	32.11	102.5	25.91	32.11	101.8	25.85	32.11	102.4	25.87	32.11	102.2
12/07/2018 10:28:00 AM	3614200080	1013.00	25.81	32.11	102.8	25.91	32.11	101.8	25.87	32.11	102.2	25.86	32.11	102.3
12/07/2018 10:28:01 AM	3614200081	1013.00	25.84	32.10	102.5	25.99	32.10	101.0	25.88	32.10	102.1	25.87	32.10	102.2
12/07/2018 10:28:02 AM	3614200082	1013.00	25.83	32.10	102.6	25.93	32.10	101.6	25.86	32.10	102.3	25.87	32.10	102.2
12/07/2018 10:28:03 AM	3614200083	1013.00	25.82	32.10	102.7	25.94	32.10	101.5	25.88	32.10	102.1	25.88	32.10	102.1
12/07/2018 10:28:04 AM	3614200084	1013.00	25.84	32.10	102.5	25.96	32.10	101.3	25.87	32.10	102.2	25.88	32.10	102.1
12/07/2018 10:28:05 AM	3614200085	1013.00	25.80	32.10	102.9	25.96	32.10	101.3	25.87	32.10	102.2	25.85	32.10	102.4
12/07/2018 10:28:06 AM	3614200086	1013.00	25.86	32.10	102.3	25.96	32.10	101.3	25.85	32.10	102.4	25.86	32.10	102.3
12/07/2018 10:28:07 AM	3614200087	1013.00	25.83	32.10	102.6	25.92	32.10	101.7	25.86	32.10	102.3	25.88	32.10	102.1
12/07/2018 10:28:08 AM	3614200088	1013.00	25.84	32.10	102.5	25.97	32.10	101.2	25.91	32.10	101.8	25.87	32.10	102.2
12/07/2018 10:28:09 AM	3614200089	1013.00	25.86	32.10	102.3	25.94	32.10	101.5	25.87	32.10	102.2	25.87	32.10	102.2
12/07/2018 10:28:10 AM	3614200090	1013.00	25.83	32.11	102.6	26.02	32.11	100.7	25.89	32.11	102.0	25.89	32.11	102.0
12/07/2018 10:28:11 AM	3614200091	1013.00	25.85	32.11	102.4	25.92	32.11	101.7	25.87	32.11	102.2	25.87	32.11	102.2
12/07/2018 10:28:12 AM	3614200092	1013.00	25.86	32.11	102.3	25.93	32.11	101.6	25.88	32.11	102.1	25.89	32.11	102.0
12/07/2018 10:28:13 AM	3614200093	1013.00	25.84	32.12	102.5	26.01	32.12	100.8	25.91	32.12	101.8	25.88	32.12	102.1
12/07/2018 10:28:14 AM	3614200094	1013.00	25.86	32.12	102.3	25.98	32.12	101.1	25.89	32.12	102.0	25.88	32.12	102.1
12/07/2018 10:28:15 AM	3614200095	1013.00	25.88	32.11	102.1	25.91	32.11	101.8	25.91	32.11	101.8	25.90	32.11	101.9
12/07/2018 10:28:16 AM	3614200096	1013.00	25.88	32.11	102.1	25.98	32.11	101.1	25.90	32.11	101.9	25.88	32.11	102.1
12/07/2018 10:28:17 AM	3614200097	1013.00	25.88	32.11	102.1	26.03	32.11	100.6	25.93	32.11	101.6	25.89	32.11	102.0
12/07/2018 10:28:18 AM	3614200098	1013.00	25.90	32.11	101.9	26.01	32.11	100.8	25.89	32.11	102.0	25.90	32.11	101.9
12/07/2018 10:28:19 AM	3614200099	1013.00	25.89	32.10	102.0	26.01	32.10	100.8	25.89	32.10	102.0	25.89	32.10	102.0
12/07/2018 10:28:20 AM	3614200100	1013.00	25.85	32.11	102.4	26.04	32.11	100.5	25.89	32.11	102.0	25.93	32.11	101.6
12/07/2018 10:28:21 AM	3614200101	1013.00	25.86	32.11	102.3	26.05	32.11	100.4	25.94	32.11	101.5	25.92	32.11	101.7
12/07/2018 10:28:22 AM	3614200102	1013.00	25.86	32.11	102.3	26.07	32.11	100.2	25.93	32.11	101.6	25.91	32.11	101.8
12/07/2018 10:28:23 AM	3614200103	1013.00	25.89	32.10	102.0	26.00	32.10	100.9	25.89	32.10	102.0	25.91	32.10	101.8
12/07/2018 10:28:24 AM	3614200104	1013.00	25.88	32.11	102.1	26.02	32.11	100.7	25.93	32.11	101.6	25.91	32.11	101.8
12/07/2018 10:28:25 AM	3614200105	1013.00	25.89	32.11	102.0	26.01	32.11	100.8	25.92	32.11	101.7	25.91	32.11	101.8
12/07/2018 10:28:26 AM	3614200106	1013.00	25.87	32.10	102.2	26.03	32.10	100.6	25.93	32.10	101.6	25.92	32.10	101.7
12/07/2018 10:28:27 AM	3614200107	1013.00	25.87	32.10	102.2	26.07	32.10	100.2	25.91	32.10	101.8	25.90	32.10	101.9
12/07/2018 10:28:28 AM	3614200108	1013.00	25.91	32.10	101.8	26.07	32.10	100.2	25.96	32.10	101.3	25.92	32.10	101.7
12/07/2018 10:28:29 AM	3614200109	1013.00	25.91	32.10	101.8	26.00	32.10	100.9	25.94	32.10	101.5	25.91	32.10	101.8
12/07/2018 10:28:30 AM	3614200110	1013.00	25.91	32.10	101.8	26.04	32.10	100.5	25.93	32.10	101.6	25.92	32.10	101.7
12/07/2018 10:28:31 AM	3614200111	1013.00	25.92	32.11	101.7	25.99	32.11	101.0	25.96	32.11	101.3	25.94	32.11	101.5
12/07/2018 10:28:32 AM	3614200112	1013.00	25.90	32.11	101.9	26.03	32.11	100.6	25.95	32.11	101.4	25.93	32.11	101.6
12/07/2018 10:28:33 AM	3614200113	1013.00	25.92	32.11	101.7	26.03	32.11	100.6	25.96	32.11	101.3	25.92	32.11	101.7
12/07/2018 10:28:34 AM	3614200114	1013.00	25.92	32.11	101.7	26.02	32.11	100.7	25.99	32.11	101.0	25.92	32.11	101.7
12/07/2018 10:28:35 AM	3614200115	1013.00	25.91	32.10	101.8	26.04	32.10	100.5	25.98	32.10	101.1	25.92	32.10	101.7
12/07/2018 10:28:36 AM	3614200116	1013.00	25.90	32.10	101.9	26.04	32.10	100.5	26.01	32.10	100.8	25.94	32.10	101.5
12/07/2018 10:28:37 AM	3614200117	1013.00	25.90	32.10	101.9	26.01	32.10	100.8	26.01	32.10	100.8	25.92	32.10	101.7
12/07/2018 10:28:38 AM	3614200118	1013.00	25.90	32.10	101.9	26.07	32.10	100.2	26.01	32.10	100.8	25.95	32.10	101.4
12/07/2018 10:28:39 AM	3614200119	1013.00	25.91	32.10	101.8	26.04	32.10	100.5	25.99	32.10	101.0	25.97	32.10	101.2
12/07/2018 10:28:40 AM	3614200120	1013.00	25.94	32.10	101.5	26.09	32.10	100.1	25.99	32.10	101.0	25.94	32.10	101.5
12/07/2018 10:28:41 AM	3614200121	1013.00	25.91	32.10	101.8	26.11	32.10	99.9	26.01	32.10	100.8	25.99	32.10	101.0
12/07/2018 10:28:42 AM	3614200122	1013.00	25.93	32.10	101.6	26.03	32.10	100.6	26.03	32.10	100.6	25.97	32.10	101.2
12/07/2018 10:28:43 AM	3614200123	1013.00	25.94	32.10	101.5	26.08	32.10	100.2	26.03	32.10	100.6	25.94	32.10	101.5
12/07/2018 10:28:44 AM	3614200124	1013.00	25.92	32.10	101.7	26.13	32.10	99.7	26.03	32.10	100.6	25.97	32.10	101.2
12/07/2018 10:28:45 AM	3614200125	1013.00	25.92	32.10	101.7	26.08	32.10	100.2	26.02	32.10	100.7	25.96	32.10	101.3
12/07/2018 10:28:46 AM	3614200126	1013.00	25.93	32.10	101.6	26.08	32.10	100.2	26.05	32.10	100.4	25.96	32.10	101.3
12/07/2018 10:28:47 AM	3614200127	1013.00	25.96	32.10	101.3	26.13	32.10	99.7	26.02	32.10	100.7	25.98	32.10	101.1
12/07/2018 10:28:48 AM	3614200128	1013.00	25.97	32.10	101.2	26.09	32.10	100.1	26.03	32.10	100.6	25.97	32.10	101.2
12/07/2018 10:28:49 AM	3614200129	1013.00	25.98	32.10	101.1	26.07	32.10	100.2	26.07	32.10	100.2	25.99	32.10	101.0
12/07/2018 10:28:50 AM	3614200130	1013.00	25.97	32.10	101.2	26.11	32.10	99.9	26.04	32.10	100.5	25.98	32.10	101.1
12/07/2018 10:28:51 AM	3614200131	1013.00	25.95	32.10	101.4	26.10	32.10	100.0	26.04	32.10	100.5	25.97	32.10	101.2
12/07/2018 10:28:52 AM	3614200132	1013.00	25.94	32.10	101.5	26.11	32.10	99.9	26.02	32.10	100.7	25.97	32.10	101.2
12/07/2018 10:28:53 AM	3614200133	1013.00	25.92	32.10	101.7	26.10	32.10	100.0	26.03	32.10	100.6	26.00	32.10	100.9
12/07/2018 10:28:54 AM	3614200134	1013.00	25.98	32.09	101.1	26.10	32.09	100.0	26.07	32.09	100.3	26.01	32.09	100.9
12/07/2018 10:28:55 AM	3614200135	1013.00	26.01	32.09	100.9	26.09	32.09	100.1	26.07	32.09	100.3	25.97	32.09	101.2
12/07/2018 10:28:56 AM	3614200136	1013.00	25.98	32.09	101.1	26.09	32.09	100.1	26.06	32.09	100.4	25.99	32.09	101.0
12/07/2018 10:28:57 AM	3614200137	1013.00	25.99	32.09	101.0	26.11	32.09	99.9	26.05	32.09	100.5	25.99	32.09	101.0
12/07/2018 10:28:58 AM	3614200138	1013.00	25.97	32.09	101.2	26.12	32.09	99.8	26.06	32.09	100.4	25.96	32.09	101.3
12/07/2018 10:28:59 AM	3614200139	1013.00	26.02	32.09	100.8	26.16	32.09	99.4	26.06	32.09	100.4	25.99	32.09	101.0
12/07/2018 10:29:00 AM	3614200140	1013.00	25.99	32.09	101.0	26.14	32.09	99.6	26.05	32.09	100.5	26.01	32.09	100.9
12/07/2018 10:29:01 AM	3614200141	1013.00	26.01	32.09	100.9	26.12	32.09	99.8	26.09	32.09	100.1	25.98	32.09	101.1
12/07/2018 10:29:02 AM	3614200142	1013.00	26.00	32.09	100.9	26.15	32.09	99.5	26.06	32.09	100.4	25.98	32.09	101.1
12/07/2018 10:29:03 AM	3614200143	1013.00	26.03	32.10	100.6	26.15	32.10	99.5	26.09	32.10	100.1	26.00	32.10	100.9
12/07/2018 10:29:04 AM	3614200144	1013.00	25.99	32.10	101.0	26.23	32.10	98.7	26.08	32.10	100.2	26.01	32.10	100.8
12/07/2018 10:29:05 AM	3614200145	1013.00	26.02	32.09	100.8	26.14	32.09	99.6	26.06	32.09	100.4	26.00	32.09	100.9
12/07/2018 10:29:06 AM	3614200146	1013.00	26.03	32.09	100.7	26.15	32.09	99.5	26.08	32.09	100.2	26.03	32.09	100.7
12/07/2018 10:29:07 AM	3614200147	1013.00	26.07	32.10	100.2	26.14	32.10	99.6	26.06	32.10	100.3	25.98	32.10	101.1
12/07/2018 10:29:08 AM	3614200148	1013.00	26.06	32.09	100.4	26.15	32.09	99.5	26.09	32.09	100.1	26.03	32.09	100.7
12/07/2018 10:29:09 AM	3614200149	1013.00	26.05	32.09	100.5	26.19	32.09	99.1	26.09	32.09	100.1	25.99	32.09	101.0
12/07/2018 10:29:10 AM	3614200150	1013.00	26.08	32.09	100.2	26.23	32.09	98.7	26.09	32.09	100.1	26.02	32.09	100.8
12/07/2018 10:29:11 AM	3614200151	1013.00	26.03	32.09	100.7	26.19	32.09	99.1	26.08	32.09	100.2	25.99	32.09	101.0
12/07/2018 10:29:12 AM	3614200152	1013.00	26.08	32.09	100.2	26.21	32.09	98.9	26.08	32.09	100.2	26.01	32.09	100.9
12/07/2018 10:29:13 AM	3614200153	1013.00	26.09	32.09	100.1	26.25	32.09	98.5	26.09	32.09	100.1	26.04	32.09	100.6
12/07/2018 10:29:14 AM	3614200154	1013.00	26.06	32.10	100.3	26.21	32.10	98.9	26.12	32.10	99.8	26.03	32.10	100.6
12/07/2018 10:29:15 AM	3614200155	1013.00	26.10	32.10	100.0	26.22	32.10	98.8	26.13	32.10	99.7	26.04	32.10	100.5
12/07/2018 10:29:16 AM	3614200156	1013.00	26.07	32.10	100.2	26.22	32.10	98.8	26.09	32.10	100.1	26.01	32.10	100.8
12/07/2018 10:29:17 AM	3614200157	1013.00	26.07	32.10	100.2	26.22	32.10	98.8	26.11	32.10	99.9	26.05	32.10	100.4
12/07/2018 10:29:18 AM	3614200158	1013.00	26.05	32.10	100.4	26.20	32.10	99.0	26.15	32.10	99.5	26.06	32.10	100.3
12/07/2018 10:29:19 AM	3614200159	1013.00	26.08	32.10	100.2	26.26	32.10	98.4	26.13	32.10	99.7	26.04	32.10	100.5
12/07/2018 10:29:20 AM	3614200160	1013.00	26.09	32.09	100.1	26.27	32.09	98.3	26.14	32.09	99.6	26.04	32.09	100.6
12/07/2018 10:29:21 AM	3614200161	1013.00	26.09	32.09	100.1	26.24	32.09	98.6	26.14	32.09	99.6	26.06	32.09	100.4
12/07/2018 10:29:22 AM	3614200162	1013.00	26.10	32.09	100.0	26.25	32.09	98.5	26.16	32.09	99.4	26.05	32.09	100.5
12/07/2018 10:29:23 AM	3614200163	1013.00	26.13	32.08	99.7	26.23	32.08	98.7	26.15	32.08	99.5	26.04	32.08	100.6
12/07/2018 10:29:24 AM	3614200164	1013.00	26.09	32.09	100.1	26.27	32.09	98.3	26.16	32.09	99.4	26.04	32.09	100.6
12/07/2018 10:29:25 AM	3614200165	1013.00	26.08	32.09	100.2	26.27	32.09	98.3	26.18	32.09	99.2	26.07	32.09	100.3
12/07/2018 10:29:26 AM	3614200166	1013.00	26.10	32.09	100.0	26.26	32.09	98.4	26.16	32.09	99.4	26.06	32.09	100.4
12/07/2018 10:29:27 AM	3614200167	1013.00	26.10	32.09	100.0	26.23	32.09	98.7	26.17	32.09	99.3	26.08	32.09	100.2
12/07/2018 10:29:28 AM	3614200168	1013.00	26.12	32.09	99.8	26.29	32.09	98.1	26.17	32.09	99.3	26.07	32.09	100.3
12/07/2018 10:29:29 AM	3614200169	1013.00	26.13	32.09	99.7	26.30	32.09	98.1	26.21	32.09	98.9	26.09	32.09	100.1
12/07/2018 10:29:30 AM	3614200170	1013.00	26.15	32.09	99.5	26.29	32.09	98.1	26.17	32.09	99.3	26.08	32.09	100.2
12/07/2018 10:29:31 AM	3614200171	1013.00	26.15	32.09	99.5	26.28	32.09	98.2	26.20	32.09	99.0	26.05	32.09	100.5
12/07/2018 10:29:32 AM	3614200172	1013.00	26.10	32.10	100.0	26.26	32.10	98.4	26.16	32.10	99.4	26.08	32.10	100.2
12/07/2018 10:29:33 AM	3614200173	1013.00	26.11	32.10	99.9	26.27	32.10	98.3	26.21	32.10	98.9	26.09	32.10	100.1
12/07/2018 10:29:34 AM	3614200174	1013.00	26.13	32.10	99.7	26.32	32.10	97.8	26.19	32.10	99.1	26.08	32.10	100.2
12/07/2018 10:29:35 AM	3614200175	1013.00	26.14	32.10	99.6	26.24	32.10	98.6	26.17	32.10	99.3	26.08	32.10	100.2
12/07/2018 10:29:36 AM	3614200176	1013.00	26.13	32.11	99.6	26.30	32.11	98.0	26.19	32.11	99.1	26.11	32.11	99.8
12/07/2018 10:29:37 AM	3614200177	1013.00	26.14	32.11	99.6	26.36	32.11	97.5	26.20	32.11	99.0	26.10	32.11	99.9
12/07/2018 10:29:38 AM	3614200178	1013.00	26.10	32.10	100.0	26.32	32.10	97.8	26.20	32.10	99.0	26.10	32.10	100.0
12/07/2018 10:29:39 AM	3614200179	1013.00	26.15	32.10	99.5	26.26	32.10	98.4	26.19	32.10	99.1	26.09	32.10	100.1
12/07/2018 10:29:40 AM	3614200180	1013.00	26.14	32.10	99.6	26.27	32.10	98.3	26.20	32.10	99.0	26.12	32.10	99.8
12/07/2018 10:29:41 AM	3614200181	1013.00	26.17	32.09	99.3	26.27	32.09	98.3	26.20	32.09	99.0	26.10	32.09	100.0
12/07/2018 10:29:42 AM	3614200182	1013.00	26.17	32.09	99.3	26.32	32.09	97.9	26.21	32.09	98.9	26.12	32.09	99.8
12/07/2018 10:29:43 AM	3614200183	1013.00	26.15	32.09	99.5	26.26	32.09	98.4	26.22	32.09	98.8	26.13	32.09	99.7
12/07/2018 10:29:44 AM	3614200184	1013.00	26.18	32.10	99.2	26.30	32.10	98.0	26.21	32.10	98.9	26.14	32.10	99.6
12/07/2018 10:29:45 AM	3614200185	1013.00	26.18	32.10	99.2	26.29	32.10	98.1	26.25	32.10	98.5	26.10	32.10	100.0
12/07/2018 10:29:46 AM	3614200186	1013.00	26.17	32.10	99.3	26.32	32.10	97.8	26.23	32.10	98.7	26.13	32.10	99.7
12/07/2018 10:29:47 AM	3614200187	1013.00	26.19	32.10	99.1	26.28	32.10	98.2	26.20	32.10	99.0	26.13	32.10	99.7
12/07/2018 10:29:48 AM	3614200188	1013.00	26.17	32.10	99.3	26.31	32.10	97.9	26.26	32.10	98.4	26.14	32.10	99.6
12/07/2018 10:29:49 AM	3614200189	1013.00	26.18	32.09	99.2	26.33	32.09	97.8	26.24	32.09	98.6	26.13	32.09	99.7
12/07/2018 10:29:50 AM	3614200190	1013.00	26.19	32.10	99.1	26.34	32.10	97.7	26.24	32.10	98.6	26.15	32.10	99.5
12/07/2018 10:29:51 AM	3614200191	1013.00	26.19	32.09	99.1	26.35	32.09	97.6	26.24	32.09	98.6	26.12	32.09	99.8
12/07/2018 10:29:52 AM	3614200192	1013.00	26.20	32.09	99.0	26.31	32.09	98.0	26.26	32.09	98.4	26.15	32.09	99.5
12/07/2018 10:29:53 AM	3614200193	1013.00	26.18	32.09	99.2	26.35	32.09	97.6	26.26	32.09	98.4	26.13	32.09	99.7
12/07/2018 10:29:54 AM	3614200194	1013.00	26.18	32.10	99.2	26.35	32.10	97.6	26.26	32.10	98.4	26.14	32.10	99.6
12/07/2018 10:29:55 AM	3614200195	1013.00	26.20	32.10	99.0	26.42	32.10	96.9	26.27	32.10	98.3	26.16	32.10	99.4
12/07/2018 10:29:56 AM	3614200196	1013.00	26.22	32.10	98.8	26.38	32.10	97.3	26.25	32.10	98.5	26.17	32.10	99.3
12/07/2018 10:29:57 AM	3614200197	1013.00	26.22	32.10	98.8	26.38	32.10	97.3	26.27	32.10	98.3	26.17	32.10	99.3
12/07/2018 10:29:58 AM	3614200198	1013.00	26.26	32.09	98.4	26.41	32.09	97.0	26.28	32.09	98.2	26.17	32.09	99.3
12/07/2018 10:29:59 AM	3614200199	1013.00	26.26	32.09	98.4	26.44	32.09	96.7	26.26	32.09	98.4	26.17	32.09	99.3
12/07/2018 10:30:00 AM	3614200200	1013.00	26.28	32.09	98.2	26.37	32.09	97.4	26.27	32.09	98.3	26.17	32.09	99.3
12/07/2018 10:30:01 AM	3614200201	1013.00	26.24	32.09	98.6	26.41	32.09	97.0	26.26	32.09	98.4	26.18	32.09	99.2
12/07/2018 10:30:02 AM	3614200202	1013.00	26.24	32.09	98.6	26.38	32.09	97.3	26.28	32.09	98.2	26.20	32.09	99.0
12/07/2018 10:30:03 AM	3614200203	1013.00	26.25	32.09	98.5	26.41	32.09	97.0	26.27	32.09	98.3	26.19	32.09	99.1
12/07/2018 10:30:04 AM	3614200204	1013.00	26.25	32.09	98.5	26.42	32.09	96.9	26.28	32.09	98.2	26.19	32.09	99.1
12/07/2018 10:30:05 AM	3614200205	1013.00	26.23	32.09	98.7	26.44	32.09	96.7	26.28	32.09	98.2	26.21	32.09	98.9
12/07/2018 10:30:06 AM	3614200206	1013.00	26.27	32.09	98.3	26.48	32.09	96.4	26.30	32.09	98.1	26.19	32.09	99.1
12/07/2018 10:30:07 AM	3614200207	1013.00	26.22	32.09	98.8	26.47	32.09	96.5	26.30	32.09	98.1	26.21	32.09	98.9
12/07/2018 10:30:08 AM	3614200208	1013.00	26.28	32.09	98.2	26.37	32.09	97.4	26.32	32.09	97.9	26.22	32.09	98.8
12/07/2018 10:30:09 AM	3614200209	1013.00	26.30	32.09	98.1	26.45	32.09	96.6	26.31	32.09	98.0	26.20	32.09	99.0
12/07/2018 10:30:10 AM	3614200210	1013.00	26.27	32.09	98.3	26.45	32.09	96.6	26.31	32.09	98.0	26.19	32.09	99.1
12/07/2018 10:30:11 AM	3614200211	1013.00	26.30	32.09	98.1	26.44	32.09	96.7	26.33	32.09	97.8	26.23	32.09	98.7
12/07/2018 10:30:12 AM	3614200212	1013.00	26.29	32.09	98.1	26.44	32.09	96.7	26.30	32.09	98.1	26.20	32.09	99.0
12/07/2018 10:30:13 AM	3614200213	1013.00	26.28	32.09	98.2	26.46	32.09	96.5	26.33	32.09	97.8	26.21	32.09	98.9
12/07/2018 10:30:14 AM	3614200214	1013.00	26.32	32.09	97.9	26.47	32.09	96.5	26.34	32.09	97.7	26.21	32.09	98.9
12/07/2018 10:30:15 AM	3614200215	1013.00	26.31	32.09	98.0	26.47	32.09	96.5	26.31	32.09	98.0	26.23	32.09	98.7
12/07/2018 10:30:16 AM	3614200216	1013.00	26.29	32.09	98.1	26.43	32.09	96.8	26.31	32.09	98.0	26.26	32.09	98.4
12/07/2018 10:30:17 AM	3614200217	1013.00	26.34	32.10	97.7	26.46	32.10	96.5	26.30	32.10	98.0	26.23	32.10	98.7
12/07/2018 10:30:18 AM	3614200218	1013.00	26.34	32.09	97.7	26.43	32.09	96.8	26.34	32.09	97.7	26.22	32.09	98.8
12/07/2018 10:30:19 AM	3614200219	1013.00	26.29	32.09	98.1	26.49	32.09	96.3	26.33	32.09	97.8	26.23	32.09	98.7
12/07/2018 10:30:20 AM	3614200220	1013.00	26.34	32.09	97.7	26.45	32.09	96.6	26.35	32.09	97.6	26.24	32.09	98.6
12/07/2018 10:30:21 AM	3614200221	1013.00	26.35	32.09	97.6	26.48	32.09	96.4	26.35	32.09	97.6	26.23	32.09	98.7
12/07/2018 10:30:22 AM	3614200222	1013.00	26.33	32.08	97.8	26.47	32.08	96.5	26.34	32.08	97.7	26.25	32.08	98.5
12/07/2018 10:30:23 AM	3614200223	1013.00	26.34	32.08	97.7	26.48	32.08	96.4	26.40	32.08	97.1	26.25	32.08	98.5
12/07/2018 10:30:24 AM	3614200224	1013.00	26.38	32.09	97.3	26.51	32.09	96.1	26.35	32.09	97.6	26.25	32.09	98.5
12/07/2018 10:30:25 AM	3614200225	1013.00	26.43	32.09	96.8	26.53	32.09	95.9	26.37	32.09	97.4	26.29	32.09	98.1
12/07/2018 10:30:26 AM	3614200226	1013.00	26.36	32.09	97.5	26.49	32.09	96.3	26.38	32.09	97.3	26.27	32.09	98.3
12/07/2018 10:30:27 AM	3614200227	1013.00	26.36	32.09	97.5	26.47	32.09	96.5	26.38	32.09	97.3	26.25	32.09	98.5
12/07/2018 10:30:28 AM	3614200228	1013.00	26.40	32.09	97.1	26.47	32.09	96.5	26.38	32.09	97.3	26.25	32.09	98.5
12/07/2018 10:30:29 AM	3614200229	1013.00	26.37	32.09	97.4	26.45	32.09	96.6	26.38	32.09	97.3	26.27	32.09	98.3
12/07/2018 10:30:30 AM	3614200230	1013.00	26.38	32.09	97.3	26.50	32.09	96.2	26.38	32.09	97.3	26.27	32.09	98.3
12/07/2018 10:30:31 AM	3614200231	1013.00	26.38	32.10	97.3	26.54	32.10	95.8	26.37	32.10	97.4	26.25	32.10	98.5
12/07/2018 10:30:32 AM	3614200232	1013.00	26.37	32.10	97.4	26.54	32.10	95.8	26.36	32.10	97.5	26.29	32.10	98.1
12/07/2018 10:30:33 AM	3614200233	1013.00	26.40	32.09	97.1	26.51	32.09	96.1	26.41	32.09	97.0	26.28	32.09	98.2
12/07/2018 10:30:34 AM	3614200234	1013.00	26.41	32.09	97.0	26.60	32.09	95.3	26.39	32.09	97.2	26.29	32.09	98.1
12/07/2018 10:30:35 AM	3614200235	1013.00	26.42	32.08	96.9	26.51	32.08	96.1	26.37	32.08	97.4	26.29	32.08	98.2
12/07/2018 10:30:36 AM	3614200236	1013.00	26.42	32.08	96.9	26.52	32.08	96.0	26.39	32.08	97.2	26.29	32.08	98.2
12/07/2018 10:30:37 AM	3614200237	1013.00	26.44	32.08	96.8	26.59	32.08	95.4	26.38	32.08	97.3	26.31	32.08	98.0
12/07/2018 10:30:38 AM	3614200238	1013.00	26.48	32.08	96.4	26.55	32.08	95.7	26.40	32.08	97.1	26.31	32.08	98.0
12/07/2018 10:30:39 AM	3614200239	1013.00	26.41	32.08	97.0	26.53	32.08	95.9	26.42	32.08	96.9	26.30	32.08	98.1
12/07/2018 10:30:40 AM	3614200240	1013.00	26.45	32.08	96.7	26.58	32.08	95.5	26.41	32.08	97.0	26.30	32.08	98.1
12/07/2018 10:30:41 AM	3614200241	1013.00	26.44	32.09	96.7	26.59	32.09	95.3	26.43	32.09	96.8	26.30	32.09	98.1
12/07/2018 10:30:42 AM	3614200242	1013.00	26.47	32.09	96.5	26.57	32.09	95.5	26.42	32.09	96.9	26.28	32.09	98.2
12/07/2018 10:30:43 AM	3614200243	1013.00	26.50	32.09	96.2	26.61	32.09	95.2	26.41	32.09	97.0	26.30	32.09	98.1
12/07/2018 10:30:44 AM	3614200244	1013.00	26.48	32.09	96.4	26.59	32.09	95.3	26.42	32.09	96.9	26.29	32.09	98.1
12/07/2018 10:30:45 AM	3614200245	1013.00	26.48	32.09	96.4	26.58	32.09	95.4	26.44	32.09	96.7	26.30	32.09	98.1
12/07/2018 10:30:46 AM	3614200246	1013.00	26.48	32.09	96.4	26.55	32.09	95.7	26.45	32.09	96.6	26.30	32.09	98.1
12/07/2018 10:30:47 AM	3614200247	1013.00	26.49	32.09	96.3	26.61	32.09	95.2	26.43	32.09	96.8	26.31	32.09	98.0
12/07/2018 10:30:48 AM	3614200248	1013.00	26.48	32.09	96.4	26.62	32.09	95.1	26.46	32.09	96.5	26.33	32.09	97.8
12/07/2018 10:30:49 AM	3614200249	1013.00	26.50	32.09	96.2	26.60	32.09	95.3	26.46	32.09	96.5	26.34	32.09	97.7
12/07/2018 10:30:50 AM	3614200250	1013.00	26.51	32.09	96.1	26.62	32.09	95.1	26.48	32.09	96.4	26.33	32.09	97.8
12/07/2018 10:30:51 AM	3614200251	1013.00	26.52	32.09	96.0	26.64	32.09	94.9	26.48	32.09	96.4	26.32	32.09	97.9
12/07/2018 10:30:52 AM	3614200252	1013.00	26.52	32.08	96.0	26.62	32.08	95.1	26.50	32.08	96.2	26.33	32.08	97.8
12/07/2018 10:30:53 AM	3614200253	1013.00	26.51	32.08	96.1	26.66	32.08	94.7	26.49	32.08	96.3	26.33	32.08	97.8
12/07/2018 10:30:54 AM	3614200254	1013.00	26.52	32.09	96.0	26.70	32.09	94.3	26.50	32.09	96.2	26.33	32.09	97.8
12/07/2018 10:30:55 AM	3614200255	1013.00	26.55	32.08	95.7	26.66	32.08	94.7	26.51	32.08	96.1	26.36	32.08	97.5
12/07/2018 10:30:56 AM	3614200256	1013.00	26.56	32.08	95.6	26.67	32.08	94.6	26.53	32.08	95.9	26.31	32.08	98.0
12/07/2018 10:30:57 AM	3614200257	1013.00	26.56	32.08	95.6	26.69	32.08	94.5	26.50	32.08	96.2	26.34	32.08	97.7
12/07/2018 10:30:58 AM	3614200258	1013.00	26.61	32.08	95.2	26.70	32.08	94.4	26.52	32.08	96.0	26.35	32.08	97.6
12/07/2018 10:30:59 AM	3614200259	1013.00	26.53	32.07	95.9	26.68	32.07	94.6	26.51	32.07	96.1	26.35	32.07	97.6
12/07/2018 10:31:00 AM	3614200260	1013.00	26.57	32.08	95.5	26.68	32.08	94.5	26.53	32.08	95.9	26.35	32.08	97.6
12/07/2018 10:31:01 AM	3614200261	1013.00	26.59	32.07	95.4	26.69	32.07	94.5	26.53	32.07	95.9	26.38	32.07	97.3
12/07/2018 10:31:02 AM	3614200262	1013.00	26.60	32.08	95.3	26.73	32.08	94.1	26.55	32.08	95.7	26.38	32.08	97.3
12/07/2018 10:31:03 AM	3614200263	1013.00	26.62	32.07	95.1	26.74	32.07	94.0	26.53	32.07	95.9	26.35	32.07	97.6
12/07/2018 10:31:04 AM	3614200264	1013.00	26.65	32.08	94.8	26.69	32.08	94.5	26.54	32.08	95.8	26.38	32.08	97.3
12/07/2018 10:31:05 AM	3614200265	1013.00	26.64	32.08	94.9	26.69	32.08	94.5	26.53	32.08	95.9	26.37	32.08	97.4
12/07/2018 10:31:06 AM	3614200266	1013.00	26.67	32.08	94.6	26.75	32.08	93.9	26.56	32.08	95.6	26.38	32.08	97.3
12/07/2018 10:31:07 AM	3614200267	1013.00	26.62	32.07	95.1	26.73	32.07	94.1	26.53	32.07	95.9	26.37	32.07	97.4
12/07/2018 10:31:08 AM	3614200268	1013.00	26.64	32.07	94.9	26.73	32.07	94.1	26.57	32.07	95.6	26.38	32.07	97.3
12/07/2018 10:31:09 AM	3614200269	1013.00	26.62	32.07	95.1	26.76	32.07	93.8	26.56	32.07	95.7	26.38	32.07	97.3
12/07/2018 10:31:10 AM	3614200270	1013.00	26.66	32.07	94.7	26.68	32.07	94.6	26.57	32.07	95.6	26.41	32.07	97.0
12/07/2018 10:31:11 AM	3614200271	1013.00	26.65	32.06	94.8	26.76	32.06	93.9	26.53	32.06	95.9	26.40	32.06	97.2
12/07/2018 10:31:12 AM	3614200272	1013.00	26.72	32.07	94.2	26.81	32.07	93.4	26.57	32.07	95.6	26.38	32.07	97.3
12/07/2018 10:31:13 AM	3614200273	1013.00	26.66	32.07	94.7	26.73	32.07	94.1	26.58	32.07	95.5	26.41	32.07	97.0
12/07/2018 10:31:14 AM	3614200274	1013.00	26.67	32.08	94.6	26.73	32.08	94.1	26.57	32.08	95.5	26.39	32.08	97.2
12/07/2018 10:31:15 AM	3614200275	1013.00	26.69	32.08	94.5	26.76	32.08	93.8	26.56	32.08	95.6	26.42	32.08	96.9
12/07/2018 10:31:16 AM	3614200276	1013.00	26.69	32.08	94.5	26.78	32.08	93.6	26.55	32.08	95.7	26.42	32.08	96.9
12/07/2018 10:31:17 AM	3614200277	1013.00	26.70	32.07	94.4	26.77	32.07	93.7	26.54	32.07	95.8	26.41	32.07	97.0
12/07/2018 10:31:18 AM	3614200278	1013.00	26.69	32.07	94.5	26.76	32.07	93.8	26.58	32.07	95.5	26.42	32.07	97.0
12/07/2018 10:31:19 AM	3614200279	1013.00	26.70	32.07	94.4	26.80	32.07	93.5	26.53	32.07	95.9	26.43	32.07	96.9
12/07/2018 10:31:20 AM	3614200280	1013.00	26.68	32.07	94.6	26.79	32.07	93.6	26.56	32.07	95.7	26.41	32.07	97.0
12/07/2018 10:31:21 AM	3614200281	1013.00	26.69	32.07	94.5	26.77	32.07	93.7	26.54	32.07	95.8	26.43	32.07	96.9
12/07/2018 10:31:22 AM	3614200282	1013.00	26.70	32.07	94.4	26.79	32.07	93.6	26.56	32.07	95.7	26.42	32.07	97.0
12/07/2018 10:31:23 AM	3614200283	1013.00	26.70	32.07	94.4	26.79	32.07	93.6	26.56	32.07	95.7	26.42	32.07	97.0
12/07/2018 10:31:24 AM	3614200284	1013.00	26.70	32.07	94.4	26.75	32.07	93.9	26.57	32.07	95.6	26.44	32.07	96.8
12/07/2018 10:31:25 AM	3614200285	1013.00	26.72	32.08	94.2	26.80	32.08	93.5	26.55	32.08	95.7	26.44	32.08	96.8
12/07/2018 10:31:26 AM	3614200286	1013.00	26.74	32.07	94.0	26.83	32.07	93.2	26.59	32.07	95.4	26.45	32.07	96.7
12/07/2018 10:31:27 AM	3614200287	1013.00	26.70	32.07	94.4	26.83	32.07	93.2	26.56	32.07	95.7	26.42	32.07	97.0
12/07/2018 10:31:28 AM	3614200288	1013.00	26.77	32.07	93.7	26.84	32.07	93.1	26.61	32.07	95.2	26.43	32.07	96.9
12/07/2018 10:31:29 AM	3614200289	1013.00	26.74	32.07	94.0	26.84	32.07	93.1	26.57	32.07	95.6	26.46	32.07	96.6
12/07/2018 10:31:30 AM	3614200290	1013.00	26.73	32.08	94.1	26.86	32.08	92.9	26.58	32.08	95.5	26.47	32.08	96.5
12/07/2018 10:31:31 AM	3614200291	1013.00	26.74	32.08	94.0	26.81	32.08	93.4	26.60	32.08	95.3	26.46	32.08	96.6
12/07/2018 10:31:32 AM	3614200292	1013.00	26.74	32.08	94.0	26.81	32.08	93.4	26.59	32.08	95.4	26.46	32.08	96.6
12/07/2018 10:31:33 AM	3614200293	1013.00	26.74	32.08	94.0	26.82	32.08	93.3	26.60	32.08	95.3	26.46	32.08	96.6
12/07/2018 10:31:34 AM	3614200294	1013.00	26.76	32.08	93.8	26.82	32.08	93.3	26.59	32.08	95.4	26.49	32.08	96.3
12/07/2018 10:31:35 AM	3614200295	1013.00	26.79	32.08	93.6	26.84	32.08	93.1	26.58	32.08	95.5	26.46	32.08	96.6
12/07/2018 10:31:36 AM	3614200296	1013.00	26.79	32.08	93.6	26.84	32.08	93.1	26.59	32.08	95.4	26.45	32.08	96.7
12/07/2018 10:31:37 AM	3614200297	1013.00	26.77	32.08	93.7	26.85	32.08	93.0	26.60	32.08	95.3	26.47	32.08	96.5
12/07/2018 10:31:38 AM	3614200298	1013.00	26.77	32.08	93.7	26.83	32.08	93.2	26.56	32.08	95.6	26.48	32.08	96.4
12/07/2018 10:31:39 AM	3614200299	1013.00	26.81	32.07	93.4	26.83	32.07	93.2	26.61	32.07	95.2	26.49	32.07	96.3
12/07/2018 10:31:40 AM	3614200300	1013.00	26.78	32.08	93.6	26.84	32.08	93.1	26.59	32.08	95.4	26.49	32.08	96.3
12/07/2018 10:31:41 AM	3614200301	1013.00	26.76	32.07	93.8	26.86	32.07	92.9	26.57	32.07	95.6	26.50	32.07	96.2
12/07/2018 10:31:42 AM	3614200302	1013.00	26.77	32.07	93.7	26.87	32.07	92.9	26.58	32.07	95.5	26.49	32.07	96.3
12/07/2018 10:31:43 AM	3614200303	1013.00	26.79	32.08	93.6	26.89	32.08	92.7	26.63	32.08	95.0	26.49	32.08	96.3
12/07/2018 10:31:44 AM	3614200304	1013.00	26.78	32.08	93.6	26.90	32.08	92.6	26.60	32.08	95.3	26.54	32.08	95.8
12/07/2018 10:31:45 AM	3614200305	1013.00	26.81	32.08	93.4	26.92	32.08	92.4	26.63	32.08	95.0	26.50	32.08	96.2
12/07/2018 10:31:46 AM	3614200306	1013.00	26.78	32.08	93.6	26.91	32.08	92.5	26.59	32.08	95.4	26.51	32.08	96.1
12/07/2018 10:31:47 AM	3614200307	1013.00	26.80	32.08	93.5	26.83	32.08	93.2	26.63	32.08	95.0	26.50	32.08	96.2
12/07/2018 10:31:48 AM	3614200308	1013.00	26.84	32.08	93.1	26.86	32.08	92.9	26.61	32.08	95.2	26.52	32.08	96.0
12/07/2018 10:31:49 AM	3614200309	1013.00	26.83	32.08	93.2	26.86	32.08	92.9	26.62	32.08	95.1	26.51	32.08	96.1
12/07/2018 10:31:50 AM	3614200310	1013.00	26.81	32.07	93.4	26.91	32.07	92.5	26.62	32.07	95.1	26.54	32.07	95.8
12/07/2018 10:31:51 AM	3614200311	1013.00	26.81	32.08	93.4	26.93	32.08	92.3	26.61	32.08	95.2	26.53	32.08	95.9
12/07/2018 10:31:52 AM	3614200312	1013.00	26.82	32.08	93.3	26.90	32.08	92.6	26.61	32.08	95.2	26.52	32.08	96.0
12/07/2018 10:31:53 AM	3614200313	1013.00	26.86	32.08	92.9	26.92	32.08	92.4	26.64	32.08	94.9	26.54	32.08	95.8
12/07/2018 10:31:54 AM	3614200314	1013.00	26.85	32.08	93.0	26.88	32.08	92.8	26.60	32.08	95.3	26.51	32.08	96.1
12/07/2018 10:31:55 AM	3614200315	1013.00	26.87	32.08	92.8	26.89	32.08	92.7	26.62	32.08	95.1	26.57	32.08	95.5
12/07/2018 10:31:56 AM	3614200316	1013.00	26.84	32.08	93.1	26.90	32.08	92.6	26.61	32.08	95.2	26.53	32.08	95.9
12/07/2018 10:31:57 AM	3614200317	1013.00	26.88	32.08	92.8	26.94	32.08	92.2	26.64	32.08	94.9	26.54	32.08	95.8
12/07/2018 10:31:58 AM	3614200318	1013.00	26.88	32.07	92.8	26.90	32.07	92.6	26.64	32.07	94.9	26.57	32.07	95.6
12/07/2018 10:31:59 AM	3614200319	1013.00	26.93	32.07	92.3	26.93	32.07	92.3	26.67	32.07	94.7	26.56	32.07	95.7
12/07/2018 10:32:00 AM	3614200320	1013.00	26.89	32.08	92.7	26.97	32.08	92.0	26.66	32.08	94.7	26.58	32.08	95.5
12/07/2018 10:32:01 AM	3614200321	1013.00	26.95	32.08	92.1	26.97	32.08	92.0	26.65	32.08	94.8	26.58	32.08	95.5
12/07/2018 10:32:02 AM	3614200322	1013.00	26.92	32.08	92.4	26.93	32.08	92.3	26.67	32.08	94.6	26.59	32.08	95.4
12/07/2018 10:32:03 AM	3614200323	1013.00	26.94	32.08	92.2	26.93	32.08	92.3	26.67	32.08	94.6	26.58	32.08	95.5
12/07/2018 10:32:04 AM	3614200324	1013.00	26.94	32.08	92.2	27.04	32.08	91.4	26.65	32.08	94.8	26.57	32.08	95.5
12/07/2018 10:32:05 AM	3614200325	1013.00	26.93	32.08	92.3	26.99	32.08	91.8	26.65	32.08	94.8	26.58	32.08	95.5
12/07/2018 10:32:06 AM	3614200326	1013.00	26.93	32.08	92.3	26.95	32.08	92.1	26.65	32.08	94.8	26.59	32.08	95.4
12/07/2018 10:32:07 AM	3614200327	1013.00	26.98	32.08	91.9	26.99	32.08	91.8	26.67	32.08	94.6	26.58	32.08	95.5
12/07/2018 10:32:08 AM	3614200328	1013.00	26.96	32.08	92.0	26.99	32.08	91.8	26.70	32.08	94.4	26.59	32.08	95.4
12/07/2018 10:32:09 AM	3614200329	1013.00	26.95	32.08	92.1	26.97	32.08	92.0	26.69	32.08	94.5	26.60	32.08	95.3
12/07/2018 10:32:10 AM	3614200330	1013.00	26.94	32.08	92.2	27.02	32.08	91.5	26.68	32.08	94.5	26.61	32.08	95.2
12/07/2018 10:32:11 AM	3614200331	1013.00	26.95	32.08	92.1	27.06	32.08	91.2	26.69	32.08	94.5	26.60	32.08	95.3
12/07/2018 10:32:12 AM	3614200332	1013.00	26.95	32.08	92.1	27.04	32.08	91.4	26.74	32.08	94.0	26.61	32.08	95.2
12/07/2018 10:32:13 AM	3614200333	1013.00	26.95	32.08	92.1	26.98	32.08	91.9	26.72	32.08	94.2	26.63	32.08	95.0
12/07/2018 10:32:14 AM	3614200334	1013.00	26.94	32.08	92.2	27.00	32.08	91.7	26.71	32.08	94.3	26.60	32.08	95.3
12/07/2018 10:32:15 AM	3614200335	1013.00	27.01	32.08	91.6	27.03	32.08	91.4	26.71	32.08	94.3	26.62	32.08	95.1
12/07/2018 10:32:16 AM	3614200336	1013.00	27.00	32.08	91.7	27.01	32.08	91.6	26.75	32.08	93.9	26.63	32.08	95.0
12/07/2018 10:32:17 AM	3614200337	1013.00	26.97	32.08	92.0	27.02	32.08	91.5	26.72	32.08	94.2	26.61	32.08	95.2
12/07/2018 10:32:18 AM	3614200338	1013.00	26.97	32.07	92.0	27.04	32.07	91.4	26.74	32.07	94.0	26.63	32.07	95.0
12/07/2018 10:32:19 AM	3614200339	1013.00	26.95	32.07	92.2	27.04	32.07	91.4	26.72	32.07	94.2	26.63	32.07	95.0
12/07/2018 10:32:20 AM	3614200340	1013.00	26.98	32.08	91.9	27.03	32.08	91.4	26.75	32.08	93.9	26.64	32.08	94.9
12/07/2018 10:32:21 AM	3614200341	1013.00	27.01	32.08	91.6	26.99	32.08	91.8	26.75	32.08	93.9	26.63	32.08	95.0
12/07/2018 10:32:22 AM	3614200342	1013.00	26.98	32.08	91.9	27.03	32.08	91.4	26.73	32.08	94.1	26.62	32.08	95.1
12/07/2018 10:32:23 AM	3614200343	1013.00	26.99	32.07	91.8	26.98	32.07	91.9	26.75	32.07	93.9	26.64	32.07	94.9
12/07/2018 10:32:24 AM	3614200344	1013.00	26.99	32.07	91.8	27.03	32.07	91.5	26.73	32.07	94.1	26.66	32.07	94.7
12/07/2018 10:32:25 AM	3614200345	1013.00	26.95	32.07	92.2	27.06	32.07	91.2	26.75	32.07	93.9	26.67	32.07	94.7
12/07/2018 10:32:26 AM	3614200346	1013.00	27.01	32.07	91.6	27.06	32.07	91.2	26.77	32.07	93.7	26.65	32.07	94.8
12/07/2018 10:32:27 AM	3614200347	1013.00	26.99	32.07	91.8	27.09	32.07	90.9	26.75	32.07	93.9	26.67	32.07	94.7
12/07/2018 10:32:28 AM	3614200348	1013.00	27.02	32.07	91.5	27.03	32.07	91.5	26.75	32.07	93.9	26.66	32.07	94.7
12/07/2018 10:32:29 AM	3614200349	1013.00	27.03	32.07	91.5	27.05	32.07	91.3	26.75	32.07	93.9	26.66	32.07	94.7
12/07/2018 10:32:30 AM	3614200350	1013.00	27.04	32.07	91.4	27.04	32.07	91.4	26.73	32.07	94.1	26.66	32.07	94.7
12/07/2018 10:32:31 AM	3614200351	1013.00	27.08	32.07	91.0	27.08	32.07	91.0	26.77	32.07	93.7	26.66	32.07	94.7
12/07/2018 10:32:32 AM	3614200352	1013.00	27.05	32.07	91.3	27.08	32.07	91.0	26.75	32.07	93.9	26.67	32.07	94.7
12/07/2018 10:32:33 AM	3614200353	1013.00	27.03	32.07	91.5	27.09	32.07	90.9	26.76	32.07	93.8	26.68	32.07	94.6
12/07/2018 10:32:34 AM	3614200354	1013.00	27.05	32.07	91.3	27.10	32.07	90.8	26.78	32.07	93.7	26.68	32.07	94.6
12/07/2018 10:32:35 AM	3614200355	1013.00	27.09	32.08	90.9	27.05	32.08	91.3	26.78	32.08	93.6	26.71	32.08	94.3
12/07/2018 10:32:36 AM	3614200356	1013.00	27.08	32.08	91.0	27.06	32.08	91.2	26.77	32.08	93.7	26.67	32.08	94.6
12/07/2018 10:32:37 AM	3614200357	1013.00	27.05	32.07	91.3	27.12	32.07	90.7	26.77	32.07	93.7	26.72	32.07	94.2
12/07/2018 10:32:38 AM	3614200358	1013.00	27.06	32.07	91.2	27.09	32.07	90.9	26.74	32.07	94.0	26.72	32.07	94.2
12/07/2018 10:32:39 AM	3614200359	1013.00	27.04	32.07	91.4	27.14	32.07	90.5	26.76	32.07	93.8	26.72	32.07	94.2
12/07/2018 10:32:40 AM	3614200360	1013.00	27.08	32.07	91.0	27.10	32.07	90.8	26.78	32.07	93.7	26.71	32.07	94.3
12/07/2018 10:32:41 AM	3614200361	1013.00	27.07	32.07	91.1	27.11	32.07	90.8	26.77	32.07	93.7	26.72	32.07	94.2
12/07/2018 10:32:42 AM	3614200362	1013.00	27.08	32.07	91.0	27.14	32.07	90.5	26.78	32.07	93.7	26.71	32.07	94.3
12/07/2018 10:32:43 AM	3614200363	1013.00	27.13	32.07	90.6	27.15	32.07	90.4	26.79	32.07	93.6	26.72	32.07	94.2
12/07/2018 10:32:44 AM	3614200364	1013.00	27.12	32.07	90.7	27.14	32.07	90.5	26.81	32.07	93.4	26.72	32.07	94.2
12/07/2018 10:32:45 AM	3614200365	1013.00	27.09	32.07	90.9	27.09	32.07	90.9	26.75	32.07	93.9	26.72	32.07	94.2
12/07/2018 10:32:46 AM	3614200366	1013.00	27.12	32.07	90.7	27.14	32.07	90.5	26.81	32.07	93.4	26.74	32.07	94.0
12/07/2018 10:32:47 AM	3614200367	1013.00	27.11	32.07	90.8	27.14	32.07	90.5	26.80	32.07	93.5	26.74	32.07	94.0
12/07/2018 10:32:48 AM	3614200368	1013.00	27.14	32.07	90.5	27.15	32.07	90.4	26.78	32.07	93.7	26.73	32.07	94.1
12/07/2018 10:32:49 AM	3614200369	1013.00	27.11	32.06	90.8	27.17	32.06	90.3	26.81	32.06	93.4	26.75	32.06	93.9
12/07/2018 10:32:50 AM	3614200370	1013.00	27.16	32.06	90.3	27.14	32.06	90.5	26.84	32.06	93.1	26.76	32.06	93.9
12/07/2018 10:32:51 AM	3614200371	1013.00	27.12	32.06	90.7	27.17	32.06	90.3	26.82	32.06	93.3	26.76	32.06	93.9
12/07/2018 10:32:52 AM	3614200372	1013.00	27.16	32.06	90.3	27.17	32.06	90.3	26.85	32.06	93.1	26.74	32.06	94.0
12/07/2018 10:32:53 AM	3614200373	1013.00	27.19	32.06	90.1	27.18	32.06	90.2	26.86	32.06	93.0	26.77	32.06	93.8
12/07/2018 10:32:54 AM	3614200374	1013.00	27.14	32.06	90.5	27.19	32.06	90.1	26.85	32.06	93.1	26.77	32.06	93.8
12/07/2018 10:32:55 AM	3614200375	1013.00	27.21	32.06	89.9	27.24	32.06	89.7	26.87	32.06	92.9	26.76	32.06	93.9
12/07/2018 10:32:56 AM	3614200376	1013.00	27.17	32.06	90.3	27.19	32.06	90.1	26.88	32.06	92.8	26.80	32.06	93.5
12/07/2018 10:32:57 AM	3614200377	1013.00	27.18	32.06	90.2	27.17	32.06	90.3	26.88	32.06	92.8	26.77	32.06	93.8
12/07/2018 10:32:58 AM	3614200378	1013.00	27.18	32.06	90.2	27.23	32.06	89.7	26.86	32.06	93.0	26.78	32.06	93.7
12/07/2018 10:32:59 AM	3614200379	1013.00	27.21	32.06	89.9	27.21	32.06	89.9	26.87	32.06	92.9	26.77	32.06	93.8
12/07/2018 10:33:00 AM	3614200380	1013.00	27.22	32.06	89.8	27.20	32.06	90.0	26.88	32.06	92.8	26.79	32.06	93.6
12/07/2018 10:33:01 AM	3614200381	1013.00	27.22	32.06	89.8	27.24	32.06	89.7	26.88	32.06	92.8	26.79	32.06	93.6
12/07/2018 10:33:02 AM	3614200382	1013.00	27.26	32.06	89.5	27.21	32.06	89.9	26.87	32.06	92.9	26.81	32.06	93.4
12/07/2018 10:33:03 AM	3614200383	1013.00	27.22	32.06	89.8	27.28	32.06	89.3	26.88	32.06	92.8	26.84	32.06	93.1
12/07/2018 10:33:04 AM	3614200384	1013.00	27.26	32.06	89.5	27.24	32.06	89.7	26.88	32.06	92.8	26.80	32.06	93.5
12/07/2018 10:33:05 AM	3614200385	1013.00	27.29	32.06	89.2	27.24	32.06	89.7	26.87	32.06	92.9	26.80	32.06	93.5
12/07/2018 10:33:06 AM	3614200386	1013.00	27.26	32.06	89.5	27.22	32.06	89.8	26.91	32.06	92.5	26.83	32.06	93.2
12/07/2018 10:33:07 AM	3614200387	1013.00	27.26	32.07	89.5	27.23	32.07	89.7	26.89	32.07	92.7	26.84	32.07	93.1
12/07/2018 10:33:08 AM	3614200388	1013.00	27.26	32.06	89.5	27.21	32.06	89.9	26.90	32.06	92.6	26.86	32.06	93.0
12/07/2018 10:33:09 AM	3614200389	1013.00	27.29	32.06	89.2	27.22	32.06	89.8	26.91	32.06	92.5	26.82	32.06	93.3
12/07/2018 10:33:10 AM	3614200390	1013.00	27.31	32.06	89.1	27.22	32.06	89.8	26.93	32.06	92.3	26.84	32.06	93.1
12/07/2018 10:33:11 AM	3614200391	1013.00	27.30	32.06	89.2	27.29	32.06	89.2	26.89	32.06	92.7	26.82	32.06	93.3
12/07/2018 10:33:12 AM	3614200392	1013.00	27.32	32.06	89.0	27.26	32.06	89.5	26.91	32.06	92.5	26.83	32.06	93.2
12/07/2018 10:33:13 AM	3614200393	1013.00	27.33	32.07	88.9	27.22	32.07	89.8	26.90	32.07	92.6	26.85	32.07	93.0
12/07/2018 10:33:14 AM	3614200394	1013.00	27.32	32.07	89.0	27.28	32.07	89.3	26.91	32.07	92.5	26.86	32.07	92.9
12/07/2018 10:33:15 AM	3614200395	1013.00	27.33	32.06	88.9	27.26	32.06	89.5	26.93	32.06	92.3	26.87	32.06	92.9
12/07/2018 10:33:16 AM	3614200396	1013.00	27.28	32.06	89.3	27.27	32.06	89.4	26.92	32.06	92.4	26.86	32.06	93.0
12/07/2018 10:33:17 AM	3614200397	1013.00	27.31	32.06	89.1	27.32	32.06	89.0	26.93	32.06	92.3	26.84	32.06	93.1
12/07/2018 10:33:18 AM	3614200398	1013.00	27.36	32.06	88.7	27.27	32.06	89.4	26.91	32.06	92.5	26.86	32.06	93.0
12/07/2018 10:33:19 AM	3614200399	1013.00	27.35	32.06	88.7	27.28	32.06	89.3	26.93	32.06	92.3	26.88	32.06	92.8
12/07/2018 10:33:20 AM	3614200400	1013.00	27.38	32.06	88.5	27.30	32.06	89.2	26.92	32.06	92.4	26.85	32.06	93.1
12/07/2018 10:33:21 AM	3614200401	1013.00	27.36	32.06	88.7	27.27	32.06	89.4	26.91	32.06	92.5	26.88	32.06	92.8
12/07/2018 10:33:22 AM	3614200402	1013.00	27.36	32.06	88.7	27.34	32.06	88.8	26.93	32.06	92.3	26.90	32.06	92.6
12/07/2018 10:33:23 AM	3614200403	1013.00	27.33	32.06	88.9	27.33	32.06	88.9	26.93	32.06	92.3	26.86	32.06	93.0
12/07/2018 10:33:24 AM	3614200404	1013.00	27.39	32.06	88.4	27.27	32.06	89.4	26.92	32.06	92.4	26.84	32.06	93.1
12/07/2018 10:33:25 AM	3614200405	1013.00	27.36	32.05	88.7	27.39	32.05	88.4	26.94	32.05	92.3	26.88	32.05	92.8
12/07/2018 10:33:26 AM	3614200406	1013.00	27.37	32.05	88.6	27.34	32.05	88.8	26.94	32.05	92.3	26.88	32.05	92.8
12/07/2018 10:33:27 AM	3614200407	1013.00	27.38	32.06	88.5	27.31	32.06	89.1	26.94	32.06	92.3	26.86	32.06	93.0
12/07/2018 10:33:28 AM	3614200408	1013.00	27.39	32.05	88.4	27.30	32.05	89.2	26.93	32.05	92.4	26.88	32.05	92.8
12/07/2018 10:33:29 AM	3614200409	1013.00	27.44	32.06	88.0	27.36	32.06	88.7	26.94	32.06	92.3	26.92	32.06	92.4
12/07/2018 10:33:30 AM	3614200410	1013.00	27.45	32.06	87.9	27.35	32.06	88.7	26.97	32.06	92.0	26.87	32.06	92.9
12/07/2018 10:33:31 AM	3614200411	1013.00	27.38	32.06	88.5	27.34	32.06	88.8	26.95	32.06	92.2	26.89	32.06	92.7
12/07/2018 10:33:32 AM	3614200412	1013.00	27.41	32.06	88.2	27.32	32.06	89.0	26.95	32.06	92.2	26.89	32.06	92.7
12/07/2018 10:33:33 AM	3614200413	1013.00	27.42	32.05	88.2	27.37	32.05	88.6	26.96	32.05	92.1	26.92	32.05	92.4
12/07/2018 10:33:34 AM	3614200414	1013.00	27.46	32.05	87.8	27.36	32.05	88.7	27.01	32.05	91.7	26.92	32.05	92.4
12/07/2018 10:33:35 AM	3614200415	1013.00	27.48	32.05	87.7	27.37	32.05	88.6	27.01	32.05	91.7	26.91	32.05	92.5
12/07/2018 10:33:36 AM	3614200416	1013.00	27.44	32.05	88.0	27.36	32.05	88.7	26.97	32.05	92.0	26.92	32.05	92.4
12/07/2018 10:33:37 AM	3614200417	1013.00	27.42	32.05	88.2	27.40	32.05	88.3	27.00	32.05	91.7	26.92	32.05	92.4
12/07/2018 10:33:38 AM	3614200418	1013.00	27.44	32.05	88.0	27.44	32.05	88.0	26.98	32.05	91.9	26.94	32.05	92.3
12/07/2018 10:33:39 AM	3614200419	1013.00	27.47	32.05	87.8	27.42	32.05	88.2	26.99	32.05	91.8	26.91	32.05	92.5
12/07/2018 10:33:40 AM	3614200420	1013.00	27.49	32.06	87.6	27.39	32.06	88.4	27.00	32.06	91.7	26.92	32.06	92.4
12/07/2018 10:33:41 AM	3614200421	1013.00	27.48	32.05	87.7	27.47	32.05	87.8	27.02	32.05	91.6	26.96	32.05	92.1
12/07/2018 10:33:42 AM	3614200422	1013.00	27.47	32.06	87.7	27.39	32.06	88.4	26.99	32.06	91.8	26.96	32.06	92.1
12/07/2018 10:33:43 AM	3614200423	1013.00	27.50	32.06	87.5	27.47	32.06	87.7	27.01	32.06	91.6	26.96	32.06	92.1
12/07/2018 10:33:44 AM	3614200424	1013.00	27.48	32.06	87.7	27.43	32.06	88.1	27.02	32.06	91.6	26.96	32.06	92.1
12/07/2018 10:33:45 AM	3614200425	1013.00	27.54	32.06	87.2	27.43	32.06	88.1	27.02	32.06	91.6	26.95	32.06	92.2
12/07/2018 10:33:46 AM	3614200426	1013.00	27.49	32.05	87.6	27.50	32.05	87.5	27.05	32.05	91.3	26.98	32.05	91.9
12/07/2018 10:33:47 AM	3614200427	1013.00	27.48	32.05	87.7	27.41	32.05	88.3	27.02	32.05	91.6	26.97	32.05	92.0
12/07/2018 10:33:48 AM	3614200428	1013.00	27.50	32.05	87.5	27.47	32.05	87.8	27.02	32.05	91.6	26.99	32.05	91.8
12/07/2018 10:33:49 AM	3614200429	1013.00	27.51	32.05	87.4	27.47	32.05	87.8	27.04	32.05	91.4	26.99	32.05	91.8
12/07/2018 10:33:50 AM	3614200430	1013.00	27.51	32.05	87.4	27.49	32.05	87.6	27.02	32.05	91.6	27.00	32.05	91.7
12/07/2018 10:33:51 AM	3614200431	1013.00	27.52	32.04	87.4	27.48	32.04	87.7	27.04	32.04	91.4	27.02	32.04	91.6
12/07/2018 10:33:52 AM	3614200432	1013.00	27.51	32.04	87.4	27.44	32.04	88.0	27.03	32.04	91.5	27.03	32.04	91.5
12/07/2018 10:33:53 AM	3614200433	1013.00	27.55	32.05	87.1	27.49	32.05	87.6	27.06	32.05	91.2	27.00	32.05	91.7
12/07/2018 10:33:54 AM	3614200434	1013.00	27.54	32.05	87.2	27.46	32.05	87.8	27.09	32.05	91.0	27.04	32.05	91.4
12/07/2018 10:33:55 AM	3614200435	1013.00	27.61	32.05	86.6	27.45	32.05	87.9	27.06	32.05	91.2	27.03	32.05	91.5
12/07/2018 10:33:56 AM	3614200436	1013.00	27.59	32.05	86.8	27.50	32.05	87.5	27.07	32.05	91.1	27.01	32.05	91.7
12/07/2018 10:33:57 AM	3614200437	1013.00	27.57	32.06	86.9	27.50	32.06	87.5	27.05	32.06	91.3	27.03	32.06	91.5
12/07/2018 10:33:58 AM	3614200438	1013.00	27.58	32.05	86.8	27.50	32.05	87.5	27.06	32.05	91.2	27.05	32.05	91.3
12/07/2018 10:33:59 AM	3614200439	1013.00	27.58	32.05	86.8	27.52	32.05	87.3	27.09	32.05	91.0	27.05	32.05	91.3
12/07/2018 10:34:00 AM	3614200440	1013.00	27.56	32.05	87.0	27.49	32.05	87.6	27.08	32.05	91.0	27.05	32.05	91.3
12/07/2018 10:34:01 AM	3614200441	1013.00	27.61	32.05	86.6	27.48	32.05	87.7	27.07	32.05	91.1	27.08	32.05	91.0
12/07/2018 10:34:02 AM	3614200442	1013.00	27.56	32.05	87.0	27.52	32.05	87.3	27.10	32.05	90.9	27.05	32.05	91.3
12/07/2018 10:34:03 AM	3614200443	1013.00	27.61	32.04	86.6	27.56	32.04	87.0	27.08	32.04	91.1	27.08	32.04	91.1
12/07/2018 10:34:04 AM	3614200444	1013.00	27.60	32.04	86.7	27.55	32.04	87.1	27.10	32.04	90.9	27.06	32.04	91.2
12/07/2018 10:34:05 AM	3614200445	1013.00	27.57	32.04	86.9	27.56	32.04	87.0	27.07	32.04	91.2	27.07	32.04	91.2
12/07/2018 10:34:06 AM	3614200446	1013.00	27.64	32.04	86.4	27.58	32.04	86.9	27.09	32.04	91.0	27.07	32.04	91.2
12/07/2018 10:34:07 AM	3614200447	1013.00	27.64	32.03	86.4	27.53	32.03	87.3	27.13	32.03	90.6	27.07	32.03	91.2
12/07/2018 10:34:08 AM	3614200448	1013.00	27.63	32.04	86.5	27.55	32.04	87.1	27.11	32.04	90.8	27.09	32.04	91.0
12/07/2018 10:34:09 AM	3614200449	1013.00	27.62	32.04	86.5	27.54	32.04	87.2	27.08	32.04	91.1	27.11	32.04	90.8
12/07/2018 10:34:10 AM	3614200450	1013.00	27.62	32.04	86.5	27.52	32.04	87.4	27.10	32.04	90.9	27.08	32.04	91.1
12/07/2018 10:34:11 AM	3614200451	1013.00	27.66	32.05	86.2	27.56	32.05	87.0	27.12	32.05	90.7	27.09	32.05	91.0
12/07/2018 10:34:12 AM	3614200452	1013.00	27.66	32.05	86.2	27.58	32.05	86.8	27.11	32.05	90.8	27.12	32.05	90.7
12/07/2018 10:34:13 AM	3614200453	1013.00	27.63	32.05	86.4	27.51	32.05	87.4	27.11	32.05	90.8	27.09	32.05	91.0
12/07/2018 10:34:14 AM	3614200454	1013.00	27.67	32.05	86.1	27.55	32.05	87.1	27.12	32.05	90.7	27.11	32.05	90.8
12/07/2018 10:34:15 AM	3614200455	1013.00	27.67	32.05	86.1	27.56	32.05	87.0	27.14	32.05	90.5	27.14	32.05	90.5
12/07/2018 10:34:16 AM	3614200456	1013.00	27.69	32.05	86.0	27.53	32.05	87.3	27.15	32.05	90.4	27.12	32.05	90.7
12/07/2018 10:34:17 AM	3614200457	1013.00	27.70	32.04	85.9	27.56	32.04	87.0	27.14	32.04	90.5	27.10	32.04	90.9
12/07/2018 10:34:18 AM	3614200458	1013.00	27.69	32.05	86.0	27.57	32.05	86.9	27.15	32.05	90.4	27.11	32.05	90.8
12/07/2018 10:34:19 AM	3614200459	1013.00	27.73	32.05	85.6	27.53	32.05	87.3	27.14	32.05	90.5	27.14	32.05	90.5
12/07/2018 10:34:20 AM	3614200460	1013.00	27.67	32.05	86.1	27.57	32.05	86.9	27.15	32.05	90.4	27.13	32.05	90.6
12/07/2018 10:34:21 AM	3614200461	1013.00	27.72	32.05	85.7	27.59	32.05	86.8	27.17	32.05	90.3	27.12	32.05	90.7
12/07/2018 10:34:22 AM	3614200462	1013.00	27.72	32.05	85.7	27.58	32.05	86.8	27.15	32.05	90.4	27.14	32.05	90.5
12/07/2018 10:34:23 AM	3614200463	1013.00	27.75	32.05	85.5	27.54	32.05	87.2	27.15	32.05	90.4	27.13	32.05	90.6
12/07/2018 10:34:24 AM	3614200464	1013.00	27.68	32.05	86.0	27.58	32.05	86.8	27.17	32.05	90.3	27.16	32.05	90.4
12/07/2018 10:34:25 AM	3614200465	1013.00	27.71	32.04	85.8	27.58	32.04	86.9	27.16	32.04	90.4	27.13	32.04	90.6
12/07/2018 10:34:26 AM	3614200466	1013.00	27.72	32.05	85.7	27.61	32.05	86.6	27.19	32.05	90.1	27.15	32.05	90.4
12/07/2018 10:34:27 AM	3614200467	1013.00	27.76	32.04	85.4	27.63	32.04	86.5	27.17	32.04	90.3	27.16	32.04	90.4
12/07/2018 10:34:28 AM	3614200468	1013.00	27.72	32.04	85.7	27.60	32.04	86.7	27.17	32.04	90.3	27.15	32.04	90.5
12/07/2018 10:34:29 AM	3614200469	1013.00	27.75	32.04	85.5	27.57	32.04	86.9	27.19	32.04	90.1	27.14	32.04	90.5
12/07/2018 10:34:30 AM	3614200470	1013.00	27.78	32.04	85.3	27.60	32.04	86.7	27.22	32.04	89.9	27.17	32.04	90.3
12/07/2018 10:34:31 AM	3614200471	1013.00	27.78	32.04	85.3	27.61	32.04	86.6	27.22	32.04	89.9	27.17	32.04	90.3
12/07/2018 10:34:32 AM	3614200472	1013.00	27.80	32.05	85.1	27.64	32.05	86.4	27.21	32.05	89.9	27.20	32.05	90.0
12/07/2018 10:34:33 AM	3614200473	1013.00	27.77	32.05	85.3	27.64	32.05	86.4	27.21	32.05	89.9	27.18	32.05	90.2
12/07/2018 10:34:34 AM	3614200474	1013.00	27.75	32.05	85.5	27.64	32.05	86.4	27.24	32.05	89.7	27.18	32.05	90.2
12/07/2018 10:34:35 AM	3614200475	1013.00	27.78	32.06	85.2	27.65	32.06	86.3	27.23	32.06	89.7	27.18	32.06	90.2
12/07/2018 10:34:36 AM	3614200476	1013.00	27.79	32.06	85.1	27.58	32.06	86.8	27.26	32.06	89.5	27.18	32.06	90.2
12/07/2018 10:34:37 AM	3614200477	1013.00	27.82	32.05	84.9	27.62	32.05	86.5	27.24	32.05	89.7	27.19	32.05	90.1
12/07/2018 10:34:38 AM	3614200478	1013.00	27.86	32.05	84.6	27.68	32.05	86.0	27.27	32.05	89.4	27.18	32.05	90.2
12/07/2018 10:34:39 AM	3614200479	1013.00	27.83	32.05	84.8	27.67	32.05	86.1	27.29	32.05	89.3	27.20	32.05	90.0
12/07/2018 10:34:40 AM	3614200480	1013.00	27.89	32.04	84.4	27.62	32.04	86.5	27.25	32.04	89.6	27.19	32.04	90.1
12/07/2018 10:34:41 AM	3614200481	1013.00	27.86	32.04	84.6	27.57	32.04	86.9	27.28	32.04	89.4	27.21	32.04	89.9
12/07/2018 10:34:42 AM	3614200482	1013.00	27.87	32.04	84.5	27.65	32.04	86.3	27.26	32.04	89.5	27.21	32.04	89.9
12/07/2018 10:34:43 AM	3614200483	1013.00	27.91	32.04	84.2	27.69	32.04	86.0	27.29	32.04	89.3	27.20	32.04	90.0
12/07/2018 10:34:44 AM	3614200484	1013.00	27.91	32.04	84.2	27.66	32.04	86.2	27.30	32.04	89.2	27.19	32.04	90.1
12/07/2018 10:34:45 AM	3614200485	1013.00	27.90	32.05	84.3	27.62	32.05	86.5	27.31	32.05	89.1	27.19	32.05	90.1
12/07/2018 10:34:46 AM	3614200486	1013.00	27.91	32.04	84.2	27.65	32.04	86.3	27.34	32.04	88.8	27.23	32.04	89.8
12/07/2018 10:34:47 AM	3614200487	1013.00	27.89	32.04	84.4	27.70	32.04	85.9	27.32	32.04	89.0	27.22	32.04	89.9
12/07/2018 10:34:48 AM	3614200488	1013.00	27.91	32.04	84.2	27.72	32.04	85.7	27.34	32.04	88.8	27.24	32.04	89.7
12/07/2018 10:34:49 AM	3614200489	1013.00	27.91	32.05	84.2	27.70	32.05	85.9	27.35	32.05	88.8	27.23	32.05	89.8
12/07/2018 10:34:50 AM	3614200490	1013.00	27.91	32.05	84.2	27.64	32.05	86.4	27.34	32.05	88.8	27.24	32.05	89.7
12/07/2018 10:34:51 AM	3614200491	1013.00	27.95	32.04	83.9	27.68	32.04	86.1	27.38	32.04	88.5	27.26	32.04	89.5
12/07/2018 10:34:52 AM	3614200492	1013.00	27.96	32.04	83.8	27.70	32.04	85.9	27.34	32.04	88.8	27.24	32.04	89.7
12/07/2018 10:34:53 AM	3614200493	1013.00	27.96	32.05	83.8	27.69	32.05	86.0	27.38	32.05	88.5	27.26	32.05	89.5
12/07/2018 10:34:54 AM	3614200494	1013.00	27.98	32.04	83.7	27.69	32.04	86.0	27.36	32.04	88.7	27.24	32.04	89.7
12/07/2018 10:34:55 AM	3614200495	1013.00	27.99	32.04	83.6	27.70	32.04	85.9	27.37	32.04	88.6	27.28	32.04	89.4
12/07/2018 10:34:56 AM	3614200496	1013.00	27.98	32.04	83.7	27.72	32.04	85.7	27.39	32.04	88.4	27.26	32.04	89.5
12/07/2018 10:34:57 AM	3614200497	1013.00	27.98	32.04	83.7	27.76	32.04	85.4	27.39	32.04	88.4	27.27	32.04	89.4
12/07/2018 10:34:58 AM	3614200498	1013.00	27.98	32.04	83.7	27.71	32.04	85.8	27.39	32.04	88.4	27.27	32.04	89.4
12/07/2018 10:34:59 AM	3614200499	1013.00	27.97	32.04	83.8	27.73	32.04	85.7	27.39	32.04	88.4	27.27	32.04	89.4
12/07/2018 10:35:00 AM	3614200500	1013.00	28.00	32.04	83.5	27.75	32.04	85.5	27.37	32.04	88.6	27.28	32.04	89.4
12/07/2018 10:35:01 AM	3614200501	1013.00	27.98	32.04	83.7	27.77	32.04	85.3	27.38	32.04	88.5	27.29	32.04	89.3
12/07/2018 10:35:02 AM	3614200502	1013.00	27.99	32.04	83.6	27.77	32.04	85.3	27.40	32.04	88.3	27.31	32.04	89.1
12/07/2018 10:35:03 AM	3614200503	1013.00	28.02	32.04	83.4	27.76	32.04	85.4	27.38	32.04	88.5	27.30	32.04	89.2
12/07/2018 10:35:04 AM	3614200504	1013.00	28.03	32.04	83.3	27.73	32.04	85.7	27.40	32.04	88.3	27.31	32.04	89.1
12/07/2018 10:35:05 AM	3614200505	1013.00	28.00	32.04	83.5	27.75	32.04	85.5	27.40	32.04	88.3	27.31	32.04	89.1
12/07/2018 10:35:06 AM	3614200506	1013.00	28.02	32.04	83.4	27.75	32.04	85.5	27.42	32.04	88.2	27.29	32.04	89.3
12/07/2018 10:35:07 AM	3614200507	1013.00	28.02	32.04	83.4	27.78	32.04	85.3	27.41	32.04	88.3	27.35	32.04	88.8
12/07/2018 10:35:08 AM	3614200508	1013.00	28.05	32.04	83.1	27.79	32.04	85.2	27.39	32.04	88.4	27.35	32.04	88.8
12/07/2018 10:35:09 AM	3614200509	1013.00	28.04	32.04	83.2	27.79	32.04	85.2	27.43	32.04	88.1	27.33	32.04	88.9
12/07/2018 10:35:10 AM	3614200510	1013.00	28.06	32.05	83.0	27.76	32.05	85.4	27.41	32.05	88.3	27.35	32.05	88.8
12/07/2018 10:35:11 AM	3614200511	1013.00	28.05	32.05	83.1	27.81	32.05	85.0	27.42	32.05	88.2	27.34	32.05	88.8
12/07/2018 10:35:12 AM	3614200512	1013.00	28.09	32.05	82.8	27.77	32.05	85.3	27.39	32.05	88.4	27.36	32.05	88.7
12/07/2018 10:35:13 AM	3614200513	1013.00	28.11	32.05	82.7	27.80	32.05	85.1	27.41	32.05	88.3	27.35	32.05	88.8
12/07/2018 10:35:14 AM	3614200514	1013.00	28.09	32.05	82.8	27.80	32.05	85.1	27.44	32.05	88.0	27.34	32.05	88.8
12/07/2018 10:35:15 AM	3614200515	1013.00	28.09	32.05	82.8	27.76	32.05	85.4	27.40	32.05	88.3	27.37	32.05	88.6
12/07/2018 10:35:16 AM	3614200516	1013.00	28.10	32.04	82.7	27.77	32.04	85.3	27.45	32.04	87.9	27.37	32.04	88.6
12/07/2018 10:35:17 AM	3614200517	1013.00	28.15	32.04	82.4	27.79	32.04	85.2	27.43	32.04	88.1	27.38	32.04	88.5
12/07/2018 10:35:18 AM	3614200518	1013.00	28.09	32.04	82.8	27.86	32.04	84.6	27.42	32.04	88.2	27.35	32.04	88.8
12/07/2018 10:35:19 AM	3614200519	1013.00	28.18	32.04	82.1	27.83	32.04	84.9	27.43	32.04	88.1	27.36	32.04	88.7
12/07/2018 10:35:20 AM	3614200520	1013.00	28.17	32.04	82.2	27.84	32.04	84.8	27.45	32.04	87.9	27.39	32.04	88.4
12/07/2018 10:35:21 AM	3614200521	1013.00	28.17	32.04	82.2	27.82	32.04	84.9	27.44	32.04	88.0	27.37	32.04	88.6
12/07/2018 10:35:22 AM	3614200522	1013.00	28.16	32.04	82.3	27.90	32.04	84.3	27.46	32.04	87.8	27.38	32.04	88.5
12/07/2018 10:35:23 AM	3614200523	1013.00	28.22	32.04	81.8	27.89	32.04	84.4	27.46	32.04	87.8	27.40	32.04	88.3
12/07/2018 10:35:24 AM	3614200524	1013.00	28.18	32.03	82.1	27.82	32.03	84.9	27.45	32.03	87.9	27.38	32.03	88.5
12/07/2018 10:35:25 AM	3614200525	1013.00	28.19	32.04	82.1	27.86	32.04	84.6	27.44	32.04	88.0	27.39	32.04	88.4
12/07/2018 10:35:26 AM	3614200526	1013.00	28.20	32.04	82.0	27.87	32.04	84.5	27.45	32.04	87.9	27.40	32.04	88.3
12/07/2018 10:35:27 AM	3614200527	1013.00	28.21	32.04	81.9	27.85	32.04	84.7	27.46	32.04	87.8	27.40	32.04	88.3
12/07/2018 10:35:28 AM	3614200528	1013.00	28.21	32.04	81.9	27.85	32.04	84.7	27.45	32.04	87.9	27.41	32.04	88.3
12/07/2018 10:35:29 AM	3614200529	1013.00	28.24	32.05	81.7	27.91	32.05	84.2	27.46	32.05	87.8	27.43	32.05	88.1
12/07/2018 10:35:30 AM	3614200530	1013.00	28.20	32.05	82.0	27.87	32.05	84.5	27.44	32.05	88.0	27.42	32.05	88.2
12/07/2018 10:35:31 AM	3614200531	1013.00	28.21	32.05	81.9	27.84	32.05	84.8	27.47	32.05	87.8	27.42	32.05	88.2
12/07/2018 10:35:32 AM	3614200532	1013.00	28.25	32.04	81.6	27.90	32.04	84.3	27.46	32.04	87.8	27.42	32.04	88.2
12/07/2018 10:35:33 AM	3614200533	1013.00	28.25	32.04	81.6	27.87	32.04	84.5	27.44	32.04	88.0	27.44	32.04	88.0
12/07/2018 10:35:34 AM	3614200534	1013.00	28.25	32.04	81.6	27.82	32.04	84.9	27.47	32.04	87.8	27.45	32.04	87.9
12/07/2018 10:35:35 AM	3614200535	1013.00	28.29	32.03	81.3	27.89	32.03	84.4	27.48	32.03	87.7	27.43	32.03	88.1
12/07/2018 10:35:36 AM	3614200536	1013.00	28.27	32.03	81.5	27.85	32.03	84.7	27.45	32.03	87.9	27.45	32.03	87.9
12/07/2018 10:35:37 AM	3614200537	1013.00	28.29	32.04	81.3	27.93	32.04	84.1	27.47	32.04	87.8	27.46	32.04	87.8
12/07/2018 10:35:38 AM	3614200538	1013.00	28.32	32.04	81.1	27.88	32.04	84.5	27.47	32.04	87.8	27.46	32.04	87.8
12/07/2018 10:35:39 AM	3614200539	1013.00	28.29	32.04	81.3	27.95	32.04	83.9	27.46	32.04	87.8	27.48	32.04	87.7
12/07/2018 10:35:40 AM	3614200540	1013.00	28.35	32.04	80.9	27.95	32.04	83.9	27.50	32.04	87.5	27.46	32.04	87.8
12/07/2018 10:35:41 AM	3614200541	1013.00	28.30	32.04	81.2	27.95	32.04	83.9	27.47	32.04	87.8	27.48	32.04	87.7
12/07/2018 10:35:42 AM	3614200542	1013.00	28.33	32.04	81.0	27.94	32.04	84.0	27.52	32.04	87.4	27.49	32.04	87.6
12/07/2018 10:35:43 AM	3614200543	1013.00	28.36	32.04	80.8	27.89	32.04	84.4	27.53	32.04	87.3	27.52	32.04	87.4
12/07/2018 10:35:44 AM	3614200544	1013.00	28.33	32.03	81.0	27.89	32.03	84.4	27.51	32.03	87.5	27.53	32.03	87.3
12/07/2018 10:35:45 AM	3614200545	1013.00	28.36	32.03	80.8	27.92	32.03	84.2	27.53	32.03	87.3	27.52	32.03	87.4
12/07/2018 10:35:46 AM	3614200546	1013.00	28.37	32.04	80.7	27.93	32.04	84.1	27.51	32.04	87.4	27.52	32.04	87.4
12/07/2018 10:35:47 AM	3614200547	1013.00	28.36	32.03	80.8	27.95	32.03	83.9	27.52	32.03	87.4	27.52	32.03	87.4
12/07/2018 10:35:48 AM	3614200548	1013.00	28.36	32.03	80.8	27.93	32.03	84.1	27.55	32.03	87.1	27.52	32.03	87.4
12/07/2018 10:35:49 AM	3614200549	1013.00	28.38	32.04	80.6	27.99	32.04	83.6	27.55	32.04	87.1	27.52	32.04	87.4
12/07/2018 10:35:50 AM	3614200550	1013.00	28.37	32.05	80.7	27.94	32.05	84.0	27.54	32.05	87.2	27.55	32.05	87.1
12/07/2018 10:35:51 AM	3614200551	1013.00	28.43	32.05	80.2	27.97	32.05	83.7	27.53	32.05	87.3	27.53	32.05	87.3
12/07/2018 10:35:52 AM	3614200552	1013.00	28.44	32.05	80.2	27.94	32.05	84.0	27.53	32.05	87.3	27.55	32.05	87.1
12/07/2018 10:35:53 AM	3614200553	1013.00	28.43	32.05	80.2	27.94	32.05	84.0	27.55	32.05	87.1	27.55	32.05	87.1
12/07/2018 10:35:54 AM	3614200554	1013.00	28.41	32.05	80.4	27.97	32.05	83.7	27.54	32.05	87.2	27.58	32.05	86.8
12/07/2018 10:35:55 AM	3614200555	1013.00	28.40	32.05	80.5	28.00	32.05	83.5	27.55	32.05	87.1	27.55	32.05	87.1
12/07/2018 10:35:56 AM	3614200556	1013.00	28.42	32.04	80.3	27.98	32.04	83.7	27.53	32.04	87.3	27.57	32.04	86.9
12/07/2018 10:35:57 AM	3614200557	1013.00	28.44	32.05	80.2	28.04	32.05	83.2	27.54	32.05	87.2	27.57	32.05	86.9
